10 16 1
10 16 1
10 16 1
10 16 1
10 16 1
10 17 1
10 17 1
10 17 1
10 17 1
10 17 1
10 17 1
10 17 1
10 17 1
10 17 1
10 17 1
10 17 1
10 17 1
10 17 1
10 17 1
10 17 1
10 17 1
10 17 1
10 17 1
10 17 1
10 17 1
10 17 1
10 17 1
10 17 1
10 17 1
10 17 1
10 17 1
10 17 1
10 17 1
10 17 1
10 17 1
10 17 1
10 17 1
10 17 1
10 17 1
10 17 1
10 17 1
10 17 1
10 17 1
10 17 1
10 17 1
10 17 1
10 17 1
10 17 1
10 17 1
10 17 1
10 17 1
10 17 1
10 17 1
10 17 1
10 17 1
10 19 1
10 19 1
10 19 1
10 19 1
10 19 1
10 19 1
10 28 1
10 28 1
10 28 1
10 28 1
10 28 1
10 28 1
10 28 1
10 28 1
10 28 1
10 28 1
10 28 1
10 41 1
10 47 1
10 59 1
10 73 1
10 73 1
10 73 1
10 73 1
10 73 1
10 73 1
10 73 1
10 73 1
10 73 1
10 73 1
10 73 1
10 73 1
10 73 1
10 73 1
10 73 1
10 73 1
10 73 1
10 73 1
10 73 1
10 73 1
10 73 1
10 73 1
10 73 1
10 73 1
10 73 1
10 73 1
10 73 1
10 73 1
10 73 1
10 73 1
10 73 1
10 73 1
10 73 1
10 73 1
10 73 1
10 73 1
10 73 1
10 78 1
1 10 1
1 10 1
1 11 1
1 11 1
1 11 1
11 14 1
11 14 1
11 16 1
11 16 1
1 12 1
1 12 1
1 12 1
1 12 1
1 12 1
1 12 1
1 12 1
1 12 1
1 12 1
1 12 1
1 12 1
1 12 1
1 12 1
1 12 1
1 12 1
1 12 1
1 12 1
1 12 1
1 12 1
1 12 1
1 12 1
1 12 1
1 12 1
1 12 1
1 12 1
1 12 1
11 28 1
1 13 1
1 13 1
1 13 1
1 13 1
1 13 1
1 13 1
1 13 1
1 13 1
1 13 1
1 13 1
1 13 1
1 16 1
1 19 1
1 19 1
1 19 1
1 19 1
1 19 1
1 19 1
1 2 1
1 2 1
1 2 1
1 2 1
1 2 1
1 2 1
1 2 1
1 2 1
1 2 1
1 2 1
1 2 1
1 2 1
1 2 1
1 2 1
1 2 1
1 2 1
1 2 1
1 2 1
1 2 1
1 2 1
1 2 1
1 2 1
1 2 1
1 2 1
1 2 1
1 2 1
1 2 1
1 2 1
1 2 1
1 2 1
1 2 1
1 2 1
1 2 1
1 2 1
1 2 1
1 2 1
1 2 1
1 2 1
1 2 1
1 2 1
1 2 1
1 2 1
1 2 1
1 2 1
1 2 1
1 2 1
1 2 1
1 2 1
1 2 1
1 2 1
1 2 1
1 2 1
1 2 1
1 2 1
1 2 1
1 2 1
1 2 1
1 2 1
1 2 1
1 2 1
1 2 1
1 2 1
1 2 1
1 2 1
1 2 1
1 2 1
1 2 1
1 2 1
1 2 1
1 2 1
1 2 1
1 2 1
1 2 1
1 2 1
1 2 1
1 2 1
1 2 1
1 2 1
1 2 1
1 2 1
1 2 1
1 2 1
1 2 1
1 2 1
1 2 1
1 2 1
1 2 1
1 2 1
1 2 1
1 2 1
1 2 1
1 2 1
1 2 1
1 2 1
1 2 1
1 2 1
1 2 1
1 2 1
1 2 1
1 2 1
1 2 1
1 2 1
1 2 1
1 2 1
1 2 1
1 2 1
1 2 1
1 2 1
1 2 1
1 2 1
1 2 1
1 2 1
1 2 1
1 2 1
1 2 1
1 2 1
1 2 1
1 2 1
1 2 1
1 2 1
1 2 1
1 2 1
1 2 1
1 2 1
1 2 1
1 2 1
1 2 1
1 2 1
1 2 1
1 2 1
1 2 1
1 2 1
1 2 1
1 2 1
1 2 1
1 2 1
1 2 1
1 2 1
1 2 1
1 2 1
1 2 1
1 2 1
1 2 1
1 2 1
1 2 1
1 2 1
1 2 1
1 2 1
1 2 1
1 2 1
1 2 1
1 2 1
1 2 1
1 2 1
1 2 1
1 2 1
1 2 1
1 2 1
1 2 1
1 2 1
1 2 1
1 2 1
1 2 1
1 2 1
1 2 1
1 2 1
1 2 1
1 2 1
1 2 1
1 2 1
1 2 1
1 2 1
1 2 1
1 2 1
1 2 1
1 2 1
1 2 1
1 2 1
1 2 1
1 2 1
1 2 1
1 2 1
1 2 1
1 2 1
1 2 1
1 2 1
1 2 1
1 2 1
1 2 1
1 2 1
1 2 1
1 2 1
1 2 1
1 2 1
1 2 1
1 2 1
1 2 1
1 2 1
1 2 1
1 2 1
1 2 1
1 2 1
1 2 1
1 2 1
1 2 1
1 2 1
1 2 1
1 2 1
1 2 1
1 2 1
1 2 1
1 2 1
1 2 1
1 2 1
1 2 1
1 2 1
1 2 1
1 2 1
1 2 1
1 2 1
1 2 1
12 13 1
12 13 1
12 13 1
12 13 1
12 13 1
12 13 1
12 13 1
12 13 1
12 13 1
12 13 1
12 15 1
12 16 1
12 16 1
12 16 1
12 17 1
12 26 1
12 26 1
12 26 1
12 26 1
12 26 1
12 26 1
12 26 1
12 26 1
12 26 1
12 26 1
12 26 1
12 26 1
12 26 1
12 44 1
12 45 1
12 47 1
12 57 1
12 60 1
12 61 1
1 26 1
1 26 1
1 26 1
1 26 1
1 26 1
1 26 1
1 26 1
1 26 1
1 26 1
1 26 1
1 26 1
1 26 1
1 26 1
1 26 1
1 26 1
1 26 1
1 26 1
1 26 1
1 26 1
1 26 1
1 26 1
1 26 1
1 26 1
1 26 1
1 26 1
1 26 1
1 26 1
1 26 1
1 26 1
1 26 1
1 26 1
1 26 1
1 26 1
1 26 1
1 26 1
1 26 1
1 26 1
1 26 1
1 26 1
1 26 1
1 26 1
1 26 1
1 26 1
1 26 1
1 26 1
1 26 1
1 26 1
1 26 1
1 26 1
1 26 1
12 66 1
12 66 1
12 68 1
12 68 1
12 68 1
12 68 1
12 68 1
12 68 1
12 68 1
12 68 1
12 68 1
12 68 1
12 69 1
12 69 1
12 69 1
12 69 1
12 69 1
12 78 1
12 78 1
12 78 1
12 78 1
12 78 1
12 78 1
12 78 1
12 78 1
12 78 1
12 78 1
12 78 1
12 78 1
12 78 1
12 78 1
12 78 1
12 78 1
12 78 1
12 78 1
12 78 1
12 78 1
12 78 1
12 78 1
12 78 1
12 78 1
12 78 1
12 78 1
12 78 1
12 78 1
12 78 1
12 78 1
12 78 1
12 78 1
12 78 1
12 78 1
12 78 1
12 78 1
12 78 1
12 78 1
12 78 1
12 78 1
12 78 1
12 78 1
12 78 1
12 78 1
12 78 1
12 78 1
12 78 1
12 78 1
12 78 1
12 78 1
12 78 1
12 78 1
12 78 1
12 78 1
12 78 1
12 78 1
12 78 1
12 78 1
12 78 1
12 78 1
12 78 1
12 78 1
12 78 1
12 78 1
12 78 1
12 78 1
12 78 1
12 78 1
12 78 1
12 78 1
12 78 1
12 78 1
12 78 1
12 78 1
12 78 1
12 78 1
12 78 1
12 78 1
12 78 1
12 78 1
12 78 1
12 78 1
12 78 1
12 78 1
12 78 1
12 78 1
12 78 1
12 78 1
12 78 1
12 78 1
12 78 1
12 78 1
12 78 1
12 78 1
12 78 1
12 78 1
12 78 1
12 78 1
12 78 1
12 78 1
12 78 1
12 81 1
12 81 1
12 82 1
1 31 1
1 3 1
1 3 1
1 3 1
1 3 1
1 3 1
1 3 1
1 3 1
1 3 1
1 3 1
1 3 1
1 3 1
1 3 1
1 3 1
1 3 1
1 3 1
1 3 1
1 3 1
1 3 1
1 3 1
1 3 1
1 3 1
1 3 1
1 3 1
1 3 1
1 3 1
1 3 1
1 3 1
1 3 1
1 3 1
1 3 1
1 3 1
1 3 1
1 3 1
1 3 1
1 3 1
1 3 1
1 3 1
1 3 1
1 3 1
1 3 1
1 3 1
1 3 1
1 3 1
1 3 1
13 17 1
13 19 1
13 19 1
13 19 1
13 19 1
13 19 1
13 19 1
13 19 1
13 19 1
13 19 1
13 19 1
13 19 1
13 19 1
13 19 1
1 34 1
13 43 1
13 43 1
13 43 1
13 43 1
13 44 1
13 44 1
13 44 1
13 44 1
13 45 1
13 45 1
13 45 1
13 45 1
13 45 1
13 45 1
13 45 1
13 46 1
1 35 1
1 35 1
1 35 1
1 35 1
1 35 1
1 35 1
13 66 1
13 66 1
13 66 1
13 66 1
13 68 1
13 68 1
13 69 1
13 75 1
13 75 1
13 75 1
13 75 1
13 78 1
13 78 1
13 78 1
13 78 1
13 78 1
13 78 1
13 78 1
13 78 1
13 78 1
13 78 1
13 78 1
13 78 1
1 39 1
1 39 1
1 40 1
1 4 1
1 4 1
1 4 1
1 4 1
1 4 1
1 4 1
1 4 1
1 4 1
1 4 1
1 4 1
1 4 1
1 4 1
1 4 1
1 4 1
1 4 1
1 4 1
1 4 1
1 4 1
1 4 1
1 4 1
1 4 1
1 4 1
1 4 1
1 4 1
1 4 1
1 4 1
1 4 1
1 4 1
1 4 1
1 4 1
1 4 1
14 17 1
14 17 1
14 18 1
14 19 1
1 42 1
1 42 1
1 42 1
14 23 1
14 23 1
14 26 1
14 31 1
14 31 1
14 31 1
1 43 1
1 43 1
14 34 1
14 35 1
14 35 1
14 35 1
14 35 1
14 35 1
14 35 1
14 35 1
14 35 1
14 35 1
14 35 1
14 35 1
14 35 1
14 35 1
14 35 1
14 35 1
14 35 1
14 35 1
14 35 1
14 35 1
14 35 1
14 35 1
14 35 1
14 35 1
14 35 1
14 35 1
14 35 1
14 35 1
14 35 1
14 35 1
14 35 1
14 35 1
14 35 1
14 35 1
14 35 1
14 35 1
14 35 1
14 35 1
14 35 1
14 35 1
14 35 1
14 35 1
14 35 1
14 35 1
14 35 1
14 35 1
14 35 1
14 35 1
14 35 1
14 35 1
14 35 1
14 35 1
14 35 1
14 35 1
14 35 1
14 35 1
14 35 1
14 35 1
1 44 1
1 44 1
1 44 1
1 44 1
1 45 1
1 45 1
1 45 1
14 57 1
1 46 1
14 63 1
14 63 1
14 63 1
14 63 1
14 63 1
14 63 1
14 63 1
14 63 1
1 47 1
1 47 1
1 47 1
1 47 1
14 78 1
14 78 1
14 78 1
14 78 1
1 48 1
1 48 1
1 48 1
1 49 1
1 49 1
1 49 1
1 49 1
15 23 1
15 28 1
15 44 1
15 47 1
1 57 1
1 57 1
1 57 1
15 78 1
1 61 1
1 61 1
1 6 1
1 6 1
1 6 1
1 6 1
1 6 1
1 6 1
1 6 1
16 17 1
16 17 1
16 17 1
16 17 1
16 17 1
16 17 1
16 17 1
16 17 1
16 17 1
16 17 1
16 17 1
16 17 1
16 17 1
16 17 1
16 17 1
16 17 1
16 17 1
16 17 1
16 17 1
16 17 1
16 17 1
16 19 1
1 62 1
1 62 1
1 62 1
1 62 1
1 62 1
1 62 1
1 62 1
16 24 1
16 28 1
16 28 1
1 63 1
16 35 1
16 40 1
1 65 1
1 65 1
1 65 1
1 65 1
1 65 1
16 52 1
16 52 1
16 52 1
16 52 1
16 61 1
16 61 1
16 61 1
16 61 1
16 61 1
16 61 1
16 73 1
16 73 1
16 73 1
16 73 1
1 7 1
1 7 1
17 24 1
17 28 1
1 73 1
1 73 1
17 46 1
17 56 1
17 61 1
17 61 1
1 76 1
1 76 1
1 76 1
1 76 1
1 76 1
1 76 1
1 76 1
1 76 1
1 76 1
1 76 1
17 73 1
17 73 1
17 73 1
17 73 1
17 73 1
17 73 1
17 73 1
17 73 1
17 73 1
17 73 1
17 73 1
17 73 1
17 73 1
17 73 1
17 73 1
17 73 1
17 73 1
17 73 1
17 73 1
17 73 1
17 73 1
17 73 1
17 73 1
17 73 1
17 73 1
17 73 1
17 73 1
17 73 1
17 73 1
17 73 1
17 73 1
17 73 1
17 73 1
17 73 1
17 73 1
17 73 1
17 73 1
17 73 1
17 73 1
17 74 1
1 78 1
1 78 1
1 78 1
1 78 1
1 78 1
1 78 1
1 78 1
1 78 1
1 78 1
1 78 1
1 78 1
1 78 1
1 78 1
1 78 1
1 78 1
1 78 1
1 78 1
1 78 1
1 78 1
1 78 1
1 78 1
1 78 1
1 78 1
1 78 1
1 78 1
1 78 1
1 78 1
1 78 1
1 78 1
1 78 1
1 78 1
1 78 1
1 78 1
1 78 1
1 78 1
1 78 1
1 78 1
1 78 1
1 78 1
1 78 1
1 78 1
1 78 1
1 78 1
1 78 1
1 78 1
1 78 1
1 78 1
1 78 1
1 78 1
1 78 1
1 8 1
1 8 1
1 8 1
1 8 1
1 8 1
1 8 1
1 8 1
1 8 1
18 19 1
18 19 1
18 19 1
18 19 1
18 19 1
18 19 1
18 19 1
18 19 1
18 19 1
18 19 1
18 19 1
18 39 1
18 41 1
18 53 1
18 54 1
18 60 1
18 80 1
1 9 1
1 9 1
19 22 1
19 22 1
19 35 1
19 35 1
19 35 1
19 35 1
19 35 1
19 35 1
19 35 1
19 35 1
19 39 1
19 39 1
19 41 1
19 41 1
19 42 1
19 43 1
19 43 1
19 43 1
19 43 1
19 43 1
19 44 1
19 44 1
19 44 1
19 44 1
19 44 1
19 44 1
19 44 1
19 44 1
19 44 1
19 44 1
19 44 1
19 44 1
19 44 1
19 44 1
19 44 1
19 45 1
19 47 1
19 54 1
19 57 1
19 63 1
19 63 1
19 64 1
19 66 1
19 67 1
19 73 1
19 73 1
19 73 1
19 73 1
19 73 1
19 73 1
19 73 1
19 73 1
19 73 1
19 73 1
19 73 1
19 73 1
19 73 1
19 75 1
19 75 1
19 75 1
19 75 1
19 75 1
19 75 1
19 75 1
19 75 1
19 75 1
19 75 1
19 78 1
19 78 1
19 78 1
19 78 1
19 78 1
19 78 1
19 78 1
19 78 1
19 78 1
2 10 1
2 12 1
2 12 1
2 12 1
2 12 1
2 13 1
2 13 1
2 13 1
2 13 1
21 32 1
21 39 1
21 41 1
21 41 1
21 41 1
21 41 1
21 41 1
2 14 1
21 44 1
21 76 1
21 78 1
2 18 1
2 19 1
22 32 1
22 38 1
22 41 1
22 42 1
22 42 1
22 42 1
22 64 1
2 3 1
2 3 1
2 3 1
2 3 1
2 3 1
2 3 1
2 3 1
2 3 1
2 3 1
2 3 1
2 3 1
2 3 1
2 3 1
2 3 1
2 3 1
2 3 1
2 3 1
2 3 1
2 3 1
2 3 1
2 3 1
2 3 1
2 3 1
2 3 1
2 3 1
2 3 1
2 3 1
2 3 1
2 3 1
2 3 1
2 3 1
2 3 1
23 28 1
23 28 1
23 28 1
23 28 1
23 28 1
23 28 1
23 28 1
23 28 1
23 28 1
23 28 1
23 28 1
23 28 1
23 28 1
23 28 1
23 28 1
23 28 1
23 28 1
23 28 1
23 28 1
2 33 1
2 33 1
2 33 1
2 33 1
23 38 1
23 41 1
23 48 1
23 50 1
23 54 1
23 54 1
23 54 1
23 54 1
23 54 1
23 54 1
23 54 1
23 54 1
23 54 1
23 54 1
23 54 1
23 54 1
23 54 1
23 54 1
23 54 1
23 54 1
23 54 1
23 54 1
23 54 1
23 54 1
23 54 1
23 54 1
23 54 1
23 54 1
23 54 1
23 54 1
23 54 1
23 54 1
23 54 1
23 54 1
23 54 1
23 54 1
23 54 1
23 54 1
23 54 1
23 54 1
23 54 1
23 54 1
23 54 1
23 54 1
23 72 1
23 72 1
23 72 1
23 72 1
23 72 1
23 72 1
23 72 1
23 72 1
23 72 1
23 72 1
23 72 1
23 72 1
23 72 1
23 72 1
23 72 1
23 72 1
23 72 1
23 72 1
23 72 1
23 72 1
23 72 1
23 72 1
23 72 1
23 72 1
23 72 1
23 72 1
23 72 1
23 72 1
23 72 1
23 72 1
23 72 1
23 72 1
23 72 1
23 72 1
23 72 1
23 72 1
23 72 1
23 72 1
23 72 1
23 72 1
23 72 1
23 72 1
23 72 1
23 72 1
23 72 1
23 72 1
23 72 1
23 72 1
23 72 1
23 72 1
23 72 1
23 72 1
23 72 1
23 72 1
23 72 1
23 72 1
23 72 1
23 72 1
23 72 1
23 72 1
23 72 1
23 72 1
23 72 1
23 72 1
23 72 1
23 72 1
23 72 1
23 72 1
23 72 1
23 72 1
23 72 1
23 72 1
23 78 1
2 40 1
2 4 1
2 4 1
2 4 1
2 4 1
2 4 1
2 4 1
2 4 1
2 4 1
2 4 1
2 4 1
2 4 1
24 25 1
24 27 1
24 50 1
24 50 1
24 50 1
24 50 1
24 50 1
24 50 1
24 51 1
24 51 1
24 51 1
2 45 1
24 52 1
24 52 1
24 52 1
24 52 1
24 52 1
24 52 1
24 52 1
24 52 1
24 52 1
24 52 1
24 52 1
24 52 1
24 52 1
24 52 1
24 52 1
24 52 1
24 52 1
24 52 1
24 52 1
24 52 1
24 60 1
2 46 1
2 46 1
2 46 1
2 46 1
2 46 1
24 77 1
24 78 1
2 49 1
2 49 1
25 27 1
25 27 1
25 27 1
25 27 1
25 27 1
25 27 1
25 27 1
25 27 1
25 27 1
25 27 1
25 27 1
25 27 1
25 27 1
25 27 1
25 27 1
25 27 1
25 27 1
25 27 1
25 27 1
25 27 1
25 27 1
25 27 1
25 27 1
25 27 1
25 27 1
25 27 1
25 27 1
25 27 1
2 6 1
2 6 1
2 6 1
2 6 1
2 6 1
2 6 1
2 6 1
2 6 1
26 32 1
2 65 1
2 65 1
2 65 1
2 65 1
2 65 1
2 65 1
2 65 1
2 65 1
2 65 1
2 65 1
2 65 1
2 65 1
2 65 1
2 65 1
2 65 1
2 65 1
2 65 1
2 65 1
26 66 1
26 66 1
26 78 1
26 78 1
26 78 1
26 78 1
26 78 1
26 78 1
26 78 1
26 78 1
26 78 1
26 78 1
26 78 1
26 78 1
26 78 1
26 78 1
26 78 1
26 78 1
26 78 1
26 78 1
26 78 1
26 78 1
26 78 1
26 78 1
26 78 1
26 78 1
26 78 1
26 78 1
26 78 1
26 78 1
26 78 1
26 78 1
26 78 1
26 78 1
26 78 1
2 70 1
2 70 1
2 70 1
2 70 1
2 71 1
27 28 1
27 28 1
2 75 1
2 75 1
2 76 1
2 76 1
2 77 1
2 77 1
2 78 1
2 8 1
2 8 1
2 8 1
28 29 1
28 29 1
28 40 1
28 40 1
28 54 1
28 72 1
28 72 1
28 72 1
28 72 1
28 72 1
28 72 1
28 72 1
28 72 1
28 72 1
28 72 1
28 72 1
28 72 1
28 72 1
28 72 1
28 72 1
28 72 1
28 72 1
28 72 1
28 72 1
28 72 1
28 72 1
28 72 1
28 72 1
28 72 1
28 72 1
28 72 1
28 72 1
28 72 1
28 72 1
28 72 1
28 72 1
28 72 1
28 72 1
28 72 1
28 72 1
28 72 1
28 72 1
28 72 1
28 72 1
28 72 1
28 72 1
28 72 1
28 72 1
28 72 1
28 72 1
28 72 1
28 72 1
28 72 1
28 72 1
28 72 1
28 72 1
28 72 1
28 72 1
2 9 1
2 9 1
2 9 1
2 9 1
29 52 1
29 52 1
29 52 1
29 52 1
29 52 1
29 52 1
29 52 1
29 72 1
29 78 1
30 49 1
30 59 1
30 78 1
30 78 1
30 78 1
3 10 1
3 10 1
3 10 1
3 11 1
3 11 1
3 11 1
3 11 1
3 12 1
3 12 1
31 50 1
3 15 1
3 15 1
31 53 1
31 56 1
31 57 1
3 16 1
3 16 1
3 16 1
31 63 1
31 63 1
31 63 1
31 63 1
31 63 1
31 63 1
31 63 1
31 63 1
31 63 1
3 17 1
3 17 1
31 78 1
3 19 1
3 19 1
3 20 1
3 20 1
3 20 1
3 20 1
3 21 1
3 22 1
3 22 1
32 36 1
3 24 1
3 24 1
3 24 1
3 24 1
3 24 1
3 24 1
3 25 1
3 25 1
3 25 1
32 54 1
32 54 1
32 54 1
32 54 1
32 54 1
32 54 1
3 26 1
3 26 1
3 26 1
3 26 1
32 71 1
3 27 1
3 27 1
3 27 1
3 28 1
3 28 1
3 28 1
3 28 1
3 30 1
3 30 1
3 30 1
3 30 1
3 30 1
3 30 1
3 30 1
3 31 1
3 31 1
3 31 1
3 31 1
3 32 1
3 33 1
3 33 1
3 33 1
33 41 1
3 34 1
3 34 1
3 35 1
33 64 1
3 37 1
3 37 1
3 37 1
3 38 1
3 38 1
3 38 1
3 39 1
3 40 1
3 41 1
3 41 1
3 4 1
3 4 1
3 4 1
3 4 1
3 4 1
3 4 1
3 4 1
3 4 1
3 4 1
3 4 1
3 4 1
3 4 1
3 4 1
3 4 1
3 4 1
3 4 1
3 4 1
3 4 1
3 4 1
3 4 1
3 4 1
3 4 1
3 4 1
3 4 1
3 4 1
3 4 1
3 4 1
3 4 1
3 4 1
3 4 1
3 4 1
3 4 1
3 4 1
3 4 1
3 4 1
3 4 1
3 4 1
3 4 1
3 4 1
3 4 1
3 4 1
3 4 1
3 4 1
3 4 1
3 4 1
3 4 1
3 4 1
3 4 1
3 4 1
3 4 1
3 4 1
3 4 1
3 4 1
3 4 1
3 4 1
3 4 1
3 4 1
3 4 1
3 4 1
3 4 1
3 4 1
3 4 1
3 4 1
3 4 1
3 4 1
3 4 1
3 4 1
3 4 1
3 4 1
3 4 1
3 4 1
3 4 1
3 4 1
3 4 1
3 4 1
3 4 1
3 42 1
3 42 1
3 42 1
3 42 1
3 42 1
34 45 1
34 45 1
34 49 1
3 45 1
3 45 1
3 45 1
3 45 1
34 56 1
34 56 1
34 69 1
3 47 1
3 47 1
3 47 1
3 47 1
3 47 1
3 47 1
34 78 1
34 78 1
34 78 1
34 78 1
3 49 1
3 49 1
3 49 1
3 49 1
3 49 1
3 49 1
3 49 1
3 49 1
3 49 1
3 49 1
3 49 1
3 49 1
3 49 1
3 49 1
3 49 1
3 5 1
3 5 1
3 52 1
3 52 1
3 52 1
3 53 1
35 39 1
35 39 1
35 40 1
35 40 1
35 40 1
35 40 1
35 40 1
35 40 1
35 40 1
35 40 1
35 40 1
35 41 1
35 45 1
35 45 1
35 48 1
35 48 1
35 48 1
35 48 1
35 48 1
35 48 1
35 49 1
35 57 1
35 58 1
35 59 1
3 56 1
3 56 1
35 63 1
35 63 1
35 63 1
35 63 1
35 63 1
35 63 1
35 64 1
35 64 1
35 64 1
35 64 1
35 64 1
35 64 1
35 64 1
35 64 1
35 64 1
35 64 1
35 64 1
35 64 1
35 64 1
35 64 1
3 57 1
3 57 1
3 57 1
3 57 1
3 57 1
3 57 1
3 57 1
35 78 1
35 78 1
35 78 1
3 58 1
3 58 1
3 59 1
3 59 1
3 59 1
3 59 1
3 60 1
3 60 1
3 60 1
3 61 1
3 61 1
3 6 1
3 6 1
3 6 1
3 6 1
3 6 1
3 6 1
3 6 1
3 62 1
3 62 1
3 62 1
3 62 1
3 62 1
3 62 1
3 63 1
3 63 1
3 63 1
3 63 1
36 43 1
3 65 1
3 65 1
3 65 1
3 65 1
3 65 1
3 65 1
36 57 1
36 57 1
36 57 1
3 66 1
36 65 1
36 65 1
3 67 1
3 68 1
3 69 1
3 70 1
3 70 1
3 71 1
3 71 1
3 71 1
3 7 1
3 7 1
3 7 1
3 72 1
3 72 1
3 72 1
3 74 1
37 57 1
3 76 1
3 76 1
3 76 1
3 76 1
3 76 1
3 76 1
3 76 1
3 76 1
3 76 1
37 67 1
37 67 1
37 79 1
3 78 1
3 78 1
3 78 1
3 78 1
3 78 1
3 78 1
3 78 1
3 78 1
3 78 1
3 8 1
3 8 1
3 8 1
3 82 1
3 82 1
3 82 1
3 82 1
3 84 1
3 84 1
3 84 1
3 84 1
38 48 1
3 85 1
38 53 1
38 54 1
38 54 1
38 65 1
38 75 1
3 9 1
3 9 1
3 9 1
3 9 1
3 9 1
3 9 1
3 9 1
3 9 1
3 9 1
3 9 1
3 9 1
3 9 1
3 9 1
3 9 1
3 9 1
3 9 1
3 9 1
3 9 1
39 43 1
39 53 1
39 53 1
39 53 1
39 59 1
39 60 1
39 75 1
39 78 1
39 78 1
39 78 1
40 53 1
40 53 1
40 55 1
40 56 1
40 56 1
40 56 1
40 56 1
40 56 1
4 10 1
4 10 1
4 10 1
4 11 1
4 11 1
4 11 1
4 11 1
4 11 1
4 11 1
4 11 1
4 11 1
4 11 1
4 11 1
4 11 1
4 11 1
4 11 1
4 11 1
4 11 1
4 11 1
4 11 1
4 11 1
4 11 1
4 11 1
4 11 1
4 11 1
4 11 1
4 12 1
4 12 1
4 13 1
4 14 1
4 14 1
4 14 1
4 14 1
41 43 1
4 16 1
4 16 1
4 16 1
4 16 1
4 16 1
4 16 1
4 16 1
4 17 1
4 17 1
4 18 1
4 18 1
4 20 1
4 20 1
4 21 1
4 21 1
4 21 1
4 21 1
4 21 1
4 21 1
4 21 1
4 21 1
4 21 1
4 22 1
4 22 1
4 22 1
4 23 1
4 24 1
4 24 1
4 24 1
4 24 1
4 24 1
42 43 1
42 43 1
4 25 1
4 25 1
4 25 1
4 25 1
4 25 1
42 54 1
42 54 1
42 58 1
42 58 1
42 58 1
42 58 1
4 26 1
42 70 1
4 27 1
4 27 1
4 27 1
4 27 1
4 27 1
4 28 1
4 28 1
4 28 1
4 29 1
4 29 1
4 30 1
4 30 1
4 30 1
4 30 1
4 30 1
4 31 1
4 31 1
4 31 1
4 31 1
4 31 1
4 32 1
4 32 1
4 32 1
4 33 1
4 33 1
4 33 1
4 34 1
4 34 1
4 34 1
4 34 1
43 44 1
43 44 1
43 44 1
43 44 1
43 44 1
43 44 1
43 44 1
43 44 1
43 44 1
43 44 1
43 44 1
43 44 1
43 44 1
43 44 1
43 44 1
43 44 1
43 44 1
43 44 1
43 44 1
43 44 1
43 44 1
43 44 1
43 44 1
43 44 1
43 44 1
43 44 1
43 45 1
43 45 1
43 45 1
43 45 1
43 45 1
43 45 1
43 45 1
43 45 1
43 45 1
43 45 1
43 45 1
43 45 1
43 45 1
43 45 1
43 45 1
43 45 1
43 45 1
43 48 1
43 48 1
4 35 1
4 35 1
4 35 1
4 35 1
4 35 1
4 35 1
4 35 1
4 35 1
4 35 1
4 35 1
4 35 1
4 35 1
4 35 1
4 36 1
4 36 1
43 64 1
43 65 1
43 65 1
43 65 1
43 65 1
43 66 1
43 69 1
43 69 1
43 69 1
43 69 1
43 69 1
43 69 1
43 69 1
43 69 1
43 69 1
4 37 1
4 37 1
4 37 1
4 37 1
4 37 1
4 37 1
4 38 1
4 38 1
4 39 1
4 39 1
4 39 1
4 39 1
4 40 1
4 40 1
4 41 1
4 41 1
4 41 1
4 41 1
4 42 1
4 42 1
4 43 1
4 44 1
4 44 1
44 45 1
44 45 1
44 45 1
44 45 1
44 45 1
44 45 1
44 45 1
44 45 1
44 45 1
44 45 1
44 45 1
44 47 1
44 49 1
4 45 1
4 45 1
4 45 1
4 46 1
4 46 1
44 69 1
44 69 1
44 69 1
44 69 1
44 69 1
44 69 1
44 69 1
4 47 1
4 47 1
4 47 1
4 47 1
4 47 1
4 47 1
4 47 1
4 47 1
4 47 1
4 47 1
4 47 1
4 47 1
4 47 1
4 47 1
4 47 1
4 47 1
4 47 1
4 47 1
4 47 1
4 47 1
4 47 1
4 47 1
4 47 1
4 47 1
4 47 1
4 47 1
4 47 1
4 47 1
4 47 1
4 47 1
4 47 1
4 47 1
4 47 1
4 47 1
4 47 1
4 47 1
4 47 1
4 47 1
4 47 1
4 47 1
44 75 1
44 75 1
44 75 1
44 75 1
44 75 1
44 75 1
44 75 1
44 75 1
44 75 1
44 75 1
44 80 1
44 80 1
4 48 1
4 48 1
4 49 1
4 49 1
4 50 1
4 51 1
4 52 1
4 53 1
4 54 1
4 54 1
4 54 1
4 54 1
45 46 1
45 46 1
45 49 1
4 56 1
45 69 1
45 69 1
45 69 1
45 69 1
45 69 1
45 69 1
45 69 1
45 69 1
45 69 1
45 69 1
45 69 1
45 69 1
45 69 1
45 69 1
45 69 1
45 75 1
45 75 1
45 75 1
45 75 1
45 78 1
45 78 1
45 78 1
45 78 1
45 78 1
4 6 1
4 6 1
4 6 1
4 62 1
4 62 1
4 62 1
4 62 1
4 62 1
4 62 1
4 62 1
4 62 1
4 62 1
4 62 1
4 62 1
4 62 1
4 62 1
4 62 1
4 62 1
4 62 1
4 62 1
4 62 1
4 62 1
4 62 1
4 62 1
4 62 1
4 62 1
4 62 1
46 54 1
4 66 1
4 66 1
4 66 1
4 66 1
4 66 1
4 66 1
4 66 1
4 66 1
4 66 1
4 66 1
4 66 1
4 66 1
4 66 1
4 66 1
4 66 1
4 66 1
4 66 1
4 66 1
4 66 1
4 66 1
4 66 1
4 66 1
4 66 1
4 66 1
4 66 1
4 66 1
4 66 1
46 67 1
46 67 1
46 67 1
46 67 1
46 67 1
46 69 1
46 69 1
46 69 1
46 69 1
46 69 1
46 71 1
46 71 1
46 71 1
46 71 1
46 71 1
46 71 1
46 71 1
46 71 1
4 67 1
4 67 1
46 78 1
46 78 1
46 78 1
46 78 1
46 78 1
46 78 1
46 78 1
46 78 1
46 79 1
46 79 1
46 84 1
46 84 1
46 84 1
46 84 1
46 84 1
46 84 1
46 84 1
46 84 1
46 84 1
46 84 1
46 84 1
46 84 1
46 84 1
46 84 1
46 84 1
4 7 1
4 7 1
4 7 1
4 7 1
4 7 1
4 7 1
4 7 1
4 7 1
47 48 1
47 48 1
47 48 1
47 48 1
47 48 1
47 48 1
47 48 1
47 48 1
47 62 1
47 62 1
47 62 1
47 62 1
47 62 1
47 62 1
47 62 1
47 62 1
47 62 1
47 62 1
47 62 1
47 62 1
47 62 1
47 62 1
47 62 1
47 62 1
47 62 1
47 62 1
47 62 1
47 66 1
47 78 1
47 82 1
47 82 1
4 81 1
4 81 1
4 8 1
4 8 1
4 8 1
4 8 1
4 8 1
4 8 1
4 8 1
4 8 1
4 8 1
4 8 1
4 8 1
4 8 1
4 82 1
4 82 1
4 82 1
4 82 1
4 82 1
4 82 1
4 82 1
4 82 1
4 82 1
4 82 1
4 82 1
4 82 1
4 82 1
4 82 1
4 82 1
4 82 1
4 82 1
4 82 1
4 82 1
4 82 1
4 82 1
4 82 1
4 82 1
4 82 1
4 82 1
4 82 1
4 82 1
4 82 1
4 82 1
4 82 1
4 82 1
4 82 1
4 82 1
4 82 1
4 82 1
4 82 1
4 82 1
4 82 1
4 82 1
48 62 1
48 65 1
48 66 1
48 66 1
48 66 1
48 66 1
48 66 1
48 66 1
48 66 1
48 66 1
48 66 1
48 66 1
48 66 1
48 66 1
48 66 1
48 66 1
48 66 1
48 66 1
48 66 1
48 66 1
48 66 1
48 66 1
48 66 1
48 66 1
48 66 1
48 66 1
48 66 1
48 66 1
48 66 1
48 66 1
48 66 1
48 66 1
48 66 1
48 66 1
48 66 1
48 66 1
48 66 1
48 66 1
48 66 1
48 66 1
48 66 1
4 9 1
4 9 1
4 9 1
4 9 1
4 9 1
4 9 1
4 9 1
4 9 1
4 9 1
4 9 1
49 60 1
49 63 1
49 64 1
49 73 1
49 84 1
50 52 1
50 52 1
50 52 1
50 52 1
50 52 1
50 52 1
50 52 1
50 52 1
50 52 1
50 52 1
50 52 1
50 52 1
50 52 1
50 52 1
50 52 1
5 10 1
5 10 1
5 10 1
5 10 1
51 52 1
51 52 1
51 52 1
51 58 1
5 16 1
51 78 1
5 19 1
5 23 1
5 23 1
5 23 1
5 23 1
52 78 1
5 28 1
5 28 1
5 28 1
5 28 1
5 28 1
5 28 1
5 28 1
5 28 1
5 28 1
5 28 1
5 28 1
5 28 1
5 28 1
5 28 1
5 28 1
5 28 1
5 28 1
5 28 1
5 28 1
5 28 1
5 28 1
5 28 1
5 28 1
5 28 1
5 28 1
5 28 1
5 28 1
5 28 1
5 28 1
5 28 1
5 28 1
5 28 1
5 28 1
5 28 1
5 28 1
5 28 1
5 28 1
5 28 1
5 28 1
5 28 1
5 28 1
5 28 1
5 28 1
53 55 1
53 55 1
53 55 1
53 55 1
53 55 1
53 55 1
53 55 1
53 55 1
53 55 1
53 55 1
53 55 1
53 55 1
53 55 1
53 55 1
53 55 1
53 55 1
53 55 1
53 55 1
53 55 1
53 55 1
53 55 1
53 55 1
53 55 1
53 55 1
53 55 1
53 55 1
53 55 1
53 55 1
53 55 1
53 55 1
53 55 1
53 55 1
53 55 1
53 55 1
53 55 1
53 71 1
5 40 1
54 57 1
54 57 1
54 57 1
54 65 1
54 68 1
54 72 1
54 72 1
54 72 1
54 72 1
54 72 1
54 72 1
54 72 1
54 72 1
54 72 1
54 72 1
54 72 1
54 72 1
54 72 1
54 72 1
54 72 1
54 72 1
54 72 1
54 72 1
54 72 1
54 72 1
54 72 1
54 72 1
54 72 1
54 72 1
54 72 1
54 72 1
54 72 1
54 72 1
54 72 1
54 72 1
54 72 1
54 72 1
54 72 1
54 72 1
54 72 1
54 72 1
54 72 1
54 72 1
54 72 1
54 72 1
54 72 1
54 72 1
54 72 1
54 72 1
54 72 1
54 72 1
54 72 1
54 72 1
54 72 1
54 72 1
54 72 1
54 72 1
54 72 1
54 72 1
54 72 1
54 72 1
54 72 1
54 72 1
54 72 1
54 72 1
54 72 1
54 79 1
5 55 1
55 65 1
55 78 1
55 78 1
55 83 1
56 79 1
5 72 1
5 72 1
5 72 1
5 72 1
5 72 1
5 72 1
5 72 1
5 72 1
5 72 1
5 72 1
5 72 1
5 72 1
5 72 1
5 72 1
5 72 1
5 72 1
5 72 1
5 72 1
5 72 1
5 72 1
5 72 1
5 72 1
5 72 1
5 72 1
5 72 1
5 72 1
5 72 1
5 72 1
57 70 1
57 70 1
57 70 1
57 71 1
58 70 1
58 70 1
58 70 1
58 78 1
60 65 1
60 65 1
60 65 1
60 65 1
6 12 1
6 13 1
6 14 1
6 14 1
6 14 1
6 14 1
6 14 1
6 23 1
62 66 1
62 66 1
62 66 1
62 69 1
62 78 1
6 30 1
6 33 1
6 33 1
6 33 1
6 35 1
6 35 1
6 35 1
6 35 1
6 35 1
6 35 1
6 35 1
63 64 1
63 64 1
63 64 1
63 64 1
63 64 1
63 64 1
63 64 1
63 64 1
63 64 1
63 64 1
63 64 1
63 64 1
63 64 1
6 37 1
6 37 1
6 45 1
6 46 1
6 46 1
64 78 1
64 78 1
6 49 1
65 71 1
65 78 1
65 78 1
6 58 1
6 58 1
65 83 1
6 64 1
6 65 1
6 65 1
66 69 1
66 69 1
66 69 1
66 69 1
66 78 1
66 78 1
66 78 1
66 82 1
66 82 1
66 82 1
66 82 1
66 82 1
66 82 1
66 82 1
66 82 1
66 82 1
66 82 1
66 82 1
66 82 1
66 82 1
66 82 1
66 82 1
66 82 1
66 82 1
66 82 1
66 82 1
66 82 1
66 82 1
66 82 1
66 82 1
66 82 1
66 82 1
66 82 1
66 82 1
66 82 1
66 82 1
66 82 1
66 82 1
66 82 1
66 82 1
66 82 1
66 82 1
6 71 1
6 71 1
6 71 1
6 7 1
6 76 1
6 78 1
6 78 1
6 8 1
6 8 1
69 78 1
69 78 1
69 78 1
69 78 1
69 78 1
69 78 1
69 78 1
69 78 1
69 78 1
69 78 1
69 78 1
69 78 1
69 78 1
69 81 1
69 82 1
7 12 1
7 13 1
71 79 1
71 79 1
71 80 1
71 80 1
71 80 1
7 18 1
71 84 1
72 78 1
7 33 1
7 34 1
7 43 1
74 77 1
74 78 1
74 78 1
74 78 1
74 78 1
74 78 1
74 78 1
7 53 1
7 53 1
7 55 1
7 55 1
7 58 1
7 58 1
76 78 1
76 78 1
76 78 1
76 78 1
76 78 1
76 78 1
76 78 1
76 83 1
76 83 1
7 8 1
7 8 1
78 81 1
78 81 1
78 81 1
78 81 1
78 81 1
78 81 1
78 81 1
78 81 1
78 81 1
78 81 1
78 81 1
78 82 1
78 82 1
78 82 1
8 10 1
8 12 1
8 12 1
8 12 1
8 12 1
8 12 1
8 12 1
8 12 1
8 12 1
8 12 1
8 12 1
8 12 1
8 12 1
8 12 1
8 12 1
8 12 1
8 12 1
8 12 1
8 12 1
8 12 1
8 12 1
8 12 1
8 12 1
8 12 1
8 12 1
8 13 1
8 13 1
8 13 1
8 13 1
8 13 1
8 13 1
8 13 1
8 13 1
8 13 1
8 13 1
8 13 1
8 13 1
8 13 1
8 17 1
8 17 1
8 17 1
8 18 1
8 18 1
8 19 1
8 19 1
8 19 1
8 19 1
8 19 1
8 19 1
8 22 1
8 22 1
8 22 1
8 24 1
8 25 1
8 25 1
8 25 1
8 25 1
8 25 1
8 25 1
8 27 1
8 31 1
8 31 1
8 32 1
8 35 1
8 39 1
8 43 1
8 43 1
8 45 1
8 46 1
8 46 1
8 46 1
8 46 1
8 46 1
8 46 1
8 46 1
8 46 1
8 46 1
8 46 1
8 46 1
8 46 1
8 46 1
8 46 1
8 46 1
8 46 1
8 46 1
8 46 1
8 47 1
8 47 1
8 47 1
8 47 1
8 47 1
8 47 1
8 47 1
8 47 1
8 47 1
8 47 1
8 47 1
8 47 1
8 47 1
8 47 1
8 48 1
8 48 1
8 48 1
8 48 1
8 48 1
8 48 1
8 48 1
8 48 1
8 48 1
8 48 1
8 48 1
8 48 1
8 48 1
8 48 1
8 48 1
8 48 1
8 48 1
8 48 1
8 48 1
8 48 1
8 48 1
8 48 1
8 48 1
8 48 1
8 48 1
8 48 1
8 48 1
8 48 1
8 49 1
8 54 1
8 54 1
8 55 1
8 57 1
8 57 1
8 57 1
8 57 1
8 57 1
8 57 1
8 57 1
8 57 1
8 57 1
8 57 1
8 57 1
8 57 1
8 57 1
8 57 1
8 57 1
8 60 1
8 60 1
8 60 1
8 62 1
8 62 1
8 62 1
8 62 1
8 62 1
8 62 1
8 62 1
8 62 1
8 62 1
8 62 1
8 62 1
8 62 1
8 62 1
8 62 1
8 62 1
8 62 1
8 64 1
8 64 1
8 64 1
8 65 1
8 65 1
8 66 1
8 66 1
8 66 1
8 66 1
8 66 1
8 66 1
8 66 1
8 66 1
8 66 1
8 66 1
8 66 1
8 66 1
8 66 1
8 66 1
8 66 1
8 66 1
8 66 1
8 66 1
8 66 1
8 66 1
8 66 1
8 66 1
8 66 1
8 66 1
8 66 1
8 66 1
8 66 1
8 69 1
8 69 1
8 69 1
8 69 1
8 69 1
8 69 1
8 69 1
8 69 1
8 69 1
8 69 1
8 69 1
8 69 1
8 69 1
8 69 1
8 69 1
8 69 1
8 69 1
8 69 1
8 69 1
8 69 1
8 70 1
8 71 1
8 71 1
8 71 1
8 72 1
8 74 1
8 78 1
8 78 1
8 78 1
8 78 1
8 78 1
8 78 1
8 78 1
8 78 1
8 78 1
8 78 1
8 78 1
8 78 1
8 78 1
8 78 1
8 78 1
8 78 1
8 78 1
8 78 1
8 78 1
8 78 1
8 78 1
8 78 1
8 82 1
8 82 1
8 82 1
8 82 1
8 82 1
8 9 1
8 9 1
8 9 1
8 9 1
8 9 1
8 9 1
8 9 1
8 9 1
8 9 1
8 9 1
8 9 1
8 9 1
8 9 1
8 9 1
8 9 1
8 9 1
8 9 1
8 9 1
9 12 1
9 13 1
9 14 1
9 18 1
9 19 1
9 19 1
9 26 1
9 26 1
9 26 1
9 26 1
9 26 1
9 28 1
9 30 1
9 35 1
9 46 1
9 47 1
9 47 1
9 47 1
9 47 1
9 47 1
9 47 1
9 47 1
9 47 1
9 47 1
9 47 1
9 47 1
9 47 1
9 47 1
9 47 1
9 47 1
9 47 1
9 47 1
9 47 1
9 47 1
9 47 1
9 47 1
9 47 1
9 47 1
9 47 1
9 47 1
9 47 1
9 47 1
9 47 1
9 47 1
9 47 1
9 47 1
9 48 1
9 48 1
9 48 1
9 48 1
9 48 1
9 48 1
9 48 1
9 48 1
9 62 1
9 62 1
9 62 1
9 62 1
9 62 1
9 62 1
9 62 1
9 62 1
9 62 1
9 62 1
9 62 1
9 62 1
9 62 1
9 62 1
9 62 1
9 62 1
9 62 1
9 62 1
9 62 1
9 62 1
9 62 1
9 62 1
9 62 1
9 62 1
9 62 1
9 62 1
9 76 1
9 76 1
9 78 1
9 78 1
9 78 1
9 78 1
9 78 1
9 78 1
9 78 1
9 78 1
9 78 1
9 81 1
9 82 1
9 82 1
9 82 1
9 82 1
9 83 1
9 83 1
9 84 1
9 84 1
9 84 1
9 84 1
