6 41 1
54 332 1
7 46 1
49 299 1
127 168 1
4 120 1
52 155 1
61 143 1
58 258 1
7 251 1
153 284 1
10 239 1
120 332 1
2 332 1
120 333 1
125 159 1
1 33 1
226 297 1
61 77 1
224 168 1
81 299 1
277 297 1
284 299 1
71 74 1
127 332 1
99 58 1
86 238 1
199 97 1
11 362 1
115 95 1
58 356 1
299 430 1
61 168 1
426 260 1
67 159 1
23 43 1
48 70 1
104 373 1
43 258 1
284 299 1
284 299 1
246 251 1
48 299 1
110 277 1
47 71 1
1 426 1
122 251 1
29 358 1
251 111 1
32 33 1
26 366 1
6 426 1
351 366 1
67 159 1
122 334 1
42 165 1
62 299 1
149 316 1
23 54 1
43 332 1
9 249 1
39 258 1
95 332 1
44 361 1
14 33 1
146 210 1
159 252 1
2 332 1
127 251 1
288 149 1
28 118 1
152 30 1
37 359 1
26 299 1
426 46 1
165 297 1
284 353 1
234 356 1
86 238 1
95 362 1
37 159 1
5 251 1
130 297 1
168 284 1
161 429 1
47 32 1
56 366 1
62 284 1
284 393 1
82 223 1
56 97 1
95 110 1
297 361 1
57 359 1
126 127 1
122 168 1
116 333 1
246 388 1
41 71 1
251 284 1
78 358 1
224 299 1
251 95 1
2 332 1
4 421 1
251 111 1
127 251 1
8 178 1
205 224 1
32 226 1
116 159 1
7 71 1
244 9 1
106 366 1
10 29 1
45 173 1
122 251 1
73 299 1
232 37 1
111 126 1
15 168 1
23 127 1
15 362 1
33 144 1
44 393 1
29 144 1
183 410 1
58 270 1
46 316 1
111 251 1
5 249 1
10 43 1
251 284 1
95 12 1
341 356 1
28 178 1
224 4 1
146 226 1
24 71 1
6 45 1
23 111 1
14 284 1
61 393 1
45 226 1
38 325 1
325 346 1
5 333 1
24 46 1
48 344 1
224 332 1
36 196 1
38 356 1
46 41 1
116 251 1
294 346 1
4 120 1
33 159 1
297 330 1
50 149 1
147 310 1
356 433 1
143 224 1
26 63 1
19 178 1
95 251 1
146 210 1
122 353 1
25 224 1
50 232 1
110 277 1
416 16 1
48 196 1
33 358 1
284 362 1
46 120 1
57 143 1
187 398 1
21 111 1
110 284 1
4 421 1
30 50 1
270 360 1
95 251 1
320 159 1
40 47 1
168 284 1
40 232 1
72 4 1
23 116 1
29 245 1
122 126 1
39 299 1
278 210 1
116 71 1
20 177 1
255 50 1
332 93 1
5 308 1
93 332 1
2 285 1
47 251 1
1 33 1
224 299 1
251 5 1
14 45 1
197 52 1
119 72 1
5 244 1
122 285 1
53 284 1
251 284 1
37 144 1
299 224 1
334 127 1
232 297 1
110 116 1
112 332 1
14 325 1
251 278 1
12 284 1
27 205 1
136 258 1
95 251 1
23 116 1
61 110 1
29 229 1
251 2 1
69 322 1
14 356 1
62 210 1
71 72 1
100 258 1
40 356 1
251 47 1
111 251 1
237 425 1
76 299 1
47 165 1
65 177 1
95 362 1
4 45 1
111 126 1
67 79 1
159 95 1
23 72 1
248 426 1
248 426 1
20 332 1
95 159 1
95 308 1
334 122 1
72 94 1
6 284 1
71 95 1
122 251 1
294 288 1
48 196 1
16 54 1
9 249 1
205 224 1
116 308 1
39 159 1
40 149 1
95 308 1
144 159 1
84 358 1
366 447 1
56 344 1
95 362 1
20 71 1
1 27 1
79 284 1
67 390 1
47 251 1
43 229 1
168 284 1
47 251 1
42 74 1
97 299 1
8 39 1
50 173 1
252 284 1
251 224 1
22 94 1
26 116 1
30 416 1
57 168 1
178 53 1
144 86 1
38 379 1
2 110 1
312 379 1
119 426 1
12 426 1
26 299 1
36 232 1
38 356 1
33 245 1
122 94 1
110 116 1
23 19 1
39 144 1
46 251 1
252 284 1
28 266 1
122 168 1
168 224 1
272 30 1
48 325 1
229 43 1
251 309 1
110 116 1
2 251 1
238 65 1
26 226 1
224 25 1
71 15 1
5 285 1
285 7 1
146 210 1
285 2 1
284 196 1
98 210 1
237 410 1
57 177 1
26 284 1
111 333 1
46 426 1
122 168 1
146 226 1
56 130 1
2 334 1
10 45 1
220 312 1
10 294 1
13 286 1
13 249 1
57 168 1
433 226 1
178 44 1
33 149 1
77 299 1
240 332 1
159 284 1
14 196 1
251 39 1
299 439 1
346 356 1
32 226 1
47 121 1
5 308 1
28 95 1
7 452 1
50 299 1
294 288 1
122 168 1
39 393 1
120 251 1
28 95 1
33 159 1
54 177 1
100 149 1
284 306 1
61 159 1
47 251 1
433 95 1
41 143 1
39 359 1
48 130 1
65 177 1
168 43 1
7 452 1
103 337 1
348 426 1
246 251 1
168 224 1
332 39 1
210 45 1
251 29 1
294 325 1
30 152 1
13 285 1
10 356 1
14 224 1
241 251 1
36 168 1
94 284 1
10 72 1
23 426 1
64 116 1
26 45 1
175 400 1
45 175 1
226 297 1
19 356 1
8 116 1
146 226 1
46 251 1
23 116 1
135 296 1
44 45 1
112 332 1
242 196 1
23 41 1
72 121 1
97 337 1
100 196 1
100 130 1
135 350 1
46 426 1
61 159 1
159 33 1
37 251 1
237 366 1
127 333 1
46 72 1
147 165 1
95 46 1
4 127 1
79 232 1
155 284 1
284 79 1
122 334 1
79 284 1
19 86 1
26 196 1
146 299 1
127 285 1
353 122 1
14 224 1
71 111 1
297 418 1
48 325 1
23 95 1
95 372 1
23 95 1
44 416 1
251 278 1
72 168 1
226 360 1
48 226 1
56 258 1
12 284 1
79 356 1
188 337 1
28 127 1
30 67 1
85 157 1
110 116 1
37 1 1
62 175 1
42 310 1
21 52 1
232 237 1
12 284 1
95 251 1
6 70 1
1 45 1
232 297 1
45 175 1
10 418 1
4 95 1
47 251 1
120 362 1
38 299 1
240 333 1
15 249 1
39 332 1
53 196 1
44 284 1
192 299 1
165 388 1
171 241 1
224 245 1
44 272 1
272 251 1
269 297 1
251 278 1
297 344 1
100 149 1
13 389 1
97 450 1
34 258 1
434 410 1
251 9 1
224 38 1
224 159 1
40 149 1
50 94 1
12 72 1
297 356 1
120 251 1
46 127 1
30 95 1
61 362 1
61 143 1
192 226 1
52 155 1
237 356 1
213 348 1
111 159 1
64 226 1
29 173 1
75 61 1
111 251 1
284 370 1
99 216 1
111 251 1
168 284 1
37 332 1
28 299 1
65 79 1
83 130 1
251 95 1
237 366 1
62 196 1
29 332 1
224 252 1
40 43 1
1 37 1
50 81 1
44 210 1
122 353 1
42 45 1
2 353 1
1 120 1
14 379 1
10 95 1
23 426 1
196 284 1
12 122 1
43 226 1
40 299 1
251 5 1
63 144 1
48 325 1
100 294 1
120 94 1
32 95 1
110 251 1
23 29 1
297 272 1
30 174 1
48 95 1
39 173 1
116 251 1
65 144 1
110 116 1
111 4 1
28 116 1
74 175 1
277 297 1
159 224 1
23 416 1
61 75 1
251 278 1
56 108 1
120 168 1
110 356 1
284 226 1
62 284 1
23 416 1
127 251 1
277 297 1
5 333 1
146 418 1
23 43 1
305 244 1
50 128 1
237 270 1
1 29 1
152 372 1
48 210 1
62 270 1
62 149 1
50 332 1
43 238 1
70 48 1
110 127 1
94 111 1
73 299 1
226 284 1
8 116 1
416 12 1
92 325 1
74 168 1
104 321 1
104 321 1
46 120 1
433 270 1
28 224 1
30 165 1
16 356 1
23 416 1
251 47 1
90 332 1
175 43 1
33 149 1
234 325 1
13 332 1
7 71 1
251 50 1
67 73 1
7 251 1
2 251 1
109 332 1
32 196 1
13 110 1
50 238 1
110 120 1
10 67 1
111 251 1
16 356 1
28 165 1
53 344 1
39 332 1
26 426 1
110 284 1
33 168 1
28 337 1
8 122 1
127 285 1
285 13 1
69 284 1
71 61 1
12 232 1
185 342 1
30 224 1
44 175 1
251 95 1
39 144 1
10 284 1
81 266 1
40 43 1
159 372 1
121 294 1
426 110 1
251 120 1
168 224 1
143 284 1
10 116 1
168 224 1
111 251 1
120 333 1
17 353 1
48 175 1
2 181 1
308 120 1
224 71 1
149 242 1
240 284 1
64 232 1
23 47 1
44 330 1
251 416 1
168 284 1
80 332 1
64 356 1
42 165 1
95 251 1
40 146 1
127 317 1
23 127 1
168 224 1
144 224 1
195 299 1
45 64 1
159 74 1
127 249 1
251 278 1
75 356 1
38 418 1
10 284 1
56 226 1
294 297 1
13 110 1
12 148 1
56 383 1
47 71 1
416 121 1
56 356 1
71 57 1
196 297 1
4 122 1
28 299 1
7 334 1
100 157 1
1 120 1
19 133 1
251 416 1
36 416 1
12 116 1
43 143 1
266 400 1
70 358 1
229 284 1
94 284 1
16 45 1
10 178 1
127 110 1
120 4 1
43 229 1
24 334 1
71 111 1
224 299 1
90 332 1
56 410 1
22 177 1
450 99 1
37 144 1
284 168 1
146 226 1
205 224 1
146 299 1
45 226 1
23 24 1
308 24 1
127 251 1
25 159 1
127 285 1
4 47 1
24 251 1
19 226 1
40 416 1
22 205 1
120 251 1
10 116 1
252 284 1
353 284 1
14 165 1
72 159 1
332 97 1
29 14 1
23 111 1
418 183 1
116 332 1
332 20 1
39 143 1
234 299 1
75 130 1
23 116 1
251 111 1
45 175 1
54 238 1
122 168 1
122 6 1
21 226 1
56 106 1
358 39 1
111 251 1
159 426 1
23 416 1
59 61 1
72 333 1
9 244 1
105 321 1
72 94 1
356 360 1
159 224 1
29 110 1
144 284 1
224 4 1
334 122 1
356 38 1
29 299 1
146 196 1
353 122 1
346 379 1
224 4 1
23 95 1
155 284 1
50 251 1
127 333 1
20 4 1
95 251 1
33 210 1
56 149 1
43 62 1
146 210 1
129 12 1
9 452 1
23 41 1
284 252 1
284 434 1
255 284 1
254 378 1
141 88 1
10 103 1
56 319 1
23 426 1
253 270 1
127 26 1
7 71 1
207 346 1
95 251 1
23 122 1
78 336 1
11 110 1
284 251 1
122 110 1
127 126 1
299 99 1
116 308 1
192 196 1
52 149 1
57 245 1
58 226 1
40 226 1
52 299 1
