67 393 1
65 205 1
251 116 1
159 252 1
43 393 1
159 284 1
16 284 1
11 332 1
8 316 1
224 196 1
188 337 1
28 284 1
183 280 1
82 366 1
23 37 1
23 111 1
83 157 1
95 251 1
443 452 1
45 258 1
2 251 1
25 324 1
56 149 1
16 330 1
237 366 1
52 222 1
16 29 1
13 168 1
13 94 1
38 165 1
122 251 1
120 346 1
284 362 1
16 418 1
11 240 1
23 120 1
32 299 1
37 332 1
224 299 1
237 366 1
88 169 1
122 285 1
48 356 1
121 122 1
23 52 1
168 316 1
147 165 1
82 159 1
111 251 1
50 169 1
45 340 1
28 226 1
426 159 1
37 196 1
111 251 1
37 173 1
42 149 1
416 38 1
284 49 1
30 299 1
192 299 1
95 333 1
43 251 1
146 196 1
63 177 1
30 372 1
50 210 1
50 210 1
52 94 1
426 297 1
7 251 1
149 192 1
111 332 1
43 94 1
29 226 1
168 224 1
83 149 1
4 258 1
27 418 1
122 94 1
120 333 1
56 108 1
52 159 1
37 1 1
51 289 1
1 37 1
5 249 1
127 285 1
7 71 1
40 213 1
58 405 1
43 280 1
393 37 1
16 284 1
252 284 1
252 284 1
72 38 1
127 285 1
12 426 1
35 251 1
284 251 1
16 39 1
297 426 1
57 205 1
124 372 1
44 366 1
64 379 1
45 358 1
62 356 1
28 427 1
71 356 1
30 310 1
11 353 1
43 340 1
116 362 1
1 43 1
25 361 1
46 120 1
37 168 1
14 95 1
13 362 1
6 41 1
95 251 1
122 251 1
62 226 1
26 63 1
12 374 1
17 71 1
46 111 1
23 111 1
146 196 1
168 224 1
86 252 1
278 251 1
16 57 1
94 370 1
251 95 1
71 127 1
237 266 1
159 95 1
146 426 1
95 251 1
9 251 1
17 353 1
7 234 1
217 154 1
238 284 1
21 47 1
8 284 1
112 332 1
4 122 1
299 45 1
155 284 1
9 332 1
7 333 1
47 71 1
28 337 1
155 268 1
53 418 1
5 251 1
1 39 1
224 353 1
6 45 1
7 244 1
308 7 1
4 426 1
2 285 1
33 53 1
63 362 1
7 285 1
224 299 1
251 278 1
69 226 1
8 45 1
130 299 1
56 356 1
4 13 1
332 37 1
130 45 1
43 210 1
88 168 1
82 370 1
57 359 1
410 418 1
356 356 1
95 333 1
284 28 1
21 357 1
41 144 1
44 325 1
1 284 1
226 284 1
251 416 1
258 43 1
79 270 1
146 196 1
111 46 1
20 4 1
21 57 1
63 155 1
29 332 1
76 295 1
25 221 1
20 168 1
111 251 1
95 251 1
416 135 1
169 52 1
302 315 1
224 44 1
27 418 1
23 284 1
62 379 1
63 168 1
238 284 1
9 333 1
69 226 1
77 232 1
64 210 1
32 224 1
74 332 1
120 251 1
64 226 1
246 388 1
38 366 1
27 418 1
6 29 1
100 175 1
332 43 1
224 71 1
32 95 1
410 360 1
1 39 1
12 159 1
110 284 1
97 337 1
9 244 1
122 251 1
32 165 1
284 295 1
36 356 1
62 149 1
37 143 1
168 122 1
399 170 1
122 168 1
1 27 1
71 7 1
127 251 1
122 333 1
47 32 1
224 353 1
23 416 1
14 284 1
122 251 1
120 6 1
26 356 1
256 412 1
54 155 1
358 37 1
16 47 1
45 130 1
192 356 1
122 168 1
33 332 1
20 353 1
4 39 1
226 360 1
41 229 1
23 111 1
116 333 1
72 251 1
58 284 1
5 308 1
284 299 1
224 353 1
20 205 1
54 94 1
23 416 1
284 143 1
85 86 1
5 244 1
284 159 1
39 168 1
49 299 1
143 57 1
127 249 1
95 251 1
47 360 1
62 226 1
70 353 1
43 159 1
238 284 1
45 226 1
71 52 1
6 45 1
1 45 1
84 318 1
111 159 1
40 366 1
37 143 1
46 72 1
17 353 1
40 165 1
340 54 1
251 278 1
284 440 1
23 72 1
74 332 1
10 284 1
168 224 1
159 322 1
198 325 1
175 191 1
54 1 1
362 2 1
56 130 1
161 162 1
2 251 1
284 299 1
81 344 1
5 181 1
284 358 1
143 50 1
284 1 1
26 210 1
71 72 1
244 389 1
40 250 1
4 27 1
39 40 1
14 232 1
11 332 1
23 74 1
426 1 1
52 169 1
334 122 1
22 362 1
116 94 1
146 149 1
6 76 1
224 299 1
120 168 1
90 332 1
12 284 1
63 175 1
44 165 1
24 251 1
10 95 1
46 47 1
7 285 1
65 319 1
52 56 1
61 332 1
50 71 1
28 284 1
244 7 1
19 33 1
6 113 1
122 333 1
4 224 1
121 210 1
33 173 1
8 251 1
29 274 1
111 333 1
62 277 1
46 72 1
97 252 1
12 122 1
224 143 1
284 434 1
284 30 1
65 168 1
12 284 1
94 111 1
120 121 1
123 346 1
143 224 1
284 353 1
24 110 1
52 155 1
192 356 1
23 95 1
16 116 1
25 127 1
36 185 1
294 297 1
23 120 1
23 426 1
63 168 1
144 284 1
252 284 1
240 443 1
146 210 1
28 427 1
23 20 1
46 45 1
39 299 1
165 297 1
121 325 1
224 299 1
95 433 1
251 284 1
111 251 1
251 278 1
67 390 1
168 93 1
168 67 1
12 29 1
41 144 1
2 181 1
23 72 1
6 50 1
71 426 1
67 8 1
71 426 1
127 333 1
149 224 1
122 251 1
62 356 1
19 33 1
185 424 1
98 116 1
19 226 1
112 332 1
77 325 1
27 332 1
127 308 1
11 332 1
192 356 1
38 270 1
6 45 1
86 143 1
14 299 1
95 308 1
251 286 1
5 334 1
110 122 1
16 416 1
360 448 1
210 45 1
56 284 1
46 47 1
146 266 1
111 251 1
77 226 1
144 284 1
13 168 1
10 31 1
33 168 1
111 251 1
127 333 1
15 353 1
102 124 1
40 251 1
52 252 1
110 116 1
54 25 1
6 43 1
111 334 1
36 67 1
23 116 1
67 252 1
71 284 1
120 251 1
90 168 1
251 111 1
46 47 1
72 251 1
43 26 1
270 284 1
168 284 1
224 130 1
23 95 1
52 23 1
52 177 1
72 251 1
28 210 1
111 251 1
50 210 1
95 251 1
127 333 1
168 224 1
192 325 1
77 157 1
23 116 1
372 32 1
94 440 1
56 299 1
95 251 1
85 299 1
319 328 1
159 224 1
173 224 1
4 122 1
1 316 1
122 251 1
341 366 1
224 280 1
44 299 1
50 251 1
168 316 1
234 325 1
5 181 1
95 251 1
168 224 1
192 258 1
71 122 1
30 404 1
23 122 1
7 285 1
8 122 1
23 224 1
237 325 1
61 353 1
63 362 1
120 46 1
36 124 1
5 334 1
39 393 1
23 95 1
56 226 1
149 284 1
251 278 1
2 332 1
270 280 1
122 94 1
240 362 1
270 407 1
15 286 1
226 297 1
49 379 1
205 11 1
72 64 1
52 10 1
320 39 1
407 258 1
77 78 1
266 406 1
205 284 1
146 356 1
168 284 1
234 299 1
251 389 1
168 316 1
48 210 1
21 116 1
32 95 1
82 370 1
13 443 1
74 177 1
159 372 1
36 130 1
143 284 1
19 45 1
49 108 1
40 196 1
168 224 1
146 356 1
110 120 1
25 120 1
1 22 1
16 284 1
29 245 1
270 407 1
162 294 1
33 143 1
95 333 1
33 94 1
52 386 1
111 251 1
30 149 1
103 337 1
426 159 1
92 323 1
38 213 1
120 333 1
23 50 1
146 226 1
1 416 1
65 168 1
103 337 1
74 340 1
122 251 1
2 181 1
251 426 1
168 224 1
29 94 1
58 356 1
19 37 1
120 333 1
47 121 1
100 196 1
16 45 1
62 258 1
46 95 1
127 251 1
78 425 1
90 393 1
92 258 1
88 169 1
47 362 1
44 196 1
224 353 1
427 40 1
6 284 1
110 127 1
210 433 1
38 330 1
1 54 1
73 226 1
266 360 1
56 99 1
53 106 1
120 123 1
110 116 1
10 95 1
27 205 1
71 39 1
71 45 1
39 319 1
111 308 1
61 332 1
120 126 1
299 346 1
63 229 1
111 165 1
85 157 1
57 94 1
72 333 1
82 370 1
52 226 1
39 359 1
38 224 1
72 332 1
8 41 1
50 335 1
426 1 1
6 116 1
288 149 1
77 232 1
235 370 1
14 52 1
8 95 1
33 205 1
95 146 1
72 333 1
52 168 1
388 357 1
63 255 1
41 143 1
146 210 1
37 332 1
324 297 1
8 416 1
62 356 1
251 111 1
127 285 1
33 168 1
38 213 1
426 348 1
241 332 1
1 284 1
71 127 1
50 393 1
17 393 1
120 362 1
168 224 1
339 119 1
339 121 1
19 284 1
144 284 1
146 299 1
28 127 1
353 426 1
285 2 1
297 299 1
25 120 1
4 45 1
38 226 1
112 332 1
26 196 1
77 226 1
28 301 1
62 299 1
258 278 1
67 168 1
284 359 1
70 168 1
251 338 1
4 47 1
10 232 1
299 346 1
278 251 1
127 285 1
251 50 1
102 299 1
21 165 1
224 332 1
44 383 1
38 213 1
36 372 1
48 232 1
95 251 1
72 94 1
2 308 1
185 212 1
341 356 1
237 325 1
284 319 1
41 159 1
14 277 1
46 72 1
122 285 1
5 308 1
224 251 1
127 333 1
224 28 1
14 95 1
146 210 1
127 285 1
121 330 1
82 279 1
111 251 1
127 285 1
39 1 1
122 251 1
46 47 1
67 168 1
111 333 1
52 251 1
120 168 1
45 143 1
111 110 1
11 168 1
36 95 1
63 168 1
284 358 1
95 251 1
226 360 1
255 284 1
45 359 1
86 252 1
52 205 1
12 366 1
43 229 1
16 418 1
116 110 1
46 120 1
33 168 1
45 4 1
64 165 1
177 284 1
94 284 1
159 224 1
165 28 1
40 344 1
285 5 1
47 362 1
38 224 1
22 46 1
111 251 1
13 332 1
122 251 1
14 284 1
104 294 1
78 110 1
71 20 1
28 239 1
74 173 1
120 341 1
192 226 1
252 284 1
120 346 1
48 70 1
185 213 1
16 43 1
95 251 1
72 94 1
76 77 1
2 285 1
32 372 1
269 297 1
62 226 1
297 410 1
228 260 1
416 21 1
168 67 1
362 426 1
111 251 1
14 50 1
28 95 1
288 149 1
339 346 1
120 333 1
399 311 1
25 372 1
78 340 1
2 353 1
308 116 1
80 418 1
111 251 1
56 210 1
95 251 1
30 50 1
21 120 1
58 196 1
426 4 1
1 224 1
237 356 1
56 196 1
17 71 1
48 366 1
95 142 1
19 299 1
251 416 1
271 297 1
297 299 1
7 244 1
42 284 1
297 325 1
71 7 1
45 149 1
6 63 1
37 19 1
155 410 1
116 126 1
108 159 1
20 168 1
48 272 1
44 379 1
284 251 1
189 393 1
41 332 1
95 333 1
2 334 1
356 433 1
95 119 1
111 251 1
