19 178 1
200 214 1
111 251 1
205 316 1
10 210 1
192 210 1
16 284 1
8 310 1
95 46 1
58 179 1
8 45 1
144 284 1
270 297 1
147 129 1
62 210 1
58 356 1
10 284 1
237 366 1
47 115 1
71 33 1
120 333 1
29 319 1
44 165 1
30 226 1
42 284 1
56 284 1
299 70 1
144 50 1
69 226 1
40 299 1
26 224 1
86 168 1
284 332 1
383 44 1
65 177 1
251 111 1
360 409 1
294 297 1
227 266 1
2 244 1
334 120 1
111 251 1
426 168 1
48 232 1
67 168 1
325 346 1
8 50 1
256 388 1
23 111 1
23 111 1
111 251 1
24 308 1
38 409 1
40 344 1
53 165 1
297 310 1
110 426 1
62 284 1
362 426 1
50 87 1
23 224 1
127 251 1
23 111 1
168 316 1
24 251 1
168 224 1
360 418 1
159 284 1
111 251 1
130 6 1
284 332 1
130 192 1
71 224 1
23 47 1
146 149 1
56 410 1
130 360 1
210 297 1
38 356 1
122 165 1
2 334 1
149 346 1
16 47 1
210 28 1
54 386 1
122 333 1
26 61 1
122 251 1
16 356 1
33 175 1
294 360 1
64 78 1
75 130 1
6 95 1
120 362 1
2 308 1
416 6 1
213 38 1
5 251 1
61 332 1
5 333 1
95 251 1
75 299 1
23 120 1
12 284 1
297 366 1
8 427 1
159 372 1
159 337 1
122 258 1
71 426 1
10 45 1
251 278 1
232 433 1
159 252 1
168 224 1
45 75 1
226 278 1
129 388 1
78 252 1
308 2 1
45 210 1
58 196 1
434 52 1
130 45 1
183 280 1
33 319 1
14 379 1
19 39 1
111 251 1
23 111 1
46 95 1
52 155 1
224 356 1
50 295 1
75 299 1
72 333 1
122 251 1
284 358 1
12 284 1
23 251 1
147 433 1
121 416 1
50 177 1
37 168 1
224 370 1
4 37 1
41 359 1
320 284 1
23 111 1
122 168 1
38 210 1
26 372 1
110 325 1
38 224 1
10 325 1
83 299 1
22 159 1
52 226 1
122 333 1
127 333 1
85 175 1
63 155 1
49 130 1
62 130 1
23 95 1
19 284 1
19 149 1
12 416 1
111 251 1
1 57 1
4 122 1
5 308 1
38 270 1
67 252 1
407 270 1
14 299 1
75 383 1
16 149 1
155 268 1
122 251 1
39 299 1
104 299 1
47 168 1
224 362 1
64 284 1
22 362 1
28 221 1
12 266 1
23 122 1
19 67 1
94 116 1
45 48 1
110 116 1
120 251 1
30 174 1
122 251 1
440 28 1
127 332 1
61 353 1
146 270 1
75 210 1
6 65 1
40 284 1
32 263 1
46 111 1
42 50 1
43 299 1
142 382 1
33 143 1
46 111 1
10 196 1
49 52 1
32 410 1
362 370 1
111 251 1
52 245 1
95 251 1
33 332 1
94 86 1
29 110 1
111 119 1
95 251 1
111 251 1
44 225 1
74 159 1
121 339 1
122 251 1
159 337 1
116 46 1
71 116 1
205 224 1
16 284 1
120 251 1
54 332 1
10 41 1
44 410 1
251 95 1
251 50 1
8 324 1
234 356 1
116 159 1
58 379 1
62 302 1
32 111 1
147 272 1
69 196 1
28 224 1
284 277 1
111 334 1
12 111 1
49 294 1
26 95 1
237 356 1
75 299 1
53 63 1
237 356 1
50 149 1
8 110 1
42 284 1
120 332 1
62 299 1
240 389 1
38 416 1
8 31 1
33 159 1
53 356 1
50 332 1
360 356 1
122 285 1
13 353 1
192 226 1
53 210 1
108 380 1
249 344 1
100 175 1
33 299 1
26 130 1
23 72 1
111 251 1
41 393 1
58 210 1
30 130 1
41 358 1
40 196 1
41 173 1
33 343 1
84 386 1
43 168 1
50 144 1
122 332 1
10 37 1
110 330 1
20 332 1
205 224 1
5 251 1
161 162 1
111 251 1
168 122 1
71 97 1
270 407 1
127 168 1
4 55 1
297 427 1
284 252 1
332 90 1
6 50 1
20 177 1
39 362 1
251 241 1
21 427 1
284 340 1
93 332 1
13 168 1
192 383 1
122 168 1
252 284 1
104 299 1
46 116 1
92 258 1
144 284 1
6 74 1
122 333 1
14 47 1
62 299 1
71 82 1
144 284 1
104 299 1
416 6 1
2 181 1
33 159 1
48 330 1
23 111 1
23 95 1
95 165 1
23 95 1
33 319 1
95 251 1
23 111 1
302 6 1
23 111 1
57 73 1
120 308 1
251 1 1
105 270 1
205 224 1
224 245 1
45 210 1
21 116 1
23 116 1
71 120 1
168 224 1
205 284 1
1 426 1
1 120 1
58 294 1
229 284 1
40 403 1
25 159 1
251 14 1
62 149 1
11 168 1
4 37 1
23 95 1
2 249 1
168 224 1
127 308 1
10 266 1
26 196 1
64 258 1
416 209 1
61 94 1
159 337 1
6 258 1
63 66 1
12 284 1
316 370 1
94 158 1
297 356 1
297 366 1
251 47 1
75 279 1
127 333 1
297 344 1
168 284 1
168 284 1
38 185 1
251 284 1
205 224 1
43 362 1
23 111 1
33 71 1
168 224 1
95 251 1
33 168 1
16 129 1
284 319 1
116 26 1
10 224 1
94 111 1
85 109 1
146 299 1
1 284 1
111 251 1
226 278 1
46 95 1
26 149 1
251 278 1
120 46 1
26 356 1
23 127 1
127 249 1
56 210 1
127 333 1
14 39 1
72 110 1
38 270 1
7 251 1
358 284 1
159 99 1
71 224 1
8 41 1
2 332 1
111 333 1
144 284 1
56 108 1
13 332 1
50 277 1
165 297 1
127 251 1
192 226 1
244 305 1
95 44 1
46 162 1
30 416 1
120 333 1
62 357 1
38 356 1
19 37 1
234 325 1
8 31 1
224 353 1
122 308 1
144 417 1
168 224 1
240 333 1
4 45 1
44 127 1
120 251 1
13 353 1
36 127 1
111 333 1
60 426 1
224 71 1
407 270 1
38 122 1
67 94 1
53 356 1
360 425 1
56 356 1
127 251 1
23 111 1
39 146 1
6 284 1
362 61 1
168 284 1
12 120 1
120 251 1
26 116 1
224 26 1
111 308 1
251 24 1
50 359 1
362 37 1
175 191 1
50 144 1
83 299 1
28 95 1
7 332 1
19 450 1
11 362 1
29 71 1
116 1 1
36 210 1
8 316 1
127 110 1
2 249 1
19 299 1
116 362 1
43 299 1
28 224 1
120 251 1
263 270 1
297 416 1
83 157 1
122 251 1
175 297 1
4 45 1
98 425 1
2 333 1
61 393 1
165 392 1
229 284 1
168 284 1
44 372 1
23 120 1
308 111 1
104 252 1
89 116 1
2 251 1
64 301 1
27 356 1
362 43 1
121 130 1
285 338 1
62 356 1
23 111 1
95 251 1
367 388 1
110 251 1
23 95 1
144 284 1
95 333 1
94 284 1
97 337 1
65 12 1
111 333 1
120 210 1
46 72 1
47 297 1
50 56 1
127 251 1
308 122 1
38 29 1
111 308 1
7 251 1
144 316 1
110 116 1
30 416 1
240 332 1
111 46 1
95 251 1
5 308 1
54 110 1
120 333 1
63 143 1
2 249 1
4 122 1
120 333 1
168 43 1
120 332 1
111 333 1
52 168 1
39 64 1
159 372 1
12 111 1
258 38 1
120 334 1
36 152 1
12 270 1
297 426 1
2 181 1
332 224 1
42 224 1
10 57 1
111 115 1
258 297 1
48 426 1
10 356 1
44 226 1
284 353 1
50 358 1
45 232 1
39 280 1
8 111 1
210 278 1
240 332 1
73 196 1
23 316 1
284 358 1
42 95 1
23 111 1
75 266 1
43 59 1
161 27 1
6 284 1
147 256 1
14 383 1
234 379 1
23 122 1
168 224 1
120 333 1
65 168 1
43 232 1
159 372 1
297 325 1
146 294 1
80 383 1
13 332 1
416 6 1
122 333 1
24 251 1
252 284 1
291 366 1
110 116 1
146 210 1
58 379 1
251 111 1
127 251 1
10 224 1
122 333 1
10 122 1
44 299 1
62 258 1
54 168 1
1 116 1
16 379 1
94 111 1
7 332 1
40 410 1
127 251 1
21 269 1
30 418 1
67 168 1
39 159 1
410 286 1
29 299 1
12 22 1
8 72 1
146 299 1
1 284 1
168 284 1
2 249 1
263 433 1
226 297 1
67 94 1
111 333 1
69 130 1
13 332 1
38 213 1
19 308 1
5 244 1
13 332 1
176 392 1
26 149 1
120 413 1
146 299 1
58 270 1
23 33 1
416 297 1
122 285 1
120 333 1
6 284 1
23 17 1
95 297 1
39 149 1
23 111 1
45 144 1
45 144 1
205 316 1
20 23 1
120 333 1
12 284 1
62 130 1
5 181 1
13 168 1
29 144 1
39 159 1
25 127 1
110 224 1
168 224 1
11 389 1
192 383 1
95 10 1
