360 325 1
61 94 1
26 379 1
1 61 1
284 44 1
8 86 1
284 332 1
48 127 1
63 173 1
95 251 1
32 210 1
120 333 1
44 95 1
39 196 1
246 388 1
63 370 1
120 251 1
72 356 1
116 251 1
426 248 1
4 224 1
102 270 1
61 144 1
251 120 1
71 74 1
97 321 1
258 407 1
122 334 1
251 284 1
150 388 1
23 20 1
57 177 1
39 38 1
433 299 1
297 330 1
168 224 1
43 358 1
33 362 1
127 285 1
12 325 1
4 284 1
14 277 1
23 33 1
218 383 1
86 252 1
22 46 1
79 356 1
12 284 1
349 381 1
28 284 1
284 362 1
54 319 1
19 37 1
20 168 1
224 332 1
120 334 1
80 141 1
62 356 1
49 299 1
19 165 1
8 41 1
50 359 1
32 95 1
63 159 1
52 386 1
74 168 1
6 251 1
110 427 1
162 234 1
50 319 1
116 333 1
2 308 1
237 325 1
46 146 1
111 251 1
40 356 1
95 251 1
84 418 1
284 353 1
13 389 1
119 426 1
23 95 1
111 251 1
23 95 1
251 127 1
39 299 1
111 251 1
54 159 1
73 422 1
43 143 1
1 22 1
297 299 1
146 210 1
56 356 1
122 308 1
13 443 1
38 366 1
122 251 1
41 355 1
63 110 1
258 406 1
11 168 1
127 308 1
33 299 1
40 178 1
210 297 1
226 360 1
111 251 1
46 63 1
72 308 1
38 433 1
240 285 1
23 111 1
46 22 1
8 37 1
32 127 1
70 353 1
159 39 1
39 144 1
28 116 1
26 299 1
111 353 1
116 251 1
1 210 1
120 159 1
111 251 1
21 120 1
48 130 1
90 177 1
240 353 1
8 72 1
122 251 1
111 251 1
64 226 1
12 356 1
297 330 1
22 332 1
111 333 1
10 27 1
54 332 1
33 71 1
77 226 1
52 144 1
43 353 1
71 324 1
17 168 1
44 74 1
23 111 1
46 111 1
81 232 1
23 284 1
39 149 1
251 7 1
234 325 1
47 1 1
122 4 1
32 210 1
73 356 1
21 120 1
50 168 1
72 21 1
72 121 1
10 196 1
277 297 1
65 353 1
38 299 1
85 252 1
303 349 1
112 6 1
10 416 1
12 41 1
8 65 1
284 319 1
13 249 1
12 416 1
115 122 1
43 196 1
14 37 1
258 297 1
111 251 1
46 111 1
57 358 1
52 332 1
44 74 1
48 277 1
433 210 1
127 251 1
64 258 1
10 120 1
2 46 1
23 224 1
52 332 1
43 144 1
258 407 1
28 224 1
33 251 1
11 389 1
25 372 1
185 260 1
239 297 1
136 258 1
251 5 1
297 330 1
146 226 1
23 111 1
95 251 1
50 94 1
284 362 1
40 299 1
120 234 1
226 45 1
19 178 1
20 332 1
95 119 1
110 426 1
94 330 1
19 37 1
237 410 1
237 356 1
144 54 1
6 344 1
1 116 1
122 308 1
111 251 1
159 372 1
72 23 1
155 268 1
155 268 1
47 110 1
116 333 1
71 224 1
19 33 1
284 393 1
294 297 1
237 294 1
237 325 1
185 441 1
111 251 1
154 217 1
111 119 1
146 210 1
90 393 1
44 122 1
45 353 1
62 226 1
69 366 1
54 358 1
168 224 1
41 332 1
83 299 1
69 383 1
159 372 1
96 157 1
19 86 1
120 332 1
28 263 1
4 120 1
115 251 1
12 95 1
165 297 1
4 421 1
33 143 1
54 299 1
159 337 1
30 50 1
19 37 1
4 116 1
12 95 1
224 16 1
297 356 1
19 325 1
224 359 1
23 95 1
23 72 1
224 332 1
232 297 1
40 272 1
1 67 1
45 168 1
308 120 1
74 190 1
168 224 1
48 103 1
332 29 1
266 360 1
56 149 1
23 72 1
122 333 1
251 120 1
185 40 1
284 440 1
22 46 1
58 107 1
146 356 1
16 95 1
43 168 1
116 251 1
46 127 1
251 284 1
120 94 1
237 356 1
433 270 1
284 251 1
5 251 1
146 210 1
127 251 1
56 356 1
325 360 1
30 426 1
111 308 1
251 2 1
58 330 1
111 251 1
73 284 1
5 308 1
122 308 1
90 177 1
438 234 1
62 116 1
120 1 1
224 353 1
62 366 1
94 127 1
38 405 1
121 418 1
41 144 1
17 353 1
14 353 1
76 453 1
102 130 1
95 333 1
25 122 1
10 247 1
72 426 1
10 226 1
116 12 1
111 251 1
10 116 1
16 45 1
45 319 1
54 370 1
43 359 1
120 251 1
94 54 1
284 210 1
77 226 1
23 111 1
334 7 1
23 72 1
146 299 1
50 168 1
361 388 1
120 251 1
224 332 1
43 196 1
63 94 1
13 353 1
2 251 1
62 284 1
8 364 1
325 360 1
325 360 1
47 12 1
71 284 1
12 284 1
95 251 1
277 346 1
13 332 1
143 284 1
127 285 1
210 400 1
39 251 1
122 333 1
83 299 1
159 372 1
284 232 1
1 122 1
116 308 1
44 344 1
16 37 1
13 353 1
21 227 1
44 226 1
26 130 1
43 210 1
178 40 1
297 356 1
21 111 1
65 159 1
252 104 1
94 284 1
127 251 1
81 356 1
58 356 1
21 111 1
127 251 1
120 251 1
168 284 1
62 356 1
325 360 1
95 110 1
120 378 1
14 379 1
284 353 1
221 399 1
372 25 1
168 284 1
29 353 1
1 27 1
43 299 1
45 332 1
12 284 1
1 63 1
23 111 1
111 308 1
12 284 1
1 33 1
37 71 1
70 190 1
122 126 1
71 426 1
284 362 1
51 284 1
251 110 1
12 47 1
173 224 1
19 33 1
26 266 1
33 353 1
237 356 1
252 67 1
285 338 1
37 210 1
122 251 1
30 299 1
23 111 1
127 251 1
251 278 1
168 224 1
146 299 1
43 232 1
41 144 1
13 116 1
95 251 1
277 360 1
95 251 1
120 379 1
6 284 1
1 111 1
111 251 1
120 251 1
240 285 1
33 205 1
130 297 1
61 353 1
226 360 1
426 115 1
297 299 1
332 67 1
122 251 1
116 159 1
10 120 1
146 299 1
111 251 1
146 299 1
87 149 1
237 356 1
83 130 1
16 366 1
44 284 1
122 126 1
16 54 1
44 330 1
111 251 1
61 353 1
13 443 1
52 143 1
81 232 1
284 197 1
168 284 1
12 116 1
46 189 1
127 249 1
127 353 1
8 29 1
52 196 1
4 33 1
308 127 1
359 93 1
39 226 1
251 416 1
284 358 1
1 224 1
111 146 1
237 325 1
30 427 1
168 284 1
251 111 1
86 238 1
120 251 1
111 353 1
229 284 1
71 324 1
2 308 1
4 39 1
56 226 1
111 333 1
270 280 1
146 226 1
353 284 1
72 251 1
1 416 1
237 356 1
14 39 1
94 95 1
308 426 1
57 362 1
284 332 1
120 251 1
8 427 1
16 29 1
251 120 1
65 110 1
28 224 1
356 360 1
71 416 1
120 362 1
277 360 1
56 175 1
62 284 1
192 294 1
111 251 1
53 210 1
72 353 1
33 144 1
16 129 1
98 299 1
251 278 1
65 168 1
416 4 1
108 188 1
52 143 1
54 332 1
23 111 1
67 168 1
83 258 1
122 353 1
8 119 1
39 332 1
89 320 1
14 379 1
284 353 1
27 144 1
173 224 1
2 46 1
13 332 1
299 430 1
29 49 1
32 111 1
426 424 1
26 116 1
28 293 1
8 47 1
246 388 1
96 210 1
122 251 1
40 299 1
430 299 1
30 367 1
124 192 1
111 251 1
53 196 1
168 224 1
38 433 1
40 379 1
16 344 1
26 410 1
116 333 1
127 356 1
13 111 1
84 159 1
277 297 1
64 149 1
6 41 1
23 116 1
6 72 1
37 143 1
10 122 1
23 95 1
95 251 1
122 251 1
23 111 1
111 333 1
8 95 1
241 251 1
334 95 1
144 284 1
10 224 1
