187 194 1
101 123 1
53 175 1
149 189 1
193 261 1
166 223 1
99 104 1
186 194 1
67 117 1
28 251 1
58 128 1
130 196 1
111 236 1
230 242 1
12 121 1
30 206 1
130 184 1
83 205 1
59 119 1
44 109 1
188 208 1
11 209 1
5 36 1
197 254 1
101 273 1
2 229 1
83 158 1
197 270 1
29 70 1
82 236 1
26 143 1
164 210 1
93 149 1
169 208 1
2 88 1
251 275 1
62 209 1
121 163 1
84 218 1
99 215 1
61 204 1
95 217 1
15 164 1
89 233 1
43 201 1
39 221 1
68 79 1
155 217 1
48 49 1
136 149 1
1 50 1
135 136 1
23 214 1
156 256 1
231 258 1
43 96 1
160 189 1
14 48 1
80 102 1
5 275 1
27 196 1
220 247 1
99 274 1
47 188 1
23 213 1
72 183 1
90 195 1
29 84 1
216 217 1
76 184 1
156 171 1
55 270 1
8 221 1
178 254 1
109 259 1
12 177 1
121 179 1
54 258 1
170 219 1
241 253 1
160 259 1
74 190 1
150 231 1
49 254 1
39 90 1
124 137 1
72 270 1
17 69 1
2 47 1
194 262 1
182 247 1
237 273 1
92 133 1
16 187 1
179 268 1
30 163 1
29 96 1
113 259 1
91 245 1
32 211 1
32 129 1
72 200 1
17 26 1
94 179 1
64 164 1
42 122 1
136 191 1
84 227 1
48 99 1
139 227 1
45 243 1
266 271 1
103 140 1
109 131 1
39 193 1
46 196 1
144 222 1
246 247 1
161 216 1
27 101 1
68 104 1
222 239 1
182 258 1
31 191 1
157 206 1
124 134 1
124 250 1
114 271 1
126 226 1
99 143 1
19 41 1
65 262 1
39 187 1
110 199 1
127 136 1
176 231 1
80 123 1
194 215 1
181 261 1
63 122 1
191 255 1
42 186 1
182 255 1
32 205 1
7 184 1
102 224 1
165 177 1
88 216 1
75 77 1
16 203 1
87 192 1
158 167 1
191 229 1
96 106 1
104 214 1
7 158 1
69 83 1
200 214 1
127 232 1
143 187 1
115 243 1
13 17 1
132 253 1
109 208 1
52 124 1
13 138 1
40 47 1
107 181 1
163 275 1
203 214 1
85 266 1
97 225 1
21 30 1
33 163 1
129 182 1
97 121 1
149 261 1
137 158 1
122 238 1
166 242 1
245 254 1
162 181 1
86 178 1
145 177 1
72 249 1
116 267 1
34 88 1
66 215 1
228 261 1
248 266 1
135 221 1
111 160 1
124 206 1
46 194 1
161 245 1
92 211 1
16 116 1
130 193 1
79 274 1
204 247 1
223 238 1
44 256 1
109 203 1
65 72 1
196 214 1
55 225 1
141 166 1
72 109 1
28 166 1
136 269 1
65 81 1
80 104 1
74 233 1
150 152 1
108 121 1
55 232 1
235 275 1
162 187 1
259 261 1
76 226 1
56 158 1
25 197 1
10 200 1
90 145 1
138 189 1
102 253 1
205 218 1
16 210 1
39 84 1
24 44 1
81 275 1
40 230 1
19 152 1
79 137 1
154 181 1
209 212 1
63 113 1
130 262 1
122 151 1
36 229 1
13 55 1
108 165 1
99 137 1
52 275 1
59 196 1
75 139 1
30 72 1
56 223 1
134 200 1
78 236 1
39 49 1
11 254 1
18 161 1
117 160 1
70 168 1
58 195 1
84 125 1
42 138 1
183 193 1
118 189 1
113 141 1
134 185 1
47 189 1
9 246 1
199 245 1
48 114 1
18 210 1
56 92 1
209 227 1
120 215 1
3 134 1
4 54 1
94 95 1
18 153 1
12 84 1
2 271 1
129 224 1
186 270 1
240 269 1
40 164 1
58 107 1
76 98 1
50 265 1
161 204 1
40 46 1
99 214 1
32 196 1
70 213 1
185 233 1
21 57 1
234 244 1
144 185 1
115 255 1
215 231 1
125 254 1
119 231 1
188 217 1
177 183 1
68 143 1
65 257 1
108 195 1
28 40 1
109 227 1
13 117 1
15 66 1
25 69 1
253 258 1
45 250 1
109 136 1
205 233 1
49 267 1
56 65 1
142 248 1
9 233 1
91 192 1
176 225 1
11 264 1
80 237 1
97 197 1
39 249 1
42 211 1
70 215 1
137 171 1
44 156 1
249 272 1
140 265 1
54 174 1
40 196 1
30 178 1
200 247 1
120 149 1
130 147 1
104 137 1
110 243 1
25 93 1
112 148 1
134 240 1
58 181 1
101 254 1
213 249 1
202 227 1
2 114 1
34 133 1
41 187 1
215 240 1
59 158 1
182 265 1
126 189 1
10 33 1
112 186 1
126 259 1
136 174 1
100 231 1
42 200 1
86 131 1
37 51 1
41 58 1
226 230 1
165 253 1
71 136 1
60 223 1
13 194 1
62 80 1
46 173 1
171 265 1
34 40 1
31 133 1
147 224 1
210 233 1
80 137 1
137 146 1
61 177 1
127 203 1
167 180 1
16 115 1
192 238 1
51 262 1
113 128 1
66 173 1
162 207 1
68 72 1
246 250 1
205 270 1
16 199 1
3 227 1
152 249 1
16 205 1
34 95 1
56 78 1
71 151 1
192 220 1
185 242 1
37 206 1
149 231 1
86 270 1
30 80 1
66 203 1
5 147 1
80 197 1
25 39 1
82 190 1
249 273 1
184 271 1
51 220 1
95 138 1
54 273 1
39 60 1
122 172 1
5 96 1
59 270 1
226 274 1
92 153 1
88 226 1
126 171 1
129 250 1
125 193 1
65 254 1
185 198 1
47 116 1
113 170 1
85 252 1
148 172 1
145 206 1
29 200 1
179 203 1
15 28 1
120 180 1
84 259 1
31 131 1
86 257 1
37 155 1
15 258 1
167 220 1
90 212 1
90 259 1
49 66 1
68 98 1
91 274 1
75 198 1
102 175 1
19 89 1
72 159 1
166 254 1
64 255 1
16 24 1
7 96 1
40 182 1
173 271 1
140 251 1
176 254 1
199 205 1
20 150 1
74 145 1
16 25 1
67 190 1
4 156 1
85 162 1
63 104 1
83 204 1
157 233 1
8 14 1
141 152 1
8 147 1
76 194 1
68 206 1
4 248 1
140 213 1
156 180 1
54 183 1
15 36 1
17 221 1
149 229 1
99 231 1
74 101 1
206 210 1
96 107 1
217 258 1
88 114 1
32 265 1
41 72 1
165 251 1
65 227 1
29 132 1
82 221 1
133 191 1
137 248 1
26 201 1
2 10 1
33 262 1
115 227 1
58 197 1
138 211 1
40 201 1
103 182 1
20 232 1
84 253 1
82 184 1
26 212 1
213 246 1
5 170 1
142 255 1
6 141 1
28 67 1
99 159 1
14 110 1
210 214 1
26 167 1
83 225 1
52 226 1
59 264 1
71 119 1
19 131 1
44 200 1
14 67 1
113 166 1
18 23 1
36 254 1
28 45 1
20 76 1
172 233 1
63 163 1
112 135 1
22 237 1
11 40 1
20 110 1
6 191 1
82 117 1
183 234 1
95 125 1
172 264 1
147 150 1
24 51 1
71 238 1
90 113 1
39 161 1
200 201 1
211 223 1
189 244 1
173 228 1
69 131 1
136 214 1
55 259 1
217 218 1
114 188 1
10 67 1
54 90 1
159 229 1
17 106 1
129 192 1
72 230 1
14 271 1
32 113 1
207 220 1
233 256 1
49 241 1
49 262 1
33 253 1
31 250 1
193 259 1
37 40 1
75 159 1
143 175 1
57 59 1
128 180 1
70 165 1
124 196 1
59 207 1
17 168 1
64 217 1
112 133 1
111 203 1
120 144 1
182 270 1
42 150 1
66 187 1
222 231 1
17 98 1
73 121 1
25 156 1
45 200 1
200 246 1
29 117 1
8 10 1
71 197 1
54 226 1
153 183 1
41 203 1
99 149 1
175 198 1
141 261 1
240 248 1
208 256 1
70 205 1
102 205 1
107 129 1
77 146 1
139 206 1
106 213 1
27 148 1
9 250 1
68 232 1
4 273 1
147 152 1
69 96 1
51 113 1
15 207 1
16 85 1
31 147 1
220 228 1
51 132 1
154 233 1
128 163 1
17 110 1
41 253 1
136 138 1
15 92 1
18 205 1
76 241 1
169 214 1
22 96 1
105 203 1
165 262 1
10 120 1
195 216 1
52 237 1
195 267 1
205 271 1
99 234 1
105 211 1
117 139 1
73 154 1
2 85 1
48 203 1
94 230 1
128 141 1
68 189 1
176 232 1
109 228 1
29 185 1
24 168 1
36 80 1
161 218 1
31 176 1
12 259 1
112 275 1
5 61 1
30 90 1
63 77 1
17 169 1
34 47 1
21 236 1
129 253 1
13 87 1
74 81 1
115 248 1
71 97 1
161 191 1
68 108 1
92 244 1
236 243 1
140 272 1
50 79 1
218 225 1
124 272 1
21 128 1
106 109 1
121 149 1
106 192 1
183 194 1
16 231 1
116 130 1
206 237 1
174 183 1
82 139 1
49 130 1
100 147 1
26 197 1
24 102 1
226 244 1
96 172 1
5 246 1
78 272 1
125 146 1
102 195 1
57 205 1
59 87 1
18 172 1
173 232 1
68 254 1
95 198 1
180 194 1
221 253 1
47 220 1
1 65 1
172 272 1
120 160 1
53 115 1
54 116 1
94 260 1
190 249 1
60 151 1
199 248 1
22 229 1
22 155 1
153 250 1
96 209 1
168 193 1
186 264 1
64 239 1
53 113 1
90 112 1
165 232 1
204 224 1
188 218 1
42 68 1
69 102 1
128 227 1
81 268 1
24 125 1
2 254 1
226 273 1
43 210 1
143 273 1
107 183 1
61 236 1
49 96 1
50 204 1
90 130 1
33 152 1
42 70 1
21 100 1
16 104 1
124 160 1
62 248 1
40 183 1
58 127 1
213 266 1
10 252 1
159 210 1
116 147 1
88 119 1
45 73 1
16 162 1
44 174 1
93 194 1
171 266 1
6 113 1
113 151 1
165 212 1
224 237 1
88 129 1
6 119 1
178 257 1
5 264 1
18 121 1
13 136 1
