1 22 5
1 80 5
1 141 5
1 219 5
1 286 5
1 325 5
2 55 5
2 156 5
2 161 5
3 11 5
3 21 5
3 93 5
3 94 5
3 339 5
4 46 5
4 308 5
5 224 5
5 228 5
5 264 5
5 271 5
6 70 5
6 216 5
7 12 5
7 18 5
7 167 5
7 254 5
7 290 5
7 304 5
8 99 5
8 349 5
9 333 5
9 349 5
10 36 5
11 144 5
12 40 5
12 91 5
13 40 5
13 117 5
13 140 5
13 199 5
13 239 5
13 270 5
13 292 5
14 43 5
14 97 5
14 259 5
14 271 5
14 289 5
14 305 5
15 66 5
15 78 5
15 93 5
15 162 5
15 167 5
15 247 5
15 328 5
16 107 5
16 155 5
17 74 5
17 106 5
17 115 5
17 156 5
17 169 5
18 32 5
18 75 5
18 294 5
19 41 5
19 208 5
19 275 5
20 74 5
20 187 5
21 100 5
21 298 5
21 337 5
23 141 5
23 217 5
23 248 5
23 284 5
24 125 5
24 191 5
25 51 5
25 152 5
25 340 5
26 224 5
26 230 5
27 28 5
27 138 5
27 170 5
27 186 5
28 124 5
29 34 5
29 70 5
29 76 5
29 136 5
29 137 5
29 341 5
30 47 5
30 72 5
30 251 5
31 131 5
31 147 5
32 129 5
32 205 5
32 211 5
32 320 5
33 69 5
33 250 5
34 52 5
34 168 5
34 215 5
34 231 5
34 294 5
34 314 5
35 160 5
35 221 5
35 322 5
36 44 5
36 122 5
36 236 5
37 134 5
37 170 5
37 363 5
38 181 5
39 84 5
39 92 5
39 103 5
39 205 5
39 289 5
39 291 5
40 71 5
40 99 5
40 230 5
40 244 5
41 163 5
41 177 5
41 328 5
41 333 5
42 84 5
42 186 5
42 294 5
44 91 5
44 154 5
44 253 5
44 332 5
45 64 5
45 67 5
45 84 5
45 118 5
45 240 5
45 248 5
45 362 5
46 180 5
46 358 5
47 71 5
47 125 5
47 172 5
48 65 5
48 103 5
48 207 5
48 271 5
48 282 5
49 62 5
49 254 5
49 342 5
50 125 5
50 269 5
50 323 5
51 77 5
51 109 5
51 270 5
51 358 5
52 290 5
53 236 5
53 263 5
53 284 5
53 286 5
53 300 5
53 307 5
54 82 5
54 174 5
55 95 5
55 118 5
56 145 5
56 230 5
56 290 5
57 120 5
57 151 5
57 215 5
57 305 5
58 63 5
58 122 5
58 236 5
58 302 5
59 80 5
59 119 5
59 138 5
59 196 5
59 281 5
59 282 5
60 107 5
60 224 5
62 171 5
62 236 5
62 288 5
62 319 5
63 173 5
63 285 5
63 336 5
64 144 5
64 157 5
64 243 5
65 132 5
65 262 5
65 329 5
65 363 5
66 138 5
66 173 5
66 233 5
67 82 5
67 153 5
67 189 5
67 231 5
67 288 5
69 125 5
69 316 5
70 144 5
70 201 5
70 226 5
71 87 5
71 190 5
71 339 5
72 100 5
73 170 5
73 349 5
75 110 5
75 145 5
75 154 5
75 312 5
76 117 5
76 157 5
76 233 5
76 249 5
76 359 5
77 87 5
77 211 5
78 263 5
79 97 5
79 128 5
79 137 5
79 232 5
80 137 5
80 140 5
80 164 5
80 263 5
80 304 5
81 287 5
83 204 5
83 365 5
84 235 5
84 248 5
84 336 5
85 88 5
85 107 5
85 253 5
85 261 5
85 312 5
87 105 5
87 156 5
87 194 5
87 221 5
87 334 5
88 223 5
89 111 5
89 149 5
89 309 5
89 324 5
90 181 5
91 190 5
91 242 5
91 275 5
91 281 5
91 310 5
91 322 5
91 362 5
92 133 5
92 160 5
92 179 5
92 270 5
92 349 5
93 184 5
93 253 5
93 257 5
94 117 5
94 233 5
94 319 5
95 260 5
95 294 5
96 248 5
96 352 5
97 184 5
97 267 5
98 117 5
98 214 5
98 286 5
99 230 5
99 322 5
99 352 5
100 182 5
100 219 5
100 322 5
100 331 5
101 105 5
101 180 5
101 260 5
101 347 5
101 348 5
102 149 5
102 165 5
102 330 5
103 115 5
103 203 5
103 231 5
103 235 5
103 237 5
104 112 5
104 158 5
104 178 5
104 179 5
104 269 5
104 322 5
105 137 5
106 297 5
106 323 5
106 339 5
107 130 5
107 142 5
107 181 5
107 185 5
107 213 5
107 332 5
108 230 5
108 328 5
109 340 5
110 134 5
110 199 5
110 302 5
111 235 5
111 242 5
111 336 5
112 275 5
112 287 5
112 294 5
113 136 5
113 315 5
114 167 5
114 269 5
115 159 5
115 243 5
115 274 5
115 281 5
115 340 5
116 143 5
117 139 5
117 170 5
117 199 5
117 338 5
118 166 5
118 172 5
118 187 5
119 258 5
119 295 5
120 142 5
120 196 5
120 297 5
120 306 5
121 126 5
121 223 5
121 294 5
122 245 5
123 200 5
123 226 5
124 137 5
124 141 5
124 250 5
124 362 5
125 164 5
125 242 5
125 333 5
127 217 5
128 216 5
128 247 5
129 221 5
129 249 5
130 199 5
130 214 5
130 273 5
130 316 5
131 260 5
131 284 5
132 185 5
132 229 5
132 261 5
133 240 5
133 268 5
134 191 5
134 298 5
134 349 5
135 255 5
136 151 5
136 185 5
136 253 5
136 305 5
136 352 5
137 160 5
137 204 5
137 219 5
137 294 5
138 168 5
138 258 5
138 278 5
138 355 5
139 193 5
139 208 5
139 233 5
139 355 5
140 251 5
140 365 5
141 168 5
142 207 5
143 175 5
143 259 5
143 273 5
143 277 5
143 310 5
144 311 5
145 185 5
145 264 5
146 253 5
147 185 5
147 219 5
147 223 5
147 306 5
148 260 5
148 328 5
148 349 5
149 348 5
150 215 5
150 322 5
151 161 5
151 191 5
151 229 5
151 268 5
151 273 5
151 295 5
152 197 5
152 218 5
153 248 5
154 236 5
154 243 5
155 255 5
156 216 5
156 244 5
157 353 5
158 247 5
158 332 5
159 193 5
159 206 5
159 302 5
161 163 5
161 204 5
161 294 5
161 303 5
162 173 5
163 180 5
163 195 5
164 322 5
165 184 5
167 208 5
167 258 5
168 196 5
168 248 5
169 214 5
169 273 5
169 358 5
171 296 5
171 309 5
172 282 5
174 261 5
175 198 5
175 206 5
175 292 5
176 194 5
176 362 5
177 342 5
178 192 5
178 254 5
178 316 5
179 185 5
179 213 5
179 239 5
179 259 5
179 302 5
179 304 5
180 312 5
181 195 5
181 300 5
182 186 5
183 200 5
184 359 5
186 261 5
186 295 5
187 196 5
187 239 5
187 339 5
188 243 5
188 258 5
189 233 5
189 272 5
189 318 5
189 321 5
190 249 5
191 250 5
191 299 5
192 227 5
192 314 5
192 323 5
195 222 5
195 296 5
196 233 5
197 254 5
197 281 5
197 294 5
198 246 5
198 272 5
198 273 5
199 245 5
199 254 5
199 337 5
199 355 5
199 359 5
200 246 5
200 247 5
200 305 5
201 226 5
202 267 5
203 343 5
203 350 5
204 268 5
204 273 5
204 310 5
205 329 5
206 238 5
206 248 5
206 327 5
208 312 5
209 261 5
211 217 5
211 223 5
212 269 5
212 360 5
212 365 5
213 266 5
214 220 5
214 222 5
214 234 5
214 254 5
214 288 5
214 346 5
214 359 5
215 260 5
215 288 5
215 305 5
217 218 5
217 259 5
218 247 5
218 287 5
219 220 5
219 240 5
222 254 5
224 297 5
224 360 5
226 253 5
227 268 5
228 231 5
229 325 5
231 323 5
231 334 5
232 241 5
232 253 5
232 287 5
232 363 5
235 303 5
239 245 5
239 304 5
240 258 5
240 269 5
245 301 5
246 247 5
247 270 5
247 319 5
248 265 5
249 346 5
250 265 5
251 339 5
254 268 5
255 326 5
255 337 5
257 267 5
258 283 5
259 261 5
259 301 5
260 267 5
260 313 5
260 339 5
261 287 5
262 273 5
263 303 5
264 311 5
264 316 5
264 355 5
266 274 5
266 296 5
266 317 5
268 328 5
270 301 5
270 365 5
271 273 5
274 289 5
275 292 5
276 360 5
277 278 5
280 282 5
284 350 5
285 287 5
285 291 5
287 335 5
287 346 5
289 310 5
293 299 5
300 342 5
306 313 5
306 324 5
309 317 5
313 330 5
313 343 5
314 343 5
319 361 5
322 356 5
322 362 5
323 345 5
325 329 5
329 345 5
332 345 5
332 347 5
338 340 5
340 359 5
342 360 5
349 356 5
77 91 5
312 343 5
189 236 5
280 290 5
124 206 5
154 358 5
48 149 5
226 385 5
269 292 5
183 197 5
222 350 5
230 354 5
5 341 5
36 276 5
114 327 5
63 89 5
264 374 5
31 51 5
281 383 5
3 12 5
188 239 5
8 32 5
88 286 5
233 249 5
28 356 5
103 305 5
56 249 5
206 253 5
68 314 5
127 394 5
26 262 5
154 362 5
257 307 5
11 186 5
96 239 5
98 261 5
334 365 5
105 291 5
51 337 5
79 139 5
241 364 5
55 284 5
260 369 5
108 208 5
7 172 5
100 197 5
268 327 5
182 241 5
92 104 5
8 37 5
189 341 5
293 401 5
124 231 5
41 301 5
275 336 5
329 354 5
218 395 5
25 187 5
101 358 5
31 201 5
226 371 5
55 199 5
289 380 5
369 393 5
71 376 5
28 259 5
100 389 5
224 291 5
123 296 5
169 331 5
131 356 5
96 348 5
282 349 5
44 49 5
147 311 5
136 322 5
119 190 5
77 263 5
97 230 5
141 240 5
168 278 5
171 265 5
341 394 5
154 235 5
156 188 5
76 318 5
110 171 5
58 338 5
53 125 5
106 107 5
26 200 5
242 389 5
177 217 5
137 313 5
78 278 5
225 355 5
117 395 5
56 218 5
43 59 5
246 364 5
111 198 5
236 308 5
245 281 5
37 77 5
142 297 5
95 184 5
97 240 5
55 155 5
292 346 5
23 39 5
241 336 5
357 377 5
194 329 5
85 387 5
120 236 5
106 305 5
212 230 5
12 182 5
55 121 5
23 259 5
114 335 5
118 246 5
210 345 5
155 300 5
10 308 5
147 250 5
225 346 5
176 346 5
90 260 5
4 399 5
379 381 5
103 280 5
187 191 5
60 318 5
307 318 5
240 340 5
103 129 5
84 386 5
55 73 5
212 380 5
60 137 5
154 199 5
284 374 5
99 374 5
175 232 5
43 282 5
145 154 5
160 344 5
3 292 5
333 382 5
271 282 5
220 384 5
72 376 5
144 368 5
102 178 5
195 311 5
310 393 5
64 193 5
37 235 5
238 268 5
8 353 5
161 221 5
52 96 5
171 176 5
180 344 5
151 224 5
42 122 5
193 206 5
16 246 5
190 336 5
95 203 5
4 99 5
235 267 5
269 304 5
141 178 5
148 243 5
63 129 5
297 381 5
187 228 5
66 129 5
24 128 5
303 330 5
320 345 5
220 328 5
206 314 5
202 377 5
67 390 5
211 330 5
23 370 5
106 212 5
244 307 5
296 347 5
132 275 5
12 123 5
201 334 5
300 357 5
228 401 5
331 393 5
149 244 5
48 319 5
62 192 5
24 123 5
258 307 5
52 227 5
230 329 5
37 244 5
209 383 5
82 139 5
94 118 5
133 393 5
133 147 5
76 293 5
124 135 5
114 298 5
31 183 5
279 305 5
153 234 5
257 277 5
59 257 5
106 168 5
100 387 5
222 238 5
7 140 5
170 233 5
197 302 5
298 343 5
106 189 5
91 302 5
323 388 5
87 177 5
17 391 5
54 242 5
297 310 5
118 355 5
166 296 5
122 338 5
15 281 5
19 174 5
21 343 5
218 325 5
294 316 5
94 232 5
154 322 5
75 395 5
81 308 5
325 397 5
143 378 5
38 238 5
355 360 5
65 197 5
259 322 5
133 201 5
273 379 5
292 294 5
288 393 5
183 380 5
13 180 5
72 333 5
7 66 5
80 387 5
3 219 5
361 383 5
52 292 5
71 83 5
208 318 5
238 352 5
65 83 5
110 337 5
133 401 5
124 302 5
156 288 5
103 139 5
169 174 5
71 248 5
223 312 5
129 233 5
214 298 5
21 162 5
104 305 5
93 104 5
111 127 5
248 330 5
38 283 5
14 183 5
111 157 5
70 138 5
240 312 5
152 208 5
85 351 5
397 399 5
172 304 5
141 197 5
30 116 5
162 293 5
334 338 5
116 385 5
63 387 5
345 363 5
23 218 5
206 359 5
46 168 5
29 275 5
6 82 5
163 181 5
104 251 5
231 276 5
27 153 5
15 342 5
135 306 5
185 362 5
248 250 5
285 347 5
42 264 5
101 294 5
146 320 5
60 194 5
138 174 5
26 348 5
50 301 5
130 350 5
174 398 5
85 229 5
187 358 5
91 333 5
117 164 5
12 125 5
36 143 5
369 372 5
68 257 5
176 265 5
286 324 5
41 132 5
61 388 5
33 230 5
109 178 5
106 235 5
24 63 5
190 210 5
92 121 5
301 328 5
97 310 5
11 17 5
239 380 5
61 95 5
119 325 5
77 343 5
320 383 5
52 208 5
41 109 5
84 149 5
319 360 5
254 383 5
53 115 5
191 217 5
163 309 5
143 290 5
153 259 5
170 307 5
131 367 5
264 323 5
278 363 5
281 399 5
259 278 5
299 333 5
88 386 5
46 344 5
5 373 5
130 325 5
86 188 5
346 394 5
160 350 5
281 283 5
261 386 5
49 188 5
299 385 5
109 260 5
106 261 5
118 212 5
216 383 5
40 88 5
133 304 5
381 383 5
104 380 5
110 263 5
127 239 5
187 255 5
209 360 5
139 344 5
68 187 5
130 366 5
170 239 5
102 297 5
16 108 5
71 219 5
306 323 5
110 298 5
111 164 5
278 287 5
215 387 5
52 148 5
75 185 5
143 239 5
49 283 5
236 288 5
77 388 5
125 284 5
140 179 5
63 69 5
57 283 5
47 392 5
230 355 5
41 115 5
289 336 5
93 145 5
3 9 5
288 291 5
44 51 5
286 313 5
300 331 5
35 127 5
213 255 5
317 340 5
221 354 5
373 400 5
285 399 5
111 228 5
15 228 5
151 188 5
243 350 5
30 333 5
219 245 5
305 335 5
253 338 5
63 202 5
1 171 5
117 197 5
161 295 5
178 195 5
95 159 5
58 288 5
109 110 5
130 246 5
25 250 5
159 269 5
140 150 5
73 236 5
126 161 5
9 73 5
119 145 5
274 363 5
218 390 5
111 158 5
24 223 5
53 361 5
118 320 5
183 299 5
27 29 5
53 100 5
258 276 5
14 394 5
80 302 5
160 278 5
134 241 5
325 351 5
223 385 5
202 359 5
115 285 5
179 385 5
212 345 5
231 329 5
12 336 5
300 364 5
112 399 5
88 387 5
154 329 5
73 80 5
127 232 5
260 357 5
71 306 5
128 256 5
128 214 5
84 329 5
385 401 5
211 262 5
91 328 5
212 336 5
110 175 5
286 371 5
58 180 5
107 345 5
89 284 5
9 186 5
142 393 5
135 341 5
119 195 5
262 319 5
80 262 5
246 335 5
245 290 5
97 100 5
179 272 5
149 282 5
61 229 5
172 279 5
234 240 5
25 333 5
242 324 5
239 254 5
58 357 5
120 392 5
200 348 5
253 348 5
170 352 5
240 282 5
86 378 5
12 338 5
293 321 5
85 149 5
25 35 5
265 393 5
268 325 5
181 289 5
199 320 5
33 377 5
154 225 5
40 100 5
23 365 5
120 374 5
73 206 5
286 291 5
122 297 5
42 227 5
261 384 5
190 286 5
90 254 5
149 357 5
109 177 5
96 209 5
307 314 5
132 144 5
138 256 5
233 305 5
23 219 5
23 279 5
163 168 5
289 387 5
131 285 5
2 391 5
191 268 5
29 348 5
95 117 5
366 386 5
266 276 5
60 181 5
179 277 5
316 386 5
204 289 5
95 147 5
24 384 5
117 150 5
175 259 5
37 61 5
39 59 5
51 399 5
70 302 5
26 90 5
83 238 5
55 112 5
187 349 5
126 366 5
62 350 5
40 339 5
237 259 5
32 219 5
221 356 5
40 213 5
149 396 5
126 274 5
260 397 5
123 161 5
65 148 5
323 375 5
304 377 5
86 251 5
50 163 5
297 376 5
234 307 5
17 265 5
197 372 5
85 236 5
152 184 5
129 384 5
243 277 5
71 124 5
75 261 5
291 397 5
193 235 5
373 393 5
42 207 5
89 114 5
102 184 5
248 336 5
162 265 5
199 358 5
235 356 5
90 265 5
106 320 5
54 218 5
13 161 5
124 308 5
14 274 5
107 377 5
20 279 5
171 394 5
226 284 5
81 327 5
1 66 5
261 300 5
132 338 5
244 256 5
159 192 5
110 150 5
344 391 5
163 187 5
108 250 5
273 298 5
150 287 5
56 317 5
141 142 5
296 339 5
76 140 5
72 296 5
305 375 5
276 302 5
34 147 5
79 165 5
43 274 5
105 302 5
136 216 5
138 291 5
162 316 5
34 201 5
23 312 5
52 256 5
236 266 5
347 375 5
13 314 5
290 394 5
36 360 5
99 123 5
141 187 5
68 160 5
246 357 5
208 295 5
93 209 5
199 370 5
81 353 5
294 336 5
3 129 5
22 273 5
175 358 5
7 293 5
15 297 5
46 359 5
4 56 5
190 241 5
270 309 5
187 350 5
28 394 5
34 197 5
226 277 5
192 386 5
61 285 5
229 320 5
93 155 5
161 186 5
58 200 5
15 129 5
132 246 5
85 143 5
11 395 5
15 65 5
270 401 5
263 330 5
27 125 5
296 326 5
74 281 5
116 358 5
13 107 5
167 185 5
327 329 5
128 242 5
159 343 5
85 332 5
316 325 5
168 381 5
37 339 5
52 341 5
79 372 5
64 339 5
76 210 5
264 291 5
166 303 5
68 240 5
64 67 5
168 305 5
109 194 5
62 197 5
266 378 5
106 121 5
29 131 5
80 215 5
70 185 5
207 231 5
122 306 5
241 254 5
209 387 5
54 349 5
11 48 5
193 288 5
386 389 5
49 396 5
254 334 5
98 374 5
38 199 5
177 325 5
319 352 5
108 181 5
159 285 5
386 399 5
44 210 5
157 207 5
97 327 5
167 362 5
213 227 5
280 346 5
271 349 5
45 285 5
244 395 5
92 317 5
267 318 5
9 24 5
46 279 5
277 399 5
55 162 5
275 371 5
98 153 5
199 267 5
37 151 5
35 227 5
244 264 5
211 314 5
114 271 5
29 328 5
243 264 5
120 181 5
181 201 5
277 300 5
78 347 5
175 312 5
1 121 5
98 354 5
37 95 5
261 263 5
123 129 5
106 115 5
5 219 5
332 385 5
247 320 5
38 247 5
311 376 5
61 398 5
172 321 5
44 321 5
365 398 5
91 237 5
127 220 5
3 79 5
132 389 5
166 274 5
246 278 5
56 229 5
282 375 5
127 147 5
84 173 5
225 395 5
220 295 5
54 139 5
65 97 5
28 132 5
166 222 5
337 386 5
20 340 5
80 136 5
9 143 5
246 388 5
301 359 5
239 288 5
33 348 5
30 37 5
262 278 5
222 228 5
292 308 5
38 392 5
156 392 5
332 401 5
213 351 5
11 21 5
102 153 5
29 347 5
59 212 5
171 320 5
298 339 5
203 334 5
153 368 5
63 267 5
93 321 5
227 284 5
56 347 5
120 337 5
102 267 5
192 387 5
202 289 5
6 391 5
26 107 5
8 310 5
166 400 5
62 79 5
337 354 5
67 377 5
6 178 5
98 111 5
66 98 5
227 324 5
12 260 5
186 346 5
198 209 5
159 171 5
9 177 5
107 221 5
301 356 5
88 120 5
239 373 5
254 308 5
264 321 5
41 356 5
138 326 5
95 138 5
133 204 5
288 394 5
64 338 5
72 335 5
145 315 5
92 226 5
163 385 5
4 118 5
91 284 5
255 310 5
163 329 5
235 265 5
155 262 5
79 305 5
114 400 5
246 275 5
239 246 5
161 310 5
248 305 5
65 243 5
6 291 5
53 363 5
367 390 5
243 272 5
129 151 5
32 313 5
66 394 5
293 297 5
217 291 5
82 135 5
237 327 5
69 373 5
222 373 5
263 356 5
227 391 5
288 388 5
229 356 5
156 159 5
29 379 5
60 350 5
24 28 5
245 318 5
315 399 5
51 223 5
22 325 5
292 304 5
263 313 5
125 341 5
197 351 5
256 330 5
238 357 5
68 83 5
111 134 5
68 96 5
96 228 5
16 123 5
251 334 5
39 237 5
3 89 5
59 327 5
183 350 5
168 230 5
26 284 5
153 180 5
108 376 5
7 285 5
136 163 5
24 319 5
192 369 5
63 386 5
18 74 5
258 342 5
79 297 5
81 177 5
57 308 5
80 240 5
256 309 5
79 212 5
6 258 5
36 53 5
37 115 5
172 338 5
33 350 5
162 317 5
147 225 5
315 379 5
293 309 5
255 371 5
104 204 5
50 333 5
10 129 5
244 339 5
109 322 5
114 149 5
178 257 5
167 287 5
176 371 5
57 320 5
219 281 5
177 235 5
37 286 5
91 329 5
