1 2 4
1 5 4
1 36 4
1 48 4
1 109 4
1 136 4
1 148 4
1 173 4
1 188 4
1 207 4
1 216 4
1 267 4
1 274 4
1 275 4
1 280 4
1 330 4
1 332 4
1 364 4
2 3 4
2 6 4
2 17 4
2 139 4
2 142 4
2 190 4
2 274 4
2 279 4
2 302 4
2 330 4
2 331 4
2 332 4
2 364 4
2 365 4
3 4 4
3 6 4
3 19 4
3 85 4
3 130 4
3 299 4
3 301 4
3 317 4
3 321 4
4 5 4
4 7 4
4 8 4
4 58 4
4 108 4
4 213 4
4 336 4
4 365 4
5 6 4
5 7 4
5 8 4
5 181 4
5 199 4
6 7 4
6 9 4
6 11 4
6 49 4
6 107 4
6 159 4
6 164 4
7 9 4
7 11 4
7 42 4
7 113 4
7 170 4
7 297 4
8 11 4
8 12 4
8 149 4
8 171 4
8 193 4
8 297 4
8 340 4
9 13 4
9 40 4
9 47 4
9 108 4
9 114 4
9 146 4
9 244 4
9 357 4
9 362 4
10 11 4
10 28 4
10 52 4
10 61 4
10 122 4
10 167 4
10 177 4
10 338 4
10 355 4
10 358 4
11 12 4
11 14 4
11 15 4
11 61 4
11 72 4
12 14 4
12 16 4
12 22 4
12 33 4
12 67 4
12 100 4
12 142 4
12 177 4
12 236 4
12 261 4
12 324 4
13 17 4
13 97 4
13 174 4
13 192 4
13 271 4
13 280 4
14 17 4
14 18 4
14 116 4
14 185 4
14 194 4
14 200 4
14 271 4
14 295 4
15 16 4
15 19 4
15 26 4
15 222 4
15 301 4
15 358 4
16 18 4
16 20 4
16 91 4
16 99 4
16 109 4
16 193 4
16 206 4
16 290 4
16 334 4
17 18 4
17 67 4
17 274 4
17 300 4
17 334 4
18 20 4
18 21 4
18 39 4
18 132 4
18 205 4
18 283 4
18 348 4
19 21 4
19 23 4
19 54 4
19 151 4
19 212 4
19 278 4
19 305 4
19 321 4
20 22 4
20 85 4
20 143 4
20 198 4
20 236 4
20 257 4
20 284 4
21 113 4
21 182 4
21 191 4
22 25 4
22 54 4
22 94 4
22 139 4
22 186 4
22 263 4
23 25 4
23 27 4
23 36 4
23 45 4
23 84 4
23 114 4
23 129 4
23 132 4
23 157 4
23 278 4
23 296 4
23 331 4
24 27 4
24 39 4
24 51 4
24 143 4
24 205 4
24 210 4
24 211 4
24 241 4
24 352 4
25 27 4
25 28 4
25 29 4
25 232 4
25 302 4
26 203 4
26 263 4
26 275 4
26 353 4
27 169 4
27 183 4
27 230 4
27 286 4
27 354 4
28 29 4
28 32 4
28 54 4
28 97 4
28 255 4
29 30 4
29 49 4
29 83 4
29 111 4
29 155 4
29 269 4
30 59 4
30 68 4
30 76 4
30 79 4
30 182 4
30 207 4
30 307 4
31 34 4
31 35 4
31 51 4
31 107 4
31 228 4
31 240 4
31 288 4
31 348 4
32 33 4
32 34 4
32 35 4
32 36 4
32 112 4
32 121 4
32 258 4
33 34 4
33 35 4
33 71 4
33 78 4
33 87 4
33 98 4
33 195 4
34 36 4
34 38 4
34 142 4
34 216 4
34 277 4
35 37 4
35 39 4
35 78 4
35 218 4
35 301 4
36 40 4
36 47 4
36 84 4
37 39 4
37 105 4
37 145 4
37 228 4
38 42 4
38 54 4
38 154 4
38 160 4
38 217 4
38 342 4
38 365 4
39 40 4
39 43 4
39 61 4
39 144 4
39 254 4
40 41 4
40 43 4
40 44 4
40 82 4
40 144 4
41 44 4
41 45 4
41 254 4
41 287 4
42 44 4
42 45 4
42 46 4
42 207 4
43 44 4
43 47 4
43 185 4
43 261 4
43 360 4
44 46 4
44 48 4
44 59 4
44 89 4
44 119 4
45 47 4
45 58 4
45 63 4
45 77 4
45 263 4
46 47 4
46 48 4
46 49 4
46 50 4
46 55 4
46 225 4
46 290 4
47 51 4
47 168 4
47 196 4
47 208 4
47 245 4
48 49 4
48 50 4
48 91 4
48 103 4
48 107 4
49 51 4
49 57 4
49 70 4
49 102 4
49 296 4
50 52 4
50 53 4
50 54 4
50 190 4
50 267 4
51 59 4
51 80 4
51 120 4
51 172 4
52 55 4
52 82 4
52 86 4
52 90 4
52 189 4
52 212 4
53 54 4
53 55 4
53 204 4
54 58 4
55 83 4
55 211 4
55 246 4
55 294 4
55 310 4
55 322 4
56 57 4
56 69 4
56 222 4
56 317 4
57 58 4
57 61 4
57 74 4
57 95 4
57 159 4
57 283 4
58 60 4
58 114 4
58 141 4
58 332 4
59 63 4
59 88 4
59 285 4
60 62 4
60 64 4
60 124 4
60 139 4
60 190 4
60 211 4
61 65 4
61 76 4
61 267 4
62 64 4
62 65 4
62 99 4
62 302 4
63 66 4
63 67 4
63 156 4
63 303 4
64 65 4
64 66 4
64 67 4
64 68 4
65 66 4
65 67 4
65 69 4
65 149 4
65 225 4
66 67 4
66 70 4
66 140 4
67 70 4
67 71 4
67 115 4
67 176 4
67 180 4
67 212 4
67 290 4
68 69 4
68 71 4
68 72 4
68 174 4
68 259 4
69 70 4
69 187 4
69 221 4
70 71 4
70 72 4
70 86 4
70 123 4
70 234 4
71 95 4
71 101 4
71 182 4
71 220 4
71 232 4
72 74 4
72 150 4
72 155 4
72 233 4
72 284 4
72 285 4
72 309 4
73 74 4
73 75 4
73 77 4
73 103 4
73 276 4
74 75 4
74 78 4
74 332 4
75 76 4
75 77 4
75 79 4
75 218 4
75 242 4
75 308 4
76 77 4
76 78 4
76 80 4
76 145 4
76 264 4
77 78 4
77 79 4
77 136 4
78 82 4
78 104 4
78 322 4
79 80 4
79 83 4
79 101 4
79 102 4
79 171 4
79 176 4
79 198 4
79 295 4
79 330 4
80 81 4
80 84 4
80 248 4
81 83 4
81 85 4
81 89 4
81 123 4
81 132 4
81 156 4
82 86 4
82 247 4
83 85 4
83 87 4
83 128 4
83 179 4
83 263 4
83 294 4
84 85 4
84 87 4
84 132 4
84 269 4
84 295 4
85 89 4
85 93 4
85 149 4
85 254 4
85 331 4
85 353 4
86 87 4
86 89 4
86 90 4
87 88 4
87 91 4
87 164 4
87 262 4
88 89 4
88 92 4
88 196 4
89 91 4
89 93 4
89 144 4
89 186 4
89 320 4
90 92 4
90 94 4
90 95 4
90 336 4
91 95 4
91 117 4
91 157 4
91 207 4
91 270 4
92 94 4
92 148 4
92 155 4
92 189 4
92 266 4
93 97 4
93 287 4
93 295 4
93 313 4
94 95 4
94 98 4
94 155 4
94 163 4
94 254 4
95 96 4
95 99 4
95 109 4
95 114 4
95 209 4
95 337 4
96 97 4
96 154 4
96 283 4
97 98 4
97 99 4
97 101 4
97 149 4
98 99 4
98 130 4
98 144 4
98 180 4
98 317 4
99 100 4
99 101 4
99 103 4
99 104 4
99 176 4
99 196 4
100 101 4
100 103 4
100 104 4
100 144 4
100 151 4
101 102 4
101 105 4
101 174 4
102 172 4
102 185 4
103 104 4
103 105 4
103 239 4
103 247 4
104 108 4
104 153 4
104 183 4
105 106 4
105 107 4
105 109 4
105 322 4
106 108 4
106 109 4
106 121 4
106 156 4
107 110 4
107 111 4
107 136 4
107 196 4
107 233 4
107 269 4
107 292 4
108 151 4
108 205 4
108 247 4
108 305 4
109 110 4
109 111 4
109 113 4
109 129 4
109 257 4
110 111 4
110 114 4
110 166 4
110 173 4
110 263 4
110 276 4
110 343 4
111 112 4
111 113 4
111 115 4
111 202 4
111 321 4
112 113 4
112 115 4
112 116 4
112 148 4
112 157 4
112 268 4
113 115 4
113 117 4
113 128 4
113 165 4
113 300 4
114 126 4
114 314 4
114 363 4
115 116 4
115 118 4
115 264 4
116 119 4
116 120 4
116 136 4
117 121 4
117 162 4
117 254 4
117 292 4
117 308 4
118 119 4
118 120 4
118 122 4
118 127 4
119 120 4
119 121 4
119 123 4
119 158 4
119 166 4
120 134 4
120 187 4
120 205 4
120 233 4
120 364 4
121 122 4
121 124 4
121 134 4
121 223 4
121 252 4
122 124 4
122 125 4
122 234 4
122 255 4
122 287 4
123 127 4
123 229 4
124 125 4
124 126 4
124 223 4
124 232 4
124 338 4
125 126 4
125 128 4
126 127 4
126 128 4
126 130 4
126 266 4
127 147 4
127 157 4
127 185 4
127 273 4
127 292 4
128 130 4
128 132 4
128 283 4
128 322 4
129 130 4
129 339 4
130 190 4
130 193 4
131 203 4
131 215 4
131 251 4
131 260 4
131 284 4
131 288 4
132 149 4
132 256 4
132 294 4
133 134 4
133 135 4
133 136 4
133 137 4
133 179 4
134 138 4
134 145 4
134 151 4
134 256 4
135 137 4
135 138 4
135 154 4
135 195 4
135 321 4
136 137 4
136 140 4
136 170 4
136 288 4
137 140 4
137 141 4
137 226 4
137 232 4
138 139 4
138 140 4
138 141 4
138 216 4
139 140 4
139 141 4
139 142 4
139 241 4
139 318 4
140 141 4
140 144 4
140 290 4
141 145 4
141 152 4
141 191 4
141 214 4
141 235 4
142 146 4
142 288 4
143 144 4
143 145 4
143 146 4
143 147 4
143 228 4
143 309 4
144 148 4
144 238 4
144 252 4
145 147 4
145 148 4
145 149 4
145 173 4
145 220 4
146 148 4
146 172 4
146 192 4
146 245 4
146 320 4
147 148 4
147 149 4
147 151 4
147 171 4
147 266 4
147 275 4
147 277 4
148 151 4
148 319 4
149 151 4
149 153 4
149 288 4
150 151 4
150 153 4
150 154 4
150 186 4
151 230 4
151 232 4
152 153 4
152 154 4
152 156 4
153 157 4
153 258 4
154 155 4
154 182 4
154 280 4
155 157 4
155 159 4
155 233 4
155 294 4
155 302 4
156 157 4
156 159 4
156 193 4
157 187 4
157 233 4
158 159 4
158 325 4
159 163 4
159 189 4
159 230 4
159 259 4
159 350 4
160 162 4
160 163 4
160 164 4
160 186 4
160 198 4
160 267 4
161 163 4
161 164 4
161 165 4
161 284 4
162 163 4
162 164 4
162 166 4
163 165 4
163 166 4
163 286 4
164 165 4
164 166 4
165 167 4
165 169 4
165 253 4
165 312 4
165 347 4
166 190 4
166 271 4
166 289 4
167 168 4
167 212 4
168 171 4
168 172 4
168 198 4
168 256 4
169 170 4
169 171 4
170 171 4
170 173 4
170 174 4
170 205 4
171 172 4
171 174 4
171 189 4
171 259 4
172 173 4
172 174 4
172 199 4
172 310 4
173 174 4
173 175 4
173 325 4
173 331 4
173 347 4
174 178 4
174 225 4
175 176 4
175 179 4
175 192 4
176 177 4
176 330 4
177 179 4
177 181 4
177 194 4
177 351 4
178 179 4
178 260 4
178 292 4
179 183 4
179 256 4
180 182 4
180 184 4
180 282 4
180 297 4
180 341 4
181 183 4
181 277 4
182 184 4
182 193 4
183 184 4
183 185 4
183 187 4
184 188 4
185 186 4
185 188 4
185 210 4
185 252 4
185 277 4
185 286 4
186 188 4
187 355 4
188 189 4
188 190 4
188 191 4
188 314 4
189 190 4
189 191 4
189 193 4
189 241 4
190 191 4
190 192 4
191 192 4
191 194 4
191 195 4
191 227 4
192 193 4
192 315 4
192 339 4
193 237 4
193 258 4
193 298 4
194 196 4
194 197 4
194 200 4
194 247 4
194 315 4
195 196 4
195 197 4
195 199 4
196 197 4
196 200 4
196 320 4
197 198 4
197 201 4
198 289 4
198 297 4
198 302 4
199 200 4
200 203 4
200 204 4
200 264 4
200 281 4
200 353 4
201 204 4
201 205 4
201 211 4
201 261 4
201 286 4
202 204 4
202 206 4
203 205 4
203 211 4
203 263 4
204 262 4
204 296 4
204 326 4
205 209 4
206 208 4
206 210 4
206 334 4
207 208 4
207 211 4
208 210 4
208 211 4
208 212 4
209 211 4
209 212 4
209 213 4
210 212 4
210 230 4
210 269 4
211 212 4
211 280 4
212 214 4
212 216 4
212 255 4
213 214 4
213 217 4
213 305 4
214 215 4
214 218 4
214 248 4
214 251 4
214 254 4
216 217 4
216 218 4
216 219 4
216 274 4
216 285 4
217 219 4
217 221 4
217 313 4
218 222 4
218 242 4
218 244 4
219 220 4
219 222 4
219 227 4
220 221 4
221 223 4
221 258 4
221 271 4
221 355 4
222 223 4
222 224 4
223 224 4
223 225 4
223 226 4
224 226 4
224 227 4
224 256 4
224 283 4
224 356 4
224 365 4
225 227 4
225 229 4
226 227 4
226 230 4
227 247 4
227 254 4
227 257 4
228 230 4
228 232 4
229 257 4
229 328 4
231 232 4
231 234 4
231 235 4
231 318 4
232 233 4
232 235 4
232 236 4
233 235 4
233 317 4
234 236 4
234 237 4
234 238 4
234 282 4
235 236 4
235 237 4
235 238 4
236 239 4
236 267 4
236 275 4
237 239 4
237 350 4
237 362 4
238 240 4
238 242 4
238 285 4
239 242 4
239 243 4
240 243 4
240 302 4
241 243 4
242 243 4
242 244 4
242 245 4
242 246 4
243 244 4
243 246 4
243 247 4
243 287 4
244 337 4
245 246 4
245 247 4
246 247 4
246 249 4
246 250 4
247 251 4
247 305 4
248 250 4
248 252 4
249 250 4
249 251 4
249 252 4
249 253 4
250 272 4
251 252 4
251 255 4
252 255 4
252 256 4
253 255 4
254 255 4
254 258 4
256 257 4
256 265 4
257 261 4
258 260 4
258 262 4
259 263 4
259 291 4
259 318 4
260 261 4
260 262 4
260 264 4
260 286 4
261 265 4
262 264 4
262 266 4
263 264 4
263 348 4
264 266 4
264 268 4
265 266 4
265 267 4
265 325 4
266 270 4
268 271 4
269 272 4
270 272 4
270 274 4
271 272 4
271 273 4
271 275 4
271 354 4
272 273 4
272 274 4
272 276 4
272 315 4
273 274 4
273 275 4
273 276 4
274 276 4
274 277 4
274 335 4
275 276 4
275 277 4
275 346 4
276 279 4
276 280 4
277 280 4
277 324 4
278 281 4
278 282 4
278 295 4
278 337 4
279 280 4
279 281 4
279 283 4
279 331 4
281 283 4
281 299 4
281 302 4
282 283 4
282 286 4
283 284 4
283 285 4
283 286 4
283 287 4
283 356 4
284 286 4
285 288 4
285 289 4
286 301 4
286 302 4
287 288 4
287 290 4
287 291 4
289 290 4
289 291 4
289 292 4
290 291 4
290 294 4
291 292 4
291 293 4
291 295 4
292 293 4
292 296 4
293 294 4
293 295 4
293 296 4
293 297 4
293 310 4
294 298 4
295 296 4
295 297 4
296 299 4
296 300 4
297 299 4
297 301 4
298 299 4
298 300 4
298 360 4
299 302 4
299 303 4
300 301 4
300 303 4
300 308 4
301 302 4
301 303 4
301 305 4
301 322 4
302 304 4
303 305 4
303 306 4
303 362 4
304 305 4
304 306 4
304 308 4
305 309 4
306 307 4
306 308 4
306 309 4
307 308 4
307 309 4
307 310 4
308 311 4
308 312 4
309 310 4
309 311 4
310 311 4
310 313 4
311 312 4
311 313 4
311 314 4
311 315 4
312 313 4
312 314 4
313 314 4
313 315 4
313 316 4
313 317 4
314 317 4
314 318 4
315 316 4
315 318 4
316 317 4
316 318 4
316 319 4
317 319 4
318 319 4
318 320 4
319 322 4
319 323 4
320 321 4
320 324 4
321 325 4
322 323 4
322 325 4
322 326 4
323 324 4
323 325 4
323 326 4
323 327 4
324 325 4
325 326 4
325 328 4
325 329 4
326 328 4
326 329 4
326 330 4
327 328 4
327 329 4
327 330 4
327 331 4
328 330 4
328 331 4
328 332 4
329 330 4
329 331 4
329 332 4
330 332 4
330 334 4
331 332 4
332 333 4
332 334 4
333 334 4
333 335 4
333 336 4
334 335 4
334 336 4
334 338 4
335 336 4
335 337 4
336 338 4
336 339 4
337 339 4
337 340 4
338 340 4
338 341 4
338 342 4
339 340 4
339 341 4
339 342 4
340 341 4
340 343 4
340 344 4
341 342 4
341 344 4
341 345 4
342 343 4
342 344 4
342 345 4
343 344 4
343 346 4
343 347 4
344 345 4
344 346 4
344 347 4
344 348 4
345 346 4
345 347 4
345 348 4
345 349 4
346 347 4
346 349 4
347 348 4
347 349 4
347 350 4
348 349 4
348 351 4
348 352 4
349 350 4
349 351 4
349 352 4
350 352 4
350 353 4
351 352 4
351 353 4
352 353 4
352 354 4
352 355 4
353 355 4
353 356 4
354 355 4
354 357 4
354 358 4
355 356 4
355 357 4
355 358 4
356 358 4
356 359 4
357 358 4
357 359 4
357 361 4
358 359 4
358 360 4
359 360 4
359 361 4
359 362 4
360 361 4
360 362 4
360 363 4
361 362 4
361 363 4
361 364 4
361 365 4
363 365 4
364 365 4
