123 246 1
173 252 1
136 247 1
44 149 1
71 171 1
79 172 1
69 235 1
21 258 1
14 73 1
250 267 1
123 186 1
36 91 1
172 257 1
121 229 1
44 202 1
15 267 1
120 202 1
64 173 1
107 132 1
198 202 1
2 94 1
113 158 1
39 140 1
11 111 1
153 260 1
152 255 1
48 167 1
120 181 1
64 117 1
11 259 1
2 44 1
122 273 1
61 274 1
130 171 1
45 93 1
57 198 1
91 186 1
36 224 1
46 230 1
211 260 1
67 182 1
13 106 1
132 234 1
11 174 1
22 249 1
157 169 1
155 175 1
167 173 1
62 92 1
13 28 1
154 236 1
211 216 1
51 246 1
41 157 1
128 168 1
141 226 1
154 195 1
30 209 1
162 219 1
135 203 1
84 117 1
17 180 1
71 115 1
66 84 1
93 132 1
96 162 1
31 205 1
254 255 1
19 153 1
137 197 1
24 154 1
95 148 1
81 184 1
71 124 1
176 203 1
82 170 1
163 262 1
3 186 1
57 128 1
66 238 1
58 221 1
27 227 1
89 206 1
7 118 1
20 101 1
40 124 1
173 187 1
82 218 1
144 218 1
29 196 1
110 145 1
90 185 1
96 152 1
30 187 1
5 26 1
95 102 1
46 83 1
48 128 1
11 128 1
106 166 1
30 205 1
80 229 1
49 268 1
13 161 1
66 266 1
13 208 1
197 271 1
51 260 1
25 207 1
10 271 1
33 244 1
38 41 1
17 46 1
48 182 1
78 151 1
256 263 1
157 255 1
29 194 1
172 267 1
76 136 1
35 61 1
127 134 1
55 182 1
83 270 1
156 261 1
78 171 1
119 124 1
140 208 1
41 255 1
68 198 1
185 209 1
48 242 1
164 229 1
32 160 1
20 125 1
62 108 1
111 207 1
113 195 1
66 165 1
151 196 1
221 273 1
46 69 1
253 268 1
86 185 1
8 109 1
43 252 1
25 193 1
9 233 1
46 253 1
254 265 1
217 249 1
148 192 1
84 263 1
138 249 1
53 58 1
1 273 1
46 207 1
66 77 1
151 175 1
160 261 1
36 238 1
202 228 1
88 262 1
62 116 1
10 51 1
226 246 1
162 176 1
137 251 1
113 149 1
110 201 1
47 262 1
130 198 1
140 184 1
83 206 1
168 192 1
119 203 1
31 46 1
32 169 1
10 93 1
9 19 1
21 131 1
73 244 1
17 96 1
165 209 1
43 208 1
131 242 1
29 41 1
89 261 1
68 180 1
171 224 1
136 167 1
28 166 1
89 211 1
59 98 1
181 219 1
78 116 1
74 236 1
150 242 1
84 209 1
18 131 1
3 97 1
32 149 1
11 137 1
120 194 1
78 168 1
19 214 1
59 199 1
147 256 1
134 192 1
39 121 1
113 135 1
86 268 1
143 225 1
52 158 1
60 226 1
176 228 1
33 49 1
47 136 1
133 211 1
13 117 1
135 177 1
103 112 1
58 84 1
69 135 1
255 275 1
92 252 1
41 248 1
25 119 1
69 76 1
236 251 1
173 268 1
34 176 1
111 191 1
32 43 1
219 275 1
103 167 1
55 101 1
63 189 1
62 169 1
30 45 1
13 224 1
6 197 1
1 205 1
5 98 1
210 221 1
118 255 1
32 202 1
28 118 1
70 142 1
142 149 1
13 192 1
121 219 1
170 183 1
9 215 1
53 121 1
221 244 1
126 217 1
19 147 1
116 126 1
71 151 1
8 50 1
66 129 1
93 191 1
58 123 1
40 148 1
76 204 1
73 217 1
111 148 1
132 156 1
50 129 1
86 171 1
27 74 1
21 93 1
24 173 1
85 201 1
94 135 1
36 85 1
140 275 1
6 262 1
45 209 1
11 161 1
227 248 1
233 272 1
62 241 1
30 264 1
94 115 1
159 168 1
18 56 1
68 137 1
79 221 1
50 145 1
229 232 1
85 96 1
105 242 1
39 234 1
11 122 1
73 186 1
12 132 1
151 161 1
122 152 1
35 152 1
166 170 1
27 242 1
46 237 1
106 247 1
81 247 1
208 211 1
53 192 1
12 175 1
62 107 1
133 183 1
82 197 1
54 93 1
93 120 1
91 121 1
241 243 1
131 155 1
14 274 1
34 127 1
6 196 1
109 167 1
44 238 1
15 251 1
150 235 1
67 178 1
187 212 1
10 126 1
95 269 1
215 238 1
31 214 1
57 84 1
115 150 1
64 163 1
98 113 1
14 185 1
122 255 1
76 217 1
42 52 1
108 153 1
11 78 1
96 166 1
197 221 1
67 176 1
40 115 1
30 131 1
22 265 1
64 171 1
127 256 1
210 246 1
101 223 1
80 155 1
108 221 1
173 262 1
6 36 1
113 140 1
16 235 1
4 89 1
56 58 1
97 156 1
47 62 1
69 104 1
51 167 1
31 239 1
171 174 1
153 271 1
33 273 1
76 219 1
125 140 1
82 175 1
130 221 1
145 164 1
44 58 1
115 234 1
99 266 1
88 146 1
52 192 1
214 254 1
54 235 1
130 161 1
39 104 1
102 126 1
71 78 1
87 197 1
3 202 1
209 261 1
101 149 1
78 158 1
188 193 1
149 168 1
178 236 1
38 106 1
29 128 1
84 264 1
59 245 1
162 270 1
8 272 1
140 230 1
61 226 1
30 41 1
178 216 1
193 238 1
192 203 1
75 120 1
100 105 1
159 165 1
60 79 1
241 265 1
207 225 1
106 142 1
100 194 1
28 78 1
45 97 1
32 199 1
72 257 1
197 228 1
190 249 1
114 177 1
65 107 1
88 173 1
41 214 1
101 246 1
18 112 1
101 218 1
48 214 1
132 242 1
146 147 1
120 210 1
118 190 1
44 172 1
190 271 1
40 245 1
63 236 1
93 169 1
143 177 1
218 256 1
81 103 1
98 195 1
92 137 1
30 198 1
41 184 1
38 207 1
124 187 1
101 204 1
149 185 1
58 224 1
194 231 1
9 103 1
61 235 1
63 145 1
31 116 1
158 190 1
212 218 1
126 231 1
19 150 1
127 230 1
119 245 1
78 145 1
73 154 1
140 254 1
8 247 1
110 172 1
109 255 1
70 83 1
9 127 1
104 242 1
191 262 1
127 156 1
204 263 1
129 230 1
6 255 1
2 61 1
138 224 1
23 254 1
39 88 1
233 247 1
6 10 1
81 141 1
100 241 1
35 204 1
84 225 1
67 116 1
147 228 1
82 104 1
254 261 1
39 213 1
39 262 1
54 161 1
17 18 1
126 199 1
208 264 1
69 132 1
123 226 1
50 96 1
130 240 1
48 130 1
196 232 1
163 184 1
68 143 1
46 142 1
80 129 1
236 267 1
14 118 1
11 153 1
31 76 1
19 137 1
145 161 1
240 263 1
60 267 1
189 231 1
44 66 1
3 174 1
42 116 1
60 83 1
101 185 1
190 257 1
180 218 1
58 174 1
108 210 1
139 185 1
163 198 1
34 200 1
67 273 1
58 187 1
100 209 1
152 165 1
20 44 1
50 136 1
9 237 1
146 195 1
110 177 1
14 212 1
119 270 1
65 226 1
81 249 1
120 241 1
171 275 1
44 114 1
107 149 1
83 171 1
207 212 1
226 234 1
132 160 1
93 238 1
158 169 1
3 239 1
52 59 1
54 168 1
46 232 1
4 156 1
82 122 1
123 129 1
44 273 1
146 242 1
14 150 1
105 233 1
215 225 1
61 81 1
23 100 1
51 268 1
14 57 1
115 147 1
191 217 1
45 140 1
148 201 1
106 143 1
142 199 1
196 235 1
62 201 1
48 215 1
41 46 1
139 258 1
238 274 1
6 49 1
107 214 1
130 214 1
54 155 1
46 250 1
19 70 1
38 175 1
98 175 1
57 134 1
18 118 1
212 236 1
54 151 1
160 252 1
23 68 1
66 234 1
116 138 1
121 266 1
55 204 1
251 260 1
21 236 1
131 234 1
11 90 1
46 141 1
102 108 1
3 275 1
88 219 1
115 151 1
126 182 1
173 236 1
125 187 1
115 229 1
8 33 1
8 196 1
33 144 1
102 180 1
146 163 1
112 208 1
11 97 1
162 186 1
99 130 1
90 249 1
4 88 1
6 240 1
14 270 1
241 271 1
194 201 1
233 262 1
78 182 1
117 221 1
21 91 1
200 254 1
36 43 1
53 63 1
9 249 1
215 259 1
188 255 1
73 258 1
1 189 1
140 147 1
203 257 1
5 142 1
5 53 1
114 130 1
64 107 1
154 228 1
127 152 1
9 46 1
64 72 1
73 98 1
37 197 1
56 176 1
6 102 1
35 254 1
174 194 1
2 273 1
20 155 1
84 154 1
24 267 1
87 214 1
98 166 1
101 241 1
194 249 1
146 257 1
121 197 1
206 270 1
34 262 1
135 170 1
81 144 1
214 265 1
131 266 1
163 212 1
90 162 1
186 246 1
184 234 1
208 272 1
114 226 1
21 34 1
56 240 1
155 161 1
85 176 1
33 210 1
79 223 1
91 221 1
160 211 1
15 30 1
78 118 1
177 240 1
25 84 1
27 194 1
85 175 1
36 127 1
14 37 1
130 208 1
87 92 1
145 167 1
172 199 1
79 119 1
3 176 1
87 162 1
116 263 1
53 66 1
107 110 1
182 193 1
131 208 1
112 215 1
238 259 1
127 272 1
60 274 1
126 242 1
18 23 1
111 194 1
66 93 1
95 190 1
1 119 1
106 133 1
116 186 1
48 102 1
17 229 1
19 24 1
7 38 1
22 238 1
242 244 1
119 170 1
26 173 1
48 238 1
67 225 1
119 159 1
16 33 1
11 254 1
33 111 1
25 116 1
21 164 1
126 189 1
21 269 1
32 212 1
28 52 1
148 205 1
18 99 1
144 195 1
106 271 1
62 119 1
55 237 1
221 222 1
146 199 1
55 232 1
79 84 1
81 113 1
106 272 1
86 102 1
129 137 1
14 66 1
153 183 1
21 42 1
37 102 1
126 220 1
58 251 1
59 196 1
4 204 1
113 271 1
181 259 1
62 214 1
174 264 1
138 172 1
156 273 1
