118 132 4
228 302 4
23 220 4
18 114 4
127 169 4
88 143 4
209 364 4
152 181 4
25 62 4
122 276 4
133 272 4
98 113 4
218 236 4
127 357 4
158 161 4
165 279 4
102 346 4
198 201 4
181 311 4
41 275 4
72 362 4
128 184 4
27 263 4
16 308 4
64 109 4
292 298 4
28 96 4
30 263 4
214 313 4
109 312 4
63 111 4
44 79 4
269 276 4
142 244 4
153 278 4
239 349 4
114 206 4
160 168 4
111 141 4
176 306 4
159 231 4
238 315 4
254 325 4
213 258 4
159 230 4
58 292 4
136 326 4
287 335 4
103 270 4
63 72 4
114 301 4
12 113 4
107 280 4
228 247 4
82 95 4
5 244 4
116 253 4
198 319 4
132 223 4
91 361 4
73 205 4
34 288 4
33 314 4
135 320 4
74 219 4
24 207 4
66 319 4
35 172 4
263 290 4
64 110 4
49 353 4
68 302 4
21 104 4
191 235 4
301 338 4
8 288 4
178 210 4
98 210 4
52 158 4
36 68 4
182 299 4
92 248 4
183 309 4
111 234 4
137 221 4
186 297 4
56 208 4
3 179 4
61 133 4
68 295 4
34 217 4
76 268 4
118 173 4
112 332 4
204 282 4
35 155 4
138 183 4
81 94 4
205 365 4
6 194 4
117 302 4
14 16 4
49 249 4
19 182 4
5 309 4
249 342 4
16 278 4
30 301 4
47 189 4
162 361 4
87 251 4
80 316 4
45 269 4
160 269 4
166 306 4
57 97 4
159 167 4
72 208 4
50 147 4
50 81 4
151 329 4
27 63 4
19 345 4
149 225 4
66 202 4
8 21 4
28 288 4
87 192 4
72 303 4
69 152 4
160 305 4
125 319 4
163 254 4
212 218 4
35 298 4
243 318 4
36 318 4
354 362 4
55 146 4
120 213 4
290 347 4
184 326 4
270 318 4
81 152 4
264 360 4
59 150 4
299 331 4
69 96 4
219 286 4
311 364 4
275 317 4
188 284 4
184 352 4
41 273 4
21 120 4
59 217 4
35 45 4
20 54 4
171 361 4
191 317 4
32 166 4
10 156 4
78 363 4
252 273 4
307 363 4
218 329 4
40 315 4
247 302 4
154 281 4
34 301 4
251 331 4
67 360 4
14 342 4
30 120 4
2 241 4
98 346 4
34 355 4
88 254 4
67 197 4
121 360 4
195 270 4
141 145 4
1 79 4
81 281 4
171 233 4
255 274 4
113 268 4
90 321 4
132 338 4
176 213 4
133 156 4
3 166 4
202 256 4
310 325 4
144 305 4
137 338 4
209 277 4
117 209 4
47 254 4
182 279 4
60 90 4
168 172 4
49 180 4
21 318 4
128 311 4
136 290 4
292 340 4
233 301 4
239 303 4
17 192 4
20 242 4
142 355 4
163 353 4
35 42 4
52 223 4
111 313 4
4 173 4
52 339 4
292 352 4
129 355 4
54 111 4
125 143 4
37 117 4
10 276 4
54 259 4
349 352 4
30 278 4
128 266 4
193 227 4
244 300 4
84 304 4
46 88 4
19 168 4
196 212 4
2 325 4
170 201 4
13 17 4
106 312 4
133 321 4
73 244 4
57 271 4
184 230 4
50 143 4
141 335 4
75 276 4
213 359 4
70 258 4
138 238 4
84 335 4
341 350 4
54 139 4
142 357 4
124 159 4
155 232 4
59 60 4
289 345 4
179 300 4
75 338 4
149 248 4
53 206 4
276 298 4
148 336 4
153 288 4
137 362 4
136 263 4
190 254 4
40 277 4
66 69 4
128 328 4
183 364 4
108 117 4
80 178 4
192 326 4
19 89 4
8 13 4
15 364 4
192 203 4
42 344 4
39 182 4
79 172 4
53 174 4
24 142 4
112 265 4
139 334 4
76 168 4
255 345 4
138 212 4
287 362 4
66 227 4
282 294 4
121 138 4
120 179 4
156 301 4
20 217 4
72 82 4
72 152 4
278 281 4
237 301 4
25 326 4
10 249 4
36 264 4
228 304 4
94 281 4
225 320 4
38 211 4
175 236 4
23 47 4
46 235 4
40 319 4
168 254 4
18 36 4
8 319 4
295 312 4
11 244 4
310 329 4
259 365 4
178 265 4
358 360 4
150 277 4
4 188 4
122 297 4
144 362 4
42 343 4
13 74 4
324 361 4
88 241 4
252 341 4
152 327 4
87 255 4
218 338 4
31 288 4
274 295 4
158 269 4
307 345 4
180 348 4
129 358 4
183 279 4
193 257 4
262 281 4
22 276 4
220 320 4
55 252 4
206 263 4
152 271 4
243 349 4
14 61 4
222 335 4
1 71 4
295 345 4
13 166 4
198 327 4
158 298 4
15 42 4
246 296 4
267 303 4
215 263 4
10 221 4
101 118 4
6 272 4
256 326 4
22 305 4
219 326 4
18 356 4
289 342 4
54 358 4
16 142 4
191 356 4
5 262 4
32 250 4
26 192 4
147 151 4
64 240 4
33 213 4
119 238 4
95 199 4
66 92 4
84 220 4
2 267 4
101 347 4
155 243 4
76 340 4
165 227 4
66 231 4
61 154 4
115 310 4
236 322 4
111 148 4
77 360 4
200 315 4
170 351 4
148 236 4
59 77 4
135 319 4
17 111 4
117 259 4
91 265 4
26 183 4
148 312 4
7 48 4
219 301 4
8 171 4
155 233 4
309 338 4
206 229 4
11 258 4
97 215 4
303 348 4
212 256 4
118 228 4
58 234 4
178 323 4
203 324 4
140 270 4
42 245 4
333 342 4
33 98 4
22 205 4
234 244 4
85 331 4
98 280 4
4 152 4
12 89 4
280 351 4
36 103 4
93 143 4
12 28 4
107 351 4
272 304 4
312 313 4
183 337 4
337 347 4
61 243 4
304 359 4
168 324 4
80 265 4
238 288 4
268 306 4
68 311 4
103 278 4
48 112 4
76 253 4
123 359 4
86 118 4
34 171 4
72 150 4
143 210 4
193 314 4
173 205 4
151 342 4
73 80 4
32 264 4
78 332 4
342 355 4
82 126 4
70 101 4
214 280 4
64 331 4
1 52 4
91 144 4
223 350 4
57 162 4
167 194 4
91 249 4
91 339 4
67 103 4
22 227 4
192 361 4
45 225 4
228 350 4
142 363 4
211 297 4
57 360 4
114 234 4
12 104 4
18 204 4
54 57 4
131 304 4
14 280 4
29 310 4
152 161 4
79 105 4
231 353 4
75 275 4
116 212 4
137 210 4
69 258 4
6 112 4
120 345 4
119 280 4
14 49 4
102 354 4
119 127 4
40 98 4
126 189 4
42 349 4
203 277 4
63 199 4
137 190 4
94 166 4
252 302 4
201 360 4
62 106 4
206 239 4
16 86 4
134 210 4
86 199 4
212 292 4
23 317 4
141 309 4
43 148 4
117 181 4
243 245 4
127 315 4
71 115 4
15 220 4
109 214 4
215 227 4
113 319 4
96 157 4
59 128 4
214 286 4
212 257 4
117 265 4
61 235 4
74 97 4
160 278 4
39 190 4
197 212 4
165 340 4
76 311 4
111 354 4
260 289 4
30 300 4
7 186 4
30 192 4
8 244 4
97 192 4
213 276 4
92 145 4
245 330 4
124 276 4
100 214 4
61 220 4
76 353 4
92 356 4
137 152 4
101 132 4
31 130 4
95 123 4
8 210 4
308 343 4
131 217 4
127 135 4
283 343 4
329 365 4
162 239 4
68 123 4
30 342 4
18 128 4
53 276 4
8 261 4
47 165 4
84 134 4
207 352 4
285 359 4
51 319 4
324 358 4
84 184 4
62 85 4
48 101 4
61 320 4
240 343 4
8 22 4
206 274 4
18 82 4
89 173 4
219 278 4
253 361 4
44 296 4
259 329 4
289 309 4
282 339 4
1 267 4
44 157 4
119 315 4
126 326 4
39 167 4
75 190 4
271 301 4
92 108 4
51 61 4
326 360 4
57 61 4
291 315 4
24 271 4
316 363 4
244 274 4
55 93 4
173 317 4
42 100 4
59 100 4
266 282 4
97 106 4
32 33 4
68 124 4
139 175 4
156 185 4
169 298 4
151 216 4
297 304 4
114 254 4
49 294 4
163 348 4
141 171 4
212 239 4
3 270 4
28 325 4
348 357 4
50 116 4
116 254 4
281 357 4
101 142 4
289 317 4
284 292 4
97 305 4
230 233 4
84 146 4
272 343 4
175 254 4
216 217 4
148 177 4
36 136 4
76 233 4
40 128 4
182 300 4
98 294 4
86 291 4
239 271 4
94 222 4
33 246 4
110 319 4
156 265 4
193 228 4
82 133 4
37 349 4
270 297 4
24 189 4
99 225 4
152 338 4
137 216 4
70 198 4
223 365 4
8 160 4
40 221 4
41 231 4
150 362 4
21 34 4
211 225 4
172 318 4
160 194 4
74 280 4
12 241 4
31 243 4
30 293 4
3 143 4
72 223 4
137 340 4
71 191 4
145 349 4
185 230 4
71 214 4
238 292 4
154 162 4
137 333 4
22 107 4
21 128 4
60 96 4
89 338 4
16 90 4
59 93 4
158 339 4
164 189 4
110 292 4
14 254 4
275 300 4
130 180 4
3 6 4
106 167 4
213 242 4
11 191 4
10 264 4
51 88 4
69 176 4
23 159 4
139 191 4
251 348 4
106 112 4
221 228 4
89 241 4
167 363 4
233 296 4
178 295 4
283 355 4
153 203 4
217 343 4
115 213 4
301 353 4
113 165 4
111 244 4
328 359 4
74 213 4
185 341 4
11 261 4
98 99 4
136 321 4
60 154 4
308 331 4
354 355 4
141 305 4
156 192 4
96 176 4
163 327 4
88 126 4
256 332 4
5 295 4
78 249 4
199 281 4
209 320 4
109 176 4
4 365 4
64 153 4
109 175 4
52 171 4
249 300 4
59 327 4
88 345 4
175 278 4
106 245 4
122 167 4
5 231 4
64 301 4
255 343 4
153 330 4
55 329 4
175 213 4
173 276 4
39 238 4
76 346 4
209 324 4
227 281 4
3 75 4
234 312 4
288 356 4
170 210 4
52 105 4
29 274 4
52 295 4
163 239 4
86 315 4
122 338 4
53 267 4
128 217 4
60 247 4
144 219 4
218 344 4
185 278 4
147 261 4
188 241 4
49 194 4
85 302 4
50 153 4
23 261 4
261 344 4
59 293 4
31 38 4
106 148 4
322 354 4
292 332 4
74 110 4
52 146 4
19 58 4
293 337 4
115 261 4
146 212 4
163 296 4
7 140 4
162 346 4
268 324 4
114 326 4
151 309 4
48 49 4
93 355 4
63 322 4
19 136 4
123 164 4
187 199 4
114 279 4
170 231 4
16 285 4
69 139 4
3 208 4
40 145 4
4 104 4
56 117 4
64 364 4
6 104 4
166 260 4
19 336 4
141 301 4
134 179 4
31 104 4
200 349 4
27 268 4
95 272 4
98 332 4
243 302 4
6 362 4
61 346 4
102 170 4
116 185 4
220 326 4
190 278 4
77 208 4
70 248 4
73 349 4
71 248 4
177 289 4
260 271 4
234 248 4
346 354 4
200 347 4
263 280 4
35 260 4
204 323 4
53 131 4
23 71 4
213 350 4
118 348 4
55 230 4
95 187 4
70 359 4
166 170 4
50 128 4
64 297 4
53 109 4
277 310 4
147 191 4
181 207 4
143 164 4
19 252 4
99 351 4
322 335 4
311 361 4
57 88 4
225 331 4
209 276 4
80 141 4
201 250 4
73 302 4
1 41 4
148 246 4
87 232 4
66 328 4
39 308 4
293 317 4
137 331 4
139 320 4
99 326 4
195 243 4
38 64 4
153 156 4
160 289 4
44 353 4
60 124 4
182 346 4
158 283 4
81 329 4
62 348 4
4 146 4
78 154 4
214 353 4
119 364 4
80 352 4
97 239 4
218 322 4
109 333 4
65 128 4
32 52 4
171 213 4
169 208 4
86 326 4
106 126 4
41 244 4
88 243 4
166 304 4
31 291 4
71 150 4
115 290 4
78 229 4
242 353 4
12 352 4
42 51 4
73 139 4
2 160 4
328 342 4
119 266 4
83 345 4
77 224 4
4 326 4
264 319 4
226 349 4
190 296 4
171 190 4
53 102 4
146 305 4
292 351 4
27 158 4
342 353 4
136 157 4
190 354 4
155 312 4
134 309 4
29 167 4
267 355 4
170 220 4
30 253 4
134 261 4
18 85 4
119 304 4
195 301 4
180 265 4
114 227 4
207 260 4
55 101 4
31 147 4
242 244 4
93 187 4
68 121 4
334 354 4
110 215 4
55 246 4
141 302 4
188 319 4
184 282 4
111 129 4
85 119 4
37 348 4
198 246 4
296 356 4
18 300 4
178 194 4
260 286 4
57 327 4
45 98 4
265 352 4
232 316 4
252 319 4
7 198 4
262 346 4
16 83 4
91 191 4
130 167 4
57 227 4
10 158 4
1 104 4
175 297 4
126 179 4
217 235 4
6 87 4
74 336 4
270 343 4
280 362 4
4 287 4
170 183 4
41 242 4
131 322 4
261 351 4
237 327 4
200 340 4
10 328 4
198 271 4
135 179 4
124 279 4
151 241 4
44 146 4
49 117 4
100 286 4
140 289 4
163 245 4
287 328 4
3 280 4
272 296 4
107 241 4
260 327 4
173 232 4
92 364 4
102 215 4
334 343 4
12 365 4
180 185 4
109 353 4
233 265 4
156 274 4
36 59 4
95 106 4
69 338 4
83 270 4
44 232 4
39 165 4
313 333 4
69 95 4
63 163 4
103 219 4
132 282 4
38 297 4
270 328 4
196 235 4
175 292 4
54 210 4
159 350 4
14 362 4
79 227 4
94 284 4
140 179 4
146 189 4
87 340 4
272 306 4
9 95 4
217 226 4
291 311 4
157 252 4
44 273 4
83 121 4
231 336 4
12 349 4
24 37 4
26 307 4
1 172 4
92 351 4
197 338 4
131 340 4
37 312 4
41 338 4
103 189 4
28 323 4
171 191 4
156 336 4
148 215 4
185 295 4
13 278 4
36 196 4
7 278 4
34 178 4
126 335 4
166 220 4
155 351 4
101 141 4
79 113 4
181 199 4
156 358 4
240 265 4
235 327 4
30 176 4
17 324 4
52 86 4
294 304 4
121 300 4
212 217 4
169 186 4
24 337 4
44 183 4
66 184 4
201 283 4
173 353 4
17 37 4
329 338 4
333 347 4
265 363 4
214 338 4
13 265 4
59 306 4
179 203 4
111 297 4
82 158 4
110 354 4
32 238 4
292 303 4
210 272 4
138 316 4
17 211 4
37 44 4
11 241 4
75 140 4
78 112 4
170 244 4
7 41 4
122 249 4
221 294 4
93 232 4
158 325 4
30 288 4
59 224 4
133 238 4
127 281 4
2 226 4
301 349 4
48 198 4
280 309 4
125 159 4
171 200 4
268 297 4
180 206 4
61 81 4
125 210 4
162 296 4
48 277 4
154 342 4
101 337 4
315 327 4
298 338 4
170 319 4
233 345 4
105 171 4
26 33 4
304 322 4
201 300 4
15 194 4
318 359 4
19 162 4
118 237 4
92 165 4
205 302 4
142 306 4
91 274 4
303 324 4
80 334 4
59 165 4
201 335 4
163 284 4
59 158 4
297 358 4
125 358 4
64 310 4
82 118 4
106 293 4
10 254 4
149 215 4
191 347 4
99 212 4
129 170 4
93 208 4
138 257 4
30 267 4
121 283 4
5 341 4
279 302 4
25 328 4
89 118 4
273 293 4
70 227 4
220 294 4
3 16 4
143 206 4
350 354 4
113 361 4
88 215 4
44 321 4
279 345 4
130 319 4
91 135 4
4 295 4
11 128 4
24 245 4
99 353 4
18 172 4
57 83 4
72 311 4
86 145 4
70 334 4
190 329 4
39 239 4
109 194 4
88 139 4
164 268 4
98 255 4
27 94 4
221 315 4
38 338 4
158 193 4
21 325 4
74 267 4
104 269 4
189 202 4
294 315 4
188 191 4
24 299 4
78 294 4
122 176 4
183 272 4
133 202 4
185 296 4
162 342 4
122 181 4
88 100 4
37 204 4
43 258 4
141 190 4
270 288 4
53 74 4
124 152 4
302 346 4
164 327 4
208 220 4
27 353 4
149 208 4
60 80 4
114 327 4
213 218 4
317 327 4
358 364 4
213 250 4
37 41 4
156 306 4
15 121 4
53 307 4
57 325 4
216 322 4
179 260 4
21 40 4
100 157 4
62 100 4
10 270 4
288 331 4
18 323 4
286 287 4
19 265 4
323 346 4
38 321 4
110 136 4
77 133 4
162 190 4
36 69 4
203 272 4
299 328 4
62 349 4
84 90 4
51 180 4
146 150 4
224 339 4
160 316 4
59 146 4
103 334 4
7 40 4
115 175 4
173 248 4
309 334 4
36 129 4
23 37 4
56 307 4
291 321 4
46 174 4
66 354 4
153 272 4
126 191 4
130 350 4
77 275 4
45 101 4
70 140 4
108 241 4
6 280 4
6 180 4
305 365 4
42 341 4
22 40 4
88 343 4
22 262 4
80 87 4
232 250 4
50 132 4
50 180 4
126 173 4
146 273 4
27 104 4
110 148 4
327 363 4
172 303 4
213 327 4
40 335 4
58 310 4
74 331 4
153 319 4
53 260 4
77 159 4
26 126 4
255 338 4
119 308 4
163 169 4
25 266 4
229 252 4
67 250 4
191 239 4
187 209 4
143 156 4
87 248 4
213 322 4
110 223 4
166 219 4
117 299 4
12 199 4
59 350 4
58 89 4
160 308 4
227 241 4
170 265 4
105 332 4
54 295 4
262 297 4
96 195 4
88 134 4
183 357 4
90 349 4
272 313 4
80 202 4
213 246 4
279 362 4
59 197 4
48 54 4
1 337 4
265 289 4
28 142 4
252 288 4
14 241 4
