1 2 2
1 3 2
1 66 2
1 81 2
1 95 2
1 166 2
1 171 2
1 174 2
1 274 2
1 299 2
1 300 2
1 302 2
2 3 2
2 6 2
2 68 2
2 260 2
2 274 2
2 275 2
2 301 2
2 302 2
3 5 2
3 6 2
3 99 2
3 190 2
3 193 2
3 262 2
3 302 2
4 5 2
4 6 2
4 8 2
4 62 2
4 261 2
5 7 2
5 8 2
5 9 2
5 237 2
6 8 2
6 28 2
6 93 2
6 129 2
6 171 2
6 254 2
7 9 2
7 10 2
7 70 2
7 93 2
8 9 2
8 68 2
8 117 2
8 146 2
8 195 2
9 11 2
9 72 2
9 78 2
10 11 2
10 12 2
10 13 2
11 12 2
11 13 2
11 176 2
11 232 2
11 271 2
12 13 2
12 14 2
12 72 2
12 195 2
13 14 2
13 15 2
13 17 2
14 15 2
14 16 2
15 17 2
15 19 2
15 197 2
15 266 2
16 17 2
16 68 2
16 133 2
16 154 2
17 18 2
17 19 2
17 53 2
17 162 2
18 19 2
18 20 2
18 21 2
18 22 2
18 228 2
19 20 2
19 21 2
19 22 2
19 297 2
20 21 2
20 22 2
20 113 2
20 224 2
21 22 2
21 24 2
21 49 2
21 130 2
22 23 2
22 24 2
22 244 2
23 26 2
23 55 2
23 139 2
23 150 2
23 230 2
24 26 2
24 245 2
24 252 2
24 255 2
24 287 2
25 27 2
25 28 2
25 57 2
25 247 2
25 261 2
26 27 2
26 39 2
26 52 2
26 103 2
26 194 2
27 28 2
27 29 2
27 30 2
28 29 2
28 220 2
28 268 2
29 30 2
29 32 2
29 89 2
30 32 2
30 33 2
30 90 2
30 118 2
31 33 2
31 34 2
31 35 2
31 56 2
31 85 2
31 115 2
32 34 2
32 141 2
33 37 2
33 61 2
33 70 2
33 75 2
33 97 2
33 140 2
34 35 2
34 36 2
34 82 2
35 36 2
35 37 2
35 38 2
35 145 2
36 37 2
36 38 2
36 39 2
37 39 2
37 163 2
37 280 2
38 39 2
38 41 2
39 40 2
39 61 2
39 79 2
40 42 2
40 84 2
40 148 2
40 287 2
41 42 2
41 43 2
41 44 2
41 45 2
42 44 2
42 45 2
42 177 2
42 186 2
42 190 2
42 229 2
43 44 2
43 45 2
43 46 2
44 45 2
44 46 2
44 199 2
44 256 2
45 46 2
45 47 2
46 47 2
46 48 2
46 49 2
46 50 2
46 63 2
46 227 2
46 298 2
47 48 2
47 50 2
47 173 2
48 49 2
48 134 2
48 203 2
49 50 2
49 51 2
49 53 2
49 63 2
50 51 2
50 52 2
50 53 2
50 54 2
50 170 2
50 231 2
51 53 2
51 54 2
51 55 2
51 96 2
51 206 2
52 54 2
52 255 2
53 55 2
53 172 2
54 55 2
54 56 2
54 57 2
54 107 2
55 58 2
55 131 2
55 144 2
55 209 2
56 57 2
56 58 2
57 60 2
57 96 2
57 168 2
57 217 2
58 59 2
58 60 2
58 61 2
58 204 2
59 60 2
59 61 2
59 62 2
59 63 2
60 61 2
60 62 2
60 102 2
60 232 2
61 62 2
61 64 2
61 170 2
62 63 2
62 64 2
63 65 2
63 131 2
64 66 2
64 194 2
64 201 2
65 66 2
65 67 2
65 188 2
66 67 2
66 68 2
66 69 2
67 68 2
67 69 2
67 71 2
67 275 2
68 70 2
68 72 2
68 103 2
68 105 2
68 200 2
68 255 2
69 70 2
69 71 2
69 72 2
69 191 2
70 72 2
70 74 2
70 196 2
71 72 2
71 73 2
71 97 2
72 74 2
72 108 2
72 179 2
73 74 2
73 75 2
74 75 2
74 77 2
74 167 2
74 240 2
75 76 2
75 77 2
75 268 2
76 77 2
76 79 2
76 111 2
76 121 2
77 238 2
77 266 2
77 271 2
77 282 2
78 79 2
78 81 2
79 80 2
79 82 2
79 137 2
79 279 2
80 81 2
80 83 2
80 117 2
80 200 2
80 257 2
81 82 2
81 85 2
81 246 2
82 85 2
82 90 2
82 206 2
83 84 2
83 86 2
83 87 2
83 109 2
83 147 2
83 271 2
84 86 2
84 87 2
84 206 2
84 290 2
85 86 2
85 87 2
85 88 2
85 197 2
85 264 2
86 87 2
86 89 2
86 253 2
87 88 2
87 90 2
87 151 2
88 89 2
88 91 2
88 127 2
88 138 2
89 91 2
89 92 2
89 222 2
90 92 2
90 93 2
91 93 2
91 94 2
91 171 2
91 212 2
91 239 2
92 93 2
92 94 2
92 96 2
92 156 2
93 94 2
93 115 2
93 223 2
94 95 2
94 96 2
94 257 2
95 96 2
95 97 2
95 106 2
95 118 2
95 175 2
95 195 2
96 97 2
96 98 2
96 100 2
97 99 2
97 178 2
97 184 2
97 209 2
98 99 2
98 100 2
98 115 2
99 146 2
99 181 2
99 300 2
100 102 2
100 103 2
100 126 2
100 260 2
101 103 2
101 104 2
101 105 2
101 239 2
102 103 2
102 104 2
103 104 2
103 106 2
103 107 2
104 106 2
104 119 2
105 107 2
105 262 2
105 263 2
106 107 2
106 108 2
107 109 2
107 159 2
108 109 2
108 110 2
108 111 2
109 110 2
109 209 2
110 111 2
110 112 2
110 113 2
110 208 2
111 113 2
111 137 2
111 164 2
112 113 2
112 114 2
112 115 2
113 114 2
113 115 2
113 116 2
113 176 2
114 115 2
114 116 2
116 117 2
116 118 2
117 122 2
117 139 2
117 198 2
117 269 2
118 120 2
118 121 2
118 130 2
118 190 2
119 120 2
119 121 2
119 122 2
119 150 2
120 121 2
120 123 2
120 136 2
120 152 2
121 122 2
121 123 2
121 208 2
121 261 2
122 124 2
122 125 2
122 126 2
123 124 2
123 125 2
123 203 2
124 125 2
124 126 2
124 127 2
125 126 2
125 127 2
125 137 2
126 130 2
127 128 2
127 129 2
127 178 2
127 198 2
128 129 2
128 130 2
128 131 2
129 130 2
130 131 2
130 132 2
130 155 2
130 259 2
131 134 2
131 203 2
132 133 2
132 135 2
132 178 2
133 134 2
133 135 2
133 136 2
134 135 2
134 136 2
134 137 2
134 143 2
134 151 2
135 136 2
135 137 2
135 138 2
136 138 2
136 157 2
136 263 2
137 140 2
138 139 2
138 146 2
138 191 2
138 211 2
139 140 2
139 141 2
140 141 2
140 142 2
140 195 2
140 207 2
141 143 2
141 145 2
141 165 2
141 194 2
141 198 2
142 143 2
142 144 2
142 151 2
142 267 2
143 144 2
143 145 2
144 145 2
144 146 2
144 148 2
145 146 2
145 148 2
146 147 2
147 148 2
147 149 2
148 149 2
148 151 2
149 150 2
149 151 2
150 153 2
150 260 2
151 153 2
151 155 2
152 154 2
152 215 2
152 258 2
153 154 2
153 155 2
153 197 2
154 156 2
154 213 2
155 156 2
156 157 2
156 160 2
157 159 2
157 160 2
158 159 2
158 160 2
158 161 2
158 162 2
158 192 2
159 160 2
159 161 2
159 162 2
159 217 2
160 161 2
161 162 2
161 163 2
162 163 2
162 164 2
163 165 2
163 166 2
164 165 2
164 166 2
164 167 2
164 293 2
165 166 2
165 167 2
165 169 2
165 224 2
166 168 2
166 222 2
166 248 2
167 168 2
167 169 2
167 170 2
168 170 2
168 172 2
169 170 2
169 171 2
169 289 2
170 173 2
170 193 2
170 213 2
171 173 2
172 173 2
172 174 2
172 235 2
173 174 2
173 175 2
173 177 2
174 176 2
174 177 2
174 222 2
175 176 2
175 250 2
176 177 2
176 178 2
177 178 2
178 179 2
178 225 2
179 180 2
179 181 2
179 182 2
179 205 2
180 181 2
180 182 2
180 183 2
180 234 2
181 182 2
181 184 2
181 245 2
182 183 2
182 186 2
183 184 2
183 186 2
183 207 2
183 297 2
184 185 2
184 186 2
184 253 2
185 186 2
185 187 2
185 188 2
185 226 2
186 187 2
186 189 2
187 188 2
187 189 2
187 260 2
188 189 2
188 190 2
189 190 2
189 234 2
189 242 2
189 274 2
190 193 2
191 193 2
191 194 2
192 193 2
192 195 2
193 196 2
193 267 2
194 195 2
195 239 2
196 197 2
196 198 2
197 199 2
197 294 2
198 211 2
199 200 2
199 201 2
199 255 2
199 266 2
200 201 2
200 202 2
201 202 2
201 203 2
202 206 2
202 221 2
202 257 2
203 205 2
203 207 2
204 205 2
204 208 2
204 215 2
205 207 2
205 208 2
205 269 2
206 208 2
206 258 2
206 265 2
207 208 2
207 209 2
207 210 2
207 211 2
208 209 2
208 210 2
208 211 2
209 212 2
210 211 2
210 212 2
210 213 2
211 212 2
211 214 2
212 213 2
212 214 2
212 215 2
212 277 2
214 216 2
214 218 2
215 217 2
215 285 2
216 217 2
216 218 2
216 219 2
217 218 2
217 219 2
217 220 2
218 219 2
218 220 2
219 220 2
219 221 2
219 222 2
219 238 2
220 222 2
220 275 2
220 298 2
221 222 2
221 223 2
221 224 2
222 223 2
222 225 2
222 226 2
223 224 2
223 241 2
223 269 2
224 225 2
224 226 2
224 227 2
224 228 2
224 241 2
225 226 2
225 227 2
225 228 2
226 228 2
226 270 2
227 295 2
228 230 2
228 232 2
229 230 2
229 231 2
229 232 2
230 231 2
230 232 2
230 233 2
231 232 2
231 233 2
232 233 2
233 234 2
233 235 2
233 236 2
234 236 2
234 237 2
235 236 2
235 237 2
235 239 2
236 237 2
236 238 2
236 239 2
236 258 2
237 238 2
237 240 2
237 245 2
238 240 2
239 243 2
239 244 2
239 295 2
240 242 2
240 243 2
241 242 2
241 244 2
241 281 2
242 243 2
242 244 2
242 246 2
243 244 2
243 245 2
245 246 2
245 247 2
245 248 2
245 249 2
246 247 2
246 248 2
246 249 2
247 248 2
247 252 2
248 249 2
248 250 2
249 250 2
249 251 2
249 252 2
249 253 2
250 251 2
250 253 2
250 254 2
251 252 2
251 253 2
251 254 2
251 255 2
252 253 2
252 254 2
253 254 2
254 255 2
254 256 2
254 257 2
255 256 2
255 294 2
256 257 2
256 258 2
256 259 2
256 260 2
257 258 2
257 261 2
258 259 2
258 261 2
259 260 2
259 261 2
259 263 2
260 261 2
260 264 2
261 262 2
261 263 2
262 263 2
263 265 2
263 266 2
264 265 2
264 266 2
265 266 2
266 267 2
266 269 2
267 268 2
267 269 2
268 269 2
268 270 2
269 271 2
269 272 2
270 271 2
270 272 2
271 273 2
271 274 2
272 273 2
272 274 2
272 275 2
273 274 2
273 275 2
273 276 2
274 275 2
274 276 2
275 276 2
275 277 2
276 277 2
276 278 2
276 279 2
277 278 2
277 279 2
278 279 2
278 280 2
278 281 2
279 280 2
279 282 2
280 281 2
280 282 2
280 283 2
281 282 2
281 283 2
281 284 2
282 283 2
282 285 2
283 284 2
283 285 2
283 286 2
283 287 2
284 285 2
284 286 2
284 287 2
285 286 2
285 287 2
285 288 2
286 287 2
286 288 2
286 289 2
286 290 2
287 289 2
287 290 2
288 289 2
288 290 2
288 291 2
289 291 2
289 292 2
289 293 2
290 291 2
290 292 2
290 293 2
291 292 2
291 293 2
291 294 2
292 293 2
292 294 2
292 295 2
292 296 2
293 295 2
293 296 2
293 297 2
294 295 2
294 296 2
295 296 2
295 298 2
296 297 2
296 298 2
296 299 2
297 298 2
297 299 2
297 300 2
298 299 2
298 302 2
299 300 2
299 301 2
299 302 2
300 301 2
300 302 2
301 302 2
