1 2 3
1 46 3
1 66 3
1 81 3
1 174 3
1 182 3
1 212 3
1 274 3
1 283 3
1 290 3
1 300 3
1 302 3
1 330 3
1 331 3
1 332 3
2 3 3
2 68 3
2 87 3
2 260 3
2 274 3
2 275 3
2 301 3
2 302 3
2 331 3
2 332 3
3 5 3
3 6 3
3 7 3
3 99 3
3 193 3
3 262 3
3 302 3
3 312 3
3 331 3
3 332 3
4 5 3
4 6 3
4 8 3
4 62 3
4 118 3
4 189 3
4 261 3
5 7 3
5 8 3
5 9 3
5 237 3
6 8 3
6 28 3
6 93 3
6 129 3
6 171 3
6 254 3
6 259 3
7 9 3
7 10 3
7 11 3
7 70 3
7 93 3
8 28 3
8 68 3
8 92 3
8 146 3
8 323 3
9 11 3
9 72 3
9 78 3
10 11 3
10 12 3
10 14 3
10 39 3
10 249 3
11 13 3
11 22 3
11 39 3
11 176 3
11 198 3
11 222 3
11 232 3
12 14 3
12 72 3
12 83 3
12 178 3
12 195 3
13 14 3
13 15 3
13 217 3
14 15 3
14 16 3
14 18 3
14 187 3
14 211 3
15 17 3
15 19 3
15 153 3
15 197 3
15 266 3
16 17 3
16 68 3
16 154 3
16 248 3
17 18 3
17 19 3
17 53 3
17 225 3
17 309 3
18 19 3
18 20 3
18 21 3
18 22 3
18 228 3
19 20 3
19 21 3
19 22 3
19 287 3
19 297 3
20 22 3
20 113 3
20 135 3
20 224 3
21 22 3
21 24 3
21 49 3
21 130 3
21 164 3
22 23 3
22 24 3
22 75 3
22 244 3
23 26 3
23 27 3
23 55 3
23 139 3
23 150 3
23 230 3
24 26 3
24 53 3
24 112 3
24 151 3
24 245 3
24 252 3
25 28 3
25 45 3
25 57 3
25 179 3
25 244 3
25 247 3
25 261 3
26 27 3
26 30 3
26 39 3
26 52 3
26 103 3
26 194 3
27 28 3
27 29 3
27 30 3
27 67 3
28 77 3
28 220 3
28 298 3
29 30 3
29 32 3
29 33 3
29 42 3
30 33 3
30 90 3
30 118 3
30 315 3
31 33 3
31 34 3
31 35 3
31 56 3
31 85 3
31 115 3
31 162 3
32 34 3
32 36 3
32 141 3
33 37 3
33 61 3
33 75 3
33 140 3
33 152 3
33 255 3
34 35 3
34 36 3
34 82 3
35 38 3
35 39 3
35 145 3
35 173 3
35 221 3
36 37 3
36 38 3
36 39 3
37 39 3
37 163 3
37 280 3
38 39 3
38 41 3
38 42 3
39 61 3
40 42 3
40 84 3
40 140 3
40 148 3
40 287 3
41 42 3
41 43 3
41 44 3
41 45 3
41 217 3
42 44 3
42 45 3
42 113 3
42 173 3
42 186 3
42 190 3
42 229 3
43 44 3
43 45 3
43 46 3
43 297 3
44 45 3
44 199 3
44 211 3
44 256 3
45 47 3
45 68 3
45 77 3
46 47 3
46 48 3
46 49 3
46 50 3
46 63 3
46 227 3
46 298 3
47 48 3
47 50 3
47 173 3
47 219 3
47 220 3
48 49 3
48 52 3
48 134 3
48 203 3
49 50 3
49 51 3
49 63 3
49 128 3
50 51 3
50 52 3
50 53 3
50 163 3
50 170 3
50 214 3
51 53 3
51 54 3
51 55 3
51 96 3
51 206 3
51 316 3
52 54 3
52 73 3
52 255 3
53 55 3
53 199 3
54 55 3
54 56 3
54 57 3
54 107 3
55 58 3
55 131 3
55 144 3
55 277 3
56 57 3
56 58 3
56 60 3
57 60 3
57 96 3
57 168 3
57 206 3
57 217 3
57 314 3
58 59 3
58 60 3
58 61 3
58 204 3
59 60 3
59 61 3
59 62 3
59 63 3
60 61 3
60 62 3
60 91 3
60 102 3
60 232 3
60 271 3
61 62 3
61 140 3
61 170 3
61 275 3
61 305 3
62 63 3
62 64 3
62 192 3
63 65 3
63 131 3
64 181 3
64 183 3
64 201 3
64 286 3
65 66 3
65 67 3
65 69 3
65 103 3
66 67 3
66 68 3
66 69 3
66 197 3
67 104 3
67 109 3
67 247 3
67 315 3
68 70 3
68 84 3
68 103 3
68 105 3
68 200 3
68 255 3
69 70 3
69 71 3
69 72 3
69 73 3
69 79 3
69 191 3
70 72 3
70 74 3
70 196 3
70 204 3
71 72 3
71 73 3
71 97 3
71 310 3
72 74 3
72 76 3
72 80 3
72 108 3
72 179 3
73 74 3
73 163 3
73 217 3
74 75 3
74 77 3
74 167 3
74 240 3
75 77 3
75 245 3
75 268 3
75 276 3
76 77 3
76 79 3
76 80 3
76 111 3
76 179 3
76 318 3
77 238 3
77 266 3
77 271 3
78 79 3
78 81 3
79 80 3
79 82 3
79 137 3
79 279 3
80 83 3
80 117 3
80 200 3
80 257 3
81 82 3
81 85 3
81 118 3
81 175 3
82 85 3
82 90 3
82 287 3
83 84 3
83 86 3
83 87 3
83 109 3
83 139 3
83 147 3
83 271 3
84 87 3
84 206 3
84 235 3
84 290 3
85 87 3
85 88 3
85 172 3
85 197 3
85 264 3
86 87 3
86 243 3
86 253 3
87 88 3
87 90 3
87 151 3
88 89 3
88 91 3
88 127 3
88 138 3
89 91 3
89 92 3
89 204 3
89 222 3
89 243 3
90 92 3
90 93 3
91 93 3
91 171 3
91 180 3
91 212 3
91 239 3
92 94 3
92 96 3
92 124 3
92 156 3
92 285 3
93 94 3
93 97 3
93 115 3
93 223 3
94 95 3
94 96 3
94 257 3
95 96 3
95 99 3
95 118 3
95 166 3
95 175 3
95 185 3
95 195 3
96 97 3
96 98 3
96 99 3
96 165 3
97 101 3
97 178 3
97 184 3
97 208 3
97 295 3
97 315 3
98 99 3
98 100 3
98 102 3
98 115 3
99 146 3
99 155 3
99 288 3
99 300 3
100 102 3
100 103 3
100 126 3
100 260 3
101 103 3
101 105 3
101 239 3
101 253 3
101 309 3
102 103 3
102 104 3
103 104 3
103 222 3
103 230 3
103 305 3
104 106 3
104 108 3
104 119 3
104 274 3
105 107 3
105 109 3
105 199 3
105 263 3
106 107 3
106 110 3
106 254 3
107 109 3
107 111 3
107 159 3
108 141 3
108 165 3
108 269 3
108 279 3
109 110 3
109 209 3
110 111 3
110 112 3
110 113 3
110 208 3
110 236 3
111 113 3
111 150 3
111 281 3
112 113 3
112 114 3
112 290 3
113 115 3
113 176 3
113 252 3
113 303 3
113 330 3
114 115 3
114 116 3
114 118 3
116 117 3
116 118 3
116 164 3
117 122 3
117 139 3
117 198 3
117 269 3
118 121 3
118 190 3
119 120 3
119 121 3
119 122 3
119 123 3
119 150 3
119 324 3
120 121 3
120 123 3
120 136 3
120 328 3
121 122 3
121 208 3
121 261 3
121 286 3
122 124 3
122 125 3
122 126 3
123 124 3
123 125 3
123 203 3
123 206 3
124 125 3
124 126 3
125 126 3
125 137 3
125 151 3
125 231 3
125 261 3
126 202 3
126 318 3
127 128 3
127 129 3
127 177 3
127 178 3
127 198 3
128 129 3
128 130 3
128 268 3
129 130 3
129 133 3
130 131 3
130 155 3
130 259 3
130 279 3
131 134 3
131 203 3
131 209 3
132 133 3
132 135 3
132 178 3
133 134 3
133 135 3
133 136 3
133 140 3
134 135 3
134 136 3
134 137 3
134 143 3
134 151 3
135 136 3
135 137 3
135 139 3
135 176 3
136 139 3
136 148 3
136 157 3
137 140 3
137 141 3
138 139 3
138 191 3
138 203 3
138 211 3
139 141 3
139 328 3
140 144 3
140 180 3
141 145 3
141 165 3
141 194 3
141 198 3
141 323 3
142 144 3
142 151 3
142 226 3
142 295 3
143 144 3
143 145 3
144 145 3
144 148 3
144 162 3
145 146 3
145 148 3
146 147 3
146 203 3
147 149 3
147 151 3
147 237 3
148 151 3
148 251 3
149 150 3
149 318 3
150 260 3
150 280 3
151 155 3
152 154 3
152 215 3
152 258 3
153 155 3
153 197 3
154 156 3
154 213 3
156 157 3
156 160 3
157 159 3
157 160 3
158 159 3
158 160 3
158 162 3
158 192 3
158 198 3
159 160 3
159 161 3
159 162 3
159 217 3
159 317 3
160 191 3
161 162 3
161 163 3
161 222 3
162 164 3
163 165 3
163 166 3
164 167 3
164 293 3
165 167 3
165 169 3
165 224 3
165 286 3
165 297 3
166 222 3
166 248 3
166 259 3
166 298 3
167 168 3
167 169 3
167 170 3
167 208 3
168 170 3
168 172 3
169 170 3
169 171 3
169 289 3
170 173 3
170 174 3
170 193 3
170 213 3
171 286 3
172 173 3
172 174 3
172 176 3
172 235 3
172 271 3
173 174 3
173 175 3
173 177 3
173 317 3
174 176 3
174 177 3
174 222 3
175 176 3
175 250 3
176 177 3
176 178 3
176 180 3
178 215 3
178 285 3
179 181 3
179 182 3
179 183 3
180 181 3
180 182 3
180 183 3
180 184 3
181 182 3
181 184 3
181 245 3
182 183 3
182 186 3
182 246 3
183 186 3
183 297 3
184 185 3
184 186 3
184 253 3
185 186 3
185 187 3
185 188 3
185 189 3
185 226 3
186 187 3
186 189 3
186 190 3
187 189 3
187 253 3
187 260 3
188 190 3
188 212 3
188 302 3
189 193 3
189 234 3
189 242 3
189 244 3
189 305 3
190 193 3
190 264 3
191 193 3
191 194 3
191 316 3
192 193 3
193 196 3
193 267 3
194 195 3
195 199 3
195 239 3
196 198 3
196 222 3
197 294 3
199 200 3
199 201 3
199 239 3
199 255 3
199 266 3
200 201 3
200 202 3
200 204 3
201 203 3
201 280 3
202 221 3
202 257 3
203 205 3
204 215 3
204 290 3
205 207 3
205 208 3
205 229 3
205 269 3
206 208 3
206 210 3
206 265 3
207 208 3
207 209 3
207 210 3
207 211 3
208 209 3
209 212 3
210 211 3
210 212 3
210 213 3
211 215 3
211 220 3
211 233 3
212 213 3
212 214 3
212 215 3
212 277 3
212 329 3
213 263 3
214 216 3
214 218 3
214 293 3
215 217 3
215 285 3
215 321 3
216 217 3
216 218 3
216 219 3
216 220 3
217 218 3
217 219 3
218 219 3
218 220 3
219 220 3
219 221 3
219 222 3
219 236 3
220 224 3
220 275 3
220 296 3
220 298 3
221 222 3
221 223 3
221 327 3
222 223 3
222 225 3
223 224 3
223 227 3
223 241 3
223 265 3
224 225 3
224 227 3
224 228 3
224 241 3
224 257 3
225 226 3
225 227 3
225 228 3
226 228 3
226 270 3
227 295 3
228 230 3
228 232 3
229 230 3
229 232 3
230 231 3
230 232 3
230 233 3
230 234 3
231 233 3
231 235 3
232 233 3
232 236 3
233 234 3
233 235 3
233 237 3
234 236 3
234 237 3
235 236 3
235 237 3
235 239 3
236 238 3
236 239 3
236 258 3
236 322 3
237 238 3
237 240 3
237 245 3
238 240 3
239 241 3
239 243 3
240 242 3
240 243 3
241 242 3
241 244 3
241 281 3
242 243 3
242 244 3
242 248 3
242 323 3
243 244 3
243 245 3
243 286 3
245 246 3
245 249 3
245 291 3
245 307 3
245 326 3
246 247 3
246 249 3
246 250 3
246 287 3
247 248 3
247 252 3
248 249 3
248 250 3
249 250 3
249 251 3
249 252 3
249 253 3
250 251 3
250 253 3
250 254 3
251 252 3
251 254 3
251 255 3
251 310 3
252 254 3
253 257 3
254 255 3
254 256 3
254 257 3
255 256 3
255 273 3
255 294 3
256 257 3
256 258 3
256 259 3
256 260 3
257 258 3
257 261 3
258 259 3
258 261 3
259 261 3
259 263 3
260 261 3
260 264 3
261 262 3
261 263 3
262 263 3
263 265 3
263 267 3
264 266 3
264 268 3
265 266 3
266 267 3
266 269 3
267 268 3
267 269 3
268 269 3
268 270 3
269 271 3
269 272 3
269 273 3
270 271 3
270 272 3
270 315 3
271 273 3
272 273 3
272 274 3
272 275 3
272 276 3
273 274 3
273 275 3
273 276 3
274 275 3
274 276 3
274 319 3
275 276 3
275 277 3
276 278 3
276 279 3
276 280 3
277 278 3
277 279 3
278 279 3
278 280 3
278 281 3
279 280 3
279 282 3
280 281 3
280 282 3
280 283 3
281 282 3
281 283 3
281 284 3
282 283 3
282 285 3
283 284 3
283 285 3
283 286 3
283 287 3
284 286 3
284 287 3
284 288 3
284 301 3
285 286 3
285 287 3
285 288 3
285 289 3
286 289 3
286 290 3
287 289 3
288 289 3
288 290 3
288 292 3
289 291 3
289 292 3
289 315 3
290 292 3
290 293 3
290 294 3
291 292 3
291 294 3
291 295 3
292 293 3
292 294 3
292 295 3
292 296 3
293 295 3
293 296 3
294 295 3
294 296 3
294 311 3
295 296 3
295 298 3
296 297 3
296 298 3
297 298 3
297 299 3
298 299 3
299 300 3
299 301 3
299 302 3
300 301 3
300 302 3
300 303 3
300 304 3
301 302 3
301 303 3
301 304 3
301 305 3
302 303 3
302 304 3
302 305 3
303 304 3
303 305 3
304 305 3
304 307 3
304 329 3
305 308 3
306 307 3
306 308 3
306 309 3
306 310 3
307 308 3
307 309 3
307 310 3
307 311 3
308 309 3
308 310 3
308 311 3
308 312 3
309 311 3
309 312 3
310 311 3
310 312 3
310 314 3
311 312 3
311 314 3
311 325 3
312 313 3
312 314 3
312 315 3
313 314 3
313 315 3
313 316 3
313 317 3
314 316 3
314 317 3
315 316 3
316 318 3
317 318 3
318 319 3
318 320 3
318 321 3
319 320 3
319 321 3
319 323 3
320 321 3
320 322 3
320 323 3
321 322 3
321 323 3
322 323 3
322 324 3
322 325 3
323 324 3
323 325 3
323 326 3
324 326 3
324 327 3
325 326 3
325 327 3
325 328 3
325 329 3
326 327 3
326 328 3
326 330 3
327 328 3
327 329 3
327 330 3
328 329 3
328 331 3
328 332 3
329 331 3
329 332 3
330 331 3
330 332 3
331 332 3
