1 2 3
1 14 3
1 23 3
1 67 3
1 144 3
1 159 3
1 161 3
1 186 3
1 273 3
1 274 3
1 275 3
1 300 3
1 301 3
1 302 3
1 316 3
1 330 3
1 331 3
2 132 3
2 137 3
2 236 3
2 243 3
2 275 3
2 301 3
2 302 3
2 331 3
2 332 3
3 4 3
3 129 3
3 156 3
3 159 3
3 170 3
3 302 3
3 331 3
4 7 3
4 152 3
4 165 3
4 290 3
5 6 3
5 7 3
5 128 3
5 148 3
5 235 3
5 266 3
6 68 3
6 94 3
6 165 3
6 307 3
7 8 3
7 9 3
7 27 3
7 96 3
7 130 3
7 182 3
7 301 3
8 9 3
8 12 3
8 77 3
8 97 3
8 99 3
8 293 3
9 10 3
9 11 3
9 56 3
9 230 3
10 12 3
10 14 3
10 287 3
11 13 3
11 15 3
11 219 3
11 247 3
11 293 3
12 14 3
12 48 3
12 51 3
12 73 3
12 285 3
12 314 3
13 14 3
13 17 3
13 33 3
13 316 3
14 18 3
14 114 3
14 123 3
14 286 3
15 16 3
15 19 3
15 89 3
15 310 3
16 17 3
16 20 3
16 47 3
16 48 3
16 101 3
16 251 3
17 18 3
17 19 3
18 21 3
18 166 3
18 171 3
18 188 3
18 247 3
19 20 3
19 21 3
19 226 3
20 22 3
20 23 3
20 24 3
20 65 3
20 176 3
20 214 3
21 22 3
21 23 3
21 24 3
21 25 3
22 23 3
22 24 3
22 26 3
22 45 3
23 27 3
23 73 3
23 105 3
23 116 3
23 152 3
23 305 3
24 27 3
24 74 3
24 92 3
25 26 3
25 96 3
25 148 3
26 27 3
26 28 3
26 30 3
26 194 3
27 29 3
27 31 3
27 140 3
27 159 3
28 29 3
28 30 3
28 32 3
28 81 3
29 31 3
29 36 3
29 117 3
30 32 3
30 34 3
30 51 3
30 88 3
30 232 3
31 32 3
31 35 3
31 125 3
31 165 3
31 218 3
31 222 3
31 274 3
32 33 3
32 190 3
32 284 3
32 287 3
32 306 3
33 34 3
33 35 3
33 63 3
33 108 3
33 228 3
34 37 3
34 52 3
34 99 3
34 214 3
34 216 3
34 243 3
35 38 3
35 112 3
35 138 3
35 237 3
35 275 3
36 38 3
36 40 3
36 58 3
36 190 3
36 227 3
36 246 3
37 38 3
37 39 3
37 40 3
37 41 3
37 211 3
38 41 3
38 65 3
38 76 3
38 90 3
38 188 3
38 214 3
39 40 3
39 41 3
39 42 3
39 43 3
39 301 3
40 41 3
40 42 3
40 43 3
40 44 3
40 84 3
40 105 3
40 203 3
41 42 3
41 43 3
41 45 3
41 64 3
42 43 3
42 44 3
42 45 3
42 46 3
43 44 3
43 45 3
43 47 3
43 204 3
44 46 3
44 47 3
44 152 3
45 46 3
45 48 3
45 55 3
45 94 3
45 151 3
45 217 3
45 274 3
46 47 3
46 62 3
46 185 3
47 50 3
47 93 3
47 181 3
47 200 3
48 49 3
48 123 3
48 193 3
48 296 3
49 50 3
49 52 3
49 80 3
49 85 3
49 267 3
50 51 3
50 52 3
50 97 3
50 210 3
50 294 3
52 53 3
52 54 3
52 66 3
52 76 3
52 131 3
53 55 3
53 56 3
53 57 3
53 75 3
54 55 3
54 56 3
54 72 3
54 78 3
55 58 3
55 128 3
55 298 3
56 57 3
56 59 3
56 209 3
57 94 3
57 171 3
58 59 3
58 61 3
58 62 3
59 65 3
60 61 3
60 62 3
60 63 3
60 64 3
60 160 3
61 63 3
61 121 3
61 162 3
61 234 3
61 251 3
61 261 3
62 64 3
62 65 3
62 66 3
62 113 3
62 125 3
62 273 3
63 64 3
63 108 3
63 120 3
63 150 3
63 224 3
64 65 3
64 160 3
64 199 3
64 210 3
65 68 3
65 69 3
65 79 3
66 67 3
66 68 3
66 100 3
66 262 3
66 271 3
67 68 3
67 69 3
67 71 3
67 161 3
67 172 3
67 173 3
68 69 3
68 71 3
68 72 3
68 214 3
68 253 3
69 71 3
69 72 3
69 74 3
69 147 3
70 220 3
70 229 3
70 251 3
71 83 3
71 117 3
71 124 3
71 143 3
71 176 3
72 73 3
72 75 3
72 94 3
73 75 3
73 76 3
73 77 3
73 186 3
73 199 3
74 76 3
74 77 3
74 99 3
74 126 3
74 193 3
75 79 3
75 245 3
76 79 3
76 80 3
76 120 3
76 161 3
76 316 3
76 330 3
77 78 3
77 79 3
77 81 3
77 119 3
77 152 3
77 253 3
77 257 3
77 279 3
78 79 3
78 81 3
78 82 3
78 134 3
78 185 3
78 200 3
78 291 3
79 80 3
79 83 3
79 111 3
79 155 3
79 244 3
80 81 3
80 84 3
80 101 3
81 83 3
81 302 3
82 83 3
82 84 3
82 220 3
82 241 3
83 84 3
83 86 3
83 230 3
83 262 3
84 86 3
84 88 3
84 189 3
84 218 3
85 88 3
85 89 3
85 112 3
85 154 3
85 199 3
85 201 3
85 217 3
86 94 3
86 163 3
86 259 3
87 88 3
87 89 3
88 92 3
88 109 3
88 180 3
88 209 3
88 264 3
89 92 3
89 93 3
89 148 3
89 168 3
90 91 3
90 92 3
90 93 3
90 94 3
91 92 3
91 94 3
91 95 3
91 207 3
92 93 3
92 130 3
92 179 3
92 231 3
92 312 3
93 94 3
93 95 3
93 170 3
94 95 3
94 97 3
94 128 3
94 183 3
94 185 3
95 96 3
95 98 3
95 128 3
96 98 3
96 99 3
97 98 3
97 208 3
97 220 3
97 256 3
98 99 3
98 156 3
98 226 3
99 101 3
99 103 3
99 128 3
99 178 3
99 191 3
99 202 3
100 101 3
100 102 3
100 188 3
100 206 3
100 237 3
100 279 3
101 102 3
101 103 3
101 105 3
102 104 3
102 105 3
102 162 3
102 291 3
103 104 3
103 105 3
103 168 3
104 105 3
104 106 3
104 217 3
105 229 3
106 109 3
106 110 3
106 178 3
106 214 3
106 311 3
107 109 3
107 110 3
107 111 3
107 266 3
108 110 3
108 112 3
108 299 3
109 110 3
109 111 3
109 112 3
109 113 3
110 111 3
110 112 3
110 113 3
110 138 3
110 309 3
111 112 3
111 113 3
111 115 3
112 113 3
112 116 3
112 150 3
112 175 3
113 117 3
113 131 3
113 192 3
113 274 3
114 115 3
114 116 3
114 118 3
115 116 3
115 117 3
115 119 3
115 126 3
116 118 3
116 120 3
117 119 3
117 120 3
117 229 3
117 316 3
118 119 3
118 120 3
118 122 3
118 263 3
119 122 3
119 138 3
120 121 3
120 165 3
121 122 3
121 123 3
121 124 3
121 257 3
122 124 3
122 125 3
122 126 3
122 196 3
122 298 3
122 330 3
123 124 3
123 125 3
123 126 3
123 224 3
124 126 3
124 182 3
124 320 3
125 126 3
125 128 3
125 320 3
126 128 3
126 129 3
126 216 3
126 222 3
127 129 3
127 131 3
127 158 3
127 227 3
127 251 3
128 131 3
128 132 3
128 172 3
128 260 3
129 130 3
129 137 3
129 145 3
129 165 3
130 131 3
130 132 3
130 134 3
130 153 3
130 155 3
130 161 3
131 135 3
131 186 3
132 133 3
132 134 3
132 135 3
133 134 3
133 135 3
133 137 3
133 149 3
133 163 3
133 190 3
134 135 3
134 137 3
134 138 3
134 146 3
135 136 3
135 138 3
135 179 3
135 221 3
136 138 3
136 139 3
136 218 3
137 138 3
137 139 3
137 270 3
138 140 3
138 149 3
138 177 3
138 206 3
139 140 3
139 142 3
139 143 3
139 248 3
140 141 3
140 144 3
140 168 3
140 194 3
140 323 3
141 142 3
141 143 3
141 145 3
141 235 3
141 260 3
142 143 3
142 144 3
142 145 3
142 146 3
142 239 3
143 152 3
143 161 3
143 237 3
143 244 3
143 256 3
144 145 3
144 278 3
145 146 3
145 147 3
145 148 3
145 149 3
145 232 3
146 147 3
146 150 3
146 299 3
147 148 3
147 149 3
148 150 3
148 151 3
148 152 3
149 150 3
149 153 3
149 273 3
149 309 3
150 153 3
150 233 3
150 265 3
151 152 3
151 153 3
151 154 3
152 155 3
152 233 3
153 156 3
153 243 3
154 155 3
154 156 3
154 158 3
154 245 3
155 158 3
155 242 3
155 261 3
155 269 3
156 158 3
156 159 3
157 158 3
157 159 3
157 160 3
157 246 3
158 161 3
158 162 3
158 266 3
159 162 3
159 163 3
159 248 3
160 161 3
160 162 3
160 164 3
160 223 3
161 162 3
161 165 3
161 236 3
161 279 3
161 291 3
162 166 3
162 230 3
163 164 3
163 166 3
163 194 3
163 205 3
164 165 3
164 195 3
164 218 3
165 167 3
165 169 3
165 175 3
165 239 3
166 167 3
166 228 3
166 288 3
166 289 3
167 168 3
167 169 3
167 171 3
168 171 3
168 172 3
169 170 3
169 173 3
169 232 3
169 269 3
170 173 3
170 241 3
170 264 3
171 172 3
171 241 3
172 174 3
172 176 3
172 215 3
172 322 3
173 177 3
173 197 3
174 175 3
174 176 3
174 177 3
174 178 3
175 176 3
175 178 3
175 179 3
175 198 3
176 178 3
176 180 3
176 241 3
177 178 3
177 180 3
178 181 3
178 182 3
179 180 3
179 182 3
179 240 3
180 182 3
180 184 3
180 199 3
180 269 3
181 182 3
181 183 3
181 207 3
181 255 3
182 183 3
182 184 3
182 238 3
183 184 3
183 185 3
183 187 3
184 185 3
184 186 3
184 187 3
184 188 3
184 197 3
185 187 3
185 189 3
185 202 3
186 187 3
186 189 3
187 188 3
187 234 3
187 238 3
187 261 3
189 191 3
189 192 3
190 239 3
190 241 3
191 193 3
191 194 3
191 220 3
192 195 3
193 195 3
193 196 3
193 327 3
194 197 3
194 243 3
194 245 3
195 196 3
195 300 3
196 197 3
196 200 3
197 199 3
197 200 3
197 205 3
198 199 3
198 202 3
198 284 3
199 200 3
199 201 3
199 299 3
200 201 3
200 202 3
200 204 3
201 203 3
201 249 3
201 281 3
202 297 3
203 204 3
203 206 3
204 205 3
204 206 3
205 206 3
206 208 3
206 210 3
207 208 3
207 209 3
208 249 3
209 211 3
209 213 3
209 296 3
210 211 3
210 213 3
210 214 3
211 213 3
211 214 3
211 273 3
211 291 3
212 213 3
212 215 3
214 218 3
214 270 3
215 233 3
215 290 3
216 218 3
216 220 3
217 219 3
217 220 3
218 220 3
218 221 3
219 220 3
219 221 3
221 223 3
221 266 3
223 224 3
223 281 3
223 297 3
224 227 3
225 226 3
225 227 3
225 228 3
225 298 3
226 227 3
226 228 3
226 287 3
227 228 3
227 229 3
227 230 3
228 229 3
228 231 3
228 232 3
228 272 3
229 230 3
230 231 3
230 234 3
230 301 3
231 234 3
231 310 3
232 233 3
232 234 3
233 235 3
233 236 3
234 235 3
234 237 3
234 288 3
235 243 3
236 250 3
236 292 3
236 302 3
237 238 3
238 240 3
238 241 3
238 242 3
238 250 3
239 240 3
239 243 3
240 241 3
240 242 3
240 243 3
240 244 3
241 254 3
242 243 3
242 244 3
242 299 3
243 244 3
243 245 3
244 245 3
244 248 3
245 246 3
245 248 3
245 313 3
246 247 3
246 248 3
247 248 3
247 251 3
247 253 3
247 287 3
247 321 3
248 249 3
248 252 3
249 250 3
249 252 3
250 251 3
251 252 3
251 253 3
252 253 3
252 254 3
253 255 3
253 257 3
253 286 3
255 256 3
255 257 3
255 258 3
256 258 3
257 258 3
258 259 3
258 260 3
258 287 3
259 260 3
259 261 3
259 262 3
259 263 3
259 290 3
260 261 3
260 264 3
260 267 3
261 263 3
262 263 3
262 264 3
262 266 3
263 265 3
263 266 3
263 300 3
264 266 3
265 266 3
265 286 3
266 267 3
267 268 3
267 270 3
268 269 3
268 272 3
269 271 3
269 272 3
269 273 3
270 273 3
270 274 3
271 272 3
271 275 3
272 273 3
272 275 3
272 276 3
273 274 3
273 276 3
273 277 3
274 277 3
274 329 3
275 278 3
276 277 3
276 278 3
276 279 3
277 278 3
277 279 3
277 280 3
277 281 3
278 280 3
278 281 3
279 282 3
280 281 3
280 282 3
280 283 3
281 282 3
281 285 3
282 283 3
282 284 3
282 285 3
282 286 3
282 292 3
283 284 3
283 285 3
283 286 3
283 287 3
284 285 3
284 287 3
285 286 3
285 287 3
285 288 3
286 287 3
286 288 3
287 288 3
287 290 3
288 290 3
288 291 3
289 290 3
289 292 3
290 291 3
290 293 3
292 294 3
292 295 3
293 295 3
293 311 3
293 323 3
294 295 3
294 296 3
294 297 3
295 296 3
295 297 3
295 298 3
296 299 3
296 315 3
297 299 3
298 299 3
298 301 3
299 302 3
300 301 3
300 303 3
301 320 3
302 303 3
302 304 3
302 305 3
303 304 3
303 305 3
303 306 3
304 305 3
304 306 3
304 307 3
304 308 3
305 307 3
305 308 3
305 309 3
306 307 3
306 308 3
306 309 3
307 308 3
307 309 3
307 310 3
307 326 3
308 309 3
308 310 3
308 311 3
308 312 3
309 310 3
309 311 3
309 312 3
310 311 3
310 313 3
310 315 3
311 312 3
311 313 3
311 314 3
311 315 3
312 313 3
312 314 3
312 315 3
313 314 3
313 315 3
313 316 3
314 315 3
314 316 3
314 317 3
315 316 3
315 317 3
315 318 3
315 319 3
316 317 3
317 318 3
317 319 3
317 320 3
318 319 3
318 320 3
318 321 3
318 322 3
319 320 3
319 321 3
319 322 3
320 322 3
320 323 3
320 331 3
321 322 3
321 323 3
321 324 3
321 325 3
322 323 3
322 324 3
322 325 3
323 325 3
323 326 3
324 325 3
324 326 3
324 327 3
325 326 3
325 327 3
325 328 3
326 327 3
326 328 3
327 328 3
327 329 3
327 330 3
328 329 3
328 330 3
328 331 3
329 330 3
329 331 3
330 331 3
331 332 3
