108 154 1
98 153 1
225 242 1
151 242 1
18 34 1
171 255 1
48 118 1
56 232 1
124 174 1
54 249 1
148 194 1
121 150 1
171 261 1
117 194 1
130 209 1
14 87 1
237 264 1
203 240 1
213 267 1
46 108 1
3 225 1
59 171 1
69 181 1
31 182 1
54 123 1
149 225 1
51 120 1
11 244 1
114 219 1
4 98 1
30 211 1
146 267 1
15 205 1
137 213 1
37 39 1
39 114 1
10 263 1
45 249 1
155 230 1
75 229 1
24 208 1
102 135 1
21 112 1
11 103 1
55 77 1
14 237 1
6 12 1
107 179 1
87 121 1
116 275 1
106 159 1
23 190 1
164 267 1
67 222 1
18 43 1
128 175 1
154 194 1
214 262 1
242 265 1
101 197 1
114 195 1
158 207 1
141 271 1
82 262 1
102 261 1
21 81 1
148 207 1
43 199 1
36 261 1
22 78 1
4 196 1
82 197 1
74 221 1
12 216 1
112 187 1
14 106 1
48 102 1
98 189 1
175 188 1
174 179 1
137 153 1
71 85 1
9 114 1
44 160 1
181 251 1
254 273 1
232 253 1
52 204 1
63 177 1
88 144 1
34 174 1
70 153 1
81 136 1
250 268 1
30 187 1
43 65 1
114 166 1
26 51 1
104 185 1
79 246 1
242 244 1
58 96 1
77 261 1
24 253 1
44 49 1
99 217 1
11 77 1
157 251 1
146 225 1
27 58 1
69 255 1
22 274 1
24 59 1
73 162 1
85 195 1
51 118 1
40 52 1
116 146 1
37 47 1
85 93 1
34 90 1
44 61 1
36 197 1
200 219 1
103 138 1
153 269 1
151 172 1
107 167 1
174 239 1
146 258 1
159 263 1
185 198 1
191 208 1
191 227 1
8 131 1
189 220 1
194 249 1
115 140 1
161 217 1
58 175 1
44 211 1
92 168 1
60 238 1
14 199 1
69 175 1
148 210 1
58 208 1
10 123 1
142 200 1
226 272 1
139 207 1
2 93 1
233 264 1
116 150 1
51 174 1
49 94 1
94 138 1
100 186 1
30 109 1
113 204 1
54 261 1
138 139 1
25 195 1
87 224 1
32 209 1
178 226 1
34 91 1
12 26 1
62 117 1
76 166 1
90 156 1
66 136 1
165 190 1
51 179 1
104 245 1
164 260 1
235 241 1
9 254 1
109 172 1
65 257 1
141 167 1
37 51 1
200 258 1
76 99 1
29 262 1
19 141 1
118 153 1
84 184 1
11 42 1
12 88 1
114 128 1
231 271 1
157 240 1
136 209 1
150 265 1
130 270 1
31 42 1
57 176 1
133 230 1
93 274 1
17 38 1
111 155 1
71 169 1
88 216 1
28 81 1
71 99 1
32 246 1
26 271 1
111 127 1
9 117 1
3 261 1
123 179 1
180 185 1
16 79 1
189 229 1
103 109 1
96 245 1
139 257 1
74 167 1
103 247 1
101 201 1
10 43 1
48 220 1
5 175 1
13 208 1
70 168 1
76 248 1
51 71 1
92 136 1
4 77 1
238 249 1
97 172 1
63 264 1
91 170 1
187 271 1
106 168 1
157 215 1
161 202 1
134 266 1
158 174 1
65 203 1
50 175 1
18 272 1
102 109 1
106 133 1
95 185 1
231 233 1
96 191 1
86 173 1
63 236 1
230 233 1
66 114 1
46 144 1
189 274 1
3 49 1
82 223 1
266 272 1
8 134 1
146 235 1
3 116 1
177 217 1
49 97 1
11 13 1
144 183 1
83 98 1
143 207 1
85 189 1
45 235 1
195 229 1
25 231 1
244 247 1
189 234 1
47 121 1
118 266 1
110 159 1
252 268 1
89 163 1
26 173 1
46 253 1
81 227 1
129 223 1
42 158 1
185 202 1
138 153 1
122 177 1
242 245 1
149 158 1
146 200 1
82 194 1
117 136 1
5 28 1
93 190 1
93 270 1
87 223 1
41 44 1
46 174 1
57 144 1
53 239 1
117 258 1
190 256 1
18 159 1
43 222 1
23 193 1
151 188 1
200 216 1
243 267 1
204 237 1
121 231 1
121 148 1
164 171 1
184 193 1
157 227 1
87 236 1
44 67 1
14 185 1
103 239 1
28 36 1
129 253 1
228 245 1
33 248 1
7 206 1
38 83 1
4 80 1
44 186 1
251 255 1
202 228 1
13 188 1
162 165 1
215 232 1
83 124 1
46 122 1
34 226 1
73 81 1
162 177 1
12 202 1
9 210 1
17 18 1
46 173 1
97 108 1
216 224 1
45 88 1
150 252 1
192 233 1
16 172 1
98 148 1
146 172 1
123 143 1
92 179 1
80 218 1
6 269 1
80 229 1
14 123 1
59 248 1
20 221 1
44 235 1
131 169 1
157 196 1
114 259 1
112 274 1
136 162 1
210 248 1
6 267 1
57 184 1
13 84 1
126 229 1
18 231 1
31 185 1
78 157 1
97 242 1
10 255 1
148 209 1
17 90 1
68 275 1
56 80 1
118 151 1
123 191 1
52 196 1
115 261 1
75 257 1
259 273 1
16 180 1
89 215 1
17 198 1
122 164 1
101 266 1
50 199 1
66 126 1
70 165 1
121 218 1
93 126 1
193 238 1
92 166 1
83 114 1
95 151 1
34 149 1
78 213 1
41 169 1
178 238 1
177 186 1
4 53 1
53 154 1
156 251 1
17 119 1
213 226 1
137 228 1
30 251 1
145 273 1
141 258 1
17 233 1
229 266 1
42 184 1
81 82 1
77 135 1
196 262 1
188 199 1
39 67 1
166 252 1
222 247 1
49 59 1
184 195 1
1 90 1
146 170 1
188 239 1
5 196 1
111 204 1
122 187 1
19 144 1
95 203 1
3 275 1
191 234 1
149 199 1
52 134 1
192 232 1
23 250 1
6 83 1
6 47 1
93 172 1
28 135 1
5 33 1
56 208 1
20 119 1
38 54 1
133 139 1
18 132 1
133 242 1
116 218 1
184 259 1
158 175 1
158 180 1
81 240 1
13 62 1
90 174 1
147 178 1
79 274 1
18 263 1
74 193 1
55 212 1
51 63 1
60 230 1
30 39 1
22 267 1
127 134 1
33 205 1
9 239 1
125 212 1
45 273 1
137 218 1
160 239 1
237 272 1
116 259 1
189 254 1
177 185 1
3 227 1
109 248 1
154 163 1
24 154 1
52 157 1
133 157 1
66 165 1
2 96 1
17 166 1
27 152 1
111 115 1
108 186 1
178 229 1
91 207 1
144 244 1
123 269 1
241 247 1
134 231 1
131 271 1
47 164 1
45 165 1
179 230 1
86 151 1
109 251 1
168 260 1
154 155 1
217 251 1
81 262 1
119 230 1
87 165 1
98 158 1
70 209 1
41 123 1
203 270 1
49 92 1
41 213 1
13 96 1
44 251 1
152 246 1
15 226 1
13 105 1
141 170 1
46 156 1
41 221 1
110 262 1
5 85 1
90 267 1
154 266 1
8 233 1
56 260 1
177 201 1
145 214 1
188 272 1
189 243 1
16 217 1
134 229 1
28 272 1
94 194 1
40 61 1
47 235 1
26 239 1
18 131 1
161 205 1
160 212 1
119 145 1
196 267 1
13 46 1
43 134 1
78 199 1
19 162 1
20 92 1
88 247 1
200 218 1
7 260 1
118 134 1
159 183 1
191 233 1
53 162 1
76 213 1
71 251 1
82 119 1
4 267 1
2 132 1
46 209 1
78 84 1
169 227 1
75 256 1
133 180 1
16 17 1
41 150 1
133 223 1
186 242 1
15 238 1
6 91 1
52 256 1
10 38 1
29 99 1
14 107 1
183 211 1
40 260 1
20 143 1
152 153 1
10 218 1
56 111 1
178 248 1
35 138 1
72 200 1
87 154 1
39 159 1
54 91 1
16 91 1
100 266 1
113 272 1
98 179 1
14 201 1
40 220 1
69 157 1
248 251 1
28 230 1
132 238 1
100 152 1
44 223 1
176 197 1
34 215 1
232 239 1
30 247 1
129 207 1
203 237 1
59 119 1
44 258 1
22 73 1
106 140 1
90 112 1
44 233 1
16 195 1
167 176 1
172 219 1
72 114 1
17 25 1
11 248 1
40 263 1
71 96 1
46 57 1
164 273 1
132 268 1
84 217 1
30 223 1
119 199 1
156 211 1
40 226 1
75 92 1
107 187 1
80 195 1
8 205 1
52 148 1
122 147 1
44 218 1
80 93 1
84 224 1
167 224 1
42 131 1
240 266 1
126 201 1
120 165 1
28 72 1
21 133 1
194 196 1
4 113 1
164 275 1
51 195 1
36 193 1
74 130 1
31 236 1
44 99 1
48 254 1
21 87 1
180 260 1
154 257 1
58 70 1
53 79 1
78 246 1
233 275 1
236 274 1
32 121 1
33 202 1
101 152 1
163 213 1
182 261 1
38 133 1
185 219 1
210 239 1
71 172 1
144 202 1
52 90 1
104 259 1
45 61 1
196 227 1
18 64 1
16 72 1
247 273 1
48 224 1
26 210 1
85 161 1
18 73 1
122 134 1
56 113 1
98 161 1
118 126 1
55 87 1
70 84 1
35 128 1
7 138 1
176 201 1
78 272 1
49 191 1
146 239 1
149 171 1
34 50 1
255 274 1
203 253 1
133 192 1
185 230 1
77 188 1
40 224 1
184 242 1
109 153 1
188 267 1
16 113 1
93 168 1
83 109 1
19 254 1
167 198 1
27 125 1
78 158 1
123 157 1
136 255 1
74 197 1
27 86 1
34 109 1
67 227 1
52 94 1
7 105 1
44 272 1
119 211 1
228 241 1
170 259 1
83 93 1
28 109 1
105 217 1
64 267 1
4 261 1
196 211 1
6 200 1
186 238 1
29 192 1
10 14 1
118 232 1
16 275 1
135 266 1
87 232 1
239 257 1
46 215 1
226 242 1
44 155 1
23 223 1
86 259 1
26 179 1
21 102 1
185 258 1
12 253 1
26 163 1
120 262 1
20 155 1
11 119 1
14 206 1
129 242 1
58 64 1
14 174 1
177 205 1
1 57 1
40 227 1
86 129 1
96 107 1
157 231 1
