1 9 3
1 201 3
1 223 3
2 33 3
2 93 3
2 239 3
2 240 3
3 82 3
3 145 3
3 155 3
3 292 3
4 77 3
4 135 3
4 196 3
4 261 3
4 267 3
5 196 3
6 25 3
6 200 3
6 263 3
7 260 3
7 272 3
8 225 3
8 226 3
9 210 3
9 239 3
9 245 3
10 233 3
10 281 3
10 302 3
11 42 3
11 114 3
11 222 3
12 26 3
12 88 3
12 147 3
12 202 3
13 208 3
14 115 3
14 159 3
14 199 3
15 143 3
15 161 3
15 205 3
16 91 3
16 121 3
16 195 3
16 275 3
17 119 3
17 198 3
18 162 3
19 24 3
19 82 3
19 130 3
19 297 3
20 143 3
20 149 3
20 155 3
21 76 3
21 102 3
21 133 3
21 180 3
21 191 3
22 267 3
23 183 3
23 190 3
23 193 3
26 82 3
26 163 3
26 179 3
26 239 3
27 58 3
27 99 3
28 81 3
28 109 3
28 230 3
29 140 3
30 299 3
31 185 3
31 236 3
31 241 3
32 120 3
32 246 3
33 108 3
33 248 3
33 259 3
34 78 3
34 197 3
34 226 3
35 99 3
36 131 3
36 197 3
36 272 3
37 39 3
37 47 3
37 76 3
37 98 3
38 133 3
38 198 3
38 282 3
38 299 3
40 50 3
40 174 3
40 224 3
40 226 3
40 260 3
41 123 3
41 178 3
41 213 3
41 221 3
42 85 3
42 179 3
42 184 3
43 222 3
44 61 3
44 99 3
44 223 3
44 233 3
45 51 3
45 62 3
45 87 3
45 273 3
45 290 3
46 209 3
46 262 3
48 102 3
48 133 3
50 175 3
50 230 3
52 253 3
54 123 3
54 133 3
54 186 3
54 253 3
54 301 3
55 77 3
55 133 3
55 212 3
56 80 3
56 113 3
56 232 3
56 260 3
57 62 3
57 143 3
58 70 3
58 122 3
58 190 3
59 123 3
59 171 3
59 248 3
60 93 3
60 151 3
60 179 3
60 230 3
61 119 3
61 257 3
62 111 3
62 164 3
62 197 3
62 209 3
63 239 3
64 244 3
65 252 3
65 286 3
66 69 3
66 136 3
67 93 3
67 187 3
67 227 3
68 281 3
68 301 3
69 157 3
70 84 3
70 103 3
70 116 3
70 131 3
70 145 3
70 153 3
70 165 3
70 168 3
71 99 3
71 111 3
71 172 3
72 95 3
72 114 3
72 200 3
73 119 3
73 162 3
74 158 3
74 198 3
74 221 3
75 226 3
75 229 3
75 257 3
76 166 3
76 248 3
77 261 3
78 158 3
78 213 3
79 267 3
80 93 3
80 253 3
81 82 3
81 119 3
82 194 3
85 161 3
85 195 3
85 287 3
86 107 3
87 165 3
87 249 3
88 216 3
88 224 3
89 90 3
89 163 3
89 224 3
89 281 3
90 111 3
90 112 3
92 160 3
92 168 3
92 179 3
93 172 3
93 190 3
94 136 3
94 194 3
95 151 3
95 161 3
95 203 3
96 109 3
96 165 3
96 245 3
98 158 3
98 189 3
99 217 3
100 200 3
100 224 3
101 152 3
101 197 3
101 266 3
102 145 3
103 109 3
103 145 3
103 247 3
103 258 3
103 273 3
104 127 3
104 185 3
104 292 3
106 161 3
106 280 3
107 167 3
107 187 3
108 286 3
109 227 3
109 291 3
110 240 3
111 155 3
111 189 3
111 256 3
112 194 3
112 273 3
113 193 3
113 204 3
114 128 3
114 153 3
114 259 3
116 146 3
116 298 3
117 194 3
117 235 3
117 289 3
118 134 3
118 185 3
118 189 3
119 148 3
120 126 3
120 262 3
121 148 3
121 150 3
121 179 3
121 241 3
122 147 3
122 172 3
122 177 3
122 269 3
123 143 3
123 242 3
123 269 3
123 294 3
125 148 3
125 236 3
127 216 3
127 276 3
128 153 3
128 174 3
128 229 3
128 242 3
129 225 3
129 242 3
129 253 3
129 257 3
129 285 3
130 278 3
131 295 3
132 238 3
132 277 3
134 229 3
134 282 3
136 143 3
136 255 3
136 260 3
136 269 3
138 153 3
138 182 3
138 183 3
139 145 3
139 257 3
140 268 3
141 170 3
146 172 3
146 175 3
146 267 3
147 174 3
147 210 3
148 194 3
148 210 3
148 255 3
149 249 3
151 189 3
151 266 3
152 153 3
152 189 3
153 269 3
154 163 3
154 207 3
154 257 3
155 286 3
156 183 3
156 225 3
156 288 3
158 174 3
158 180 3
159 208 3
160 212 3
160 228 3
161 265 3
162 266 3
162 295 3
163 253 3
163 295 3
163 302 3
164 267 3
166 252 3
167 176 3
167 193 3
167 198 3
167 224 3
168 178 3
168 260 3
169 173 3
169 255 3
169 279 3
170 227 3
171 198 3
171 233 3
171 255 3
171 293 3
172 189 3
172 252 3
173 220 3
175 241 3
177 179 3
177 185 3
177 297 3
178 226 3
178 238 3
178 241 3
179 286 3
180 185 3
180 268 3
180 270 3
181 210 3
181 251 3
181 281 3
181 294 3
185 198 3
186 249 3
187 204 3
188 254 3
189 207 3
189 220 3
189 229 3
189 234 3
189 243 3
189 254 3
189 293 3
190 256 3
191 208 3
191 227 3
191 231 3
192 233 3
193 302 3
195 209 3
195 214 3
195 243 3
195 249 3
196 263 3
198 271 3
198 272 3
201 271 3
202 211 3
202 228 3
202 295 3
212 266 3
213 285 3
214 249 3
214 275 3
215 287 3
220 222 3
220 290 3
222 247 3
224 232 3
225 273 3
226 242 3
226 272 3
227 275 3
228 245 3
228 266 3
228 294 3
229 266 3
234 279 3
234 293 3
235 241 3
235 299 3
236 280 3
237 261 3
237 264 3
237 270 3
237 272 3
238 249 3
238 275 3
241 247 3
245 294 3
252 268 3
254 273 3
256 300 3
257 302 3
258 292 3
282 294 3
25 214 3
139 178 3
145 314 3
2 160 3
34 68 3
141 259 3
82 152 3
248 265 3
94 156 3
318 329 3
144 264 3
236 313 3
103 301 3
110 287 3
113 212 3
93 228 3
57 73 3
152 290 3
218 311 3
205 292 3
100 264 3
132 265 3
172 299 3
117 247 3
103 312 3
243 244 3
66 166 3
144 269 3
35 253 3
143 166 3
38 285 3
10 259 3
110 330 3
219 247 3
178 308 3
120 160 3
171 278 3
37 92 3
57 209 3
36 283 3
193 231 3
64 199 3
10 178 3
132 332 3
62 182 3
135 298 3
99 144 3
64 209 3
141 282 3
36 43 3
48 82 3
195 245 3
252 287 3
228 281 3
83 231 3
264 313 3
11 50 3
44 188 3
60 296 3
161 240 3
25 205 3
124 295 3
268 278 3
76 252 3
148 214 3
111 195 3
226 296 3
107 135 3
180 307 3
31 262 3
125 214 3
135 242 3
205 263 3
149 168 3
71 193 3
273 285 3
208 236 3
155 231 3
283 298 3
36 314 3
160 251 3
186 207 3
54 306 3
4 80 3
204 235 3
64 217 3
67 258 3
87 268 3
24 229 3
236 299 3
96 216 3
119 171 3
304 321 3
174 193 3
148 286 3
33 75 3
67 281 3
120 138 3
174 217 3
43 328 3
8 179 3
265 311 3
245 247 3
20 141 3
175 270 3
27 73 3
198 270 3
111 161 3
106 303 3
3 60 3
77 118 3
12 184 3
150 278 3
39 223 3
185 286 3
35 294 3
13 31 3
146 276 3
85 179 3
4 116 3
259 283 3
108 117 3
148 218 3
173 277 3
188 279 3
226 232 3
244 276 3
141 329 3
140 313 3
179 266 3
213 324 3
23 147 3
226 293 3
218 324 3
45 221 3
108 224 3
135 171 3
8 238 3
21 284 3
79 128 3
151 230 3
14 273 3
61 270 3
41 154 3
77 332 3
227 320 3
133 293 3
10 278 3
173 227 3
138 269 3
36 296 3
29 126 3
99 288 3
32 39 3
30 159 3
166 309 3
107 179 3
240 322 3
63 296 3
200 292 3
14 63 3
115 279 3
209 307 3
60 67 3
23 248 3
204 310 3
212 232 3
104 310 3
55 107 3
266 268 3
4 21 3
182 242 3
127 152 3
9 10 3
209 214 3
196 221 3
142 168 3
36 230 3
209 296 3
103 318 3
125 306 3
4 296 3
126 319 3
232 233 3
41 168 3
44 85 3
188 327 3
225 235 3
66 154 3
164 199 3
53 282 3
91 315 3
212 220 3
103 127 3
89 229 3
8 213 3
122 223 3
136 247 3
36 209 3
67 249 3
123 151 3
212 230 3
25 65 3
50 132 3
178 296 3
127 249 3
151 268 3
75 137 3
30 263 3
38 177 3
79 184 3
170 201 3
225 327 3
35 203 3
101 180 3
40 302 3
172 251 3
120 236 3
195 251 3
40 206 3
122 134 3
86 321 3
223 272 3
63 221 3
153 239 3
152 179 3
11 268 3
5 272 3
161 306 3
8 207 3
166 327 3
86 230 3
17 85 3
241 279 3
114 187 3
239 241 3
235 324 3
94 229 3
214 292 3
235 287 3
1 118 3
26 128 3
268 297 3
16 52 3
179 190 3
24 184 3
12 173 3
16 269 3
178 189 3
121 291 3
114 123 3
20 32 3
127 246 3
231 281 3
16 120 3
145 281 3
29 115 3
218 232 3
175 293 3
70 225 3
258 267 3
123 240 3
23 122 3
6 234 3
267 274 3
61 67 3
107 297 3
10 146 3
210 233 3
216 290 3
94 238 3
246 250 3
123 131 3
8 112 3
23 275 3
262 290 3
312 317 3
52 242 3
133 213 3
38 67 3
104 154 3
48 180 3
57 321 3
141 325 3
186 202 3
24 280 3
107 273 3
113 230 3
40 71 3
9 93 3
298 314 3
219 275 3
198 326 3
128 330 3
126 165 3
200 317 3
32 189 3
47 97 3
8 292 3
193 237 3
161 260 3
60 188 3
92 120 3
85 191 3
13 132 3
33 203 3
145 231 3
16 251 3
47 58 3
13 184 3
131 249 3
239 303 3
269 280 3
3 207 3
159 228 3
68 309 3
6 127 3
126 164 3
139 248 3
270 316 3
106 180 3
78 302 3
141 251 3
26 187 3
237 331 3
274 301 3
142 144 3
66 158 3
16 53 3
83 225 3
29 230 3
130 192 3
23 268 3
27 258 3
125 127 3
14 284 3
122 124 3
137 154 3
8 17 3
162 268 3
23 165 3
156 308 3
164 313 3
100 293 3
34 185 3
102 314 3
3 151 3
94 277 3
86 120 3
123 130 3
74 246 3
38 144 3
195 297 3
131 174 3
225 255 3
57 318 3
142 197 3
281 284 3
122 244 3
48 75 3
17 149 3
271 309 3
70 300 3
215 305 3
189 257 3
166 330 3
112 312 3
50 73 3
163 274 3
148 327 3
191 330 3
201 289 3
139 331 3
33 106 3
49 325 3
175 301 3
62 319 3
38 121 3
147 286 3
46 308 3
89 295 3
68 141 3
111 327 3
140 157 3
52 54 3
302 304 3
164 181 3
90 223 3
122 179 3
91 328 3
90 170 3
60 76 3
17 151 3
105 117 3
82 83 3
80 171 3
141 296 3
158 290 3
217 251 3
114 222 3
6 270 3
102 111 3
186 201 3
32 244 3
239 322 3
122 160 3
101 329 3
67 155 3
38 191 3
120 171 3
171 272 3
211 236 3
288 311 3
149 193 3
30 290 3
69 232 3
51 85 3
269 294 3
36 258 3
121 157 3
5 37 3
80 178 3
103 215 3
194 270 3
210 254 3
32 132 3
33 262 3
180 330 3
119 287 3
129 270 3
23 180 3
22 211 3
57 141 3
137 181 3
61 134 3
217 311 3
140 240 3
113 330 3
34 101 3
132 207 3
86 239 3
13 61 3
51 58 3
90 192 3
264 320 3
27 287 3
49 87 3
148 165 3
25 221 3
158 328 3
213 282 3
9 56 3
120 168 3
6 220 3
122 132 3
127 271 3
251 290 3
139 261 3
228 250 3
18 159 3
44 157 3
33 244 3
12 198 3
37 59 3
6 54 3
114 207 3
170 186 3
136 225 3
141 257 3
32 298 3
12 70 3
140 150 3
35 330 3
15 319 3
144 194 3
146 311 3
242 307 3
11 33 3
198 269 3
6 312 3
143 192 3
69 278 3
84 245 3
7 116 3
119 211 3
5 142 3
145 188 3
186 292 3
179 278 3
120 292 3
9 98 3
106 315 3
36 260 3
15 125 3
224 273 3
24 35 3
12 132 3
135 232 3
158 257 3
55 170 3
175 276 3
52 196 3
75 239 3
5 237 3
24 273 3
217 281 3
42 322 3
184 221 3
118 277 3
13 169 3
58 289 3
109 123 3
274 300 3
144 244 3
1 100 3
118 295 3
175 234 3
1 14 3
250 308 3
6 248 3
194 222 3
117 155 3
131 220 3
43 75 3
5 307 3
63 163 3
151 171 3
2 147 3
246 294 3
3 332 3
97 208 3
222 233 3
98 208 3
23 59 3
44 172 3
80 164 3
294 326 3
288 299 3
288 303 3
39 263 3
193 285 3
44 243 3
57 263 3
45 145 3
47 302 3
98 144 3
64 296 3
81 239 3
171 217 3
103 134 3
57 266 3
133 302 3
19 147 3
102 258 3
188 322 3
140 194 3
51 300 3
151 237 3
27 202 3
295 329 3
26 168 3
14 231 3
172 321 3
79 311 3
1 56 3
32 213 3
265 266 3
2 332 3
259 284 3
102 193 3
34 161 3
131 211 3
71 158 3
33 80 3
74 247 3
58 87 3
46 146 3
44 258 3
125 233 3
45 257 3
230 265 3
189 266 3
112 251 3
145 252 3
79 226 3
65 210 3
104 136 3
183 287 3
28 88 3
97 146 3
34 162 3
111 211 3
126 155 3
111 170 3
43 79 3
188 319 3
216 228 3
7 247 3
87 134 3
71 133 3
56 312 3
83 262 3
111 216 3
163 201 3
42 283 3
74 76 3
184 196 3
147 231 3
42 50 3
35 216 3
49 88 3
39 302 3
220 281 3
94 149 3
124 283 3
135 284 3
114 322 3
172 256 3
206 309 3
50 213 3
281 329 3
113 154 3
111 300 3
80 263 3
9 297 3
295 309 3
265 305 3
16 192 3
29 133 3
153 212 3
62 138 3
313 326 3
34 186 3
134 192 3
13 282 3
60 166 3
97 312 3
59 240 3
21 313 3
217 285 3
152 205 3
65 258 3
100 325 3
172 261 3
204 318 3
117 233 3
54 299 3
72 259 3
7 118 3
126 288 3
130 291 3
29 267 3
