1 201 5
1 223 5
2 93 5
2 169 5
2 197 5
3 97 5
3 155 5
3 287 5
3 332 5
4 77 5
4 80 5
4 125 5
4 135 5
4 147 5
4 231 5
5 71 5
5 142 5
5 307 5
6 8 5
6 25 5
6 54 5
6 127 5
6 311 5
6 322 5
7 260 5
8 47 5
8 104 5
8 177 5
8 207 5
8 213 5
8 216 5
8 238 5
8 311 5
8 347 5
9 56 5
9 99 5
9 245 5
9 307 5
9 315 5
10 69 5
10 259 5
10 269 5
10 278 5
11 79 5
11 95 5
11 197 5
11 222 5
12 47 5
12 70 5
12 88 5
12 98 5
12 147 5
12 153 5
12 184 5
12 303 5
13 31 5
13 282 5
14 63 5
14 115 5
14 147 5
14 155 5
14 159 5
14 199 5
14 231 5
14 273 5
15 27 5
15 117 5
15 130 5
15 161 5
15 187 5
16 120 5
16 251 5
16 269 5
17 85 5
17 149 5
17 356 5
18 66 5
18 333 5
19 361 5
20 32 5
20 143 5
20 241 5
20 304 5
20 365 5
21 76 5
21 102 5
21 180 5
21 204 5
22 130 5
22 158 5
23 139 5
23 165 5
23 175 5
23 180 5
23 193 5
23 275 5
23 278 5
24 202 5
24 273 5
24 301 5
25 205 5
25 299 5
25 309 5
25 334 5
25 360 5
25 363 5
26 76 5
26 82 5
26 187 5
26 206 5
26 239 5
26 360 5
27 66 5
27 202 5
27 279 5
28 181 5
28 239 5
28 240 5
28 313 5
28 332 5
29 32 5
29 70 5
29 110 5
30 138 5
30 146 5
30 159 5
30 263 5
30 276 5
31 41 5
31 289 5
31 344 5
32 120 5
32 177 5
32 238 5
32 298 5
33 108 5
33 126 5
33 203 5
33 220 5
33 239 5
33 248 5
33 259 5
33 262 5
34 68 5
34 197 5
34 226 5
35 49 5
35 110 5
35 216 5
36 43 5
36 162 5
36 197 5
36 209 5
36 210 5
36 260 5
36 266 5
36 272 5
36 304 5
36 314 5
37 59 5
37 76 5
37 119 5
38 121 5
38 177 5
38 282 5
38 301 5
39 84 5
39 120 5
39 129 5
40 124 5
40 206 5
40 224 5
40 306 5
41 71 5
41 123 5
41 168 5
41 202 5
42 50 5
42 93 5
42 283 5
43 44 5
43 75 5
43 328 5
44 99 5
44 102 5
44 172 5
44 188 5
44 203 5
45 62 5
45 108 5
45 221 5
45 237 5
45 273 5
45 349 5
46 209 5
47 131 5
47 189 5
47 296 5
48 79 5
49 219 5
49 265 5
49 325 5
50 231 5
50 237 5
51 58 5
51 132 5
52 61 5
52 320 5
53 76 5
53 131 5
53 282 5
53 293 5
54 185 5
56 98 5
57 263 5
57 266 5
58 70 5
58 138 5
59 123 5
59 156 5
59 171 5
59 230 5
60 120 5
60 151 5
60 255 5
60 256 5
60 298 5
60 320 5
61 68 5
61 112 5
61 148 5
61 166 5
61 231 5
61 275 5
61 318 5
62 111 5
62 182 5
63 221 5
63 239 5
63 296 5
63 319 5
64 71 5
64 86 5
64 171 5
64 217 5
64 353 5
65 243 5
65 326 5
66 158 5
67 155 5
67 197 5
67 270 5
67 323 5
68 196 5
68 199 5
69 172 5
69 232 5
69 278 5
70 82 5
70 116 5
70 165 5
70 248 5
71 99 5
71 110 5
71 158 5
71 172 5
72 109 5
72 200 5
72 345 5
73 192 5
73 324 5
74 102 5
74 247 5
74 314 5
75 85 5
75 137 5
75 257 5
76 248 5
77 181 5
77 245 5
77 249 5
77 305 5
79 128 5
79 184 5
79 226 5
79 229 5
79 302 5
79 343 5
80 171 5
80 188 5
80 276 5
81 119 5
82 121 5
82 183 5
82 194 5
82 223 5
82 292 5
82 309 5
83 225 5
83 240 5
83 262 5
84 93 5
85 179 5
85 227 5
86 248 5
86 321 5
87 134 5
87 268 5
88 232 5
89 102 5
89 281 5
89 295 5
90 112 5
90 145 5
90 174 5
90 192 5
90 199 5
90 223 5
91 93 5
91 125 5
91 241 5
91 310 5
91 351 5
92 179 5
92 270 5
92 310 5
94 156 5
94 206 5
94 282 5
95 194 5
96 165 5
96 343 5
97 117 5
97 210 5
97 246 5
98 144 5
98 158 5
98 208 5
98 359 5
99 157 5
99 217 5
99 288 5
99 319 5
100 107 5
100 296 5
101 295 5
101 328 5
101 341 5
102 145 5
102 186 5
103 109 5
103 149 5
103 301 5
103 329 5
104 127 5
104 185 5
107 208 5
107 273 5
108 117 5
108 152 5
109 196 5
109 227 5
109 247 5
109 266 5
109 362 5
110 287 5
111 189 5
111 211 5
111 256 5
111 300 5
111 307 5
111 309 5
112 251 5
112 273 5
113 232 5
113 306 5
114 123 5
114 230 5
115 328 5
116 208 5
116 249 5
116 291 5
117 161 5
117 194 5
117 235 5
117 248 5
118 295 5
119 148 5
119 171 5
119 207 5
119 328 5
120 138 5
120 359 5
121 179 5
121 218 5
121 240 5
121 241 5
121 310 5
122 173 5
122 243 5
122 244 5
123 130 5
123 143 5
123 242 5
123 277 5
123 282 5
124 220 5
125 214 5
125 236 5
126 165 5
126 180 5
126 219 5
126 319 5
127 249 5
128 153 5
128 239 5
129 211 5
129 226 5
129 253 5
129 301 5
129 315 5
130 209 5
131 220 5
131 295 5
131 345 5
132 187 5
132 207 5
133 145 5
133 213 5
133 221 5
134 216 5
134 338 5
134 352 5
135 171 5
135 272 5
135 298 5
135 306 5
135 336 5
135 364 5
136 247 5
136 249 5
136 260 5
136 354 5
137 146 5
137 154 5
138 182 5
138 203 5
138 232 5
138 340 5
139 261 5
139 265 5
139 331 5
140 173 5
140 240 5
140 267 5
141 296 5
141 305 5
141 354 5
142 144 5
142 197 5
142 357 5
143 172 5
143 192 5
143 310 5
143 311 5
143 365 5
144 354 5
146 172 5
146 190 5
146 234 5
146 285 5
146 327 5
147 239 5
148 190 5
148 194 5
148 212 5
148 218 5
148 255 5
149 171 5
149 227 5
149 359 5
151 220 5
151 237 5
151 266 5
152 153 5
152 179 5
152 205 5
153 239 5
154 219 5
154 259 5
156 225 5
156 288 5
157 302 5
158 282 5
158 285 5
158 325 5
158 328 5
159 207 5
159 294 5
160 163 5
160 212 5
161 265 5
161 326 5
162 268 5
163 253 5
163 259 5
163 302 5
164 181 5
164 267 5
164 343 5
165 225 5
166 219 5
166 252 5
166 304 5
167 193 5
167 224 5
170 234 5
170 251 5
171 296 5
172 251 5
172 256 5
172 259 5
172 261 5
172 262 5
172 338 5
172 361 5
173 220 5
173 270 5
175 205 5
175 208 5
175 245 5
175 276 5
177 190 5
177 300 5
178 189 5
178 233 5
178 296 5
178 308 5
178 348 5
179 231 5
179 271 5
180 242 5
180 268 5
180 270 5
181 281 5
182 313 5
183 209 5
183 224 5
183 229 5
183 263 5
183 300 5
184 221 5
185 254 5
186 201 5
186 207 5
187 204 5
189 215 5
189 254 5
189 266 5
189 293 5
189 356 5
190 258 5
191 231 5
191 330 5
193 254 5
193 347 5
195 209 5
195 214 5
196 221 5
197 263 5
198 271 5
198 326 5
198 362 5
201 268 5
201 289 5
202 211 5
202 228 5
202 333 5
203 331 5
204 265 5
205 236 5
205 334 5
207 329 5
207 351 5
208 236 5
208 244 5
208 301 5
209 214 5
209 222 5
210 256 5
212 232 5
212 266 5
213 280 5
213 282 5
213 296 5
214 251 5
214 349 5
216 228 5
217 311 5
218 324 5
218 329 5
219 228 5
220 299 5
220 304 5
221 283 5
221 363 5
223 272 5
224 256 5
224 260 5
224 273 5
225 257 5
225 327 5
226 242 5
226 293 5
226 349 5
227 277 5
227 316 5
228 250 5
228 266 5
228 281 5
228 298 5
229 335 5
231 346 5
232 284 5
232 306 5
234 264 5
234 279 5
235 302 5
236 248 5
236 280 5
237 272 5
237 306 5
238 336 5
239 322 5
240 274 5
240 364 5
241 273 5
241 315 5
242 307 5
244 348 5
245 294 5
245 340 5
246 302 5
246 306 5
247 280 5
248 261 5
248 364 5
249 266 5
252 299 5
252 349 5
254 273 5
255 263 5
255 342 5
256 267 5
256 308 5
258 267 5
258 292 5
258 333 5
262 290 5
262 333 5
263 323 5
264 319 5
264 320 5
265 311 5
268 287 5
269 280 5
270 292 5
275 278 5
277 284 5
281 357 5
282 294 5
282 319 5
283 287 5
283 298 5
285 302 5
287 328 5
287 335 5
288 310 5
288 311 5
292 300 5
292 337 5
293 314 5
293 338 5
295 329 5
295 347 5
296 356 5
301 317 5
307 352 5
313 326 5
314 321 5
316 363 5
326 350 5
328 350 5
337 344 5
346 355 5
348 363 5
42 358 5
384 394 5
100 379 5
145 300 5
10 170 5
87 374 5
51 209 5
27 339 5
30 47 5
6 238 5
121 212 5
231 322 5
277 306 5
94 248 5
48 72 5
101 203 5
162 185 5
167 262 5
65 163 5
4 5 5
50 74 5
163 355 5
100 189 5
130 292 5
309 370 5
28 39 5
180 342 5
21 157 5
114 290 5
34 76 5
235 279 5
134 396 5
135 300 5
256 370 5
37 333 5
110 374 5
135 382 5
27 397 5
304 356 5
66 69 5
321 331 5
7 352 5
77 296 5
137 152 5
329 371 5
102 135 5
38 237 5
106 366 5
205 215 5
250 298 5
325 351 5
57 133 5
52 176 5
130 232 5
27 300 5
196 357 5
220 275 5
369 380 5
116 242 5
119 243 5
158 221 5
195 377 5
129 154 5
160 333 5
129 369 5
182 365 5
78 311 5
96 254 5
327 362 5
55 388 5
299 323 5
15 190 5
269 395 5
110 157 5
182 348 5
339 352 5
167 400 5
206 368 5
37 225 5
192 373 5
153 165 5
228 315 5
135 323 5
95 240 5
322 368 5
154 292 5
168 362 5
80 230 5
234 236 5
11 87 5
182 362 5
21 98 5
32 303 5
256 388 5
11 359 5
120 248 5
19 183 5
161 317 5
14 73 5
83 335 5
112 236 5
72 298 5
76 377 5
301 382 5
211 384 5
64 68 5
165 344 5
47 157 5
139 144 5
149 376 5
167 174 5
29 396 5
185 228 5
17 198 5
100 373 5
83 204 5
7 100 5
155 228 5
127 148 5
30 209 5
183 276 5
94 198 5
112 250 5
245 250 5
65 292 5
70 239 5
57 64 5
314 340 5
356 364 5
184 336 5
127 387 5
90 207 5
159 317 5
306 361 5
116 241 5
298 336 5
101 115 5
94 299 5
10 350 5
216 301 5
29 325 5
336 352 5
343 388 5
125 290 5
89 395 5
83 183 5
13 295 5
72 327 5
187 319 5
167 326 5
156 354 5
25 249 5
46 252 5
332 398 5
132 231 5
55 286 5
309 333 5
62 274 5
24 295 5
70 288 5
112 325 5
43 78 5
114 338 5
3 328 5
242 373 5
127 252 5
195 349 5
45 47 5
378 394 5
114 125 5
71 281 5
212 252 5
52 387 5
157 346 5
9 299 5
193 306 5
20 222 5
231 270 5
206 345 5
157 177 5
80 186 5
376 380 5
94 100 5
93 96 5
144 282 5
23 290 5
25 213 5
76 307 5
135 198 5
93 206 5
32 70 5
326 398 5
89 339 5
156 294 5
283 312 5
67 142 5
64 116 5
118 163 5
283 286 5
25 328 5
239 289 5
47 263 5
25 101 5
10 298 5
103 159 5
176 190 5
172 245 5
114 334 5
183 342 5
64 299 5
40 326 5
203 389 5
228 393 5
182 223 5
150 277 5
114 206 5
37 325 5
49 210 5
58 349 5
179 180 5
160 355 5
4 40 5
227 271 5
9 125 5
167 307 5
91 261 5
18 62 5
151 319 5
126 374 5
1 99 5
195 305 5
188 304 5
236 301 5
113 249 5
292 366 5
26 198 5
139 318 5
187 201 5
282 365 5
130 312 5
171 260 5
221 278 5
43 306 5
30 268 5
15 38 5
104 209 5
291 342 5
185 242 5
198 297 5
162 235 5
187 260 5
31 176 5
304 398 5
361 362 5
184 345 5
43 163 5
55 115 5
92 393 5
97 259 5
112 121 5
224 296 5
310 393 5
176 186 5
55 223 5
56 144 5
290 330 5
320 388 5
104 385 5
138 296 5
16 78 5
81 178 5
193 268 5
184 232 5
329 359 5
114 152 5
82 112 5
47 176 5
233 391 5
24 285 5
167 360 5
248 340 5
169 399 5
240 345 5
134 382 5
70 154 5
235 284 5
76 320 5
174 224 5
205 332 5
45 224 5
28 335 5
74 126 5
182 188 5
205 306 5
144 338 5
44 155 5
184 212 5
95 152 5
206 228 5
228 382 5
184 275 5
266 288 5
133 259 5
88 262 5
311 337 5
306 364 5
103 317 5
98 110 5
87 363 5
105 375 5
23 90 5
207 332 5
83 301 5
201 374 5
201 288 5
181 234 5
56 140 5
98 387 5
259 272 5
247 281 5
168 225 5
157 316 5
24 327 5
254 362 5
133 138 5
69 390 5
11 362 5
151 385 5
110 161 5
13 257 5
15 312 5
112 152 5
96 297 5
142 370 5
210 376 5
38 290 5
365 366 5
291 314 5
23 398 5
134 262 5
228 323 5
202 312 5
284 352 5
116 295 5
133 223 5
147 202 5
25 133 5
101 332 5
120 373 5
94 315 5
181 353 5
218 384 5
369 389 5
180 385 5
41 63 5
117 290 5
319 363 5
200 318 5
166 342 5
106 147 5
307 388 5
192 293 5
223 331 5
50 365 5
195 352 5
47 216 5
271 303 5
265 363 5
116 238 5
300 346 5
134 156 5
191 262 5
60 124 5
138 180 5
285 299 5
284 285 5
175 263 5
149 193 5
70 112 5
264 315 5
62 202 5
36 383 5
72 246 5
309 398 5
14 34 5
189 208 5
68 221 5
16 51 5
200 231 5
97 153 5
108 187 5
49 54 5
275 356 5
24 314 5
300 386 5
120 360 5
100 341 5
155 171 5
225 259 5
79 292 5
311 359 5
152 203 5
98 276 5
219 370 5
43 178 5
139 364 5
151 192 5
84 105 5
69 138 5
122 201 5
159 368 5
140 314 5
141 171 5
28 310 5
37 60 5
347 392 5
17 143 5
187 222 5
39 90 5
156 267 5
81 294 5
229 304 5
157 386 5
7 294 5
53 207 5
87 93 5
37 401 5
208 232 5
249 308 5
200 299 5
267 289 5
87 113 5
75 202 5
125 230 5
140 279 5
195 368 5
181 351 5
24 261 5
77 243 5
139 329 5
169 176 5
72 401 5
55 212 5
34 211 5
59 82 5
326 332 5
43 116 5
11 117 5
209 390 5
18 128 5
86 212 5
168 339 5
161 191 5
75 271 5
9 340 5
75 180 5
251 384 5
134 286 5
16 345 5
20 215 5
257 269 5
135 279 5
45 197 5
86 135 5
244 324 5
18 163 5
251 255 5
26 124 5
325 365 5
132 400 5
60 217 5
66 146 5
30 42 5
58 199 5
86 374 5
77 314 5
14 211 5
132 265 5
22 79 5
2 266 5
266 284 5
119 237 5
133 262 5
130 242 5
46 226 5
114 128 5
105 273 5
147 179 5
50 375 5
20 204 5
208 353 5
294 333 5
196 235 5
218 290 5
155 315 5
150 245 5
49 346 5
84 186 5
178 382 5
304 378 5
8 94 5
272 322 5
227 296 5
102 394 5
273 388 5
53 319 5
166 287 5
187 189 5
3 199 5
150 185 5
230 394 5
7 174 5
90 115 5
292 359 5
70 335 5
163 342 5
262 342 5
106 167 5
172 229 5
215 268 5
43 393 5
133 208 5
278 392 5
76 397 5
145 394 5
295 333 5
211 339 5
67 325 5
27 97 5
169 288 5
30 228 5
3 371 5
109 162 5
148 280 5
277 322 5
81 139 5
16 129 5
71 197 5
136 164 5
95 341 5
29 223 5
95 106 5
205 219 5
106 191 5
221 374 5
5 376 5
166 263 5
71 156 5
34 228 5
103 291 5
28 29 5
156 183 5
117 253 5
24 353 5
36 60 5
46 88 5
224 259 5
76 182 5
28 44 5
254 401 5
259 264 5
47 199 5
96 203 5
323 342 5
231 236 5
97 263 5
279 332 5
90 120 5
186 203 5
71 335 5
190 222 5
21 79 5
12 275 5
39 227 5
153 319 5
111 254 5
83 158 5
51 178 5
360 392 5
173 267 5
269 295 5
202 225 5
220 364 5
94 345 5
87 149 5
28 370 5
121 276 5
120 361 5
18 396 5
71 386 5
170 182 5
238 252 5
11 289 5
102 370 5
347 352 5
245 308 5
181 287 5
69 178 5
85 144 5
272 365 5
171 372 5
119 333 5
91 124 5
151 158 5
141 221 5
142 384 5
1 52 5
11 307 5
7 12 5
52 363 5
25 32 5
207 312 5
212 348 5
27 88 5
31 104 5
347 391 5
74 395 5
64 238 5
117 214 5
331 395 5
34 209 5
107 313 5
218 260 5
191 271 5
298 315 5
305 322 5
110 346 5
157 305 5
65 129 5
183 232 5
95 246 5
178 242 5
239 314 5
78 356 5
71 200 5
285 306 5
196 352 5
11 210 5
85 274 5
152 382 5
56 188 5
205 303 5
206 238 5
33 39 5
270 289 5
37 343 5
133 192 5
278 371 5
27 105 5
377 398 5
97 354 5
121 281 5
148 364 5
2 233 5
154 237 5
96 286 5
187 282 5
191 373 5
5 65 5
6 229 5
171 293 5
97 115 5
64 362 5
66 138 5
90 136 5
113 260 5
65 88 5
309 380 5
28 381 5
213 337 5
97 206 5
86 104 5
75 284 5
20 277 5
79 177 5
25 43 5
19 213 5
139 381 5
276 278 5
190 366 5
12 376 5
99 224 5
39 202 5
6 66 5
218 254 5
59 74 5
250 388 5
217 270 5
165 325 5
75 362 5
58 342 5
191 360 5
1 270 5
11 145 5
201 278 5
4 248 5
133 286 5
138 278 5
24 203 5
28 170 5
14 261 5
19 150 5
343 356 5
314 316 5
89 327 5
279 373 5
286 315 5
280 369 5
58 229 5
241 312 5
87 190 5
315 322 5
45 264 5
68 131 5
65 231 5
237 399 5
255 317 5
147 271 5
132 269 5
258 358 5
58 303 5
15 308 5
186 289 5
18 55 5
87 296 5
276 329 5
54 242 5
98 269 5
177 399 5
165 314 5
74 302 5
217 384 5
129 328 5
160 269 5
16 334 5
63 225 5
131 391 5
77 278 5
131 390 5
75 295 5
98 222 5
22 225 5
135 290 5
322 384 5
159 360 5
260 297 5
279 305 5
76 304 5
80 235 5
85 171 5
323 395 5
147 386 5
198 223 5
259 335 5
25 229 5
5 196 5
26 122 5
19 330 5
12 388 5
312 346 5
243 280 5
146 205 5
231 353 5
49 383 5
219 259 5
66 180 5
212 286 5
155 237 5
106 171 5
12 130 5
16 399 5
192 398 5
15 114 5
100 193 5
100 177 5
44 342 5
55 321 5
87 358 5
135 345 5
202 339 5
3 25 5
310 382 5
214 290 5
63 392 5
59 147 5
129 194 5
162 190 5
275 321 5
185 278 5
374 377 5
90 361 5
15 317 5
2 9 5
354 372 5
209 383 5
227 234 5
280 385 5
215 271 5
169 278 5
227 261 5
23 53 5
258 356 5
243 348 5
119 131 5
131 177 5
91 167 5
82 266 5
178 347 5
157 221 5
37 372 5
198 202 5
186 270 5
149 157 5
128 317 5
33 388 5
128 143 5
40 170 5
355 385 5
116 188 5
145 246 5
36 384 5
8 374 5
64 185 5
293 319 5
5 363 5
206 330 5
232 271 5
63 380 5
26 190 5
131 296 5
110 250 5
332 362 5
279 388 5
315 394 5
131 174 5
209 311 5
113 392 5
181 249 5
172 248 5
214 252 5
206 215 5
36 130 5
84 265 5
87 183 5
54 127 5
376 386 5
163 316 5
113 336 5
303 322 5
148 178 5
51 88 5
236 357 5
151 209 5
83 398 5
52 296 5
257 322 5
109 123 5
266 365 5
124 387 5
112 120 5
104 177 5
159 340 5
19 93 5
124 394 5
13 302 5
136 140 5
61 168 5
211 371 5
53 377 5
100 207 5
20 200 5
29 202 5
65 322 5
66 381 5
185 188 5
91 365 5
250 361 5
376 379 5
14 98 5
27 371 5
183 399 5
58 162 5
132 350 5
341 398 5
220 257 5
97 349 5
18 125 5
149 340 5
189 287 5
49 319 5
70 81 5
12 103 5
2 59 5
16 80 5
123 156 5
115 227 5
305 349 5
326 357 5
152 370 5
7 323 5
18 188 5
28 205 5
176 215 5
75 216 5
62 206 5
123 204 5
207 360 5
58 265 5
48 93 5
235 253 5
229 392 5
183 347 5
