228 264 1
65 159 1
156 231 1
82 106 1
212 229 1
117 125 1
18 62 1
119 138 1
195 267 1
83 230 1
112 263 1
106 227 1
101 180 1
78 91 1
25 258 1
59 246 1
123 253 1
129 133 1
211 231 1
115 184 1
24 239 1
25 41 1
25 39 1
96 160 1
30 119 1
142 203 1
33 106 1
11 245 1
10 212 1
240 268 1
23 237 1
91 115 1
23 244 1
100 253 1
56 214 1
79 161 1
54 62 1
119 230 1
155 253 1
7 51 1
150 253 1
25 256 1
146 162 1
48 143 1
83 107 1
192 196 1
7 32 1
11 29 1
152 262 1
158 207 1
195 200 1
130 162 1
133 157 1
84 110 1
37 134 1
117 186 1
18 263 1
26 43 1
164 185 1
74 246 1
17 142 1
23 43 1
173 205 1
201 203 1
191 237 1
132 267 1
18 156 1
121 165 1
175 204 1
88 275 1
215 268 1
79 150 1
10 193 1
105 173 1
55 254 1
20 147 1
62 196 1
46 246 1
248 266 1
171 181 1
86 180 1
49 118 1
74 169 1
8 125 1
7 98 1
189 212 1
239 274 1
160 267 1
33 248 1
11 58 1
27 77 1
35 100 1
16 80 1
6 70 1
117 205 1
15 64 1
112 173 1
133 247 1
140 158 1
96 255 1
23 185 1
168 173 1
36 148 1
9 266 1
35 67 1
68 253 1
134 235 1
58 80 1
117 262 1
74 180 1
153 246 1
10 169 1
51 94 1
26 190 1
182 200 1
99 226 1
97 123 1
31 261 1
179 269 1
21 122 1
181 240 1
100 191 1
34 199 1
41 271 1
172 221 1
49 97 1
68 142 1
162 211 1
69 236 1
76 250 1
38 51 1
77 134 1
50 63 1
41 228 1
62 208 1
113 226 1
26 202 1
29 102 1
24 235 1
19 131 1
115 121 1
180 188 1
134 267 1
74 202 1
26 104 1
54 141 1
76 130 1
2 152 1
125 229 1
57 130 1
33 237 1
258 265 1
95 134 1
152 165 1
162 225 1
6 143 1
1 75 1
25 272 1
101 203 1
51 256 1
3 118 1
110 269 1
5 179 1
110 186 1
40 180 1
18 166 1
26 72 1
82 160 1
120 201 1
110 221 1
88 253 1
39 227 1
57 63 1
77 265 1
189 195 1
176 268 1
149 188 1
79 250 1
135 258 1
26 167 1
115 152 1
51 188 1
47 74 1
114 183 1
78 267 1
95 160 1
15 116 1
55 195 1
223 271 1
45 137 1
67 189 1
37 132 1
62 267 1
106 196 1
126 149 1
154 221 1
141 148 1
67 214 1
57 194 1
63 121 1
134 158 1
126 157 1
76 172 1
119 180 1
101 224 1
167 255 1
14 168 1
23 227 1
6 159 1
9 148 1
154 245 1
19 40 1
106 270 1
65 232 1
162 230 1
20 127 1
112 161 1
145 160 1
201 236 1
3 61 1
27 135 1
192 228 1
27 127 1
63 144 1
132 168 1
11 71 1
14 110 1
8 181 1
15 92 1
225 253 1
228 244 1
149 232 1
113 170 1
116 226 1
96 118 1
11 122 1
115 129 1
33 38 1
58 242 1
95 98 1
42 225 1
239 260 1
43 152 1
120 123 1
57 72 1
177 250 1
25 123 1
14 133 1
18 248 1
239 265 1
242 250 1
96 111 1
25 241 1
128 207 1
83 222 1
182 184 1
43 263 1
16 24 1
85 147 1
13 141 1
95 262 1
42 271 1
51 109 1
3 10 1
23 248 1
265 267 1
99 254 1
65 237 1
89 156 1
115 148 1
54 187 1
23 51 1
47 97 1
181 219 1
70 231 1
164 199 1
117 217 1
50 160 1
168 169 1
67 205 1
18 73 1
56 117 1
17 52 1
58 84 1
205 257 1
45 198 1
97 136 1
96 109 1
20 39 1
89 166 1
241 269 1
210 253 1
14 83 1
127 136 1
59 217 1
76 193 1
15 126 1
66 69 1
3 19 1
1 149 1
85 223 1
45 97 1
17 44 1
64 205 1
55 247 1
29 200 1
158 213 1
11 172 1
147 171 1
23 229 1
92 240 1
182 254 1
127 217 1
196 236 1
130 221 1
214 236 1
157 168 1
35 89 1
116 174 1
29 105 1
57 239 1
30 176 1
40 215 1
224 262 1
63 246 1
28 93 1
63 274 1
6 156 1
125 202 1
116 131 1
147 228 1
192 221 1
110 132 1
5 160 1
185 247 1
211 264 1
170 241 1
57 263 1
87 212 1
44 149 1
59 136 1
53 273 1
11 211 1
12 154 1
14 269 1
37 143 1
88 222 1
208 228 1
109 220 1
68 244 1
18 109 1
3 136 1
143 156 1
192 242 1
79 112 1
137 267 1
45 247 1
134 135 1
13 132 1
145 146 1
13 158 1
181 256 1
11 252 1
65 73 1
119 185 1
14 141 1
19 20 1
149 174 1
39 65 1
117 140 1
54 131 1
25 131 1
52 142 1
159 183 1
31 181 1
188 204 1
70 110 1
262 272 1
115 271 1
13 172 1
5 190 1
153 184 1
223 240 1
95 104 1
148 216 1
71 111 1
40 49 1
84 212 1
99 119 1
28 264 1
58 184 1
14 229 1
10 256 1
215 251 1
1 111 1
6 263 1
171 177 1
35 141 1
129 270 1
121 211 1
109 153 1
6 202 1
25 95 1
10 123 1
213 274 1
27 121 1
40 208 1
188 226 1
43 201 1
79 163 1
27 153 1
207 236 1
75 270 1
69 224 1
1 70 1
4 153 1
55 162 1
79 231 1
133 241 1
201 222 1
116 228 1
48 68 1
144 170 1
70 236 1
212 275 1
25 242 1
179 260 1
50 253 1
131 273 1
131 198 1
67 79 1
121 161 1
116 240 1
97 199 1
2 233 1
43 73 1
106 262 1
249 273 1
34 233 1
195 245 1
109 219 1
12 88 1
80 137 1
88 141 1
64 135 1
78 218 1
142 255 1
76 258 1
248 274 1
79 205 1
152 273 1
155 257 1
137 152 1
108 170 1
179 261 1
16 94 1
104 123 1
79 258 1
117 123 1
166 251 1
186 261 1
52 206 1
6 117 1
34 89 1
156 264 1
33 171 1
139 202 1
166 275 1
230 273 1
46 215 1
61 177 1
176 185 1
41 167 1
35 131 1
15 22 1
10 77 1
92 159 1
6 275 1
97 191 1
241 253 1
13 180 1
10 195 1
52 214 1
71 168 1
50 116 1
103 259 1
53 168 1
3 246 1
10 60 1
5 226 1
166 183 1
27 66 1
32 258 1
79 218 1
183 223 1
4 208 1
94 195 1
10 75 1
54 195 1
37 137 1
174 189 1
53 81 1
17 36 1
62 192 1
242 245 1
83 146 1
35 217 1
177 252 1
1 172 1
36 257 1
107 156 1
75 230 1
116 220 1
46 99 1
139 235 1
37 234 1
26 40 1
213 241 1
28 56 1
130 175 1
89 272 1
45 183 1
98 182 1
37 230 1
72 99 1
131 211 1
11 179 1
86 171 1
61 230 1
94 246 1
21 52 1
7 198 1
91 248 1
24 135 1
141 152 1
148 198 1
229 242 1
12 207 1
64 243 1
39 242 1
177 192 1
95 170 1
132 187 1
192 235 1
89 112 1
164 270 1
11 131 1
23 119 1
147 154 1
40 76 1
19 269 1
103 194 1
157 258 1
70 123 1
173 261 1
25 67 1
88 232 1
198 251 1
106 267 1
87 94 1
80 250 1
89 91 1
84 106 1
136 265 1
29 231 1
126 212 1
130 174 1
56 228 1
175 264 1
39 55 1
37 231 1
105 146 1
44 180 1
26 273 1
84 171 1
120 250 1
85 211 1
193 217 1
83 168 1
53 275 1
112 141 1
3 162 1
148 230 1
94 136 1
6 149 1
51 195 1
104 156 1
24 65 1
62 212 1
50 259 1
22 46 1
110 232 1
130 204 1
22 149 1
11 79 1
174 274 1
176 219 1
91 161 1
7 131 1
13 104 1
4 154 1
84 260 1
148 186 1
160 274 1
86 209 1
107 134 1
244 254 1
64 260 1
89 172 1
7 59 1
57 167 1
58 263 1
95 232 1
115 230 1
58 225 1
4 106 1
87 89 1
151 242 1
126 234 1
44 150 1
160 212 1
67 151 1
91 128 1
52 176 1
179 210 1
223 235 1
169 266 1
87 99 1
41 140 1
217 251 1
64 223 1
180 189 1
91 139 1
40 117 1
59 251 1
2 86 1
42 129 1
53 245 1
109 182 1
18 179 1
56 169 1
19 63 1
144 202 1
59 82 1
34 44 1
175 267 1
79 249 1
65 180 1
94 96 1
30 58 1
59 223 1
115 142 1
65 168 1
111 246 1
1 15 1
140 208 1
60 202 1
204 226 1
128 161 1
48 162 1
61 195 1
39 45 1
16 96 1
110 261 1
44 191 1
16 139 1
102 130 1
43 157 1
144 174 1
51 165 1
29 158 1
95 135 1
85 230 1
23 234 1
123 184 1
7 194 1
121 197 1
136 238 1
17 224 1
85 245 1
260 267 1
100 245 1
115 133 1
13 165 1
1 177 1
36 216 1
75 206 1
37 130 1
29 37 1
159 271 1
89 154 1
77 209 1
75 191 1
69 92 1
139 191 1
7 53 1
52 152 1
166 252 1
141 161 1
56 161 1
42 148 1
73 124 1
79 222 1
161 258 1
33 107 1
18 195 1
63 94 1
5 137 1
10 74 1
25 105 1
34 141 1
32 192 1
160 185 1
70 235 1
15 25 1
66 108 1
39 57 1
67 260 1
104 136 1
242 243 1
136 137 1
39 75 1
43 231 1
88 117 1
193 268 1
18 133 1
49 226 1
13 50 1
9 85 1
109 234 1
175 218 1
52 213 1
118 275 1
74 135 1
193 221 1
233 253 1
16 55 1
32 162 1
119 211 1
3 203 1
172 188 1
16 61 1
221 262 1
30 180 1
138 147 1
16 46 1
67 233 1
135 232 1
184 208 1
129 243 1
97 126 1
180 238 1
265 269 1
66 200 1
220 264 1
127 177 1
