23 68 1
68 228 1
68 154 1
23 217 1
23 181 1
67 217 1
67 249 1
186 249 1
68 178 1
58 67 1
58 68 1
67 97 1
67 188 1
106 181 1
68 82 1
68 220 1
68 97 1
108 220 1
67 69 1
220 269 1
68 213 1
181 251 1
69 112 1
67 164 1
67 204 1
21 181 1
3 67 1
141 181 1
143 181 1
68 201 1
181 192 1
2 67 1
181 204 1
61 67 1
97 122 1
3 248 1
123 143 1
154 209 1
67 207 1
68 233 1
67 101 1
5 154 1
67 133 1
160 249 1
165 217 1
208 248 1
3 92 1
67 240 1
112 212 1
181 264 1
60 67 1
27 68 1
154 181 1
38 60 1
164 193 1
67 253 1
103 181 1
14 181 1
67 119 1
2 260 1
67 108 1
10 233 1
178 192 1
67 136 1
67 194 1
38 196 1
181 211 1
92 224 1
76 165 1
67 158 1
66 220 1
105 154 1
140 220 1
67 270 1
38 121 1
67 212 1
23 212 1
60 225 1
74 249 1
68 160 1
24 68 1
196 249 1
68 118 1
67 68 1
23 221 1
36 140 1
79 192 1
97 181 1
175 253 1
67 135 1
3 258 1
67 77 1
5 186 1
4 67 1
169 212 1
23 55 1
10 195 1
271 275 1
52 248 1
68 93 1
92 138 1
2 38 1
68 249 1
68 117 1
97 236 1
153 181 1
67 180 1
75 93 1
181 243 1
217 231 1
251 263 1
63 224 1
119 215 1
3 235 1
105 209 1
67 94 1
86 224 1
49 67 1
131 209 1
73 215 1
182 215 1
54 68 1
186 262 1
224 243 1
105 208 1
50 160 1
68 161 1
15 93 1
28 106 1
172 249 1
67 87 1
34 67 1
67 113 1
194 196 1
29 68 1
208 260 1
110 121 1
38 130 1
68 245 1
68 134 1
68 116 1
40 67 1
10 192 1
20 68 1
92 216 1
3 160 1
15 149 1
10 95 1
222 270 1
92 240 1
38 67 1
144 249 1
192 270 1
60 76 1
181 239 1
38 126 1
23 39 1
116 181 1
158 245 1
74 215 1
15 136 1
86 257 1
58 73 1
97 245 1
29 271 1
67 150 1
67 256 1
10 53 1
23 67 1
248 271 1
110 175 1
67 116 1
53 181 1
67 170 1
67 257 1
38 112 1
18 170 1
2 160 1
31 136 1
50 215 1
67 193 1
38 247 1
67 218 1
205 239 1
77 181 1
67 243 1
20 67 1
185 205 1
6 180 1
68 157 1
127 239 1
38 142 1
193 270 1
4 107 1
84 181 1
28 58 1
30 181 1
153 249 1
150 212 1
68 184 1
56 208 1
136 253 1
45 236 1
31 74 1
196 234 1
181 258 1
109 160 1
67 81 1
68 90 1
27 119 1
196 203 1
181 267 1
144 164 1
109 220 1
67 151 1
160 227 1
181 199 1
69 245 1
119 204 1
6 30 1
11 67 1
67 123 1
61 181 1
220 228 1
100 123 1
61 68 1
67 105 1
162 212 1
67 152 1
178 233 1
67 191 1
86 181 1
5 67 1
68 140 1
44 234 1
118 214 1
68 208 1
30 117 1
75 209 1
82 254 1
60 237 1
9 67 1
201 273 1
153 242 1
114 140 1
10 80 1
67 198 1
67 129 1
67 221 1
67 160 1
67 203 1
14 153 1
2 36 1
6 181 1
192 272 1
249 275 1
51 217 1
3 75 1
203 243 1
68 75 1
181 197 1
123 242 1
67 254 1
28 141 1
197 220 1
67 246 1
181 249 1
18 67 1
49 249 1
67 265 1
182 270 1
67 131 1
68 206 1
68 185 1
109 130 1
68 121 1
53 237 1
56 68 1
67 115 1
33 154 1
123 235 1
32 68 1
146 209 1
57 140 1
2 60 1
68 199 1
67 232 1
67 262 1
79 239 1
67 242 1
38 44 1
68 205 1
133 245 1
4 239 1
2 163 1
238 245 1
30 67 1
181 270 1
39 215 1
119 174 1
195 212 1
38 108 1
36 68 1
12 194 1
53 168 1
87 105 1
68 243 1
194 231 1
68 112 1
122 221 1
40 109 1
21 105 1
5 166 1
92 215 1
5 223 1
68 158 1
144 220 1
47 194 1
68 120 1
60 99 1
78 196 1
181 241 1
37 217 1
38 68 1
195 209 1
138 207 1
13 67 1
123 221 1
75 260 1
5 157 1
67 206 1
68 159 1
10 67 1
110 123 1
71 92 1
67 250 1
215 247 1
28 154 1
18 245 1
153 269 1
181 248 1
47 67 1
1 203 1
60 175 1
60 268 1
68 89 1
89 160 1
5 273 1
100 105 1
194 200 1
52 109 1
23 127 1
92 106 1
114 154 1
81 212 1
67 197 1
38 179 1
31 109 1
10 230 1
84 270 1
75 264 1
16 67 1
58 255 1
186 216 1
60 98 1
49 266 1
15 239 1
15 206 1
51 67 1
68 219 1
97 163 1
176 195 1
67 79 1
108 263 1
132 212 1
121 268 1
101 123 1
38 42 1
159 215 1
181 219 1
181 220 1
67 271 1
30 114 1
92 248 1
31 67 1
29 201 1
160 232 1
57 181 1
10 68 1
34 274 1
202 233 1
6 198 1
181 265 1
67 258 1
154 195 1
132 196 1
2 158 1
67 128 1
68 252 1
171 221 1
67 103 1
67 173 1
233 260 1
2 30 1
129 152 1
68 190 1
66 67 1
212 238 1
43 164 1
199 211 1
195 219 1
181 183 1
34 153 1
92 246 1
68 105 1
56 171 1
44 249 1
128 196 1
208 213 1
67 195 1
10 251 1
129 232 1
22 164 1
222 243 1
32 67 1
28 181 1
105 190 1
67 186 1
171 208 1
129 173 1
81 109 1
131 159 1
53 68 1
68 193 1
159 217 1
10 152 1
48 67 1
252 253 1
10 151 1
67 222 1
11 192 1
173 270 1
21 160 1
127 249 1
2 237 1
76 136 1
42 126 1
116 243 1
181 237 1
18 274 1
67 130 1
2 74 1
3 68 1
60 271 1
207 249 1
171 248 1
67 78 1
74 180 1
145 239 1
59 109 1
35 67 1
60 223 1
177 181 1
55 67 1
23 135 1
116 182 1
178 221 1
53 111 1
123 179 1
148 178 1
234 275 1
158 205 1
92 158 1
181 207 1
66 89 1
160 192 1
32 42 1
226 234 1
60 256 1
62 183 1
164 189 1
20 60 1
65 103 1
51 271 1
67 183 1
67 219 1
31 35 1
67 147 1
36 58 1
100 262 1
119 223 1
92 145 1
68 247 1
1 2 1
181 240 1
24 194 1
39 90 1
23 46 1
15 174 1
200 270 1
193 246 1
193 231 1
67 252 1
98 136 1
38 192 1
87 148 1
131 272 1
148 181 1
108 160 1
2 57 1
12 192 1
2 263 1
23 83 1
95 206 1
49 60 1
79 260 1
6 192 1
175 192 1
16 158 1
186 270 1
67 125 1
39 272 1
143 220 1
54 251 1
68 217 1
35 58 1
68 84 1
50 67 1
69 217 1
137 247 1
121 137 1
76 221 1
226 231 1
112 194 1
75 257 1
22 30 1
28 240 1
54 162 1
38 220 1
13 160 1
68 168 1
215 257 1
49 220 1
181 266 1
101 212 1
6 125 1
50 114 1
66 76 1
60 68 1
20 193 1
53 88 1
174 217 1
68 124 1
121 181 1
109 143 1
70 154 1
64 68 1
15 169 1
163 239 1
230 254 1
7 231 1
206 249 1
68 113 1
81 239 1
101 102 1
66 139 1
67 146 1
118 131 1
17 118 1
181 209 1
235 261 1
185 207 1
82 152 1
56 67 1
9 30 1
2 219 1
4 108 1
30 216 1
60 148 1
34 235 1
107 181 1
2 23 1
192 208 1
134 181 1
67 172 1
93 252 1
67 157 1
3 30 1
36 64 1
181 182 1
10 43 1
197 210 1
15 108 1
10 228 1
6 67 1
87 117 1
123 180 1
68 255 1
67 102 1
203 271 1
63 240 1
181 273 1
67 126 1
98 109 1
170 219 1
20 212 1
150 207 1
67 229 1
189 263 1
211 242 1
2 104 1
102 141 1
67 226 1
67 238 1
100 181 1
68 238 1
67 138 1
142 207 1
67 202 1
53 274 1
31 208 1
163 181 1
10 35 1
72 171 1
147 208 1
2 8 1
83 181 1
45 271 1
68 226 1
165 196 1
39 253 1
5 210 1
58 239 1
162 181 1
97 208 1
47 196 1
109 257 1
12 39 1
97 107 1
53 171 1
93 239 1
67 215 1
52 206 1
6 217 1
146 181 1
68 174 1
179 181 1
97 155 1
23 112 1
161 186 1
53 67 1
193 248 1
74 130 1
1 23 1
77 215 1
36 181 1
68 267 1
63 238 1
14 271 1
174 256 1
73 165 1
2 159 1
92 243 1
108 150 1
61 270 1
45 127 1
23 187 1
52 67 1
67 85 1
67 80 1
166 181 1
2 146 1
73 231 1
68 138 1
103 178 1
114 204 1
22 109 1
68 189 1
97 105 1
53 147 1
2 161 1
23 25 1
17 147 1
94 226 1
67 76 1
55 177 1
153 267 1
51 249 1
83 271 1
131 251 1
91 123 1
99 245 1
67 134 1
100 201 1
49 181 1
123 139 1
188 233 1
2 51 1
169 270 1
102 181 1
95 233 1
23 213 1
34 37 1
160 218 1
24 166 1
30 174 1
142 181 1
24 67 1
35 181 1
60 220 1
60 97 1
36 157 1
110 232 1
8 181 1
181 226 1
143 183 1
60 113 1
131 208 1
90 217 1
33 204 1
3 246 1
39 160 1
6 48 1
136 213 1
6 68 1
15 59 1
149 150 1
21 224 1
123 181 1
108 222 1
25 181 1
45 246 1
67 74 1
51 150 1
68 100 1
67 127 1
48 181 1
25 220 1
188 250 1
2 270 1
185 196 1
129 222 1
49 237 1
144 259 1
114 129 1
9 15 1
224 270 1
67 227 1
116 210 1
243 263 1
46 68 1
59 160 1
68 127 1
67 272 1
123 222 1
23 139 1
