1 2 5
1 7 5
1 174 5
1 205 5
2 21 5
2 22 5
2 36 5
2 74 5
2 92 5
2 97 5
2 105 5
2 132 5
2 135 5
2 152 5
2 155 5
2 180 5
2 226 5
2 267 5
2 305 5
2 361 5
4 68 5
4 150 5
4 224 5
5 53 5
5 171 5
5 258 5
5 260 5
6 68 5
6 112 5
6 126 5
8 181 5
9 293 5
9 359 5
10 41 5
10 68 5
10 182 5
10 217 5
10 251 5
11 38 5
11 301 5
12 56 5
12 68 5
12 135 5
12 189 5
12 359 5
13 198 5
14 181 5
14 252 5
15 68 5
15 73 5
15 158 5
15 169 5
15 223 5
16 62 5
16 89 5
16 174 5
16 181 5
16 220 5
17 118 5
17 175 5
17 234 5
17 263 5
18 75 5
18 86 5
18 127 5
18 167 5
18 256 5
18 321 5
20 151 5
20 205 5
20 270 5
20 310 5
20 362 5
21 67 5
21 217 5
21 333 5
21 343 5
22 108 5
22 221 5
23 181 5
24 269 5
25 61 5
25 137 5
25 200 5
26 67 5
26 181 5
27 29 5
27 67 5
27 115 5
27 283 5
27 354 5
28 68 5
28 69 5
28 106 5
28 123 5
28 141 5
28 204 5
28 314 5
29 67 5
29 150 5
29 225 5
29 232 5
29 280 5
30 67 5
30 108 5
31 47 5
31 68 5
31 156 5
31 202 5
31 251 5
31 269 5
31 306 5
31 340 5
32 67 5
32 148 5
33 68 5
33 253 5
34 37 5
34 47 5
34 195 5
34 200 5
34 330 5
35 92 5
37 68 5
37 108 5
37 262 5
38 208 5
38 212 5
38 247 5
38 316 5
39 169 5
40 353 5
42 252 5
43 141 5
43 182 5
43 254 5
44 104 5
45 104 5
45 153 5
45 157 5
45 217 5
46 85 5
46 219 5
46 232 5
46 274 5
46 291 5
47 196 5
48 68 5
48 150 5
48 174 5
48 181 5
49 220 5
49 248 5
49 249 5
50 112 5
51 67 5
51 201 5
51 296 5
52 116 5
53 181 5
55 75 5
55 177 5
55 273 5
56 67 5
56 121 5
56 249 5
56 295 5
57 67 5
57 327 5
58 64 5
58 362 5
59 186 5
59 210 5
59 312 5
59 339 5
60 67 5
60 68 5
60 132 5
60 140 5
60 231 5
60 239 5
61 67 5
61 160 5
61 228 5
62 123 5
62 254 5
63 71 5
63 240 5
64 230 5
64 243 5
64 287 5
65 112 5
65 122 5
65 181 5
65 195 5
65 214 5
65 215 5
65 259 5
65 279 5
66 165 5
67 73 5
67 81 5
67 84 5
67 86 5
67 91 5
67 93 5
67 94 5
67 96 5
67 98 5
67 103 5
67 110 5
67 112 5
67 113 5
67 125 5
67 126 5
67 128 5
67 132 5
67 133 5
67 137 5
67 138 5
67 147 5
67 149 5
67 155 5
67 158 5
67 159 5
67 161 5
67 164 5
67 167 5
67 172 5
67 178 5
67 179 5
67 186 5
67 191 5
67 193 5
67 196 5
67 197 5
67 209 5
67 210 5
67 211 5
67 216 5
67 222 5
67 231 5
67 235 5
67 236 5
67 237 5
67 239 5
67 242 5
67 244 5
67 254 5
67 257 5
67 260 5
67 264 5
67 270 5
67 271 5
67 287 5
67 306 5
67 309 5
67 312 5
67 313 5
67 315 5
67 316 5
67 317 5
67 318 5
67 322 5
67 329 5
67 331 5
67 336 5
67 339 5
67 347 5
67 353 5
67 354 5
68 71 5
68 74 5
68 78 5
68 79 5
68 90 5
68 94 5
68 105 5
68 107 5
68 112 5
68 131 5
68 138 5
68 147 5
68 156 5
68 161 5
68 166 5
68 177 5
68 189 5
68 197 5
68 203 5
68 205 5
68 209 5
68 210 5
68 220 5
68 221 5
68 228 5
68 238 5
68 243 5
68 273 5
68 276 5
68 291 5
68 297 5
68 300 5
68 301 5
68 303 5
68 311 5
68 318 5
68 329 5
68 331 5
68 354 5
69 272 5
70 105 5
70 107 5
70 154 5
70 196 5
70 249 5
70 263 5
70 343 5
70 360 5
71 215 5
71 219 5
72 79 5
72 177 5
72 230 5
73 152 5
73 215 5
73 233 5
73 252 5
73 256 5
74 98 5
74 212 5
74 237 5
74 267 5
74 313 5
75 196 5
75 253 5
75 270 5
76 144 5
76 206 5
77 93 5
78 127 5
78 270 5
79 198 5
79 291 5
79 343 5
80 91 5
80 327 5
81 181 5
81 270 5
81 273 5
82 116 5
82 171 5
82 182 5
82 305 5
83 119 5
83 158 5
83 308 5
84 269 5
85 231 5
85 288 5
85 352 5
85 354 5
86 224 5
86 243 5
87 105 5
87 129 5
89 221 5
89 233 5
89 321 5
90 196 5
90 210 5
90 254 5
91 117 5
91 143 5
91 181 5
92 100 5
92 270 5
93 181 5
93 212 5
94 114 5
94 300 5
95 140 5
95 287 5
95 318 5
95 320 5
97 162 5
98 123 5
98 166 5
98 182 5
100 181 5
101 140 5
101 237 5
101 319 5
102 152 5
102 194 5
103 181 5
103 203 5
104 186 5
105 168 5
105 219 5
105 221 5
105 302 5
105 344 5
107 136 5
107 302 5
108 111 5
108 257 5
109 220 5
109 253 5
110 273 5
111 265 5
112 148 5
114 129 5
114 303 5
116 158 5
116 196 5
116 297 5
117 153 5
118 129 5
118 151 5
118 176 5
119 289 5
120 285 5
121 159 5
121 209 5
123 139 5
123 145 5
123 152 5
123 191 5
123 207 5
123 223 5
123 272 5
123 298 5
123 341 5
124 233 5
125 145 5
125 182 5
125 270 5
127 130 5
127 144 5
127 150 5
127 173 5
127 182 5
127 249 5
127 253 5
127 276 5
127 332 5
129 181 5
129 204 5
130 145 5
130 343 5
131 175 5
131 181 5
131 345 5
132 218 5
132 253 5
133 315 5
134 340 5
135 235 5
136 193 5
136 273 5
137 162 5
137 165 5
139 167 5
139 348 5
140 166 5
140 220 5
140 225 5
140 270 5
140 277 5
140 297 5
141 270 5
144 259 5
145 239 5
145 269 5
145 270 5
145 283 5
145 307 5
146 150 5
146 156 5
146 158 5
146 182 5
146 207 5
146 340 5
146 344 5
147 252 5
147 352 5
148 167 5
148 174 5
148 175 5
148 236 5
148 270 5
148 303 5
148 350 5
149 157 5
149 195 5
150 289 5
151 237 5
152 221 5
152 247 5
153 222 5
153 255 5
153 296 5
154 185 5
158 165 5
158 212 5
158 250 5
159 215 5
159 298 5
160 161 5
160 218 5
161 231 5
161 252 5
161 254 5
161 270 5
161 283 5
161 344 5
161 349 5
162 212 5
162 295 5
163 231 5
164 189 5
164 249 5
164 266 5
164 330 5
164 365 5
165 249 5
165 320 5
166 269 5
169 212 5
169 232 5
169 296 5
171 207 5
173 293 5
174 238 5
174 357 5
175 196 5
177 315 5
179 252 5
179 302 5
181 183 5
181 188 5
181 192 5
181 206 5
181 230 5
181 233 5
181 243 5
181 258 5
181 261 5
181 280 5
181 308 5
181 317 5
181 331 5
181 359 5
182 218 5
182 246 5
182 270 5
183 314 5
185 196 5
185 273 5
186 202 5
186 270 5
188 252 5
188 267 5
189 243 5
189 252 5
190 210 5
191 235 5
192 205 5
192 306 5
193 270 5
193 360 5
194 269 5
194 335 5
194 338 5
194 340 5
195 209 5
196 216 5
196 270 5
198 246 5
198 271 5
198 293 5
199 224 5
201 247 5
202 217 5
203 220 5
205 220 5
206 254 5
206 258 5
206 271 5
209 313 5
210 220 5
211 247 5
212 227 5
212 270 5
212 282 5
212 304 5
212 334 5
213 327 5
214 292 5
214 319 5
215 249 5
215 257 5
215 323 5
217 262 5
217 264 5
220 257 5
220 307 5
221 318 5
222 230 5
223 239 5
227 302 5
229 269 5
230 297 5
231 248 5
231 272 5
231 298 5
231 318 5
231 322 5
231 341 5
232 241 5
232 296 5
235 267 5
237 244 5
237 269 5
237 273 5
239 241 5
239 291 5
240 270 5
240 348 5
243 285 5
245 249 5
245 254 5
245 278 5
247 299 5
248 269 5
249 270 5
252 295 5
252 339 5
254 270 5
254 276 5
254 283 5
254 306 5
255 293 5
256 273 5
257 307 5
258 319 5
260 287 5
261 269 5
263 270 5
263 347 5
263 357 5
265 271 5
270 357 5
271 320 5
272 353 5
273 332 5
274 319 5
276 293 5
278 339 5
281 315 5
284 327 5
285 324 5
293 351 5
311 323 5
317 343 5
322 358 5
324 357 5
341 347 5
144 249 5
181 342 5
270 329 5
51 129 5
101 181 5
297 369 5
47 67 5
126 400 5
48 207 5
59 68 5
67 361 5
105 281 5
161 303 5
135 186 5
67 70 5
53 267 5
59 70 5
117 123 5
25 94 5
68 255 5
48 231 5
67 208 5
186 257 5
74 151 5
196 272 5
139 181 5
249 263 5
182 346 5
182 307 5
38 68 5
68 253 5
70 213 5
312 364 5
67 245 5
139 336 5
181 382 5
339 379 5
149 150 5
67 85 5
38 123 5
67 248 5
68 168 5
120 319 5
273 298 5
196 265 5
57 197 5
153 161 5
153 186 5
66 357 5
67 294 5
73 311 5
231 348 5
181 296 5
102 181 5
18 193 5
3 67 5
158 247 5
222 247 5
31 67 5
136 218 5
40 249 5
32 215 5
62 263 5
67 206 5
269 364 5
59 73 5
184 340 5
162 183 5
196 360 5
103 123 5
22 83 5
286 357 5
67 308 5
49 89 5
255 336 5
320 327 5
164 171 5
68 72 5
193 365 5
18 153 5
86 181 5
182 211 5
161 272 5
23 130 5
85 213 5
89 217 5
1 292 5
26 68 5
265 291 5
68 271 5
161 189 5
23 121 5
155 254 5
104 108 5
145 319 5
1 284 5
116 197 5
354 380 5
161 181 5
68 76 5
67 141 5
253 344 5
263 321 5
67 304 5
181 209 5
74 330 5
182 205 5
233 367 5
74 254 5
190 252 5
165 279 5
25 267 5
29 399 5
161 248 5
67 187 5
12 236 5
69 295 5
67 123 5
67 97 5
65 209 5
128 188 5
237 366 5
103 335 5
302 390 5
68 85 5
254 375 5
169 385 5
67 146 5
8 67 5
152 219 5
202 276 5
97 151 5
12 62 5
270 271 5
173 257 5
28 311 5
67 205 5
270 319 5
67 219 5
247 356 5
68 320 5
139 154 5
162 247 5
196 361 5
68 393 5
17 231 5
195 271 5
69 80 5
27 316 5
68 236 5
181 300 5
272 376 5
18 125 5
295 378 5
140 202 5
85 360 5
126 169 5
34 350 5
67 71 5
42 376 5
98 171 5
105 238 5
232 274 5
100 211 5
68 373 5
89 127 5
116 168 5
2 23 5
276 376 5
29 274 5
117 366 5
278 296 5
189 360 5
16 348 5
196 251 5
64 183 5
85 236 5
175 189 5
134 249 5
72 250 5
194 203 5
220 300 5
66 147 5
67 381 5
67 326 5
255 350 5
217 340 5
95 161 5
14 203 5
54 89 5
145 162 5
68 399 5
112 155 5
152 368 5
175 267 5
36 303 5
179 254 5
222 326 5
114 236 5
67 170 5
196 268 5
82 158 5
101 332 5
68 266 5
318 327 5
219 237 5
181 324 5
126 187 5
15 171 5
106 396 5
140 213 5
97 244 5
219 311 5
127 288 5
153 174 5
122 237 5
73 352 5
16 284 5
34 78 5
76 254 5
43 82 5
22 243 5
68 225 5
48 304 5
153 290 5
2 302 5
116 221 5
181 304 5
93 112 5
153 231 5
220 327 5
140 221 5
189 294 5
7 221 5
217 232 5
67 213 5
67 83 5
149 218 5
67 156 5
158 401 5
39 59 5
270 393 5
189 377 5
120 325 5
67 174 5
132 302 5
73 341 5
153 327 5
130 378 5
209 218 5
76 101 5
53 207 5
58 65 5
74 316 5
134 150 5
11 68 5
189 335 5
54 68 5
68 126 5
212 333 5
178 267 5
42 67 5
85 146 5
68 164 5
38 163 5
214 381 5
53 123 5
68 154 5
103 382 5
142 145 5
44 300 5
84 355 5
68 355 5
46 189 5
182 308 5
126 280 5
107 186 5
181 282 5
25 100 5
42 363 5
48 145 5
112 352 5
222 350 5
180 254 5
151 153 5
68 258 5
66 254 5
50 295 5
132 308 5
39 140 5
110 231 5
220 279 5
149 383 5
298 321 5
33 289 5
73 229 5
166 361 5
67 272 5
58 127 5
31 159 5
67 119 5
68 93 5
79 219 5
7 105 5
252 320 5
5 249 5
175 207 5
25 315 5
67 340 5
68 229 5
159 245 5
74 262 5
299 323 5
174 236 5
67 121 5
109 127 5
221 348 5
190 247 5
158 197 5
25 236 5
189 280 5
98 375 5
68 180 5
68 401 5
67 373 5
104 149 5
29 178 5
32 47 5
261 320 5
72 144 5
7 10 5
9 266 5
7 67 5
67 379 5
109 150 5
68 202 5
67 199 5
204 218 5
26 62 5
67 258 5
68 208 5
182 248 5
28 247 5
12 247 5
206 247 5
189 351 5
236 328 5
327 338 5
151 320 5
68 372 5
123 222 5
158 386 5
169 201 5
68 193 5
27 212 5
158 387 5
45 126 5
68 223 5
17 89 5
172 272 5
146 351 5
84 361 5
67 310 5
138 189 5
67 282 5
68 137 5
252 353 5
67 273 5
89 304 5
182 394 5
67 184 5
176 206 5
27 50 5
109 386 5
236 394 5
169 217 5
185 194 5
136 270 5
81 314 5
195 264 5
148 246 5
78 202 5
51 202 5
83 232 5
202 203 5
66 156 5
14 159 5
66 114 5
235 248 5
188 318 5
68 207 5
45 150 5
254 349 5
169 338 5
49 390 5
301 348 5
146 339 5
149 212 5
304 327 5
22 381 5
102 270 5
68 321 5
138 231 5
181 246 5
161 397 5
353 359 5
45 273 5
189 297 5
55 182 5
181 287 5
67 390 5
348 378 5
181 319 5
70 367 5
114 267 5
198 308 5
39 270 5
119 247 5
17 85 5
68 263 5
68 240 5
197 343 5
145 353 5
105 150 5
176 221 5
252 276 5
47 80 5
146 347 5
270 312 5
70 386 5
92 383 5
45 67 5
2 221 5
16 161 5
122 252 5
212 319 5
27 240 5
26 148 5
69 161 5
22 271 5
150 226 5
40 359 5
254 378 5
13 67 5
56 194 5
354 372 5
12 375 5
86 218 5
67 341 5
68 392 5
68 383 5
74 87 5
31 153 5
10 181 5
83 106 5
155 374 5
65 355 5
3 322 5
151 270 5
153 358 5
87 156 5
67 169 5
218 233 5
213 306 5
67 330 5
123 197 5
280 305 5
39 67 5
61 196 5
166 399 5
143 255 5
220 312 5
25 40 5
31 247 5
100 313 5
118 197 5
198 364 5
4 70 5
177 239 5
13 200 5
103 365 5
224 252 5
231 286 5
147 308 5
23 180 5
166 197 5
67 366 5
219 245 5
158 184 5
252 273 5
168 323 5
67 275 5
205 318 5
17 67 5
324 353 5
205 363 5
129 279 5
232 263 5
176 232 5
40 212 5
279 284 5
30 116 5
201 252 5
123 151 5
249 323 5
52 381 5
105 382 5
364 372 5
108 158 5
25 213 5
232 300 5
150 277 5
348 364 5
46 365 5
67 190 5
283 302 5
241 401 5
137 245 5
7 197 5
68 274 5
162 267 5
93 400 5
68 230 5
60 324 5
85 275 5
166 236 5
68 350 5
86 152 5
73 263 5
49 123 5
156 284 5
40 332 5
85 182 5
247 351 5
264 287 5
258 273 5
2 20 5
276 278 5
130 159 5
88 258 5
260 386 5
145 363 5
219 310 5
127 372 5
298 304 5
68 136 5
90 161 5
16 79 5
67 153 5
67 192 5
218 251 5
45 243 5
51 253 5
46 302 5
167 376 5
182 286 5
4 323 5
113 232 5
227 339 5
16 68 5
17 375 5
327 388 5
129 327 5
83 182 5
24 195 5
96 327 5
146 161 5
68 69 5
70 349 5
263 296 5
185 265 5
102 254 5
19 270 5
239 269 5
120 269 5
195 378 5
247 319 5
71 121 5
150 322 5
338 354 5
188 359 5
67 78 5
91 230 5
67 369 5
68 338 5
69 309 5
67 255 5
135 196 5
61 90 5
81 215 5
48 131 5
213 231 5
45 186 5
162 381 5
176 181 5
270 365 5
231 270 5
301 302 5
50 267 5
31 371 5
23 25 5
150 219 5
36 169 5
136 348 5
104 370 5
91 148 5
67 374 5
113 189 5
68 299 5
18 74 5
148 244 5
67 376 5
137 327 5
218 345 5
127 235 5
231 356 5
46 292 5
68 186 5
31 176 5
106 279 5
338 397 5
202 252 5
181 309 5
123 284 5
314 330 5
78 290 5
150 294 5
67 281 5
67 106 5
144 315 5
67 285 5
15 67 5
386 396 5
251 385 5
124 153 5
65 212 5
121 270 5
60 170 5
32 70 5
155 247 5
269 401 5
23 66 5
269 381 5
25 370 5
270 330 5
292 376 5
131 217 5
72 152 5
343 351 5
133 353 5
79 269 5
50 177 5
195 291 5
243 335 5
267 271 5
184 219 5
2 29 5
21 259 5
276 315 5
68 337 5
225 252 5
182 244 5
153 245 5
68 336 5
331 368 5
140 196 5
259 263 5
67 88 5
288 353 5
51 269 5
43 48 5
3 315 5
153 181 5
2 153 5
156 385 5
116 381 5
67 180 5
67 277 5
83 380 5
67 345 5
242 269 5
81 193 5
319 356 5
31 302 5
166 252 5
80 252 5
171 249 5
129 292 5
103 114 5
74 80 5
189 384 5
202 341 5
88 196 5
24 299 5
68 246 5
212 344 5
140 378 5
64 338 5
58 105 5
163 287 5
145 309 5
182 306 5
67 76 5
67 400 5
181 288 5
270 362 5
68 183 5
161 323 5
182 184 5
378 397 5
291 302 5
10 67 5
23 88 5
182 219 5
270 384 5
61 212 5
105 171 5
7 270 5
177 233 5
67 362 5
32 281 5
9 85 5
161 354 5
363 386 5
134 258 5
63 237 5
38 166 5
196 210 5
68 294 5
102 204 5
26 377 5
1 111 5
151 350 5
17 68 5
212 330 5
45 74 5
187 276 5
38 297 5
178 377 5
90 273 5
187 230 5
189 286 5
79 179 5
123 337 5
150 354 5
239 360 5
29 118 5
231 279 5
41 74 5
76 196 5
181 227 5
112 270 5
152 153 5
3 252 5
232 248 5
2 396 5
156 169 5
72 106 5
68 178 5
71 264 5
271 349 5
97 153 5
55 397 5
67 181 5
160 231 5
90 206 5
322 381 5
67 82 5
249 291 5
157 364 5
49 197 5
67 232 5
75 161 5
146 400 5
177 207 5
323 333 5
151 235 5
63 189 5
46 364 5
114 345 5
67 168 5
48 187 5
25 194 5
181 290 5
78 84 5
274 373 5
158 361 5
20 252 5
67 303 5
291 314 5
123 160 5
108 267 5
67 111 5
282 323 5
269 396 5
263 391 5
212 384 5
197 368 5
10 267 5
28 99 5
91 354 5
150 305 5
293 343 5
67 230 5
85 208 5
171 394 5
68 362 5
252 378 5
101 164 5
271 292 5
100 249 5
213 359 5
69 242 5
144 269 5
90 260 5
2 297 5
275 358 5
217 254 5
249 286 5
195 297 5
259 281 5
49 140 5
7 174 5
141 220 5
231 360 5
320 383 5
67 364 5
128 181 5
53 67 5
270 390 5
177 333 5
137 255 5
383 395 5
193 272 5
73 375 5
120 348 5
28 90 5
120 231 5
120 173 5
2 151 5
67 296 5
9 254 5
67 286 5
76 83 5
320 386 5
46 375 5
68 129 5
333 343 5
23 183 5
27 250 5
67 202 5
202 400 5
145 184 5
161 350 5
45 338 5
99 146 5
294 318 5
12 67 5
181 316 5
194 382 5
86 128 5
94 381 5
143 343 5
254 380 5
71 293 5
201 221 5
140 292 5
17 102 5
105 341 5
44 56 5
205 239 5
24 341 5
180 375 5
22 119 5
132 212 5
68 364 5
18 142 5
18 335 5
224 315 5
28 163 5
162 173 5
146 208 5
161 269 5
48 272 5
13 68 5
62 68 5
56 123 5
25 129 5
182 280 5
153 212 5
165 392 5
88 154 5
49 398 5
33 128 5
81 196 5
249 313 5
32 108 5
174 183 5
68 155 5
3 65 5
86 369 5
65 241 5
196 197 5
73 279 5
26 242 5
68 91 5
102 220 5
203 394 5
85 328 5
19 327 5
104 178 5
212 263 5
244 268 5
302 305 5
189 212 5
32 146 5
198 270 5
160 254 5
69 294 5
28 48 5
67 249 5
118 278 5
271 352 5
51 128 5
87 397 5
16 226 5
139 158 5
50 275 5
277 397 5
182 203 5
148 212 5
143 219 5
296 308 5
68 128 5
12 85 5
107 270 5
149 331 5
117 226 5
105 348 5
