7 25 1
7 70 1
7 250 1
7 132 1
7 135 1
132 228 1
7 160 1
250 264 1
73 135 1
132 224 1
64 135 1
135 222 1
104 250 1
7 149 1
62 250 1
116 135 1
217 264 1
114 250 1
7 126 1
132 250 1
42 264 1
39 264 1
27 250 1
7 190 1
7 197 1
135 249 1
47 197 1
242 250 1
7 203 1
7 175 1
163 194 1
7 179 1
235 264 1
62 221 1
4 7 1
7 180 1
7 83 1
49 264 1
64 250 1
25 135 1
132 198 1
7 95 1
170 250 1
144 250 1
42 132 1
7 58 1
42 211 1
7 92 1
35 194 1
179 250 1
181 250 1
35 258 1
194 238 1
7 97 1
7 261 1
44 58 1
165 250 1
245 250 1
7 220 1
7 182 1
221 264 1
227 258 1
11 250 1
132 231 1
7 87 1
105 203 1
39 223 1
71 194 1
81 135 1
221 250 1
135 231 1
212 264 1
124 132 1
181 211 1
7 133 1
40 124 1
254 264 1
74 203 1
131 165 1
109 250 1
7 84 1
78 179 1
50 250 1
250 274 1
250 273 1
221 249 1
93 250 1
179 235 1
7 223 1
25 64 1
10 250 1
105 250 1
35 147 1
36 62 1
7 127 1
7 44 1
7 214 1
139 224 1
264 275 1
177 249 1
47 208 1
7 27 1
198 201 1
4 226 1
7 173 1
7 20 1
64 190 1
203 264 1
62 252 1
7 28 1
34 64 1
7 145 1
7 29 1
42 216 1
7 171 1
12 250 1
127 195 1
30 249 1
53 238 1
64 200 1
24 250 1
137 221 1
7 119 1
7 15 1
9 250 1
7 30 1
7 42 1
95 257 1
42 203 1
7 207 1
7 155 1
58 155 1
119 202 1
7 222 1
7 105 1
7 225 1
35 234 1
101 198 1
135 176 1
55 222 1
134 250 1
170 194 1
242 264 1
224 253 1
153 249 1
201 250 1
7 159 1
28 166 1
7 10 1
143 250 1
7 236 1
63 105 1
221 274 1
211 266 1
7 266 1
7 229 1
19 132 1
7 122 1
184 250 1
26 203 1
130 227 1
104 224 1
250 271 1
223 240 1
68 249 1
154 273 1
22 250 1
42 135 1
96 135 1
249 273 1
121 264 1
7 244 1
187 224 1
40 205 1
7 163 1
105 122 1
35 207 1
54 197 1
124 274 1
96 250 1
24 227 1
115 132 1
3 250 1
7 259 1
16 250 1
128 258 1
7 235 1
108 166 1
224 265 1
7 169 1
55 197 1
7 77 1
173 264 1
57 198 1
7 228 1
42 81 1
118 181 1
181 247 1
142 203 1
249 252 1
77 134 1
50 198 1
169 250 1
7 110 1
5 7 1
10 82 1
183 250 1
63 271 1
55 134 1
7 243 1
72 101 1
7 138 1
7 268 1
136 264 1
64 248 1
7 174 1
79 250 1
7 247 1
4 82 1
211 230 1
69 195 1
7 255 1
68 191 1
14 42 1
34 274 1
56 147 1
42 110 1
58 190 1
194 246 1
124 222 1
21 135 1
225 250 1
7 34 1
112 264 1
104 135 1
7 139 1
7 271 1
118 250 1
14 249 1
7 230 1
88 203 1
77 250 1
84 250 1
7 181 1
1 250 1
7 199 1
229 274 1
7 202 1
5 176 1
7 114 1
121 122 1
46 254 1
54 232 1
244 250 1
167 224 1
93 264 1
135 146 1
42 247 1
94 221 1
7 140 1
15 181 1
7 166 1
174 250 1
4 221 1
25 165 1
77 135 1
18 62 1
12 211 1
17 154 1
77 81 1
4 164 1
7 231 1
17 264 1
7 187 1
7 185 1
31 250 1
78 250 1
138 249 1
62 77 1
127 217 1
106 144 1
122 135 1
135 197 1
212 249 1
7 98 1
235 270 1
47 275 1
64 153 1
60 250 1
7 79 1
7 91 1
7 57 1
94 264 1
7 23 1
25 27 1
136 259 1
106 250 1
195 224 1
163 177 1
49 124 1
10 29 1
210 244 1
89 250 1
62 227 1
7 80 1
124 189 1
31 218 1
137 249 1
58 163 1
135 270 1
7 31 1
7 62 1
7 22 1
52 274 1
7 128 1
13 135 1
9 135 1
9 108 1
7 90 1
72 250 1
7 35 1
7 65 1
62 204 1
58 83 1
103 250 1
250 272 1
249 261 1
3 264 1
132 155 1
88 192 1
155 250 1
31 181 1
101 270 1
157 250 1
72 224 1
7 102 1
55 131 1
152 225 1
1 152 1
3 273 1
24 174 1
227 248 1
7 212 1
8 177 1
1 7 1
108 264 1
157 235 1
32 56 1
64 118 1
115 250 1
14 161 1
7 9 1
72 263 1
197 250 1
135 136 1
135 224 1
132 253 1
145 252 1
136 221 1
86 211 1
55 156 1
7 13 1
129 250 1
34 148 1
164 213 1
7 209 1
198 250 1
59 250 1
78 264 1
53 242 1
7 241 1
19 274 1
41 190 1
67 250 1
211 240 1
99 198 1
108 250 1
7 201 1
15 115 1
7 131 1
37 42 1
222 228 1
7 272 1
7 76 1
7 205 1
95 117 1
64 170 1
71 211 1
7 134 1
106 134 1
7 254 1
7 164 1
170 249 1
84 150 1
55 248 1
203 227 1
7 265 1
129 265 1
155 249 1
53 56 1
211 250 1
6 224 1
14 136 1
75 249 1
42 170 1
69 105 1
212 268 1
160 198 1
42 62 1
115 145 1
7 21 1
7 75 1
162 250 1
250 254 1
7 73 1
12 81 1
222 265 1
129 264 1
25 188 1
19 226 1
55 123 1
7 256 1
47 83 1
224 236 1
115 135 1
87 250 1
254 267 1
7 33 1
7 189 1
25 250 1
26 246 1
47 61 1
160 208 1
156 193 1
170 186 1
174 201 1
7 118 1
50 228 1
37 250 1
250 267 1
6 211 1
7 170 1
105 205 1
224 255 1
136 256 1
13 39 1
249 250 1
86 135 1
198 239 1
2 273 1
66 221 1
77 234 1
194 250 1
91 122 1
64 103 1
101 170 1
150 236 1
125 135 1
222 250 1
39 212 1
204 250 1
7 262 1
62 84 1
7 227 1
190 221 1
164 264 1
135 218 1
185 222 1
7 121 1
181 264 1
106 230 1
57 253 1
7 43 1
51 264 1
137 205 1
92 224 1
68 264 1
55 174 1
211 264 1
72 119 1
124 240 1
154 201 1
7 215 1
69 132 1
170 211 1
7 217 1
181 195 1
139 250 1
7 109 1
16 51 1
21 145 1
7 71 1
64 105 1
29 250 1
19 95 1
28 250 1
171 250 1
39 211 1
155 200 1
11 42 1
99 229 1
235 250 1
97 198 1
115 249 1
25 84 1
75 181 1
194 201 1
29 33 1
12 172 1
71 181 1
39 216 1
151 211 1
214 250 1
67 264 1
17 42 1
3 177 1
165 209 1
181 219 1
250 255 1
38 77 1
135 175 1
7 161 1
7 165 1
7 36 1
7 144 1
7 111 1
231 250 1
206 250 1
102 110 1
73 250 1
51 217 1
10 171 1
45 250 1
101 123 1
44 249 1
182 250 1
181 189 1
250 275 1
95 207 1
118 274 1
47 64 1
97 271 1
75 79 1
154 226 1
222 247 1
18 171 1
7 151 1
101 113 1
2 7 1
126 249 1
209 250 1
241 250 1
153 250 1
18 83 1
64 268 1
58 232 1
62 199 1
16 170 1
58 105 1
107 212 1
169 270 1
7 17 1
7 233 1
97 180 1
13 254 1
30 227 1
188 265 1
236 251 1
82 197 1
4 251 1
170 235 1
98 164 1
26 265 1
202 224 1
180 265 1
184 228 1
7 63 1
118 203 1
173 224 1
44 142 1
16 35 1
71 144 1
25 74 1
23 205 1
35 95 1
14 132 1
118 198 1
212 243 1
62 67 1
7 172 1
7 224 1
117 195 1
50 194 1
74 250 1
139 264 1
51 85 1
7 195 1
249 262 1
7 59 1
117 198 1
169 180 1
15 201 1
202 251 1
250 253 1
7 221 1
29 196 1
214 222 1
98 155 1
72 104 1
7 178 1
7 69 1
51 116 1
70 265 1
7 112 1
163 172 1
49 250 1
229 265 1
197 257 1
192 224 1
180 250 1
197 208 1
87 135 1
42 50 1
7 64 1
67 140 1
26 227 1
39 105 1
122 214 1
148 179 1
152 255 1
249 275 1
43 170 1
225 238 1
132 175 1
139 265 1
212 245 1
234 239 1
31 164 1
58 240 1
47 144 1
30 198 1
7 82 1
149 224 1
9 201 1
7 150 1
140 250 1
94 164 1
32 202 1
129 181 1
97 250 1
39 53 1
61 265 1
47 217 1
254 255 1
126 248 1
76 264 1
204 227 1
40 170 1
148 250 1
58 275 1
154 242 1
31 260 1
258 275 1
110 137 1
192 250 1
42 46 1
150 250 1
181 220 1
132 153 1
7 275 1
17 248 1
7 108 1
4 44 1
161 273 1
7 55 1
71 249 1
121 213 1
31 249 1
42 180 1
191 212 1
57 250 1
211 217 1
64 158 1
7 246 1
110 135 1
53 250 1
7 94 1
223 250 1
65 250 1
42 218 1
129 147 1
17 19 1
84 272 1
84 224 1
7 194 1
9 16 1
42 43 1
135 220 1
13 266 1
7 156 1
227 242 1
12 35 1
255 264 1
78 127 1
2 48 1
122 176 1
227 272 1
261 270 1
17 47 1
7 66 1
102 131 1
113 195 1
110 215 1
93 140 1
33 104 1
11 172 1
243 248 1
132 208 1
132 199 1
24 198 1
117 230 1
185 242 1
106 136 1
55 160 1
28 213 1
100 250 1
132 181 1
48 272 1
29 270 1
51 211 1
189 210 1
102 197 1
14 164 1
151 250 1
53 186 1
39 234 1
19 21 1
161 250 1
7 113 1
181 233 1
4 98 1
7 67 1
103 222 1
181 208 1
25 115 1
74 214 1
136 239 1
14 244 1
47 232 1
20 181 1
17 199 1
27 105 1
113 256 1
62 65 1
64 120 1
105 198 1
