72 200 2
111 160 2
18 160 2
25 160 2
111 281 2
217 281 2
76 217 2
72 233 2
25 115 2
57 72 2
200 265 2
82 122 2
160 213 2
63 281 2
7 217 2
57 97 2
177 217 2
119 281 2
82 261 2
101 281 2
36 217 2
98 177 2
16 57 2
59 200 2
72 126 2
137 281 2
112 265 2
144 281 2
36 198 2
70 217 2
10 281 2
56 265 2
31 217 2
36 289 2
7 51 2
72 225 2
48 281 2
131 200 2
217 253 2
116 281 2
200 249 2
82 190 2
160 185 2
7 263 2
72 125 2
217 227 2
105 217 2
227 271 2
128 227 2
227 300 2
10 31 2
181 217 2
4 111 2
31 208 2
109 217 2
160 224 2
127 144 2
72 157 2
217 291 2
105 179 2
74 111 2
217 247 2
55 82 2
38 233 2
45 109 2
136 217 2
163 233 2
72 271 2
144 267 2
123 282 2
125 241 2
28 217 2
216 241 2
82 138 2
55 174 2
150 177 2
10 162 2
15 217 2
106 122 2
10 135 2
72 94 2
18 30 2
126 200 2
10 153 2
200 270 2
108 217 2
144 235 2
72 289 2
72 244 2
8 217 2
31 252 2
137 223 2
121 265 2
22 217 2
72 169 2
116 275 2
99 281 2
24 200 2
62 281 2
187 200 2
93 174 2
55 129 2
37 144 2
7 290 2
160 174 2
82 240 2
152 179 2
137 301 2
72 211 2
225 260 2
85 227 2
7 63 2
48 198 2
72 297 2
69 224 2
213 217 2
200 268 2
163 238 2
19 72 2
92 144 2
72 137 2
160 228 2
31 81 2
217 243 2
275 291 2
74 281 2
264 281 2
82 112 2
67 153 2
32 217 2
64 227 2
72 228 2
59 112 2
32 55 2
10 57 2
16 217 2
132 228 2
227 252 2
273 281 2
2 217 2
72 118 2
186 213 2
97 144 2
187 282 2
49 217 2
60 174 2
111 184 2
200 239 2
43 275 2
217 220 2
200 256 2
82 217 2
19 200 2
142 217 2
179 229 2
63 97 2
110 179 2
40 217 2
116 286 2
125 191 2
7 29 2
137 254 2
63 217 2
81 217 2
142 174 2
227 302 2
61 111 2
249 278 2
89 187 2
57 93 2
212 217 2
108 111 2
7 21 2
72 153 2
58 281 2
227 274 2
76 181 2
174 188 2
10 285 2
217 264 2
200 214 2
122 137 2
43 195 2
74 227 2
112 271 2
20 217 2
213 227 2
224 281 2
43 217 2
173 217 2
72 207 2
264 277 2
72 164 2
21 157 2
12 157 2
44 111 2
164 200 2
63 123 2
72 258 2
63 264 2
65 144 2
227 256 2
195 207 2
72 173 2
69 137 2
10 46 2
117 217 2
144 229 2
134 137 2
19 26 2
200 260 2
82 238 2
82 232 2
140 281 2
25 217 2
132 136 2
156 217 2
217 222 2
115 137 2
42 137 2
180 265 2
5 253 2
20 136 2
105 264 2
46 75 2
200 276 2
116 236 2
46 58 2
217 273 2
92 217 2
57 256 2
215 238 2
132 217 2
67 79 2
82 137 2
59 63 2
36 48 2
191 217 2
20 145 2
13 200 2
72 156 2
109 136 2
153 217 2
155 249 2
4 213 2
65 262 2
61 217 2
225 227 2
217 225 2
280 281 2
21 265 2
21 112 2
44 72 2
97 278 2
62 208 2
217 266 2
140 200 2
69 72 2
13 36 2
52 72 2
59 171 2
217 288 2
72 206 2
10 197 2
153 235 2
90 105 2
5 217 2
228 229 2
195 264 2
72 176 2
29 237 2
157 252 2
200 240 2
97 253 2
20 262 2
227 253 2
128 200 2
205 260 2
28 199 2
10 106 2
189 227 2
143 277 2
238 265 2
49 227 2
3 217 2
92 271 2
262 302 2
31 294 2
49 187 2
203 276 2
139 227 2
180 227 2
135 256 2
59 104 2
91 227 2
160 191 2
145 217 2
217 255 2
217 267 2
82 266 2
50 217 2
182 281 2
58 130 2
157 223 2
10 137 2
166 227 2
132 203 2
137 256 2
72 93 2
131 252 2
63 169 2
47 217 2
7 81 2
113 229 2
52 267 2
139 217 2
122 195 2
195 297 2
208 281 2
174 300 2
81 264 2
190 208 2
57 143 2
200 219 2
21 31 2
82 107 2
72 99 2
7 244 2
36 104 2
236 265 2
140 153 2
45 260 2
281 284 2
42 160 2
80 111 2
184 289 2
248 280 2
203 275 2
72 292 2
111 250 2
69 150 2
83 292 2
63 98 2
55 63 2
243 275 2
111 274 2
73 144 2
10 178 2
128 259 2
76 82 2
181 262 2
74 238 2
31 73 2
202 261 2
9 281 2
255 261 2
229 254 2
217 258 2
65 93 2
4 252 2
161 200 2
105 268 2
45 280 2
1 25 2
206 261 2
14 229 2
39 225 2
72 132 2
128 185 2
112 212 2
10 227 2
227 268 2
43 178 2
160 204 2
63 122 2
65 111 2
29 230 2
48 228 2
124 200 2
189 200 2
217 241 2
10 21 2
69 111 2
20 210 2
217 249 2
239 258 2
11 36 2
116 232 2
128 175 2
138 217 2
44 88 2
132 298 2
200 254 2
72 154 2
189 290 2
25 285 2
87 244 2
54 178 2
16 48 2
41 187 2
31 137 2
227 228 2
159 281 2
125 222 2
7 33 2
182 227 2
121 217 2
80 260 2
76 142 2
18 58 2
92 238 2
20 138 2
219 266 2
31 200 2
12 195 2
51 137 2
79 138 2
205 283 2
57 127 2
241 270 2
20 265 2
81 143 2
122 229 2
218 260 2
275 287 2
19 122 2
153 186 2
227 289 2
7 31 2
153 179 2
25 102 2
15 235 2
49 169 2
92 163 2
113 128 2
63 293 2
200 293 2
5 36 2
195 200 2
129 153 2
175 217 2
101 153 2
10 187 2
33 48 2
69 281 2
7 184 2
217 254 2
97 191 2
118 166 2
91 217 2
200 201 2
72 95 2
56 281 2
106 256 2
31 103 2
183 281 2
151 280 2
92 132 2
132 285 2
160 192 2
79 217 2
55 200 2
20 286 2
200 301 2
8 29 2
227 234 2
91 190 2
271 290 2
57 243 2
95 281 2
160 199 2
57 119 2
7 209 2
178 217 2
124 275 2
10 143 2
85 238 2
10 279 2
10 138 2
194 217 2
25 39 2
108 177 2
7 170 2
137 171 2
34 128 2
190 301 2
118 262 2
178 235 2
97 113 2
25 101 2
46 146 2
169 200 2
235 260 2
14 195 2
57 236 2
217 302 2
233 281 2
49 72 2
47 236 2
126 217 2
87 200 2
57 189 2
69 146 2
35 174 2
10 149 2
53 260 2
281 300 2
111 135 2
119 156 2
217 270 2
166 281 2
176 260 2
49 94 2
54 109 2
215 281 2
122 171 2
10 112 2
88 223 2
54 105 2
55 203 2
137 233 2
197 301 2
97 112 2
72 263 2
68 128 2
170 217 2
106 227 2
36 54 2
26 222 2
31 277 2
246 264 2
30 217 2
215 221 2
160 184 2
135 241 2
157 183 2
206 293 2
281 298 2
111 116 2
255 262 2
227 284 2
10 249 2
57 197 2
157 204 2
25 200 2
111 172 2
24 291 2
31 270 2
10 89 2
61 265 2
10 259 2
31 172 2
217 299 2
13 202 2
118 130 2
91 106 2
111 177 2
159 200 2
9 69 2
92 219 2
5 263 2
227 288 2
94 146 2
137 244 2
43 64 2
72 243 2
217 293 2
206 281 2
184 217 2
250 293 2
116 276 2
31 61 2
99 112 2
70 93 2
178 281 2
142 172 2
75 244 2
72 123 2
200 217 2
92 240 2
115 281 2
29 117 2
61 281 2
57 126 2
200 213 2
88 217 2
185 200 2
249 272 2
31 72 2
90 181 2
46 171 2
111 257 2
107 298 2
75 265 2
40 302 2
217 251 2
92 229 2
143 238 2
20 160 2
118 143 2
94 105 2
186 200 2
41 111 2
7 280 2
54 94 2
163 271 2
57 58 2
96 200 2
185 275 2
142 242 2
72 224 2
5 77 2
147 200 2
249 297 2
72 205 2
200 272 2
72 285 2
185 212 2
170 280 2
34 217 2
72 290 2
69 163 2
193 280 2
95 184 2
291 295 2
122 281 2
8 82 2
9 217 2
59 155 2
4 217 2
72 140 2
187 284 2
85 217 2
172 190 2
221 256 2
36 61 2
157 179 2
31 57 2
204 237 2
130 233 2
14 231 2
217 300 2
112 178 2
53 172 2
19 137 2
31 257 2
128 281 2
143 200 2
151 217 2
10 107 2
76 150 2
217 285 2
55 93 2
135 213 2
82 258 2
239 275 2
65 234 2
30 256 2
43 200 2
57 201 2
137 245 2
205 217 2
78 195 2
222 281 2
151 249 2
96 217 2
86 175 2
237 255 2
159 264 2
72 215 2
111 300 2
217 257 2
85 251 2
40 144 2
145 227 2
227 230 2
54 217 2
72 265 2
73 281 2
157 171 2
48 156 2
108 225 2
155 217 2
31 58 2
74 113 2
177 238 2
36 122 2
73 199 2
177 200 2
118 282 2
72 182 2
60 185 2
68 144 2
110 281 2
19 227 2
195 246 2
37 200 2
2 185 2
7 151 2
72 217 2
7 281 2
33 227 2
29 211 2
28 135 2
123 256 2
58 217 2
208 217 2
142 200 2
26 241 2
181 275 2
90 135 2
213 293 2
72 159 2
49 208 2
34 151 2
81 137 2
125 217 2
137 282 2
154 275 2
122 156 2
47 200 2
216 228 2
108 127 2
76 102 2
239 249 2
78 163 2
67 141 2
60 91 2
120 243 2
57 96 2
253 262 2
143 184 2
204 275 2
169 217 2
160 277 2
143 191 2
217 268 2
29 61 2
131 153 2
210 256 2
36 63 2
68 301 2
220 288 2
153 280 2
243 286 2
90 184 2
199 291 2
81 198 2
195 284 2
63 146 2
54 244 2
142 154 2
46 161 2
200 205 2
25 119 2
64 112 2
195 272 2
127 217 2
113 186 2
111 204 2
58 238 2
135 190 2
216 293 2
65 217 2
100 265 2
39 264 2
189 190 2
170 202 2
153 202 2
227 258 2
25 29 2
29 85 2
172 217 2
161 263 2
10 256 2
95 160 2
70 200 2
163 191 2
227 249 2
10 52 2
165 217 2
7 279 2
253 281 2
192 281 2
83 200 2
97 241 2
249 291 2
203 262 2
161 217 2
10 215 2
114 217 2
158 165 2
3 177 2
72 171 2
88 260 2
258 285 2
145 262 2
42 265 2
127 170 2
48 132 2
175 264 2
169 276 2
123 227 2
13 72 2
14 265 2
146 161 2
57 133 2
22 63 2
87 271 2
27 88 2
82 291 2
148 217 2
111 133 2
215 286 2
25 177 2
64 111 2
109 299 2
31 199 2
20 200 2
8 200 2
102 137 2
217 237 2
190 200 2
178 275 2
73 111 2
32 119 2
217 246 2
94 186 2
140 160 2
100 208 2
63 86 2
38 217 2
146 277 2
112 166 2
210 281 2
24 244 2
169 274 2
217 234 2
137 179 2
93 210 2
7 105 2
57 217 2
12 76 2
72 216 2
94 168 2
18 217 2
102 217 2
28 145 2
64 91 2
127 281 2
10 252 2
45 249 2
5 182 2
18 112 2
228 257 2
95 123 2
64 68 2
64 82 2
140 227 2
57 132 2
92 206 2
125 248 2
166 219 2
64 83 2
16 275 2
168 198 2
279 281 2
195 292 2
72 83 2
13 286 2
4 200 2
3 281 2
121 301 2
177 279 2
76 108 2
106 228 2
115 118 2
111 205 2
43 177 2
127 160 2
16 233 2
102 203 2
21 135 2
160 220 2
12 258 2
143 251 2
227 298 2
21 273 2
14 183 2
196 265 2
200 210 2
178 210 2
84 229 2
120 217 2
227 277 2
76 146 2
55 160 2
75 250 2
21 227 2
137 246 2
72 147 2
54 129 2
94 144 2
137 275 2
280 301 2
40 291 2
169 185 2
110 151 2
25 227 2
26 91 2
72 186 2
52 142 2
