82 310 3
310 331 3
28 331 3
324 331 3
262 310 3
82 251 3
304 331 3
306 324 3
41 324 3
277 331 3
143 310 3
304 310 3
138 310 3
252 310 3
276 331 3
44 82 3
86 262 3
100 277 3
82 214 3
41 192 3
72 277 3
99 310 3
50 331 3
216 310 3
24 304 3
196 252 3
307 310 3
29 307 3
210 216 3
257 310 3
145 304 3
206 252 3
41 247 3
50 82 3
251 265 3
73 277 3
116 331 3
50 95 3
320 331 3
175 310 3
62 216 3
50 303 3
228 331 3
295 331 3
41 136 3
129 196 3
245 277 3
41 74 3
179 331 3
49 50 3
59 276 3
105 310 3
73 307 3
180 252 3
310 332 3
104 303 3
75 324 3
269 331 3
55 331 3
2 306 3
184 216 3
62 73 3
25 331 3
99 196 3
79 310 3
73 204 3
265 310 3
95 331 3
63 304 3
85 307 3
298 310 3
117 295 3
44 331 3
132 324 3
82 248 3
216 311 3
159 251 3
31 105 3
212 307 3
78 331 3
140 331 3
137 216 3
208 277 3
180 273 3
103 310 3
26 257 3
73 279 3
216 224 3
114 180 3
216 271 3
322 324 3
189 310 3
82 301 3
58 276 3
29 180 3
171 331 3
300 311 3
286 306 3
170 324 3
196 234 3
109 324 3
285 306 3
46 75 3
31 310 3
171 258 3
187 310 3
86 239 3
44 322 3
2 176 3
44 247 3
143 197 3
216 257 3
64 189 3
86 261 3
81 216 3
59 82 3
26 178 3
126 170 3
289 310 3
53 324 3
264 277 3
28 310 3
90 138 3
62 315 3
17 90 3
124 277 3
29 97 3
13 310 3
216 228 3
69 184 3
184 275 3
193 331 3
82 254 3
151 306 3
281 298 3
153 289 3
20 306 3
126 209 3
279 331 3
47 69 3
297 331 3
231 310 3
144 216 3
199 216 3
126 139 3
236 279 3
91 331 3
73 133 3
101 216 3
29 256 3
148 310 3
91 276 3
29 247 3
46 310 3
46 73 3
32 189 3
59 146 3
196 217 3
81 304 3
310 313 3
84 97 3
216 249 3
175 211 3
44 281 3
195 310 3
135 216 3
24 182 3
195 284 3
10 82 3
83 273 3
18 99 3
69 82 3
272 331 3
36 216 3
235 331 3
36 331 3
100 310 3
82 167 3
137 310 3
159 331 3
216 264 3
289 290 3
200 331 3
247 310 3
185 332 3
17 216 3
9 84 3
1 273 3
67 306 3
82 273 3
57 307 3
194 303 3
36 126 3
29 121 3
169 216 3
114 256 3
213 306 3
143 237 3
110 273 3
96 180 3
82 113 3
99 327 3
6 137 3
168 216 3
82 168 3
59 261 3
31 39 3
183 310 3
115 159 3
21 304 3
57 310 3
185 196 3
44 187 3
2 180 3
80 273 3
73 216 3
44 129 3
101 331 3
44 235 3
219 247 3
107 310 3
59 264 3
259 279 3
112 297 3
114 264 3
82 91 3
65 307 3
41 49 3
219 307 3
41 236 3
265 276 3
63 310 3
164 331 3
114 297 3
271 279 3
143 266 3
25 216 3
142 331 3
58 82 3
22 247 3
178 184 3
111 306 3
34 303 3
73 317 3
1 57 3
168 310 3
230 310 3
134 306 3
21 306 3
133 247 3
184 310 3
310 323 3
229 315 3
189 238 3
82 96 3
210 307 3
123 216 3
154 310 3
153 310 3
216 236 3
25 90 3
44 167 3
73 297 3
252 326 3
243 310 3
217 220 3
27 306 3
191 310 3
310 315 3
127 170 3
50 112 3
216 222 3
33 36 3
179 216 3
114 280 3
145 306 3
77 315 3
200 310 3
27 82 3
178 310 3
2 261 3
148 216 3
58 177 3
147 310 3
143 285 3
89 164 3
11 117 3
265 306 3
44 142 3
78 299 3
131 310 3
299 331 3
110 310 3
7 137 3
116 310 3
251 319 3
82 319 3
151 237 3
153 331 3
111 180 3
142 176 3
27 277 3
7 138 3
153 154 3
164 180 3
119 324 3
196 316 3
77 310 3
5 331 3
41 77 3
95 277 3
32 216 3
29 139 3
187 194 3
241 307 3
82 212 3
310 328 3
310 322 3
313 331 3
6 216 3
13 277 3
17 303 3
31 65 3
62 209 3
160 306 3
232 258 3
133 310 3
29 57 3
109 303 3
73 226 3
83 250 3
24 89 3
81 277 3
167 213 3
99 145 3
133 263 3
327 328 3
247 255 3
123 143 3
47 50 3
105 180 3
216 332 3
161 167 3
54 252 3
56 216 3
134 331 3
31 251 3
29 202 3
29 104 3
73 238 3
229 276 3
73 195 3
194 328 3
115 216 3
82 252 3
21 41 3
97 158 3
205 310 3
235 252 3
34 254 3
129 306 3
62 75 3
14 159 3
14 310 3
261 310 3
145 331 3
236 276 3
113 307 3
198 307 3
123 153 3
106 216 3
102 331 3
92 331 3
37 91 3
41 316 3
228 255 3
40 75 3
7 310 3
143 265 3
248 310 3
184 300 3
145 263 3
73 154 3
155 310 3
3 306 3
67 155 3
70 324 3
117 310 3
216 217 3
153 324 3
169 310 3
47 106 3
58 133 3
120 279 3
303 331 3
270 332 3
82 193 3
127 331 3
27 213 3
117 306 3
42 232 3
327 331 3
38 151 3
154 222 3
92 310 3
163 273 3
253 311 3
246 310 3
99 140 3
34 133 3
66 279 3
58 331 3
190 273 3
37 310 3
117 292 3
76 187 3
67 310 3
85 105 3
216 308 3
84 324 3
269 310 3
29 152 3
128 315 3
281 310 3
17 148 3
140 167 3
216 274 3
236 324 3
216 285 3
185 306 3
259 324 3
315 323 3
186 200 3
102 182 3
92 146 3
215 216 3
149 216 3
261 326 3
58 303 3
102 107 3
17 110 3
32 244 3
82 170 3
82 171 3
34 331 3
163 216 3
316 331 3
197 331 3
125 276 3
34 107 3
125 187 3
73 141 3
63 86 3
34 128 3
163 276 3
175 290 3
12 134 3
216 229 3
81 196 3
50 104 3
148 305 3
294 310 3
29 266 3
142 330 3
311 331 3
8 57 3
131 331 3
29 147 3
227 310 3
150 310 3
1 264 3
15 262 3
118 212 3
273 310 3
58 70 3
250 262 3
98 310 3
145 321 3
121 229 3
286 289 3
77 99 3
199 304 3
199 331 3
286 310 3
8 61 3
216 327 3
9 261 3
35 50 3
82 285 3
73 265 3
164 324 3
95 250 3
254 324 3
183 331 3
229 310 3
207 310 3
23 59 3
207 236 3
195 331 3
139 257 3
61 331 3
199 310 3
24 308 3
147 214 3
57 189 3
33 44 3
216 302 3
64 137 3
94 310 3
73 275 3
184 305 3
132 310 3
92 307 3
241 304 3
82 159 3
11 133 3
135 137 3
115 187 3
33 240 3
21 310 3
188 324 3
82 244 3
62 287 3
186 331 3
264 310 3
17 331 3
272 328 3
101 318 3
117 304 3
41 196 3
86 302 3
72 143 3
9 331 3
138 196 3
126 147 3
2 110 3
34 252 3
41 148 3
82 192 3
260 331 3
216 227 3
112 273 3
29 34 3
15 303 3
104 310 3
52 104 3
102 310 3
56 114 3
49 231 3
129 216 3
130 236 3
133 228 3
174 310 3
297 310 3
166 280 3
267 331 3
217 273 3
270 310 3
288 306 3
44 255 3
257 262 3
126 310 3
57 137 3
146 279 3
207 318 3
146 287 3
104 307 3
82 293 3
62 114 3
82 208 3
216 230 3
109 331 3
97 135 3
212 310 3
142 216 3
283 310 3
264 331 3
278 315 3
40 77 3
82 155 3
127 267 3
85 99 3
72 310 3
203 216 3
109 216 3
83 310 3
209 304 3
144 320 3
76 310 3
216 262 3
122 133 3
140 216 3
50 113 3
44 269 3
232 307 3
277 325 3
34 148 3
213 310 3
99 114 3
4 263 3
49 250 3
276 310 3
205 306 3
244 306 3
25 43 3
282 303 3
41 167 3
28 90 3
84 105 3
34 190 3
17 210 3
242 310 3
65 196 3
113 324 3
31 280 3
72 119 3
187 326 3
97 111 3
251 261 3
82 264 3
101 266 3
91 157 3
241 331 3
73 274 3
53 331 3
197 299 3
196 299 3
22 331 3
96 310 3
193 310 3
112 310 3
58 310 3
168 331 3
93 145 3
217 231 3
21 331 3
128 310 3
41 185 3
77 91 3
19 276 3
131 260 3
69 331 3
153 165 3
38 310 3
76 82 3
216 270 3
221 265 3
261 267 3
216 303 3
94 231 3
137 331 3
266 310 3
104 188 3
216 235 3
54 310 3
100 276 3
232 331 3
94 111 3
177 310 3
100 266 3
111 177 3
249 331 3
62 96 3
198 286 3
198 331 3
80 306 3
239 277 3
56 306 3
32 306 3
73 239 3
251 288 3
7 245 3
57 216 3
264 286 3
69 306 3
33 266 3
44 320 3
122 331 3
68 247 3
98 307 3
310 321 3
24 286 3
44 89 3
94 188 3
44 69 3
40 310 3
145 146 3
44 174 3
111 289 3
133 278 3
50 274 3
17 310 3
149 280 3
226 235 3
29 288 3
201 310 3
42 236 3
17 65 3
23 110 3
97 278 3
202 276 3
127 310 3
230 311 3
57 303 3
44 316 3
306 314 3
107 287 3
52 216 3
151 216 3
148 165 3
197 310 3
131 277 3
64 310 3
100 257 3
251 331 3
216 292 3
57 295 3
231 265 3
14 180 3
12 264 3
70 216 3
151 313 3
30 310 3
104 115 3
53 306 3
156 331 3
15 98 3
189 245 3
145 238 3
238 306 3
62 79 3
92 238 3
41 146 3
250 310 3
26 331 3
200 264 3
107 304 3
59 108 3
213 216 3
99 160 3
213 239 3
154 162 3
133 140 3
50 310 3
237 301 3
310 316 3
264 280 3
61 287 3
216 293 3
48 315 3
32 310 3
118 154 3
82 228 3
311 324 3
216 291 3
78 276 3
41 46 3
21 170 3
111 322 3
130 315 3
91 129 3
109 274 3
306 322 3
123 163 3
33 310 3
10 310 3
222 313 3
259 331 3
284 306 3
43 231 3
82 95 3
73 176 3
317 331 3
149 323 3
41 291 3
256 271 3
195 238 3
138 331 3
39 277 3
226 267 3
275 310 3
133 212 3
216 256 3
132 180 3
171 325 3
41 109 3
90 217 3
51 216 3
91 216 3
285 297 3
56 133 3
189 266 3
103 185 3
56 186 3
233 276 3
37 216 3
54 213 3
41 244 3
85 262 3
178 289 3
266 331 3
81 231 3
198 223 3
30 331 3
89 216 3
121 277 3
49 104 3
289 306 3
133 322 3
34 256 3
100 258 3
216 289 3
204 316 3
29 208 3
134 231 3
149 306 3
95 111 3
123 189 3
82 203 3
310 312 3
169 331 3
285 311 3
68 111 3
45 159 3
73 331 3
230 331 3
216 237 3
117 124 3
62 121 3
125 251 3
182 189 3
19 62 3
114 202 3
1 133 3
125 310 3
277 307 3
15 41 3
2 44 3
41 166 3
1 197 3
149 241 3
133 303 3
211 230 3
28 145 3
173 265 3
231 313 3
310 319 3
132 289 3
17 255 3
195 324 3
39 127 3
185 310 3
147 187 3
112 235 3
63 307 3
118 185 3
26 100 3
117 216 3
55 95 3
44 301 3
82 318 3
79 216 3
26 216 3
127 157 3
85 255 3
280 305 3
119 258 3
14 153 3
257 277 3
45 82 3
70 169 3
109 234 3
56 210 3
57 279 3
36 145 3
173 182 3
29 170 3
44 196 3
151 310 3
29 304 3
97 310 3
257 331 3
215 316 3
102 303 3
44 116 3
124 324 3
76 231 3
24 273 3
138 176 3
207 240 3
63 168 3
96 307 3
82 263 3
276 314 3
178 265 3
82 137 3
37 265 3
280 306 3
135 304 3
67 264 3
208 306 3
99 100 3
15 331 3
141 310 3
149 321 3
119 304 3
1 199 3
44 102 3
130 216 3
75 93 3
216 325 3
212 266 3
167 244 3
129 331 3
142 306 3
84 331 3
128 159 3
200 252 3
102 140 3
116 272 3
67 236 3
191 196 3
141 212 3
105 331 3
2 73 3
146 278 3
183 306 3
304 320 3
23 226 3
163 260 3
73 74 3
207 324 3
128 146 3
29 43 3
192 279 3
199 230 3
3 216 3
290 331 3
59 310 3
82 294 3
109 127 3
22 143 3
189 268 3
11 289 3
193 269 3
71 307 3
164 250 3
94 109 3
288 310 3
29 200 3
111 140 3
139 331 3
31 315 3
127 312 3
9 283 3
65 276 3
194 316 3
81 331 3
176 331 3
115 116 3
180 311 3
136 146 3
121 252 3
102 216 3
222 310 3
60 189 3
212 287 3
2 125 3
135 262 3
138 284 3
188 331 3
20 331 3
2 99 3
23 216 3
90 331 3
110 168 3
8 90 3
216 244 3
179 265 3
8 310 3
138 329 3
17 326 3
191 216 3
90 211 3
119 331 3
159 254 3
265 303 3
315 331 3
119 241 3
278 293 3
28 280 3
223 304 3
59 331 3
146 310 3
82 267 3
216 265 3
251 264 3
83 239 3
204 247 3
70 196 3
44 219 3
89 331 3
9 201 3
214 216 3
39 310 3
274 323 3
244 310 3
216 247 3
52 113 3
302 324 3
180 271 3
124 212 3
225 312 3
73 309 3
142 302 3
207 238 3
137 262 3
98 230 3
67 305 3
113 331 3
81 82 3
180 216 3
77 216 3
123 303 3
77 167 3
143 316 3
9 216 3
37 223 3
196 227 3
205 216 3
98 137 3
216 241 3
62 324 3
204 307 3
191 204 3
15 322 3
58 317 3
19 115 3
193 324 3
132 331 3
275 276 3
74 331 3
176 287 3
43 331 3
100 220 3
171 216 3
265 309 3
80 178 3
123 155 3
56 70 3
127 260 3
85 331 3
138 300 3
145 324 3
291 310 3
216 232 3
145 161 3
92 196 3
229 318 3
34 310 3
215 257 3
57 298 3
47 210 3
95 131 3
22 216 3
223 306 3
243 257 3
12 310 3
98 111 3
275 316 3
96 99 3
34 114 3
70 87 3
297 329 3
262 276 3
62 159 3
239 276 3
133 312 3
59 99 3
133 245 3
254 304 3
34 208 3
151 271 3
109 310 3
10 56 3
91 93 3
131 266 3
44 104 3
18 310 3
8 12 3
62 82 3
82 247 3
76 189 3
76 263 3
55 146 3
202 303 3
216 266 3
282 331 3
180 239 3
41 310 3
104 120 3
70 312 3
