8 280 3
34 280 3
163 280 3
68 163 3
8 10 3
163 216 3
8 194 3
100 187 3
45 163 3
8 281 3
163 210 3
163 264 3
83 210 3
163 243 3
26 163 3
50 163 3
187 307 3
14 237 3
171 187 3
129 307 3
163 324 3
42 163 3
30 163 3
8 74 3
181 216 3
129 205 3
129 257 3
155 243 3
185 264 3
184 243 3
14 62 3
194 265 3
5 30 3
60 129 3
163 300 3
37 129 3
8 264 3
189 280 3
194 261 3
256 280 3
79 187 3
74 194 3
280 308 3
194 282 3
112 194 3
14 132 3
148 194 3
5 210 3
163 292 3
2 210 3
134 187 3
85 324 3
210 253 3
170 194 3
26 298 3
280 327 3
194 270 3
187 220 3
55 163 3
55 185 3
216 255 3
8 39 3
216 288 3
120 129 3
163 223 3
61 265 3
140 265 3
134 163 3
264 290 3
231 280 3
29 231 3
8 25 3
10 167 3
55 280 3
55 164 3
141 163 3
163 269 3
79 324 3
92 269 3
13 210 3
18 307 3
133 194 3
8 18 3
85 205 3
222 280 3
132 213 3
60 231 3
231 328 3
46 269 3
84 163 3
76 163 3
65 307 3
30 126 3
103 298 3
42 235 3
264 291 3
128 163 3
233 280 3
8 316 3
99 281 3
132 212 3
13 169 3
55 148 3
26 301 3
129 255 3
173 243 3
61 73 3
18 59 3
155 183 3
169 201 3
196 237 3
132 163 3
259 280 3
181 262 3
156 171 3
137 163 3
201 231 3
126 161 3
214 253 3
41 60 3
141 144 3
30 233 3
187 189 3
30 248 3
98 280 3
163 240 3
126 297 3
129 229 3
152 264 3
163 302 3
30 218 3
253 298 3
143 265 3
2 241 3
78 152 3
124 171 3
192 233 3
151 163 3
8 164 3
169 226 3
74 250 3
241 318 3
26 98 3
30 149 3
159 187 3
26 238 3
280 318 3
85 198 3
253 297 3
220 228 3
26 70 3
130 291 3
17 210 3
163 252 3
27 280 3
26 65 3
37 253 3
54 60 3
271 324 3
65 137 3
163 195 3
26 58 3
14 101 3
188 265 3
8 149 3
87 262 3
20 55 3
183 236 3
13 174 3
36 163 3
157 264 3
65 113 3
1 55 3
159 163 3
98 270 3
55 236 3
201 230 3
68 129 3
26 40 3
30 98 3
126 280 3
120 282 3
55 127 3
35 300 3
67 164 3
2 277 3
163 211 3
103 146 3
161 163 3
269 280 3
2 190 3
101 280 3
129 317 3
65 105 3
194 274 3
32 280 3
265 275 3
81 163 3
20 290 3
210 301 3
220 298 3
152 253 3
9 163 3
237 325 3
162 213 3
172 233 3
63 223 3
1 241 3
253 269 3
129 332 3
126 163 3
26 315 3
14 122 3
138 280 3
280 293 3
163 176 3
22 280 3
76 83 3
185 318 3
31 282 3
98 261 3
282 300 3
193 194 3
30 44 3
8 287 3
1 304 3
204 253 3
2 242 3
71 163 3
35 187 3
98 294 3
61 142 3
24 230 3
84 98 3
193 264 3
215 220 3
35 257 3
172 307 3
170 321 3
8 202 3
8 319 3
75 163 3
192 280 3
216 262 3
187 211 3
26 186 3
127 210 3
242 253 3
261 264 3
171 315 3
8 36 3
123 185 3
72 187 3
26 161 3
56 163 3
63 280 3
214 216 3
50 280 3
43 213 3
163 255 3
174 189 3
83 118 3
122 131 3
205 244 3
78 100 3
1 163 3
18 33 3
66 211 3
74 235 3
14 23 3
100 300 3
144 329 3
30 33 3
8 314 3
61 195 3
163 319 3
20 194 3
133 163 3
147 300 3
152 163 3
23 262 3
123 230 3
103 329 3
89 118 3
8 330 3
74 240 3
140 163 3
162 163 3
82 205 3
26 99 3
109 211 3
253 257 3
223 265 3
3 8 3
4 26 3
194 236 3
136 213 3
125 163 3
220 223 3
2 275 3
11 25 3
163 259 3
8 37 3
147 264 3
243 315 3
56 253 3
163 281 3
4 300 3
52 163 3
168 194 3
8 150 3
280 324 3
8 58 3
79 248 3
75 319 3
8 292 3
74 75 3
112 277 3
145 243 3
97 280 3
14 260 3
136 184 3
23 195 3
26 57 3
143 152 3
6 163 3
145 286 3
52 277 3
8 75 3
1 281 3
167 223 3
97 103 3
8 95 3
8 84 3
329 330 3
35 86 3
258 270 3
77 163 3
161 266 3
66 280 3
29 167 3
136 208 3
164 268 3
250 265 3
26 158 3
129 249 3
74 187 3
241 280 3
44 76 3
98 149 3
120 265 3
163 258 3
178 187 3
65 280 3
237 252 3
72 129 3
129 267 3
177 187 3
98 191 3
171 194 3
26 116 3
26 156 3
129 298 3
42 177 3
144 270 3
241 253 3
225 244 3
37 266 3
30 110 3
141 189 3
6 54 3
70 238 3
187 262 3
9 26 3
163 180 3
69 168 3
211 290 3
33 129 3
30 90 3
35 216 3
4 262 3
23 158 3
141 181 3
11 60 3
210 319 3
217 319 3
262 270 3
52 268 3
8 102 3
7 163 3
212 253 3
68 107 3
282 297 3
70 129 3
18 106 3
136 163 3
245 264 3
37 147 3
152 242 3
206 280 3
75 118 3
60 74 3
18 116 3
116 163 3
30 312 3
26 47 3
77 189 3
65 258 3
201 267 3
18 308 3
163 287 3
16 50 3
155 164 3
74 198 3
18 72 3
71 290 3
210 242 3
163 188 3
194 324 3
194 210 3
130 194 3
152 312 3
137 256 3
179 204 3
230 241 3
119 122 3
31 152 3
47 58 3
7 260 3
221 318 3
262 313 3
111 307 3
74 238 3
194 281 3
189 309 3
5 103 3
163 295 3
22 287 3
163 321 3
58 122 3
72 91 3
147 303 3
169 198 3
45 264 3
7 331 3
119 280 3
30 300 3
144 163 3
26 30 3
317 318 3
67 243 3
134 253 3
146 167 3
53 324 3
103 187 3
150 265 3
8 282 3
178 280 3
55 98 3
22 70 3
87 308 3
210 247 3
98 127 3
84 330 3
23 145 3
5 220 3
8 157 3
253 262 3
83 264 3
43 193 3
8 272 3
88 144 3
163 201 3
135 253 3
300 310 3
21 163 3
75 129 3
170 257 3
42 209 3
18 96 3
137 206 3
70 117 3
67 141 3
70 307 3
36 220 3
269 322 3
152 269 3
103 128 3
140 280 3
132 280 3
26 222 3
14 32 3
18 42 3
59 118 3
114 298 3
49 300 3
152 159 3
98 194 3
48 280 3
50 175 3
65 192 3
55 319 3
187 255 3
116 175 3
42 240 3
49 118 3
27 163 3
32 127 3
163 174 3
8 310 3
153 187 3
135 298 3
209 280 3
203 327 3
241 242 3
189 193 3
14 207 3
143 168 3
163 194 3
255 269 3
165 185 3
293 307 3
138 231 3
187 319 3
190 202 3
129 299 3
35 137 3
121 216 3
6 280 3
44 116 3
123 280 3
84 271 3
156 264 3
166 269 3
255 261 3
34 159 3
194 213 3
102 280 3
147 262 3
159 254 3
12 196 3
26 170 3
183 325 3
70 326 3
231 263 3
195 294 3
181 251 3
44 72 3
148 262 3
71 161 3
4 284 3
8 235 3
259 284 3
31 167 3
72 320 3
210 275 3
280 307 3
230 248 3
3 280 3
64 216 3
168 210 3
70 146 3
61 289 3
8 162 3
169 209 3
163 239 3
241 283 3
194 275 3
55 277 3
37 216 3
53 116 3
113 192 3
188 252 3
179 189 3
190 297 3
2 26 3
43 135 3
222 264 3
26 243 3
74 112 3
13 163 3
106 187 3
117 163 3
70 237 3
41 196 3
47 297 3
245 252 3
201 213 3
26 271 3
181 280 3
243 268 3
187 226 3
13 182 3
8 124 3
67 129 3
59 248 3
8 258 3
134 319 3
134 191 3
24 151 3
93 216 3
205 299 3
30 85 3
195 264 3
20 280 3
119 168 3
50 225 3
115 281 3
24 173 3
152 245 3
168 268 3
162 171 3
2 219 3
171 253 3
31 323 3
8 99 3
8 204 3
89 163 3
187 194 3
62 315 3
169 322 3
201 287 3
8 304 3
144 255 3
42 86 3
15 106 3
36 159 3
68 269 3
280 325 3
18 154 3
211 221 3
1 188 3
164 272 3
59 192 3
210 255 3
185 323 3
143 253 3
159 322 3
66 319 3
106 291 3
212 264 3
125 144 3
163 230 3
280 291 3
157 213 3
23 284 3
70 79 3
30 204 3
129 146 3
163 327 3
105 243 3
2 100 3
137 317 3
221 307 3
26 90 3
50 289 3
20 26 3
163 214 3
8 59 3
129 236 3
2 111 3
83 262 3
129 202 3
256 295 3
8 309 3
24 237 3
197 321 3
287 303 3
50 210 3
160 163 3
121 177 3
245 311 3
128 198 3
65 323 3
241 274 3
26 312 3
238 287 3
186 256 3
163 167 3
2 19 3
65 226 3
180 264 3
27 59 3
111 234 3
8 145 3
8 259 3
88 152 3
150 176 3
152 278 3
37 172 3
84 310 3
26 278 3
55 105 3
159 250 3
136 223 3
26 177 3
100 134 3
26 319 3
213 297 3
163 204 3
79 163 3
56 102 3
163 291 3
87 147 3
166 194 3
98 202 3
269 321 3
177 280 3
20 185 3
280 306 3
232 255 3
189 199 3
216 267 3
171 227 3
244 264 3
86 100 3
25 108 3
201 307 3
95 170 3
253 321 3
3 269 3
8 154 3
5 26 3
11 163 3
59 163 3
260 307 3
18 240 3
163 260 3
145 275 3
36 74 3
74 163 3
8 284 3
26 139 3
19 307 3
26 234 3
166 211 3
26 71 3
126 199 3
98 255 3
27 261 3
8 34 3
49 68 3
17 163 3
55 99 3
198 224 3
92 319 3
74 109 3
52 289 3
175 231 3
26 187 3
222 289 3
204 316 3
30 299 3
68 316 3
45 212 3
98 233 3
23 129 3
103 151 3
113 211 3
23 194 3
250 314 3
4 246 3
39 265 3
36 183 3
116 310 3
98 185 3
192 216 3
189 283 3
70 206 3
50 239 3
82 163 3
193 218 3
109 312 3
50 271 3
68 253 3
131 206 3
52 122 3
81 297 3
186 253 3
60 123 3
18 252 3
106 198 3
98 121 3
131 307 3
23 94 3
170 241 3
42 280 3
3 310 3
250 280 3
36 257 3
70 193 3
202 262 3
163 165 3
163 325 3
221 299 3
67 262 3
185 202 3
172 244 3
41 163 3
163 284 3
253 310 3
30 121 3
279 310 3
73 163 3
33 163 3
163 203 3
191 205 3
58 156 3
8 255 3
149 255 3
287 288 3
177 241 3
102 269 3
164 286 3
253 271 3
90 163 3
99 126 3
53 64 3
98 222 3
30 115 3
128 231 3
163 192 3
35 269 3
58 222 3
109 210 3
218 252 3
38 129 3
63 198 3
26 309 3
184 301 3
221 268 3
39 194 3
23 124 3
143 183 3
20 216 3
50 206 3
30 197 3
87 94 3
137 238 3
163 312 3
163 245 3
144 280 3
79 216 3
29 117 3
60 318 3
193 330 3
94 133 3
2 4 3
70 81 3
5 163 3
1 151 3
130 163 3
163 187 3
74 210 3
109 227 3
89 129 3
8 70 3
194 277 3
93 237 3
193 301 3
23 306 3
69 163 3
222 328 3
6 94 3
59 282 3
100 314 3
298 306 3
120 247 3
310 319 3
37 272 3
62 95 3
26 316 3
42 295 3
26 123 3
163 289 3
86 210 3
55 120 3
14 106 3
56 212 3
262 266 3
163 310 3
42 71 3
116 231 3
229 271 3
73 206 3
163 261 3
229 264 3
205 321 3
150 164 3
14 163 3
212 220 3
195 301 3
47 97 3
108 144 3
187 271 3
60 169 3
163 286 3
8 165 3
179 180 3
98 109 3
298 317 3
73 94 3
18 315 3
163 190 3
11 68 3
94 217 3
46 255 3
26 167 3
25 298 3
93 161 3
205 233 3
248 316 3
163 328 3
135 280 3
26 328 3
26 292 3
5 204 3
126 193 3
92 163 3
112 231 3
253 309 3
164 187 3
8 237 3
214 279 3
135 163 3
116 173 3
18 85 3
183 210 3
7 307 3
190 194 3
26 44 3
48 163 3
46 163 3
84 153 3
255 326 3
187 218 3
192 227 3
117 305 3
18 280 3
233 253 3
76 194 3
140 194 3
55 274 3
127 282 3
8 240 3
183 230 3
45 315 3
50 185 3
265 310 3
8 163 3
156 163 3
40 237 3
1 172 3
87 289 3
8 158 3
167 280 3
77 115 3
129 329 3
15 280 3
89 281 3
163 189 3
211 301 3
133 221 3
183 198 3
211 314 3
70 255 3
280 294 3
194 246 3
96 319 3
163 322 3
75 165 3
163 221 3
74 171 3
69 319 3
53 163 3
131 138 3
70 288 3
159 318 3
64 301 3
5 244 3
8 98 3
128 210 3
167 321 3
185 231 3
226 280 3
52 320 3
298 325 3
170 294 3
63 270 3
152 222 3
229 280 3
165 230 3
154 179 3
107 135 3
39 163 3
297 326 3
219 319 3
26 32 3
97 210 3
65 318 3
112 216 3
30 281 3
224 288 3
302 324 3
115 262 3
146 262 3
4 154 3
133 147 3
46 250 3
280 317 3
8 121 3
119 313 3
30 96 3
119 331 3
150 280 3
42 175 3
171 181 3
170 330 3
206 262 3
42 178 3
122 210 3
120 163 3
146 163 3
157 243 3
163 293 3
2 194 3
98 273 3
2 285 3
55 289 3
45 100 3
122 291 3
87 163 3
8 174 3
129 321 3
8 123 3
207 265 3
224 245 3
8 298 3
79 317 3
63 295 3
26 294 3
200 269 3
169 196 3
19 55 3
309 314 3
143 163 3
210 279 3
158 163 3
145 180 3
243 255 3
61 152 3
118 163 3
29 192 3
70 151 3
33 53 3
213 301 3
194 200 3
86 167 3
170 212 3
3 48 3
26 122 3
18 282 3
42 203 3
19 111 3
152 322 3
30 111 3
223 270 3
172 215 3
250 294 3
189 275 3
163 297 3
133 222 3
129 265 3
84 123 3
18 163 3
14 56 3
87 130 3
35 163 3
227 253 3
67 135 3
124 289 3
39 222 3
9 125 3
92 204 3
189 320 3
20 148 3
8 269 3
142 187 3
143 210 3
7 8 3
92 129 3
229 300 3
67 132 3
180 188 3
108 116 3
265 269 3
250 256 3
163 183 3
88 265 3
163 225 3
79 210 3
60 80 3
