147 229 5
229 289 5
64 229 5
64 124 5
229 234 5
64 371 5
14 234 5
234 296 5
118 371 5
76 118 5
64 201 5
229 293 5
18 64 5
28 64 5
225 234 5
59 229 5
234 338 5
234 320 5
59 122 5
64 169 5
28 42 5
2 371 5
42 275 5
214 252 5
229 254 5
64 287 5
75 214 5
64 76 5
59 349 5
229 242 5
64 140 5
191 371 5
196 229 5
64 72 5
66 196 5
118 124 5
371 401 5
59 327 5
118 347 5
39 371 5
43 371 5
64 93 5
7 75 5
64 172 5
167 229 5
222 234 5
167 322 5
64 254 5
66 89 5
64 87 5
118 231 5
234 292 5
180 229 5
38 229 5
196 377 5
64 173 5
64 68 5
64 97 5
14 42 5
190 196 5
196 341 5
180 207 5
207 332 5
193 349 5
234 314 5
59 128 5
173 306 5
163 196 5
167 309 5
108 229 5
254 371 5
154 167 5
64 335 5
139 335 5
214 273 5
335 372 5
34 180 5
159 371 5
64 152 5
234 367 5
196 250 5
163 337 5
118 271 5
165 296 5
24 42 5
229 385 5
49 335 5
131 273 5
59 294 5
5 196 5
32 196 5
159 207 5
29 163 5
7 390 5
64 330 5
2 216 5
40 172 5
95 229 5
25 64 5
229 393 5
59 384 5
371 395 5
59 292 5
11 332 5
271 398 5
42 148 5
371 398 5
195 289 5
6 330 5
42 64 5
89 261 5
76 217 5
64 106 5
64 215 5
37 234 5
118 144 5
234 258 5
180 329 5
64 120 5
94 229 5
100 167 5
28 216 5
183 289 5
114 229 5
146 372 5
229 258 5
9 229 5
1 229 5
24 335 5
2 219 5
180 355 5
64 265 5
25 279 5
193 383 5
105 146 5
64 351 5
25 170 5
59 98 5
31 42 5
297 306 5
169 196 5
80 229 5
217 242 5
141 367 5
48 234 5
113 234 5
149 309 5
64 161 5
3 273 5
51 64 5
180 381 5
115 196 5
154 229 5
234 273 5
64 139 5
35 118 5
107 128 5
180 333 5
80 308 5
64 308 5
226 330 5
118 392 5
157 229 5
64 276 5
175 234 5
118 353 5
234 361 5
229 297 5
64 318 5
234 374 5
176 296 5
21 97 5
58 371 5
154 293 5
64 177 5
229 346 5
34 118 5
128 229 5
217 226 5
198 330 5
64 388 5
240 289 5
109 196 5
229 337 5
193 334 5
229 322 5
64 80 5
100 185 5
64 81 5
73 118 5
50 329 5
84 296 5
81 118 5
50 118 5
209 289 5
50 374 5
172 267 5
64 310 5
22 163 5
147 346 5
82 118 5
229 338 5
360 371 5
268 308 5
64 274 5
39 267 5
359 371 5
118 212 5
54 229 5
234 348 5
148 172 5
89 318 5
337 342 5
162 335 5
62 64 5
151 209 5
25 358 5
80 141 5
84 180 5
64 174 5
144 335 5
255 258 5
40 64 5
65 234 5
5 64 5
64 262 5
159 340 5
28 33 5
67 234 5
38 223 5
33 64 5
259 395 5
152 270 5
214 360 5
80 207 5
133 296 5
229 312 5
214 289 5
166 176 5
229 369 5
196 244 5
229 295 5
192 229 5
11 392 5
173 341 5
234 383 5
234 370 5
329 362 5
59 93 5
21 55 5
36 229 5
64 109 5
207 358 5
229 349 5
4 80 5
171 172 5
114 273 5
334 371 5
95 284 5
64 228 5
146 334 5
63 234 5
75 80 5
363 371 5
175 376 5
41 308 5
234 305 5
59 73 5
212 274 5
64 325 5
64 334 5
229 347 5
31 229 5
59 138 5
203 226 5
88 234 5
110 273 5
16 229 5
6 145 5
313 334 5
64 198 5
46 388 5
262 334 5
302 370 5
74 229 5
58 234 5
308 393 5
273 363 5
214 371 5
6 118 5
80 169 5
71 229 5
80 388 5
116 234 5
124 391 5
318 320 5
229 352 5
64 247 5
80 382 5
48 64 5
80 230 5
202 229 5
336 338 5
229 334 5
217 384 5
59 293 5
229 287 5
39 256 5
368 384 5
49 367 5
328 349 5
27 229 5
122 349 5
64 381 5
218 234 5
198 261 5
153 234 5
53 138 5
146 229 5
234 311 5
56 308 5
69 226 5
34 345 5
30 64 5
64 193 5
229 365 5
118 168 5
118 302 5
49 322 5
229 276 5
114 317 5
73 194 5
54 366 5
59 124 5
42 390 5
169 292 5
147 267 5
136 226 5
64 142 5
229 299 5
229 304 5
185 337 5
72 229 5
87 141 5
287 349 5
234 237 5
64 104 5
3 64 5
113 138 5
50 195 5
256 372 5
52 296 5
64 298 5
113 377 5
234 398 5
118 294 5
51 334 5
199 337 5
26 167 5
31 203 5
123 322 5
59 192 5
207 230 5
64 209 5
100 234 5
234 329 5
148 376 5
86 229 5
156 163 5
64 183 5
34 380 5
64 175 5
261 345 5
66 102 5
229 377 5
59 90 5
64 232 5
255 291 5
24 234 5
53 330 5
229 348 5
121 347 5
102 229 5
68 234 5
229 277 5
226 228 5
3 286 5
58 141 5
24 84 5
234 269 5
218 348 5
6 64 5
59 181 5
51 54 5
10 261 5
229 249 5
64 294 5
109 117 5
64 159 5
197 391 5
23 306 5
116 372 5
25 91 5
229 263 5
68 236 5
196 228 5
64 178 5
229 315 5
64 293 5
203 229 5
344 398 5
296 326 5
263 318 5
73 371 5
64 146 5
193 350 5
162 234 5
329 335 5
304 371 5
15 244 5
64 239 5
226 242 5
171 229 5
96 306 5
26 242 5
42 355 5
76 234 5
238 392 5
18 302 5
64 116 5
102 255 5
64 389 5
50 164 5
371 385 5
204 226 5
227 258 5
200 234 5
25 384 5
216 234 5
43 64 5
15 153 5
34 248 5
229 398 5
208 398 5
86 234 5
160 234 5
171 193 5
132 349 5
59 254 5
64 315 5
118 229 5
196 288 5
229 260 5
178 209 5
155 306 5
196 368 5
2 146 5
196 269 5
118 222 5
91 333 5
69 229 5
32 118 5
118 286 5
182 371 5
118 351 5
64 365 5
243 267 5
64 132 5
232 371 5
34 82 5
112 234 5
150 229 5
214 401 5
2 174 5
28 249 5
64 273 5
92 289 5
104 118 5
328 338 5
171 271 5
34 171 5
234 253 5
33 367 5
124 160 5
234 366 5
196 401 5
64 203 5
139 226 5
59 335 5
56 257 5
242 328 5
229 388 5
153 346 5
147 193 5
222 229 5
59 185 5
148 331 5
81 229 5
24 58 5
65 229 5
64 359 5
139 229 5
82 234 5
178 346 5
118 399 5
188 390 5
12 229 5
118 243 5
345 377 5
64 128 5
308 345 5
259 333 5
331 398 5
160 229 5
59 204 5
194 334 5
234 372 5
24 79 5
71 118 5
174 217 5
162 377 5
17 49 5
58 281 5
64 261 5
163 234 5
348 349 5
73 266 5
159 323 5
84 138 5
118 253 5
234 312 5
229 284 5
59 70 5
191 346 5
229 379 5
140 347 5
6 229 5
361 371 5
87 348 5
114 172 5
141 180 5
148 303 5
274 347 5
64 344 5
64 277 5
300 348 5
8 399 5
34 154 5
199 338 5
173 229 5
25 57 5
144 191 5
49 179 5
64 297 5
144 357 5
64 219 5
67 229 5
59 112 5
292 298 5
109 287 5
242 295 5
116 288 5
105 234 5
146 362 5
152 229 5
229 236 5
186 196 5
312 368 5
22 229 5
229 298 5
50 340 5
176 192 5
197 347 5
234 389 5
196 223 5
136 292 5
223 249 5
189 229 5
64 166 5
196 306 5
1 296 5
118 242 5
234 276 5
207 341 5
64 187 5
78 261 5
148 226 5
80 165 5
229 387 5
298 329 5
166 234 5
323 388 5
335 342 5
207 399 5
6 191 5
114 309 5
222 369 5
179 377 5
262 371 5
101 338 5
47 374 5
138 152 5
122 341 5
180 234 5
105 338 5
64 188 5
119 156 5
175 180 5
31 223 5
62 74 5
137 229 5
81 196 5
118 266 5
95 212 5
8 371 5
42 291 5
53 203 5
59 286 5
308 328 5
255 269 5
81 200 5
97 176 5
50 251 5
228 273 5
96 234 5
278 398 5
101 207 5
24 352 5
207 262 5
118 265 5
5 351 5
14 64 5
64 349 5
64 259 5
100 335 5
64 164 5
86 324 5
52 127 5
213 226 5
27 356 5
57 64 5
234 315 5
54 358 5
40 59 5
93 344 5
133 334 5
45 289 5
122 225 5
64 333 5
81 193 5
229 245 5
116 304 5
196 336 5
42 387 5
335 358 5
1 339 5
223 256 5
234 353 5
156 289 5
48 51 5
64 275 5
118 391 5
300 341 5
138 242 5
101 218 5
317 322 5
198 250 5
64 249 5
274 284 5
256 397 5
37 59 5
19 76 5
261 346 5
25 140 5
184 229 5
72 347 5
150 194 5
209 285 5
122 192 5
110 226 5
112 299 5
229 364 5
192 345 5
68 371 5
229 401 5
15 186 5
156 206 5
247 269 5
175 349 5
229 246 5
267 376 5
73 203 5
207 237 5
175 221 5
118 172 5
131 322 5
272 398 5
50 390 5
280 315 5
242 381 5
64 375 5
64 246 5
92 262 5
166 229 5
302 347 5
117 224 5
145 146 5
53 185 5
100 273 5
64 263 5
226 234 5
97 136 5
120 257 5
73 83 5
140 229 5
64 199 5
64 186 5
63 74 5
210 229 5
6 150 5
229 367 5
45 64 5
190 334 5
111 234 5
228 360 5
85 229 5
128 252 5
64 185 5
49 264 5
156 229 5
229 378 5
207 324 5
59 196 5
182 269 5
68 118 5
174 226 5
109 229 5
163 278 5
98 207 5
229 353 5
181 229 5
75 206 5
110 353 5
205 277 5
64 282 5
132 226 5
166 308 5
42 147 5
95 163 5
193 242 5
118 378 5
213 349 5
62 88 5
64 182 5
31 234 5
52 135 5
118 322 5
118 330 5
2 109 5
234 299 5
159 293 5
64 190 5
95 98 5
190 273 5
5 365 5
16 64 5
242 390 5
196 231 5
22 377 5
23 167 5
196 256 5
163 313 5
124 265 5
59 148 5
229 314 5
74 195 5
2 202 5
61 223 5
32 382 5
111 207 5
36 216 5
98 349 5
2 140 5
131 234 5
65 381 5
235 256 5
180 362 5
36 64 5
64 112 5
8 307 5
10 229 5
7 377 5
254 335 5
11 118 5
55 154 5
14 118 5
231 293 5
126 207 5
322 359 5
320 377 5
152 191 5
279 383 5
342 400 5
21 64 5
234 330 5
120 358 5
64 267 5
318 322 5
314 346 5
7 296 5
118 346 5
172 274 5
64 360 5
146 181 5
13 191 5
167 234 5
136 139 5
229 390 5
154 374 5
151 349 5
86 280 5
148 371 5
100 270 5
141 242 5
7 109 5
175 368 5
62 350 5
60 67 5
68 206 5
26 159 5
64 269 5
63 163 5
64 321 5
95 287 5
109 157 5
217 398 5
14 229 5
74 398 5
14 122 5
64 70 5
120 229 5
229 373 5
50 311 5
167 364 5
175 277 5
49 59 5
64 380 5
42 105 5
152 196 5
68 182 5
295 335 5
207 243 5
258 345 5
40 151 5
140 213 5
177 229 5
98 347 5
64 155 5
154 249 5
16 234 5
189 207 5
64 379 5
33 34 5
196 227 5
120 270 5
83 334 5
74 261 5
228 269 5
229 363 5
84 234 5
187 229 5
64 355 5
86 340 5
224 294 5
388 398 5
188 302 5
149 196 5
14 293 5
229 311 5
48 109 5
117 349 5
229 370 5
80 145 5
265 267 5
64 283 5
118 306 5
193 229 5
307 346 5
118 194 5
18 229 5
1 80 5
98 172 5
59 248 5
73 122 5
229 342 5
67 270 5
74 344 5
107 335 5
15 64 5
58 79 5
132 229 5
229 271 5
124 229 5
81 190 5
229 371 5
7 347 5
175 374 5
199 326 5
133 308 5
307 368 5
98 164 5
145 153 5
49 291 5
124 401 5
229 239 5
275 279 5
229 255 5
262 344 5
51 229 5
229 243 5
64 168 5
111 229 5
59 255 5
229 290 5
54 124 5
209 284 5
29 322 5
78 335 5
118 158 5
229 343 5
64 343 5
229 368 5
105 222 5
229 305 5
284 314 5
87 270 5
234 363 5
104 212 5
47 341 5
105 229 5
122 324 5
64 279 5
73 331 5
64 399 5
229 396 5
155 168 5
54 262 5
339 371 5
234 360 5
25 41 5
133 322 5
42 164 5
161 234 5
234 326 5
58 262 5
84 114 5
118 387 5
41 229 5
42 364 5
118 240 5
306 339 5
169 246 5
244 289 5
229 256 5
296 344 5
234 262 5
11 64 5
234 247 5
252 276 5
175 298 5
134 182 5
59 191 5
18 38 5
246 398 5
64 163 5
345 384 5
185 371 5
164 267 5
50 334 5
296 298 5
64 244 5
154 375 5
64 353 5
177 196 5
191 375 5
327 401 5
234 377 5
149 229 5
107 169 5
109 204 5
229 340 5
196 379 5
124 234 5
306 345 5
229 355 5
116 126 5
286 349 5
59 165 5
73 167 5
196 296 5
256 335 5
60 352 5
229 286 5
72 256 5
142 229 5
218 258 5
65 149 5
226 365 5
76 238 5
27 322 5
140 335 5
167 173 5
229 351 5
289 325 5
72 346 5
149 264 5
229 270 5
64 300 5
118 225 5
70 116 5
10 299 5
148 176 5
229 273 5
79 274 5
229 301 5
114 388 5
170 398 5
207 222 5
52 172 5
178 336 5
122 155 5
354 377 5
51 285 5
84 397 5
2 288 5
172 234 5
21 234 5
18 222 5
59 146 5
64 314 5
118 251 5
67 133 5
23 34 5
59 271 5
78 298 5
45 112 5
78 229 5
118 287 5
133 394 5
64 117 5
70 141 5
178 281 5
68 259 5
196 207 5
239 284 5
64 103 5
195 327 5
52 160 5
319 390 5
229 328 5
57 262 5
106 240 5
162 251 5
103 226 5
76 269 5
229 294 5
351 360 5
38 339 5
114 174 5
59 352 5
314 387 5
39 159 5
298 376 5
201 324 5
249 398 5
143 279 5
277 377 5
371 372 5
19 229 5
58 143 5
64 304 5
25 207 5
12 397 5
58 118 5
198 308 5
335 390 5
348 370 5
18 42 5
229 261 5
182 284 5
312 346 5
52 85 5
229 336 5
246 336 5
169 306 5
74 102 5
257 304 5
276 306 5
114 226 5
31 217 5
34 340 5
162 196 5
377 390 5
242 389 5
118 380 5
168 229 5
157 302 5
151 249 5
229 251 5
234 364 5
196 320 5
126 234 5
234 301 5
76 381 5
64 331 5
234 261 5
77 174 5
8 164 5
64 148 5
237 351 5
52 229 5
64 234 5
64 122 5
284 369 5
59 96 5
118 267 5
128 227 5
64 311 5
20 51 5
82 388 5
60 391 5
129 382 5
116 272 5
159 234 5
64 383 5
164 327 5
59 333 5
222 387 5
78 123 5
173 234 5
100 220 5
229 309 5
68 400 5
229 282 5
64 285 5
11 367 5
282 333 5
229 361 5
6 287 5
108 243 5
246 384 5
49 132 5
204 261 5
113 256 5
8 42 5
148 279 5
110 276 5
229 324 5
64 327 5
150 256 5
4 64 5
3 349 5
288 371 5
64 272 5
142 366 5
144 204 5
335 363 5
118 288 5
312 348 5
8 64 5
50 64 5
47 118 5
80 183 5
322 325 5
132 302 5
234 346 5
196 252 5
207 235 5
50 82 5
48 168 5
31 337 5
106 296 5
53 118 5
324 387 5
64 66 5
58 67 5
187 291 5
49 263 5
70 385 5
217 276 5
59 252 5
38 226 5
237 399 5
68 391 5
267 280 5
284 294 5
60 398 5
318 394 5
186 383 5
42 284 5
34 249 5
5 137 5
64 227 5
295 377 5
207 287 5
83 364 5
64 151 5
196 204 5
120 207 5
304 322 5
59 340 5
64 332 5
196 345 5
64 250 5
214 277 5
10 64 5
62 234 5
264 335 5
64 136 5
37 146 5
64 373 5
118 244 5
59 237 5
207 264 5
55 146 5
40 272 5
219 229 5
226 389 5
234 382 5
311 374 5
59 157 5
83 234 5
59 221 5
118 342 5
196 217 5
49 368 5
153 156 5
64 180 5
59 151 5
59 66 5
108 204 5
48 298 5
257 296 5
64 88 5
41 175 5
118 372 5
131 387 5
112 193 5
64 145 5
353 376 5
215 347 5
57 174 5
234 351 5
39 205 5
148 334 5
64 84 5
113 267 5
31 209 5
338 381 5
116 182 5
350 398 5
67 289 5
64 264 5
23 296 5
114 327 5
80 248 5
23 73 5
82 196 5
215 336 5
188 272 5
59 175 5
139 347 5
81 395 5
61 173 5
113 179 5
64 281 5
222 305 5
342 346 5
174 306 5
114 190 5
26 59 5
12 64 5
64 96 5
153 334 5
98 150 5
46 322 5
118 367 5
74 264 5
52 142 5
81 234 5
272 346 5
34 52 5
234 280 5
32 59 5
173 276 5
64 356 5
6 283 5
125 371 5
54 387 5
154 239 5
60 94 5
242 392 5
166 335 5
187 267 5
196 315 5
338 395 5
158 349 5
168 234 5
217 244 5
148 287 5
148 370 5
116 367 5
144 187 5
55 96 5
126 371 5
73 363 5
237 393 5
64 367 5
302 371 5
70 188 5
318 335 5
297 371 5
75 229 5
154 232 5
55 339 5
163 393 5
52 161 5
89 196 5
148 149 5
325 345 5
64 171 5
43 63 5
24 229 5
64 299 5
315 349 5
118 270 5
107 229 5
229 240 5
73 130 5
61 209 5
62 111 5
95 118 5
151 163 5
64 144 5
86 139 5
229 291 5
41 172 5
86 118 5
83 281 5
59 135 5
188 284 5
169 249 5
241 334 5
155 226 5
64 143 5
6 373 5
148 391 5
234 283 5
234 380 5
217 262 5
66 163 5
75 196 5
52 174 5
229 233 5
154 265 5
3 229 5
64 179 5
55 229 5
87 341 5
229 319 5
53 373 5
164 229 5
129 138 5
226 282 5
229 391 5
186 229 5
102 114 5
192 234 5
108 296 5
131 368 5
150 318 5
207 328 5
59 276 5
118 236 5
191 328 5
64 348 5
118 224 5
59 113 5
20 368 5
69 78 5
64 286 5
207 320 5
234 334 5
93 229 5
146 217 5
116 185 5
310 346 5
229 265 5
10 377 5
73 92 5
64 77 5
110 248 5
4 234 5
64 374 5
116 229 5
42 87 5
7 363 5
53 59 5
187 369 5
64 114 5
370 379 5
52 400 5
64 289 5
44 296 5
346 392 5
63 229 5
87 156 5
107 222 5
234 321 5
6 149 5
204 229 5
36 83 5
114 214 5
274 293 5
58 136 5
148 198 5
77 234 5
193 207 5
132 240 5
230 391 5
197 229 5
344 371 5
198 334 5
143 237 5
23 189 5
333 371 5
64 253 5
118 352 5
234 281 5
53 130 5
102 320 5
78 300 5
218 229 5
64 105 5
90 234 5
11 42 5
10 120 5
248 349 5
323 337 5
122 129 5
116 249 5
140 273 5
2 68 5
55 114 5
64 141 5
64 92 5
80 334 5
218 296 5
59 257 5
141 234 5
139 159 5
333 393 5
126 156 5
80 268 5
59 89 5
37 229 5
311 372 5
193 216 5
42 128 5
234 287 5
188 298 5
205 229 5
4 78 5
211 234 5
64 223 5
119 312 5
56 296 5
213 244 5
168 292 5
64 204 5
116 333 5
267 370 5
149 154 5
118 133 5
31 146 5
13 156 5
103 371 5
118 234 5
40 209 5
256 333 5
2 29 5
161 207 5
255 335 5
118 198 5
26 294 5
38 234 5
265 367 5
84 375 5
151 229 5
150 196 5
83 346 5
42 278 5
59 86 5
167 201 5
64 157 5
191 355 5
64 225 5
113 229 5
107 125 5
292 384 5
264 367 5
95 272 5
205 366 5
217 228 5
64 377 5
80 275 5
121 178 5
150 399 5
59 216 5
40 389 5
219 368 5
142 342 5
7 42 5
75 377 5
64 217 5
65 353 5
48 229 5
204 333 5
100 229 5
118 192 5
313 339 5
52 302 5
207 327 5
179 295 5
18 226 5
125 234 5
5 229 5
92 229 5
234 278 5
26 64 5
64 258 5
53 132 5
173 297 5
35 64 5
42 311 5
146 234 5
42 142 5
174 380 5
64 100 5
28 175 5
64 241 5
233 234 5
59 366 5
357 370 5
64 257 5
35 302 5
104 156 5
265 399 5
262 267 5
105 252 5
223 359 5
267 306 5
80 317 5
315 371 5
16 270 5
29 289 5
67 86 5
140 398 5
234 239 5
234 394 5
119 168 5
260 398 5
143 378 5
74 234 5
154 207 5
72 116 5
90 284 5
50 369 5
42 184 5
2 229 5
118 285 5
223 234 5
208 239 5
86 298 5
173 221 5
25 392 5
44 289 5
215 342 5
245 371 5
161 274 5
12 335 5
64 191 5
42 78 5
72 358 5
41 59 5
64 111 5
116 144 5
123 256 5
15 124 5
322 375 5
200 229 5
100 298 5
178 398 5
105 324 5
118 175 5
234 302 5
337 347 5
22 121 5
