295 378 5
53 295 5
162 378 5
137 295 5
219 295 5
189 378 5
137 301 5
137 214 5
282 378 5
279 378 5
103 162 5
26 53 5
26 251 5
103 378 5
24 378 5
62 162 5
81 378 5
172 251 5
234 378 5
279 282 5
162 363 5
58 234 5
103 203 5
137 260 5
26 328 5
111 295 5
162 170 5
162 344 5
162 187 5
155 378 5
212 282 5
182 234 5
137 215 5
155 167 5
59 155 5
137 337 5
82 279 5
251 380 5
82 203 5
246 251 5
234 307 5
235 295 5
162 215 5
162 307 5
143 162 5
212 276 5
295 308 5
17 378 5
65 103 5
185 378 5
235 340 5
56 378 5
172 378 5
24 128 5
235 312 5
224 246 5
167 378 5
162 338 5
189 245 5
185 195 5
273 337 5
279 308 5
101 378 5
103 354 5
103 139 5
308 328 5
214 380 5
167 272 5
256 279 5
16 378 5
291 378 5
215 277 5
50 103 5
155 222 5
144 246 5
103 123 5
82 123 5
26 31 5
259 378 5
333 378 5
233 378 5
269 290 5
260 364 5
247 295 5
62 357 5
130 162 5
103 201 5
95 308 5
18 162 5
203 276 5
116 219 5
66 162 5
167 191 5
322 363 5
234 364 5
158 246 5
26 346 5
91 295 5
147 378 5
131 137 5
103 105 5
109 295 5
235 237 5
103 231 5
137 321 5
82 271 5
103 159 5
363 378 5
47 224 5
270 279 5
276 362 5
229 378 5
113 212 5
24 272 5
184 277 5
45 247 5
180 214 5
295 372 5
162 196 5
354 388 5
75 215 5
162 284 5
308 358 5
103 357 5
282 313 5
177 214 5
58 363 5
40 162 5
84 155 5
15 235 5
144 359 5
74 201 5
155 348 5
53 308 5
118 378 5
202 378 5
62 378 5
84 124 5
103 108 5
258 378 5
151 378 5
116 217 5
29 217 5
137 369 5
24 288 5
142 378 5
104 338 5
80 162 5
130 261 5
81 363 5
316 378 5
59 103 5
213 378 5
33 378 5
66 378 5
6 26 5
145 282 5
182 378 5
253 282 5
72 162 5
162 182 5
122 235 5
103 346 5
277 373 5
128 306 5
256 378 5
124 167 5
82 139 5
339 378 5
38 276 5
235 378 5
322 364 5
152 378 5
137 276 5
82 89 5
314 378 5
81 137 5
359 383 5
162 173 5
145 362 5
279 320 5
277 324 5
168 235 5
7 260 5
105 275 5
100 162 5
47 217 5
103 345 5
47 103 5
34 137 5
130 378 5
162 305 5
85 320 5
347 378 5
162 377 5
181 378 5
47 332 5
137 241 5
158 277 5
92 144 5
103 401 5
162 319 5
29 308 5
137 383 5
62 170 5
227 378 5
309 364 5
26 225 5
36 137 5
265 344 5
103 242 5
10 38 5
137 299 5
8 295 5
103 153 5
149 358 5
155 388 5
371 378 5
54 313 5
103 324 5
45 103 5
103 247 5
45 277 5
364 378 5
194 308 5
89 162 5
26 393 5
196 352 5
154 282 5
162 312 5
210 383 5
45 176 5
36 307 5
324 380 5
88 162 5
98 378 5
103 264 5
25 380 5
295 342 5
26 82 5
7 138 5
276 356 5
224 330 5
9 162 5
24 306 5
42 143 5
3 308 5
242 302 5
8 298 5
275 378 5
137 314 5
130 243 5
6 378 5
215 232 5
321 378 5
372 376 5
137 229 5
272 340 5
31 217 5
103 397 5
108 378 5
27 137 5
383 385 5
58 378 5
280 378 5
137 339 5
205 378 5
137 188 5
123 247 5
18 105 5
60 357 5
105 163 5
109 115 5
307 343 5
159 282 5
162 388 5
270 319 5
167 184 5
35 354 5
215 366 5
73 137 5
234 360 5
277 320 5
103 168 5
137 218 5
55 201 5
324 378 5
103 294 5
171 378 5
49 246 5
103 197 5
162 198 5
183 378 5
87 378 5
48 260 5
3 144 5
196 290 5
123 261 5
62 205 5
35 378 5
153 235 5
56 371 5
203 357 5
230 378 5
81 339 5
282 371 5
155 361 5
48 62 5
145 372 5
66 105 5
45 262 5
137 262 5
215 240 5
83 109 5
244 378 5
281 378 5
375 378 5
112 295 5
103 126 5
151 234 5
144 297 5
327 378 5
103 297 5
135 153 5
276 361 5
101 364 5
133 380 5
75 256 5
162 168 5
112 215 5
277 378 5
162 167 5
40 229 5
105 332 5
295 304 5
3 77 5
73 144 5
96 320 5
18 249 5
96 354 5
7 378 5
98 109 5
259 380 5
137 345 5
118 137 5
231 242 5
88 226 5
103 305 5
77 387 5
295 383 5
228 378 5
137 263 5
287 380 5
229 281 5
81 311 5
120 378 5
223 378 5
48 157 5
364 375 5
155 170 5
241 277 5
45 172 5
96 163 5
25 103 5
162 273 5
137 281 5
45 161 5
278 282 5
75 385 5
332 378 5
195 289 5
14 308 5
82 206 5
43 162 5
107 118 5
70 360 5
26 49 5
271 308 5
62 175 5
19 378 5
38 166 5
378 389 5
126 246 5
321 364 5
235 335 5
62 328 5
84 378 5
277 371 5
246 293 5
175 308 5
24 223 5
9 378 5
4 101 5
37 279 5
227 362 5
96 162 5
53 378 5
86 251 5
43 252 5
118 382 5
378 380 5
162 207 5
185 369 5
117 316 5
159 395 5
26 362 5
235 293 5
378 392 5
233 367 5
156 277 5
76 378 5
101 277 5
87 162 5
62 368 5
235 288 5
44 103 5
109 378 5
116 279 5
162 368 5
290 331 5
139 157 5
114 364 5
6 277 5
236 378 5
56 345 5
103 172 5
201 347 5
144 251 5
215 223 5
89 378 5
169 378 5
166 378 5
106 378 5
4 251 5
127 137 5
162 229 5
162 289 5
85 103 5
298 362 5
61 234 5
302 334 5
61 378 5
214 378 5
77 383 5
36 82 5
140 378 5
47 83 5
213 389 5
240 335 5
42 246 5
9 142 5
140 380 5
36 378 5
107 162 5
89 164 5
15 389 5
234 295 5
184 386 5
356 378 5
191 324 5
21 320 5
26 400 5
22 215 5
235 251 5
18 172 5
95 103 5
101 233 5
217 220 5
100 184 5
282 291 5
35 156 5
131 323 5
162 231 5
229 242 5
188 317 5
356 394 5
63 162 5
52 378 5
24 367 5
162 240 5
155 298 5
52 162 5
29 378 5
167 353 5
7 102 5
103 396 5
77 82 5
81 223 5
318 378 5
150 223 5
301 320 5
36 98 5
175 276 5
18 315 5
62 68 5
124 378 5
122 145 5
90 201 5
9 63 5
226 365 5
43 77 5
20 279 5
162 282 5
310 380 5
24 279 5
256 354 5
111 234 5
101 375 5
101 195 5
82 378 5
195 378 5
42 279 5
57 362 5
123 364 5
275 298 5
137 296 5
162 233 5
325 333 5
31 92 5
6 103 5
308 351 5
162 201 5
36 75 5
137 352 5
223 311 5
168 172 5
162 251 5
291 308 5
40 279 5
72 378 5
106 268 5
37 308 5
66 155 5
295 353 5
163 338 5
23 320 5
162 184 5
162 189 5
216 305 5
155 385 5
62 93 5
234 387 5
70 103 5
236 363 5
45 218 5
279 395 5
109 215 5
129 295 5
162 245 5
162 389 5
210 308 5
246 376 5
40 76 5
101 394 5
175 318 5
174 247 5
175 255 5
111 263 5
99 380 5
44 240 5
128 295 5
37 62 5
86 229 5
38 102 5
320 363 5
26 77 5
14 36 5
137 351 5
162 347 5
39 62 5
235 363 5
28 395 5
189 215 5
3 162 5
346 371 5
128 233 5
49 276 5
162 376 5
6 23 5
246 279 5
162 163 5
146 385 5
75 162 5
38 271 5
365 378 5
47 137 5
376 380 5
96 312 5
11 277 5
146 285 5
165 282 5
45 368 5
32 378 5
63 212 5
357 396 5
216 289 5
70 196 5
77 103 5
193 378 5
38 182 5
95 119 5
11 282 5
251 328 5
75 240 5
133 216 5
140 292 5
207 224 5
167 168 5
26 245 5
131 295 5
40 320 5
238 246 5
144 320 5
128 319 5
215 400 5
162 340 5
11 58 5
237 341 5
62 187 5
306 378 5
49 385 5
101 249 5
184 201 5
15 378 5
223 266 5
103 262 5
7 204 5
8 26 5
162 290 5
10 26 5
70 140 5
333 383 5
118 206 5
103 323 5
246 335 5
188 279 5
218 378 5
137 341 5
215 235 5
56 310 5
137 280 5
162 211 5
153 350 5
191 359 5
228 380 5
45 367 5
151 155 5
162 174 5
85 234 5
162 385 5
123 170 5
384 394 5
162 357 5
162 183 5
71 383 5
277 352 5
143 252 5
325 329 5
290 299 5
188 216 5
43 246 5
299 378 5
240 298 5
51 137 5
62 144 5
162 372 5
190 233 5
28 62 5
182 232 5
356 377 5
176 378 5
187 200 5
24 30 5
339 377 5
56 162 5
141 352 5
23 162 5
319 392 5
175 192 5
138 162 5
287 364 5
57 144 5
156 214 5
73 196 5
124 277 5
15 300 5
162 278 5
96 378 5
25 378 5
103 169 5
105 281 5
37 378 5
48 390 5
43 241 5
30 378 5
32 215 5
191 235 5
234 352 5
34 62 5
276 347 5
191 271 5
171 189 5
54 378 5
103 249 5
34 162 5
165 223 5
234 287 5
122 378 5
175 378 5
162 258 5
253 327 5
340 378 5
137 279 5
51 380 5
291 295 5
45 208 5
62 246 5
166 175 5
82 189 5
9 385 5
75 276 5
324 351 5
89 343 5
364 393 5
50 182 5
36 303 5
122 339 5
246 340 5
127 133 5
153 370 5
232 378 5
123 137 5
137 252 5
42 117 5
144 162 5
36 175 5
144 338 5
107 246 5
83 378 5
148 383 5
273 357 5
294 364 5
4 103 5
83 230 5
21 289 5
282 349 5
141 235 5
27 155 5
9 175 5
128 133 5
289 295 5
52 308 5
139 222 5
21 280 5
46 378 5
103 343 5
26 342 5
103 119 5
279 280 5
90 346 5
191 342 5
322 389 5
103 181 5
14 162 5
239 383 5
85 288 5
94 103 5
378 400 5
123 168 5
26 166 5
357 358 5
163 236 5
45 378 5
15 40 5
162 334 5
204 277 5
162 262 5
8 109 5
310 378 5
102 378 5
18 195 5
6 282 5
49 264 5
57 277 5
94 168 5
295 326 5
355 378 5
81 214 5
219 288 5
234 329 5
317 325 5
95 137 5
229 306 5
29 394 5
92 378 5
122 223 5
47 212 5
41 355 5
155 168 5
36 346 5
86 109 5
150 383 5
8 212 5
115 144 5
44 162 5
92 300 5
69 277 5
297 378 5
300 378 5
2 103 5
24 296 5
235 262 5
48 277 5
162 341 5
40 195 5
137 373 5
18 167 5
162 216 5
162 255 5
73 162 5
63 378 5
27 380 5
311 387 5
67 166 5
136 251 5
94 169 5
117 378 5
289 399 5
57 155 5
162 354 5
35 288 5
313 378 5
326 378 5
378 396 5
178 282 5
225 247 5
250 313 5
101 336 5
135 223 5
162 234 5
162 191 5
246 283 5
198 214 5
84 162 5
26 148 5
162 166 5
287 367 5
62 147 5
27 123 5
122 252 5
29 76 5
13 103 5
256 298 5
25 344 5
39 299 5
2 335 5
158 378 5
231 375 5
66 333 5
162 306 5
38 156 5
126 235 5
37 174 5
162 365 5
73 132 5
95 239 5
273 390 5
180 306 5
235 271 5
5 252 5
28 162 5
145 378 5
220 378 5
144 178 5
33 36 5
315 371 5
147 162 5
325 328 5
54 201 5
144 378 5
155 243 5
235 291 5
237 378 5
262 378 5
109 117 5
2 234 5
335 364 5
82 373 5
11 329 5
142 229 5
103 359 5
40 303 5
93 162 5
249 374 5
305 342 5
30 298 5
215 267 5
264 363 5
213 235 5
191 378 5
277 351 5
81 89 5
124 309 5
229 277 5
11 246 5
231 378 5
137 265 5
19 215 5
71 374 5
110 162 5
103 366 5
373 378 5
162 373 5
276 401 5
49 378 5
27 354 5
103 146 5
2 246 5
261 306 5
123 162 5
131 195 5
68 378 5
375 393 5
276 353 5
16 76 5
144 223 5
41 82 5
162 268 5
57 378 5
41 265 5
162 224 5
139 392 5
17 279 5
162 192 5
162 294 5
6 223 5
137 221 5
235 319 5
80 251 5
162 214 5
211 376 5
18 378 5
57 122 5
120 375 5
109 187 5
184 368 5
145 222 5
78 373 5
377 378 5
157 279 5
177 378 5
103 382 5
152 280 5
81 323 5
103 326 5
154 263 5
162 387 5
220 291 5
1 371 5
168 295 5
113 201 5
281 401 5
81 134 5
85 292 5
161 251 5
168 264 5
29 128 5
86 282 5
6 280 5
29 94 5
21 331 5
59 279 5
144 377 5
262 352 5
207 378 5
259 277 5
82 214 5
101 162 5
247 339 5
11 384 5
5 277 5
162 360 5
118 316 5
234 276 5
277 366 5
38 172 5
137 228 5
77 378 5
24 246 5
7 162 5
354 378 5
155 295 5
20 162 5
60 103 5
173 229 5
368 378 5
53 226 5
103 356 5
40 46 5
122 349 5
161 162 5
66 177 5
235 358 5
43 277 5
315 340 5
149 378 5
58 165 5
223 233 5
59 137 5
26 185 5
244 339 5
139 396 5
100 264 5
113 162 5
118 159 5
56 295 5
234 268 5
2 378 5
75 289 5
222 277 5
86 378 5
201 205 5
325 385 5
65 380 5
54 354 5
232 256 5
378 390 5
208 378 5
290 311 5
211 246 5
234 279 5
136 390 5
45 115 5
58 320 5
57 351 5
320 383 5
218 234 5
197 290 5
303 378 5
13 162 5
222 240 5
206 214 5
327 335 5
2 293 5
119 195 5
18 137 5
25 96 5
230 295 5
55 119 5
20 378 5
227 364 5
229 230 5
27 378 5
26 313 5
60 277 5
256 266 5
59 162 5
137 191 5
307 385 5
57 275 5
215 297 5
166 354 5
67 167 5
162 209 5
81 162 5
212 263 5
102 137 5
10 346 5
251 378 5
45 264 5
175 238 5
137 378 5
106 215 5
137 399 5
41 275 5
197 378 5
49 168 5
144 334 5
29 385 5
267 380 5
122 139 5
192 289 5
215 386 5
81 295 5
59 62 5
378 381 5
242 334 5
267 317 5
44 393 5
223 235 5
247 256 5
40 231 5
38 45 5
79 277 5
261 388 5
147 189 5
173 378 5
7 328 5
81 386 5
141 184 5
242 378 5
345 385 5
50 95 5
25 321 5
144 381 5
247 378 5
285 378 5
243 363 5
56 229 5
251 385 5
119 335 5
86 236 5
146 378 5
245 378 5
103 178 5
168 322 5
96 348 5
231 256 5
163 192 5
10 49 5
187 353 5
308 356 5
73 189 5
26 149 5
235 307 5
23 103 5
82 251 5
374 378 5
287 378 5
162 375 5
38 378 5
7 122 5
29 347 5
103 311 5
155 360 5
163 363 5
103 193 5
105 137 5
162 164 5
155 350 5
311 397 5
145 381 5
29 84 5
51 322 5
135 182 5
250 378 5
19 103 5
25 162 5
66 137 5
60 305 5
22 103 5
56 388 5
335 396 5
7 282 5
11 258 5
6 375 5
5 279 5
103 274 5
235 343 5
101 269 5
79 378 5
82 305 5
133 279 5
39 378 5
239 385 5
180 229 5
162 313 5
274 364 5
134 235 5
76 242 5
45 358 5
109 282 5
25 167 5
322 386 5
174 313 5
26 41 5
6 358 5
214 278 5
75 243 5
207 258 5
242 335 5
245 311 5
268 308 5
14 122 5
20 277 5
306 342 5
62 244 5
272 308 5
132 378 5
62 313 5
280 308 5
137 193 5
184 265 5
156 378 5
162 370 5
134 212 5
59 234 5
176 343 5
40 329 5
24 103 5
145 296 5
184 208 5
41 366 5
73 138 5
118 355 5
71 249 5
277 387 5
26 239 5
78 378 5
7 268 5
172 345 5
348 378 5
253 261 5
162 270 5
76 155 5
101 280 5
6 153 5
29 387 5
190 297 5
78 362 5
26 161 5
162 165 5
192 215 5
165 205 5
286 363 5
1 162 5
234 343 5
153 155 5
291 320 5
308 354 5
22 378 5
112 378 5
167 388 5
49 216 5
203 375 5
123 165 5
234 346 5
111 277 5
228 277 5
162 315 5
92 167 5
162 330 5
1 123 5
228 264 5
49 390 5
80 159 5
235 349 5
46 355 5
301 378 5
73 307 5
232 311 5
53 194 5
46 289 5
1 378 5
167 259 5
230 305 5
75 165 5
304 343 5
40 378 5
222 262 5
203 378 5
83 202 5
107 115 5
217 279 5
87 215 5
162 314 5
234 282 5
28 234 5
19 69 5
118 295 5
82 174 5
266 276 5
108 162 5
103 373 5
25 279 5
26 174 5
70 335 5
279 357 5
162 236 5
103 238 5
8 378 5
35 230 5
64 137 5
103 148 5
223 389 5
132 144 5
36 360 5
216 378 5
131 190 5
171 246 5
126 378 5
105 149 5
170 306 5
217 348 5
110 374 5
137 175 5
66 282 5
4 243 5
21 92 5
73 135 5
3 378 5
162 276 5
231 247 5
143 309 5
33 162 5
187 328 5
300 350 5
277 368 5
75 127 5
49 350 5
14 62 5
88 247 5
214 294 5
150 378 5
161 224 5
88 248 5
325 394 5
46 103 5
376 398 5
312 378 5
99 353 5
234 331 5
97 378 5
41 84 5
103 400 5
89 213 5
137 385 5
304 378 5
223 340 5
42 378 5
168 367 5
43 385 5
161 293 5
87 312 5
137 161 5
106 222 5
253 378 5
271 302 5
84 379 5
103 278 5
161 185 5
45 386 5
81 178 5
55 277 5
212 215 5
51 162 5
163 243 5
59 204 5
63 242 5
137 380 5
162 238 5
4 336 5
314 343 5
127 295 5
45 129 5
205 280 5
214 305 5
125 180 5
10 123 5
162 303 5
108 135 5
13 165 5
67 215 5
42 65 5
94 282 5
265 373 5
101 136 5
162 320 5
110 378 5
136 162 5
265 339 5
103 320 5
331 385 5
98 377 5
43 127 5
74 137 5
179 223 5
233 277 5
354 400 5
19 388 5
106 311 5
34 282 5
235 373 5
337 378 5
197 358 5
79 84 5
288 378 5
246 308 5
26 223 5
137 235 5
70 162 5
320 366 5
137 353 5
211 256 5
349 378 5
41 196 5
44 134 5
103 149 5
121 350 5
159 378 5
54 103 5
162 288 5
52 196 5
96 342 5
354 374 5
295 377 5
101 358 5
87 165 5
62 185 5
82 221 5
286 378 5
212 295 5
23 235 5
100 135 5
182 387 5
162 212 5
181 383 5
113 364 5
67 133 5
26 103 5
250 347 5
184 225 5
99 189 5
41 212 5
146 162 5
137 313 5
72 270 5
234 297 5
242 295 5
36 112 5
197 277 5
123 175 5
81 309 5
38 134 5
107 123 5
9 197 5
87 136 5
34 104 5
42 137 5
178 378 5
92 162 5
304 340 5
306 364 5
231 246 5
93 146 5
276 390 5
198 340 5
120 161 5
124 144 5
121 378 5
37 48 5
270 378 5
39 103 5
109 201 5
370 378 5
296 378 5
221 378 5
56 132 5
214 295 5
111 246 5
137 158 5
295 302 5
251 302 5
146 282 5
234 320 5
162 197 5
321 385 5
15 123 5
227 361 5
276 378 5
103 147 5
153 182 5
63 178 5
31 184 5
67 114 5
252 378 5
165 196 5
103 191 5
133 350 5
21 349 5
49 258 5
118 279 5
122 162 5
5 38 5
277 359 5
41 277 5
133 146 5
114 276 5
179 357 5
1 62 5
56 181 5
162 332 5
13 74 5
216 282 5
335 336 5
303 369 5
304 376 5
137 208 5
2 189 5
215 243 5
288 375 5
37 234 5
215 329 5
184 272 5
143 378 5
34 77 5
224 363 5
223 236 5
102 282 5
162 393 5
322 358 5
230 277 5
44 347 5
241 360 5
57 81 5
205 212 5
103 120 5
172 363 5
171 320 5
75 161 5
162 248 5
103 127 5
189 396 5
162 300 5
5 235 5
100 339 5
58 103 5
110 218 5
304 387 5
21 249 5
235 309 5
126 380 5
137 297 5
241 260 5
222 310 5
162 178 5
26 162 5
62 140 5
103 395 5
8 236 5
11 295 5
155 272 5
86 344 5
219 378 5
16 385 5
39 73 5
172 213 5
66 204 5
328 359 5
155 160 5
162 223 5
77 155 5
261 378 5
26 72 5
37 176 5
47 303 5
5 378 5
175 359 5
154 162 5
273 378 5
147 391 5
162 226 5
242 377 5
218 381 5
243 380 5
246 313 5
36 229 5
87 181 5
47 346 5
206 272 5
198 378 5
205 320 5
19 276 5
203 294 5
83 127 5
62 379 5
184 186 5
36 104 5
188 378 5
82 136 5
265 383 5
137 212 5
347 369 5
262 301 5
266 378 5
34 378 5
16 300 5
62 376 5
132 162 5
79 165 5
128 146 5
367 385 5
165 325 5
38 391 5
132 271 5
108 295 5
7 372 5
62 176 5
13 251 5
103 303 5
188 367 5
153 299 5
162 323 5
378 379 5
108 256 5
178 324 5
82 296 5
96 285 5
