14 122 1
61 90 1
109 122 1
14 70 1
90 231 1
122 126 1
90 238 1
36 122 1
30 90 1
122 131 1
90 160 1
122 251 1
70 93 1
122 214 1
43 251 1
103 251 1
70 273 1
90 242 1
43 49 1
90 258 1
14 84 1
122 198 1
39 93 1
122 232 1
31 61 1
14 98 1
51 242 1
57 98 1
122 170 1
122 197 1
31 101 1
217 273 1
30 89 1
18 43 1
120 214 1
61 129 1
107 242 1
157 214 1
173 273 1
61 65 1
122 272 1
154 214 1
3 122 1
35 170 1
18 30 1
44 98 1
98 127 1
105 251 1
242 269 1
107 266 1
151 198 1
30 38 1
208 273 1
122 253 1
93 136 1
124 258 1
29 43 1
122 173 1
99 105 1
84 205 1
22 90 1
162 273 1
91 170 1
45 98 1
29 177 1
151 164 1
27 198 1
41 131 1
70 271 1
83 122 1
120 122 1
43 238 1
173 245 1
38 206 1
14 79 1
14 109 1
122 169 1
34 198 1
258 265 1
29 39 1
29 110 1
45 74 1
76 258 1
122 266 1
39 89 1
122 138 1
55 169 1
116 214 1
74 76 1
153 273 1
14 56 1
22 235 1
43 51 1
35 273 1
43 232 1
30 162 1
68 232 1
46 120 1
81 105 1
44 88 1
122 177 1
14 51 1
147 198 1
14 169 1
87 122 1
63 251 1
37 235 1
15 35 1
263 273 1
188 251 1
169 218 1
30 96 1
43 132 1
30 182 1
214 273 1
153 214 1
119 122 1
64 197 1
12 43 1
44 270 1
96 158 1
154 157 1
122 190 1
9 122 1
120 151 1
208 214 1
250 272 1
74 171 1
12 166 1
102 242 1
185 232 1
94 258 1
14 157 1
15 76 1
98 148 1
122 216 1
189 217 1
165 214 1
12 176 1
14 54 1
105 176 1
225 273 1
170 253 1
29 224 1
207 273 1
76 267 1
29 251 1
79 122 1
24 122 1
122 172 1
29 213 1
98 122 1
61 240 1
126 251 1
122 167 1
122 178 1
70 76 1
188 249 1
122 222 1
29 252 1
61 227 1
90 109 1
176 258 1
15 67 1
240 250 1
31 138 1
58 258 1
39 180 1
131 180 1
169 202 1
28 98 1
131 140 1
39 122 1
169 251 1
21 213 1
30 191 1
29 199 1
115 164 1
11 46 1
14 208 1
251 254 1
164 266 1
25 61 1
111 251 1
35 68 1
154 198 1
76 264 1
61 203 1
48 122 1
14 269 1
122 134 1
43 87 1
76 111 1
122 271 1
122 273 1
32 235 1
153 171 1
30 264 1
14 15 1
90 169 1
38 41 1
165 251 1
185 269 1
106 122 1
59 242 1
122 227 1
39 191 1
90 245 1
43 80 1
100 134 1
36 199 1
88 185 1
109 158 1
234 251 1
140 169 1
63 273 1
43 118 1
122 194 1
114 251 1
59 251 1
29 141 1
44 240 1
61 105 1
231 251 1
27 83 1
39 244 1
10 39 1
15 122 1
122 224 1
224 273 1
43 156 1
227 242 1
24 63 1
122 154 1
120 177 1
31 43 1
232 274 1
69 176 1
93 133 1
14 144 1
122 166 1
72 122 1
15 39 1
63 67 1
98 233 1
157 251 1
179 185 1
27 122 1
91 163 1
122 208 1
72 198 1
58 251 1
60 235 1
95 124 1
109 192 1
122 159 1
97 270 1
43 147 1
122 225 1
122 220 1
122 230 1
98 219 1
43 149 1
29 31 1
98 242 1
177 241 1
30 238 1
188 209 1
27 93 1
130 273 1
122 269 1
63 120 1
180 238 1
72 241 1
90 236 1
68 221 1
28 242 1
90 247 1
44 269 1
90 233 1
244 251 1
3 35 1
46 122 1
4 72 1
104 203 1
122 143 1
122 139 1
38 120 1
105 195 1
39 55 1
122 147 1
109 173 1
251 272 1
148 269 1
39 125 1
127 214 1
50 153 1
50 251 1
139 256 1
131 191 1
30 48 1
29 237 1
5 93 1
61 114 1
51 229 1
32 44 1
18 90 1
50 122 1
29 212 1
169 224 1
96 266 1
36 114 1
38 164 1
105 116 1
99 122 1
11 122 1
38 187 1
58 122 1
59 236 1
38 124 1
61 185 1
96 227 1
82 273 1
20 251 1
236 265 1
178 269 1
140 273 1
193 227 1
57 251 1
113 122 1
108 224 1
168 273 1
29 231 1
209 275 1
18 228 1
32 269 1
84 122 1
9 31 1
17 176 1
14 40 1
31 78 1
14 152 1
165 228 1
39 126 1
154 252 1
12 110 1
90 140 1
206 273 1
153 180 1
34 131 1
8 43 1
114 222 1
3 251 1
55 220 1
36 82 1
51 267 1
240 263 1
30 273 1
126 169 1
160 176 1
39 214 1
102 269 1
35 188 1
30 223 1
137 227 1
36 237 1
15 49 1
108 208 1
29 54 1
91 125 1
122 233 1
24 113 1
257 269 1
26 213 1
110 263 1
129 251 1
105 225 1
57 249 1
176 216 1
31 155 1
75 188 1
60 199 1
151 238 1
90 112 1
17 154 1
122 155 1
87 270 1
111 205 1
122 140 1
1 31 1
39 239 1
14 47 1
188 250 1
26 90 1
241 251 1
251 275 1
190 198 1
39 75 1
209 273 1
102 122 1
73 122 1
3 63 1
126 214 1
24 43 1
51 148 1
58 120 1
145 208 1
105 232 1
204 214 1
122 165 1
238 269 1
45 194 1
186 202 1
97 122 1
76 252 1
212 236 1
162 176 1
258 275 1
30 72 1
5 136 1
83 134 1
151 156 1
12 192 1
105 122 1
117 148 1
27 251 1
208 213 1
145 251 1
269 275 1
108 251 1
20 67 1
109 274 1
93 215 1
30 130 1
66 251 1
121 251 1
62 90 1
122 243 1
31 226 1
27 130 1
14 161 1
194 227 1
28 39 1
221 245 1
19 35 1
37 227 1
96 168 1
208 215 1
219 259 1
39 207 1
28 122 1
62 93 1
63 183 1
30 32 1
115 169 1
113 262 1
43 161 1
32 251 1
99 273 1
108 122 1
200 272 1
6 208 1
39 113 1
107 122 1
68 249 1
87 179 1
60 252 1
70 270 1
240 273 1
72 183 1
17 134 1
229 242 1
63 113 1
43 176 1
66 270 1
15 216 1
90 147 1
5 122 1
122 219 1
31 144 1
36 255 1
134 190 1
164 230 1
166 251 1
61 66 1
122 221 1
11 128 1
98 224 1
12 14 1
76 122 1
129 156 1
14 177 1
15 42 1
234 269 1
163 258 1
72 267 1
12 267 1
117 249 1
11 116 1
39 212 1
210 245 1
90 178 1
35 269 1
70 140 1
227 265 1
169 244 1
14 73 1
90 136 1
16 164 1
116 256 1
127 208 1
101 168 1
113 182 1
30 50 1
131 206 1
90 108 1
90 144 1
34 224 1
90 252 1
27 207 1
39 151 1
134 257 1
214 218 1
17 61 1
258 270 1
120 198 1
51 115 1
61 140 1
34 96 1
244 261 1
223 264 1
122 238 1
228 265 1
122 132 1
122 128 1
25 260 1
31 210 1
223 252 1
11 242 1
21 39 1
61 212 1
44 212 1
206 219 1
84 242 1
140 193 1
31 219 1
95 111 1
54 116 1
43 207 1
58 94 1
38 196 1
30 259 1
65 224 1
44 70 1
38 61 1
131 135 1
262 269 1
126 262 1
11 133 1
80 245 1
147 255 1
142 237 1
230 273 1
40 233 1
157 223 1
174 270 1
169 233 1
55 122 1
92 269 1
109 178 1
188 213 1
49 238 1
122 137 1
70 210 1
85 87 1
150 258 1
113 171 1
79 233 1
82 265 1
76 115 1
61 76 1
96 111 1
38 197 1
43 67 1
190 251 1
155 242 1
43 188 1
198 240 1
51 253 1
39 67 1
9 207 1
69 210 1
96 253 1
187 230 1
85 201 1
90 155 1
109 188 1
51 212 1
88 122 1
61 242 1
131 195 1
126 213 1
122 246 1
23 245 1
126 275 1
90 272 1
122 212 1
61 275 1
152 275 1
104 275 1
212 216 1
61 151 1
133 161 1
58 106 1
14 35 1
95 266 1
33 72 1
51 75 1
161 242 1
127 251 1
243 252 1
28 174 1
122 152 1
24 93 1
182 223 1
14 57 1
90 239 1
76 164 1
153 199 1
176 251 1
21 91 1
48 90 1
44 257 1
36 62 1
84 224 1
63 185 1
108 178 1
1 83 1
39 133 1
139 269 1
45 142 1
51 224 1
29 173 1
129 273 1
242 249 1
64 173 1
56 61 1
96 206 1
112 122 1
93 266 1
122 153 1
39 221 1
193 258 1
74 188 1
22 227 1
17 223 1
91 230 1
7 38 1
14 32 1
137 171 1
57 230 1
125 232 1
179 225 1
76 101 1
30 47 1
209 214 1
90 177 1
95 143 1
140 182 1
39 68 1
194 269 1
203 240 1
32 69 1
189 251 1
156 232 1
73 96 1
169 238 1
90 183 1
63 173 1
196 208 1
67 160 1
39 51 1
14 253 1
31 264 1
236 246 1
163 169 1
70 81 1
164 236 1
18 61 1
232 258 1
31 208 1
179 213 1
30 172 1
50 220 1
95 122 1
11 39 1
12 224 1
196 269 1
147 247 1
51 55 1
117 224 1
24 225 1
8 30 1
140 179 1
39 166 1
12 195 1
168 225 1
43 195 1
104 173 1
5 227 1
122 257 1
196 238 1
15 27 1
131 164 1
39 185 1
53 157 1
95 135 1
61 261 1
51 213 1
154 184 1
136 180 1
100 131 1
60 198 1
122 136 1
97 251 1
102 162 1
107 251 1
70 254 1
122 249 1
29 138 1
122 203 1
144 269 1
76 106 1
43 182 1
14 115 1
245 258 1
52 122 1
8 214 1
128 195 1
31 99 1
12 263 1
89 168 1
30 42 1
14 190 1
74 185 1
14 50 1
8 191 1
11 192 1
63 74 1
25 122 1
121 168 1
15 267 1
8 255 1
14 34 1
168 212 1
122 158 1
