210 345 4
114 210 4
91 114 4
12 210 4
210 251 4
114 118 4
98 210 4
91 220 4
137 267 4
109 210 4
223 267 4
223 352 4
46 91 4
175 210 4
250 267 4
250 307 4
114 147 4
84 210 4
5 210 4
85 210 4
98 176 4
210 290 4
210 216 4
210 344 4
210 317 4
210 312 4
84 200 4
219 312 4
18 114 4
42 210 4
210 217 4
130 210 4
250 361 4
216 243 4
151 210 4
210 364 4
95 210 4
210 283 4
27 210 4
42 98 4
210 324 4
210 362 4
95 343 4
210 250 4
95 135 4
216 302 4
128 223 4
113 210 4
232 302 4
12 75 4
210 247 4
267 327 4
114 129 4
232 340 4
210 314 4
115 210 4
210 333 4
98 244 4
1 223 4
128 210 4
117 210 4
77 210 4
18 98 4
123 210 4
210 254 4
210 310 4
37 302 4
210 263 4
133 267 4
207 210 4
91 210 4
223 279 4
131 210 4
18 213 4
12 83 4
282 302 4
89 216 4
181 210 4
159 247 4
84 131 4
210 334 4
22 220 4
114 249 4
210 264 4
210 337 4
12 89 4
210 241 4
250 349 4
108 181 4
96 217 4
115 161 4
210 219 4
103 210 4
144 210 4
223 265 4
210 213 4
138 210 4
79 210 4
149 210 4
165 267 4
37 281 4
217 274 4
139 210 4
109 223 4
107 241 4
42 274 4
155 210 4
216 253 4
108 223 4
114 156 4
57 340 4
327 329 4
210 300 4
12 36 4
210 353 4
159 264 4
114 354 4
167 210 4
164 241 4
210 363 4
11 151 4
267 290 4
210 235 4
160 210 4
181 292 4
95 246 4
12 290 4
15 210 4
149 217 4
210 238 4
84 159 4
210 237 4
219 306 4
217 308 4
22 210 4
87 131 4
149 197 4
208 283 4
192 210 4
247 275 4
198 210 4
54 114 4
156 322 4
18 263 4
96 345 4
146 210 4
129 302 4
96 210 4
19 210 4
184 210 4
5 316 4
210 248 4
36 255 4
74 274 4
223 312 4
147 210 4
96 123 4
201 210 4
144 253 4
112 210 4
210 256 4
71 250 4
223 270 4
21 210 4
178 210 4
21 141 4
90 160 4
129 240 4
114 200 4
179 210 4
284 352 4
76 210 4
148 270 4
217 233 4
12 236 4
22 60 4
175 302 4
87 210 4
210 298 4
274 321 4
195 236 4
114 355 4
216 343 4
49 237 4
263 332 4
67 302 4
210 249 4
132 352 4
148 207 4
210 228 4
90 114 4
16 217 4
246 346 4
210 346 4
210 272 4
185 267 4
210 309 4
165 210 4
129 262 4
210 311 4
147 338 4
12 252 4
210 332 4
91 289 4
138 144 4
14 98 4
210 306 4
29 210 4
84 90 4
114 179 4
49 210 4
12 130 4
101 263 4
223 362 4
66 362 4
132 223 4
19 54 4
93 216 4
12 358 4
106 210 4
198 221 4
187 210 4
29 253 4
115 235 4
216 223 4
82 210 4
18 151 4
344 352 4
151 363 4
20 252 4
42 275 4
98 114 4
12 235 4
220 291 4
14 248 4
141 332 4
135 365 4
144 182 4
243 290 4
210 259 4
185 210 4
44 283 4
63 210 4
54 175 4
127 151 4
89 210 4
62 283 4
290 349 4
104 216 4
148 210 4
197 217 4
12 42 4
210 242 4
146 150 4
246 265 4
215 362 4
18 55 4
154 265 4
154 343 4
81 223 4
333 335 4
71 210 4
14 91 4
210 268 4
37 210 4
77 241 4
217 346 4
165 303 4
75 210 4
114 295 4
126 302 4
210 329 4
210 278 4
104 210 4
48 91 4
45 223 4
68 150 4
73 210 4
208 210 4
150 210 4
12 153 4
38 210 4
210 321 4
216 345 4
210 266 4
158 267 4
191 210 4
37 70 4
83 247 4
262 302 4
11 216 4
215 216 4
210 273 4
114 171 4
91 286 4
70 210 4
210 224 4
114 183 4
200 210 4
81 210 4
114 162 4
81 114 4
210 212 4
75 111 4
54 252 4
90 302 4
187 241 4
194 312 4
50 223 4
74 210 4
250 274 4
62 223 4
250 281 4
42 267 4
11 353 4
60 98 4
27 121 4
159 210 4
267 274 4
207 258 4
12 216 4
40 210 4
242 357 4
210 245 4
56 216 4
153 213 4
274 308 4
114 221 4
21 91 4
45 82 4
122 267 4
45 345 4
12 225 4
114 282 4
112 246 4
208 223 4
188 210 4
113 246 4
114 180 4
277 302 4
82 217 4
180 210 4
54 355 4
12 250 4
16 114 4
107 271 4
114 198 4
249 314 4
55 210 4
189 290 4
210 318 4
2 210 4
12 334 4
52 223 4
159 361 4
252 281 4
6 12 4
92 187 4
178 288 4
111 361 4
164 223 4
161 210 4
197 253 4
210 316 4
114 150 4
48 278 4
4 114 4
144 250 4
210 327 4
45 160 4
4 38 4
210 293 4
141 352 4
18 205 4
90 279 4
250 258 4
90 96 4
65 314 4
57 210 4
83 278 4
114 205 4
250 319 4
188 302 4
115 319 4
98 281 4
18 313 4
82 101 4
236 352 4
36 217 4
42 336 4
153 210 4
22 172 4
102 210 4
210 304 4
74 314 4
186 210 4
31 265 4
154 210 4
33 210 4
83 210 4
29 216 4
4 210 4
135 181 4
11 192 4
37 247 4
79 98 4
176 350 4
114 186 4
66 194 4
174 332 4
253 295 4
5 115 4
146 170 4
151 172 4
210 240 4
90 219 4
308 333 4
250 294 4
210 265 4
189 247 4
9 250 4
43 210 4
113 114 4
274 350 4
210 354 4
116 210 4
41 210 4
44 53 4
53 153 4
210 282 4
19 274 4
210 289 4
101 210 4
189 265 4
214 334 4
12 203 4
206 345 4
49 316 4
39 210 4
94 210 4
27 56 4
210 355 4
199 302 4
114 244 4
150 292 4
45 359 4
253 265 4
264 363 4
210 349 4
210 279 4
22 360 4
158 210 4
54 298 4
176 210 4
91 109 4
114 141 4
172 226 4
207 250 4
247 320 4
2 135 4
122 135 4
81 165 4
164 167 4
4 45 4
210 350 4
53 120 4
315 362 4
80 210 4
12 48 4
106 331 4
151 273 4
207 245 4
18 176 4
97 210 4
230 252 4
94 312 4
98 200 4
210 260 4
98 251 4
95 337 4
216 283 4
52 71 4
210 320 4
41 219 4
214 309 4
31 210 4
210 296 4
69 131 4
24 36 4
184 219 4
48 136 4
12 45 4
154 212 4
29 290 4
90 298 4
161 283 4
53 76 4
84 135 4
51 200 4
145 210 4
216 242 4
90 154 4
67 210 4
44 210 4
291 349 4
90 338 4
11 274 4
24 114 4
143 250 4
125 210 4
36 68 4
91 231 4
161 284 4
210 218 4
23 210 4
41 118 4
37 165 4
213 296 4
223 342 4
114 224 4
283 365 4
12 156 4
143 204 4
87 250 4
49 172 4
17 355 4
186 250 4
138 149 4
118 210 4
78 210 4
220 302 4
300 306 4
210 326 4
18 116 4
173 210 4
37 42 4
94 314 4
210 275 4
123 308 4
86 316 4
215 274 4
210 232 4
90 210 4
12 355 4
37 194 4
83 290 4
210 262 4
210 292 4
89 220 4
184 216 4
73 234 4
90 271 4
193 210 4
16 274 4
41 135 4
165 300 4
114 264 4
130 134 4
194 210 4
137 159 4
184 302 4
107 210 4
117 250 4
244 246 4
204 213 4
216 362 4
174 210 4
145 282 4
56 236 4
235 328 4
73 214 4
321 364 4
210 305 4
210 253 4
114 280 4
156 210 4
223 333 4
102 316 4
166 217 4
114 233 4
42 215 4
7 154 4
278 345 4
38 109 4
139 176 4
127 216 4
35 109 4
114 206 4
58 187 4
24 210 4
210 308 4
210 330 4
98 293 4
160 336 4
274 287 4
171 335 4
136 210 4
210 341 4
12 293 4
210 313 4
307 327 4
210 230 4
90 225 4
5 114 4
121 210 4
36 150 4
217 352 4
106 217 4
84 165 4
264 337 4
166 216 4
23 204 4
12 350 4
210 299 4
49 151 4
12 237 4
31 217 4
96 137 4
9 210 4
54 135 4
114 172 4
40 121 4
62 160 4
143 210 4
95 192 4
11 210 4
17 114 4
51 114 4
138 216 4
108 114 4
199 210 4
55 114 4
210 356 4
202 210 4
63 172 4
8 210 4
179 352 4
12 316 4
261 328 4
114 238 4
80 114 4
12 345 4
206 210 4
34 210 4
99 210 4
114 191 4
124 363 4
210 352 4
210 348 4
246 362 4
310 363 4
87 170 4
42 195 4
90 196 4
210 277 4
210 335 4
210 319 4
12 282 4
336 359 4
105 210 4
114 195 4
131 290 4
19 128 4
274 289 4
264 349 4
67 340 4
100 202 4
18 143 4
94 225 4
286 355 4
210 286 4
60 352 4
36 64 4
210 287 4
3 267 4
210 360 4
160 221 4
210 252 4
32 235 4
6 210 4
67 87 4
209 210 4
3 115 4
12 240 4
38 159 4
37 253 4
223 318 4
162 210 4
57 274 4
210 347 4
12 151 4
286 303 4
38 345 4
165 217 4
239 316 4
211 240 4
250 365 4
210 315 4
74 216 4
82 234 4
210 258 4
192 345 4
210 358 4
16 77 4
57 197 4
189 210 4
49 114 4
69 364 4
265 346 4
166 210 4
90 157 4
217 234 4
156 274 4
118 131 4
1 274 4
67 159 4
219 286 4
109 219 4
298 302 4
20 242 4
246 340 4
153 183 4
152 345 4
42 347 4
63 114 4
196 264 4
19 91 4
215 338 4
47 210 4
18 312 4
239 364 4
349 350 4
173 212 4
157 210 4
302 321 4
39 267 4
114 177 4
42 136 4
216 244 4
5 309 4
90 100 4
159 249 4
95 114 4
216 360 4
210 215 4
228 309 4
41 295 4
66 201 4
210 233 4
237 266 4
255 320 4
114 315 4
109 225 4
235 293 4
53 168 4
48 83 4
12 273 4
42 362 4
42 230 4
64 254 4
126 193 4
34 143 4
74 217 4
132 210 4
210 236 4
287 343 4
22 81 4
146 217 4
61 266 4
324 342 4
159 248 4
216 356 4
204 210 4
210 239 4
40 158 4
226 314 4
131 255 4
12 274 4
267 322 4
210 257 4
48 158 4
169 210 4
210 214 4
181 341 4
91 353 4
83 327 4
103 172 4
161 249 4
85 114 4
216 257 4
320 356 4
210 359 4
192 216 4
120 210 4
117 300 4
135 160 4
129 344 4
48 293 4
39 189 4
189 274 4
210 328 4
210 365 4
29 114 4
195 210 4
210 339 4
110 252 4
7 245 4
52 115 4
292 363 4
114 245 4
58 308 4
36 62 4
262 326 4
62 210 4
140 210 4
20 114 4
136 175 4
87 254 4
19 214 4
123 219 4
71 184 4
210 267 4
260 313 4
95 157 4
91 271 4
41 97 4
250 299 4
135 287 4
99 219 4
115 182 4
46 208 4
92 210 4
261 300 4
114 154 4
57 102 4
27 149 4
1 16 4
62 103 4
115 256 4
201 314 4
97 307 4
210 271 4
44 135 4
64 66 4
149 175 4
50 210 4
339 347 4
264 282 4
52 151 4
15 63 4
291 350 4
314 317 4
199 265 4
210 226 4
151 230 4
46 87 4
7 114 4
250 302 4
36 300 4
9 274 4
99 114 4
60 265 4
34 250 4
202 363 4
154 250 4
210 288 4
210 301 4
98 259 4
106 247 4
18 269 4
151 270 4
28 48 4
124 146 4
267 334 4
49 141 4
182 210 4
50 355 4
18 115 4
102 354 4
43 100 4
63 217 4
140 249 4
18 112 4
53 210 4
160 216 4
234 364 4
18 248 4
143 271 4
210 234 4
12 238 4
70 267 4
92 223 4
210 220 4
274 300 4
35 210 4
38 333 4
114 127 4
216 365 4
68 210 4
186 259 4
92 267 4
176 321 4
114 318 4
53 352 4
56 133 4
91 227 4
197 210 4
220 331 4
58 210 4
159 199 4
59 235 4
63 267 4
152 217 4
209 217 4
302 354 4
166 282 4
60 210 4
114 204 4
226 232 4
127 210 4
233 314 4
2 318 4
217 348 4
129 324 4
44 177 4
36 207 4
135 223 4
196 274 4
136 265 4
39 250 4
216 328 4
22 58 4
55 223 4
315 345 4
165 315 4
134 306 4
69 214 4
255 303 4
230 291 4
82 297 4
45 210 4
225 363 4
217 253 4
65 112 4
92 151 4
216 288 4
210 297 4
258 295 4
122 217 4
246 360 4
117 137 4
214 273 4
121 235 4
115 119 4
114 360 4
210 302 4
153 290 4
220 268 4
210 225 4
98 357 4
154 251 4
171 221 4
163 210 4
247 274 4
12 258 4
242 361 4
113 208 4
210 270 4
232 310 4
42 177 4
4 91 4
103 215 4
88 217 4
58 325 4
8 334 4
12 196 4
25 353 4
47 141 4
302 339 4
216 254 4
26 210 4
20 302 4
4 157 4
213 319 4
92 150 4
245 351 4
90 162 4
290 338 4
173 223 4
135 296 4
114 253 4
245 302 4
151 309 4
210 361 4
307 357 4
53 335 4
35 223 4
201 250 4
172 330 4
21 192 4
36 288 4
46 216 4
12 124 4
64 271 4
86 216 4
60 180 4
139 151 4
187 193 4
117 190 4
93 264 4
22 308 4
216 231 4
168 210 4
9 333 4
44 249 4
206 279 4
67 245 4
75 131 4
153 250 4
174 221 4
254 346 4
16 210 4
205 210 4
11 145 4
66 210 4
274 296 4
155 262 4
18 65 4
242 340 4
253 347 4
6 267 4
250 342 4
91 201 4
302 342 4
37 180 4
143 187 4
98 117 4
86 217 4
50 151 4
282 364 4
42 114 4
183 258 4
141 210 4
80 308 4
90 130 4
124 138 4
217 259 4
142 350 4
31 83 4
79 151 4
262 274 4
48 213 4
139 150 4
28 154 4
48 333 4
184 291 4
11 43 4
74 323 4
120 175 4
18 210 4
252 280 4
178 201 4
74 255 4
4 15 4
176 294 4
220 227 4
127 223 4
18 192 4
223 356 4
75 235 4
95 144 4
210 284 4
109 203 4
181 188 4
58 314 4
115 307 4
190 223 4
190 219 4
210 338 4
114 229 4
71 365 4
129 275 4
92 323 4
76 216 4
143 220 4
250 329 4
69 210 4
136 184 4
150 219 4
35 57 4
110 210 4
21 205 4
210 294 4
238 258 4
135 359 4
251 326 4
82 114 4
126 217 4
334 350 4
90 324 4
214 226 4
165 216 4
103 165 4
201 216 4
223 288 4
23 131 4
75 114 4
144 148 4
149 265 4
96 283 4
143 339 4
36 308 4
217 275 4
164 210 4
114 181 4
250 332 4
86 210 4
216 271 4
116 183 4
37 80 4
237 283 4
105 238 4
92 305 4
4 74 4
152 283 4
324 346 4
56 90 4
263 278 4
138 165 4
98 130 4
154 227 4
160 334 4
91 217 4
118 286 4
241 256 4
144 297 4
151 213 4
90 252 4
212 220 4
98 138 4
24 256 4
223 234 4
202 321 4
141 259 4
192 250 4
210 295 4
117 191 4
210 325 4
113 269 4
109 114 4
63 144 4
284 363 4
27 243 4
170 172 4
194 357 4
21 311 4
90 343 4
137 150 4
176 215 4
216 240 4
250 265 4
70 356 4
88 320 4
150 298 4
177 219 4
106 151 4
234 319 4
6 219 4
256 362 4
74 327 4
114 333 4
148 350 4
96 293 4
60 88 4
93 267 4
3 210 4
250 293 4
46 48 4
126 210 4
11 323 4
96 247 4
273 344 4
298 353 4
191 216 4
6 114 4
188 216 4
61 334 4
3 114 4
61 288 4
224 250 4
210 244 4
303 345 4
45 70 4
56 139 4
48 364 4
77 114 4
216 252 4
225 269 4
281 340 4
90 313 4
24 122 4
17 151 4
91 339 4
98 207 4
93 149 4
120 168 4
119 185 4
141 285 4
267 344 4
82 90 4
255 350 4
220 290 4
148 253 4
114 334 4
148 308 4
158 307 4
194 341 4
10 219 4
22 56 4
111 114 4
12 357 4
187 267 4
203 314 4
162 291 4
199 344 4
210 231 4
104 179 4
247 314 4
210 340 4
160 315 4
210 223 4
114 311 4
186 287 4
75 319 4
15 339 4
36 151 4
57 169 4
108 210 4
25 117 4
152 210 4
77 254 4
36 124 4
110 216 4
141 174 4
111 219 4
54 173 4
114 261 4
188 227 4
97 122 4
42 133 4
79 90 4
114 339 4
223 249 4
114 237 4
48 199 4
269 274 4
65 210 4
182 216 4
71 148 4
205 306 4
235 294 4
177 254 4
61 262 4
92 327 4
262 303 4
246 257 4
223 350 4
2 13 4
12 184 4
58 201 4
29 92 4
250 300 4
151 154 4
216 235 4
235 298 4
46 112 4
98 245 4
124 313 4
73 91 4
265 343 4
96 101 4
210 322 4
233 236 4
33 98 4
12 239 4
1 118 4
11 307 4
114 276 4
11 250 4
114 146 4
135 216 4
17 210 4
162 216 4
66 109 4
40 118 4
95 208 4
253 334 4
195 340 4
37 56 4
156 287 4
85 286 4
1 350 4
92 193 4
105 302 4
91 274 4
98 283 4
267 329 4
95 197 4
210 221 4
1 159 4
5 352 4
112 114 4
81 140 4
18 125 4
147 187 4
287 352 4
25 223 4
50 274 4
28 54 4
308 323 4
57 122 4
191 232 4
243 302 4
198 315 4
74 248 4
175 352 4
50 216 4
83 271 4
258 363 4
49 352 4
123 285 4
25 191 4
