1 2 3
1 3 3
1 5 3
1 273 3
1 274 3
1 275 3
1 300 3
1 301 3
1 302 3
1 329 3
1 330 3
1 331 3
1 332 3
2 3 3
2 4 3
2 275 3
2 301 3
2 302 3
2 330 3
2 331 3
2 332 3
3 4 3
3 5 3
3 6 3
3 275 3
3 302 3
3 332 3
4 5 3
4 6 3
4 7 3
5 6 3
5 7 3
5 8 3
6 7 3
6 8 3
6 9 3
6 10 3
7 8 3
7 9 3
7 10 3
8 9 3
8 10 3
8 11 3
8 12 3
9 10 3
9 11 3
9 12 3
10 11 3
10 12 3
10 13 3
11 12 3
11 13 3
11 14 3
11 15 3
12 13 3
12 14 3
13 14 3
13 15 3
13 16 3
13 17 3
14 15 3
14 16 3
15 16 3
15 17 3
15 19 3
16 17 3
16 18 3
16 19 3
16 20 3
17 18 3
17 19 3
17 20 3
18 19 3
18 20 3
18 22 3
19 20 3
19 21 3
19 22 3
20 21 3
20 22 3
20 23 3
21 22 3
21 23 3
21 24 3
21 25 3
22 23 3
22 24 3
22 25 3
22 26 3
23 24 3
23 25 3
23 26 3
23 27 3
24 25 3
24 26 3
24 28 3
25 26 3
25 27 3
25 28 3
26 27 3
26 28 3
26 29 3
27 28 3
27 29 3
27 30 3
28 29 3
28 30 3
28 31 3
29 30 3
29 31 3
29 33 3
30 31 3
30 32 3
30 33 3
30 34 3
31 32 3
31 33 3
31 34 3
32 33 3
32 34 3
32 35 3
33 34 3
33 35 3
33 36 3
33 37 3
34 35 3
34 36 3
34 37 3
34 38 3
35 36 3
35 37 3
35 38 3
36 37 3
36 38 3
36 39 3
37 38 3
37 39 3
37 40 3
38 39 3
38 40 3
38 41 3
39 40 3
39 41 3
39 42 3
40 41 3
40 42 3
40 43 3
40 44 3
41 42 3
41 43 3
41 44 3
42 43 3
42 44 3
42 45 3
43 44 3
43 45 3
43 46 3
44 45 3
44 46 3
44 47 3
44 48 3
45 46 3
45 47 3
45 48 3
45 49 3
46 47 3
46 48 3
46 50 3
47 48 3
47 49 3
47 50 3
48 49 3
48 50 3
48 51 3
49 50 3
49 51 3
49 52 3
50 51 3
50 52 3
50 54 3
51 52 3
51 53 3
51 54 3
51 55 3
52 53 3
52 54 3
52 55 3
52 56 3
53 54 3
53 55 3
53 56 3
53 57 3
54 55 3
54 56 3
54 57 3
55 56 3
55 57 3
55 58 3
55 59 3
56 57 3
56 58 3
56 59 3
57 58 3
57 59 3
57 60 3
57 61 3
58 59 3
58 60 3
58 61 3
58 62 3
59 60 3
59 61 3
60 61 3
60 62 3
60 64 3
61 62 3
61 63 3
61 64 3
62 63 3
62 64 3
62 66 3
63 64 3
63 65 3
63 67 3
64 65 3
64 66 3
64 67 3
65 66 3
65 67 3
65 68 3
66 67 3
66 68 3
67 68 3
67 69 3
67 70 3
68 69 3
68 70 3
69 70 3
69 71 3
69 73 3
70 71 3
70 72 3
70 73 3
70 74 3
71 72 3
71 73 3
71 74 3
71 75 3
72 73 3
72 74 3
72 76 3
73 74 3
73 75 3
73 76 3
74 75 3
74 76 3
75 76 3
75 77 3
75 78 3
76 77 3
76 78 3
76 79 3
76 80 3
77 78 3
77 79 3
77 80 3
78 79 3
78 80 3
78 81 3
78 82 3
79 80 3
79 81 3
79 82 3
79 83 3
80 81 3
80 82 3
80 83 3
81 82 3
81 83 3
81 84 3
82 83 3
82 84 3
82 85 3
83 84 3
83 85 3
83 86 3
84 85 3
84 86 3
84 87 3
85 86 3
85 87 3
85 88 3
85 89 3
86 87 3
86 88 3
86 90 3
87 88 3
87 89 3
87 90 3
88 89 3
88 90 3
88 91 3
88 92 3
89 90 3
89 91 3
89 92 3
90 91 3
90 92 3
90 93 3
91 92 3
91 93 3
91 95 3
92 93 3
92 94 3
92 95 3
93 94 3
93 95 3
93 96 3
93 97 3
94 95 3
94 96 3
94 97 3
94 98 3
95 96 3
95 97 3
95 98 3
96 97 3
96 98 3
96 99 3
96 100 3
97 98 3
97 99 3
97 100 3
98 99 3
98 100 3
98 101 3
99 100 3
99 101 3
99 102 3
99 103 3
100 101 3
100 102 3
100 104 3
101 102 3
101 103 3
101 104 3
102 103 3
102 104 3
102 105 3
103 104 3
103 105 3
103 107 3
104 105 3
104 106 3
105 106 3
105 107 3
105 109 3
106 107 3
106 108 3
106 110 3
107 108 3
107 109 3
108 109 3
108 110 3
108 112 3
109 110 3
109 111 3
110 111 3
110 112 3
110 113 3
111 112 3
111 113 3
111 114 3
112 113 3
112 114 3
112 115 3
112 116 3
113 114 3
113 115 3
113 116 3
113 117 3
114 115 3
114 116 3
114 117 3
114 118 3
115 116 3
115 117 3
115 118 3
115 119 3
116 117 3
116 118 3
116 119 3
117 118 3
117 119 3
117 121 3
118 119 3
118 120 3
118 121 3
119 120 3
119 121 3
119 122 3
120 121 3
120 122 3
120 123 3
121 122 3
121 123 3
121 125 3
122 123 3
122 124 3
122 125 3
123 124 3
123 125 3
123 126 3
124 125 3
124 126 3
124 127 3
125 126 3
125 127 3
125 128 3
126 127 3
126 128 3
126 130 3
127 128 3
127 129 3
128 129 3
128 130 3
128 131 3
128 132 3
129 130 3
129 131 3
129 132 3
130 131 3
130 132 3
130 133 3
130 134 3
131 132 3
131 133 3
131 135 3
132 133 3
132 134 3
133 134 3
133 135 3
133 136 3
134 135 3
134 136 3
134 137 3
134 138 3
135 136 3
135 137 3
135 139 3
136 137 3
136 138 3
136 139 3
136 140 3
137 138 3
137 139 3
137 140 3
138 139 3
138 140 3
138 141 3
138 142 3
139 140 3
139 141 3
139 142 3
139 143 3
140 141 3
140 142 3
140 144 3
141 142 3
141 143 3
141 144 3
142 143 3
142 144 3
143 144 3
143 145 3
144 145 3
144 146 3
144 147 3
144 148 3
145 146 3
145 147 3
145 148 3
146 147 3
146 148 3
146 149 3
146 150 3
147 148 3
147 149 3
147 150 3
147 151 3
148 149 3
148 150 3
148 151 3
149 150 3
149 151 3
149 152 3
149 153 3
150 151 3
150 152 3
150 153 3
150 154 3
151 152 3
151 153 3
152 153 3
152 154 3
152 156 3
153 154 3
153 155 3
154 155 3
154 156 3
155 156 3
155 157 3
155 158 3
155 159 3
156 157 3
156 158 3
156 159 3
156 160 3
157 158 3
157 159 3
157 160 3
158 159 3
158 160 3
158 161 3
159 160 3
159 161 3
159 162 3
159 163 3
160 161 3
160 162 3
160 164 3
161 162 3
161 163 3
161 164 3
161 165 3
162 163 3
162 164 3
162 165 3
163 164 3
163 165 3
163 166 3
163 167 3
164 165 3
164 166 3
164 167 3
165 166 3
165 167 3
165 168 3
165 169 3
166 167 3
166 168 3
166 170 3
167 168 3
167 169 3
167 170 3
167 171 3
168 169 3
168 170 3
168 171 3
168 172 3
169 170 3
169 171 3
169 172 3
170 171 3
170 172 3
171 172 3
171 173 3
171 174 3
171 175 3
172 173 3
172 174 3
172 176 3
173 174 3
173 175 3
173 176 3
173 177 3
174 175 3
174 176 3
174 177 3
174 178 3
175 176 3
175 177 3
175 178 3
175 179 3
176 177 3
176 178 3
177 178 3
177 179 3
177 180 3
177 181 3
178 179 3
178 180 3
178 181 3
178 182 3
179 180 3
179 181 3
179 183 3
180 181 3
180 182 3
180 183 3
181 182 3
181 183 3
181 185 3
182 183 3
182 184 3
182 185 3
182 186 3
183 184 3
183 185 3
183 186 3
183 187 3
184 185 3
184 186 3
184 187 3
185 186 3
185 187 3
185 188 3
185 189 3
186 187 3
186 188 3
186 189 3
186 190 3
187 188 3
187 189 3
187 190 3
188 189 3
188 190 3
188 191 3
188 192 3
189 190 3
189 191 3
189 192 3
190 191 3
190 192 3
191 192 3
191 193 3
191 195 3
192 193 3
192 194 3
192 195 3
192 196 3
193 194 3
193 195 3
193 196 3
193 197 3
194 195 3
194 196 3
195 196 3
195 197 3
195 198 3
196 197 3
196 198 3
196 199 3
197 198 3
197 199 3
197 200 3
198 199 3
198 200 3
198 201 3
199 200 3
199 201 3
199 202 3
199 203 3
200 201 3
200 202 3
200 203 3
200 204 3
201 202 3
201 203 3
201 204 3
201 205 3
202 203 3
202 204 3
202 205 3
203 204 3
203 205 3
203 206 3
204 205 3
204 206 3
205 206 3
205 207 3
205 208 3
206 207 3
206 208 3
206 209 3
207 208 3
207 209 3
207 210 3
208 209 3
208 210 3
209 210 3
209 211 3
209 212 3
209 213 3
210 211 3
210 212 3
210 213 3
211 212 3
211 213 3
212 213 3
212 214 3
212 215 3
213 214 3
213 215 3
213 216 3
214 215 3
214 216 3
214 217 3
214 218 3
215 216 3
215 217 3
215 218 3
215 219 3
216 217 3
216 218 3
216 219 3
216 220 3
217 218 3
217 219 3
217 220 3
218 219 3
218 220 3
218 221 3
218 222 3
219 220 3
219 221 3
219 222 3
220 221 3
220 222 3
220 223 3
220 224 3
221 222 3
221 223 3
222 223 3
222 224 3
222 225 3
222 226 3
223 224 3
223 225 3
223 226 3
223 227 3
224 225 3
224 226 3
224 227 3
224 228 3
225 226 3
225 227 3
225 228 3
225 229 3
226 227 3
226 228 3
226 229 3
226 230 3
227 228 3
227 229 3
227 230 3
228 229 3
228 230 3
228 231 3
228 232 3
229 230 3
229 231 3
230 231 3
230 232 3
230 233 3
231 232 3
231 233 3
231 234 3
232 233 3
232 234 3
232 235 3
232 236 3
233 234 3
233 235 3
233 236 3
233 237 3
234 235 3
234 236 3
234 238 3
235 236 3
235 237 3
235 238 3
236 237 3
236 238 3
236 239 3
236 240 3
237 238 3
237 239 3
237 240 3
238 239 3
238 240 3
238 241 3
239 240 3
239 241 3
240 241 3
240 242 3
240 243 3
241 242 3
241 243 3
241 244 3
242 243 3
242 244 3
242 245 3
242 246 3
243 244 3
243 245 3
243 246 3
243 247 3
244 245 3
244 246 3
244 248 3
245 246 3
245 247 3
245 248 3
245 249 3
246 247 3
246 248 3
247 248 3
247 249 3
247 250 3
247 251 3
248 249 3
248 250 3
248 251 3
248 252 3
249 250 3
249 251 3
249 252 3
250 251 3
250 252 3
250 254 3
251 252 3
251 253 3
251 255 3
252 253 3
252 254 3
252 255 3
252 256 3
253 254 3
253 255 3
253 256 3
253 257 3
254 255 3
254 256 3
254 257 3
255 256 3
255 257 3
255 258 3
256 257 3
256 258 3
256 259 3
256 260 3
257 258 3
257 259 3
257 260 3
258 259 3
258 260 3
258 261 3
258 262 3
259 260 3
259 261 3
259 262 3
259 263 3
260 261 3
260 262 3
260 263 3
261 262 3
261 263 3
261 264 3
261 265 3
262 263 3
262 264 3
262 265 3
263 264 3
263 265 3
263 266 3
264 265 3
264 266 3
264 267 3
264 268 3
265 266 3
265 267 3
265 268 3
266 267 3
266 268 3
267 268 3
267 269 3
267 271 3
268 269 3
268 270 3
268 271 3
269 270 3
269 271 3
269 273 3
270 271 3
270 272 3
271 272 3
271 273 3
271 274 3
271 275 3
272 273 3
272 274 3
272 275 3
273 274 3
273 275 3
273 276 3
274 275 3
274 276 3
274 277 3
274 278 3
275 276 3
275 277 3
275 278 3
275 279 3
276 277 3
276 278 3
276 279 3
276 280 3
277 278 3
277 279 3
277 280 3
277 281 3
278 279 3
278 280 3
278 281 3
279 280 3
279 281 3
279 282 3
279 283 3
280 281 3
280 282 3
280 283 3
280 284 3
281 282 3
281 283 3
281 284 3
281 285 3
282 283 3
282 284 3
282 285 3
282 286 3
283 284 3
283 285 3
283 286 3
284 285 3
284 286 3
284 287 3
285 286 3
285 287 3
285 288 3
285 289 3
286 287 3
286 288 3
286 289 3
286 290 3
287 288 3
287 289 3
287 290 3
287 291 3
288 289 3
288 290 3
288 291 3
288 292 3
289 290 3
289 291 3
289 292 3
289 293 3
290 291 3
290 292 3
290 293 3
290 294 3
291 292 3
291 293 3
291 294 3
292 293 3
292 294 3
292 295 3
293 294 3
293 295 3
293 296 3
294 295 3
294 296 3
294 297 3
295 296 3
295 297 3
295 298 3
295 299 3
296 297 3
296 298 3
296 299 3
297 298 3
297 299 3
297 300 3
298 299 3
298 300 3
298 301 3
299 300 3
299 301 3
299 302 3
300 301 3
300 302 3
300 303 3
301 302 3
301 303 3
301 304 3
302 303 3
302 304 3
302 305 3
303 304 3
303 305 3
303 306 3
303 307 3
304 305 3
304 306 3
304 307 3
305 306 3
305 307 3
305 308 3
306 307 3
306 308 3
306 309 3
307 308 3
307 309 3
307 310 3
307 311 3
308 309 3
308 310 3
308 311 3
309 310 3
309 311 3
309 312 3
310 311 3
310 312 3
310 313 3
310 314 3
311 312 3
311 313 3
311 314 3
311 315 3
312 313 3
312 314 3
312 315 3
312 316 3
313 314 3
313 315 3
313 316 3
313 317 3
314 315 3
314 316 3
314 317 3
314 318 3
315 316 3
315 317 3
315 318 3
316 317 3
316 318 3
316 319 3
317 318 3
317 319 3
317 320 3
317 321 3
318 319 3
318 320 3
318 321 3
318 322 3
319 320 3
319 321 3
319 322 3
320 321 3
320 322 3
320 323 3
321 322 3
321 323 3
321 324 3
321 325 3
322 323 3
322 324 3
322 325 3
323 324 3
323 325 3
323 326 3
324 325 3
324 326 3
324 327 3
325 326 3
325 327 3
325 328 3
326 327 3
326 328 3
326 329 3
327 328 3
327 329 3
327 330 3
328 329 3
328 330 3
328 331 3
329 330 3
329 331 3
329 332 3
330 331 3
330 332 3
331 332 3
