86 267 3
153 205 3
36 131 3
104 310 3
25 59 3
119 148 3
61 227 3
45 216 3
102 109 3
18 252 3
151 313 3
61 292 3
70 143 3
173 324 3
167 185 3
22 130 3
191 283 3
146 321 3
124 318 3
10 12 3
102 130 3
77 162 3
24 212 3
45 206 3
126 320 3
63 301 3
196 274 3
258 281 3
11 192 3
45 228 3
39 155 3
178 184 3
83 143 3
75 227 3
12 329 3
88 204 3
148 158 3
284 299 3
112 206 3
174 329 3
94 192 3
35 43 3
46 118 3
215 234 3
63 198 3
101 110 3
20 287 3
83 284 3
99 289 3
157 300 3
95 280 3
172 307 3
15 193 3
43 127 3
39 67 3
160 220 3
231 255 3
16 122 3
220 276 3
230 282 3
141 260 3
81 302 3
134 173 3
83 91 3
239 271 3
58 285 3
106 285 3
121 125 3
87 145 3
131 247 3
54 126 3
24 211 3
228 332 3
115 291 3
108 275 3
4 316 3
35 285 3
4 169 3
86 126 3
259 316 3
236 244 3
17 269 3
108 313 3
137 173 3
67 303 3
192 303 3
25 181 3
135 172 3
93 101 3
287 295 3
190 201 3
235 298 3
143 221 3
188 323 3
169 226 3
137 171 3
107 325 3
100 154 3
87 210 3
154 272 3
163 181 3
125 265 3
11 68 3
31 296 3
160 170 3
280 326 3
28 211 3
90 183 3
93 100 3
277 325 3
115 262 3
130 254 3
142 203 3
148 273 3
80 213 3
180 221 3
43 154 3
224 305 3
141 188 3
4 300 3
249 277 3
248 304 3
18 127 3
61 226 3
30 257 3
139 291 3
188 292 3
101 132 3
73 310 3
57 248 3
57 205 3
157 167 3
48 210 3
59 270 3
62 235 3
180 237 3
72 230 3
25 71 3
9 132 3
39 170 3
228 308 3
249 267 3
49 83 3
35 60 3
121 203 3
37 245 3
193 259 3
56 79 3
137 240 3
63 325 3
119 149 3
16 162 3
141 232 3
40 69 3
130 283 3
27 259 3
25 276 3
28 193 3
148 324 3
32 87 3
43 270 3
116 276 3
235 274 3
63 91 3
3 78 3
116 125 3
71 206 3
131 132 3
91 105 3
200 308 3
140 226 3
165 234 3
14 89 3
192 332 3
81 198 3
31 270 3
226 241 3
53 63 3
63 87 3
45 165 3
65 89 3
56 200 3
294 331 3
67 186 3
10 305 3
149 294 3
195 199 3
207 233 3
12 128 3
129 207 3
157 210 3
38 66 3
39 303 3
20 57 3
65 101 3
86 141 3
9 153 3
35 141 3
246 259 3
21 268 3
219 314 3
176 237 3
211 223 3
5 249 3
46 271 3
5 162 3
3 52 3
22 295 3
108 315 3
6 249 3
79 320 3
128 177 3
103 113 3
133 294 3
180 291 3
114 295 3
184 209 3
119 314 3
19 287 3
290 319 3
148 252 3
254 294 3
176 199 3
196 226 3
158 201 3
62 146 3
238 279 3
59 193 3
9 154 3
111 219 3
224 253 3
101 104 3
100 219 3
86 119 3
94 324 3
76 265 3
59 289 3
177 187 3
50 52 3
70 129 3
132 170 3
117 274 3
37 55 3
95 297 3
128 206 3
49 183 3
17 283 3
37 72 3
77 90 3
75 103 3
68 70 3
35 126 3
26 141 3
302 329 3
190 292 3
125 280 3
91 319 3
47 64 3
41 78 3
88 264 3
34 203 3
56 220 3
128 237 3
246 256 3
124 250 3
16 112 3
302 319 3
157 264 3
111 127 3
220 260 3
6 52 3
96 167 3
150 290 3
62 250 3
228 325 3
6 18 3
61 279 3
157 183 3
108 332 3
96 152 3
31 249 3
235 263 3
87 332 3
30 166 3
93 133 3
138 250 3
65 84 3
22 153 3
154 215 3
272 301 3
127 197 3
73 318 3
143 257 3
255 285 3
62 270 3
104 311 3
286 300 3
213 300 3
40 47 3
93 329 3
59 166 3
123 230 3
51 170 3
65 323 3
4 185 3
231 291 3
196 200 3
44 304 3
146 258 3
248 320 3
84 271 3
51 298 3
98 224 3
184 270 3
64 187 3
123 276 3
20 93 3
189 245 3
143 309 3
179 247 3
57 232 3
19 146 3
37 173 3
63 98 3
182 310 3
5 185 3
169 302 3
60 236 3
93 320 3
51 163 3
106 279 3
173 299 3
6 199 3
155 261 3
234 254 3
54 96 3
241 310 3
72 150 3
54 277 3
46 168 3
32 172 3
120 231 3
54 62 3
49 179 3
146 262 3
19 93 3
35 192 3
153 311 3
117 133 3
2 18 3
97 306 3
71 284 3
5 63 3
21 201 3
108 116 3
67 246 3
144 280 3
186 261 3
197 285 3
229 263 3
214 247 3
23 168 3
106 253 3
142 321 3
53 242 3
27 80 3
6 70 3
230 262 3
130 248 3
278 295 3
145 314 3
88 107 3
73 223 3
40 301 3
153 253 3
95 215 3
88 241 3
15 328 3
302 320 3
49 237 3
162 266 3
119 163 3
91 250 3
140 252 3
85 197 3
103 319 3
129 261 3
1 74 3
19 113 3
92 221 3
24 285 3
186 292 3
121 184 3
153 288 3
108 112 3
41 202 3
194 240 3
123 204 3
42 77 3
12 162 3
34 159 3
87 148 3
82 221 3
8 20 3
228 253 3
111 205 3
171 217 3
22 164 3
5 39 3
32 175 3
71 296 3
264 324 3
135 279 3
66 327 3
28 153 3
19 95 3
100 160 3
87 235 3
120 155 3
150 234 3
73 279 3
31 34 3
94 290 3
69 188 3
59 241 3
151 232 3
273 322 3
45 185 3
140 180 3
30 167 3
252 301 3
262 331 3
68 164 3
85 107 3
239 319 3
185 257 3
59 210 3
72 215 3
168 204 3
76 260 3
78 182 3
92 228 3
19 80 3
136 158 3
85 259 3
99 244 3
53 173 3
41 97 3
182 257 3
147 163 3
168 323 3
15 146 3
150 201 3
217 288 3
144 273 3
31 122 3
142 178 3
258 268 3
104 237 3
21 68 3
122 325 3
161 219 3
33 85 3
68 100 3
155 247 3
90 181 3
210 300 3
104 330 3
165 190 3
116 248 3
57 312 3
192 293 3
136 138 3
48 292 3
68 162 3
279 283 3
107 312 3
13 169 3
156 191 3
32 105 3
121 230 3
117 286 3
203 251 3
83 221 3
61 136 3
40 198 3
79 112 3
151 167 3
118 216 3
126 297 3
72 185 3
165 248 3
4 179 3
97 289 3
80 128 3
62 309 3
168 267 3
86 94 3
57 314 3
89 117 3
37 206 3
76 148 3
147 284 3
88 234 3
264 279 3
37 52 3
270 299 3
36 121 3
137 223 3
302 325 3
184 306 3
19 278 3
39 160 3
25 216 3
113 272 3
253 308 3
248 318 3
43 190 3
62 196 3
246 277 3
142 328 3
80 202 3
215 322 3
105 115 3
46 107 3
229 326 3
271 332 3
159 167 3
191 230 3
43 89 3
215 223 3
129 317 3
130 279 3
112 318 3
143 182 3
25 284 3
146 177 3
31 311 3
55 66 3
3 100 3
92 328 3
82 187 3
84 250 3
212 273 3
83 92 3
76 94 3
211 224 3
23 116 3
165 255 3
199 297 3
62 116 3
12 67 3
40 66 3
132 295 3
85 143 3
290 332 3
64 234 3
72 81 3
21 67 3
159 283 3
104 297 3
108 256 3
18 30 3
88 314 3
124 228 3
239 295 3
3 110 3
224 241 3
297 308 3
174 303 3
205 307 3
55 238 3
196 224 3
146 328 3
19 50 3
30 284 3
137 172 3
127 189 3
135 166 3
61 91 3
53 258 3
35 219 3
110 307 3
191 195 3
85 165 3
285 311 3
110 289 3
152 286 3
1 281 3
51 218 3
219 247 3
58 254 3
48 52 3
167 217 3
27 198 3
84 229 3
204 313 3
95 114 3
62 118 3
14 180 3
56 97 3
50 123 3
44 208 3
13 250 3
94 136 3
15 259 3
113 230 3
279 314 3
35 84 3
123 232 3
20 30 3
16 143 3
25 204 3
124 134 3
138 150 3
55 199 3
36 223 3
236 319 3
91 245 3
170 203 3
63 152 3
70 97 3
155 192 3
184 248 3
70 131 3
34 273 3
59 86 3
65 139 3
122 182 3
29 288 3
74 301 3
3 112 3
109 321 3
15 199 3
154 185 3
136 321 3
256 310 3
78 232 3
67 170 3
181 220 3
136 215 3
81 141 3
145 193 3
279 294 3
234 266 3
154 323 3
227 245 3
3 185 3
154 200 3
121 227 3
52 110 3
30 227 3
87 181 3
176 304 3
72 247 3
50 316 3
64 206 3
66 191 3
57 128 3
280 313 3
270 291 3
134 185 3
102 319 3
108 255 3
106 228 3
77 149 3
178 257 3
264 303 3
194 278 3
27 192 3
10 265 3
59 162 3
20 325 3
44 120 3
76 323 3
100 286 3
154 180 3
59 282 3
60 166 3
165 204 3
273 313 3
158 241 3
38 211 3
89 316 3
35 72 3
175 256 3
4 297 3
234 289 3
275 278 3
77 271 3
176 268 3
116 144 3
202 249 3
65 308 3
188 287 3
140 268 3
48 300 3
86 93 3
101 178 3
169 321 3
83 135 3
13 99 3
7 246 3
56 201 3
52 191 3
47 139 3
147 283 3
64 162 3
146 152 3
27 291 3
99 253 3
221 294 3
66 306 3
164 226 3
214 326 3
128 252 3
184 216 3
147 222 3
98 122 3
91 208 3
93 149 3
239 254 3
3 99 3
171 222 3
68 181 3
197 241 3
78 199 3
129 184 3
22 303 3
15 296 3
155 187 3
11 38 3
38 77 3
135 180 3
118 190 3
210 263 3
6 184 3
25 37 3
107 258 3
174 195 3
106 311 3
82 224 3
130 308 3
76 278 3
10 71 3
161 225 3
171 196 3
154 183 3
30 168 3
208 285 3
138 219 3
144 163 3
199 242 3
16 168 3
44 282 3
70 189 3
191 260 3
155 293 3
36 240 3
20 311 3
46 180 3
123 161 3
271 305 3
106 314 3
110 254 3
58 60 3
140 247 3
156 204 3
39 258 3
91 302 3
200 321 3
39 168 3
58 331 3
217 323 3
10 287 3
195 252 3
110 318 3
48 80 3
210 314 3
73 132 3
50 91 3
191 257 3
62 190 3
1 115 3
21 91 3
4 261 3
42 290 3
15 96 3
6 293 3
152 247 3
14 16 3
45 86 3
85 251 3
92 129 3
66 84 3
38 133 3
1 242 3
1 20 3
40 277 3
11 280 3
300 301 3
63 242 3
202 235 3
54 321 3
4 36 3
68 121 3
300 318 3
59 205 3
34 191 3
62 293 3
186 194 3
106 331 3
24 270 3
26 300 3
37 309 3
196 247 3
5 156 3
178 239 3
166 277 3
293 312 3
89 280 3
20 56 3
145 265 3
34 219 3
95 255 3
108 179 3
97 209 3
214 232 3
34 239 3
199 262 3
33 275 3
125 199 3
109 303 3
53 106 3
66 136 3
225 285 3
13 304 3
197 200 3
36 234 3
83 290 3
182 328 3
66 204 3
198 199 3
23 232 3
105 221 3
81 300 3
174 206 3
166 282 3
96 271 3
151 254 3
206 256 3
188 295 3
98 163 3
53 133 3
55 64 3
11 311 3
76 236 3
102 183 3
205 274 3
253 298 3
14 253 3
187 265 3
19 46 3
56 141 3
289 309 3
133 212 3
174 183 3
200 320 3
4 292 3
319 332 3
10 15 3
170 298 3
5 68 3
191 278 3
111 192 3
125 164 3
16 284 3
231 329 3
34 286 3
58 243 3
263 269 3
33 43 3
30 282 3
232 286 3
151 242 3
256 272 3
157 161 3
13 85 3
144 204 3
4 283 3
114 234 3
128 185 3
27 129 3
163 182 3
159 232 3
73 162 3
35 95 3
124 194 3
13 316 3
225 329 3
164 269 3
68 324 3
13 81 3
76 157 3
278 284 3
160 185 3
59 207 3
188 290 3
59 153 3
53 270 3
217 262 3
214 231 3
216 328 3
199 274 3
8 271 3
12 171 3
207 331 3
82 219 3
78 331 3
43 282 3
23 122 3
55 82 3
249 264 3
69 189 3
46 322 3
121 206 3
255 307 3
24 190 3
170 297 3
177 308 3
235 239 3
29 268 3
238 269 3
236 248 3
14 210 3
37 106 3
80 252 3
38 168 3
11 146 3
236 252 3
191 277 3
45 85 3
68 119 3
274 288 3
32 169 3
52 267 3
76 319 3
295 313 3
130 176 3
136 189 3
241 260 3
99 145 3
102 240 3
250 266 3
89 247 3
25 89 3
33 133 3
71 109 3
200 302 3
26 232 3
78 139 3
86 134 3
300 316 3
114 159 3
98 249 3
268 277 3
78 332 3
43 317 3
102 308 3
155 268 3
243 316 3
269 293 3
69 296 3
7 163 3
33 291 3
97 314 3
30 319 3
230 265 3
263 287 3
12 304 3
99 279 3
96 248 3
210 278 3
1 47 3
105 155 3
88 235 3
195 317 3
24 200 3
183 283 3
31 141 3
235 264 3
251 306 3
125 196 3
207 236 3
96 255 3
73 263 3
18 19 3
140 270 3
244 317 3
12 139 3
249 251 3
1 195 3
116 184 3
66 145 3
47 324 3
149 330 3
168 310 3
42 93 3
278 292 3
55 220 3
120 292 3
57 317 3
44 230 3
135 327 3
6 287 3
205 273 3
194 254 3
38 67 3
45 131 3
23 288 3
20 177 3
24 74 3
66 187 3
66 87 3
263 306 3
50 120 3
24 185 3
83 106 3
20 319 3
137 193 3
278 329 3
199 318 3
52 190 3
156 234 3
103 179 3
110 279 3
118 133 3
225 273 3
128 290 3
330 332 3
177 184 3
203 273 3
186 260 3
142 242 3
87 120 3
105 239 3
16 206 3
77 281 3
179 250 3
27 47 3
79 317 3
57 277 3
11 266 3
72 262 3
169 263 3
34 124 3
20 51 3
90 301 3
107 127 3
195 232 3
142 271 3
59 180 3
37 227 3
1 5 3
84 311 3
287 318 3
248 280 3
220 271 3
71 98 3
27 51 3
194 317 3
164 189 3
5 157 3
31 253 3
115 283 3
93 262 3
29 305 3
71 261 3
255 328 3
233 262 3
167 331 3
187 198 3
82 327 3
99 136 3
163 317 3
149 178 3
67 258 3
9 323 3
82 261 3
21 285 3
202 296 3
268 297 3
231 287 3
73 117 3
46 202 3
120 226 3
212 332 3
213 317 3
121 326 3
310 312 3
48 203 3
75 269 3
