172 281 5
281 389 5
172 270 5
163 166 5
229 281 5
228 229 5
163 290 5
172 284 5
97 281 5
56 281 5
271 389 5
26 290 5
26 312 5
55 281 5
126 281 5
172 371 5
95 281 5
172 268 5
270 296 5
113 172 5
111 171 5
16 95 5
57 163 5
32 270 5
63 268 5
126 203 5
148 271 5
111 330 5
82 281 5
312 317 5
229 240 5
161 296 5
26 168 5
105 217 5
70 389 5
102 172 5
144 228 5
16 132 5
281 342 5
149 290 5
23 270 5
68 163 5
126 157 5
231 281 5
249 270 5
23 129 5
23 68 5
103 270 5
107 172 5
36 57 5
105 377 5
73 281 5
281 392 5
126 130 5
111 156 5
57 93 5
26 254 5
132 382 5
172 326 5
9 23 5
234 281 5
83 156 5
189 389 5
172 188 5
87 290 5
281 346 5
128 228 5
58 357 5
246 346 5
126 245 5
83 154 5
240 362 5
26 283 5
137 156 5
57 392 5
47 163 5
59 87 5
93 307 5
27 111 5
29 57 5
16 97 5
196 284 5
156 220 5
84 281 5
83 258 5
90 163 5
5 281 5
104 113 5
26 80 5
113 239 5
317 341 5
23 331 5
105 382 5
27 180 5
215 290 5
172 397 5
240 281 5
129 385 5
83 281 5
248 290 5
161 187 5
177 389 5
211 281 5
55 126 5
219 281 5
107 232 5
179 281 5
224 281 5
103 232 5
281 386 5
11 284 5
329 377 5
58 240 5
83 365 5
36 71 5
19 23 5
113 123 5
26 66 5
281 382 5
126 171 5
317 385 5
195 281 5
88 371 5
342 370 5
57 58 5
290 352 5
280 290 5
5 163 5
87 263 5
172 197 5
65 389 5
255 281 5
65 83 5
111 335 5
47 319 5
228 255 5
152 312 5
330 331 5
72 281 5
5 22 5
78 224 5
247 281 5
16 158 5
373 389 5
199 229 5
55 353 5
36 323 5
209 281 5
281 330 5
183 281 5
156 318 5
126 253 5
290 318 5
87 281 5
225 228 5
280 389 5
205 281 5
214 281 5
228 339 5
24 83 5
41 290 5
113 378 5
104 270 5
126 333 5
126 292 5
21 246 5
26 265 5
4 290 5
290 374 5
241 389 5
290 375 5
281 385 5
133 246 5
156 300 5
129 193 5
23 206 5
79 281 5
5 385 5
270 281 5
93 372 5
290 397 5
156 281 5
281 347 5
23 176 5
32 284 5
141 172 5
224 232 5
39 281 5
156 346 5
203 270 5
23 38 5
62 300 5
129 229 5
281 289 5
251 281 5
23 138 5
36 365 5
172 372 5
32 142 5
290 363 5
87 399 5
107 201 5
99 281 5
290 355 5
193 389 5
245 251 5
160 290 5
228 312 5
15 172 5
46 281 5
83 377 5
96 385 5
14 156 5
200 281 5
51 281 5
163 348 5
7 281 5
104 281 5
241 337 5
171 364 5
127 193 5
126 400 5
171 303 5
217 228 5
197 209 5
265 281 5
278 281 5
126 194 5
23 391 5
152 163 5
93 393 5
106 281 5
7 147 5
44 331 5
23 292 5
26 165 5
160 277 5
71 290 5
156 194 5
169 281 5
281 284 5
281 375 5
13 163 5
127 281 5
129 378 5
2 290 5
29 268 5
32 61 5
37 281 5
171 207 5
71 389 5
98 331 5
42 270 5
281 316 5
11 113 5
57 182 5
117 290 5
183 389 5
284 310 5
141 187 5
164 330 5
32 124 5
150 281 5
28 290 5
172 392 5
59 344 5
177 281 5
281 357 5
169 284 5
85 128 5
163 344 5
272 281 5
115 290 5
255 304 5
104 266 5
281 292 5
40 281 5
163 227 5
202 270 5
33 126 5
239 281 5
254 341 5
290 341 5
267 399 5
228 320 5
156 356 5
247 296 5
113 223 5
169 230 5
172 204 5
185 317 5
163 209 5
83 160 5
87 386 5
196 397 5
281 312 5
240 252 5
35 290 5
35 281 5
281 329 5
26 390 5
26 45 5
88 385 5
131 163 5
18 281 5
45 218 5
284 384 5
93 228 5
112 281 5
156 231 5
42 376 5
104 401 5
271 315 5
135 183 5
55 252 5
11 304 5
58 311 5
214 252 5
59 289 5
156 338 5
281 348 5
57 209 5
281 344 5
131 340 5
150 179 5
163 281 5
318 374 5
233 317 5
307 348 5
178 389 5
38 126 5
50 171 5
68 184 5
218 331 5
369 378 5
183 327 5
270 333 5
21 290 5
169 263 5
70 281 5
194 283 5
23 281 5
281 341 5
26 97 5
200 248 5
57 259 5
48 363 5
42 295 5
88 399 5
159 224 5
36 279 5
58 81 5
62 281 5
281 379 5
277 371 5
27 255 5
149 224 5
36 66 5
242 331 5
281 387 5
46 240 5
290 366 5
49 228 5
281 398 5
264 281 5
281 307 5
135 281 5
18 27 5
171 341 5
158 281 5
106 397 5
35 341 5
194 290 5
122 389 5
5 115 5
136 171 5
281 395 5
176 337 5
281 298 5
27 29 5
224 271 5
279 281 5
281 305 5
280 281 5
24 187 5
233 389 5
228 390 5
25 156 5
236 370 5
87 331 5
22 281 5
113 195 5
23 221 5
281 369 5
126 201 5
290 342 5
249 315 5
315 389 5
63 134 5
26 232 5
228 253 5
43 58 5
115 281 5
192 221 5
119 281 5
209 268 5
32 102 5
48 113 5
226 271 5
41 172 5
150 289 5
49 341 5
47 281 5
344 397 5
192 281 5
251 389 5
163 218 5
378 390 5
67 254 5
232 337 5
247 286 5
58 264 5
24 163 5
270 307 5
163 297 5
240 377 5
25 281 5
270 286 5
310 389 5
281 377 5
290 387 5
333 371 5
24 342 5
2 307 5
1 177 5
23 64 5
228 341 5
55 237 5
32 80 5
384 392 5
126 359 5
127 323 5
149 281 5
172 352 5
196 247 5
100 281 5
180 346 5
281 291 5
215 281 5
71 255 5
61 331 5
24 178 5
21 126 5
218 307 5
106 329 5
176 213 5
5 248 5
244 281 5
119 325 5
7 176 5
32 330 5
41 313 5
26 47 5
85 270 5
42 118 5
26 105 5
163 275 5
232 361 5
193 350 5
246 281 5
202 394 5
281 304 5
23 313 5
281 325 5
147 156 5
25 171 5
172 354 5
283 389 5
55 348 5
270 328 5
281 339 5
239 285 5
66 271 5
228 334 5
18 35 5
210 281 5
113 370 5
7 248 5
155 156 5
18 190 5
96 281 5
280 287 5
28 323 5
292 329 5
32 147 5
58 144 5
98 228 5
104 132 5
113 226 5
42 202 5
113 286 5
10 132 5
61 165 5
179 219 5
156 166 5
7 14 5
102 357 5
26 216 5
167 284 5
293 389 5
219 284 5
281 326 5
290 390 5
384 389 5
58 84 5
156 288 5
303 308 5
194 236 5
188 397 5
231 238 5
317 339 5
26 197 5
43 345 5
341 354 5
77 166 5
44 93 5
109 284 5
14 51 5
290 317 5
38 164 5
107 281 5
10 16 5
281 328 5
63 281 5
312 385 5
39 107 5
173 389 5
23 305 5
34 247 5
19 34 5
186 389 5
20 357 5
281 300 5
173 281 5
44 281 5
171 185 5
191 290 5
28 152 5
105 270 5
95 192 5
81 352 5
25 221 5
78 221 5
84 270 5
93 240 5
53 389 5
114 290 5
42 298 5
19 26 5
212 292 5
80 216 5
259 281 5
23 306 5
165 209 5
30 346 5
42 44 5
11 300 5
120 172 5
32 308 5
27 388 5
73 152 5
4 26 5
64 209 5
23 130 5
25 224 5
157 290 5
289 290 5
156 379 5
41 270 5
47 168 5
101 268 5
143 172 5
147 281 5
7 177 5
246 360 5
53 64 5
216 281 5
103 185 5
25 227 5
242 290 5
313 328 5
12 156 5
19 163 5
81 127 5
184 240 5
47 343 5
81 281 5
63 156 5
190 290 5
182 330 5
186 323 5
133 281 5
27 148 5
28 172 5
217 281 5
123 331 5
28 188 5
24 270 5
24 170 5
281 355 5
208 393 5
55 64 5
270 356 5
85 146 5
26 380 5
35 380 5
199 281 5
113 198 5
113 164 5
64 83 5
227 255 5
84 142 5
83 359 5
365 385 5
63 341 5
122 281 5
19 371 5
281 314 5
163 219 5
6 281 5
60 194 5
139 258 5
158 255 5
42 92 5
229 286 5
279 389 5
113 306 5
241 290 5
39 84 5
5 273 5
270 387 5
226 360 5
22 218 5
63 172 5
224 315 5
25 242 5
245 281 5
320 356 5
197 327 5
10 289 5
47 290 5
308 332 5
90 281 5
5 321 5
246 309 5
143 331 5
106 323 5
94 281 5
171 256 5
78 171 5
24 388 5
116 309 5
100 133 5
129 282 5
29 239 5
89 228 5
172 230 5
162 163 5
3 150 5
104 105 5
161 281 5
210 386 5
281 333 5
19 97 5
235 281 5
23 121 5
102 133 5
93 254 5
233 240 5
233 316 5
163 226 5
45 354 5
57 292 5
121 341 5
40 341 5
274 389 5
31 156 5
317 344 5
267 290 5
133 389 5
150 167 5
113 197 5
24 206 5
47 325 5
7 363 5
306 315 5
238 304 5
178 229 5
216 224 5
302 330 5
14 169 5
51 97 5
172 353 5
97 290 5
16 364 5
32 184 5
41 204 5
238 284 5
281 362 5
175 270 5
9 197 5
255 296 5
248 373 5
147 171 5
56 366 5
112 238 5
36 270 5
233 298 5
151 160 5
126 355 5
225 397 5
113 317 5
121 312 5
26 307 5
180 325 5
126 154 5
103 176 5
290 372 5
12 177 5
24 258 5
126 206 5
11 297 5
171 327 5
256 389 5
375 378 5
83 245 5
13 136 5
315 350 5
176 281 5
93 176 5
184 270 5
42 131 5
37 43 5
79 290 5
281 394 5
131 270 5
47 149 5
228 398 5
228 367 5
220 281 5
55 226 5
107 173 5
242 281 5
200 318 5
69 281 5
285 292 5
148 188 5
14 110 5
145 317 5
83 93 5
84 332 5
26 86 5
44 284 5
28 128 5
36 153 5
81 86 5
281 352 5
176 342 5
113 262 5
171 263 5
298 322 5
190 281 5
314 384 5
80 292 5
100 202 5
126 164 5
24 205 5
163 370 5
74 163 5
34 286 5
103 156 5
14 186 5
281 288 5
23 61 5
287 312 5
42 281 5
248 384 5
16 355 5
233 281 5
255 373 5
75 344 5
35 156 5
170 283 5
2 397 5
281 380 5
129 369 5
139 228 5
238 251 5
202 358 5
49 281 5
55 369 5
124 157 5
189 281 5
281 336 5
172 181 5
5 191 5
138 290 5
281 334 5
54 333 5
83 172 5
103 390 5
169 331 5
317 345 5
28 281 5
71 363 5
126 184 5
269 316 5
272 389 5
290 323 5
25 207 5
76 171 5
178 299 5
281 293 5
12 331 5
185 224 5
42 371 5
163 264 5
138 333 5
230 283 5
290 399 5
360 389 5
176 244 5
233 295 5
204 281 5
108 121 5
240 395 5
226 228 5
113 320 5
5 113 5
41 365 5
182 190 5
251 333 5
55 163 5
145 292 5
26 310 5
165 281 5
26 376 5
83 259 5
196 230 5
207 389 5
156 168 5
230 281 5
221 281 5
18 216 5
284 328 5
162 228 5
144 156 5
51 83 5
36 173 5
26 386 5
114 341 5
71 281 5
228 292 5
113 158 5
130 344 5
310 393 5
83 201 5
253 281 5
92 281 5
30 281 5
209 220 5
156 400 5
221 278 5
105 259 5
13 198 5
236 343 5
108 277 5
233 261 5
6 341 5
224 257 5
26 103 5
22 289 5
79 136 5
135 209 5
57 119 5
51 314 5
161 174 5
136 389 5
166 254 5
341 359 5
139 171 5
259 314 5
47 209 5
9 226 5
7 70 5
340 392 5
193 362 5
168 270 5
135 163 5
16 298 5
58 281 5
55 363 5
51 313 5
189 273 5
133 169 5
258 389 5
93 174 5
143 281 5
183 312 5
23 352 5
26 396 5
105 281 5
11 341 5
42 80 5
2 23 5
96 163 5
176 227 5
300 341 5
250 281 5
168 315 5
55 121 5
32 326 5
101 233 5
273 281 5
32 247 5
157 397 5
23 210 5
29 53 5
163 240 5
20 290 5
35 79 5
262 281 5
98 163 5
87 126 5
105 282 5
293 317 5
86 281 5
281 323 5
23 380 5
48 162 5
22 194 5
214 328 5
347 371 5
190 194 5
23 127 5
227 335 5
136 290 5
150 270 5
47 49 5
281 350 5
142 315 5
23 69 5
330 396 5
156 302 5
22 284 5
150 389 5
131 389 5
93 305 5
48 293 5
274 281 5
92 276 5
42 175 5
113 398 5
213 272 5
84 240 5
42 60 5
19 55 5
93 178 5
47 148 5
39 163 5
188 284 5
57 133 5
32 363 5
106 158 5
57 219 5
290 394 5
268 315 5
134 281 5
124 156 5
23 287 5
270 366 5
136 281 5
65 236 5
239 386 5
156 362 5
83 248 5
196 198 5
156 304 5
83 399 5
160 272 5
23 131 5
156 197 5
281 383 5
185 221 5
253 389 5
111 125 5
83 146 5
215 341 5
281 303 5
122 309 5
210 228 5
264 333 5
100 315 5
55 263 5
170 247 5
222 239 5
204 224 5
87 108 5
172 345 5
228 347 5
83 197 5
107 290 5
259 389 5
331 364 5
307 340 5
52 224 5
160 284 5
268 385 5
188 281 5
168 221 5
255 294 5
7 249 5
281 351 5
113 269 5
333 377 5
18 301 5
171 356 5
172 219 5
126 211 5
350 389 5
178 290 5
15 163 5
281 327 5
51 270 5
170 341 5
374 397 5
199 221 5
272 286 5
24 230 5
370 377 5
106 299 5
32 334 5
132 317 5
14 23 5
292 399 5
260 389 5
194 341 5
23 372 5
31 341 5
147 163 5
42 383 5
300 357 5
146 224 5
23 56 5
64 187 5
22 176 5
94 156 5
186 281 5
42 61 5
60 171 5
270 378 5
139 172 5
49 113 5
22 55 5
42 348 5
50 247 5
14 298 5
97 199 5
179 358 5
281 317 5
194 370 5
124 281 5
285 317 5
293 315 5
72 194 5
187 234 5
60 320 5
90 284 5
132 334 5
67 281 5
46 271 5
252 330 5
173 274 5
164 302 5
170 289 5
187 281 5
209 369 5
226 296 5
47 365 5
64 281 5
172 338 5
298 397 5
180 240 5
171 328 5
96 375 5
105 262 5
228 364 5
256 281 5
113 143 5
206 281 5
59 281 5
23 234 5
176 269 5
233 293 5
126 163 5
10 389 5
72 315 5
211 270 5
93 173 5
110 290 5
83 121 5
341 370 5
156 214 5
164 357 5
157 292 5
49 92 5
96 342 5
104 298 5
41 363 5
76 230 5
176 336 5
36 214 5
228 375 5
231 341 5
227 281 5
138 171 5
193 281 5
78 281 5
47 356 5
163 341 5
313 344 5
16 105 5
199 379 5
164 270 5
108 126 5
190 230 5
281 363 5
186 317 5
160 328 5
11 290 5
91 172 5
98 130 5
217 268 5
36 281 5
156 259 5
70 162 5
172 320 5
35 121 5
187 395 5
281 393 5
26 313 5
131 281 5
207 224 5
13 113 5
66 235 5
214 238 5
206 303 5
220 264 5
98 281 5
48 389 5
128 220 5
157 281 5
156 296 5
34 270 5
79 378 5
195 362 5
281 301 5
1 249 5
82 342 5
9 190 5
172 208 5
101 156 5
28 162 5
118 281 5
113 124 5
222 292 5
262 287 5
57 244 5
223 281 5
77 228 5
101 315 5
111 389 5
51 228 5
34 238 5
75 87 5
6 78 5
224 350 5
25 247 5
115 156 5
245 294 5
84 152 5
95 113 5
129 219 5
123 194 5
98 290 5
156 182 5
29 83 5
1 193 5
103 292 5
2 114 5
10 317 5
46 339 5
281 368 5
16 281 5
32 148 5
36 284 5
197 296 5
107 245 5
281 356 5
271 290 5
343 389 5
146 163 5
162 171 5
170 281 5
36 353 5
109 339 5
39 290 5
77 184 5
32 343 5
186 312 5
32 360 5
64 384 5
317 392 5
281 299 5
164 271 5
117 331 5
281 349 5
139 342 5
57 228 5
39 331 5
162 336 5
290 377 5
289 358 5
26 340 5
285 396 5
300 398 5
67 88 5
77 270 5
26 150 5
314 329 5
190 272 5
365 376 5
106 371 5
199 328 5
311 364 5
228 374 5
40 220 5
263 281 5
291 389 5
10 334 5
252 270 5
74 105 5
130 281 5
172 232 5
115 381 5
87 154 5
284 294 5
74 170 5
122 314 5
39 123 5
65 230 5
41 90 5
109 171 5
23 334 5
243 281 5
172 340 5
312 388 5
253 290 5
4 281 5
152 162 5
194 289 5
110 281 5
163 214 5
22 243 5
174 230 5
26 248 5
224 365 5
165 180 5
88 270 5
17 258 5
57 395 5
163 208 5
180 281 5
67 323 5
281 296 5
248 268 5
93 244 5
224 381 5
139 270 5
12 224 5
333 395 5
23 191 5
23 300 5
281 294 5
173 361 5
94 233 5
55 134 5
44 312 5
167 281 5
330 332 5
207 392 5
194 281 5
281 372 5
46 47 5
202 281 5
26 326 5
45 376 5
48 211 5
83 118 5
12 290 5
9 83 5
281 308 5
40 188 5
228 394 5
12 281 5
125 162 5
2 281 5
167 317 5
270 309 5
227 336 5
3 281 5
156 191 5
47 283 5
214 251 5
253 340 5
75 281 5
228 286 5
160 218 5
100 355 5
152 275 5
310 396 5
156 314 5
189 318 5
281 376 5
178 382 5
49 207 5
290 299 5
25 94 5
114 281 5
145 169 5
209 273 5
90 290 5
104 180 5
88 156 5
172 348 5
172 223 5
330 341 5
47 251 5
16 121 5
26 172 5
147 301 5
93 189 5
81 104 5
189 342 5
226 281 5
217 252 5
36 258 5
16 26 5
133 390 5
204 336 5
42 142 5
212 224 5
2 184 5
43 57 5
164 259 5
22 237 5
244 290 5
36 69 5
8 273 5
113 152 5
42 255 5
1 47 5
257 281 5
224 329 5
126 335 5
18 202 5
204 269 5
218 316 5
162 340 5
113 206 5
186 300 5
165 240 5
281 399 5
181 218 5
201 219 5
26 207 5
58 124 5
51 319 5
308 389 5
176 222 5
59 245 5
270 318 5
45 256 5
25 226 5
84 164 5
141 223 5
241 281 5
23 100 5
30 339 5
20 44 5
88 281 5
26 178 5
83 214 5
186 288 5
221 284 5
197 281 5
145 355 5
83 215 5
51 172 5
275 281 5
93 232 5
76 331 5
40 292 5
43 92 5
310 369 5
129 189 5
56 228 5
57 341 5
171 298 5
159 163 5
93 99 5
2 315 5
2 284 5
93 309 5
170 315 5
296 337 5
19 230 5
57 381 5
85 179 5
1 224 5
99 270 5
281 345 5
74 172 5
145 281 5
4 304 5
16 157 5
9 206 5
52 96 5
58 224 5
224 269 5
135 151 5
120 262 5
27 333 5
20 278 5
171 201 5
165 290 5
171 234 5
115 300 5
5 66 5
223 346 5
156 164 5
313 389 5
178 399 5
4 331 5
46 400 5
72 122 5
113 214 5
40 93 5
161 268 5
8 101 5
281 340 5
104 369 5
46 196 5
233 299 5
284 350 5
45 185 5
36 93 5
113 321 5
187 273 5
130 168 5
128 163 5
46 83 5
108 148 5
10 240 5
123 296 5
84 112 5
54 290 5
151 220 5
83 158 5
49 277 5
80 281 5
44 295 5
326 332 5
49 288 5
68 281 5
269 281 5
312 390 5
108 281 5
16 100 5
26 357 5
51 200 5
105 295 5
44 142 5
269 278 5
224 385 5
172 226 5
42 100 5
153 161 5
84 306 5
96 389 5
57 318 5
47 185 5
113 326 5
92 365 5
26 56 5
260 378 5
50 156 5
44 156 5
103 158 5
154 389 5
172 221 5
173 331 5
85 281 5
281 283 5
83 171 5
112 233 5
95 115 5
333 353 5
62 194 5
58 226 5
261 310 5
24 91 5
88 229 5
28 83 5
156 358 5
122 401 5
49 54 5
23 113 5
159 179 5
72 290 5
127 329 5
135 195 5
168 281 5
23 349 5
249 389 5
43 192 5
51 53 5
55 376 5
233 368 5
172 299 5
227 306 5
184 281 5
132 229 5
144 330 5
66 228 5
7 384 5
200 389 5
169 270 5
238 270 5
146 185 5
55 257 5
398 401 5
213 281 5
79 163 5
290 310 5
47 357 5
272 337 5
228 281 5
201 341 5
360 392 5
152 346 5
288 294 5
57 189 5
11 147 5
177 255 5
85 375 5
23 86 5
164 229 5
331 334 5
57 166 5
139 281 5
214 339 5
230 289 5
228 317 5
14 386 5
258 312 5
134 158 5
133 344 5
92 389 5
69 331 5
315 392 5
69 194 5
130 133 5
222 255 5
88 181 5
114 292 5
163 299 5
227 284 5
281 391 5
173 176 5
3 319 5
175 343 5
89 156 5
177 247 5
83 331 5
159 223 5
20 107 5
2 25 5
101 159 5
119 156 5
108 210 5
32 129 5
333 391 5
23 57 5
113 240 5
5 337 5
255 335 5
203 342 5
