199 227 4
20 135 4
227 337 4
227 325 4
227 237 4
53 227 4
227 340 4
78 227 4
227 250 4
24 204 4
67 227 4
227 307 4
204 318 4
227 318 4
227 334 4
4 227 4
227 257 4
24 212 4
227 338 4
121 257 4
202 204 4
53 272 4
121 301 4
174 227 4
204 322 4
257 268 4
48 227 4
78 316 4
118 227 4
184 318 4
58 227 4
272 281 4
227 280 4
204 217 4
142 227 4
282 322 4
189 227 4
53 282 4
116 227 4
156 227 4
117 227 4
78 89 4
135 141 4
165 227 4
89 281 4
237 345 4
227 321 4
19 227 4
90 204 4
227 336 4
142 291 4
32 121 4
115 340 4
41 227 4
317 321 4
84 135 4
106 321 4
204 302 4
321 322 4
227 292 4
227 249 4
20 227 4
281 352 4
13 322 4
314 321 4
135 290 4
276 345 4
322 354 4
195 227 4
92 227 4
214 227 4
132 318 4
132 277 4
20 307 4
192 204 4
150 204 4
176 321 4
227 236 4
227 311 4
104 227 4
20 38 4
227 248 4
196 321 4
79 321 4
65 281 4
227 348 4
213 227 4
227 277 4
65 227 4
24 151 4
15 227 4
191 301 4
142 318 4
125 227 4
306 337 4
98 322 4
210 282 4
227 356 4
20 120 4
19 305 4
59 227 4
18 135 4
227 291 4
227 302 4
202 255 4
121 236 4
121 358 4
20 128 4
151 227 4
92 310 4
64 227 4
166 277 4
200 227 4
204 292 4
158 227 4
281 307 4
40 151 4
211 227 4
161 322 4
218 227 4
35 121 4
169 227 4
204 260 4
133 227 4
227 308 4
227 353 4
88 227 4
89 212 4
45 322 4
278 305 4
121 352 4
178 281 4
29 321 4
187 277 4
17 227 4
39 227 4
24 320 4
14 32 4
150 215 4
70 345 4
20 352 4
255 349 4
136 248 4
227 364 4
196 227 4
227 270 4
227 309 4
122 187 4
227 265 4
126 135 4
44 92 4
121 266 4
127 280 4
135 193 4
272 325 4
222 227 4
227 312 4
158 187 4
227 323 4
227 331 4
225 227 4
160 227 4
20 160 4
227 335 4
168 272 4
110 260 4
202 323 4
227 239 4
157 321 4
1 352 4
227 240 4
119 227 4
204 259 4
162 227 4
125 209 4
24 313 4
272 358 4
78 80 4
19 300 4
62 227 4
23 272 4
17 287 4
60 227 4
191 204 4
92 287 4
80 92 4
14 278 4
11 227 4
93 150 4
130 322 4
130 321 4
294 318 4
227 279 4
204 210 4
39 302 4
91 204 4
174 281 4
53 111 4
63 84 4
62 84 4
17 121 4
21 227 4
25 318 4
18 227 4
48 111 4
127 231 4
20 244 4
227 322 4
313 340 4
317 350 4
255 321 4
7 227 4
59 204 4
77 121 4
120 227 4
74 268 4
321 329 4
91 118 4
227 246 4
27 202 4
22 227 4
12 322 4
227 255 4
110 227 4
212 227 4
106 307 4
181 227 4
51 121 4
227 347 4
161 303 4
68 257 4
259 277 4
12 99 4
227 283 4
55 204 4
266 281 4
20 204 4
202 293 4
257 306 4
172 204 4
96 259 4
107 321 4
204 233 4
146 204 4
82 281 4
105 227 4
195 229 4
170 281 4
161 227 4
211 325 4
109 227 4
70 305 4
39 82 4
181 226 4
15 150 4
14 26 4
18 202 4
52 121 4
125 185 4
227 259 4
87 281 4
120 257 4
143 227 4
157 266 4
87 227 4
227 271 4
227 281 4
17 322 4
142 293 4
82 227 4
43 227 4
97 227 4
32 249 4
198 277 4
124 227 4
202 342 4
11 18 4
39 87 4
135 294 4
217 227 4
85 336 4
189 302 4
84 227 4
242 352 4
76 115 4
138 227 4
63 321 4
141 158 4
227 365 4
5 227 4
129 312 4
217 316 4
145 227 4
227 328 4
17 29 4
121 290 4
44 202 4
100 342 4
135 311 4
78 231 4
236 317 4
22 46 4
227 263 4
321 365 4
176 178 4
177 227 4
58 282 4
24 157 4
141 213 4
171 227 4
113 204 4
9 132 4
142 244 4
68 168 4
65 120 4
5 65 4
20 127 4
100 204 4
85 121 4
204 323 4
51 204 4
243 307 4
175 227 4
161 326 4
91 347 4
80 232 4
70 99 4
17 59 4
13 106 4
227 244 4
185 325 4
190 323 4
189 220 4
227 278 4
121 148 4
245 325 4
321 339 4
62 282 4
215 227 4
130 187 4
179 321 4
206 282 4
281 295 4
60 282 4
227 261 4
227 285 4
59 253 4
49 326 4
38 143 4
227 254 4
227 324 4
220 227 4
121 296 4
48 326 4
136 227 4
196 324 4
52 227 4
38 206 4
17 108 4
209 318 4
271 352 4
78 326 4
135 146 4
106 227 4
245 305 4
39 275 4
7 278 4
86 307 4
227 303 4
189 282 4
227 228 4
130 299 4
186 227 4
71 281 4
26 141 4
133 321 4
204 342 4
227 342 4
5 289 4
142 226 4
227 306 4
308 339 4
155 227 4
78 328 4
75 227 4
24 227 4
138 321 4
121 129 4
161 356 4
44 275 4
3 24 4
80 272 4
14 175 4
20 318 4
92 213 4
11 161 4
78 294 4
3 10 4
98 227 4
285 324 4
1 121 4
16 227 4
28 302 4
176 288 4
109 321 4
33 243 4
28 227 4
227 266 4
5 343 4
34 326 4
34 125 4
148 204 4
120 153 4
77 315 4
227 231 4
212 240 4
118 362 4
215 327 4
137 321 4
70 227 4
161 267 4
59 85 4
96 227 4
143 190 4
55 321 4
11 346 4
173 227 4
50 227 4
161 328 4
245 321 4
227 289 4
54 135 4
133 280 4
227 358 4
166 227 4
253 301 4
272 296 4
73 121 4
66 227 4
3 141 4
61 281 4
227 287 4
123 227 4
145 161 4
121 208 4
11 76 4
7 208 4
16 321 4
163 227 4
135 321 4
202 253 4
92 351 4
68 135 4
94 141 4
28 204 4
149 204 4
262 307 4
129 135 4
112 321 4
97 322 4
220 284 4
52 113 4
290 338 4
51 237 4
44 227 4
49 135 4
85 237 4
61 278 4
8 127 4
227 320 4
145 329 4
28 340 4
259 281 4
108 227 4
120 145 4
32 127 4
41 127 4
125 246 4
161 323 4
178 227 4
321 363 4
2 227 4
61 255 4
296 325 4
17 90 4
179 227 4
20 73 4
77 135 4
121 178 4
227 299 4
81 227 4
270 321 4
100 256 4
227 242 4
24 70 4
153 272 4
158 204 4
227 330 4
59 195 4
10 321 4
24 299 4
109 127 4
17 195 4
230 292 4
111 227 4
170 187 4
20 243 4
17 238 4
113 227 4
271 272 4
127 181 4
204 288 4
147 253 4
101 227 4
59 96 4
77 202 4
134 161 4
227 344 4
82 204 4
204 319 4
227 357 4
91 301 4
3 227 4
73 141 4
200 360 4
46 250 4
121 227 4
113 214 4
160 215 4
291 341 4
80 202 4
161 251 4
73 108 4
127 245 4
145 207 4
52 176 4
107 227 4
175 257 4
206 245 4
84 238 4
227 258 4
101 301 4
212 310 4
211 219 4
21 121 4
47 186 4
42 204 4
161 288 4
66 237 4
20 288 4
77 227 4
62 272 4
204 223 4
170 227 4
321 350 4
40 318 4
24 331 4
39 251 4
2 272 4
121 136 4
19 310 4
270 351 4
67 270 4
133 278 4
227 317 4
52 212 4
47 227 4
46 64 4
121 280 4
184 227 4
20 126 4
10 113 4
50 322 4
192 227 4
212 286 4
30 227 4
20 249 4
10 28 4
11 139 4
152 208 4
131 319 4
63 265 4
38 227 4
211 281 4
121 239 4
3 138 4
19 51 4
5 20 4
69 270 4
342 364 4
189 269 4
4 13 4
157 161 4
16 130 4
23 325 4
166 176 4
17 292 4
281 361 4
202 359 4
161 214 4
20 152 4
34 227 4
217 321 4
106 290 4
14 227 4
161 308 4
20 191 4
19 81 4
28 328 4
36 269 4
121 126 4
86 194 4
212 249 4
198 314 4
108 276 4
204 358 4
226 282 4
32 207 4
78 321 4
51 325 4
268 280 4
13 84 4
260 321 4
273 343 4
75 321 4
135 249 4
37 121 4
52 139 4
171 353 4
20 91 4
26 137 4
5 308 4
124 173 4
97 99 4
20 277 4
16 199 4
70 322 4
52 198 4
277 321 4
222 321 4
227 243 4
130 253 4
140 321 4
40 227 4
88 292 4
44 276 4
65 80 4
62 275 4
121 225 4
227 264 4
67 78 4
92 321 4
17 341 4
127 211 4
234 352 4
5 178 4
195 272 4
141 275 4
225 272 4
45 75 4
35 245 4
232 243 4
183 226 4
161 299 4
68 272 4
325 352 4
202 356 4
140 227 4
325 336 4
121 196 4
120 149 4
50 183 4
35 227 4
159 204 4
11 363 4
263 270 4
20 215 4
78 119 4
18 200 4
16 325 4
121 224 4
162 325 4
167 227 4
19 166 4
11 121 4
44 350 4
281 288 4
227 332 4
326 343 4
87 127 4
45 278 4
178 188 4
55 333 4
39 135 4
97 328 4
39 157 4
80 273 4
33 345 4
38 154 4
32 236 4
71 227 4
84 156 4
202 227 4
113 147 4
217 265 4
135 142 4
274 299 4
55 227 4
227 343 4
176 227 4
179 281 4
140 336 4
6 125 4
94 222 4
184 284 4
40 64 4
86 290 4
105 131 4
107 211 4
172 227 4
322 347 4
227 351 4
106 234 4
207 227 4
8 157 4
70 206 4
82 170 4
192 202 4
212 337 4
38 278 4
205 232 4
176 194 4
95 308 4
227 238 4
32 314 4
229 238 4
73 227 4
123 217 4
83 305 4
110 335 4
174 204 4
275 329 4
73 204 4
38 146 4
156 188 4
50 76 4
69 318 4
20 326 4
228 255 4
227 316 4
110 142 4
59 203 4
119 216 4
100 227 4
227 300 4
227 361 4
204 272 4
227 272 4
39 364 4
161 349 4
150 298 4
51 227 4
16 217 4
14 318 4
59 271 4
3 17 4
117 241 4
20 321 4
20 296 4
18 233 4
121 191 4
318 321 4
227 260 4
150 227 4
272 277 4
108 312 4
227 282 4
104 251 4
121 128 4
220 260 4
205 291 4
227 234 4
208 319 4
83 202 4
67 248 4
126 346 4
227 290 4
227 349 4
110 312 4
20 75 4
29 227 4
275 278 4
121 217 4
51 104 4
200 317 4
121 253 4
49 227 4
188 227 4
156 302 4
137 227 4
36 362 4
24 27 4
69 218 4
111 121 4
311 316 4
121 216 4
22 63 4
42 257 4
86 334 4
4 20 4
121 201 4
121 356 4
222 322 4
162 220 4
49 196 4
75 166 4
127 142 4
201 208 4
227 333 4
124 321 4
199 274 4
118 159 4
199 289 4
173 238 4
7 133 4
121 264 4
200 269 4
271 358 4
246 292 4
97 157 4
49 204 4
24 114 4
133 216 4
42 189 4
88 321 4
132 227 4
83 227 4
259 325 4
182 204 4
148 227 4
153 227 4
129 281 4
176 358 4
220 279 4
179 201 4
233 282 4
32 39 4
9 141 4
205 227 4
48 52 4
20 190 4
22 121 4
305 335 4
245 256 4
132 321 4
39 169 4
135 218 4
80 167 4
216 289 4
247 294 4
127 221 4
1 318 4
121 134 4
104 333 4
92 260 4
22 281 4
70 121 4
36 142 4
36 278 4
161 174 4
74 321 4
20 172 4
10 261 4
142 334 4
164 233 4
119 204 4
280 339 4
48 80 4
227 273 4
21 224 4
150 167 4
225 312 4
105 321 4
306 321 4
237 321 4
133 261 4
17 200 4
50 204 4
62 263 4
321 341 4
242 321 4
98 318 4
219 227 4
227 268 4
227 267 4
143 158 4
24 187 4
227 305 4
211 317 4
118 288 4
64 223 4
17 261 4
216 227 4
65 142 4
204 303 4
16 236 4
24 302 4
4 218 4
194 275 4
288 344 4
18 31 4
143 237 4
285 321 4
19 282 4
120 187 4
37 325 4
227 262 4
208 227 4
24 74 4
5 357 4
231 281 4
204 362 4
61 227 4
62 321 4
193 318 4
116 302 4
86 146 4
227 232 4
187 242 4
227 350 4
25 277 4
121 166 4
55 171 4
103 142 4
51 187 4
135 269 4
80 88 4
148 331 4
121 187 4
198 270 4
49 284 4
147 325 4
146 311 4
220 233 4
58 325 4
12 277 4
97 204 4
106 204 4
217 306 4
127 227 4
250 275 4
309 321 4
106 264 4
134 227 4
99 227 4
174 307 4
198 301 4
204 354 4
276 325 4
227 363 4
218 236 4
157 227 4
103 227 4
201 335 4
217 285 4
86 227 4
170 280 4
204 277 4
9 204 4
78 304 4
227 296 4
8 227 4
90 287 4
87 147 4
25 227 4
262 270 4
120 311 4
128 254 4
266 309 4
194 352 4
176 279 4
21 272 4
125 163 4
23 229 4
71 356 4
201 227 4
159 166 4
114 326 4
122 277 4
118 196 4
310 321 4
302 341 4
128 178 4
224 227 4
321 346 4
154 227 4
204 327 4
97 307 4
321 338 4
229 321 4
100 121 4
121 199 4
5 165 4
146 173 4
29 34 4
78 267 4
64 180 4
20 161 4
83 192 4
112 349 4
206 352 4
17 22 4
8 204 4
134 216 4
250 306 4
125 179 4
102 215 4
272 307 4
135 230 4
181 266 4
163 305 4
20 123 4
154 167 4
204 255 4
67 200 4
46 227 4
62 293 4
261 278 4
142 283 4
90 227 4
331 347 4
130 220 4
169 347 4
10 322 4
121 349 4
40 202 4
156 241 4
207 212 4
17 331 4
118 123 4
91 227 4
32 227 4
28 360 4
227 310 4
205 322 4
11 306 4
95 121 4
67 288 4
4 257 4
36 202 4
204 289 4
111 272 4
17 20 4
28 272 4
34 301 4
150 234 4
80 160 4
295 318 4
80 154 4
227 294 4
227 288 4
42 139 4
21 307 4
198 227 4
318 339 4
306 352 4
20 192 4
93 236 4
112 333 4
13 20 4
111 242 4
151 321 4
269 292 4
16 310 4
187 223 4
246 270 4
118 278 4
78 166 4
33 135 4
77 204 4
76 127 4
35 52 4
50 272 4
34 152 4
28 278 4
63 227 4
38 66 4
51 144 4
85 227 4
39 286 4
135 183 4
249 282 4
98 260 4
49 113 4
236 342 4
61 187 4
2 288 4
293 340 4
72 227 4
5 296 4
91 280 4
121 305 4
65 345 4
163 204 4
16 154 4
26 281 4
115 176 4
188 261 4
244 331 4
15 21 4
278 338 4
135 256 4
190 227 4
227 352 4
61 315 4
133 281 4
71 189 4
106 139 4
4 94 4
2 121 4
93 308 4
187 272 4
170 245 4
121 286 4
71 187 4
21 220 4
191 227 4
17 241 4
215 294 4
202 336 4
121 350 4
52 243 4
95 211 4
10 270 4
281 364 4
5 94 4
14 325 4
153 363 4
111 213 4
31 321 4
183 227 4
14 276 4
78 195 4
107 245 4
67 322 4
135 137 4
135 274 4
18 36 4
204 335 4
14 187 4
108 321 4
71 328 4
65 304 4
97 298 4
355 356 4
57 336 4
36 228 4
78 238 4
28 255 4
133 156 4
193 227 4
99 264 4
134 283 4
135 330 4
156 219 4
220 295 4
16 293 4
227 326 4
12 281 4
113 121 4
4 155 4
164 302 4
52 286 4
6 135 4
85 265 4
48 65 4
6 288 4
24 277 4
69 241 4
178 301 4
197 204 4
188 191 4
51 97 4
69 227 4
90 304 4
58 78 4
40 184 4
210 213 4
202 262 4
133 138 4
121 175 4
58 103 4
306 353 4
36 295 4
47 71 4
58 217 4
8 24 4
58 119 4
141 256 4
255 346 4
191 282 4
23 321 4
89 257 4
145 321 4
88 97 4
147 227 4
160 330 4
68 305 4
89 112 4
35 208 4
17 255 4
125 204 4
134 321 4
33 121 4
233 299 4
130 227 4
147 295 4
88 121 4
94 227 4
123 318 4
20 214 4
176 295 4
156 255 4
227 339 4
126 227 4
58 241 4
64 147 4
116 141 4
17 218 4
344 352 4
118 212 4
199 359 4
53 121 4
226 227 4
152 305 4
3 20 4
241 352 4
4 187 4
204 206 4
263 273 4
15 282 4
274 312 4
227 297 4
103 277 4
33 79 4
135 275 4
121 181 4
223 265 4
51 90 4
75 338 4
137 153 4
194 356 4
318 337 4
268 325 4
229 301 4
22 228 4
223 301 4
68 227 4
54 227 4
69 204 4
36 161 4
137 156 4
249 297 4
32 306 4
100 160 4
189 223 4
180 321 4
288 290 4
231 329 4
3 32 4
31 227 4
265 281 4
254 272 4
164 311 4
109 208 4
108 287 4
20 348 4
227 354 4
121 241 4
138 196 4
136 305 4
233 300 4
148 161 4
214 360 4
88 106 4
124 336 4
99 331 4
208 293 4
231 272 4
76 204 4
227 329 4
143 161 4
19 204 4
259 288 4
135 263 4
250 321 4
58 341 4
93 305 4
199 278 4
120 128 4
152 227 4
95 199 4
131 321 4
21 148 4
161 245 4
30 78 4
141 227 4
166 204 4
176 211 4
65 101 4
24 135 4
33 212 4
69 321 4
19 78 4
41 266 4
153 277 4
1 170 4
120 264 4
104 174 4
14 331 4
22 311 4
275 284 4
260 345 4
205 294 4
150 165 4
194 227 4
135 357 4
164 211 4
205 341 4
82 265 4
81 154 4
65 248 4
