616 1128 1
1048 1128 1
1048 1128 1
1226 1128 1
1394 1128 1
1663 1128 1
273 1128 1
1128 314 1
1128 1248 1
1128 1687 1
1128 1897 1
1128 1246 1
1128 296 1
1128 1248 1
1128 1246 1
1128 1244 1
1128 1115 1
1128 284 1
202 659 1
56 659 1
34 659 1
284 659 1
368 659 1
949 659 1
1144 659 1
659 1394 1
659 412 1
659 58 1
659 1799 1
659 674 1
659 1267 1
659 1381 1
659 296 1
659 1900 1
659 1169 1
659 1135 1
286 639 1
616 639 1
1123 639 1
1144 639 1
1591 639 1
1038 639 1
639 644 1
639 644 1
639 616 1
639 505 1
639 505 1
639 1869 1
639 1409 1
639 356 1
639 1247 1
639 350 1
639 1244 1
639 505 1
639 356 1
639 1244 1
639 1332 1
639 505 1
639 563 1
639 314 1
1182 1129 1
1197 1129 1
1129 538 1
1129 273 1
1129 273 1
1129 1367 1
1129 1468 1
1129 1897 1
1129 1468 1
1129 1367 1
1129 1468 1
616 687 1
1165 687 1
546 687 1
70 687 1
1879 687 1
492 687 1
1189 687 1
687 1048 1
687 492 1
687 1879 1
687 273 1
687 1664 1
543 1725 1
1888 1725 1
569 1725 1
1570 1725 1
1725 1869 1
1725 1014 1
1725 1381 1
1725 936 1
1725 234 1
1060 670 1
1226 670 1
1226 670 1
1570 670 1
181 670 1
881 670 1
897 670 1
1199 670 1
1545 670 1
1701 670 1
670 58 1
670 674 1
670 646 1
670 661 1
670 1733 1
670 13 1
268 1054 1
273 1054 1
346 1054 1
1570 1054 1
1246 1054 1
538 1054 1
113 1054 1
488 1054 1
1054 412 1
1054 1877 1
1054 863 1
1054 1367 1
273 1880 1
1079 1880 1
1161 1880 1
1315 1880 1
1880 1048 1
1880 1275 1
1880 1687 1
1880 1248 1
1880 296 1
1880 1069 1
1880 505 1
1880 296 1
1880 1885 1
723 1135 1
723 1247 1
723 1297 1
723 646 1
723 1570 1
723 674 1
723 1613 1
723 1877 1
723 314 1
723 308 1
1591 507 1
301 507 1
1711 507 1
1591 507 1
1247 507 1
1235 507 1
1165 507 1
1165 507 1
507 433 1
507 1703 1
507 1613 1
1722 1665 1
1665 1456 1
1665 346 1
1665 437 1
1665 933 1
1665 1905 1
284 745 1
745 1077 1
745 1364 1
315 1878 1
1367 1878 1
712 1878 1
1394 1878 1
302 1878 1
1602 1878 1
1246 1878 1
1878 315 1
1878 356 1
1878 315 1
1878 356 1
1878 315 1
141 58 1
855 58 1
1602 58 1
1031 58 1
1391 58 1
58 959 1
58 1888 1
58 1895 1
58 284 1
58 519 1
58 519 1
58 499 1
58 929 1
58 931 1
58 475 1
58 1456 1
58 878 1
239 297 1
297 1367 1
297 1111 1
181 697 1
1413 697 1
1060 697 1
1039 697 1
492 697 1
279 697 1
301 697 1
697 959 1
697 646 1
697 878 1
697 892 1
697 1895 1
697 346 1
697 314 1
697 1570 1
1245 930 1
930 538 1
1663 655 1
1888 655 1
655 1465 1
655 878 1
644 1415 1
532 1415 1
410 1415 1
1388 1415 1
1802 1415 1
202 1415 1
1415 1315 1
1415 1166 1
1415 1421 1
1415 671 1
1415 1166 1
1415 1849 1
1415 752 1
1415 1802 1
1799 644 1
264 644 1
410 644 1
1039 644 1
644 1394 1
644 1315 1
644 1125 1
644 794 1
644 1701 1
644 1315 1
1388 199 1
1876 199 1
1423 199 1
199 1166 1
199 785 1
199 532 1
199 1060 1
199 1811 1
199 1418 1
199 1404 1
1449 1799 1
1462 1799 1
1274 1799 1
1166 1799 1
1064 1799 1
1799 1039 1
1799 949 1
1799 583 1
1799 1701 1
1799 583 1
1799 583 1
1799 1289 1
719 52 1
194 671 1
465 1422 1
1422 579 1
1422 579 1
1422 1729 1
279 743 1
279 743 1
743 583 1
1423 410 1
1514 410 1
410 752 1
410 1906 1
410 1802 1
876 1125 1
80 1404 1
1404 1315 1
1123 1403 1
1624 1403 1
1701 1403 1
1549 1403 1
1388 1403 1
1303 1403 1
1327 1403 1
1403 286 1
1403 1036 1
1403 1251 1
1403 1499 1
1403 583 1
1403 1549 1
1403 1251 1
1403 1251 1
1403 1388 1
1403 1210 1
1411 378 1
192 1550 1
1581 1756 1
1756 538 1
1756 1769 1
1756 583 1
1399 352 1
352 1064 1
1182 985 1
1330 985 1
1483 985 1
985 555 1
985 752 1
985 662 1
985 283 1
985 17 1
985 309 1
985 43 1
1449 1215 1
1045 1215 1
1624 1215 1
1624 1215 1
34 1215 1
1654 1215 1
1215 1039 1
1215 662 1
766 176 1
339 176 1
1066 176 1
279 176 1
1210 176 1
176 1358 1
176 1516 1
176 1331 1
176 902 1
492 952 1
1433 952 1
811 952 1
1066 952 1
1387 952 1
1327 952 1
1039 952 1
902 952 1
1717 952 1
34 952 1
952 1039 1
952 902 1
952 1182 1
952 1331 1
952 1274 1
952 1717 1
952 1433 1
952 453 1
952 1528 1
952 189 1
952 310 1
952 1048 1
952 1331 1
543 32 1
668 32 1
32 1331 1
32 902 1
32 538 1
32 1619 1
32 1499 1
32 343 1
32 343 1
32 1738 1
34 1639 1
34 1639 1
257 1639 1
1639 34 1
1639 34 1
1639 140 1
1639 1736 1
257 25 1
189 25 1
1811 25 1
25 555 1
25 189 1
25 1398 1
855 1754 1
1754 1752 1
1754 858 1
1754 1045 1
1754 648 1
1754 1484 1
1754 1749 1
1749 527 1
758 283 1
339 283 1
283 1274 1
283 752 1
283 453 1
283 1619 1
831 1843 1
190 343 1
1522 1792 1
232 1792 1
855 339 1
339 34 1
339 1615 1
43 668 1
37 668 1
668 1461 1
1433 453 1
453 1615 1
453 342 1
453 1178 1
117 662 1
1182 650 1
1014 650 1
650 1254 1
650 1774 1
1618 289 1
1462 289 1
1699 289 1
1645 289 1
1368 289 1
289 881 1
289 800 1
953 243 1
1449 243 1
215 243 1
510 243 1
477 243 1
908 243 1
648 243 1
243 1 1
243 280 1
243 1774 1
243 1893 1
243 1382 1
212 1823 1
1823 538 1
1823 144 1
1823 887 1
1823 1201 1
1823 1774 1
1201 1534 1
144 1534 1
682 1534 1
1534 286 1
1534 881 1
1534 1480 1
1457 290 1
1201 290 1
5 290 1
800 290 1
290 881 1
290 1091 1
290 1122 1
908 1236 1
908 144 1
908 612 1
693 6 1
1729 6 1
881 6 1
1254 6 1
6 1645 1
6 1682 1
642 785 1
1076 580 1
121 580 1
1595 580 1
573 580 1
580 888 1
580 45 1
580 1822 1
1618 4 1
1468 4 1
887 4 1
612 4 1
881 4 1
1472 4 1
649 4 1
56 1876 1
1240 1876 1
1319 1876 1
881 1876 1
1346 1876 1
1876 1345 1
1876 1201 1
1876 144 1
1876 1864 1
1618 883 1
1580 883 1
1580 883 1
1667 883 1
883 1014 1
883 1262 1
1908 1532 1
887 1532 1
1721 1532 1
1532 1358 1
1532 752 1
1532 1872 1
1532 1217 1
1532 1824 1
1144 706 1
1605 706 1
706 1437 1
706 273 1
706 142 1
706 1557 1
1437 168 1
1144 168 1
776 168 1
168 34 1
168 69 1
168 1387 1
1514 1275 1
855 1275 1
1275 170 1
1275 1539 1
204 1649 1
1353 1649 1
1649 674 1
1649 1394 1
1649 1041 1
1649 1514 1
1911 177 1
442 177 1
177 1038 1
538 1095 1
286 1095 1
1095 248 1
1088 676 1
170 676 1
676 34 1
676 1729 1
676 674 1
1227 1276 1
848 1276 1
43 1276 1
1430 1276 1
848 1276 1
848 1276 1
1276 695 1
1276 1060 1
1276 1516 1
1276 170 1
1276 19 1
343 1263 1
902 1263 1
1263 350 1
1263 207 1
731 1388 1
731 1367 1
690 10 1
1278 1539 1
1539 733 1
1060 567 1
752 700 1
700 1528 1
1605 1430 1
1605 511 1
141 927 1
172 1528 1
172 1741 1
172 248 1
172 1197 1
1060 696 1
696 674 1
696 834 1
696 1225 1
696 1493 1
711 811 1
711 15 1
711 636 1
711 302 1
711 787 1
711 1044 1
711 204 1
711 1654 1
787 1597 1
1844 1597 1
1849 1597 1
1597 131 1
1597 1505 1
1597 636 1
1597 1142 1
1752 1626 1
1595 1626 1
1802 1626 1
476 1626 1
1626 273 1
1626 349 1
1626 314 1
1529 276 1
276 1847 1
1847 608 1
821 826 1
277 796 1
277 218 1
277 218 1
1629 704 1
1497 1195 1
388 1865 1
