1367 1128 1
1879 1128 1
551 1128 1
1483 1128 1
1472 1128 1
633 1128 1
661 1128 1
1394 1128 1
1053 1128 1
1128 1895 1
1128 1053 1
1128 356 1
1128 505 1
1128 655 1
1128 1364 1
1128 616 1
1879 659 1
644 659 1
1144 659 1
644 659 1
659 674 1
659 1724 1
659 1053 1
659 1144 1
659 1528 1
659 929 1
659 1877 1
659 1381 1
659 1244 1
1394 639 1
959 639 1
484 639 1
960 639 1
716 639 1
162 639 1
813 639 1
639 949 1
639 1014 1
639 555 1
639 1869 1
639 1026 1
639 1248 1
639 1026 1
639 766 1
639 499 1
639 474 1
1039 1129 1
1377 1129 1
942 1129 1
1885 1129 1
1332 1129 1
1129 1039 1
1129 273 1
1129 616 1
1129 1165 1
1129 1165 1
1129 1246 1
1129 1661 1
1129 1364 1
1129 1570 1
1129 1468 1
1129 1468 1
492 687 1
758 687 1
227 687 1
1182 687 1
1315 687 1
616 687 1
687 1048 1
687 1724 1
687 1421 1
687 1733 1
687 1060 1
687 499 1
723 1725 1
609 1725 1
1725 433 1
1725 1053 1
1725 301 1
1471 670 1
1646 670 1
670 1394 1
670 263 1
670 863 1
670 1182 1
959 1054 1
1048 1054 1
661 1054 1
1247 1054 1
1165 1054 1
1527 1054 1
1054 1895 1
1054 1367 1
1054 412 1
1054 930 1
1054 1663 1
1054 312 1
1054 1663 1
1054 1135 1
1054 315 1
1054 312 1
1054 929 1
766 1880 1
58 1880 1
181 1880 1
1618 1880 1
320 1880 1
237 1880 1
1880 712 1
1880 477 1
538 723 1
1223 723 1
274 723 1
181 723 1
1437 723 1
934 723 1
1722 723 1
723 674 1
723 1891 1
674 507 1
1801 507 1
1165 507 1
1144 507 1
507 561 1
507 1135 1
507 1083 1
507 620 1
507 897 1
507 1900 1
507 1111 1
507 1687 1
917 1665 1
1408 1665 1
58 1665 1
1663 1665 1
181 1665 1
1665 356 1
1665 356 1
1665 1895 1
1665 1343 1
1409 1685 1
1685 1900 1
1685 1011 1
1394 745 1
308 745 1
959 745 1
745 1169 1
745 1885 1
745 836 1
745 929 1
58 1878 1
712 1878 1
1247 1878 1
359 1878 1
58 1878 1
1878 492 1
1878 1343 1
1878 315 1
1878 1248 1
1394 58 1
141 58 1
286 58 1
34 58 1
273 58 1
43 58 1
1733 58 1
58 1895 1
58 646 1
58 646 1
58 1905 1
58 1527 1
58 1468 1
58 477 1
1463 297 1
1895 297 1
1463 297 1
674 297 1
297 712 1
181 697 1
951 697 1
1394 697 1
1060 697 1
697 1274 1
697 356 1
697 268 1
697 1570 1
697 1169 1
697 356 1
697 1527 1
697 268 1
697 1722 1
697 655 1
697 814 1
697 1161 1
697 712 1
697 314 1
446 930 1
284 930 1
1885 930 1
1048 930 1
284 930 1
301 930 1
301 655 1
74 655 1
1247 655 1
655 1465 1
655 1246 1
655 274 1
655 1885 1
983 1415 1
1415 1404 1
1415 1729 1
1415 1144 1
1415 1802 1
1415 1399 1
1449 644 1
503 644 1
1182 644 1
953 644 1
244 644 1
1449 644 1
1166 644 1
644 257 1
644 1417 1
644 1802 1
644 1144 1
644 1418 1
1799 199 1
199 532 1
199 1799 1
199 1315 1
199 532 1
199 1404 1
199 785 1
199 1123 1
199 1902 1
199 80 1
1799 1039 1
1799 43 1
1799 1396 1
1799 1251 1
719 334 1
194 323 1
1039 1422 1
263 1422 1
1422 257 1
1422 1473 1
1422 858 1
1422 1282 1
1422 579 1
1422 579 1
1422 579 1
1036 743 1
1404 743 1
743 1387 1
1182 410 1
1144 410 1
410 1437 1
410 579 1
410 1289 1
410 1289 1
410 1358 1
410 483 1
410 1358 1
1144 1125 1
1125 1251 1
949 1404 1
1404 532 1
1404 1399 1
1403 1701 1
1403 385 1
1403 1050 1
1403 1289 1
1403 1701 1
1452 1411 1
257 1411 1
555 1411 1
1411 581 1
1411 483 1
1411 323 1
1064 1550 1
1756 203 1
1756 1769 1
492 352 1
1144 352 1
352 1893 1
352 583 1
1166 533 1
56 533 1
56 533 1
533 1166 1
533 1166 1
34 985 1
34 985 1
1039 985 1
1039 985 1
1166 985 1
985 1166 1
985 1039 1
985 674 1
985 21 1
985 283 1
985 459 1
1753 1215 1
1215 949 1
1215 1433 1
232 176 1
949 176 1
189 176 1
1263 176 1
176 949 1
176 453 1
176 1331 1
176 42 1
176 1431 1
176 232 1
176 1792 1
766 952 1
34 952 1
1826 952 1
1331 952 1
785 952 1
525 952 1
1331 952 1
952 1048 1
952 1166 1
952 34 1
952 959 1
952 831 1
952 34 1
952 766 1
952 342 1
952 766 1
766 32 1
189 32 1
811 32 1
242 32 1
34 32 1
34 32 1
32 189 1
32 310 1
32 484 1
32 1144 1
32 37 1
32 43 1
32 490 1
1753 1639 1
1753 1639 1
1513 1639 1
1639 766 1
1639 257 1
1639 766 1
361 25 1
25 960 1
47 1754 1
1310 1754 1
1184 1754 1
460 1754 1
503 1754 1
1754 1654 1
1754 1624 1
1754 661 1
1754 1156 1
1754 1331 1
1754 748 1
1754 1686 1
1754 1331 1
1754 1654 1
1754 1340 1
1749 959 1
1749 372 1
232 1718 1
1718 286 1
1718 42 1
1718 284 1
1718 42 1
1826 283 1
283 768 1
547 831 1
831 1703 1
831 577 1
34 190 1
190 1104 1
190 35 1
190 24 1
490 1792 1
1792 216 1
490 339 1
339 179 1
339 88 1
26 668 1
668 34 1
668 868 1
668 372 1
668 715 1
232 453 1
453 1344 1
453 1826 1
453 42 1
1433 528 1
528 490 1
1785 662 1
902 662 1
902 662 1
1876 650 1
1066 650 1
881 650 1
650 1 1
650 634 1
34 289 1
1471 289 1
484 289 1
800 289 1
34 289 1
203 289 1
289 34 1
289 1394 1
289 284 1
289 887 1
1893 243 1
280 243 1
994 243 1
681 243 1
243 1893 1
243 1254 1
243 1201 1
243 87 1
1557 1823 1
341 1823 1
263 1823 1
661 1823 1
1262 1823 1
1201 1823 1
573 1823 1
1482 1823 1
1823 1014 1
1823 586 1
1823 1482 1
1823 280 1
888 1534 1
279 1534 1
286 1534 1
5 1534 1
1534 888 1
1534 1451 1
1534 887 1
862 290 1
1595 290 1
263 290 1
724 290 1
438 290 1
221 290 1
1051 290 1
1705 290 1
858 908 1
1471 908 1
1644 908 1
771 908 1
720 908 1
908 280 1
908 1254 1
908 612 1
908 862 1
908 284 1
908 1201 1
6 1537 1
227 580 1
329 580 1
1864 580 1
1014 4 1
1864 4 1
724 4 1
4 87 1
4 862 1
612 1876 1
1623 1876 1
691 1876 1
1667 1876 1
1475 1876 1
612 1876 1
1876 144 1
1499 883 1
1394 883 1
1329 883 1
1694 883 1
1008 883 1
883 888 1
883 284 1
883 1670 1
883 887 1
1532 263 1
1532 1672 1
1226 706 1
858 706 1
1802 706 1
1483 706 1
1483 706 1
706 1226 1
706 1226 1
706 52 1
706 695 1
706 757 1
706 1741 1
706 1189 1
1144 168 1
1337 168 1
1741 168 1
1060 168 1
168 34 1
168 1144 1
168 776 1
168 712 1
168 1462 1
700 1275 1
1473 1275 1
1528 1275 1
1275 674 1
1275 674 1
1275 1060 1
1275 170 1
1275 286 1
1189 1649 1
1189 1649 1
700 1649 1
1649 1144 1
1649 1782 1
1649 503 1
1649 1026 1
1511 177 1
1144 177 1
177 1060 1
177 1616 1
1025 1095 1
1144 1095 1
1095 11 1
1095 613 1
722 676 1
858 676 1
257 676 1
676 674 1
676 538 1
676 170 1
676 695 1
676 69 1
676 690 1
676 1303 1
1654 1276 1
1624 1276 1
1473 1276 1
263 1276 1
700 1276 1
1654 1276 1
700 1276 1
1701 1276 1
34 1276 1
1624 1276 1
1276 284 1
1276 757 1
1276 1557 1
1276 811 1
1276 340 1
1276 1557 1
731 412 1
731 637 1
731 1528 1
1225 690 1
700 690 1
690 959 1
690 1394 1
1059 567 1
1449 700 1
700 346 1
927 170 1
172 674 1
172 1796 1
172 511 1
172 248 1
172 1367 1
172 1865 1
172 248 1
696 811 1
696 695 1
696 284 1
696 613 1
696 382 1
899 1528 1
954 1528 1
70 1528 1
1227 1528 1
1528 70 1
1528 1782 1
279 711 1
1226 711 1
711 626 1
711 1810 1
711 1767 1
711 1325 1
711 52 1
711 292 1
636 1597 1
302 1597 1
546 1597 1
1597 612 1
1597 758 1
1597 263 1
1597 837 1
1597 302 1
1597 1845 1
547 1626 1
811 1626 1
1626 858 1
1626 349 1
1626 1505 1
1626 349 1
1626 607 1
1444 1529 1
1701 1529 1
258 1529 1
1529 601 1
1846 607 1
1846 1506 1
608 1847 1
512 345 1
277 837 1
1195 1544 1
1383 820 1
