1053 1128 1
202 1128 1
1128 752 1
1128 1125 1
1128 58 1
1128 1895 1
1128 1267 1
1128 274 1
1128 1077 1
1128 446 1
1128 336 1
1144 659 1
1358 659 1
1358 659 1
1377 659 1
1437 659 1
509 659 1
257 659 1
1511 659 1
1377 659 1
1845 659 1
659 268 1
659 1747 1
659 911 1
659 1029 1
659 257 1
659 32 1
659 181 1
659 949 1
659 1367 1
659 1377 1
410 639 1
758 639 1
1026 639 1
1317 639 1
639 433 1
639 446 1
639 1053 1
639 1381 1
639 318 1
639 1169 1
639 1246 1
639 296 1
639 268 1
639 959 1
616 1129 1
1315 1129 1
1048 1129 1
230 1129 1
1129 1226 1
1129 743 1
1129 181 1
1129 58 1
1129 897 1
1129 492 1
1129 346 1
1129 301 1
1129 1468 1
1129 1865 1
1129 1877 1
70 687 1
1421 687 1
1413 687 1
644 687 1
1125 687 1
1048 687 1
687 1413 1
687 268 1
687 433 1
687 1060 1
687 1483 1
687 284 1
687 690 1
687 499 1
687 268 1
687 444 1
687 1144 1
687 1394 1
1247 1725 1
1247 1725 1
674 1725 1
648 1725 1
1879 1725 1
1358 1725 1
1048 1725 1
1263 1725 1
1536 1725 1
176 1725 1
492 1725 1
855 1725 1
532 1725 1
1204 1725 1
1524 1725 1
1595 1725 1
1688 1725 1
1832 1725 1
1725 1358 1
1725 1226 1
1725 723 1
1725 1687 1
1725 1659 1
1725 1244 1
1725 1879 1
1725 492 1
1725 723 1
1725 1069 1
1725 836 1
1725 1879 1
1725 1869 1
1725 49 1
1725 446 1
1725 1244 1
723 670 1
1169 670 1
959 670 1
1421 670 1
670 1413 1
670 674 1
670 661 1
670 1343 1
670 22 1
670 553 1
1247 1054 1
1879 1054 1
1394 1054 1
1131 1054 1
897 1054 1
897 1054 1
712 1054 1
181 1054 1
723 1054 1
1054 273 1
1054 1877 1
1054 1048 1
1054 1248 1
1054 538 1
1054 959 1
1054 1169 1
1054 655 1
1246 1880 1
296 1880 1
1903 1880 1
1895 1880 1
1200 1880 1
1880 1247 1
1880 474 1
1880 1332 1
1880 315 1
1880 1077 1
1880 836 1
1880 351 1
1880 1247 1
1880 1613 1
1880 1457 1
1880 1248 1
712 723 1
56 723 1
181 723 1
318 723 1
1226 723 1
880 723 1
871 723 1
1895 723 1
723 505 1
723 934 1
723 1048 1
723 1169 1
723 1048 1
723 492 1
723 296 1
723 444 1
723 1381 1
723 1570 1
723 1477 1
723 1483 1
723 1664 1
723 296 1
723 1865 1
723 1247 1
723 1343 1
723 1885 1
723 1367 1
723 1343 1
723 296 1
1204 507 1
561 507 1
1162 507 1
474 507 1
949 507 1
949 507 1
507 1048 1
507 1247 1
507 1569 1
507 1175 1
712 1665 1
1048 1665 1
356 1665 1
712 1665 1
1048 1665 1
1885 1665 1
1665 655 1
1665 1722 1
1665 1831 1
1665 1318 1
1665 1722 1
1665 1011 1
1665 1897 1
1665 1577 1
1381 1685 1
314 1685 1
1869 1685 1
1877 745 1
1569 745 1
1895 745 1
745 1381 1
745 1687 1
745 1297 1
745 1569 1
745 1069 1
356 1878 1
661 1878 1
754 1878 1
655 1878 1
1165 1878 1
268 1878 1
813 1878 1
202 1878 1
1878 1169 1
1878 1048 1
1878 1135 1
1878 1865 1
1878 1011 1
1878 1048 1
1878 907 1
1878 356 1
559 58 1
1297 58 1
1135 58 1
444 58 1
268 58 1
1048 58 1
1663 58 1
58 1048 1
58 553 1
674 297 1
148 297 1
297 1663 1
297 554 1
1048 697 1
697 1316 1
697 1367 1
697 553 1
697 301 1
697 646 1
697 1381 1
697 1082 1
697 519 1
697 274 1
474 930 1
1663 930 1
1367 930 1
346 930 1
836 930 1
327 930 1
59 930 1
930 1545 1
930 1267 1
930 291 1
712 655 1
959 655 1
181 655 1
181 655 1
437 655 1
655 268 1
655 1571 1
655 1048 1
655 1267 1
176 1415 1
1226 1415 1
1415 1404 1
1415 581 1
1415 766 1
1415 81 1
1123 644 1
1358 644 1
1182 644 1
1275 644 1
1449 644 1
743 644 1
410 644 1
644 1358 1
644 752 1
644 1064 1
644 1251 1
644 1182 1
644 1039 1
410 199 1
279 199 1
81 199 1
268 199 1
1799 199 1
199 1388 1
199 833 1
199 1251 1
199 1289 1
199 887 1
199 1347 1
199 833 1
199 581 1
1039 1799 1
983 1799 1
286 1799 1
1039 1799 1
1799 264 1
1799 263 1
1799 1388 1
1799 579 1
1799 1701 1
1799 905 1
1799 833 1
1799 581 1
1799 1483 1
1799 1388 1
700 719 1
487 719 1
1802 719 1
81 719 1
719 1802 1
719 833 1
1394 1422 1
949 1422 1
1358 1422 1
1394 1422 1
460 1422 1
1422 1516 1
1422 1123 1
1422 1251 1
385 743 1
503 743 1
257 743 1
743 109 1
766 410 1
674 410 1
410 264 1
410 263 1
264 1125 1
1417 1125 1
1125 1144 1
1315 1404 1
532 1404 1
30 1404 1
264 1404 1
1404 144 1
1404 579 1
1404 579 1
32 1403 1
1403 1210 1
1403 81 1
1403 81 1
1403 1354 1
1403 583 1
1403 1704 1
1411 46 1
1411 302 1
1388 1550 1
1424 1412 1
352 395 1
352 1428 1
1060 533 1
176 985 1
56 985 1
1316 985 1
949 985 1
1432 985 1
985 176 1
985 766 1
985 662 1
985 662 1
985 38 1
985 140 1
985 35 1
985 1484 1
985 1433 1
985 42 1
985 1484 1
985 1703 1
985 310 1
985 766 1
985 283 1
527 1215 1
1703 1215 1
189 1215 1
1637 1215 1
1433 1215 1
1167 1215 1
32 1215 1
283 1215 1
42 1215 1
189 1215 1
1753 1215 1
1215 527 1
453 176 1
70 176 1
1144 176 1
575 176 1
176 1088 1
176 1156 1
176 1738 1
176 1703 1
176 125 1
176 1738 1
176 43 1
176 831 1
176 453 1
279 952 1
952 1039 1
952 1182 1
952 1123 1
952 1624 1
952 1876 1
952 1619 1
952 279 1
952 547 1
952 17 1
952 189 1
952 831 1
952 1619 1
952 33 1
952 1615 1
952 1703 1
952 125 1
952 1729 1
952 1619 1
952 453 1
952 42 1
952 1615 1
952 1619 1
952 43 1
952 165 1
1039 32 1
1514 32 1
32 181 1
32 1749 1
32 1852 1
32 39 1
32 453 1
32 1433 1
32 1785 1
32 17 1
32 1749 1
32 175 1
32 755 1
32 766 1
32 527 1
902 1639 1
361 1639 1
1792 1639 1
1792 1639 1
283 1639 1
1749 1639 1
1639 1749 1
1639 119 1
1639 374 1
1785 25 1
881 25 1
189 25 1
164 25 1
310 25 1
1331 25 1
25 232 1
25 1398 1
25 1619 1
668 1754 1
1754 668 1
1754 1178 1
1754 372 1
1754 39 1
1754 1178 1
1316 1749 1
189 1749 1
1792 1749 1
1749 527 1
1749 1178 1
1749 527 1
453 1718 1
1718 266 1
1718 1703 1
1718 453 1
1718 125 1
1718 868 1
1718 1373 1
310 283 1
283 1792 1
283 527 1
283 42 1
283 1780 1
283 42 1
283 36 1
337 831 1
902 831 1
609 831 1
831 189 1
831 1316 1
831 1499 1
831 902 1
831 1300 1
140 190 1
190 1191 1
190 1703 1
190 1641 1
190 140 1
190 140 1
1316 1792 1
1387 1792 1
1747 1792 1
453 1792 1
1792 662 1
1792 1300 1
1792 21 1
1792 1146 1
1792 1337 1
1792 1337 1
1792 21 1
1736 339 1
1327 339 1
339 254 1
339 1736 1
1316 668 1
668 662 1
668 175 1
453 372 1
453 254 1
453 755 1
453 372 1
453 256 1
164 528 1
372 528 1
528 36 1
1066 650 1
555 650 1
1 650 1
280 650 1
650 881 1
650 477 1
758 289 1
289 1122 1
289 1 1
289 855 1
280 243 1
724 243 1
243 1893 1
243 1094 1
243 280 1
243 1122 1
243 887 1
243 1201 1
243 795 1
1449 1823 1
1377 1823 1
1624 1823 1
1014 1823 1
720 1823 1
1449 1823 1
612 1534 1
1122 1534 1
1534 87 1
227 290 1
1732 290 1
881 290 1
829 290 1
56 290 1
290 318 1
290 87 1
290 1480 1
290 1299 1
1513 908 1
872 908 1
908 758 1
908 888 1
908 1907 1
908 994 1
1876 6 1
586 6 1
1480 6 1
6 1466 1
1807 580 1
649 580 1
1480 580 1
881 580 1
1822 580 1
580 1466 1
580 1481 1
144 4 1
881 4 1
246 4 1
1014 1876 1
1417 1876 1
1473 1876 1
56 1876 1
698 1876 1
1514 1876 1
1876 56 1
1876 484 1
1876 1254 1
1 883 1
1144 883 1
1654 883 1
1452 883 1
1654 883 1
758 883 1
883 1123 1
883 1449 1
883 11 1
545 1532 1
1899 1532 1
1862 1532 1
1532 1899 1
1532 1014 1
1182 706 1
700 706 1
700 706 1
509 706 1
1059 706 1
706 1144 1
706 433 1
706 722 1
706 1528 1
706 871 1
706 1647 1
706 1161 1
1785 168 1
503 168 1
690 168 1
168 959 1
168 690 1
168 1782 1
168 1041 1
168 1041 1
168 1741 1
168 1060 1
168 1528 1
1095 1275 1
722 1275 1
953 1275 1
503 1275 1
1275 1144 1
1275 1060 1
1275 1263 1
1275 1648 1
1275 462 1
1275 1729 1
1275 1434 1
1275 1473 1
1845 1649 1
548 1649 1
712 1649 1
1845 1649 1
1000 1649 1
1649 1483 1
1022 177 1
871 177 1
286 177 1
177 188 1
177 1741 1
177 1741 1
177 188 1
10 1095 1
609 1095 1
1210 1095 1
1095 1064 1
1095 1032 1
52 676 1
1890 676 1
1446 676 1
1446 676 1
676 1144 1
676 834 1
676 708 1
722 1276 1
1189 1276 1
785 1276 1
511 1276 1
1086 1276 1
1276 1654 1
1276 1305 1
1276 1277 1
1276 690 1
1276 1064 1
1276 69 1
1276 69 1
1276 871 1
1276 214 1
1276 785 1
1276 1194 1
1654 1263 1
1358 1263 1
700 1263 1
214 1263 1
982 1263 1
1263 722 1
1263 257 1
1263 1539 1
1263 1528 1
1263 690 1
1263 69 1
1263 1189 1
1263 987 1
1263 1059 1
1060 731 1
731 871 1
871 690 1
1145 690 1
1262 1539 1
1060 1539 1
1539 1407 1
567 1389 1
567 1526 1
811 700 1
1270 700 1
1026 700 1
1787 700 1
700 181 1
700 250 1
700 1059 1
700 678 1
1472 1605 1
887 1605 1
1605 158 1
927 712 1
927 1124 1
1088 696 1
465 696 1
696 811 1
696 1386 1
696 514 1
696 1434 1
696 1041 1
696 10 1
696 1041 1
782 702 1
1511 711 1
858 711 1
1514 711 1
1305 711 1
982 711 1
1142 711 1
1210 711 1
503 711 1
1142 711 1
785 711 1
302 711 1
250 711 1
858 711 1
711 484 1
711 545 1
711 1616 1
711 204 1
711 1343 1
711 1849 1
711 52 1
711 1849 1
711 276 1
711 837 1
711 15 1
711 52 1
711 1505 1
711 1428 1
1462 1597 1
302 1597 1
1849 1597 1
606 1597 1
1123 1597 1
1597 484 1
1597 837 1
1597 1849 1
1597 251 1
1597 606 1
1597 251 1
1597 1178 1
1597 20 1
1597 606 1
1757 1626 1
1654 1626 1
1226 1626 1
1626 545 1
1626 953 1
1626 366 1
1626 607 1
1626 1849 1
1626 607 1
1626 251 1
1626 251 1
1626 366 1
1626 1325 1
1626 1325 1
1626 366 1
503 1529 1
1219 1529 1
1529 545 1
1529 204 1
1529 545 1
1529 1848 1
1529 607 1
1529 1219 1
1529 218 1
1529 607 1
1529 218 1
250 425 1
425 607 1
476 1846 1
397 503 1
397 982 1
397 1757 1
1445 717 1
1445 1141 1
1847 608 1
1895 512 1
512 837 1
512 1505 1
512 218 1
512 953 1
512 1298 1
276 821 1
276 821 1
1319 821 1
1757 821 1
277 887 1
277 545 1
277 1313 1
277 1298 1
277 1313 1
277 1313 1
277 1325 1
277 1810 1
704 250 1
