1536 1128 1
181 1128 1
723 1128 1
1404 1128 1
1128 659 1
1128 505 1
1128 687 1
1128 1570 1
1128 655 1
1128 492 1
1128 1570 1
1128 519 1
1128 1135 1
1128 1135 1
1275 659 1
193 659 1
1262 659 1
30 659 1
545 659 1
659 1275 1
659 1226 1
659 202 1
659 268 1
659 545 1
659 674 1
659 268 1
659 308 1
659 646 1
659 1142 1
659 1169 1
659 1267 1
659 1175 1
659 1262 1
659 1869 1
659 433 1
612 639 1
723 639 1
1182 639 1
1528 639 1
867 639 1
70 639 1
191 639 1
639 983 1
639 1616 1
639 273 1
639 268 1
639 1053 1
639 273 1
639 58 1
639 1879 1
639 412 1
639 1849 1
639 1895 1
639 410 1
639 1409 1
1616 1129 1
1182 1129 1
1377 1129 1
674 1129 1
1664 1129 1
1129 616 1
1129 263 1
1129 1468 1
1129 499 1
1129 1367 1
1129 1869 1
1129 446 1
1129 1687 1
1129 1687 1
1129 1570 1
1129 312 1
1129 1879 1
1129 433 1
1129 1468 1
1129 1224 1
1129 1468 1
1129 1468 1
1129 1263 1
1129 1468 1
1129 1869 1
1129 655 1
1129 1048 1
1799 687 1
723 687 1
743 687 1
318 687 1
81 687 1
1035 687 1
1077 687 1
687 181 1
687 284 1
687 1060 1
687 930 1
687 273 1
687 58 1
687 1161 1
687 1897 1
687 712 1
687 1885 1
687 723 1
687 1570 1
687 286 1
687 1877 1
687 1421 1
1226 1725 1
538 1725 1
538 1725 1
433 1725 1
505 1725 1
758 1725 1
1377 1725 1
1048 1725 1
503 1725 1
1725 719 1
1725 616 1
1725 723 1
1725 1437 1
1725 881 1
1725 674 1
1725 881 1
1725 314 1
1725 538 1
1725 1169 1
1725 474 1
1725 1246 1
1725 1753 1
1725 712 1
1725 538 1
1725 492 1
1725 1895 1
1725 1246 1
1725 1885 1
949 670 1
1753 670 1
1421 670 1
1358 670 1
1210 670 1
346 670 1
176 670 1
712 670 1
670 766 1
670 433 1
670 444 1
670 1900 1
670 1865 1
670 1125 1
670 1477 1
1733 1054 1
674 1054 1
1343 1054 1
1865 1054 1
1343 1054 1
1054 1885 1
1054 646 1
1054 1869 1
1054 492 1
1054 274 1
1054 1477 1
1054 1536 1
1054 291 1
1246 1880 1
1388 1880 1
433 1880 1
356 1880 1
356 1880 1
1664 1880 1
1114 1880 1
532 1880 1
1880 959 1
1880 1664 1
1880 1903 1
1880 836 1
1880 492 1
1880 1175 1
1880 346 1
1880 1664 1
1880 907 1
1880 1409 1
1880 1869 1
1880 1687 1
1880 1343 1
1880 1477 1
1880 1477 1
1880 234 1
1880 930 1
1880 1244 1
1890 723 1
712 723 1
758 723 1
1327 723 1
1877 723 1
477 723 1
850 723 1
723 1877 1
723 181 1
723 674 1
723 1570 1
723 1305 1
723 1876 1
723 412 1
723 553 1
723 538 1
723 296 1
723 1267 1
723 1570 1
723 1865 1
723 1248 1
723 312 1
723 1244 1
723 655 1
723 959 1
268 507 1
1169 507 1
356 507 1
507 1305 1
507 1248 1
507 836 1
507 1364 1
1654 1665 1
832 1665 1
1169 1665 1
1471 1665 1
1471 1665 1
1885 1665 1
1665 1409 1
1665 1169 1
1665 1343 1
1665 1831 1
1687 1685 1
312 1685 1
836 1685 1
836 1685 1
1895 1685 1
1381 1685 1
226 1685 1
1685 1069 1
1247 745 1
836 745 1
1048 745 1
1048 745 1
181 745 1
745 674 1
745 1569 1
745 1409 1
745 1332 1
745 273 1
745 1687 1
745 1011 1
745 1011 1
745 1687 1
745 1873 1
1111 1878 1
1885 1878 1
1178 1878 1
268 1878 1
525 1878 1
149 1878 1
1878 1246 1
1878 1569 1
1878 1048 1
1878 356 1
1878 538 1
1878 1169 1
1878 1381 1
1878 1247 1
1878 356 1
1878 878 1
273 58 1
959 58 1
1569 58 1
1867 58 1
58 655 1
58 553 1
58 1246 1
58 892 1
58 930 1
58 1465 1
58 1865 1
58 929 1
58 274 1
58 1569 1
58 1570 1
499 297 1
712 297 1
712 297 1
1409 297 1
182 297 1
297 1367 1
297 1706 1
297 856 1
297 655 1
297 1722 1
712 697 1
1066 697 1
644 697 1
697 42 1
697 499 1
697 538 1
697 301 1
697 1048 1
697 553 1
697 538 1
697 1473 1
697 967 1
624 930 1
250 930 1
1115 930 1
314 930 1
1364 930 1
1364 930 1
1332 930 1
1048 930 1
1247 930 1
930 553 1
930 314 1
930 913 1
930 1663 1
930 1900 1
930 519 1
1885 655 1
1569 655 1
1048 655 1
1895 655 1
538 655 1
59 655 1
655 1569 1
655 519 1
655 1011 1
655 312 1
719 1415 1
1511 1415 1
719 1415 1
176 1415 1
1449 1415 1
1514 1415 1
1289 1415 1
1415 1226 1
1415 949 1
1415 949 1
1415 1404 1
1415 1123 1
1415 465 1
1415 1750 1
644 1516 1
644 719 1
644 1388 1
644 1123 1
1893 199 1
1404 199 1
1516 199 1
199 612 1
199 532 1
199 1254 1
199 1123 1
199 905 1
199 410 1
199 460 1
199 1289 1
1516 1799 1
257 1799 1
1388 1799 1
338 1799 1
1065 1799 1
1064 1799 1
1226 1799 1
1799 335 1
1799 1182 1
1799 410 1
1799 410 1
1799 1316 1
1799 766 1
1799 1624 1
1799 81 1
1799 839 1
1358 719 1
983 719 1
1654 719 1
56 719 1
719 532 1
719 1125 1
719 81 1
719 1388 1
719 1849 1
719 1388 1
1802 194 1
194 579 1
194 1251 1
194 1251 1
194 1425 1
318 1422 1
1232 1422 1
712 1422 1
1422 1765 1
1422 302 1
220 743 1
331 743 1
387 743 1
1187 743 1
983 743 1
743 1449 1
743 279 1
743 1428 1
743 1404 1
869 410 1
1039 410 1
1616 410 1
1289 1125 1
1064 1125 1
545 1125 1
1125 264 1
1125 833 1
1144 1404 1
1499 1404 1
286 1404 1
1123 1404 1
268 1404 1
882 1404 1
1404 839 1
1404 279 1
1404 1750 1
1404 581 1
1404 1750 1
525 1403 1
1403 1226 1
1403 1802 1
1403 1590 1
1064 1411 1
1377 1411 1
1514 1411 1
1411 81 1
1411 335 1
1411 1514 1
1504 1550 1
1504 1550 1
1504 1550 1
1123 1424 1
1424 1760 1
411 1756 1
1756 1064 1
881 352 1
533 1849 1
533 645 1
533 460 1
533 1849 1
766 985 1
958 985 1
503 985 1
32 985 1
985 752 1
985 257 1
985 42 1
985 1519 1
985 42 1
985 42 1
985 42 1
985 374 1
985 1136 1
985 1059 1
985 1182 1
985 42 1
985 1059 1
985 1039 1
985 164 1
985 216 1
985 1519 1
985 1156 1
985 42 1
985 42 1
1316 1215 1
1215 498 1
32 176 1
982 176 1
1703 176 1
1327 176 1
176 1433 1
176 1702 1
176 1703 1
176 1703 1
176 160 1
176 160 1
1753 952 1
1039 952 1
952 1316 1
952 1226 1
952 1736 1
952 164 1
952 1104 1
952 1433 1
952 1123 1
952 668 1
952 1519 1
952 498 1
952 216 1
952 175 1
952 1316 1
952 10 1
952 1123 1
1316 32 1
1753 32 1
32 612 1
32 1315 1
32 766 1
32 691 1
32 39 1
32 1749 1
32 1749 1
32 766 1
32 660 1
32 1736 1
32 1337 1
32 1104 1
32 1104 1
32 1156 1
32 668 1
32 1738 1
831 1639 1
164 1639 1
1753 1639 1
1792 1639 1
1753 1639 1
1753 1639 1
1639 1305 1
1639 1484 1
1639 1753 1
1639 1736 1
1792 25 1
140 25 1
189 25 1
283 25 1
1703 25 1
56 25 1
1316 25 1
25 1736 1
25 668 1
25 284 1
25 1316 1
25 1736 1
25 1792 1
1736 1754 1
535 1754 1
759 1754 1
292 1754 1
1754 548 1
1754 1241 1
1754 160 1
1754 1156 1
1754 1736 1
1754 160 1
1754 1736 1
1754 160 1
1754 902 1
189 1749 1
1433 1749 1
453 1749 1
1316 1749 1
1749 175 1
1749 1266 1
1749 498 1
1749 1785 1
1749 140 1
1749 1637 1
1749 140 1
1749 1790 1
1496 1797 1
1316 1718 1
1178 1718 1
140 1718 1
164 1718 1
164 1718 1
1156 1718 1
1718 52 1
1718 1736 1
1718 374 1
1718 164 1
189 283 1
160 283 1
283 453 1
283 160 1
283 722 1
1636 831 1
1156 831 1
38 831 1
216 831 1
140 831 1
1156 831 1
831 1516 1
831 1499 1
831 253 1
831 1328 1
831 374 1
831 334 1
1331 190 1
190 1792 1
190 339 1
190 1156 1
190 1785 1
190 39 1
310 1792 1
1738 1792 1
340 1792 1
1792 160 1
1792 527 1
1792 1316 1
1792 160 1
1792 1484 1
339 1300 1
668 1788 1
668 160 1
668 364 1
668 36 1
668 1136 1
668 160 1
1178 453 1
453 1437 1
453 310 1
453 498 1
453 1372 1
453 656 1
453 498 1
453 1146 1
453 1156 1
1826 528 1
310 528 1
1736 528 1
1738 528 1
140 528 1
528 409 1
528 1637 1
1104 662 1
1785 662 1
1785 662 1
1104 662 1
216 662 1
1433 662 1
660 662 1
662 1161 1
662 1747 1
662 266 1
662 1619 1
662 1156 1
1876 650 1
417 650 1
650 1876 1
650 887 1
650 144 1
758 289 1
144 289 1
1844 289 1
1224 289 1
289 1516 1
289 674 1
289 920 1
227 243 1
503 243 1
548 243 1
87 243 1
1238 243 1
758 243 1
243 1000 1
243 612 1
243 1299 1
243 87 1
243 832 1
243 321 1
1533 1823 1
257 1823 1
1452 1823 1
144 1823 1
49 1823 1
484 1823 1
1159 1823 1
1159 1823 1
1823 887 1
1823 712 1
1823 477 1
1823 318 1
612 1534 1
487 1534 1
548 1534 1
1534 263 1
1534 465 1
1534 87 1
1534 1457 1
1534 887 1
56 290 1
1303 290 1
1377 290 1
661 290 1
1246 290 1
290 811 1
290 280 1
290 908 1
290 1018 1
290 1842 1
290 888 1
993 1742 1
795 1742 1
887 1742 1
1742 1015 1
1742 643 1
609 908 1
800 908 1
908 566 1
908 566 1
1872 6 1
1876 6 1
862 6 1
968 6 1
6 887 1
6 1682 1
6 1099 1
6 586 1
214 642 1
1014 580 1
648 580 1
881 580 1
280 580 1
855 580 1
280 4 1
612 4 1
881 4 1
855 4 1
612 4 1
758 4 1
586 4 1
612 4 1
1621 4 1
246 4 1
4 87 1
4 862 1
4 566 1
4 1452 1
698 1876 1
982 1876 1
144 1876 1
13 1876 1
198 1876 1
280 1876 1
1876 484 1
1876 1607 1
56 883 1
56 883 1
263 883 1
438 883 1
883 109 1
883 27 1
883 1387 1
883 888 1
883 586 1
561 1532 1
922 1532 1
1631 679 1
679 1743 1
70 706 1
1059 706 1
465 706 1
1327 706 1
706 1144 1
706 1000 1
706 777 1
706 1849 1
706 69 1
706 612 1
706 1757 1
706 542 1
706 1741 1
286 168 1
168 1394 1
168 1263 1
168 1437 1
168 1144 1
168 219 1
168 1886 1
168 967 1
503 1275 1
263 1275 1
1144 1275 1
722 1275 1
648 1275 1
1275 1729 1
1275 484 1
1275 1434 1
1275 1060 1
1275 966 1
1275 1041 1
1275 739 1
1060 1649 1
1528 1649 1
1649 1483 1
1649 871 1
1649 170 1
1649 718 1
1649 1806 1
1649 690 1
1649 312 1
286 177 1
1605 177 1
1358 177 1
1741 177 1
177 514 1
110 1095 1
748 1095 1
855 1095 1
1392 1095 1
1095 690 1
1095 1472 1
208 676 1
1624 676 1
785 676 1
340 676 1
1269 676 1
676 1274 1
676 966 1
676 718 1
1473 1276 1
546 1276 1
1473 1276 1
648 1276 1
331 1276 1
257 1276 1
1159 1276 1
257 1276 1
1276 214 1
1276 648 1
1276 1473 1
1276 109 1
1276 690 1
1276 1782 1
1276 109 1
1276 462 1
1276 1472 1
1276 70 1
1276 1729 1
1276 897 1
1276 700 1
1276 1624 1
690 1263 1
1528 1263 1
589 1263 1
700 1263 1
1263 1741 1
1263 836 1
1263 1728 1
1263 1526 1
1263 690 1
722 731 1
722 731 1
1473 731 1
731 718 1
648 690 1
1741 690 1
690 708 1
690 588 1
690 158 1
567 722 1
567 1741 1
79 700 1
1327 700 1
1161 700 1
648 700 1
700 547 1
700 855 1
700 158 1
700 542 1
700 739 1
700 1471 1
1605 465 1
927 685 1
75 172 1
1449 172 1
203 172 1
172 1796 1
172 1796 1
619 696 1
263 696 1
1088 696 1
696 1848 1
696 1389 1
696 619 1
696 511 1
696 511 1
696 158 1
702 1778 1
1060 1528 1
1741 1528 1
1449 711 1
1387 711 1
1757 711 1
1618 711 1
263 711 1
1142 711 1
1848 711 1
503 711 1
711 545 1
711 545 1
711 545 1
711 545 1
711 545 1
711 1325 1
711 607 1
711 1757 1
711 607 1
711 1514 1
711 1511 1
711 1141 1
711 1120 1
711 503 1
711 858 1
711 503 1
711 1134 1
711 276 1
711 967 1
711 1354 1
711 787 1
711 1511 1
276 1597 1
1848 1597 1
1024 1597 1
1142 1597 1
250 1597 1
1511 1597 1
15 1597 1
1597 607 1
1597 1298 1
1597 1848 1
1597 837 1
1597 1848 1
1597 1325 1
1597 607 1
1597 837 1
1597 837 1
1597 712 1
1597 441 1
1597 321 1
1511 1626 1
302 1626 1
1815 1626 1
302 1626 1
1142 1626 1
302 1626 1
1626 545 1
1626 1051 1
1626 366 1
1626 398 1
1626 601 1
1626 366 1
1626 250 1
1626 1848 1
1626 1388 1
1626 647 1
1626 1849 1
1626 1757 1
1626 1400 1
1626 1849 1
1626 750 1
1626 398 1
1626 1849 1
275 1529 1
607 1529 1
1123 1529 1
1499 1529 1
1529 1123 1
1529 545 1
1529 1298 1
1529 607 1
1529 607 1
1529 1354 1
1529 1057 1
1529 757 1
1529 1757 1
1529 1757 1
1826 425 1
425 433 1
425 1810 1
1051 1846 1
1846 1194 1
1846 625 1
1846 1194 1
1846 1194 1
1067 397 1
787 397 1
503 397 1
397 1444 1
397 345 1
397 345 1
397 1295 1
397 858 1
397 429 1
397 441 1
397 793 1
124 1445 1
1445 1295 1
1847 15 1
1847 1357 1
503 512 1
503 512 1
512 1325 1
512 135 1
512 848 1
607 821 1
821 276 1
1802 277 1
277 1890 1
277 1621 1
277 1272 1
277 849 1
277 849 1
277 1273 1
277 1120 1
277 250 1
277 849 1
277 399 1
704 1600 1
704 1120 1
704 849 1
1195 15 1
820 1804 1
9 388 1
388 1497 1
