1413 1128 1
509 1128 1
881 1128 1
1879 1128 1
659 1128 1
659 1128 1
1226 1128 1
1404 1128 1
881 1128 1
659 1128 1
1128 1724 1
1128 1717 1
1128 1377 1
1128 412 1
1128 553 1
1128 1169 1
1128 1169 1
1128 1175 1
1128 1193 1
1128 58 1
1128 327 1
1128 1897 1
1128 616 1
1358 659 1
644 659 1
949 659 1
1624 659 1
659 181 1
659 612 1
659 552 1
659 1175 1
659 723 1
659 32 1
659 1869 1
659 1364 1
659 734 1
659 492 1
659 526 1
659 1069 1
659 1900 1
659 1244 1
659 1869 1
659 1570 1
659 712 1
659 268 1
659 1175 1
1911 639 1
1144 639 1
356 639 1
1130 639 1
1871 639 1
639 644 1
639 1165 1
639 32 1
639 1305 1
639 1869 1
639 538 1
639 1053 1
639 1545 1
639 1877 1
639 505 1
639 836 1
639 234 1
639 712 1
1724 1129 1
1319 1129 1
1664 1129 1
1129 644 1
1129 655 1
1129 356 1
1129 273 1
1129 1343 1
1129 1247 1
1129 1684 1
1129 907 1
1129 1053 1
1129 1332 1
1129 907 1
1129 1724 1
1129 930 1
1724 687 1
1879 687 1
1404 687 1
1753 687 1
1303 687 1
1315 687 1
687 1724 1
687 712 1
687 176 1
687 1226 1
687 1877 1
687 1059 1
687 1274 1
687 1053 1
687 908 1
687 1905 1
687 1247 1
687 907 1
687 296 1
687 1053 1
687 1733 1
687 274 1
687 1663 1
687 712 1
687 274 1
687 22 1
687 646 1
687 907 1
687 907 1
687 929 1
687 1897 1
687 657 1
687 1053 1
273 1725 1
546 1725 1
1616 1725 1
712 1725 1
1885 1725 1
1377 1725 1
644 1725 1
58 1725 1
505 1725 1
1725 712 1
1725 58 1
1725 273 1
1725 930 1
1725 58 1
1725 58 1
1725 555 1
1725 723 1
1725 555 1
1725 836 1
1725 836 1
1725 723 1
1725 856 1
1725 836 1
1725 1652 1
1725 296 1
1725 1613 1
1725 1111 1
1725 1247 1
1725 1903 1
1725 437 1
1725 1869 1
1725 959 1
1725 359 1
1725 1595 1
1725 1069 1
1654 670 1
555 670 1
609 670 1
1599 670 1
670 674 1
670 22 1
670 499 1
670 929 1
670 1247 1
510 1054 1
328 1054 1
1895 1054 1
273 1054 1
674 1054 1
930 1054 1
346 1054 1
1054 959 1
1054 646 1
1054 1895 1
1054 1048 1
1054 1364 1
1054 437 1
1054 1111 1
1054 308 1
1054 1891 1
1054 437 1
1054 437 1
1054 437 1
1054 907 1
1054 1111 1
1054 1456 1
1054 1429 1
1054 562 1
1054 1429 1
1054 1663 1
1054 1891 1
310 1880 1
1039 1880 1
1717 1880 1
1616 1880 1
1566 1880 1
1764 1880 1
1729 1880 1
1880 58 1
1880 58 1
1880 674 1
1880 674 1
1880 1664 1
1880 712 1
1880 1413 1
1880 959 1
1880 268 1
1880 1069 1
1880 437 1
1880 274 1
1880 538 1
1880 474 1
1880 1069 1
1880 1613 1
1880 268 1
1880 1895 1
1880 1895 1
1880 58 1
1880 1900 1
1473 723 1
1764 723 1
1473 723 1
1569 723 1
1457 723 1
1409 723 1
723 1664 1
723 1684 1
723 11 1
723 1002 1
723 1577 1
723 314 1
723 1869 1
723 296 1
723 1545 1
723 959 1
723 1569 1
314 507 1
959 507 1
1111 507 1
433 507 1
1877 507 1
538 507 1
58 507 1
287 507 1
507 1885 1
507 1664 1
507 495 1
507 624 1
507 474 1
507 856 1
507 1247 1
507 1903 1
507 312 1
507 1875 1
507 433 1
507 1246 1
507 1048 1
507 571 1
1409 1665 1
1569 1665 1
1895 1665 1
1409 1665 1
58 1665 1
1569 1665 1
1226 1665 1
433 1665 1
1885 1665 1
268 1665 1
1665 12 1
1665 1570 1
1665 957 1
1665 1733 1
1665 1651 1
1665 1897 1
1665 326 1
1665 433 1
1665 1048 1
1665 1367 1
1665 315 1
1665 1169 1
1665 1409 1
853 1685 1
1404 1685 1
492 1685 1
599 1685 1
268 1685 1
181 1685 1
1685 1361 1
1685 346 1
1685 1361 1
1685 499 1
1685 1292 1
1685 1292 1
1685 1687 1
1685 1897 1
1685 1361 1
1900 745 1
957 745 1
1409 745 1
1895 745 1
1332 745 1
1591 745 1
745 1569 1
745 284 1
745 929 1
745 274 1
745 892 1
745 538 1
745 907 1
745 1873 1
745 1659 1
745 907 1
745 1007 1
745 1873 1
745 312 1
745 538 1
745 1267 1
745 1367 1
745 1569 1
745 1613 1
1123 1878 1
1536 1878 1
284 1878 1
1358 1878 1
1224 1878 1
1553 1878 1
1082 1878 1
1315 1878 1
220 1878 1
170 1878 1
1499 1878 1
1878 181 1
1878 494 1
1878 1570 1
1878 553 1
1878 14 1
1878 1577 1
1878 1244 1
1878 1569 1
1878 1027 1
284 58 1
1144 58 1
674 58 1
488 58 1
58 273 1
58 674 1
58 1462 1
58 1381 1
58 1569 1
58 562 1
58 446 1
58 655 1
58 1367 1
58 930 1
58 274 1
58 1895 1
58 1569 1
58 356 1
58 359 1
58 1895 1
58 492 1
58 433 1
1055 297 1
433 297 1
712 297 1
1687 297 1
1477 297 1
1486 297 1
1577 297 1
508 297 1
1486 297 1
297 1895 1
297 568 1
297 554 1
1315 697 1
1630 697 1
1885 697 1
697 1885 1
697 181 1
697 930 1
697 1111 1
697 1246 1
697 1733 1
697 1570 1
697 1267 1
697 655 1
697 1885 1
697 274 1
697 538 1
674 930 1
321 930 1
1343 930 1
1394 930 1
321 930 1
1885 930 1
1465 930 1
1885 930 1
930 1267 1
930 359 1
930 1367 1
930 359 1
930 328 1
930 1077 1
1545 655 1
561 655 1
655 1394 1
655 27 1
655 929 1
655 1462 1
655 301 1
655 1066 1
655 22 1
655 274 1
56 1415 1
712 1415 1
881 1415 1
1388 1415 1
833 1415 1
1289 1415 1
1415 176 1
1415 833 1
1415 257 1
1415 1749 1
1415 833 1
1415 1388 1
719 644 1
743 644 1
719 644 1
540 644 1
644 32 1
644 32 1
644 56 1
644 412 1
644 1066 1
56 199 1
1428 199 1
1358 199 1
1275 199 1
1799 199 1
199 257 1
199 1123 1
199 1388 1
199 1123 1
199 81 1
199 532 1
199 1123 1
953 1799 1
833 1799 1
1511 1799 1
1799 833 1
1799 1516 1
1799 1428 1
1799 1388 1
1799 1394 1
1799 839 1
1799 1289 1
1799 1095 1
1799 1226 1
1799 1417 1
831 719 1
1059 719 1
341 719 1
1275 719 1
1123 719 1
1388 719 1
719 983 1
719 811 1
719 1123 1
719 1022 1
719 1125 1
719 1701 1
719 1283 1
719 1125 1
579 194 1
194 1123 1
194 583 1
194 483 1
194 579 1
194 1423 1
194 579 1
811 1422 1
743 1422 1
1449 1422 1
722 1422 1
1422 1701 1
1422 736 1
1422 1428 1
1422 274 1
378 743 1
1256 743 1
1802 743 1
1449 743 1
1123 743 1
885 743 1
743 1095 1
743 752 1
743 1449 1
743 1802 1
743 1388 1
743 378 1
743 1902 1
743 847 1
543 410 1
204 410 1
1123 410 1
203 410 1
831 410 1
410 757 1
410 1057 1
56 1125 1
855 1125 1
264 1125 1
833 1125 1
532 1125 1
1516 1125 1
953 1125 1
1125 1902 1
1471 1404 1
146 1404 1
1417 1404 1
1251 1404 1
1454 1404 1
1182 1404 1
361 1404 1
1404 1309 1
1404 335 1
867 1403 1
358 1403 1
1516 1403 1
195 1403 1
1403 1226 1
1403 1226 1
1403 1123 1
1403 1708 1
1403 1142 1
1403 1093 1
1403 905 1
1403 1761 1
1403 1902 1
1403 1551 1
1516 1411 1
1516 1411 1
1729 1411 1
257 1411 1
1064 1411 1
279 1411 1
1411 99 1
1411 1516 1
1411 583 1
1411 1423 1
1411 1802 1
1388 1550 1
1550 1251 1
1550 400 1
1550 1558 1
1550 229 1
1405 853 1
853 1508 1
1424 1759 1
1424 1759 1
1424 645 1
1303 1756 1
1756 1428 1
1756 422 1
1224 352 1
1298 352 1
1516 352 1
352 1123 1
352 748 1
352 1551 1
352 1551 1
1123 533 1
599 533 1
1405 533 1
1388 533 1
1140 533 1
533 1656 1
533 1388 1
533 1388 1
533 64 1
533 1552 1
1792 985 1
42 985 1
1753 985 1
164 985 1
1596 985 1
317 985 1
985 831 1
985 1792 1
985 831 1
985 1749 1
985 1792 1
985 42 1
985 232 1
985 1372 1
985 841 1
985 766 1
985 1467 1
985 1370 1
985 167 1
985 668 1
985 1340 1
985 1793 1
985 855 1
985 232 1
985 1826 1
985 216 1
985 1370 1
1749 1215 1
942 1215 1
279 1215 1
1792 1215 1
19 1215 1
1215 1753 1
1215 42 1
1215 189 1
1215 1638 1
1215 160 1
1215 216 1
1215 1148 1
1215 1738 1
1215 841 1
1182 176 1
42 176 1
1298 176 1
42 176 1
1785 176 1
1753 176 1
176 949 1
176 1315 1
176 42 1
176 189 1
176 1736 1
176 1785 1
176 1370 1
176 161 1
176 42 1
176 1825 1
176 1825 1
176 1249 1
176 310 1
176 36 1
176 1840 1
176 812 1
176 453 1
176 156 1
176 1301 1
176 161 1
176 36 1
176 1840 1
176 1340 1
176 164 1
176 36 1
176 812 1
176 174 1
176 1178 1
176 1840 1
176 1340 1
176 1520 1
1358 952 1
712 952 1
1703 952 1
952 1358 1
952 542 1
952 1595 1
952 257 1
952 17 1
952 674 1
952 232 1
952 38 1
952 902 1
952 757 1
952 1595 1
952 1736 1
952 36 1
952 1337 1
952 1484 1
952 1520 1
952 1826 1
952 36 1
952 29 1
787 32 1
831 32 1
164 32 1
668 32 1
525 32 1
1210 32 1
1119 32 1
32 766 1
32 1516 1
32 339 1
32 1624 1
32 1749 1
32 1316 1
32 1717 1
32 1039 1
32 831 1
32 286 1
32 668 1
32 164 1
32 189 1
32 164 1
32 1654 1
32 244 1
32 1809 1
32 482 1
32 216 1
32 1249 1
32 766 1
32 662 1
32 1300 1
32 542 1
32 1182 1
1449 1639 1
547 1639 1
1226 1639 1
110 1639 1
1562 1639 1
1095 1639 1
1516 1639 1
1639 283 1
1639 1785 1
1639 1191 1
1639 1495 1
1639 217 1
1639 310 1
1639 167 1
1639 31 1
1639 1178 1
1639 1370 1
1639 409 1
1639 1484 1
1639 116 1
1639 164 1
1639 766 1
1639 453 1
372 25 1
1750 25 1
1319 25 1
1717 25 1
1749 25 1
25 1749 1
25 283 1
25 831 1
25 1381 1
25 342 1
25 227 1
25 1 1
25 1569 1
25 1246 1
25 353 1
25 1188 1
25 1634 1
25 855 1
25 1636 1
25 253 1
25 998 1
25 1698 1
25 1785 1
25 1749 1
25 1838 1
189 1754 1
164 1754 1
776 1754 1
1337 1754 1
42 1754 1
510 1754 1
917 1754 1
609 1754 1
19 1754 1
1754 1437 1
1754 263 1
1754 263 1
1754 831 1
1754 232 1
1754 232 1
1754 164 1
1754 216 1
1754 543 1
1754 1902 1
1754 998 1
1754 232 1
1754 1010 1
1754 17 1
1754 812 1
1754 1301 1
1754 1785 1
1754 812 1
1754 140 1
1754 453 1
1754 453 1
1754 213 1
1754 1525 1
1754 1785 1
1754 1360 1
1754 1500 1
1754 216 1
1754 1636 1
1754 159 1
1754 164 1
1754 372 1
1754 865 1
1754 17 1
1754 140 1
1754 1484 1
1754 905 1
1754 409 1
1754 1428 1
1754 81 1
1316 1749 1
1499 1749 1
1210 1749 1
310 1749 1
1337 1749 1
1792 1749 1
1749 283 1
1749 19 1
1749 216 1
1749 1703 1
1749 482 1
1749 1331 1
1749 353 1
1749 232 1
1749 790 1
1749 1337 1
1749 1520 1
1749 668 1
1749 1738 1
1749 29 1
1749 216 1
1749 865 1
1749 379 1
1749 1301 1
1749 1641 1
1749 1615 1
1749 1499 1
1749 159 1
1749 1520 1
1749 17 1
1749 1499 1
1749 29 1
1749 1826 1
283 1797 1
865 1797 1
1797 364 1
1433 1718 1
668 1718 1
1785 1718 1
1792 1718 1
1747 1718 1
831 1718 1
1792 1718 1
189 1718 1
284 1718 1
1718 273 1
1718 283 1
1718 789 1
1718 790 1
1718 1826 1
1718 1615 1
1718 1826 1
1718 1615 1
1718 42 1
21 283 1
1866 283 1
1736 283 1
484 283 1
831 283 1
1327 283 1
1738 283 1
283 1167 1
283 498 1
283 668 1
283 835 1
1516 831 1
1433 831 1
52 831 1
803 831 1
1316 831 1
1792 831 1
1183 831 1
1792 831 1
1826 831 1
1449 831 1
831 1792 1
831 1316 1
831 42 1
831 42 1
831 1316 1
831 1433 1
831 279 1
831 911 1
831 803 1
831 1839 1
831 1316 1
831 1433 1
831 1381 1
831 17 1
831 691 1
831 844 1
831 1826 1
831 1374 1
831 1788 1
831 1366 1
831 1484 1
831 36 1
831 1328 1
831 1328 1
831 865 1
831 232 1
831 36 1
831 36 1
831 1826 1
1316 190 1
1747 190 1
372 190 1
1316 190 1
190 339 1
190 1792 1
190 1310 1
190 94 1
190 1328 1
190 1328 1
190 1703 1
190 37 1
190 31 1
190 865 1
190 36 1
190 1178 1
190 1316 1
190 175 1
668 1792 1
164 1792 1
1316 1792 1
698 1792 1
1398 1792 1
648 1792 1
668 1792 1
1792 1893 1
1792 1893 1
1792 1095 1
1792 1358 1
1792 1785 1
1792 1825 1
1792 1738 1
1792 17 1
1792 1185 1
1792 39 1
1792 1826 1
1792 789 1
1792 165 1
1792 1484 1
1792 1398 1
1792 160 1
1792 159 1
1792 232 1
1747 339 1
942 339 1
242 339 1
339 42 1
339 1310 1
339 1738 1
339 790 1
339 1747 1
339 378 1
339 1703 1
339 39 1
1890 668 1
42 668 1
668 353 1
668 812 1
668 1132 1
668 1800 1
668 1191 1
668 1698 1
668 1191 1
668 790 1
668 1609 1
503 453 1
648 453 1
1178 453 1
1826 453 1
52 453 1
1337 453 1
453 902 1
453 1104 1
453 1484 1
453 36 1
453 1300 1
453 1484 1
453 36 1
453 1337 1
453 17 1
453 1337 1
160 528 1
1826 528 1
528 125 1
528 216 1
528 216 1
528 125 1
42 662 1
1460 662 1
1785 662 1
1094 650 1
650 881 1
650 887 1
650 795 1
650 1066 1
1122 289 1
881 289 1
1876 289 1
763 289 1
994 289 1
289 881 1
289 465 1
289 546 1
289 1014 1
289 280 1
289 994 1
289 1201 1
289 1 1
785 243 1
1618 243 1
1618 243 1
1306 243 1
1254 243 1
243 280 1
243 1471 1
243 712 1
243 1162 1
243 1177 1
243 888 1
243 1254 1
243 1254 1
243 212 1
1254 1823 1
870 1823 1
612 1823 1
1842 1823 1
1200 1823 1
1898 1823 1
1016 1823 1
144 1823 1
1823 785 1
1823 887 1
1823 1254 1
1823 144 1
1823 477 1
1823 1499 1
1823 994 1
1823 212 1
1823 144 1
1823 1830 1
1823 1201 1
1377 1534 1
734 1534 1
688 1534 1
1534 263 1
1534 1729 1
1534 280 1
1534 881 1
1534 785 1
1534 1 1
800 290 1
1536 290 1
1022 290 1
1654 290 1
270 290 1
227 290 1
290 13 1
290 1 1
290 881 1
290 888 1
953 1742 1
612 1742 1
484 1742 1
1402 1742 1
153 1742 1
1876 1742 1
785 1742 1
1742 1014 1
1742 1122 1
1742 1014 1
1742 1018 1
615 908 1
15 908 1
1067 908 1
1714 908 1
1874 908 1
846 908 1
1182 908 1
908 780 1
908 1514 1
908 1014 1
908 829 1
1274 6 1
1159 6 1
1274 6 1
1018 6 1
6 565 1
6 1874 1
642 214 1
642 1481 1
642 1617 1
642 635 1
642 1644 1
1473 580 1
1397 580 1
609 580 1
560 580 1
580 867 1
580 1201 1
1849 4 1
1201 4 1
270 4 1
876 4 1
4 1568 1
4 888 1
4 1218 1
1670 1876 1
1601 1876 1
1305 1876 1
171 1876 1
1876 1811 1
1876 1014 1
1876 888 1
1876 1607 1
787 883 1
961 883 1
1595 883 1
800 883 1
1692 883 1
700 883 1
883 465 1
883 1680 1
883 1014 1
883 1667 1
883 787 1
1437 1532 1
1473 1532 1
612 1532 1
242 1532 1
1645 1532 1
1541 1532 1
1532 87 1
1532 1774 1
994 679 1
679 1824 1
1677 593 1
1059 706 1
752 706 1
706 109 1
706 1358 1
706 860 1
706 787 1
706 462 1
706 1434 1
706 30 1
706 858 1
286 168 1
717 168 1
640 168 1
257 168 1
168 1275 1
168 1483 1
168 70 1
168 953 1
168 195 1
168 1277 1
168 60 1
168 1458 1
168 502 1
168 1472 1
168 30 1
168 1028 1
1263 1275 1
1095 1275 1
1263 1275 1
1437 1275 1
1161 1275 1
1060 1275 1
1275 1144 1
1275 1263 1
1275 811 1
1275 60 1
1275 1514 1
1275 503 1
1729 1649 1
1060 1649 1
1060 1649 1
1649 1729 1
1649 462 1
1649 462 1
1649 860 1
1649 1782 1
1649 1647 1
1649 588 1
1649 1041 1
1095 177 1
722 177 1
1358 177 1
177 110 1
177 110 1
177 1358 1
177 722 1
177 739 1
177 18 1
177 732 1
177 18 1
177 934 1
177 1844 1
1254 1095 1
1263 1095 1
13 1095 1
1095 739 1
1095 1732 1
1095 1472 1
1095 1917 1
1095 30 1
1095 596 1
1095 201 1
1095 860 1
1605 676 1
676 1539 1
676 30 1
676 1539 1
676 69 1
676 690 1
676 1434 1
1263 1276 1
1566 1276 1
1060 1276 1
30 1276 1
1059 1276 1
1392 1276 1
538 1276 1
367 1276 1
1276 1729 1
1276 1263 1
1276 114 1
1276 722 1
1276 860 1
1276 1434 1
1276 1745 1
1276 690 1
1276 1189 1
1276 1434 1
1276 1871 1
1276 860 1
1276 273 1
1276 69 1
1276 1189 1
1409 1263 1
1473 1263 1
208 1263 1
1528 1263 1
1714 1263 1
1060 1263 1
1528 1263 1
1409 1263 1
1263 1189 1
1263 1060 1
1263 1458 1
700 731 1
731 284 1
731 318 1
731 30 1
731 1458 1
731 1595 1
1473 690 1
170 690 1
434 690 1
690 1528 1
690 69 1
690 511 1
690 1526 1
690 1343 1
170 1539 1
722 1539 1
433 1539 1
540 1539 1
1539 170 1
1539 1605 1
1539 1247 1
1539 1476 1
615 567 1
615 567 1
722 567 1
722 567 1
661 700 1
722 700 1
609 700 1
700 912 1
700 70 1
700 739 1
700 1473 1
700 1778 1
700 732 1
700 678 1
739 1605 1
141 1605 1
1605 70 1
1605 935 1
1605 740 1
1605 158 1
1605 158 1
1605 1806 1
1605 1806 1
1605 1434 1
462 927 1
927 502 1
739 172 1
1646 172 1
1434 172 1
982 172 1
172 79 1
172 1911 1
172 832 1
172 462 1
172 588 1
721 696 1
696 1226 1
696 1254 1
696 1175 1
696 732 1
696 732 1
696 1553 1
696 514 1
696 1041 1
430 702 1
702 1434 1
1914 1528 1
70 1528 1
1712 711 1
1396 711 1
361 711 1
341 711 1
251 711 1
1848 711 1
278 711 1
302 711 1
278 711 1
711 1624 1
711 712 1
711 302 1
711 1396 1
711 1396 1
711 653 1
711 609 1
711 1739 1
711 607 1
711 276 1
711 837 1
711 1848 1
711 1357 1
711 1444 1
711 1269 1
711 1310 1
711 1269 1
711 607 1
711 493 1
711 843 1
711 787 1
711 15 1
711 837 1
711 1444 1
711 340 1
711 607 1
711 1848 1
711 493 1
711 1848 1
711 538 1
711 1845 1
711 1357 1
711 1269 1
711 1357 1
711 1357 1
1516 1597 1
953 1597 1
1428 1597 1
1449 1597 1
251 1597 1
1597 1349 1
1597 284 1
1597 1848 1
1597 1388 1
1597 1849 1
1597 276 1
1597 398 1
1597 787 1
1597 1842 1
1597 1516 1
1597 1444 1
1597 1269 1
1597 398 1
1597 1286 1
1597 231 1
1088 1626 1
674 1626 1
1626 1739 1
1626 631 1
1626 1005 1
1626 607 1
1626 1757 1
1626 833 1
1626 631 1
1626 1848 1
1626 1416 1
1626 15 1
1626 1269 1
1626 631 1
1626 366 1
1626 197 1
1626 1810 1
1626 1848 1
1626 1269 1
953 1529 1
1810 1529 1
1913 1529 1
1057 1529 1
1833 1529 1
503 1529 1
1529 825 1
1529 825 1
1529 825 1
1529 837 1
1529 837 1
1529 825 1
1529 1357 1
1529 251 1
1529 1357 1
1529 855 1
1529 1848 1
1529 825 1
945 425 1
1731 425 1
1362 425 1
408 425 1
785 425 1
1714 425 1
42 425 1
425 428 1
425 609 1
425 435 1
425 750 1
425 1269 1
1334 1846 1
120 1846 1
1349 1846 1
1846 1568 1
1846 829 1
1846 1393 1
1846 1538 1
1846 493 1
1846 827 1
1846 1354 1
503 397 1
876 397 1
503 397 1
1744 397 1
397 1396 1
397 1396 1
397 1442 1
397 276 1
397 1057 1
397 496 1
260 1445 1
1142 1445 1
1445 1349 1
1445 705 1
760 638 1
124 1847 1
124 1847 1
848 1847 1
1847 52 1
1847 1339 1
1847 849 1
487 512 1
512 837 1
512 1298 1
512 304 1
540 821 1
260 821 1
821 1084 1
1375 277 1
1375 277 1
1611 277 1
277 187 1
277 547 1
1010 704 1
119 704 1
1325 704 1
1907 704 1
704 1427 1
704 218 1
1306 1195 1
388 597 1
