639 1128 1
1879 1128 1
616 1128 1
273 1128 1
639 1128 1
181 1128 1
1165 1128 1
58 1128 1
1128 659 1
1128 811 1
1128 181 1
1128 1483 1
1128 1569 1
1128 1248 1
1128 268 1
1128 446 1
1128 1053 1
1128 1733 1
1128 1624 1
1128 1125 1
1128 359 1
1128 1511 1
1128 58 1
1128 1545 1
1128 328 1
1128 317 1
1128 284 1
1128 811 1
1128 1316 1
509 659 1
1020 659 1
659 1876 1
659 1404 1
659 734 1
659 1409 1
659 1226 1
659 492 1
659 723 1
659 1663 1
659 492 1
659 1885 1
659 273 1
659 1409 1
659 1877 1
659 1613 1
659 1381 1
56 639 1
639 1381 1
639 1869 1
639 274 1
639 410 1
639 1332 1
639 1267 1
639 1613 1
639 553 1
639 1175 1
639 284 1
639 616 1
639 308 1
639 312 1
1885 1129 1
1181 1129 1
286 1129 1
1129 1413 1
1129 58 1
1129 1802 1
1129 959 1
1129 1226 1
1129 477 1
1129 1343 1
1129 1869 1
1129 1343 1
1129 113 1
1129 1332 1
1129 836 1
1129 1869 1
1129 1381 1
1129 929 1
1129 1226 1
1129 1181 1
1129 302 1
1129 1181 1
1129 328 1
1129 1900 1
1129 1367 1
1129 1456 1
712 687 1
176 687 1
52 687 1
687 1413 1
687 1413 1
687 1305 1
687 1215 1
687 545 1
687 646 1
687 1247 1
687 132 1
687 52 1
687 519 1
687 1244 1
687 1733 1
687 483 1
687 22 1
687 1048 1
687 929 1
687 301 1
687 1687 1
687 538 1
687 1053 1
687 624 1
687 624 1
712 1725 1
1226 1725 1
1569 1725 1
712 1725 1
1569 1725 1
712 1725 1
1182 1725 1
1725 58 1
1725 719 1
1725 712 1
1725 1247 1
1725 273 1
1725 412 1
1725 774 1
1725 811 1
1725 538 1
1725 712 1
1725 1900 1
1725 620 1
1725 1332 1
1725 1722 1
1725 86 1
1725 856 1
1725 437 1
1725 1577 1
1725 915 1
1725 1069 1
1725 1903 1
1725 1569 1
1725 1175 1
1725 1722 1
1725 1165 1
1725 58 1
1725 1169 1
1725 499 1
1725 1381 1
1725 1903 1
1725 1246 1
1725 1332 1
1725 308 1
1088 670 1
202 670 1
712 670 1
670 811 1
670 538 1
670 1197 1
670 1197 1
670 274 1
670 1053 1
553 1054 1
273 1054 1
58 1054 1
959 1054 1
1054 1877 1
1054 1722 1
1054 22 1
1054 499 1
1054 499 1
1054 1900 1
1054 538 1
1054 884 1
1054 1135 1
1054 907 1
1054 1013 1
1054 863 1
1054 1069 1
1054 274 1
1054 1733 1
1054 1043 1
1054 915 1
1054 538 1
1054 907 1
164 1880 1
1616 1880 1
1729 1880 1
766 1880 1
273 1880 1
855 1880 1
949 1880 1
1764 1880 1
1165 1880 1
1880 766 1
1880 181 1
1880 1569 1
1880 296 1
1880 474 1
1880 1175 1
1880 1545 1
1880 505 1
1880 296 1
1880 1877 1
1880 492 1
1880 1687 1
1880 1900 1
505 723 1
315 723 1
1343 723 1
1367 723 1
766 723 1
723 1247 1
723 1409 1
723 1895 1
723 863 1
723 863 1
723 1722 1
723 1175 1
723 646 1
723 1077 1
723 570 1
723 1722 1
723 1486 1
723 1364 1
723 281 1
723 568 1
723 553 1
507 1885 1
507 495 1
507 1121 1
507 519 1
507 1267 1
507 1267 1
507 327 1
507 959 1
507 1891 1
507 1891 1
1165 1665 1
1165 1665 1
712 1665 1
58 1665 1
58 1665 1
1210 1665 1
1665 930 1
1665 655 1
1665 1569 1
1665 1165 1
1665 1244 1
1665 930 1
1665 1569 1
1665 646 1
1665 646 1
1665 1214 1
1665 437 1
1665 1569 1
1665 1813 1
1665 1409 1
1665 538 1
1665 312 1
1665 1569 1
1665 1570 1
1877 1685 1
1569 1685 1
655 1685 1
314 1685 1
344 1685 1
1569 1685 1
1685 1885 1
1685 1246 1
1685 312 1
1685 1228 1
1685 1222 1
1685 894 1
1685 1069 1
1456 745 1
1662 745 1
1231 745 1
1381 745 1
58 745 1
745 712 1
745 712 1
745 959 1
745 1409 1
745 1569 1
745 474 1
745 1590 1
745 474 1
745 1663 1
745 1012 1
745 1733 1
745 907 1
745 1012 1
1687 1878 1
476 1878 1
70 1878 1
1315 1878 1
1805 1878 1
273 1878 1
1885 1878 1
1878 284 1
1878 553 1
1878 275 1
1878 1332 1
1878 1733 1
1878 1577 1
1878 674 1
1878 492 1
1878 284 1
1878 437 1
1878 907 1
1878 646 1
1878 620 1
1878 1805 1
1878 1123 1
930 58 1
1885 58 1
1144 58 1
1569 58 1
1275 58 1
58 356 1
58 959 1
58 930 1
58 1895 1
58 959 1
58 911 1
58 1613 1
58 519 1
58 268 1
58 1613 1
58 959 1
58 959 1
58 892 1
1246 297 1
412 697 1
412 697 1
14 697 1
474 697 1
412 697 1
1367 697 1
930 697 1
268 697 1
181 697 1
268 697 1
697 181 1
697 110 1
697 1569 1
697 1908 1
697 519 1
697 1244 1
697 1244 1
697 1465 1
697 1244 1
697 1263 1
1409 930 1
1778 930 1
410 930 1
1908 930 1
743 930 1
930 284 1
930 54 1
930 519 1
930 646 1
930 1577 1
930 538 1
930 1865 1
930 863 1
930 863 1
930 301 1
930 1691 1
911 655 1
1409 655 1
412 655 1
538 655 1
884 655 1
1226 655 1
488 655 1
712 655 1
1182 655 1
942 655 1
655 144 1
655 863 1
655 444 1
655 624 1
655 444 1
655 646 1
655 318 1
655 884 1
655 1465 1
655 646 1
655 1343 1
32 1415 1
1275 1415 1
1799 1415 1
1750 1415 1
833 1415 1
1415 244 1
1415 949 1
1415 719 1
1415 32 1
1415 257 1
1415 257 1
1415 833 1
1415 833 1
1415 1144 1
949 644 1
1566 644 1
540 644 1
949 644 1
644 949 1
644 1182 1
644 612 1
644 983 1
644 1902 1
644 1388 1
644 257 1
644 766 1
341 199 1
1802 199 1
525 199 1
1428 199 1
983 199 1
199 1624 1
199 532 1
199 1514 1
199 1315 1
199 1423 1
199 1516 1
1123 1799 1
1799 831 1
1799 1802 1
1799 1902 1
1799 264 1
1799 302 1
1799 136 1
1799 583 1
1799 410 1
1799 1428 1
1404 719 1
1749 719 1
719 119 1
719 1215 1
719 1274 1
719 1125 1
719 887 1
719 1388 1
719 1902 1
719 1902 1
719 189 1
1421 194 1
80 194 1
1081 194 1
194 1761 1
194 1251 1
194 657 1
1123 1422 1
1516 1422 1
1168 1422 1
1327 1422 1
953 743 1
1388 743 1
583 743 1
743 263 1
743 1624 1
743 264 1
743 67 1
164 410 1
1454 410 1
1057 410 1
410 1454 1
410 1474 1
52 1125 1
1404 1125 1
949 1125 1
1358 1125 1
831 1125 1
1036 1125 1
1125 1039 1
1125 1310 1
1125 1417 1
1125 839 1
279 1404 1
283 1404 1
279 1404 1
1709 1404 1
1404 1388 1
1404 1904 1
1404 1308 1
1404 1423 1
1404 292 1
1404 1036 1
1404 1399 1
1404 1701 1
1403 1516 1
1403 905 1
1403 867 1
1403 1399 1
1403 1902 1
1750 1411 1
1411 99 1
1411 509 1
1411 777 1
1504 1550 1
1550 390 1
1753 853 1
1753 853 1
1753 853 1
1753 853 1
1753 853 1
192 853 1
230 853 1
1753 853 1
1251 1424 1
1849 1424 1
645 1424 1
1424 268 1
1428 1756 1
942 1756 1
1756 261 1
1756 1769 1
1251 352 1
352 286 1
352 748 1
352 136 1
352 1251 1
352 384 1
335 533 1
533 1428 1
533 418 1
533 404 1
1876 985 1
766 985 1
1753 985 1
1275 985 1
1753 985 1
42 985 1
985 766 1
985 42 1
985 1274 1
985 766 1
985 612 1
985 339 1
985 42 1
985 232 1
985 762 1
985 462 1
985 762 1
985 662 1
985 1776 1
985 159 1
985 140 1
985 1738 1
985 38 1
985 1104 1
985 727 1
985 1178 1
985 140 1
1753 1215 1
189 1215 1
42 1215 1
1749 1215 1
1397 1215 1
1215 1749 1
1215 1274 1
1215 1516 1
1215 960 1
1215 1449 1
1215 283 1
1215 1337 1
1215 164 1
1215 1792 1
1215 342 1
1215 21 1
1215 428 1
1215 217 1
1215 902 1
1215 1717 1
1753 176 1
244 176 1
547 176 1
949 176 1
176 42 1
176 232 1
176 1749 1
176 674 1
176 1717 1
176 1514 1
176 1738 1
176 1785 1
176 490 1
176 865 1
176 812 1
176 1337 1
176 310 1
176 865 1
176 1501 1
176 1821 1
176 1717 1
176 937 1
176 1057 1
831 952 1
831 952 1
1316 952 1
310 952 1
244 952 1
734 952 1
952 831 1
952 831 1
952 831 1
952 283 1
952 831 1
952 1316 1
952 831 1
952 1337 1
952 164 1
952 57 1
952 547 1
952 831 1
952 32 1
952 789 1
952 1826 1
952 1316 1
952 662 1
952 373 1
952 812 1
952 1316 1
952 1104 1
952 21 1
952 17 1
952 1738 1
952 998 1
1717 32 1
831 32 1
798 32 1
1094 32 1
32 286 1
32 164 1
32 1785 1
32 662 1
32 331 1
32 164 1
32 662 1
32 163 1
32 998 1
32 1808 1
32 1501 1
32 1095 1
32 1300 1
32 1749 1
110 1639 1
1516 1639 1
1514 1639 1
831 1639 1
612 1639 1
831 1639 1
1639 881 1
1639 766 1
1639 1516 1
1639 1516 1
1639 42 1
1639 662 1
1639 1104 1
1639 1443 1
1639 662 1
1639 310 1
1639 1808 1
1639 379 1
1639 789 1
1639 762 1
1639 1398 1
1639 1698 1
1639 1749 1
1639 1191 1
1319 25 1
1358 25 1
1753 25 1
1717 25 1
160 25 1
1785 25 1
25 612 1
25 1749 1
25 831 1
25 160 1
25 232 1
25 1471 1
25 998 1
25 668 1
25 803 1
25 125 1
25 1634 1
25 812 1
25 812 1
25 233 1
25 283 1
25 1266 1
25 841 1
25 163 1
25 36 1
847 1754 1
211 1754 1
1388 1754 1
81 1754 1
81 1754 1
1826 1754 1
19 1754 1
819 1754 1
1123 1754 1
262 1754 1
804 1754 1
1749 1754 1
668 1754 1
1754 543 1
1754 1516 1
1754 232 1
1754 232 1
1754 82 1
1754 1360 1
1754 1738 1
1754 998 1
1754 812 1
1754 1370 1
1754 378 1
1754 21 1
1754 335 1
1754 1902 1
1754 1433 1
1754 160 1
1754 812 1
1754 330 1
1754 498 1
1754 1300 1
1754 92 1
1754 998 1
1754 17 1
1754 1738 1
1754 340 1
1754 1300 1
1754 19 1
668 1749 1
1316 1749 1
1262 1749 1
1337 1749 1
1749 1316 1
1749 372 1
1749 1499 1
1749 232 1
1749 164 1
1749 1785 1
1749 789 1
1749 762 1
1749 1520 1
1749 1484 1
1749 17 1
1749 1428 1
1749 1337 1
1749 1433 1
1749 1703 1
1749 232 1
1749 1191 1
1749 1484 1
1749 1826 1
1749 790 1
1785 1797 1
42 1797 1
310 1797 1
1797 38 1
1797 451 1
284 1718 1
160 1718 1
1826 1718 1
789 1718 1
42 1718 1
1316 1718 1
1316 1718 1
1316 1718 1
310 1718 1
1484 1718 1
828 1718 1
42 1718 1
232 1718 1
232 1718 1
310 1718 1
1718 1911 1
1718 21 1
1718 1316 1
1718 339 1
1718 1826 1
1718 310 1
1718 19 1
1718 232 1
1718 1785 1
1718 453 1
1718 29 1
1718 23 1
1718 828 1
1718 1785 1
1718 1738 1
1718 42 1
1718 428 1
1718 189 1
1316 283 1
831 283 1
1792 283 1
1792 283 1
372 283 1
204 283 1
1792 283 1
1449 283 1
125 283 1
283 1316 1
283 1433 1
283 1136 1
283 1826 1
283 160 1
283 310 1
283 1331 1
283 253 1
189 831 1
42 831 1
1792 831 1
279 831 1
1516 831 1
1792 831 1
1855 831 1
609 831 1
1785 831 1
803 831 1
1316 831 1
1826 831 1
831 232 1
831 1792 1
831 263 1
831 232 1
831 189 1
831 42 1
831 1826 1
831 1300 1
831 691 1
831 164 1
831 1327 1
831 18 1
831 490 1
831 163 1
831 342 1
831 712 1
831 1428 1
831 803 1
831 163 1
831 157 1
831 1609 1
831 741 1
831 1337 1
831 21 1
831 689 1
831 855 1
831 232 1
831 232 1
831 1249 1
831 1826 1
831 38 1
1433 190 1
1785 190 1
1316 190 1
1815 190 1
1785 190 1
1747 190 1
1433 190 1
190 1785 1
190 1372 1
190 1104 1
190 1808 1
190 1372 1
190 1300 1
190 355 1
190 1433 1
190 1300 1
190 342 1
190 1826 1
190 342 1
190 160 1
190 119 1
340 1792 1
331 1792 1
1656 1792 1
547 1792 1
1595 1792 1
1337 1792 1
1792 164 1
1792 1337 1
1792 1104 1
1792 1337 1
1792 159 1
1792 1249 1
1792 1785 1
1792 902 1
1792 841 1
1792 140 1
1792 662 1
1792 19 1
1792 1316 1
1792 1300 1
1210 339 1
668 339 1
876 339 1
339 942 1
339 541 1
339 1337 1
339 498 1
339 1835 1
339 668 1
339 1738 1
339 92 1
803 668 1
453 668 1
668 164 1
668 1104 1
668 741 1
668 453 1
668 1365 1
668 428 1
668 167 1
803 453 1
52 453 1
159 453 1
1785 453 1
722 453 1
1337 453 1
1167 453 1
453 21 1
453 1300 1
453 1300 1
453 42 1
453 1178 1
453 1178 1
453 1191 1
453 159 1
453 1104 1
453 490 1
453 1370 1
453 902 1
453 1835 1
453 1488 1
453 1300 1
453 902 1
453 1328 1
453 1812 1
528 1496 1
528 125 1
528 937 1
528 812 1
528 1501 1
528 1185 1
528 409 1
528 937 1
140 662 1
1755 662 1
232 662 1
42 662 1
790 662 1
1331 662 1
662 490 1
662 1370 1
612 650 1
1911 650 1
1536 650 1
734 650 1
650 477 1
650 555 1
650 1533 1
650 1876 1
650 412 1
650 1254 1
650 1254 1
650 610 1
476 289 1
1 289 1
586 289 1
289 648 1
289 1 1
289 586 1
289 908 1
648 243 1
1 243 1
800 243 1
243 908 1
243 795 1
243 887 1
243 1667 1
243 1667 1
243 586 1
243 1363 1
1226 1823 1
1144 1823 1
858 1823 1
70 1823 1
1 1823 1
1823 1316 1
1823 800 1
1823 1095 1
1823 87 1
1823 1201 1
1823 805 1
1823 1299 1
87 1534 1
282 1534 1
1254 1534 1
1906 1534 1
1439 1534 1
52 1534 1
1632 1534 1
1617 1534 1
1534 1377 1
1534 280 1
1534 518 1
1534 1745 1
855 290 1
1123 290 1
1457 290 1
1478 290 1
290 1876 1
290 565 1
290 1299 1
290 212 1
908 1742 1
1387 1742 1
540 1742 1
917 1742 1
1742 263 1
1742 1018 1
1742 734 1
382 908 1
144 908 1
1735 908 1
778 908 1
777 908 1
908 967 1
908 858 1
908 1014 1
908 292 1
908 1280 1
908 212 1
908 787 1
1305 6 1
833 6 1
646 6 1
1454 6 1
612 6 1
465 6 1
1908 6 1
6 1201 1
6 1478 1
6 1745 1
1745 642 1
994 642 1
1224 642 1
87 642 1
13 642 1
1876 642 1
642 805 1
642 1644 1
642 1745 1
994 580 1
580 1473 1
580 876 1
580 1778 1
580 1014 1
580 1822 1
1454 4 1
4 833 1
4 1775 1
4 360 1
4 994 1
4 246 1
1566 1876 1
1201 1876 1
615 1876 1
1876 1483 1
1876 565 1
1876 1770 1
1876 565 1
1876 829 1
1876 1201 1
677 883 1
734 883 1
1210 883 1
144 883 1
1692 883 1
883 912 1
883 1514 1
883 1254 1
883 1667 1
883 1201 1
883 994 1
883 1254 1
1161 1532 1
1240 1532 1
321 1532 1
1532 888 1
1532 1478 1
1532 1482 1
1532 1745 1
1532 1 1
722 706 1
752 706 1
690 706 1
706 858 1
706 690 1
706 1095 1
706 1394 1
706 1277 1
706 1911 1
706 83 1
706 462 1
706 1473 1
706 127 1
706 848 1
1059 168 1
1514 168 1
509 168 1
168 170 1
168 1402 1
168 953 1
168 1472 1
168 367 1
168 1458 1
168 732 1
168 700 1
168 78 1
168 1088 1
168 69 1
1358 1275 1
1095 1275 1
1358 1275 1
1483 1275 1
546 1275 1
1060 1275 1
1275 811 1
1275 1263 1
1275 91 1
1275 860 1
1275 712 1
1275 1161 1
543 1649 1
1462 1649 1
1042 1649 1
1649 1144 1
1649 1585 1
1649 1004 1
1649 1310 1
1649 542 1
1649 1806 1
1649 1539 1
1649 1778 1
1649 1557 1
1649 462 1
1499 177 1
1041 177 1
700 177 1
1605 177 1
543 177 1
177 860 1
177 860 1
177 799 1
177 871 1
1059 1095 1
1095 596 1
1095 30 1
1095 1917 1
1095 1472 1
1095 1473 1
1095 127 1
1729 676 1
690 676 1
676 1144 1
676 1778 1
676 1041 1
676 1458 1
676 1434 1
676 170 1
676 170 1
676 1539 1
676 69 1
676 170 1
1358 1276 1
690 1276 1
1263 1276 1
225 1276 1
1396 1276 1
1276 1305 1
1276 273 1
1276 1895 1
1276 739 1
1276 18 1
1276 1526 1
1276 367 1
1276 1189 1
1276 69 1
700 1263 1
1499 1263 1
1263 1060 1
1263 787 1
1263 1539 1
1358 731 1
1513 731 1
752 731 1
731 144 1
731 1528 1
731 1201 1
428 690 1
732 690 1
141 690 1
1387 690 1
690 101 1
690 604 1
690 1778 1
1539 1786 1
1218 567 1
627 567 1
1041 567 1
1647 567 1
567 1060 1
567 966 1
1180 700 1
1059 700 1
1060 700 1
700 758 1
700 1741 1
700 284 1
700 739 1
700 70 1
70 1605 1
1605 739 1
1605 739 1
1605 170 1
927 462 1
927 757 1
542 172 1
732 172 1
172 412 1
172 412 1
172 1646 1
172 1396 1
172 169 1
172 1526 1
172 1818 1
172 860 1
172 722 1
696 87 1
696 739 1
696 1041 1
696 143 1
696 350 1
70 702 1
70 702 1
1647 1528 1
1059 1528 1
1528 321 1
428 711 1
1449 711 1
1274 711 1
334 711 1
1210 711 1
302 711 1
503 711 1
341 711 1
1393 711 1
1444 711 1
1057 711 1
711 1616 1
711 1059 1
711 1848 1
711 1310 1
711 1499 1
711 279 1
711 1428 1
711 1848 1
711 493 1
711 1325 1
711 1396 1
711 1357 1
711 493 1
711 837 1
711 1802 1
711 1269 1
711 1848 1
711 251 1
711 1057 1
711 837 1
711 203 1
711 1444 1
711 1325 1
711 1298 1
711 1269 1
711 1848 1
711 493 1
711 1860 1
711 503 1
711 302 1
503 1597 1
203 1597 1
785 1597 1
1811 1597 1
307 1597 1
1387 1597 1
848 1597 1
251 1597 1
302 1597 1
1629 1597 1
1597 1305 1
1597 385 1
1597 728 1
1597 712 1
1597 503 1
1597 215 1
1597 251 1
1597 250 1
1597 631 1
1597 1849 1
1597 251 1
1597 1005 1
1597 142 1
1597 1557 1
1597 1444 1
1597 1716 1
1597 1298 1
1597 197 1
1597 365 1
1597 197 1
1597 331 1
1597 657 1
1597 1118 1
1597 1739 1
1597 197 1
1597 1511 1
1597 365 1
1597 365 1
1597 1716 1
1597 1225 1
1597 631 1
1597 631 1
1597 1848 1
302 1626 1
1394 1626 1
1139 1626 1
1626 1828 1
1626 1362 1
1626 1416 1
1626 1416 1
1626 1848 1
1626 1885 1
1626 1357 1
1626 960 1
1626 1416 1
1626 607 1
1626 1416 1
1626 837 1
1626 1730 1
1626 1237 1
1626 631 1
1626 1416 1
1626 1757 1
611 1529 1
1269 1529 1
1142 1529 1
76 1529 1
1529 545 1
1529 1848 1
1529 1810 1
1529 1269 1
1529 493 1
1529 1057 1
1529 1757 1
1529 607 1
1529 607 1
1529 1298 1
1529 1853 1
1529 7 1
1529 1271 1
1529 493 1
1529 1757 1
1529 837 1
1529 1153 1
1309 425 1
1142 425 1
185 425 1
1560 425 1
425 607 1
425 607 1
425 1142 1
425 1816 1
1907 1846 1
728 1846 1
204 1846 1
1388 1846 1
1846 1802 1
1846 1853 1
1846 218 1
1846 1269 1
1846 849 1
1846 827 1
1846 1853 1
1846 1810 1
1846 849 1
728 397 1
1231 397 1
1505 397 1
1811 397 1
204 397 1
503 397 1
397 222 1
397 606 1
397 15 1
397 345 1
397 250 1
397 15 1
397 222 1
1445 1853 1
1445 849 1
1757 638 1
307 1847 1
1847 1752 1
1847 100 1
1847 100 1
1847 435 1
1847 250 1
1847 493 1
1847 1556 1
1847 1556 1
1847 493 1
1847 100 1
1847 218 1
1847 493 1
1046 512 1
203 512 1
512 135 1
512 1357 1
512 1810 1
512 1810 1
512 1622 1
512 1730 1
512 1057 1
512 1269 1
512 1810 1
540 821 1
484 821 1
15 821 1
540 821 1
540 821 1
540 821 1
540 821 1
540 821 1
1164 821 1
540 821 1
540 821 1
540 821 1
540 821 1
1836 704 1
704 1310 1
704 1272 1
704 1427 1
704 858 1
704 250 1
704 1272 1
704 250 1
704 837 1
218 1195 1
820 796 1
820 1171 1
388 16 1
