1566 1128 1
766 1128 1
719 1128 1
719 1128 1
202 1128 1
1128 983 1
1128 1877 1
1128 1377 1
1128 553 1
1128 1267 1
1128 130 1
1128 1569 1
1128 616 1
1128 315 1
1128 499 1
1128 1267 1
1128 1491 1
1128 268 1
1128 929 1
1128 268 1
1128 959 1
1128 1664 1
1128 13 1
130 659 1
257 659 1
1066 659 1
648 659 1
1483 659 1
1844 659 1
1358 659 1
1239 659 1
1264 659 1
659 1130 1
659 1893 1
659 1377 1
659 616 1
659 949 1
659 687 1
659 1799 1
659 483 1
659 1869 1
659 1175 1
659 1855 1
659 1903 1
659 1865 1
659 1844 1
659 1247 1
659 1844 1
659 1844 1
659 1844 1
659 308 1
659 538 1
659 181 1
659 1165 1
659 1844 1
659 1885 1
659 1468 1
659 1570 1
659 1483 1
659 667 1
659 719 1
659 1039 1
1413 639 1
1792 639 1
1616 639 1
433 639 1
639 176 1
639 58 1
639 505 1
639 646 1
639 800 1
639 308 1
639 881 1
639 1274 1
639 308 1
639 1053 1
639 1417 1
639 1570 1
639 1869 1
639 492 1
639 296 1
639 911 1
616 1129 1
749 1129 1
1129 356 1
1129 766 1
1129 359 1
1129 959 1
1129 1903 1
1129 1885 1
1129 553 1
1129 268 1
1129 359 1
1129 538 1
1129 1651 1
1129 433 1
1129 1193 1
1129 268 1
1129 1381 1
1129 1885 1
1129 268 1
1129 273 1
1129 1722 1
1129 359 1
1129 312 1
1129 1298 1
1129 1468 1
1129 1224 1
1129 1516 1
1315 687 1
410 687 1
58 687 1
719 687 1
1624 687 1
1799 687 1
687 1879 1
687 1684 1
687 1879 1
687 58 1
687 284 1
687 1215 1
687 274 1
687 308 1
687 538 1
687 1733 1
687 359 1
687 1903 1
687 22 1
687 1865 1
687 268 1
687 1613 1
687 1903 1
687 677 1
687 1210 1
687 853 1
687 1750 1
687 1664 1
1799 1725 1
176 1725 1
484 1725 1
56 1725 1
1729 1725 1
1656 1725 1
734 1725 1
1725 1413 1
1725 356 1
1725 1720 1
1725 1610 1
1725 930 1
1725 674 1
1725 538 1
1725 1687 1
1725 930 1
1725 1399 1
1725 145 1
1725 538 1
1725 1687 1
1725 1687 1
1725 1687 1
1725 1687 1
1725 1722 1
1725 433 1
1725 449 1
1725 1169 1
1725 312 1
1725 1882 1
1725 1069 1
1725 674 1
1725 1381 1
1725 1381 1
1725 538 1
1725 1468 1
1725 553 1
1885 670 1
1885 670 1
202 670 1
1616 670 1
1182 670 1
644 670 1
670 930 1
670 1877 1
670 274 1
670 1903 1
670 308 1
670 1903 1
670 474 1
670 1244 1
670 1885 1
670 1733 1
670 1175 1
670 1891 1
670 1175 1
670 1844 1
30 1054 1
1267 1054 1
1054 273 1
1054 1244 1
1054 1659 1
1054 1905 1
1054 1169 1
1054 284 1
1054 538 1
1054 1903 1
1054 1885 1
1054 474 1
1054 1135 1
1054 346 1
1054 1859 1
176 1880 1
1895 1880 1
32 1880 1
1215 1880 1
1880 284 1
1880 1722 1
1880 1175 1
1880 296 1
1880 296 1
1880 1570 1
1880 712 1
1880 1885 1
1880 1599 1
1880 1381 1
1880 1381 1
1880 897 1
176 723 1
412 723 1
1275 723 1
723 505 1
723 1181 1
723 553 1
723 1613 1
723 1247 1
723 983 1
723 1332 1
723 802 1
723 1409 1
723 505 1
723 722 1
1332 507 1
1895 507 1
1409 507 1
412 507 1
1247 507 1
929 507 1
181 507 1
719 507 1
273 507 1
312 507 1
1409 507 1
274 507 1
1664 507 1
507 891 1
507 61 1
507 1135 1
507 1175 1
507 437 1
507 893 1
507 274 1
507 1875 1
507 1169 1
507 1248 1
507 646 1
507 792 1
507 1111 1
507 495 1
507 836 1
507 1254 1
507 1048 1
1377 1665 1
1876 1665 1
181 1665 1
1665 792 1
1665 1885 1
1665 646 1
1665 1135 1
1665 646 1
1665 359 1
1665 1545 1
1665 1048 1
1665 1069 1
1665 736 1
1665 655 1
1844 1685 1
1404 1685 1
833 1685 1
264 1685 1
897 1685 1
1165 1685 1
1685 712 1
1685 929 1
1685 1659 1
1685 492 1
1685 437 1
1685 1111 1
1685 14 1
1685 1903 1
1685 58 1
1685 268 1
1685 1662 1
1685 1661 1
1685 312 1
853 745 1
1877 745 1
148 745 1
1381 745 1
831 745 1
1754 745 1
745 1332 1
745 538 1
745 1613 1
745 553 1
745 359 1
745 314 1
745 1289 1
745 42 1
745 1123 1
745 836 1
58 1878 1
1404 1878 1
1144 1878 1
1754 1878 1
1878 930 1
1878 356 1
1878 836 1
1878 296 1
1878 538 1
1878 1577 1
1878 268 1
220 58 1
983 58 1
312 58 1
953 58 1
1305 58 1
935 58 1
1732 58 1
610 58 1
766 58 1
58 1885 1
58 930 1
58 831 1
58 596 1
58 327 1
58 672 1
58 1247 1
58 1896 1
58 1570 1
58 890 1
58 328 1
58 911 1
58 1165 1
58 359 1
58 1048 1
58 1613 1
58 291 1
58 930 1
58 264 1
58 766 1
58 1012 1
1127 297 1
1092 297 1
1246 297 1
297 1355 1
297 86 1
297 1355 1
297 554 1
297 1875 1
297 1465 1
297 1069 1
297 1297 1
297 554 1
297 1722 1
297 1296 1
297 1722 1
297 86 1
297 1465 1
297 495 1
297 1875 1
297 1875 1
297 1069 1
297 1332 1
297 893 1
1246 697 1
1246 697 1
1857 697 1
1246 697 1
181 697 1
1332 697 1
697 1169 1
697 892 1
697 1577 1
697 1905 1
697 301 1
697 1577 1
697 814 1
697 1292 1
697 1896 1
697 61 1
697 892 1
697 301 1
697 1465 1
697 274 1
697 959 1
697 284 1
697 301 1
697 499 1
697 892 1
268 930 1
618 930 1
263 930 1
66 930 1
930 273 1
930 268 1
930 1267 1
930 1247 1
930 273 1
930 359 1
930 433 1
930 1570 1
930 1659 1
930 1696 1
930 1069 1
930 1048 1
930 1527 1
930 646 1
655 1381 1
655 1069 1
655 1267 1
655 932 1
655 1905 1
655 907 1
655 878 1
655 61 1
655 1577 1
655 1896 1
655 878 1
1421 1415 1
1125 1415 1
1066 1415 1
1514 1415 1
1415 1215 1
1415 1215 1
1415 1215 1
1415 833 1
1415 719 1
1511 644 1
176 644 1
644 244 1
644 202 1
644 410 1
644 56 1
644 410 1
1483 199 1
56 199 1
1399 199 1
257 199 1
1158 199 1
1893 199 1
518 199 1
199 1182 1
199 257 1
199 302 1
199 264 1
199 1274 1
199 532 1
199 1483 1
199 257 1
199 743 1
199 1399 1
199 743 1
199 583 1
1187 1799 1
503 1799 1
1516 1799 1
1474 1799 1
1848 1799 1
1215 1799 1
1064 1799 1
1799 1616 1
1799 1421 1
1799 99 1
1799 279 1
1799 1066 1
1799 32 1
1799 1227 1
1799 1039 1
1799 1399 1
1799 1514 1
1315 719 1
465 719 1
1064 719 1
1036 719 1
1327 719 1
1388 719 1
1656 719 1
302 719 1
1298 719 1
1409 719 1
1616 719 1
1381 719 1
719 1182 1
719 356 1
719 181 1
719 1066 1
719 356 1
719 302 1
719 583 1
719 80 1
719 372 1
719 583 1
719 583 1
719 453 1
719 905 1
719 1064 1
719 279 1
719 532 1
264 194 1
1289 194 1
853 194 1
1802 194 1
194 1123 1
194 1172 1
194 410 1
194 1251 1
766 1422 1
1381 1422 1
1422 1123 1
1422 532 1
1422 1425 1
1422 1425 1
1123 743 1
1123 743 1
1845 743 1
1389 743 1
609 743 1
645 743 1
743 32 1
743 1274 1
257 410 1
1750 410 1
1616 410 1
1310 410 1
410 270 1
410 80 1
410 1423 1
410 579 1
410 270 1
1298 1125 1
1901 1125 1
1227 1125 1
15 1125 1
1494 1125 1
1884 1125 1
378 1125 1
811 1125 1
610 1125 1
766 1125 1
766 1125 1
1125 1182 1
1125 766 1
1125 137 1
1125 1805 1
1125 1917 1
1125 1917 1
1125 853 1
1454 1404 1
1551 1404 1
1754 1404 1
257 1404 1
448 1404 1
257 1404 1
1404 1474 1
1404 109 1
1404 44 1
1404 1454 1
1625 1403 1
1828 1403 1
1893 1403 1
1403 116 1
1403 251 1
833 1411 1
928 1411 1
1428 1411 1
465 1411 1
1390 1411 1
32 1411 1
1411 1 1
1411 1103 1
1411 15 1
1411 1428 1
1411 845 1
1411 1417 1
905 1550 1
583 1550 1
1504 1550 1
1064 1550 1
1504 1550 1
1550 1887 1
1550 1758 1
1437 853 1
1218 853 1
590 853 1
1123 853 1
1437 853 1
1754 853 1
1754 853 1
1754 853 1
1754 853 1
853 1754 1
853 257 1
853 1754 1
853 905 1
853 905 1
853 1006 1
853 905 1
853 905 1
853 1754 1
853 1412 1
853 1070 1
853 1754 1
853 1412 1
853 335 1
853 840 1
853 1521 1
829 1424 1
1319 1424 1
1424 1182 1
1424 1729 1
1424 1289 1
1424 1172 1
1424 1388 1
1424 483 1
407 352 1
44 352 1
352 840 1
352 905 1
1701 394 1
635 394 1
1418 394 1
1750 533 1
1717 985 1
189 985 1
1520 985 1
1749 985 1
42 985 1
1316 985 1
1373 985 1
669 985 1
299 985 1
985 1749 1
985 32 1
985 1520 1
985 1520 1
985 811 1
985 1703 1
985 1840 1
985 1316 1
985 1619 1
985 1300 1
985 1638 1
985 1520 1
985 831 1
985 881 1
985 1802 1
985 583 1
985 815 1
985 233 1
985 69 1
985 668 1
985 1840 1
985 1249 1
985 38 1
985 1637 1
985 1619 1
985 1520 1
985 1826 1
985 1638 1
985 831 1
985 527 1
985 362 1
985 1771 1
985 362 1
985 527 1
985 1075 1
902 1215 1
1377 1215 1
610 1215 1
1511 1215 1
1483 1215 1
1303 1215 1
1754 1215 1
42 1215 1
876 1215 1
1100 1215 1
1215 1315 1
1215 189 1
1215 831 1
1215 565 1
1215 176 1
1215 1316 1
1215 1433 1
1215 159 1
1215 155 1
1215 1638 1
1215 375 1
1215 766 1
1215 831 1
1215 741 1
1215 902 1
1215 831 1
1215 1840 1
1215 1302 1
1215 1520 1
1215 1717 1
1215 1300 1
1215 1511 1
1215 1703 1
1215 1520 1
1215 35 1
1377 176 1
1754 176 1
766 176 1
546 176 1
831 176 1
339 176 1
831 176 1
527 176 1
831 176 1
527 176 1
77 176 1
1262 176 1
850 176 1
1514 176 1
865 176 1
176 1315 1
176 1720 1
176 674 1
176 1754 1
176 831 1
176 1754 1
176 527 1
176 527 1
176 232 1
176 527 1
176 668 1
176 865 1
176 69 1
176 283 1
176 1085 1
176 527 1
176 1249 1
176 1249 1
176 21 1
176 69 1
176 1479 1
176 1433 1
176 159 1
176 1302 1
176 527 1
176 527 1
176 1033 1
176 1793 1
176 1269 1
176 902 1
1039 952 1
1749 952 1
283 952 1
1792 952 1
1316 952 1
525 952 1
1717 952 1
21 952 1
283 952 1
1358 952 1
482 952 1
952 1066 1
952 1876 1
952 902 1
952 283 1
952 164 1
952 32 1
952 164 1
952 184 1
952 159 1
952 1316 1
952 283 1
952 164 1
952 1808 1
952 1771 1
952 1520 1
952 1300 1
952 1191 1
952 1370 1
952 283 1
952 902 1
952 1269 1
952 1269 1
952 164 1
952 1630 1
952 1399 1
952 1300 1
952 1514 1
952 1668 1
952 1316 1
952 1316 1
952 164 1
1749 32 1
668 32 1
1384 32 1
1381 32 1
32 1533 1
32 831 1
32 1749 1
32 902 1
32 1269 1
32 742 1
32 1006 1
32 766 1
32 1785 1
32 160 1
32 1191 1
32 1609 1
32 1241 1
32 1702 1
32 660 1
32 1840 1
32 1041 1
32 1749 1
32 310 1
32 232 1
32 1331 1
32 1316 1
32 1253 1
32 233 1
32 233 1
32 1808 1
32 1249 1
32 1808 1
32 1785 1
32 725 1
32 1189 1
1471 1639 1
1754 1639 1
1511 1639 1
535 1639 1
989 1639 1
1639 181 1
1639 1520 1
1639 1246 1
1639 831 1
1639 1454 1
1639 753 1
1639 1300 1
1639 831 1
1639 651 1
1639 1484 1
1639 1484 1
1639 42 1
1639 1484 1
1639 1484 1
1754 25 1
244 25 1
1792 25 1
1455 25 1
1717 25 1
25 1749 1
25 1178 1
25 318 1
25 1178 1
25 902 1
25 339 1
25 362 1
25 453 1
25 164 1
25 21 1
25 36 1
25 662 1
1752 1754 1
1249 1754 1
292 1754 1
1594 1754 1
1060 1754 1
956 1754 1
1305 1754 1
950 1754 1
546 1754 1
1754 953 1
1754 1454 1
1754 1123 1
1754 905 1
1754 1817 1
1754 1037 1
1754 1300 1
1754 905 1
1754 1593 1
1754 1389 1
1754 164 1
1754 905 1
1754 1792 1
1754 1783 1
1754 253 1
1754 1717 1
1754 1609 1
1754 35 1
1754 598 1
1754 953 1
1754 432 1
1754 1249 1
527 1749 1
662 1749 1
372 1749 1
453 1749 1
1433 1749 1
1749 1520 1
1749 1316 1
1749 902 1
1749 1656 1
1749 754 1
1749 1300 1
1749 1619 1
1749 923 1
1749 310 1
1749 1771 1
1749 865 1
1749 1302 1
1749 725 1
1749 1570 1
1749 1182 1
1749 1300 1
1749 1426 1
1749 362 1
1749 737 1
1749 1794 1
1749 1501 1
1749 1793 1
1749 1037 1
1749 668 1
1749 370 1
1749 1178 1
1749 36 1
1749 36 1
1749 741 1
1749 35 1
645 1797 1
1316 1797 1
1792 1797 1
831 1797 1
42 1797 1
339 1797 1
547 1797 1
453 1797 1
1316 1797 1
831 1797 1
831 1797 1
1797 1792 1
1797 1316 1
1797 138 1
1797 1840 1
1797 1615 1
1797 1178 1
1797 1037 1
1797 556 1
1797 35 1
1797 1519 1
1797 1717 1
1797 1808 1
831 1718 1
232 1718 1
321 1718 1
42 1718 1
831 1718 1
831 1718 1
609 1718 1
372 1718 1
1718 902 1
1718 250 1
1718 1348 1
1718 232 1
1718 662 1
1718 1792 1
1718 1638 1
1718 662 1
1718 918 1
1718 1619 1
954 283 1
21 283 1
1158 283 1
1127 283 1
1792 283 1
283 873 1
283 21 1
283 38 1
283 1123 1
283 662 1
283 42 1
283 374 1
283 241 1
283 1840 1
283 253 1
283 155 1
283 1702 1
283 253 1
283 1509 1
283 753 1
283 253 1
283 1137 1
283 1501 1
283 1501 1
283 37 1
283 725 1
283 37 1
283 23 1
283 662 1
283 1249 1
283 1734 1
283 428 1
283 374 1
283 1501 1
546 831 1
1274 831 1
453 831 1
662 831 1
1387 831 1
453 831 1
1021 831 1
831 1021 1
831 453 1
831 1473 1
831 634 1
831 1269 1
831 902 1
831 231 1
831 1241 1
831 232 1
831 1619 1
831 1433 1
831 1771 1
831 21 1
831 232 1
831 1269 1
831 38 1
831 487 1
831 1191 1
831 313 1
831 302 1
547 190 1
1378 190 1
1249 190 1
159 190 1
1792 190 1
36 190 1
1126 190 1
1316 190 1
190 453 1
190 453 1
190 1433 1
190 362 1
190 1241 1
190 35 1
190 1638 1
190 1638 1
190 1452 1
190 1178 1
190 21 1
190 21 1
190 1300 1
190 37 1
190 362 1
190 482 1
190 453 1
190 1619 1
190 1839 1
190 21 1
190 1300 1
190 662 1
190 1151 1
721 1792 1
453 1792 1
1741 1792 1
310 1792 1
1747 1792 1
1808 1792 1
1792 321 1
1792 1691 1
1792 449 1
1792 1269 1
1792 36 1
1792 1750 1
1792 673 1
1792 232 1
1792 1331 1
1792 1037 1
1792 725 1
1792 1328 1
996 339 1
1320 339 1
21 339 1
453 339 1
1249 339 1
1235 339 1
785 339 1
339 1511 1
339 36 1
339 1235 1
339 482 1
339 138 1
1316 668 1
668 1435 1
668 1793 1
1654 453 1
972 453 1
232 453 1
279 453 1
164 453 1
1618 453 1
1126 453 1
42 453 1
1088 453 1
453 805 1
453 1734 1
453 184 1
453 155 1
453 1302 1
453 1638 1
453 1703 1
453 1841 1
453 241 1
453 362 1
453 1638 1
453 1433 1
453 1433 1
453 1615 1
453 21 1
453 1104 1
453 1300 1
453 1155 1
453 1771 1
453 362 1
453 310 1
453 38 1
453 159 1
208 528 1
1654 528 1
1915 528 1
456 528 1
1316 528 1
1316 528 1
1249 528 1
1221 528 1
528 1358 1
528 829 1
528 331 1
528 1266 1
528 1674 1
528 1302 1
528 1037 1
528 1038 1
528 461 1
528 138 1
1316 662 1
1316 662 1
1040 662 1
1316 662 1
1316 662 1
1316 662 1
1316 662 1
1370 662 1
164 662 1
662 1316 1
662 1293 1
662 865 1
662 1839 1
662 160 1
555 650 1
650 1893 1
650 1066 1
650 1876 1
650 1533 1
1566 289 1
1483 289 1
1876 289 1
1319 289 1
289 887 1
289 811 1
289 1254 1
289 881 1
289 1533 1
289 1122 1
289 612 1
289 795 1
881 243 1
565 243 1
920 243 1
917 243 1
1894 243 1
973 243 1
243 752 1
243 908 1
243 661 1
243 546 1
243 1162 1
243 212 1
243 573 1
243 212 1
243 1824 1
1254 1823 1
800 1823 1
1917 1823 1
862 1823 1
1823 1122 1
1823 1254 1
1823 1095 1
1823 648 1
1823 1122 1
1823 795 1
1823 318 1
1823 908 1
1823 1322 1
1823 800 1
1823 586 1
1823 1483 1
1823 11 1
1823 1917 1
1823 1811 1
1823 484 1
1122 1534 1
280 1534 1
477 1534 1
881 1534 1
1534 1616 1
1534 412 1
1534 833 1
1534 795 1
1534 947 1
1534 263 1
1534 634 1
543 290 1
800 290 1
684 290 1
290 1226 1
290 920 1
290 805 1
290 1492 1
286 1742 1
1462 1742 1
1714 1742 1
994 1742 1
1742 1409 1
1742 795 1
1742 795 1
1742 1667 1
1742 1654 1
1742 988 1
1742 566 1
1742 1353 1
1742 94 1
1742 1316 1
1742 1319 1
1742 1681 1
1742 1811 1
1742 1 1
1742 795 1
1742 1623 1
881 908 1
908 881 1
908 144 1
908 280 1
293 6 1
565 6 1
612 6 1
648 6 1
862 6 1
6 477 1
6 477 1
6 1770 1
6 582 1
6 805 1
6 1014 1
648 642 1
612 642 1
1254 642 1
1018 642 1
1274 642 1
642 573 1
642 565 1
642 586 1
1618 580 1
800 580 1
580 1014 1
580 1299 1
1 4 1
540 4 1
1589 4 1
1316 4 1
1872 4 1
4 674 1
4 1316 1
4 858 1
4 779 1
4 144 1
1112 1401 1
1894 1401 1
1820 1401 1
1299 1401 1
807 1401 1
52 1401 1
1401 686 1
1401 909 1
800 1876 1
286 1876 1
1395 1876 1
1876 992 1
1876 220 1
1876 1299 1
1876 862 1
1876 1667 1
1876 1299 1
648 883 1
257 883 1
883 318 1
883 887 1
883 902 1
883 415 1
1832 1532 1
862 1532 1
1679 1532 1
1624 1532 1
543 1532 1
683 1532 1
1532 721 1
1532 1874 1
612 679 1
612 679 1
1087 1677 1
805 1677 1
1226 706 1
1095 706 1
706 1729 1
706 1434 1
706 618 1
706 739 1
706 1060 1
1358 168 1
1358 168 1
130 168 1
1278 168 1
739 168 1
302 168 1
1729 168 1
1444 168 1
168 108 1
168 1274 1
168 739 1
168 1060 1
168 1479 1
168 1479 1
168 1274 1
168 332 1
168 414 1
168 30 1
168 332 1
168 1399 1
168 591 1
168 1060 1
168 739 1
1189 1275 1
1624 1275 1
739 1275 1
1275 91 1
1275 77 1
1275 372 1
1275 1539 1
1275 70 1
70 1649 1
181 1649 1
1377 1649 1
1729 1649 1
257 1649 1
1585 1649 1
341 1649 1
1144 1649 1
1649 1474 1
1649 1483 1
1649 356 1
1649 1189 1
1649 1189 1
1649 1667 1
1649 70 1
1649 1648 1
1649 966 1
1649 70 1
1729 177 1
690 177 1
1647 177 1
543 177 1
170 177 1
177 700 1
177 701 1
177 18 1
177 1041 1
177 70 1
170 1095 1
1095 1144 1
1095 1144 1
1095 811 1
1095 1198 1
1095 1528 1
375 676 1
676 543 1
676 701 1
676 30 1
676 144 1
676 372 1
871 1276 1
30 1276 1
690 1276 1
618 1276 1
618 1276 1
1276 690 1
1276 618 1
1276 690 1
1276 1786 1
1276 18 1
1276 1528 1
1276 722 1
987 1263 1
1263 1662 1
1263 414 1
1263 1247 1
1263 137 1
1051 731 1
905 731 1
594 731 1
609 731 1
30 731 1
1557 731 1
321 731 1
731 811 1
731 1314 1
1605 690 1
690 42 1
690 295 1
690 1605 1
690 542 1
690 542 1
1539 1517 1
1539 363 1
1539 363 1
1539 1062 1
1539 1062 1
542 567 1
462 567 1
170 567 1
567 1806 1
354 700 1
903 700 1
119 700 1
354 700 1
612 700 1
889 700 1
700 721 1
700 594 1
1434 1605 1
1605 799 1
1605 1798 1
1605 1526 1
1059 927 1
1789 927 1
927 543 1
927 114 1
927 1434 1
927 273 1
927 1708 1
172 887 1
172 992 1
726 696 1
1434 696 1
696 158 1
696 15 1
696 1441 1
696 1778 1
696 1473 1
1226 702 1
702 722 1
702 439 1
702 987 1
702 439 1
722 1528 1
752 1528 1
1274 1528 1
1528 1274 1
1528 332 1
1528 834 1
1528 866 1
426 711 1
119 711 1
1194 711 1
606 711 1
606 711 1
1298 711 1
711 109 1
711 787 1
711 902 1
711 1001 1
711 1019 1
711 203 1
711 1005 1
711 1849 1
711 773 1
1319 1597 1
1516 1597 1
1536 1597 1
1274 1597 1
146 1597 1
1387 1597 1
1449 1597 1
1030 1597 1
1514 1597 1
1597 1028 1
1597 1449 1
1597 1210 1
1597 115 1
1597 610 1
1597 833 1
1597 228 1
1597 1303 1
1597 1802 1
1597 1382 1
1142 1626 1
1610 1626 1
606 1626 1
1629 1626 1
497 1626 1
1908 1626 1
1514 1626 1
1626 811 1
1626 1246 1
1626 1377 1
1626 1377 1
1626 372 1
1626 1387 1
1626 1434 1
1626 1844 1
944 1529 1
750 1529 1
1387 1529 1
1529 65 1
1529 1002 1
1529 1338 1
1529 1750 1
1529 1307 1
1529 184 1
1529 1444 1
1529 184 1
1529 750 1
1529 251 1
1529 1338 1
1529 837 1
1529 837 1
1529 1845 1
1529 15 1
1529 1828 1
258 425 1
785 425 1
1316 425 1
964 425 1
258 425 1
425 1582 1
425 429 1
425 250 1
425 1563 1
425 1582 1
425 1723 1
425 626 1
425 1357 1
615 1846 1
1359 1846 1
1846 412 1
1846 1359 1
1846 546 1
1846 1359 1
587 397 1
1206 397 1
124 397 1
124 397 1
126 397 1
397 1171 1
397 84 1
397 50 1
397 1171 1
397 1194 1
397 510 1
397 510 1
397 1284 1
1357 1445 1
1298 1445 1
124 1445 1
428 1445 1
303 1445 1
356 1445 1
428 1445 1
1445 546 1
1445 1298 1
1445 135 1
1445 825 1
1445 1357 1
1445 1710 1
1445 1817 1
1445 849 1
1445 825 1
1445 825 1
1445 1710 1
1445 429 1
1445 1505 1
1445 1505 1
1359 638 1
1625 638 1
1811 638 1
273 638 1
1693 1847 1
1693 1847 1
846 1847 1
1625 1847 1
1625 1847 1
1847 1505 1
1847 366 1
1847 1118 1
1847 626 1
612 512 1
1117 512 1
512 65 1
512 1357 1
512 1357 1
503 821 1
1341 821 1
1194 821 1
821 65 1
821 197 1
821 1194 1
821 250 1
821 250 1
821 1582 1
796 277 1
250 704 1
788 704 1
1359 704 1
704 218 1
704 197 1
704 1327 1
704 1716 1
704 1272 1
704 641 1
704 218 1
303 1195 1
1195 751 1
820 1323 1
820 1323 1
820 1323 1
249 405 1
1143 405 1
405 1269 1
405 1730 1
303 388 1
124 388 1
124 388 1
303 388 1
388 597 1
388 1109 1
388 601 1
388 1109 1
