1893 1128 1
687 1128 1
1799 1128 1
181 1128 1
674 1128 1
325 1128 1
413 1128 1
840 1128 1
1352 1128 1
1128 1799 1
1128 1182 1
1128 1533 1
1128 1144 1
1128 176 1
1128 181 1
1128 949 1
1128 412 1
1128 1750 1
1128 811 1
1128 284 1
1128 1465 1
1128 831 1
1128 1022 1
1128 1209 1
1128 52 1
1128 412 1
1128 840 1
1128 840 1
1128 1255 1
1128 1152 1
1128 1865 1
1128 1165 1
644 659 1
212 659 1
1664 659 1
787 659 1
1182 659 1
1409 659 1
1256 659 1
204 659 1
700 659 1
484 659 1
659 977 1
659 202 1
659 639 1
659 1162 1
659 723 1
659 719 1
659 176 1
659 983 1
659 308 1
659 1876 1
659 1215 1
659 1844 1
659 1001 1
659 1844 1
659 1409 1
659 1732 1
659 1437 1
659 1844 1
659 1664 1
659 1162 1
659 1844 1
659 1377 1
659 1246 1
659 1125 1
659 1409 1
659 858 1
659 1879 1
659 911 1
659 1869 1
659 1292 1
659 1669 1
659 1848 1
659 296 1
659 779 1
659 362 1
659 505 1
659 1182 1
648 639 1
1406 639 1
18 639 1
639 811 1
639 286 1
639 1895 1
639 1877 1
639 930 1
639 268 1
639 176 1
639 56 1
639 433 1
639 284 1
1182 1129 1
723 1129 1
1377 1129 1
1717 1129 1
244 1129 1
1228 1129 1
1129 1315 1
1129 1066 1
1129 1877 1
1129 752 1
1129 752 1
1129 1275 1
1129 546 1
1129 1885 1
1129 412 1
1129 1367 1
1129 646 1
1129 1663 1
1129 1367 1
1129 1885 1
1129 555 1
1129 1197 1
1129 412 1
1129 1367 1
1129 930 1
1129 1654 1
1129 312 1
181 687 1
920 687 1
723 687 1
655 687 1
609 687 1
433 687 1
955 687 1
1381 687 1
687 58 1
687 719 1
687 1877 1
687 58 1
687 1246 1
687 609 1
687 181 1
687 1687 1
687 1895 1
687 274 1
687 1069 1
687 532 1
687 693 1
687 32 1
687 752 1
687 499 1
687 1586 1
687 1687 1
687 14 1
687 1669 1
1066 1725 1
202 1725 1
1275 1725 1
477 1725 1
655 1725 1
1725 743 1
1725 1226 1
1725 873 1
1725 1869 1
1725 1315 1
1725 1215 1
1725 881 1
1725 616 1
1725 58 1
1725 1876 1
1725 314 1
1725 1903 1
1725 1465 1
1725 1877 1
1725 719 1
1725 58 1
1725 1885 1
1088 670 1
1449 670 1
644 670 1
855 670 1
646 670 1
1449 670 1
1274 670 1
670 1246 1
670 655 1
670 878 1
670 1245 1
670 433 1
670 480 1
670 553 1
670 553 1
670 672 1
670 1885 1
670 308 1
670 674 1
670 1885 1
670 1570 1
670 855 1
1122 1054 1
1605 1054 1
189 1054 1
1215 1054 1
661 1054 1
268 1054 1
1664 1054 1
595 1054 1
1684 1054 1
1054 1165 1
1054 1048 1
1054 766 1
1054 328 1
1054 1247 1
1054 314 1
1054 1244 1
1054 273 1
1054 1267 1
1054 346 1
1054 672 1
1054 346 1
1054 929 1
1054 920 1
1054 274 1
1054 1569 1
1054 314 1
1054 1332 1
1054 356 1
1054 1165 1
1054 1381 1
1144 1880 1
983 1880 1
1247 1880 1
1749 1880 1
1048 1880 1
930 1880 1
884 1880 1
752 1880 1
99 1880 1
644 1880 1
1880 1165 1
1880 271 1
1880 1217 1
1880 1246 1
1880 766 1
1880 274 1
1880 301 1
1880 517 1
1880 273 1
1880 474 1
1880 1613 1
1880 301 1
1880 1246 1
1880 1175 1
1880 433 1
1880 1860 1
412 723 1
758 723 1
1125 723 1
1624 723 1
1381 723 1
1381 723 1
734 723 1
674 723 1
723 646 1
723 1613 1
723 492 1
723 1175 1
723 1165 1
723 1165 1
1315 507 1
58 507 1
1381 507 1
507 296 1
507 1570 1
507 1659 1
507 1343 1
507 1247 1
507 316 1
507 1367 1
507 327 1
507 1343 1
507 1570 1
507 1175 1
507 1069 1
507 1364 1
1358 1665 1
949 1665 1
887 1665 1
1066 1665 1
698 1665 1
1665 719 1
1665 1696 1
1665 1463 1
1665 672 1
1665 1897 1
1665 328 1
1665 312 1
1665 553 1
1665 1297 1
1665 314 1
453 1685 1
302 1685 1
1483 1685 1
1536 1685 1
624 1685 1
1381 1685 1
1685 1226 1
1685 674 1
1685 1876 1
1685 1903 1
1685 1267 1
1685 1095 1
1685 1135 1
1685 1659 1
1685 273 1
1685 49 1
1685 499 1
1685 273 1
1685 1483 1
1685 499 1
1437 745 1
1754 745 1
1616 745 1
1125 745 1
1754 745 1
465 745 1
220 745 1
766 745 1
881 745 1
176 745 1
176 745 1
1754 745 1
873 745 1
745 1570 1
745 1409 1
745 268 1
745 1358 1
745 1570 1
745 1659 1
745 1364 1
745 274 1
745 853 1
745 548 1
745 1381 1
745 1570 1
745 1404 1
745 1885 1
745 208 1
745 1165 1
745 853 1
1911 1878 1
930 1878 1
1885 1878 1
1381 1878 1
1878 1274 1
1878 1246 1
1878 1499 1
1878 181 1
1878 495 1
1878 1367 1
286 58 1
543 58 1
949 58 1
690 58 1
610 58 1
412 58 1
1732 58 1
244 58 1
1474 58 1
1437 58 1
58 283 1
58 1624 1
58 892 1
58 814 1
58 833 1
58 1048 1
58 1144 1
58 268 1
58 1048 1
58 273 1
58 565 1
58 1367 1
58 273 1
58 314 1
1895 297 1
959 297 1
1483 297 1
1246 297 1
1165 297 1
176 297 1
1570 297 1
1449 297 1
206 297 1
181 297 1
297 1409 1
297 445 1
297 1903 1
297 1011 1
297 959 1
297 1905 1
297 1722 1
297 712 1
297 1865 1
297 929 1
297 620 1
297 1092 1
297 314 1
297 1900 1
297 1903 1
297 712 1
297 492 1
273 697 1
1404 697 1
1210 697 1
674 697 1
193 697 1
32 697 1
697 579 1
697 1885 1
697 1905 1
697 929 1
697 674 1
697 492 1
697 1885 1
697 1905 1
697 892 1
697 1865 1
697 433 1
697 929 1
697 1569 1
697 1197 1
697 1048 1
697 492 1
308 930 1
1646 930 1
446 930 1
1051 930 1
148 930 1
930 1246 1
930 538 1
930 1732 1
930 1069 1
930 863 1
930 1545 1
930 1659 1
930 274 1
308 655 1
308 655 1
1022 655 1
994 655 1
181 655 1
446 655 1
655 538 1
655 465 1
655 1613 1
655 892 1
655 1905 1
655 646 1
655 1175 1
655 446 1
655 1267 1
1358 1415 1
949 1415 1
1404 1415 1
1516 1415 1
1123 1415 1
1404 1415 1
1415 1421 1
1415 1144 1
1415 1516 1
1415 1799 1
1415 1404 1
1415 1182 1
202 644 1
719 644 1
644 181 1
644 743 1
644 949 1
644 766 1
644 1423 1
644 264 1
1358 199 1
766 199 1
743 199 1
1182 199 1
1449 199 1
1849 199 1
410 199 1
535 199 1
199 873 1
199 983 1
199 766 1
199 257 1
199 193 1
199 949 1
199 535 1
199 579 1
199 1144 1
199 833 1
199 743 1
199 1799 1
199 831 1
199 1449 1
257 1799 1
1182 1799 1
257 1799 1
257 1799 1
410 1799 1
302 1799 1
465 1799 1
410 1799 1
302 1799 1
1799 1377 1
1799 743 1
1799 1629 1
1799 532 1
1799 853 1
1799 1064 1
1799 503 1
1799 1387 1
1799 1399 1
555 719 1
32 719 1
286 719 1
833 719 1
555 719 1
949 719 1
719 32 1
719 410 1
719 896 1
719 1717 1
719 831 1
194 1516 1
194 1050 1
194 1050 1
194 1050 1
194 1802 1
194 1701 1
583 1422 1
811 1422 1
1388 1422 1
853 1422 1
1358 1422 1
1422 1274 1
1422 1251 1
1422 212 1
1422 1418 1
1422 1251 1
1125 743 1
1125 743 1
325 743 1
1358 743 1
1315 743 1
743 1094 1
743 1708 1
743 1708 1
743 1404 1
743 833 1
743 579 1
743 583 1
743 1247 1
1275 410 1
618 410 1
881 410 1
1262 410 1
410 228 1
410 1125 1
410 1381 1
410 1570 1
410 839 1
410 1123 1
811 1125 1
518 1125 1
1209 1125 1
339 1125 1
583 1125 1
385 1125 1
538 1125 1
32 1125 1
302 1125 1
1708 1125 1
1125 1275 1
1125 279 1
1125 264 1
1125 1499 1
1125 1194 1
1125 1005 1
1125 1379 1
1125 1078 1
1125 1383 1
465 1404 1
1454 1404 1
949 1404 1
1264 1404 1
1454 1404 1
1404 1377 1
1404 109 1
1404 853 1
1404 1434 1
1404 1409 1
1404 840 1
1404 1352 1
1404 840 1
1404 1751 1
1310 1403 1
583 1403 1
1327 1403 1
1403 1050 1
1403 1551 1
1403 1701 1
1403 1549 1
1403 1050 1
1449 1411 1
484 1411 1
766 1411 1
766 1411 1
1144 1411 1
584 1411 1
1511 1411 1
436 1411 1
1246 1411 1
1411 1750 1
1411 1750 1
1411 479 1
1411 80 1
1411 583 1
1411 1802 1
1411 479 1
372 1550 1
795 1550 1
32 1550 1
372 1550 1
1876 1550 1
1417 1550 1
1215 1550 1
308 1550 1
1550 1425 1
1550 1551 1
1550 1417 1
1550 229 1
949 853 1
141 853 1
1358 853 1
949 853 1
1754 853 1
1624 853 1
1754 853 1
1754 853 1
1854 853 1
1144 853 1
853 949 1
853 1754 1
853 1036 1
853 1122 1
853 407 1
853 1289 1
853 690 1
853 335 1
853 362 1
853 1551 1
853 335 1
853 1750 1
853 1802 1
1454 1424 1
1358 1424 1
176 1424 1
279 1756 1
1654 1756 1
1126 1756 1
1474 1756 1
1474 1756 1
1756 1551 1
1756 1551 1
1756 1551 1
1756 1516 1
1756 323 1
1756 1123 1
1756 1050 1
1756 1551 1
683 352 1
352 406 1
983 394 1
394 1619 1
394 183 1
394 1453 1
1388 533 1
533 389 1
1792 985 1
1358 985 1
1520 985 1
1754 985 1
949 985 1
831 985 1
1703 985 1
1840 985 1
590 985 1
1316 985 1
1144 985 1
985 244 1
985 1520 1
985 244 1
985 279 1
985 1792 1
985 477 1
985 1764 1
985 1144 1
985 339 1
985 339 1
985 967 1
985 1280 1
985 414 1
985 364 1
985 1029 1
985 364 1
985 1356 1
985 482 1
985 1509 1
985 414 1
985 364 1
985 529 1
985 1785 1
985 1794 1
985 664 1
985 1509 1
985 1144 1
985 1322 1
985 39 1
985 668 1
985 1539 1
985 164 1
985 364 1
985 364 1
985 1373 1
985 164 1
985 364 1
985 164 1
985 362 1
985 1749 1
985 1748 1
985 1801 1
985 527 1
985 1356 1
985 1220 1
985 482 1
985 902 1
985 662 1
985 1309 1
985 527 1
985 1840 1
985 1794 1
985 840 1
985 1917 1
985 163 1
985 39 1
985 1331 1
985 1840 1
985 1840 1
985 21 1
985 1373 1
985 803 1
985 1373 1
985 1794 1
985 164 1
985 634 1
985 37 1
985 691 1
1754 1215 1
189 1215 1
668 1215 1
668 1215 1
244 1215 1
1749 1215 1
662 1215 1
662 1215 1
364 1215 1
32 1215 1
1215 920 1
1215 787 1
1215 1187 1
1215 766 1
1215 662 1
1215 1754 1
1215 362 1
1215 668 1
1215 1859 1
1215 1147 1
1215 962 1
1215 1037 1
1215 1116 1
1215 1579 1
1215 167 1
1215 1698 1
1215 283 1
1215 39 1
1215 232 1
1215 232 1
1215 362 1
1215 1702 1
1215 734 1
1215 216 1
1215 216 1
1215 610 1
831 176 1
831 176 1
279 176 1
339 176 1
1227 176 1
612 176 1
669 176 1
310 176 1
1315 176 1
32 176 1
1749 176 1
831 176 1
831 176 1
527 176 1
545 176 1
372 176 1
1620 176 1
1340 176 1
1511 176 1
176 32 1
176 32 1
176 896 1
176 1275 1
176 283 1
176 902 1
176 1520 1
176 310 1
176 949 1
176 509 1
176 1226 1
176 1095 1
176 1754 1
176 772 1
176 1105 1
176 38 1
176 527 1
176 36 1
176 1178 1
176 482 1
176 668 1
176 310 1
176 160 1
176 1826 1
176 1038 1
176 160 1
176 21 1
176 17 1
176 1579 1
176 1185 1
176 482 1
176 527 1
176 241 1
176 494 1
176 36 1
176 160 1
176 310 1
176 310 1
176 803 1
176 1520 1
176 668 1
1182 952 1
1893 952 1
244 952 1
811 952 1
1226 952 1
1749 952 1
811 952 1
498 952 1
952 1578 1
952 283 1
952 426 1
952 1749 1
952 610 1
952 1717 1
952 648 1
952 283 1
952 1670 1
952 1776 1
952 232 1
952 803 1
952 482 1
952 1703 1
952 1523 1
952 1523 1
952 283 1
952 1356 1
952 197 1
952 1302 1
952 1826 1
952 1702 1
952 1178 1
952 1749 1
952 803 1
952 160 1
952 680 1
952 232 1
952 498 1
952 37 1
952 1435 1
952 1749 1
952 1105 1
952 1137 1
952 725 1
952 498 1
952 1435 1
1566 32 1
831 32 1
831 32 1
1717 32 1
1191 32 1
32 668 1
32 1182 1
32 453 1
32 189 1
32 1237 1
32 1498 1
32 1785 1
32 1633 1
32 164 1
32 189 1
32 160 1
32 1039 1
32 23 1
32 831 1
32 372 1
32 164 1
32 917 1
32 362 1
32 39 1
32 1234 1
1022 1639 1
1754 1639 1
56 1639 1
1624 1639 1
919 1639 1
1639 1732 1
1639 324 1
1639 700 1
1639 662 1
1639 919 1
1639 1484 1
1639 1484 1
1639 17 1
1639 1840 1
1639 1373 1
1639 1840 1
1639 1484 1
1639 1484 1
1639 13 1
1639 1037 1
1639 1484 1
1639 1178 1
1639 232 1
1639 1579 1
1639 195 1
1639 1741 1
1639 748 1
552 25 1
338 25 1
981 25 1
292 25 1
339 25 1
555 25 1
216 25 1
1616 25 1
1754 25 1
25 1754 1
25 668 1
25 668 1
25 263 1
25 428 1
25 1356 1
25 1187 1
25 482 1
25 140 1
25 1340 1
25 1839 1
25 1579 1
25 1484 1
25 902 1
25 251 1
25 164 1
25 164 1
25 1064 1
25 902 1
25 310 1
25 372 1
25 1890 1
25 362 1
25 1331 1
25 310 1
785 1754 1
1126 1754 1
876 1754 1
1451 1754 1
902 1754 1
603 1754 1
648 1754 1
1754 1749 1
1754 203 1
1754 1624 1
1754 1305 1
1754 1291 1
1754 1249 1
1754 310 1
1754 527 1
1754 1516 1
1754 956 1
1754 482 1
1754 165 1
1754 1801 1
1754 1331 1
1754 1331 1
1754 1509 1
1754 1399 1
1754 1210 1
1754 902 1
1754 65 1
1754 1227 1
1754 1469 1
1754 831 1
1754 1734 1
1754 362 1
1754 362 1
1754 885 1
1754 362 1
1754 1340 1
1754 854 1
1754 81 1
1566 1749 1
453 1749 1
527 1749 1
954 1749 1
1200 1749 1
259 1749 1
1717 1749 1
338 1749 1
21 1749 1
902 1749 1
902 1749 1
1749 1471 1
1749 339 1
1749 1269 1
1749 1734 1
1749 1371 1
1749 1615 1
1749 781 1
1749 197 1
1749 1370 1
1749 282 1
1749 1520 1
1749 164 1
1749 1523 1
1749 283 1
1749 527 1
1749 1840 1
1749 1523 1
1749 1840 1
1749 1340 1
1749 44 1
1749 232 1
1749 1148 1
1749 310 1
21 1797 1
21 1797 1
216 1797 1
1460 1797 1
1826 1797 1
1797 189 1
1797 831 1
1797 283 1
1797 1826 1
1797 37 1
1797 725 1
1797 1523 1
1797 21 1
1797 803 1
1797 1826 1
1797 21 1
1797 962 1
1797 668 1
1797 310 1
1797 1249 1
1792 1718 1
189 1718 1
189 1718 1
920 1718 1
339 1718 1
518 1718 1
1437 1718 1
1718 339 1
1718 361 1
1718 1619 1
1718 1348 1
1718 164 1
1718 498 1
1718 761 1
1718 364 1
1718 167 1
1718 1785 1
1718 803 1
1718 1785 1
1718 503 1
1718 1185 1
1718 1779 1
1718 1157 1
1718 1638 1
1718 1523 1
1718 1331 1
1718 803 1
1718 21 1
339 283 1
407 283 1
1189 283 1
339 283 1
1785 283 1
1037 283 1
1501 283 1
903 283 1
683 283 1
1785 283 1
283 483 1
283 1037 1
283 1294 1
283 1580 1
283 197 1
283 1302 1
283 1785 1
283 21 1
283 1484 1
283 362 1
283 165 1
283 140 1
283 362 1
283 1579 1
283 1840 1
527 831 1
1624 831 1
1911 831 1
212 831 1
700 831 1
1792 831 1
953 831 1
811 831 1
831 339 1
831 189 1
831 65 1
831 902 1
831 527 1
831 490 1
831 1137 1
831 364 1
831 1105 1
831 362 1
831 1331 1
831 21 1
831 232 1
831 189 1
831 288 1
831 241 1
831 37 1
831 1037 1
831 803 1
831 1210 1
831 39 1
831 1840 1
1514 190 1
693 190 1
1536 190 1
21 190 1
778 190 1
1182 190 1
1657 190 1
873 190 1
190 1061 1
190 1037 1
190 216 1
190 1116 1
190 216 1
190 1498 1
190 1702 1
190 160 1
190 160 1
190 1826 1
190 482 1
190 498 1
190 167 1
190 1137 1
190 167 1
190 1638 1
190 372 1
190 1457 1
190 1840 1
190 232 1
190 1746 1
190 164 1
190 21 1
190 140 1
190 37 1
190 1116 1
190 160 1
190 284 1
190 140 1
190 362 1
190 753 1
190 1331 1
190 1484 1
190 160 1
190 816 1
190 1037 1
190 160 1
190 159 1
190 1579 1
190 21 1
190 140 1
190 140 1
190 232 1
190 21 1
190 1826 1
190 1373 1
190 21 1
1377 1792 1
1857 1792 1
1189 1792 1
484 1792 1
1917 1792 1
1916 1792 1
956 1792 1
1178 1792 1
257 1792 1
527 1792 1
339 1792 1
1792 902 1
1792 542 1
1792 876 1
1792 447 1
1792 160 1
1792 527 1
1792 197 1
1792 876 1
1792 956 1
1792 1434 1
1792 433 1
1792 310 1
1792 1509 1
1792 482 1
1792 1734 1
1619 339 1
546 339 1
527 339 1
453 339 1
1826 339 1
216 339 1
339 881 1
339 1104 1
339 160 1
339 167 1
339 167 1
339 37 1
339 145 1
339 38 1
339 482 1
339 1579 1
339 1746 1
339 1266 1
339 362 1
339 1840 1
339 503 1
339 1746 1
339 1746 1
1474 668 1
668 612 1
668 529 1
668 1316 1
668 1703 1
668 35 1
668 164 1
668 1052 1
668 498 1
668 17 1
668 1340 1
372 453 1
987 453 1
1654 453 1
1319 453 1
232 453 1
453 129 1
453 1794 1
453 1178 1
453 1702 1
453 1178 1
453 159 1
453 241 1
453 23 1
453 1373 1
453 1435 1
453 482 1
453 1037 1
453 1178 1
453 1840 1
453 256 1
453 482 1
453 1444 1
453 160 1
453 498 1
453 962 1
453 164 1
453 36 1
453 1435 1
453 1233 1
453 1105 1
453 1105 1
453 1785 1
453 1826 1
453 152 1
453 216 1
453 1839 1
453 725 1
453 298 1
453 1037 1
453 310 1
453 1776 1
453 1435 1
453 725 1
453 1814 1
453 1435 1
902 528 1
742 528 1
38 528 1
1785 528 1
1719 528 1
1839 528 1
901 528 1
902 528 1
279 528 1
21 528 1
528 648 1
528 583 1
528 1502 1
528 1116 1
528 1702 1
528 1827 1
528 1702 1
528 1484 1
528 1702 1
528 1033 1
528 1104 1
528 1373 1
528 1371 1
528 1116 1
528 1840 1
528 498 1
528 1033 1
528 1033 1
528 167 1
528 38 1
528 1033 1
528 1116 1
528 1116 1
528 1033 1
528 1033 1
528 38 1
528 374 1
528 1373 1
362 662 1
1667 662 1
954 662 1
662 21 1
662 241 1
662 1302 1
662 1302 1
662 374 1
662 1238 1
662 374 1
662 374 1
662 1033 1
1566 650 1
612 650 1
612 650 1
1616 650 1
650 1893 1
650 1533 1
650 908 1
650 724 1
1066 289 1
800 289 1
1122 289 1
1 289 1
289 1066 1
289 1162 1
289 612 1
289 477 1
289 811 1
289 1667 1
289 1014 1
289 800 1
953 243 1
800 243 1
881 243 1
1533 243 1
243 1162 1
243 56 1
243 212 1
243 212 1
243 1122 1
243 612 1
243 806 1
243 1299 1
243 1368 1
243 144 1
1533 1823 1
1162 1823 1
848 1823 1
632 1823 1
748 1823 1
1726 1823 1
1823 1246 1
1823 881 1
1823 249 1
1823 1254 1
1823 746 1
1823 734 1
1823 144 1
1122 1534 1
1876 1534 1
1254 1534 1
1102 1534 1
1299 1534 1
543 1534 1
1534 99 1
1534 947 1
1534 565 1
1534 1123 1
1534 795 1
1534 520 1
748 290 1
908 290 1
887 290 1
1402 290 1
290 56 1
290 881 1
290 693 1
290 566 1
648 1742 1
800 1742 1
1618 1742 1
1629 1742 1
1536 1742 1
1402 1742 1
1254 1742 1
1397 1742 1
235 1742 1
1742 477 1
1742 881 1
1742 263 1
1742 795 1
1742 800 1
1742 325 1
1742 887 1
1742 280 1
1742 805 1
1742 1014 1
1742 280 1
1742 800 1
1742 1789 1
1742 1822 1
1742 805 1
1742 503 1
1742 1046 1
1742 565 1
1742 862 1
1742 1218 1
800 908 1
1254 908 1
612 908 1
908 520 1
908 325 1
908 795 1
908 1801 1
908 438 1
648 6 1
730 6 1
573 6 1
900 6 1
1161 6 1
1672 6 1
6 212 1
6 1381 1
6 1274 1
6 565 1
6 800 1
6 805 1
6 805 1
6 922 1
6 1 1
6 293 1
6 805 1
994 642 1
220 642 1
648 642 1
642 566 1
642 900 1
642 1127 1
642 1 1
642 565 1
867 580 1
734 580 1
318 580 1
1855 580 1
431 580 1
580 1315 1
580 698 1
580 805 1
887 4 1
242 4 1
1014 4 1
1437 4 1
4 1876 1
4 1775 1
4 900 1
4 1254 1
4 1014 1
4 1770 1
4 1716 1
1876 1401 1
263 1401 1
1667 1401 1
1402 1401 1
1402 1401 1
1014 1401 1
1912 1401 1
1401 612 1
1401 1047 1
1401 1402 1
1401 805 1
220 1876 1
1274 1876 1
855 1876 1
1828 1876 1
1876 800 1
1876 1071 1
1876 1397 1
1876 520 1
1876 1770 1
1876 1 1
280 883 1
612 883 1
325 883 1
738 883 1
883 1892 1
883 862 1
883 1254 1
883 994 1
883 565 1
883 438 1
1402 1532 1
586 1532 1
1532 887 1
1532 887 1
1532 573 1
1532 321 1
1532 542 1
1532 1368 1
1532 987 1
693 679 1
1299 679 1
1181 679 1
214 679 1
679 1492 1
1299 1677 1
1182 706 1
1729 706 1
706 896 1
706 1095 1
706 1322 1
706 700 1
706 1483 1
257 168 1
1095 168 1
203 168 1
1514 168 1
610 168 1
1444 168 1
1483 168 1
1741 168 1
1605 168 1
1275 168 1
484 168 1
258 168 1
168 1144 1
168 1377 1
168 1314 1
168 618 1
168 145 1
168 1741 1
168 1095 1
168 887 1
168 724 1
168 1263 1
168 1917 1
168 1654 1
545 1275 1
871 1275 1
739 1275 1
1226 1275 1
1275 1654 1
1275 1437 1
1275 1095 1
1275 736 1
1275 690 1
648 1649 1
181 1649 1
1287 1649 1
1358 1649 1
1649 816 1
1649 70 1
1649 462 1
1649 700 1
1649 542 1
1649 1654 1
1397 177 1
1462 177 1
904 177 1
1095 177 1
1462 177 1
356 177 1
1263 177 1
701 177 1
1263 177 1
177 887 1
177 1263 1
177 1314 1
177 1605 1
177 1024 1
1060 1095 1
1263 1095 1
170 1095 1
1605 1095 1
1648 1095 1
1131 1095 1
1095 181 1
1095 752 1
1095 465 1
1095 1605 1
1095 1605 1
1095 552 1
1095 1430 1
1095 1647 1
1095 70 1
1095 1778 1
1095 1917 1
1095 693 1
1095 1247 1
484 676 1
525 676 1
1353 676 1
1262 676 1
1741 676 1
676 1226 1
676 700 1
676 462 1
676 1430 1
676 1314 1
1161 1276 1
1358 1276 1
700 1276 1
1226 1276 1
1226 1276 1
1276 1358 1
1276 1226 1
1276 1473 1
1276 739 1
1276 295 1
1276 170 1
1276 542 1
30 1263 1
170 1263 1
1298 1263 1
30 1263 1
1624 1263 1
1358 1263 1
1263 181 1
1263 1778 1
1263 1430 1
1263 1517 1
1263 799 1
1263 1539 1
1263 732 1
1263 1029 1
754 731 1
145 731 1
731 70 1
731 834 1
731 111 1
731 1741 1
731 787 1
731 902 1
1732 690 1
1741 690 1
30 690 1
1434 690 1
1076 690 1
690 181 1
690 1473 1
690 514 1
690 514 1
690 1648 1
1654 1539 1
1539 314 1
1539 538 1
1539 465 1
1539 1782 1
1539 1101 1
1539 1791 1
1539 1063 1
1539 1101 1
1539 1778 1
1539 1791 1
618 567 1
1025 567 1
887 567 1
567 1647 1
567 295 1
567 1648 1
567 1101 1
567 594 1
567 318 1
56 700 1
1471 700 1
618 700 1
785 700 1
700 181 1
700 698 1
700 987 1
700 1430 1
700 1605 1
1654 1605 1
1885 1605 1
295 1605 1
732 1605 1
1605 295 1
1605 1777 1
1528 927 1
1732 927 1
1133 927 1
1311 927 1
927 1791 1
927 1277 1
172 1518 1
172 60 1
1359 696 1
1741 696 1
302 696 1
257 696 1
1449 696 1
696 600 1
696 1554 1
696 1554 1
696 1554 1
696 60 1
696 1368 1
696 1101 1
696 1554 1
696 630 1
702 69 1
1131 1528 1
1528 332 1
1528 166 1
1528 1490 1
734 711 1
1142 711 1
1142 711 1
1848 711 1
1849 711 1
1142 711 1
1298 711 1
181 711 1
711 912 1
711 249 1
711 1849 1
711 263 1
711 325 1
711 1274 1
711 1142 1
711 465 1
711 73 1
711 1849 1
711 752 1
711 752 1
711 1514 1
711 1514 1
711 302 1
711 1064 1
1654 1597 1
645 1597 1
734 1597 1
674 1597 1
1910 1597 1
1444 1597 1
1444 1597 1
1597 76 1
1597 1187 1
1597 321 1
1597 321 1
1597 1005 1
1597 1471 1
1597 1716 1
1597 1005 1
1597 1247 1
1597 785 1
1597 251 1
1597 1447 1
1597 816 1
1597 1402 1
1597 1399 1
1597 1409 1
1597 1399 1
1597 115 1
1597 1192 1
1597 1298 1
1597 1752 1
1597 838 1
1449 1626 1
130 1626 1
674 1626 1
1444 1626 1
222 1626 1
1626 1707 1
1626 433 1
1626 1908 1
1626 1000 1
1626 674 1
1626 279 1
1626 1444 1
1626 137 1
1626 1848 1
1626 251 1
1626 1194 1
1626 1849 1
1353 1529 1
772 1529 1
1444 1529 1
1326 1529 1
1298 1529 1
1117 1529 1
1235 1529 1
763 1529 1
258 1529 1
1444 1529 1
1529 1616 1
1529 1588 1
1529 1274 1
1529 1570 1
1529 1716 1
1529 429 1
1529 1210 1
1529 1210 1
1529 1802 1
1529 1802 1
1529 1194 1
1529 361 1
1529 1021 1
1529 1716 1
1529 1298 1
1625 425 1
992 425 1
135 425 1
154 425 1
425 1064 1
425 366 1
425 435 1
425 1286 1
425 1118 1
425 1118 1
425 1582 1
425 1269 1
425 493 1
425 1716 1
425 366 1
425 493 1
425 622 1
425 1625 1
425 1336 1
425 106 1
425 493 1
425 1582 1
1173 1846 1
1811 1846 1
258 1846 1
1409 1846 1
472 1846 1
258 1846 1
1846 1201 1
1846 1210 1
1846 15 1
1846 1845 1
500 397 1
204 397 1
397 1570 1
397 1570 1
397 1286 1
397 435 1
397 1757 1
397 1549 1
1240 1445 1
992 1445 1
485 1445 1
504 1445 1
1445 128 1
1445 1352 1
1445 1272 1
1445 625 1
1445 750 1
1445 1810 1
1445 1057 1
1445 709 1
1445 16 1
1445 1001 1
1359 638 1
124 638 1
1270 638 1
1622 638 1
953 638 1
638 123 1
638 1772 1
638 1272 1
638 1716 1
1359 1847 1
1625 1847 1
1046 1847 1
1847 366 1
1847 1563 1
1847 16 1
1847 16 1
1847 366 1
1847 1505 1
503 512 1
512 433 1
512 408 1
503 821 1
785 821 1
1744 821 1
1269 821 1
203 821 1
503 821 1
204 821 1
716 821 1
787 821 1
821 1274 1
821 1269 1
821 1269 1
821 1582 1
821 750 1
821 657 1
821 1269 1
821 1716 1
821 1074 1
1656 277 1
277 750 1
277 1547 1
277 1547 1
277 1118 1
277 118 1
277 118 1
277 626 1
277 197 1
277 1547 1
277 1853 1
277 751 1
1359 704 1
258 704 1
704 1272 1
1625 1195 1
1064 1195 1
1195 1547 1
1195 750 1
124 820 1
1198 820 1
820 1171 1
820 1171 1
820 1853 1
258 405 1
303 405 1
124 405 1
258 405 1
303 388 1
1143 388 1
124 388 1
124 388 1
1692 388 1
1625 388 1
388 1587 1
388 1587 1
388 658 1
388 822 1
388 822 1
388 1057 1
388 626 1
