226 229 1
190 229 1
18 229 1
18 205 1
18 120 1
229 269 1
202 229 1
143 226 1
205 239 1
73 202 1
26 229 1
26 269 1
26 256 1
132 202 1
190 238 1
229 239 1
70 202 1
156 229 1
188 239 1
108 229 1
26 88 1
143 190 1
94 202 1
196 239 1
84 202 1
120 229 1
229 264 1
60 229 1
160 190 1
213 229 1
26 66 1
261 269 1
104 120 1
84 169 1
200 226 1
7 18 1
18 69 1
18 218 1
54 196 1
176 226 1
52 69 1
22 202 1
54 229 1
115 205 1
36 205 1
202 273 1
22 120 1
26 116 1
18 100 1
22 179 1
18 25 1
87 229 1
132 257 1
22 113 1
193 256 1
26 118 1
115 166 1
61 143 1
101 229 1
18 86 1
74 229 1
8 269 1
137 229 1
120 190 1
26 245 1
66 82 1
115 229 1
39 269 1
229 245 1
18 134 1
157 239 1
66 219 1
229 248 1
202 226 1
53 132 1
76 238 1
3 257 1
118 121 1
83 132 1
13 26 1
76 174 1
26 61 1
26 144 1
106 261 1
75 229 1
39 226 1
13 117 1
47 229 1
47 90 1
8 180 1
53 230 1
190 206 1
53 102 1
139 169 1
22 83 1
240 269 1
9 229 1
161 226 1
50 219 1
54 189 1
120 247 1
67 120 1
26 57 1
26 80 1
18 208 1
17 83 1
35 174 1
8 260 1
67 136 1
10 84 1
74 218 1
18 105 1
19 22 1
73 227 1
22 177 1
8 168 1
71 229 1
13 48 1
215 219 1
42 118 1
53 235 1
218 236 1
142 229 1
66 246 1
26 121 1
63 142 1
247 259 1
13 132 1
26 59 1
159 239 1
224 257 1
47 202 1
8 98 1
83 180 1
5 229 1
110 229 1
18 217 1
42 202 1
84 130 1
52 87 1
17 180 1
18 272 1
29 73 1
202 216 1
22 258 1
69 254 1
3 42 1
17 274 1
168 226 1
144 205 1
205 258 1
110 240 1
18 209 1
26 244 1
77 143 1
131 229 1
102 266 1
115 239 1
66 230 1
54 84 1
92 219 1
72 229 1
26 239 1
22 203 1
137 236 1
245 269 1
205 271 1
83 131 1
3 202 1
43 236 1
172 229 1
226 272 1
2 272 1
26 125 1
76 79 1
26 43 1
229 263 1
18 48 1
38 120 1
61 202 1
38 164 1
83 95 1
134 186 1
5 26 1
13 71 1
71 177 1
203 205 1
37 202 1
58 229 1
62 70 1
221 229 1
149 229 1
220 229 1
74 149 1
200 227 1
170 230 1
9 202 1
26 136 1
224 239 1
18 43 1
21 229 1
81 84 1
155 188 1
18 138 1
11 47 1
30 66 1
118 182 1
17 70 1
191 226 1
66 206 1
11 71 1
110 167 1
26 175 1
21 69 1
47 238 1
140 143 1
84 114 1
180 183 1
169 234 1
80 118 1
236 253 1
22 118 1
26 138 1
144 186 1
65 137 1
33 38 1
55 218 1
18 132 1
13 32 1
154 236 1
22 59 1
10 52 1
80 222 1
205 273 1
18 141 1
123 229 1
124 226 1
208 231 1
163 217 1
18 26 1
189 229 1
70 96 1
239 254 1
197 230 1
18 196 1
57 136 1
87 275 1
18 213 1
18 181 1
22 52 1
239 252 1
7 26 1
26 215 1
22 35 1
65 102 1
18 222 1
26 111 1
26 223 1
53 148 1
88 247 1
192 256 1
53 69 1
52 187 1
120 147 1
225 229 1
117 257 1
46 240 1
37 118 1
101 164 1
8 161 1
8 159 1
5 41 1
102 232 1
18 136 1
13 115 1
129 131 1
186 229 1
201 247 1
205 214 1
238 254 1
166 168 1
120 131 1
22 67 1
202 219 1
26 83 1
87 221 1
13 113 1
229 247 1
147 268 1
66 229 1
26 78 1
59 70 1
26 182 1
115 273 1
33 257 1
144 182 1
33 169 1
26 117 1
79 205 1
138 176 1
116 247 1
83 243 1
84 152 1
268 273 1
109 229 1
26 257 1
22 204 1
27 160 1
18 118 1
229 230 1
202 206 1
108 202 1
26 114 1
208 271 1
72 83 1
229 273 1
114 226 1
71 138 1
210 272 1
18 163 1
205 224 1
153 229 1
18 263 1
229 267 1
57 212 1
229 232 1
146 177 1
13 159 1
18 115 1
79 143 1
32 224 1
3 11 1
68 124 1
22 96 1
229 259 1
5 202 1
125 238 1
144 202 1
126 205 1
144 208 1
83 228 1
23 245 1
99 115 1
81 188 1
37 63 1
29 229 1
19 121 1
121 230 1
26 87 1
90 229 1
194 209 1
62 90 1
57 250 1
137 149 1
74 181 1
10 256 1
66 105 1
74 120 1
24 236 1
46 269 1
71 242 1
143 227 1
148 229 1
91 163 1
102 211 1
143 241 1
33 68 1
76 126 1
26 34 1
120 272 1
45 240 1
83 135 1
54 86 1
26 105 1
23 229 1
183 229 1
218 229 1
18 225 1
198 230 1
23 180 1
71 144 1
3 229 1
26 179 1
225 230 1
52 213 1
40 198 1
17 151 1
9 241 1
55 257 1
80 229 1
18 131 1
186 226 1
3 18 1
22 249 1
23 159 1
230 256 1
229 238 1
84 207 1
5 22 1
6 143 1
26 101 1
229 231 1
3 31 1
26 191 1
106 229 1
66 194 1
166 239 1
84 205 1
113 229 1
126 229 1
20 83 1
76 236 1
84 185 1
196 212 1
229 258 1
26 129 1
87 247 1
205 268 1
184 229 1
47 48 1
229 262 1
12 26 1
86 229 1
95 219 1
83 271 1
47 243 1
20 109 1
161 229 1
93 229 1
41 236 1
68 120 1
43 229 1
172 205 1
65 232 1
112 159 1
13 147 1
151 229 1
17 141 1
22 162 1
182 245 1
22 261 1
9 26 1
18 188 1
26 171 1
26 149 1
18 165 1
194 229 1
196 229 1
80 165 1
1 32 1
224 229 1
152 202 1
219 242 1
26 249 1
45 269 1
52 123 1
219 229 1
8 251 1
23 263 1
31 229 1
18 56 1
18 236 1
226 228 1
229 246 1
27 202 1
26 154 1
18 250 1
84 260 1
22 229 1
26 151 1
62 226 1
13 128 1
113 275 1
26 39 1
72 186 1
17 226 1
157 247 1
71 78 1
98 227 1
18 51 1
22 55 1
56 79 1
26 92 1
104 242 1
120 193 1
47 201 1
71 189 1
12 95 1
10 180 1
22 269 1
18 173 1
77 229 1
53 118 1
120 179 1
33 126 1
157 229 1
26 54 1
188 219 1
28 52 1
64 113 1
84 94 1
82 202 1
189 226 1
30 238 1
131 197 1
186 268 1
23 212 1
25 247 1
202 269 1
71 156 1
145 226 1
202 256 1
17 22 1
22 85 1
65 244 1
43 143 1
159 241 1
17 21 1
18 207 1
14 18 1
18 117 1
8 21 1
180 267 1
11 196 1
111 225 1
105 174 1
18 49 1
76 263 1
84 229 1
65 229 1
240 250 1
69 226 1
26 131 1
52 93 1
166 229 1
190 274 1
55 229 1
18 111 1
157 189 1
253 272 1
23 244 1
18 107 1
106 128 1
13 67 1
176 188 1
8 229 1
35 219 1
173 219 1
98 229 1
205 262 1
182 229 1
120 271 1
11 17 1
144 241 1
115 275 1
26 188 1
133 202 1
46 143 1
82 195 1
31 80 1
94 218 1
18 72 1
26 174 1
226 273 1
26 275 1
8 66 1
45 229 1
64 193 1
77 205 1
34 272 1
216 271 1
143 229 1
18 193 1
79 83 1
104 240 1
14 115 1
107 245 1
128 229 1
29 119 1
47 57 1
227 229 1
120 155 1
187 229 1
62 190 1
75 275 1
229 260 1
183 230 1
5 59 1
229 257 1
158 229 1
142 268 1
13 229 1
119 235 1
18 128 1
86 219 1
137 246 1
17 26 1
38 257 1
50 202 1
181 189 1
18 266 1
61 229 1
21 189 1
147 182 1
83 266 1
76 159 1
17 110 1
12 226 1
125 271 1
81 131 1
20 227 1
26 72 1
95 209 1
202 271 1
61 237 1
39 202 1
163 187 1
57 60 1
26 86 1
221 226 1
26 148 1
101 232 1
26 267 1
177 198 1
13 100 1
115 241 1
90 205 1
26 263 1
9 113 1
88 230 1
16 205 1
41 205 1
18 77 1
58 209 1
118 232 1
139 243 1
73 223 1
83 236 1
155 229 1
72 239 1
8 242 1
105 144 1
144 199 1
156 269 1
7 194 1
236 238 1
26 153 1
31 137 1
69 229 1
7 173 1
61 206 1
18 84 1
18 231 1
18 235 1
86 205 1
134 204 1
61 244 1
26 126 1
118 185 1
229 251 1
125 182 1
66 67 1
176 229 1
171 229 1
32 165 1
18 220 1
112 271 1
83 275 1
47 165 1
79 193 1
18 144 1
36 229 1
80 124 1
67 229 1
83 194 1
207 229 1
118 129 1
153 230 1
115 267 1
112 275 1
22 235 1
125 229 1
84 215 1
26 147 1
47 251 1
84 184 1
31 267 1
21 167 1
190 213 1
26 133 1
37 260 1
175 229 1
50 66 1
56 120 1
42 208 1
13 268 1
18 35 1
208 229 1
22 153 1
6 261 1
26 186 1
263 271 1
23 162 1
68 74 1
168 263 1
120 168 1
122 269 1
183 227 1
29 272 1
83 219 1
44 229 1
19 105 1
13 92 1
230 247 1
26 242 1
192 208 1
16 120 1
26 207 1
68 192 1
26 27 1
62 228 1
26 85 1
50 229 1
143 145 1
9 141 1
39 115 1
127 229 1
42 132 1
51 229 1
76 120 1
5 196 1
35 83 1
77 262 1
24 257 1
206 263 1
21 84 1
183 267 1
132 160 1
26 252 1
199 241 1
75 227 1
24 229 1
18 75 1
77 79 1
26 51 1
34 66 1
95 133 1
22 257 1
20 133 1
80 134 1
91 229 1
196 219 1
22 151 1
18 171 1
78 236 1
23 33 1
