72 204 2
204 296 2
204 239 2
67 296 2
83 204 2
67 211 2
19 72 2
19 155 2
152 204 2
19 220 2
184 211 2
67 221 2
37 204 2
50 115 2
179 184 2
137 184 2
44 184 2
34 296 2
125 211 2
98 296 2
164 296 2
21 211 2
130 296 2
172 184 2
171 296 2
44 116 2
137 293 2
173 204 2
168 179 2
221 235 2
53 155 2
166 211 2
179 279 2
65 211 2
19 98 2
48 204 2
149 164 2
53 154 2
168 177 2
173 211 2
179 267 2
143 284 2
48 149 2
19 111 2
3 179 2
27 67 2
13 130 2
68 184 2
85 296 2
258 279 2
13 67 2
78 211 2
67 75 2
19 207 2
11 164 2
115 278 2
16 179 2
13 57 2
56 179 2
16 34 2
34 92 2
67 178 2
67 145 2
24 211 2
68 281 2
179 257 2
78 128 2
11 134 2
19 282 2
202 296 2
37 152 2
179 259 2
295 296 2
11 109 2
143 151 2
11 235 2
189 211 2
137 230 2
103 296 2
70 179 2
3 24 2
21 67 2
111 152 2
17 230 2
3 161 2
24 35 2
152 184 2
67 258 2
14 149 2
172 277 2
86 211 2
28 137 2
120 152 2
59 67 2
20 296 2
179 289 2
145 193 2
3 241 2
13 273 2
55 166 2
109 275 2
121 137 2
78 230 2
277 288 2
16 301 2
50 211 2
109 136 2
132 211 2
87 258 2
119 204 2
34 222 2
67 201 2
115 253 2
277 292 2
92 109 2
1 67 2
176 179 2
105 235 2
135 179 2
155 196 2
145 238 2
211 281 2
109 122 2
204 277 2
19 216 2
93 211 2
91 109 2
75 166 2
163 296 2
135 152 2
56 264 2
37 219 2
57 62 2
78 225 2
189 268 2
23 128 2
65 189 2
83 159 2
23 24 2
9 78 2
176 211 2
95 277 2
211 289 2
67 240 2
7 78 2
189 254 2
50 85 2
92 114 2
158 196 2
296 300 2
78 106 2
27 211 2
11 136 2
9 141 2
28 116 2
181 300 2
153 179 2
67 264 2
167 179 2
19 192 2
60 161 2
91 277 2
83 106 2
19 70 2
147 149 2
88 225 2
48 181 2
51 301 2
58 189 2
225 275 2
141 204 2
17 149 2
91 200 2
67 149 2
3 16 2
212 277 2
137 267 2
11 49 2
161 178 2
67 183 2
28 58 2
65 204 2
108 221 2
48 195 2
90 183 2
225 234 2
11 118 2
29 273 2
120 296 2
118 179 2
28 189 2
70 127 2
82 196 2
48 125 2
35 211 2
38 172 2
107 221 2
168 277 2
93 289 2
193 217 2
187 296 2
147 261 2
19 206 2
179 209 2
188 296 2
277 296 2
244 275 2
58 159 2
32 193 2
52 235 2
16 296 2
172 228 2
179 265 2
209 225 2
110 279 2
127 184 2
24 88 2
149 211 2
63 70 2
34 266 2
78 261 2
24 122 2
132 173 2
8 52 2
89 296 2
60 277 2
137 188 2
92 152 2
40 92 2
157 225 2
20 193 2
108 269 2
296 297 2
71 166 2
95 211 2
154 277 2
221 255 2
189 269 2
11 251 2
132 161 2
179 189 2
62 298 2
63 275 2
235 287 2
70 89 2
261 296 2
65 85 2
131 275 2
206 289 2
78 200 2
78 160 2
67 241 2
67 124 2
43 149 2
111 217 2
133 189 2
28 265 2
24 78 2
25 189 2
78 121 2
29 111 2
56 199 2
78 99 2
42 225 2
11 14 2
63 211 2
24 193 2
108 204 2
68 261 2
70 198 2
11 189 2
3 13 2
21 46 2
11 160 2
43 78 2
133 141 2
200 277 2
24 240 2
99 139 2
211 235 2
110 149 2
28 296 2
54 181 2
49 211 2
92 190 2
19 127 2
98 211 2
86 164 2
4 259 2
19 58 2
2 17 2
179 230 2
6 258 2
184 282 2
51 289 2
226 296 2
127 254 2
115 213 2
37 182 2
189 247 2
93 204 2
125 179 2
180 204 2
99 164 2
67 107 2
67 223 2
19 284 2
16 156 2
41 152 2
141 266 2
54 245 2
54 277 2
100 149 2
211 285 2
152 211 2
78 196 2
67 244 2
43 261 2
138 204 2
29 261 2
78 93 2
88 285 2
195 302 2
54 204 2
67 297 2
12 204 2
53 225 2
118 296 2
48 221 2
22 130 2
11 254 2
268 274 2
108 215 2
15 152 2
262 275 2
88 238 2
150 275 2
118 174 2
86 111 2
152 228 2
80 261 2
70 119 2
214 277 2
224 273 2
168 215 2
64 159 2
30 122 2
67 300 2
47 56 2
31 235 2
138 200 2
179 266 2
108 190 2
125 296 2
67 263 2
151 211 2
95 238 2
122 252 2
266 296 2
127 211 2
204 284 2
8 240 2
24 256 2
204 269 2
105 121 2
188 240 2
73 221 2
211 298 2
196 296 2
172 273 2
184 301 2
206 281 2
151 214 2
91 204 2
62 118 2
47 109 2
11 156 2
8 211 2
244 296 2
137 175 2
160 280 2
67 204 2
70 242 2
43 80 2
39 204 2
137 226 2
55 279 2
27 109 2
86 266 2
67 224 2
100 204 2
54 251 2
211 218 2
152 195 2
39 277 2
159 179 2
43 51 2
76 238 2
7 240 2
161 246 2
211 231 2
24 131 2
24 213 2
41 266 2
264 296 2
92 149 2
26 67 2
24 58 2
63 132 2
67 129 2
179 252 2
140 228 2
103 179 2
70 291 2
161 255 2
231 261 2
101 122 2
47 211 2
28 190 2
67 229 2
7 19 2
94 244 2
236 302 2
26 166 2
61 67 2
164 219 2
102 280 2
25 56 2
19 20 2
166 199 2
117 275 2
76 258 2
109 218 2
63 218 2
24 190 2
46 179 2
11 124 2
108 179 2
67 266 2
210 282 2
188 287 2
11 301 2
68 179 2
109 153 2
19 113 2
72 78 2
84 152 2
266 277 2
67 236 2
56 301 2
27 102 2
40 204 2
239 289 2
204 206 2
22 87 2
7 292 2
67 228 2
185 211 2
179 217 2
179 221 2
112 179 2
85 289 2
77 225 2
7 61 2
149 296 2
162 280 2
92 155 2
122 199 2
184 260 2
11 81 2
137 199 2
65 117 2
28 175 2
161 277 2
134 184 2
81 161 2
22 84 2
64 240 2
178 210 2
146 179 2
67 219 2
6 115 2
50 137 2
7 82 2
116 279 2
75 150 2
211 271 2
162 235 2
204 291 2
136 211 2
149 277 2
210 227 2
159 211 2
227 301 2
120 204 2
207 211 2
144 199 2
9 13 2
24 106 2
52 122 2
211 228 2
57 228 2
211 237 2
75 232 2
200 271 2
53 126 2
67 88 2
203 225 2
67 205 2
62 179 2
137 260 2
6 204 2
98 139 2
6 127 2
26 200 2
211 233 2
41 204 2
20 221 2
3 296 2
13 191 2
63 246 2
65 248 2
136 246 2
258 295 2
63 194 2
17 277 2
198 280 2
189 250 2
11 187 2
65 197 2
9 196 2
144 225 2
58 195 2
60 238 2
190 211 2
23 214 2
112 211 2
13 227 2
130 278 2
179 231 2
43 277 2
267 296 2
47 100 2
69 137 2
225 283 2
63 286 2
201 206 2
8 135 2
40 210 2
193 261 2
81 179 2
47 67 2
50 67 2
75 135 2
150 152 2
19 181 2
69 179 2
201 204 2
157 168 2
196 204 2
78 199 2
81 296 2
44 220 2
41 72 2
185 238 2
67 210 2
204 283 2
7 159 2
29 33 2
98 111 2
67 112 2
3 57 2
149 181 2
225 287 2
102 265 2
18 155 2
179 296 2
36 98 2
210 226 2
67 128 2
19 151 2
281 302 2
197 204 2
99 204 2
181 204 2
64 301 2
211 294 2
58 160 2
151 224 2
8 48 2
67 72 2
43 135 2
174 211 2
31 56 2
184 187 2
195 288 2
23 188 2
67 190 2
52 277 2
7 173 2
179 243 2
184 230 2
58 97 2
82 125 2
90 135 2
37 230 2
55 280 2
67 269 2
35 43 2
2 169 2
137 280 2
1 219 2
9 200 2
47 261 2
133 186 2
45 67 2
3 200 2
67 80 2
59 179 2
265 281 2
94 102 2
79 246 2
19 211 2
26 211 2
183 211 2
161 171 2
71 108 2
178 296 2
140 224 2
156 211 2
186 292 2
106 277 2
140 204 2
25 195 2
121 149 2
81 238 2
27 56 2
184 295 2
75 176 2
108 189 2
41 216 2
127 140 2
73 106 2
205 296 2
108 263 2
209 211 2
37 164 2
132 290 2
75 105 2
17 109 2
149 217 2
61 204 2
28 261 2
204 221 2
81 229 2
122 246 2
155 228 2
89 184 2
238 301 2
117 211 2
5 145 2
125 279 2
115 166 2
76 82 2
251 280 2
199 282 2
164 300 2
153 221 2
204 266 2
67 180 2
31 109 2
149 283 2
204 262 2
68 274 2
42 173 2
164 175 2
48 50 2
149 196 2
28 204 2
98 268 2
70 295 2
200 280 2
28 239 2
249 261 2
15 56 2
63 201 2
73 196 2
127 260 2
126 301 2
75 172 2
25 137 2
221 261 2
47 270 2
24 81 2
169 178 2
78 132 2
204 274 2
57 208 2
179 247 2
67 166 2
15 90 2
77 137 2
67 116 2
31 204 2
113 193 2
68 255 2
52 121 2
117 149 2
95 200 2
7 32 2
131 157 2
24 71 2
179 271 2
17 211 2
41 67 2
60 280 2
13 279 2
78 292 2
56 137 2
65 200 2
133 179 2
48 211 2
26 299 2
279 301 2
24 100 2
96 211 2
61 221 2
64 221 2
28 89 2
112 201 2
5 49 2
58 253 2
19 246 2
122 211 2
55 113 2
55 123 2
41 91 2
132 277 2
28 91 2
178 251 2
149 214 2
182 204 2
130 137 2
265 296 2
19 82 2
169 209 2
80 211 2
149 263 2
231 289 2
115 284 2
277 282 2
67 191 2
91 179 2
127 166 2
93 116 2
78 150 2
155 210 2
38 184 2
65 67 2
123 149 2
117 179 2
135 211 2
107 164 2
122 173 2
211 293 2
70 300 2
69 92 2
41 168 2
125 184 2
50 204 2
51 211 2
63 115 2
289 296 2
194 211 2
122 212 2
54 134 2
67 248 2
88 118 2
56 200 2
46 187 2
204 222 2
93 138 2
204 220 2
137 301 2
179 248 2
178 209 2
67 101 2
109 241 2
150 171 2
121 179 2
158 184 2
183 289 2
51 56 2
171 198 2
129 258 2
81 204 2
11 167 2
67 121 2
204 298 2
28 134 2
48 233 2
222 274 2
11 230 2
42 58 2
107 277 2
242 296 2
52 59 2
70 184 2
103 152 2
3 208 2
41 78 2
116 276 2
30 219 2
257 260 2
35 78 2
23 34 2
38 124 2
184 250 2
137 265 2
94 279 2
79 143 2
159 287 2
204 235 2
296 302 2
7 297 2
3 171 2
195 232 2
23 36 2
36 168 2
12 31 2
13 75 2
143 211 2
211 263 2
13 150 2
146 296 2
102 115 2
204 234 2
79 115 2
152 286 2
159 204 2
186 264 2
200 241 2
67 212 2
204 285 2
215 263 2
108 144 2
102 252 2
223 296 2
29 222 2
112 123 2
289 300 2
75 225 2
24 277 2
41 291 2
120 166 2
19 168 2
19 55 2
137 295 2
18 124 2
28 280 2
94 296 2
179 216 2
3 140 2
27 46 2
134 147 2
13 36 2
42 296 2
50 149 2
54 128 2
159 184 2
43 95 2
140 211 2
37 140 2
89 210 2
56 258 2
24 67 2
44 64 2
115 272 2
97 145 2
57 173 2
211 275 2
113 179 2
9 221 2
124 211 2
200 227 2
78 223 2
149 252 2
75 295 2
47 296 2
241 243 2
19 137 2
1 204 2
43 56 2
19 104 2
111 185 2
174 216 2
75 244 2
64 277 2
17 59 2
39 137 2
78 214 2
188 211 2
50 141 2
27 166 2
127 188 2
203 266 2
103 189 2
171 271 2
58 190 2
2 109 2
67 111 2
6 67 2
