1 2 3
1 5 3
1 25 3
1 145 3
1 166 3
1 247 3
1 256 3
1 273 3
1 274 3
1 300 3
1 302 3
1 330 3
1 331 3
1 332 3
2 3 3
2 4 3
2 5 3
2 6 3
2 17 3
2 23 3
2 53 3
2 93 3
2 105 3
2 136 3
2 150 3
2 174 3
2 299 3
2 330 3
3 4 3
3 5 3
3 42 3
3 84 3
3 111 3
3 297 3
3 301 3
3 322 3
3 332 3
4 5 3
4 29 3
4 171 3
4 173 3
4 229 3
4 272 3
5 7 3
5 8 3
5 158 3
5 276 3
6 7 3
6 8 3
6 9 3
6 10 3
7 8 3
7 11 3
7 208 3
7 291 3
7 293 3
8 9 3
8 11 3
8 60 3
8 66 3
8 117 3
8 137 3
9 13 3
9 25 3
9 75 3
9 82 3
9 200 3
9 227 3
10 11 3
10 12 3
10 80 3
11 12 3
11 18 3
11 68 3
12 13 3
12 14 3
12 15 3
12 265 3
13 16 3
13 104 3
13 118 3
13 119 3
13 307 3
14 15 3
14 16 3
14 107 3
14 156 3
15 16 3
15 19 3
15 185 3
15 304 3
16 18 3
16 20 3
16 186 3
17 19 3
17 21 3
17 183 3
18 22 3
18 44 3
18 166 3
18 175 3
18 206 3
18 245 3
19 20 3
19 21 3
19 48 3
19 92 3
19 95 3
19 158 3
20 21 3
20 22 3
20 23 3
20 24 3
20 25 3
20 57 3
20 120 3
21 23 3
21 25 3
21 172 3
21 200 3
21 287 3
22 24 3
22 25 3
22 26 3
22 54 3
22 91 3
22 102 3
23 25 3
23 114 3
23 249 3
24 25 3
24 27 3
24 140 3
25 28 3
25 184 3
26 27 3
26 28 3
26 30 3
26 182 3
26 263 3
27 28 3
27 29 3
27 108 3
27 231 3
27 252 3
28 29 3
28 31 3
28 38 3
28 120 3
28 140 3
28 167 3
29 31 3
29 266 3
30 33 3
30 72 3
30 79 3
30 187 3
30 226 3
30 238 3
31 32 3
31 33 3
31 34 3
31 61 3
32 33 3
32 34 3
32 36 3
33 34 3
33 35 3
33 36 3
33 37 3
33 82 3
34 35 3
34 36 3
34 37 3
34 38 3
34 101 3
34 103 3
35 36 3
35 39 3
35 48 3
35 270 3
35 288 3
36 38 3
36 59 3
36 68 3
36 261 3
37 38 3
37 39 3
37 117 3
37 248 3
37 292 3
38 42 3
38 46 3
38 49 3
38 118 3
38 126 3
38 127 3
38 266 3
38 275 3
39 40 3
39 41 3
39 42 3
39 182 3
39 295 3
39 301 3
40 43 3
40 59 3
40 120 3
40 131 3
40 138 3
40 224 3
40 280 3
40 310 3
41 42 3
41 43 3
41 44 3
42 46 3
42 166 3
42 275 3
43 44 3
43 47 3
43 51 3
43 102 3
43 177 3
44 45 3
44 47 3
44 51 3
44 55 3
44 63 3
44 213 3
45 48 3
45 114 3
45 115 3
45 259 3
45 263 3
46 47 3
46 50 3
46 101 3
46 185 3
46 226 3
47 49 3
47 51 3
47 70 3
47 215 3
47 285 3
48 51 3
48 80 3
48 92 3
48 107 3
48 118 3
48 126 3
48 264 3
48 265 3
49 50 3
49 97 3
49 222 3
49 330 3
50 52 3
50 54 3
50 65 3
50 124 3
50 183 3
51 55 3
51 68 3
51 94 3
51 300 3
52 56 3
52 89 3
52 128 3
52 258 3
53 54 3
53 56 3
53 138 3
53 163 3
53 273 3
54 56 3
54 57 3
54 113 3
54 322 3
55 59 3
55 122 3
55 139 3
55 204 3
55 237 3
56 58 3
56 60 3
56 162 3
56 171 3
56 269 3
57 61 3
57 73 3
57 171 3
58 59 3
58 61 3
58 62 3
58 184 3
59 60 3
59 62 3
59 115 3
59 170 3
60 108 3
60 169 3
60 230 3
61 63 3
61 65 3
61 277 3
61 284 3
62 63 3
62 64 3
62 65 3
62 66 3
62 324 3
63 91 3
63 97 3
63 155 3
63 221 3
63 243 3
63 261 3
64 65 3
64 66 3
64 67 3
64 68 3
64 274 3
65 66 3
65 68 3
65 163 3
65 294 3
66 67 3
66 68 3
66 69 3
67 68 3
67 233 3
68 70 3
68 72 3
68 235 3
69 70 3
69 73 3
69 212 3
69 238 3
69 290 3
69 291 3
70 72 3
70 74 3
70 85 3
70 226 3
70 233 3
70 294 3
71 78 3
71 189 3
71 206 3
71 213 3
71 317 3
72 73 3
72 161 3
72 227 3
72 328 3
73 76 3
73 92 3
73 138 3
73 162 3
73 211 3
74 75 3
74 76 3
74 77 3
74 96 3
75 76 3
75 78 3
75 79 3
75 114 3
75 140 3
75 185 3
75 189 3
75 276 3
75 302 3
76 78 3
76 79 3
76 80 3
76 99 3
76 140 3
76 143 3
77 80 3
77 125 3
77 277 3
77 291 3
78 80 3
78 81 3
78 82 3
78 103 3
78 213 3
79 81 3
79 82 3
79 214 3
80 109 3
80 140 3
80 254 3
81 163 3
81 234 3
81 277 3
82 83 3
82 84 3
82 94 3
82 205 3
82 288 3
83 84 3
83 86 3
83 112 3
83 298 3
83 315 3
84 85 3
84 86 3
84 101 3
84 121 3
84 194 3
84 231 3
84 262 3
85 130 3
86 87 3
86 88 3
87 88 3
87 89 3
87 90 3
87 224 3
88 89 3
88 91 3
88 222 3
88 291 3
89 91 3
89 93 3
89 159 3
89 305 3
90 92 3
90 123 3
91 94 3
91 112 3
91 177 3
91 230 3
91 323 3
92 95 3
92 96 3
93 94 3
93 143 3
93 281 3
93 305 3
94 96 3
94 132 3
94 174 3
95 97 3
95 98 3
95 99 3
95 111 3
96 97 3
96 197 3
96 224 3
96 263 3
96 275 3
97 98 3
97 99 3
97 101 3
97 149 3
98 99 3
98 102 3
98 125 3
98 295 3
99 100 3
99 101 3
99 106 3
100 101 3
100 102 3
100 103 3
100 104 3
100 276 3
100 329 3
101 163 3
101 173 3
101 219 3
102 103 3
102 122 3
102 169 3
102 215 3
102 233 3
104 105 3
104 200 3
104 222 3
104 262 3
105 106 3
105 108 3
105 119 3
106 107 3
106 108 3
106 157 3
106 209 3
106 299 3
107 175 3
107 214 3
107 246 3
108 110 3
108 126 3
108 218 3
109 110 3
109 135 3
109 141 3
109 259 3
109 331 3
110 112 3
110 114 3
110 180 3
110 190 3
110 259 3
111 114 3
111 115 3
111 118 3
112 113 3
112 114 3
112 116 3
112 226 3
113 115 3
113 116 3
113 158 3
113 200 3
113 306 3
114 118 3
114 147 3
115 161 3
115 192 3
116 118 3
116 119 3
116 152 3
116 229 3
117 118 3
117 170 3
118 218 3
119 120 3
119 121 3
119 122 3
119 217 3
120 122 3
120 123 3
120 168 3
120 202 3
121 123 3
121 273 3
121 296 3
122 175 3
122 197 3
122 297 3
123 125 3
123 126 3
123 132 3
124 125 3
124 127 3
124 221 3
125 128 3
125 129 3
125 133 3
125 236 3
126 128 3
126 130 3
127 129 3
127 130 3
127 162 3
127 166 3
127 262 3
128 129 3
128 131 3
128 201 3
128 208 3
129 130 3
129 131 3
129 132 3
130 132 3
130 158 3
130 216 3
130 285 3
131 132 3
131 134 3
131 135 3
131 294 3
132 134 3
132 135 3
133 134 3
133 135 3
133 136 3
134 136 3
134 143 3
134 184 3
135 136 3
135 137 3
135 256 3
135 313 3
135 315 3
136 139 3
136 253 3
136 310 3
137 138 3
137 139 3
137 140 3
138 174 3
138 182 3
138 201 3
138 228 3
139 141 3
139 211 3
139 252 3
140 141 3
140 198 3
141 142 3
141 153 3
141 242 3
142 143 3
142 144 3
142 145 3
142 282 3
143 145 3
143 147 3
143 157 3
143 163 3
143 173 3
144 145 3
144 146 3
144 147 3
144 168 3
145 147 3
145 148 3
145 183 3
145 279 3
145 310 3
146 148 3
146 149 3
147 150 3
147 151 3
147 204 3
147 214 3
147 230 3
148 149 3
148 185 3
148 209 3
149 151 3
149 235 3
149 240 3
149 243 3
150 151 3
150 153 3
150 154 3
151 152 3
151 153 3
151 154 3
151 155 3
151 190 3
151 266 3
151 281 3
152 153 3
152 212 3
152 304 3
153 155 3
153 156 3
153 330 3
154 155 3
154 156 3
154 158 3
156 160 3
156 191 3
156 214 3
156 292 3
157 159 3
157 166 3
158 161 3
158 297 3
159 160 3
159 161 3
159 162 3
159 163 3
159 258 3
160 162 3
160 163 3
160 170 3
161 162 3
161 172 3
161 298 3
162 164 3
162 165 3
162 237 3
164 165 3
164 167 3
164 168 3
164 253 3
165 167 3
165 168 3
165 273 3
166 167 3
166 168 3
167 168 3
167 294 3
168 172 3
168 248 3
169 170 3
169 171 3
169 173 3
170 171 3
170 172 3
171 174 3
172 198 3
173 174 3
173 177 3
173 210 3
174 176 3
174 268 3
175 176 3
175 177 3
175 179 3
175 264 3
176 177 3
176 178 3
177 178 3
177 179 3
177 181 3
178 179 3
178 182 3
178 250 3
179 181 3
179 232 3
179 312 3
180 181 3
180 182 3
180 183 3
180 279 3
181 182 3
181 183 3
182 186 3
182 269 3
182 297 3
182 316 3
183 187 3
183 199 3
183 288 3
184 186 3
184 194 3
184 226 3
185 187 3
185 188 3
185 238 3
186 187 3
186 189 3
187 189 3
187 192 3
187 267 3
188 189 3
188 191 3
189 193 3
189 314 3
189 327 3
190 191 3
190 193 3
190 194 3
190 290 3
191 192 3
191 193 3
191 194 3
191 303 3
192 194 3
192 196 3
193 195 3
193 327 3
194 195 3
194 196 3
194 198 3
194 219 3
194 315 3
195 196 3
195 198 3
196 197 3
196 199 3
196 200 3
196 233 3
197 199 3
197 251 3
198 199 3
198 200 3
198 264 3
199 200 3
199 263 3
200 202 3
200 249 3
201 203 3
201 204 3
201 205 3
201 247 3
201 285 3
202 204 3
202 206 3
203 205 3
203 269 3
204 205 3
205 206 3
205 209 3
205 316 3
206 254 3
207 208 3
207 210 3
207 211 3
207 233 3
207 245 3
208 211 3
208 212 3
208 277 3
209 210 3
209 211 3
209 213 3
210 211 3
210 212 3
211 212 3
211 213 3
212 214 3
212 222 3
212 321 3
213 316 3
214 215 3
214 218 3
214 225 3
215 218 3
215 219 3
215 248 3
216 217 3
216 277 3
217 219 3
217 220 3
218 219 3
218 220 3
218 221 3
219 223 3
220 221 3
220 222 3
220 223 3
220 224 3
221 223 3
221 224 3
221 272 3
222 228 3
223 224 3
223 225 3
223 226 3
224 228 3
224 238 3
225 226 3
225 227 3
225 228 3
225 248 3
226 230 3
226 251 3
227 228 3
227 230 3
227 231 3
227 248 3
227 279 3
228 230 3
228 231 3
229 231 3
230 231 3
230 240 3
230 270 3
230 309 3
230 317 3
231 235 3
232 234 3
233 234 3
233 235 3
233 236 3
233 245 3
234 235 3
234 236 3
234 237 3
234 238 3
235 236 3
235 237 3
235 239 3
236 238 3
237 238 3
237 239 3
237 240 3
239 240 3
239 241 3
239 266 3
240 256 3
241 245 3
241 273 3
242 243 3
242 245 3
242 246 3
243 244 3
244 245 3
244 246 3
245 247 3
245 248 3
245 249 3
246 248 3
246 249 3
247 248 3
247 249 3
247 250 3
247 317 3
248 249 3
248 267 3
248 292 3
249 250 3
249 252 3
249 253 3
249 271 3
250 251 3
250 252 3
250 253 3
251 291 3
252 253 3
252 254 3
252 255 3
252 317 3
253 255 3
253 257 3
253 320 3
254 257 3
254 258 3
255 257 3
255 259 3
255 274 3
256 258 3
256 260 3
257 258 3
257 259 3
257 261 3
258 259 3
258 260 3
259 262 3
260 261 3
260 262 3
261 262 3
261 263 3
261 265 3
262 265 3
265 267 3
265 269 3
266 270 3
267 269 3
267 270 3
268 269 3
268 270 3
268 271 3
268 272 3
269 270 3
269 271 3
270 271 3
270 273 3
270 285 3
271 272 3
271 274 3
272 273 3
272 274 3
273 275 3
274 275 3
274 332 3
275 277 3
275 279 3
275 314 3
276 277 3
276 279 3
276 280 3
278 279 3
278 280 3
278 281 3
278 282 3
279 280 3
279 283 3
280 292 3
280 326 3
281 282 3
281 283 3
281 284 3
282 283 3
282 284 3
283 284 3
283 286 3
283 313 3
283 317 3
284 285 3
284 286 3
284 287 3
285 286 3
285 287 3
285 289 3
286 287 3
286 288 3
286 289 3
286 290 3
287 288 3
287 289 3
288 289 3
288 291 3
289 290 3
289 291 3
289 292 3
291 292 3
291 294 3
293 294 3
293 295 3
293 296 3
293 297 3
294 295 3
294 296 3
294 297 3
295 296 3
295 298 3
296 297 3
296 298 3
296 299 3
297 301 3
298 299 3
298 300 3
298 301 3
298 302 3
299 300 3
299 301 3
300 301 3
300 303 3
301 302 3
301 304 3
302 304 3
302 305 3
303 304 3
303 305 3
303 306 3
304 305 3
304 306 3
304 307 3
305 306 3
305 308 3
305 309 3
306 307 3
306 308 3
306 309 3
306 310 3
307 308 3
307 309 3
307 310 3
308 309 3
308 310 3
308 311 3
309 310 3
309 311 3
309 312 3
309 313 3
310 312 3
310 314 3
311 312 3
311 314 3
311 328 3
312 313 3
312 314 3
312 315 3
313 314 3
313 315 3
314 315 3
314 317 3
314 318 3
315 318 3
315 319 3
316 318 3
316 319 3
317 320 3
318 319 3
318 320 3
318 321 3
319 320 3
319 321 3
319 322 3
319 323 3
320 322 3
320 323 3
321 322 3
321 323 3
321 324 3
321 325 3
322 324 3
323 324 3
323 325 3
323 326 3
323 327 3
324 325 3
324 326 3
324 327 3
325 326 3
325 327 3
325 328 3
326 327 3
326 329 3
327 328 3
327 329 3
327 330 3
328 329 3
328 330 3
328 331 3
328 332 3
329 330 3
329 332 3
330 332 3
331 332 3
