162 274 3
161 274 3
161 194 3
5 194 3
94 161 3
16 274 3
144 161 3
90 226 3
244 274 3
144 167 3
3 144 3
42 315 3
217 274 3
144 151 3
72 90 3
51 274 3
62 194 3
161 175 3
90 278 3
238 315 3
132 161 3
201 274 3
213 226 3
162 180 3
16 133 3
47 161 3
3 301 3
19 180 3
178 194 3
19 169 3
144 152 3
90 282 3
154 162 3
188 244 3
119 315 3
161 300 3
152 246 3
144 305 3
139 154 3
26 161 3
251 315 3
104 274 3
133 204 3
27 194 3
90 241 3
5 233 3
225 301 3
89 194 3
133 238 3
133 239 3
161 277 3
155 274 3
160 238 3
274 332 3
161 207 3
45 226 3
5 209 3
3 208 3
47 331 3
154 252 3
169 216 3
304 315 3
181 274 3
143 154 3
203 244 3
219 315 3
58 104 3
90 292 3
274 277 3
172 301 3
286 331 3
76 274 3
80 225 3
152 302 3
161 215 3
161 314 3
135 315 3
131 175 3
154 304 3
144 235 3
152 274 3
90 140 3
194 328 3
299 305 3
106 161 3
137 181 3
90 187 3
133 262 3
16 291 3
179 213 3
62 221 3
27 152 3
137 231 3
161 190 3
65 208 3
13 194 3
90 186 3
244 313 3
142 225 3
226 255 3
226 324 3
107 152 3
244 268 3
33 194 3
174 315 3
154 200 3
127 278 3
94 186 3
69 152 3
44 143 3
17 233 3
152 158 3
105 274 3
161 262 3
5 265 3
96 161 3
69 149 3
51 307 3
221 261 3
90 163 3
133 142 3
152 181 3
92 161 3
133 246 3
59 140 3
137 274 3
161 225 3
22 152 3
24 238 3
88 104 3
139 223 3
195 208 3
37 80 3
302 327 3
45 249 3
33 171 3
67 274 3
19 303 3
12 44 3
208 306 3
55 161 3
133 304 3
154 296 3
68 274 3
278 317 3
105 142 3
271 274 3
61 90 3
274 281 3
262 274 3
44 170 3
44 47 3
12 250 3
80 92 3
113 274 3
90 259 3
154 178 3
225 256 3
51 197 3
44 78 3
45 248 3
161 269 3
290 305 3
232 246 3
133 227 3
112 239 3
235 274 3
17 161 3
169 247 3
295 302 3
33 89 3
161 298 3
97 262 3
5 34 3
48 208 3
16 39 3
133 234 3
89 119 3
42 182 3
104 161 3
133 270 3
28 90 3
99 305 3
182 238 3
48 244 3
233 309 3
90 251 3
13 48 3
233 252 3
188 274 3
70 161 3
112 182 3
74 274 3
19 124 3
90 202 3
208 274 3
194 197 3
48 51 3
123 290 3
4 104 3
105 198 3
138 300 3
126 302 3
132 225 3
163 315 3
161 309 3
189 274 3
50 239 3
28 303 3
67 242 3
226 285 3
48 123 3
229 274 3
209 244 3
23 274 3
41 282 3
87 127 3
80 184 3
161 324 3
7 324 3
161 206 3
79 186 3
217 261 3
181 221 3
171 315 3
60 180 3
61 161 3
5 143 3
58 274 3
127 160 3
90 277 3
147 161 3
274 300 3
233 267 3
149 245 3
181 230 3
152 305 3
243 315 3
190 262 3
44 269 3
109 300 3
19 90 3
90 301 3
251 277 3
230 257 3
240 274 3
48 159 3
225 311 3
154 207 3
44 282 3
29 251 3
133 267 3
133 282 3
45 274 3
245 318 3
90 151 3
58 187 3
200 278 3
22 133 3
251 326 3
233 323 3
48 79 3
22 59 3
161 253 3
140 287 3
103 152 3
2 48 3
140 237 3
74 254 3
106 269 3
48 114 3
274 329 3
223 274 3
4 314 3
151 180 3
19 171 3
83 135 3
225 266 3
140 192 3
174 274 3
180 188 3
66 282 3
163 171 3
71 274 3
180 280 3
102 247 3
44 212 3
119 143 3
260 315 3
113 277 3
110 194 3
90 200 3
115 274 3
225 274 3
161 289 3
38 194 3
17 40 3
39 90 3
194 223 3
82 162 3
209 300 3
267 285 3
231 245 3
236 251 3
2 274 3
45 276 3
143 165 3
225 254 3
169 283 3
13 244 3
145 163 3
161 169 3
57 274 3
89 161 3
38 161 3
6 204 3
39 215 3
141 239 3
273 302 3
132 133 3
143 170 3
113 325 3
20 88 3
150 169 3
89 158 3
127 186 3
45 125 3
152 209 3
165 274 3
15 42 3
91 151 3
75 252 3
53 186 3
152 323 3
29 274 3
162 328 3
25 274 3
202 274 3
75 84 3
114 274 3
25 90 3
44 98 3
61 182 3
213 321 3
83 274 3
96 222 3
41 154 3
156 247 3
88 133 3
15 303 3
133 167 3
13 103 3
274 280 3
94 308 3
34 229 3
95 324 3
56 274 3
11 161 3
152 173 3
44 274 3
162 172 3
137 225 3
3 322 3
245 322 3
90 196 3
90 222 3
27 226 3
58 313 3
89 218 3
24 48 3
251 255 3
125 274 3
155 169 3
16 181 3
194 332 3
49 62 3
22 77 3
48 322 3
86 169 3
37 186 3
56 263 3
17 144 3
200 314 3
181 272 3
90 232 3
289 304 3
149 161 3
99 325 3
104 281 3
44 147 3
108 277 3
219 274 3
74 244 3
11 42 3
118 144 3
30 221 3
144 244 3
104 194 3
291 305 3
202 227 3
274 288 3
159 224 3
48 280 3
188 309 3
164 186 3
165 200 3
57 331 3
20 90 3
119 197 3
83 154 3
48 254 3
223 305 3
49 133 3
254 274 3
90 308 3
146 200 3
180 331 3
288 289 3
110 274 3
29 158 3
127 311 3
5 139 3
52 152 3
65 163 3
52 274 3
80 213 3
78 137 3
54 188 3
274 304 3
96 274 3
260 319 3
219 331 3
99 186 3
90 233 3
197 218 3
104 296 3
48 289 3
12 78 3
136 161 3
34 89 3
44 102 3
136 303 3
3 12 3
153 274 3
274 325 3
256 289 3
19 311 3
184 251 3
208 229 3
67 315 3
7 325 3
91 144 3
194 279 3
90 268 3
27 241 3
5 298 3
17 88 3
187 194 3
302 316 3
54 194 3
169 292 3
18 181 3
12 25 3
130 254 3
285 307 3
152 291 3
21 119 3
113 194 3
90 139 3
14 133 3
274 295 3
151 267 3
3 35 3
90 319 3
53 309 3
244 309 3
187 274 3
31 161 3
75 323 3
253 304 3
35 36 3
110 280 3
8 267 3
178 274 3
69 90 3
200 313 3
237 253 3
7 189 3
274 292 3
12 54 3
140 165 3
133 170 3
30 323 3
300 324 3
90 208 3
110 252 3
156 163 3
86 261 3
3 199 3
166 277 3
45 153 3
156 274 3
89 199 3
78 225 3
71 110 3
275 315 3
251 290 3
11 181 3
100 304 3
133 237 3
90 257 3
66 274 3
266 322 3
247 254 3
6 133 3
44 221 3
117 288 3
221 274 3
105 240 3
120 274 3
39 144 3
14 152 3
200 241 3
102 161 3
31 216 3
124 163 3
189 282 3
134 274 3
44 325 3
19 122 3
41 194 3
100 110 3
191 332 3
53 213 3
27 83 3
11 205 3
233 243 3
13 297 3
71 163 3
196 331 3
163 215 3
94 156 3
51 269 3
11 317 3
90 283 3
189 194 3
166 314 3
140 274 3
127 234 3
45 200 3
16 62 3
64 78 3
202 325 3
156 229 3
53 226 3
171 244 3
200 320 3
90 293 3
173 200 3
208 327 3
35 274 3
1 238 3
123 151 3
17 240 3
40 282 3
44 283 3
137 220 3
14 265 3
147 259 3
27 86 3
169 239 3
77 235 3
163 281 3
93 274 3
136 154 3
158 285 3
16 246 3
133 250 3
54 163 3
161 331 3
41 242 3
41 240 3
3 223 3
30 153 3
166 315 3
48 326 3
154 274 3
40 43 3
301 331 3
247 270 3
35 261 3
160 294 3
7 233 3
194 315 3
44 326 3
228 269 3
67 91 3
37 137 3
36 114 3
161 164 3
241 274 3
95 277 3
77 90 3
69 274 3
190 208 3
277 284 3
226 315 3
13 44 3
2 278 3
90 225 3
90 138 3
133 290 3
85 90 3
160 216 3
225 284 3
210 274 3
161 167 3
10 152 3
194 271 3
153 319 3
194 311 3
32 163 3
200 306 3
226 254 3
180 314 3
65 267 3
143 292 3
137 161 3
58 149 3
89 148 3
48 218 3
142 302 3
266 282 3
228 304 3
162 200 3
274 305 3
202 304 3
11 315 3
89 163 3
131 274 3
22 181 3
47 224 3
22 248 3
17 321 3
149 194 3
225 281 3
27 240 3
208 254 3
78 314 3
133 293 3
194 258 3
69 206 3
79 182 3
185 226 3
187 222 3
73 143 3
62 226 3
241 261 3
18 327 3
9 221 3
14 327 3
7 196 3
44 328 3
37 256 3
96 322 3
157 247 3
233 299 3
240 294 3
97 315 3
14 250 3
183 187 3
161 258 3
174 312 3
119 194 3
35 90 3
169 284 3
33 43 3
262 322 3
141 152 3
35 141 3
133 276 3
48 128 3
229 290 3
213 327 3
1 269 3
27 274 3
90 223 3
18 186 3
99 274 3
171 222 3
89 182 3
312 322 3
110 174 3
21 222 3
81 96 3
160 227 3
246 255 3
54 274 3
4 196 3
181 265 3
82 90 3
6 147 3
116 331 3
13 20 3
305 324 3
242 317 3
7 304 3
176 250 3
90 134 3
17 67 3
133 259 3
86 210 3
26 169 3
104 289 3
4 143 3
59 193 3
41 273 3
274 310 3
39 102 3
133 160 3
43 289 3
161 304 3
90 205 3
176 274 3
68 181 3
274 318 3
127 249 3
75 274 3
169 194 3
213 280 3
90 284 3
172 297 3
194 289 3
90 303 3
133 223 3
47 221 3
221 241 3
80 274 3
5 15 3
268 274 3
10 226 3
255 331 3
53 227 3
55 58 3
45 112 3
305 315 3
153 262 3
189 239 3
83 291 3
194 299 3
82 194 3
80 255 3
138 274 3
223 317 3
7 313 3
20 22 3
162 310 3
161 220 3
248 315 3
5 14 3
4 207 3
154 190 3
186 323 3
88 246 3
115 163 3
236 303 3
64 86 3
163 295 3
12 85 3
163 207 3
95 274 3
121 244 3
41 245 3
19 186 3
113 215 3
67 223 3
126 163 3
168 172 3
71 297 3
239 252 3
14 326 3
262 326 3
315 317 3
44 249 3
1 274 3
297 313 3
108 274 3
145 289 3
166 274 3
45 238 3
207 283 3
97 169 3
119 192 3
5 220 3
144 274 3
16 43 3
148 226 3
9 274 3
169 223 3
86 314 3
57 90 3
68 161 3
183 302 3
186 198 3
274 316 3
142 274 3
96 133 3
10 265 3
144 206 3
257 296 3
112 288 3
199 274 3
61 171 3
118 274 3
109 222 3
171 205 3
88 235 3
42 152 3
41 198 3
161 219 3
191 316 3
28 200 3
266 274 3
22 129 3
100 260 3
126 285 3
206 274 3
162 167 3
36 161 3
139 246 3
14 329 3
41 209 3
24 274 3
261 274 3
131 161 3
1 217 3
200 283 3
190 331 3
48 94 3
186 216 3
19 224 3
17 175 3
74 200 3
87 133 3
236 274 3
109 315 3
239 253 3
177 216 3
127 274 3
105 161 3
88 207 3
254 267 3
163 328 3
186 313 3
174 243 3
17 319 3
296 322 3
53 304 3
230 251 3
30 44 3
146 160 3
216 306 3
33 119 3
251 286 3
18 188 3
159 225 3
226 235 3
255 293 3
136 274 3
15 274 3
97 209 3
29 137 3
3 279 3
152 187 3
221 231 3
227 245 3
171 276 3
81 274 3
48 185 3
194 307 3
34 102 3
138 181 3
200 207 3
84 90 3
145 302 3
71 285 3
160 210 3
120 169 3
88 274 3
114 157 3
224 233 3
45 281 3
86 306 3
149 268 3
142 287 3
58 332 3
30 274 3
33 76 3
58 270 3
183 194 3
175 274 3
1 64 3
257 300 3
154 284 3
67 181 3
191 274 3
13 115 3
161 183 3
15 73 3
90 150 3
39 41 3
74 172 3
84 194 3
67 177 3
182 224 3
209 319 3
14 23 3
182 263 3
244 294 3
23 119 3
274 297 3
90 224 3
3 232 3
178 200 3
19 326 3
112 241 3
274 276 3
200 238 3
229 317 3
277 330 3
183 274 3
174 219 3
117 299 3
92 174 3
190 304 3
170 189 3
110 200 3
186 265 3
16 292 3
152 306 3
45 259 3
83 251 3
250 274 3
181 209 3
53 160 3
149 176 3
101 296 3
169 222 3
172 173 3
114 181 3
1 133 3
284 302 3
12 95 3
194 261 3
143 315 3
175 225 3
160 319 3
174 227 3
30 226 3
202 298 3
81 90 3
2 277 3
121 226 3
77 130 3
152 155 3
106 262 3
35 174 3
211 274 3
100 171 3
270 274 3
35 138 3
250 294 3
48 176 3
242 325 3
42 161 3
42 251 3
57 106 3
168 258 3
51 56 3
125 239 3
139 142 3
135 186 3
90 281 3
65 133 3
175 226 3
65 279 3
44 242 3
41 206 3
186 204 3
37 174 3
34 274 3
186 269 3
91 274 3
164 274 3
84 274 3
65 209 3
10 225 3
22 33 3
231 233 3
44 253 3
60 251 3
222 305 3
1 100 3
36 274 3
33 211 3
102 274 3
216 226 3
248 302 3
265 274 3
145 301 3
292 293 3
149 222 3
249 307 3
76 114 3
153 256 3
61 181 3
203 206 3
258 274 3
51 191 3
161 272 3
7 111 3
116 235 3
9 86 3
152 299 3
167 169 3
70 96 3
39 218 3
34 200 3
188 302 3
22 241 3
193 226 3
149 295 3
40 331 3
80 116 3
97 256 3
32 35 3
157 274 3
38 208 3
32 48 3
112 315 3
170 194 3
5 90 3
245 315 3
5 48 3
212 274 3
270 297 3
178 316 3
163 185 3
264 315 3
90 286 3
80 290 3
12 46 3
45 295 3
226 303 3
65 323 3
225 242 3
117 237 3
11 274 3
316 331 3
42 247 3
82 228 3
121 225 3
137 272 3
149 274 3
133 140 3
172 217 3
40 82 3
3 230 3
9 194 3
161 297 3
17 235 3
133 295 3
3 175 3
188 211 3
48 304 3
6 268 3
48 246 3
136 186 3
117 161 3
229 302 3
75 161 3
177 274 3
239 290 3
19 328 3
18 261 3
80 248 3
13 225 3
124 161 3
57 104 3
152 153 3
139 227 3
41 51 3
2 7 3
259 277 3
189 255 3
181 182 3
161 203 3
70 186 3
116 171 3
238 262 3
133 310 3
181 314 3
