1 177 4
2 80 4
2 177 4
3 71 4
4 136 4
4 257 4
5 223 4
5 293 4
6 28 4
6 155 4
6 256 4
7 61 4
7 98 4
9 165 4
9 239 4
10 28 4
10 177 4
10 313 4
11 42 4
11 58 4
11 71 4
11 177 4
11 247 4
11 257 4
11 313 4
12 158 4
12 259 4
13 177 4
13 212 4
13 213 4
14 70 4
14 147 4
14 177 4
15 162 4
15 177 4
15 257 4
16 257 4
17 28 4
17 177 4
17 257 4
18 133 4
19 23 4
20 43 4
20 197 4
20 213 4
20 254 4
21 159 4
21 171 4
21 251 4
22 158 4
23 35 4
24 179 4
26 152 4
26 177 4
27 30 4
28 82 4
28 177 4
29 141 4
29 290 4
30 78 4
30 89 4
30 134 4
30 175 4
30 252 4
30 316 4
31 177 4
31 257 4
32 71 4
32 128 4
32 262 4
32 295 4
33 84 4
33 251 4
34 162 4
34 184 4
34 278 4
34 288 4
34 295 4
35 138 4
35 177 4
35 270 4
36 80 4
36 148 4
36 177 4
36 257 4
36 259 4
37 74 4
37 80 4
37 240 4
38 79 4
38 215 4
38 249 4
39 71 4
39 133 4
39 144 4
40 295 4
41 71 4
42 49 4
42 116 4
42 257 4
43 115 4
43 250 4
43 251 4
43 254 4
43 312 4
44 161 4
44 162 4
44 177 4
45 166 4
45 257 4
45 271 4
46 194 4
46 216 4
46 251 4
47 240 4
47 293 4
48 165 4
48 288 4
48 299 4
49 59 4
49 63 4
49 71 4
49 80 4
49 271 4
50 177 4
51 65 4
51 126 4
51 158 4
51 177 4
51 187 4
51 214 4
51 264 4
51 288 4
52 57 4
52 89 4
52 148 4
52 222 4
52 257 4
53 149 4
53 223 4
54 127 4
54 159 4
54 177 4
54 244 4
55 261 4
56 177 4
56 257 4
57 97 4
57 136 4
57 146 4
57 177 4
57 289 4
58 71 4
59 126 4
59 177 4
60 75 4
61 257 4
61 260 4
61 305 4
62 253 4
63 321 4
66 97 4
66 99 4
67 71 4
67 102 4
67 196 4
68 177 4
68 295 4
70 110 4
70 177 4
70 310 4
71 72 4
71 73 4
71 78 4
71 80 4
71 92 4
71 94 4
71 104 4
71 107 4
71 111 4
71 135 4
71 138 4
71 139 4
71 142 4
71 144 4
71 151 4
71 166 4
71 167 4
71 174 4
71 177 4
71 178 4
71 192 4
71 196 4
71 197 4
71 199 4
71 200 4
71 203 4
71 205 4
71 211 4
71 215 4
71 220 4
71 223 4
71 229 4
71 235 4
71 239 4
71 254 4
71 279 4
71 290 4
71 297 4
71 299 4
71 300 4
71 310 4
71 312 4
71 325 4
72 177 4
72 182 4
72 183 4
72 222 4
72 316 4
73 76 4
73 208 4
75 98 4
75 161 4
75 178 4
75 190 4
75 234 4
75 240 4
75 242 4
75 256 4
76 281 4
77 87 4
77 151 4
78 161 4
79 142 4
79 211 4
80 89 4
80 133 4
80 165 4
80 177 4
80 241 4
80 316 4
81 126 4
82 136 4
83 93 4
83 183 4
84 155 4
87 128 4
87 177 4
87 248 4
88 171 4
88 177 4
89 97 4
89 174 4
89 177 4
89 247 4
89 269 4
89 275 4
89 299 4
89 327 4
90 108 4
90 177 4
91 103 4
92 133 4
92 177 4
92 187 4
93 99 4
93 177 4
93 187 4
93 290 4
94 136 4
94 177 4
94 212 4
94 331 4
95 135 4
95 166 4
95 177 4
95 259 4
96 112 4
96 190 4
96 209 4
96 248 4
97 109 4
97 177 4
97 208 4
98 131 4
98 147 4
98 252 4
100 117 4
100 166 4
100 257 4
101 164 4
101 176 4
101 240 4
101 257 4
101 330 4
103 104 4
103 201 4
103 220 4
104 309 4
105 116 4
105 177 4
105 294 4
106 212 4
106 257 4
106 303 4
107 177 4
108 137 4
108 177 4
108 243 4
109 132 4
110 180 4
111 126 4
111 240 4
111 315 4
113 133 4
115 118 4
115 142 4
115 199 4
115 241 4
115 257 4
116 140 4
116 145 4
116 166 4
116 183 4
117 147 4
117 201 4
120 215 4
120 316 4
121 136 4
121 142 4
121 314 4
122 157 4
122 295 4
124 177 4
125 127 4
125 129 4
125 177 4
125 183 4
126 169 4
126 174 4
126 229 4
126 244 4
126 323 4
126 325 4
128 177 4
128 253 4
129 225 4
129 237 4
129 240 4
129 254 4
132 194 4
132 205 4
132 227 4
132 305 4
133 154 4
133 177 4
134 244 4
135 162 4
135 220 4
136 150 4
136 173 4
136 222 4
136 261 4
136 291 4
137 157 4
137 192 4
138 215 4
139 142 4
139 155 4
139 177 4
143 176 4
143 215 4
144 153 4
144 219 4
147 197 4
147 231 4
148 177 4
150 241 4
150 312 4
151 200 4
152 155 4
152 215 4
152 234 4
153 177 4
155 166 4
155 194 4
155 215 4
155 260 4
157 188 4
157 223 4
159 162 4
159 177 4
159 257 4
159 266 4
161 238 4
161 271 4
161 303 4
162 198 4
162 219 4
162 224 4
162 326 4
163 177 4
164 228 4
164 257 4
164 289 4
164 305 4
165 234 4
165 239 4
165 249 4
165 326 4
166 179 4
166 220 4
167 177 4
167 313 4
169 218 4
170 251 4
171 177 4
171 215 4
171 307 4
172 257 4
173 177 4
174 177 4
174 225 4
174 245 4
176 187 4
177 184 4
177 186 4
177 187 4
177 192 4
177 194 4
177 195 4
177 196 4
177 200 4
177 206 4
177 208 4
177 209 4
177 212 4
177 214 4
177 221 4
177 228 4
177 229 4
177 232 4
177 233 4
177 236 4
177 238 4
177 240 4
177 248 4
177 253 4
177 255 4
177 257 4
177 265 4
177 269 4
177 272 4
177 282 4
177 284 4
177 285 4
177 288 4
177 293 4
177 300 4
177 314 4
177 317 4
177 324 4
177 328 4
177 330 4
178 269 4
180 211 4
182 214 4
183 206 4
183 306 4
184 209 4
184 212 4
185 198 4
187 320 4
188 295 4
190 217 4
190 243 4
190 276 4
195 224 4
195 295 4
197 220 4
197 255 4
198 268 4
199 310 4
200 319 4
201 257 4
204 218 4
204 255 4
206 216 4
206 229 4
206 254 4
210 251 4
212 268 4
215 257 4
215 307 4
215 308 4
219 222 4
220 293 4
220 303 4
220 323 4
225 240 4
226 229 4
226 295 4
227 257 4
229 324 4
233 242 4
238 275 4
239 309 4
241 245 4
241 275 4
242 251 4
243 244 4
248 257 4
250 259 4
252 257 4
252 319 4
255 288 4
256 309 4
257 269 4
257 277 4
257 278 4
257 289 4
257 300 4
261 269 4
263 301 4
267 282 4
270 278 4
271 283 4
271 306 4
272 301 4
275 288 4
278 332 4
281 320 4
285 299 4
293 305 4
293 332 4
295 300 4
300 312 4
47 177 4
37 188 4
185 288 4
257 272 4
55 248 4
72 192 4
163 248 4
269 352 4
70 257 4
65 87 4
158 226 4
10 71 4
114 177 4
71 175 4
177 191 4
202 206 4
71 76 4
36 110 4
162 229 4
52 239 4
173 257 4
177 326 4
99 177 4
116 154 4
107 136 4
40 71 4
185 327 4
166 177 4
37 229 4
177 342 4
71 169 4
94 341 4
177 335 4
71 132 4
195 198 4
3 222 4
231 314 4
91 198 4
61 177 4
144 161 4
108 242 4
198 290 4
124 138 4
96 353 4
202 316 4
30 293 4
161 254 4
11 99 4
211 241 4
139 305 4
162 182 4
143 339 4
217 240 4
9 128 4
196 257 4
94 103 4
38 103 4
136 189 4
177 359 4
73 257 4
177 211 4
122 214 4
19 257 4
43 331 4
84 177 4
42 292 4
248 307 4
73 201 4
121 177 4
10 145 4
19 116 4
66 257 4
73 130 4
177 310 4
177 245 4
187 248 4
49 145 4
40 125 4
111 226 4
177 352 4
257 315 4
303 348 4
54 92 4
23 171 4
100 282 4
161 273 4
74 75 4
71 241 4
30 245 4
164 189 4
19 249 4
195 318 4
161 183 4
62 194 4
71 182 4
66 177 4
259 284 4
155 283 4
177 336 4
71 148 4
177 234 4
71 326 4
133 306 4
168 177 4
199 248 4
38 279 4
248 306 4
38 137 4
258 295 4
97 198 4
92 253 4
11 340 4
175 345 4
49 239 4
38 257 4
73 341 4
29 177 4
98 276 4
174 345 4
12 195 4
233 241 4
159 189 4
177 291 4
145 241 4
78 177 4
37 171 4
99 289 4
177 235 4
2 136 4
247 281 4
46 127 4
179 239 4
161 327 4
8 281 4
155 185 4
91 209 4
164 347 4
1 142 4
132 262 4
121 158 4
249 286 4
192 344 4
305 339 4
8 257 4
112 129 4
177 329 4
248 284 4
71 219 4
83 257 4
9 286 4
295 331 4
220 269 4
49 297 4
30 295 4
309 319 4
220 257 4
41 212 4
7 177 4
35 175 4
238 306 4
49 261 4
136 138 4
151 277 4
48 254 4
254 352 4
179 349 4
185 344 4
201 324 4
27 195 4
51 299 4
177 213 4
96 177 4
177 271 4
174 215 4
71 207 4
75 95 4
145 257 4
28 256 4
111 175 4
177 222 4
30 42 4
52 198 4
282 359 4
289 351 4
26 254 4
105 143 4
150 177 4
240 282 4
269 341 4
72 361 4
35 40 4
26 255 4
22 152 4
4 177 4
165 231 4
177 182 4
190 213 4
81 89 4
118 318 4
164 185 4
257 309 4
187 220 4
22 190 4
148 292 4
110 166 4
64 128 4
98 262 4
122 128 4
10 56 4
178 195 4
157 165 4
17 38 4
16 187 4
3 139 4
177 181 4
63 157 4
165 336 4
7 257 4
71 120 4
32 147 4
21 89 4
71 258 4
73 340 4
177 185 4
83 91 4
61 79 4
142 189 4
86 98 4
257 306 4
15 218 4
148 179 4
175 193 4
133 211 4
329 330 4
7 51 4
147 212 4
53 257 4
132 309 4
71 129 4
257 359 4
199 205 4
177 260 4
177 347 4
267 270 4
73 161 4
110 243 4
79 293 4
141 356 4
2 57 4
89 152 4
185 244 4
209 346 4
166 291 4
177 250 4
83 110 4
200 259 4
182 197 4
19 295 4
131 155 4
147 319 4
132 198 4
71 341 4
217 288 4
24 71 4
76 219 4
38 172 4
177 242 4
71 231 4
26 199 4
30 257 4
13 257 4
327 355 4
98 329 4
29 187 4
174 340 4
177 361 4
252 304 4
139 287 4
111 227 4
155 170 4
178 304 4
104 132 4
4 231 4
158 187 4
72 141 4
74 185 4
128 263 4
152 257 4
213 332 4
38 365 4
143 179 4
126 177 4
28 350 4
48 177 4
86 240 4
14 30 4
9 61 4
69 242 4
98 257 4
172 273 4
116 206 4
149 297 4
131 207 4
14 155 4
139 176 4
257 350 4
91 177 4
37 305 4
106 293 4
183 187 4
242 289 4
209 275 4
55 177 4
80 96 4
111 177 4
139 192 4
130 194 4
159 313 4
272 362 4
176 227 4
190 257 4
88 184 4
40 142 4
97 117 4
165 289 4
257 313 4
71 238 4
38 247 4
2 189 4
78 184 4
147 295 4
144 177 4
39 240 4
27 110 4
123 256 4
275 325 4
71 301 4
65 238 4
113 305 4
257 260 4
113 174 4
94 139 4
67 155 4
136 191 4
97 166 4
22 137 4
10 253 4
70 103 4
71 362 4
5 177 4
89 346 4
41 73 4
220 224 4
56 80 4
147 349 4
57 352 4
177 246 4
17 212 4
289 361 4
121 279 4
136 288 4
71 198 4
66 269 4
73 256 4
166 178 4
71 350 4
220 327 4
47 350 4
168 179 4
103 209 4
100 354 4
127 290 4
61 262 4
8 187 4
257 351 4
215 350 4
244 257 4
110 341 4
67 160 4
79 310 4
125 264 4
2 257 4
29 194 4
252 327 4
203 263 4
54 182 4
32 150 4
207 257 4
177 268 4
121 269 4
108 257 4
71 176 4
112 155 4
256 363 4
161 250 4
261 302 4
236 257 4
54 142 4
13 248 4
98 209 4
47 71 4
211 257 4
35 89 4
177 338 4
206 212 4
63 177 4
46 218 4
101 309 4
99 240 4
257 302 4
178 248 4
246 247 4
215 343 4
177 305 4
154 215 4
131 177 4
177 331 4
19 137 4
147 312 4
257 259 4
177 297 4
115 256 4
201 232 4
109 288 4
219 354 4
37 161 4
74 83 4
12 177 4
106 284 4
125 134 4
22 221 4
59 223 4
134 177 4
261 342 4
93 339 4
110 240 4
14 268 4
239 333 4
175 200 4
151 177 4
121 243 4
242 247 4
232 245 4
180 277 4
166 190 4
48 257 4
261 334 4
150 307 4
65 71 4
103 195 4
177 216 4
85 177 4
30 150 4
14 109 4
139 187 4
22 113 4
113 243 4
86 211 4
220 235 4
16 148 4
48 294 4
132 177 4
26 98 4
220 256 4
295 339 4
165 283 4
155 268 4
42 177 4
322 350 4
18 71 4
316 349 4
39 80 4
85 164 4
59 165 4
87 300 4
230 262 4
211 359 4
71 156 4
110 255 4
177 251 4
155 213 4
83 177 4
52 170 4
37 105 4
242 257 4
211 345 4
83 293 4
136 231 4
249 257 4
12 194 4
89 263 4
177 198 4
98 136 4
73 163 4
162 280 4
133 291 4
240 253 4
70 289 4
100 177 4
195 256 4
65 177 4
161 260 4
16 268 4
177 311 4
260 330 4
222 289 4
52 127 4
11 358 4
215 363 4
243 257 4
76 241 4
166 360 4
110 150 4
96 106 4
25 257 4
2 236 4
72 362 4
98 224 4
280 305 4
158 257 4
78 164 4
66 142 4
124 215 4
125 166 4
97 220 4
90 257 4
60 245 4
53 70 4
187 328 4
184 272 4
36 85 4
115 162 4
60 80 4
244 346 4
103 232 4
125 238 4
262 278 4
155 319 4
136 277 4
161 348 4
127 177 4
71 320 4
177 231 4
51 212 4
107 165 4
63 293 4
122 250 4
214 334 4
129 280 4
144 330 4
251 333 4
97 199 4
102 200 4
37 149 4
181 281 4
1 266 4
71 110 4
190 240 4
144 312 4
146 177 4
213 215 4
243 248 4
14 161 4
128 286 4
25 62 4
100 164 4
99 337 4
111 252 4
2 252 4
58 173 4
177 298 4
48 172 4
149 246 4
39 263 4
195 262 4
212 317 4
316 350 4
119 136 4
68 213 4
138 252 4
17 201 4
256 324 4
240 290 4
62 257 4
216 246 4
136 232 4
71 162 4
136 155 4
121 149 4
331 361 4
167 291 4
264 338 4
117 178 4
139 352 4
177 302 4
154 254 4
129 335 4
88 111 4
156 242 4
197 204 4
326 332 4
166 286 4
104 177 4
156 182 4
149 304 4
210 327 4
187 264 4
35 170 4
24 182 4
120 123 4
215 353 4
97 358 4
84 242 4
75 264 4
71 87 4
29 270 4
155 216 4
4 262 4
199 211 4
71 365 4
299 324 4
61 149 4
275 328 4
142 363 4
151 220 4
98 164 4
177 262 4
110 323 4
25 306 4
3 150 4
177 263 4
64 289 4
60 136 4
194 351 4
49 212 4
273 346 4
24 296 4
165 362 4
33 71 4
202 272 4
55 71 4
295 344 4
162 287 4
212 295 4
177 270 4
41 51 4
303 305 4
145 289 4
101 182 4
35 194 4
116 310 4
105 288 4
76 252 4
135 177 4
245 354 4
194 275 4
30 132 4
4 306 4
165 345 4
146 312 4
238 337 4
247 354 4
51 289 4
71 140 4
21 177 4
98 128 4
126 273 4
134 237 4
23 166 4
27 294 4
58 220 4
136 257 4
124 147 4
17 158 4
23 258 4
155 156 4
144 147 4
30 118 4
48 74 4
177 259 4
2 119 4
181 262 4
233 254 4
81 177 4
132 213 4
150 317 4
209 280 4
8 214 4
109 177 4
71 128 4
68 157 4
177 341 4
39 150 4
37 176 4
325 330 4
22 318 4
12 257 4
201 304 4
98 193 4
64 110 4
73 181 4
190 236 4
44 222 4
240 324 4
177 287 4
11 127 4
60 364 4
205 213 4
167 257 4
172 177 4
57 104 4
71 260 4
14 253 4
189 255 4
71 155 4
111 234 4
39 257 4
75 189 4
57 305 4
120 164 4
89 92 4
71 317 4
136 258 4
68 97 4
33 155 4
97 210 4
61 147 4
189 334 4
125 192 4
177 223 4
177 299 4
53 73 4
177 357 4
215 267 4
71 236 4
30 177 4
139 360 4
147 229 4
260 362 4
68 240 4
234 243 4
177 360 4
215 317 4
240 320 4
165 313 4
64 333 4
155 175 4
14 311 4
256 260 4
64 269 4
201 309 4
247 363 4
37 177 4
177 237 4
251 289 4
181 210 4
116 362 4
114 310 4
212 259 4
284 295 4
177 343 4
71 153 4
59 71 4
1 119 4
161 177 4
110 215 4
2 141 4
85 105 4
65 215 4
115 364 4
286 289 4
71 257 4
89 196 4
155 177 4
48 158 4
26 289 4
49 217 4
115 121 4
65 149 4
71 342 4
299 330 4
262 306 4
21 227 4
71 298 4
307 346 4
59 242 4
159 353 4
36 333 4
16 97 4
177 247 4
59 257 4
51 89 4
106 332 4
136 358 4
73 274 4
