3 1781 1
3 2124 1
3 3120 1
3 3327 1
3 3504 1
4 868 1
6 12 1
6 201 1
6 2483 1
8 22 1
9 1722 1
9 268 1
9 2928 1
9 474 1
9 527 1
11 3566 1
11 3893 1
11 420 1
12 1488 1
12 201 1
12 2436 1
12 2483 1
14 2872 1
14 2959 1
14 364 1
14 5190 1
14 77 1
15 244 1
15 282 1
15 4217 1
15 6090 1
15 766 1
16 2333 1
18 2229 1
18 2910 1
18 921 1
19 1706 1
19 2025 1
19 3191 1
20 2084 1
20 3143 1
22 2863 1
24 1035 1
24 1187 1
24 1351 1
24 147 1
24 1511 1
24 1593 1
24 1858 1
24 1861 1
24 1963 1
24 2098 1
24 2147 1
24 2675 1
24 2846 1
24 3220 1
24 3257 1
24 3401 1
24 3413 1
24 3439 1
24 430 1
26 2052 1
26 2259 1
26 2803 1
26 5392 1
27 1628 1
27 2611 1
27 2661 1
27 2874 1
27 3163 1
27 3960 1
27 4052 1
27 5359 1
28 3118 1
28 341 1
29 2752 1
31 716 1
31 729 1
32 3147 1
32 3846 1
32 407 1
32 503 1
32 5179 1
32 656 1
36 3387 1
36 368 1
36 39 1
36 806 1
36 898 1
37 2374 1
37 2721 1
37 301 1
37 4672 1
38 1674 1
38 3088 1
38 361 1
38 3717 1
39 3387 1
39 368 1
39 898 1
41 223 1
41 2323 1
41 2468 1
41 3082 1
41 4228 1
43 2031 1
43 2506 1
44 2626 1
44 3402 1
44 850 1
45 1261 1
45 1450 1
45 2183 1
45 226 1
45 2726 1
45 289 1
45 2999 1
45 328 1
45 534 1
45 600 1
45 721 1
45 964 1
46 2673 1
46 4218 1
47 2181 1
47 2783 1
47 3304 1
47 752 1
47 808 1
48 2164 1
53 2008 1
53 2834 1
55 1344 1
55 3020 1
55 3403 1
55 3417 1
55 6130 1
55 846 1
56 1622 1
57 1494 1
57 2056 1
57 2679 1
57 3674 1
57 3729 1
57 3921 1
57 3949 1
57 596 1
57 6184 1
59 486 1
60 1310 1
62 1894 1
62 314 1
64 1335 1
64 1415 1
64 143 1
64 1590 1
64 234 1
64 267 1
64 3 1
64 3327 1
64 6738 1
64 770 1
65 212 1
65 619 1
66 1058 1
66 3188 1
67 3657 1
67 3659 1
67 3926 1
69 1025 1
69 3110 1
71 1019 1
73 2913 1
73 3460 1
74 2120 1
74 3673 1
75 1242 1
75 2438 1
77 2872 1
77 2959 1
77 364 1
79 1447 1
80 3163 1
80 3341 1
81 1673 1
81 2144 1
81 2772 1
83 2047 1
83 2161 1
83 2931 1
83 683 1
84 1099 1
84 1606 1
84 1810 1
84 2600 1
84 2610 1
84 2638 1
84 2640 1
84 2773 1
84 3002 1
84 3462 1
84 5234 1
84 6142 1
84 617 1
84 6861 1
84 6978 1
84 906 1
85 1008 1
85 2479 1
86 130 1
86 1333 1
86 1343 1
86 1589 1
86 1909 1
86 1976 1
86 1995 1
86 2056 1
86 214 1
86 2244 1
86 2550 1
86 2891 1
86 2941 1
86 3052 1
86 3769 1
86 4093 1
86 4131 1
86 4190 1
86 4194 1
86 4200 1
86 624 1
86 6363 1
86 766 1
86 817 1
88 1047 1
91 4979 1
91 6403 1
96 3702 1
96 4144 1
98 1772 1
98 1859 1
98 190 1
98 2133 1
98 2593 1
98 3057 1
98 3360 1
98 3495 1
98 3927 1
98 604 1
100 1487 1
100 3396 1
102 1990 1
102 2859 1
106 3963 1
106 758 1
106 781 1
107 1058 1
107 1353 1
107 2710 1
107 3188 1
107 400 1
111 2809 1
115 1744 1
115 2015 1
115 2481 1
115 254 1
115 3697 1
115 4650 1
115 5166 1
115 592 1
115 6194 1
116 1032 1
116 1065 1
116 1299 1
116 1312 1
116 1684 1
116 2800 1
116 2873 1
116 3167 1
116 3599 1
116 425 1
116 599 1
116 711 1
116 924 1
118 5879 1
122 2025 1
122 3925 1
124 1040 1
126 144 1
126 177 1
126 1818 1
127 1651 1
127 1922 1
127 3005 1
128 1001 1
128 317 1
130 1564 1
130 1658 1
130 172 1
130 214 1
130 2150 1
130 2244 1
130 6363 1
131 3176 1
131 5948 1
135 1684 1
135 2719 1
135 5903 1
136 1830 1
136 2688 1
136 3435 1
138 1020 1
139 2109 1
141 1108 1
141 2386 1
141 2481 1
141 2533 1
141 2986 1
141 3734 1
141 5231 1
141 531 1
143 1040 1
143 1335 1
143 1415 1
143 1697 1
143 1815 1
143 2021 1
143 2047 1
143 234 1
143 2656 1
143 267 1
143 3 1
143 3318 1
143 3327 1
143 3494 1
143 3798 1
143 534 1
143 605 1
143 64 1
143 770 1
144 126 1
144 1350 1
144 177 1
144 1930 1
145 2144 1
147 1035 1
150 2021 1
152 2453 1
158 1843 1
158 2127 1
158 2498 1
161 1002 1
161 1397 1
161 1899 1
161 2530 1
162 1085 1
162 2182 1
162 2253 1
162 2330 1
162 2688 1
165 1783 1
165 1988 1
165 2021 1
169 518 1
172 130 1
172 1564 1
172 1658 1
172 2150 1
172 3508 1
174 1293 1
174 1312 1
174 1487 1
174 231 1
174 4276 1
174 703 1
174 998 1
178 1201 1
178 1204 1
179 438 1
181 1569 1
181 1984 1
181 2021 1
181 2215 1
185 2032 1
185 2709 1
185 3854 1
185 5194 1
186 1939 1
187 1451 1
188 3111 1
188 3416 1
195 1230 1
195 1894 1
195 2941 1
195 3052 1
195 4093 1
195 817 1
195 86 1
197 1950 1
197 2170 1
197 2215 1
197 2360 1
197 2763 1
197 298 1
197 2983 1
197 3630 1
197 3723 1
197 395 1
197 518 1
197 5197 1
199 3203 1
201 2436 1
201 2483 1
202 1584 1
202 1705 1
202 518 1
202 866 1
203 1562 1
203 518 1
205 1548 1
205 1919 1
205 3753 1
205 654 1
207 1233 1
209 1490 1
210 2276 1
210 6715 1
210 743 1
211 2868 1
211 335 1
211 780 1
211 859 1
212 1687 1
212 1727 1
212 2685 1
212 619 1
212 695 1
213 1875 1
213 3023 1
213 3067 1
213 3738 1
213 438 1
213 722 1
213 838 1
213 914 1
214 130 1
214 2408 1
214 2728 1
214 3659 1
214 3791 1
214 6003 1
214 6052 1
214 623 1
214 6306 1
218 2144 1
220 560 1
221 1085 1
222 1922 1
222 2277 1
222 3097 1
222 3184 1
222 949 1
225 251 1
225 3088 1
226 1727 1
226 2183 1
226 2420 1
226 2424 1
226 327 1
226 3624 1
226 534 1
227 532 1
228 1761 1
228 2032 1
228 3173 1
228 382 1
228 682 1
228 701 1
230 2874 1
230 3398 1
231 1224 1
231 1487 1
231 174 1
231 703 1
231 842 1
234 1415 1
234 267 1
234 274 1
234 3494 1
234 3792 1
234 770 1
235 2079 1
238 2018 1
238 2072 1
238 595 1
242 1185 1
242 1374 1
242 3324 1
242 5312 1
244 2782 1
244 282 1
244 311 1
244 766 1
245 1472 1
245 1767 1
245 2331 1
247 2360 1
248 1691 1
248 3058 1
248 4368 1
250 2059 1
250 2179 1
250 2671 1
250 963 1
251 3088 1
253 1384 1
253 722 1
254 115 1
254 1744 1
254 2015 1
254 2481 1
254 2767 1
254 3408 1
254 3697 1
254 4650 1
254 5142 1
254 5166 1
254 592 1
254 6194 1
255 1417 1
256 1764 1
256 2498 1
256 2703 1
256 2763 1
256 2782 1
256 568 1
257 2823 1
261 1633 1
261 3239 1
261 3635 1
261 416 1
261 4312 1
263 1103 1
265 1137 1
266 2862 1
266 3652 1
266 6880 1
267 1415 1
267 3442 1
267 3494 1
267 534 1
268 474 1
271 1085 1
275 1556 1
275 1570 1
275 2804 1
275 3219 1
275 702 1
275 912 1
276 2506 1
276 43 1
278 1532 1
278 2690 1
278 5887 1
279 1900 1
279 2386 1
279 4140 1
279 755 1
279 914 1
282 1001 1
282 3562 1
282 4217 1
282 426 1
282 6090 1
282 766 1
283 254 1
283 5167 1
283 6128 1
286 2084 1
286 3431 1
287 1241 1
289 1957 1
289 3513 1
289 3619 1
289 3643 1
289 3749 1
289 3940 1
289 665 1
292 1658 1
292 1964 1
292 2150 1
292 2658 1
292 4122 1
296 1910 1
298 2657 1
298 6822 1
298 6959 1
301 2374 1
302 2565 1
303 1715 1
303 2687 1
304 2032 1
304 3058 1
304 3173 1
304 701 1
307 509 1
310 464 1
311 2101 1
311 2763 1
311 2782 1
311 470 1
314 1894 1
316 1282 1
316 1487 1
316 2049 1
316 2158 1
316 2647 1
316 3093 1
316 3396 1
317 1524 1
317 1587 1
317 1717 1
317 3385 1
317 3585 1
319 6136 1
321 1463 1
323 2182 1
327 2420 1
327 2490 1
330 657 1
331 1914 1
331 482 1
331 6092 1
333 3579 1
333 518 1
335 1273 1
335 4115 1
335 6104 1
335 780 1
335 859 1
345 1328 1
346 2681 1
346 3278 1
346 3279 1
347 1200 1
347 1212 1
347 3468 1
347 405 1
347 5263 1
347 628 1
354 3307 1
356 2410 1
360 2772 1
360 3186 1
361 1593 1
361 1674 1
361 3088 1
361 3717 1
361 420 1
363 1634 1
363 2005 1
363 3593 1
363 636 1
364 14 1
364 2091 1
364 2224 1
364 3044 1
364 3095 1
364 3731 1
364 3739 1
364 5190 1
364 77 1
365 1795 1
366 1476 1
366 445 1
366 453 1
367 1972 1
367 3799 1
367 4499 1
368 3387 1
368 898 1
369 1071 1
369 3599 1
371 676 1
375 515 1
376 2330 1
376 261 1
376 3595 1
376 3769 1
376 4319 1
376 4336 1
377 2838 1
378 2468 1
379 1033 1
379 1780 1
379 2008 1
379 2712 1
379 2834 1
379 2954 1
380 1752 1
380 3441 1
382 1528 1
382 1562 1
382 1761 1
382 228 1
382 2288 1
382 2460 1
382 2506 1
382 2524 1
382 2607 1
382 2704 1
382 3129 1
382 682 1
382 920 1
382 928 1
383 367 1
383 5918 1
385 1168 1
385 1511 1
385 1565 1
385 1715 1
385 3164 1
386 1937 1
387 962 1
388 1415 1
389 460 1
390 1932 1
391 2091 1
391 2224 1
391 2286 1
391 3044 1
391 364 1
391 3731 1
391 3739 1
391 598 1
392 3245 1
392 802 1
393 1331 1
395 1228 1
395 2170 1
395 261 1
395 2763 1
395 2983 1
395 3595 1
395 376 1
395 3769 1
395 4319 1
395 4321 1
395 4336 1
395 934 1
396 1154 1
397 2636 1
397 671 1
400 1353 1
400 2710 1
400 2929 1
400 3955 1
404 3212 1
404 3218 1
405 1733 1
406 3107 1
407 656 1
408 1399 1
408 2523 1
416 3635 1
418 3762 1
418 453 1
418 5929 1
420 1593 1
420 3893 1
422 870 1
424 230 1
424 2822 1
424 2874 1
424 2882 1
424 3104 1
424 3398 1
424 3683 1
424 496 1
425 1032 1
425 1065 1
425 3167 1
426 1796 1
426 2207 1
426 2558 1
427 3040 1
428 1108 1
428 1228 1
428 1538 1
428 1983 1
428 2371 1
428 2400 1
428 2407 1
428 2473 1
428 2481 1
428 3335 1
428 3551 1
428 3555 1
428 3900 1
428 395 1
428 5109 1
428 6919 1
428 6975 1
429 3866 1
430 1963 1
430 2098 1
430 3001 1
430 3258 1
430 815 1
430 992 1
433 1972 1
433 3601 1
435 1463 1
435 1756 1
435 2618 1
435 2703 1
436 2830 1
436 471 1
438 3023 1
438 3067 1
438 3170 1
438 3173 1
438 624 1
438 838 1
442 4337 1
442 610 1
445 989 1
447 2255 1
447 2310 1
447 2850 1
447 664 1
448 2635 1
449 1285 1
449 826 1
452 2895 1
453 1476 1
453 2823 1
453 6095 1
454 1063 1
454 5884 1
455 1557 1
455 3235 1
456 1512 1
456 1642 1
456 1710 1
456 2164 1
456 2537 1
456 3759 1
456 48 1
457 1668 1
460 3272 1
460 3455 1
462 1304 1
462 1306 1
462 2144 1
462 2604 1
465 1584 1
466 2782 1
469 2703 1
469 2923 1
469 772 1
470 2763 1
473 1931 1
476 2122 1
476 6163 1
477 1418 1
478 4131 1
480 1194 1
480 2155 1
481 2814 1
482 1902 1
482 1914 1
482 2124 1
482 2288 1
482 2322 1
482 6092 1
482 813 1
484 2135 1
486 4697 1
487 2488 1
488 1207 1
495 1355 1
495 2203 1
495 2265 1
495 2583 1
495 2993 1
495 3057 1
495 3322 1
495 3445 1
495 6001 1
495 975 1
496 2544 1
496 2669 1
497 2110 1
497 518 1
497 747 1
498 2494 1
503 3147 1
503 3846 1
509 141 1
509 307 1
509 3489 1
510 2450 1
510 3537 1
510 3686 1
510 6770 1
517 1494 1
517 1835 1
517 226 1
517 2309 1
517 3538 1
518 1040 1
518 1189 1
518 1261 1
518 1288 1
518 1584 1
518 1705 1
518 197 1
518 2006 1
518 2024 1
518 2241 1
518 2244 1
518 2305 1
518 2657 1
518 2688 1
518 333 1
518 3435 1
518 555 1
518 605 1
518 855 1
518 866 1
523 2003 1
523 3448 1
523 3677 1
523 3723 1
524 1516 1
524 1883 1
524 2829 1
524 3407 1
524 3732 1
524 693 1
527 2928 1
529 1796 1
529 2052 1
529 2282 1
529 3774 1
529 385 1
529 4222 1
529 5583 1
529 6017 1
531 2986 1
531 3734 1
532 1463 1
532 1756 1
532 2618 1
532 2703 1
532 435 1
534 1261 1
534 1450 1
534 1697 1
534 2021 1
534 2047 1
534 2183 1
534 2656 1
534 2726 1
534 289 1
534 2999 1
534 328 1
534 3798 1
534 45 1
534 600 1
534 721 1
534 964 1
536 1684 1
536 1900 1
536 2249 1
536 2405 1
536 2719 1
541 1560 1
541 5881 1
543 2165 1
543 2546 1
543 2691 1
543 2759 1
543 2979 1
544 1336 1
544 1469 1
544 1521 1
545 1598 1
545 2465 1
545 2602 1
545 399 1
546 2396 1
546 2970 1
546 3295 1
547 1668 1
547 2140 1
548 1924 1
548 2021 1
548 3798 1
550 2882 1
550 424 1
550 496 1
550 5434 1
552 916 1
553 2713 1
554 3239 1
554 3591 1
555 1588 1
555 2758 1
555 2781 1
555 3120 1
555 4047 1
556 3410 1
560 1859 1
561 1013 1
561 1313 1
561 3209 1
561 3245 1
561 844 1
562 1406 1
562 1972 1
562 2548 1
562 5737 1
563 911 1
565 1196 1
565 2815 1
565 850 1
572 2118 1
572 860 1
575 257 1
575 2823 1
576 1722 1
579 1928 1
579 2736 1
581 1167 1
582 2461 1
582 2726 1
586 1994 1
586 3813 1
586 5931 1
587 1683 1
587 3354 1
592 1108 1
592 115 1
592 1293 1
592 1641 1
592 1744 1
592 2226 1
592 2481 1
592 3697 1
592 3981 1
592 5166 1
592 5416 1
592 5937 1
592 6043 1
592 6336 1
595 1705 1
595 2170 1
595 2233 1
595 6209 1
596 1494 1
596 1911 1
596 2679 1
596 3674 1
596 3949 1
596 57 1
596 5989 1
596 6184 1
596 6370 1
598 3044 1
598 391 1
599 1684 1
599 2049 1
599 2158 1
599 3769 1
599 924 1
600 1085 1
600 3436 1
600 5320 1
604 1948 1
605 1022 1
605 1040 1
605 1588 1
605 1593 1
605 2423 1
605 2758 1
605 2781 1
605 3058 1
605 3120 1
605 980 1
606 1932 1
606 638 1
606 835 1
607 1266 1
608 1543 1
608 2205 1
608 2891 1
608 4747 1
608 6092 1
608 924 1
612 1008 1
612 2479 1
612 3184 1
612 3656 1
613 1356 1
614 1891 1
614 2124 1
614 2478 1
614 930 1
617 5234 1
617 6861 1
619 1727 1
619 2685 1
621 1989 1
621 1996 1
621 731 1
623 130 1
623 2408 1
623 6003 1
623 6052 1
624 1236 1
624 2261 1
624 2296 1
624 2550 1
624 2777 1
624 3023 1
624 3026 1
624 3067 1
624 3170 1
624 3230 1
624 838 1
624 979 1
624 982 1
626 1070 1
626 951 1
627 2021 1
628 1729 1
629 1830 1
629 2288 1
629 253 1
629 2704 1
629 2796 1
629 3404 1
630 1015 1
631 2415 1
636 1151 1
636 1685 1
636 1963 1
636 3593 1
638 1551 1
638 1932 1
639 1828 1
641 1328 1
642 1001 1
645 1555 1
645 3106 1
647 2689 1
647 3474 1
647 680 1
651 1924 1
651 3798 1
652 3505 1
653 1385 1
653 699 1
657 3100 1
657 3620 1
657 4351 1
659 1732 1
662 1283 1
662 2988 1
665 1124 1
666 2625 1
666 3362 1
669 1954 1
670 1706 1
671 1564 1
671 2636 1
673 1274 1
673 3054 1
674 1821 1
674 2857 1
675 2086 1
675 3268 1
676 2742 1
678 3239 1
678 682 1
678 861 1
680 3474 1
681 757 1
682 1562 1
682 1595 1
682 1895 1
682 2144 1
682 2524 1
682 2604 1
682 2607 1
682 3129 1
682 3239 1
682 4035 1
682 841 1
682 861 1
682 920 1
682 928 1
683 1498 1
683 2161 1
683 2931 1
687 2024 1
696 1876 1
696 2488 1
696 2882 1
697 2558 1
697 3729 1
699 743 1
700 1705 1
700 2029 1
700 5923 1
701 2032 1
701 2405 1
701 2709 1
701 3058 1
701 3173 1
701 3430 1
702 1556 1
702 1570 1
702 2804 1
702 3023 1
702 3170 1
702 838 1
703 1224 1
703 1487 1
703 174 1
704 2202 1
708 1418 1
709 1358 1
711 1032 1
711 116 1
711 1312 1
711 1684 1
711 2873 1
713 1093 1
713 2187 1
715 1631 1
715 2603 1
715 850 1
716 729 1
720 1018 1
720 1426 1
721 1261 1
722 1384 1
722 1562 1
722 2288 1
722 2338 1
722 2704 1
722 2799 1
722 3100 1
722 3404 1
722 4002 1
722 6798 1
722 780 1
723 1584 1
726 2721 1
726 850 1
731 1989 1
733 1410 1
733 1953 1
733 3385 1
733 3759 1
733 3997 1
733 4245 1
733 456 1
733 5240 1
733 852 1
743 1142 1
743 210 1
743 3193 1
745 1071 1
745 1503 1
745 3599 1
745 369 1
745 858 1
745 896 1
747 2110 1
747 497 1
747 759 1
751 2736 1
751 5210 1
752 2181 1
752 47 1
755 1333 1
755 1796 1
755 1900 1
755 2282 1
755 2386 1
755 3774 1
755 3888 1
755 4140 1
755 5583 1
755 6091 1
755 6353 1
756 3203 1
758 106 1
758 781 1
759 1411 1
759 3538 1
759 497 1
760 1670 1
764 1705 1
764 1943 1
766 130 1
766 2056 1
766 214 1
766 2244 1
766 282 1
766 4217 1
766 6090 1
766 6188 1
766 6363 1
766 86 1
767 3133 1
767 3446 1
769 2115 1
769 3438 1
771 2366 1
772 2923 1
777 1631 1
780 1384 1
780 2868 1
780 3100 1
780 722 1
790 2806 1
790 3517 1
790 3922 1
790 4023 1
795 1020 1
795 2390 1
798 210 1
798 743 1
803 1543 1
803 3905 1
807 531 1
808 2181 1
808 3304 1
809 1722 1
810 2506 1
811 1515 1
811 2043 1
811 3120 1
811 825 1
813 2779 1
813 3301 1
815 1254 1
815 3001 1
815 3258 1
815 992 1
816 1147 1
816 1367 1
816 2139 1
816 3412 1
816 4110 1
817 3052 1
820 1656 1
823 2537 1
823 2576 1
823 2923 1
825 1515 1
825 2043 1
826 1285 1
826 449 1
827 1672 1
831 1549 1
831 2621 1
833 1530 1
833 3192 1
836 4393 1
836 5906 1
838 1206 1
838 1641 1
838 213 1
838 2550 1
838 3023 1
838 3067 1
838 3170 1
838 3230 1
838 438 1
838 624 1
838 998 1
841 1895 1
841 2144 1
841 2604 1
841 4035 1
842 1487 1
842 174 1
842 703 1
844 1013 1
844 2281 1
844 3209 1
844 3245 1
844 375 1
844 6982 1
845 2017 1
845 2728 1
845 3142 1
845 3657 1
846 3417 1
847 2114 1
848 2261 1
849 2721 1
849 2958 1
850 1196 1
850 1631 1
850 2603 1
850 2626 1
850 2721 1
850 2807 1
850 2815 1
850 3019 1
850 3573 1
850 3715 1
850 3935 1
850 4225 1
850 4240 1
852 1134 1
852 1851 1
852 1953 1
852 2021 1
852 3997 1
852 4245 1
852 5240 1
852 733 1
854 1336 1
854 1340 1
854 3194 1
854 3778 1
857 1464 1
858 1503 1
858 896 1
859 3254 1
860 1025 1
860 2118 1
861 1266 1
861 3239 1
861 3422 1
865 2748 1
865 3278 1
866 1390 1
866 1584 1
866 1705 1
866 194 1
866 3432 1
866 518 1
866 855 1
866 905 1
870 422 1
870 6784 1
874 3595 1
877 1028 1
877 1433 1
878 1185 1
878 1374 1
878 242 1
878 6003 1
888 1296 1
888 1607 1
889 3571 1
889 5118 1
889 5134 1
896 1503 1
897 1044 1
897 1339 1
897 1510 1
897 245 1
897 5883 1
898 4359 1
901 1990 1
901 5885 1
903 2152 1
903 3341 1
903 3968 1
903 4439 1
904 3010 1
905 1022 1
905 1390 1
905 1459 1
905 1584 1
905 1593 1
905 1705 1
905 194 1
905 202 1
905 2081 1
905 2127 1
905 2205 1
905 2268 1
905 2409 1
905 2423 1
905 2577 1
905 3432 1
905 3586 1
905 518 1
905 5930 1
905 5935 1
905 6144 1
905 6905 1
905 855 1
905 866 1
905 980 1
906 2638 1
907 1482 1
907 1637 1
907 2256 1
907 4521 1
907 6073 1
907 917 1
909 1394 1
911 3096 1
912 1080 1
912 2144 1
912 3101 1
912 3725 1
916 2549 1
916 552 1
917 1413 1
917 1482 1
917 1637 1
917 2256 1
917 6073 1
918 1265 1
920 1595 1
920 928 1
921 2229 1
921 2910 1
921 6329 1
924 1684 1
924 4747 1
924 6092 1
925 2701 1
925 3164 1
926 1994 1
926 4214 1
930 1891 1
930 2124 1
930 2478 1
930 3616 1
930 932 1
932 1891 1
932 2124 1
932 2478 1
932 3616 1
932 930 1
935 1047 1
935 88 1
937 1275 1
937 1712 1
937 1908 1
937 2382 1
937 4862 1
937 5949 1
937 5992 1
937 731 1
940 6408 1
944 1913 1
944 222 1
944 2875 1
945 1891 1
945 2124 1
945 2662 1
945 614 1
949 1252 1
949 1355 1
949 1782 1
949 1876 1
949 1960 1
949 222 1
949 2488 1
949 2947 1
949 3038 1
949 3097 1
949 5022 1
950 1241 1
951 1070 1
951 3095 1
956 1634 1
956 3063 1
958 1558 1
958 1757 1
958 1764 1
958 6160 1
960 2569 1
960 788 1
962 1173 1
962 387 1
963 1082 1
963 1399 1
963 2059 1
963 2426 1
963 250 1
964 1450 1
964 1782 1
964 2726 1
964 2999 1
964 45 1
969 1498 1
969 1751 1
969 2511 1
969 2961 1
969 3991 1
969 4420 1
969 4514 1
979 1236 1
980 1022 1
980 1157 1
980 1459 1
980 1593 1
980 1769 1
980 1859 1
980 2074 1
980 2081 1
980 2127 1
980 2268 1
980 2356 1
980 2409 1
980 2423 1
980 6905 1
980 905 1
981 1684 1
981 6713 1
982 2261 1
983 1299 1
983 1348 1
983 2458 1
983 2703 1
983 2983 1
987 2986 1
987 4038 1
990 3669 1
992 1607 1
992 1801 1
992 1928 1
992 2951 1
992 2966 1
992 3001 1
992 3126 1
992 3258 1
992 3763 1
993 1475 1
994 1732 1
996 1622 1
998 1124 1
998 1293 1
998 1607 1
998 174 1
998 1744 1
998 2172 1
998 2228 1
998 2287 1
998 311 1
998 3170 1
998 3183 1
998 3230 1
998 3294 1
998 3500 1
998 3552 1
998 4276 1
998 6809 1
999 2955 1
999 3188 1
1001 1064 1
1001 128 1
1001 1506 1
1001 317 1
1002 1465 1
1002 439 1
1003 2246 1
1003 3311 1
1004 2842 1
1004 2881 1
1004 3826 1
1005 2721 1
1008 2479 1
1008 3184 1
1008 3656 1
1010 2759 1
1012 2772 1
1012 3323 1
1013 1313 1
1013 1360 1
1013 3209 1
1013 3245 1
1013 561 1
1014 1589 1
1014 4190 1
1014 4200 1
1014 86 1
1016 2372 1
1017 1944 1
1017 2937 1
1018 1426 1
1018 3959 1
1018 720 1
1019 2029 1
1019 2653 1
1019 2837 1
1020 2871 1
1020 3949 1
1021 1110 1
1021 1482 1
1021 1637 1
1021 2553 1
1021 2757 1
1021 2810 1
1021 3157 1
1021 3270 1
1022 1149 1
1022 1157 1
1022 1459 1
1022 1593 1
1022 2081 1
1022 2409 1
1022 2423 1
1022 3058 1
1022 3432 1
1022 605 1
1022 905 1
1022 980 1
1024 1614 1
1025 1144 1
1025 1164 1
1025 1269 1
1025 2007 1
1025 2118 1
1025 3110 1
1026 1421 1
1027 1543 1
1027 2913 1
1027 3055 1
1027 3543 1
1027 3973 1
1027 6719 1
1028 1050 1
1028 2905 1
1028 3196 1
1030 1523 1
1030 1725 1
1031 2968 1
1031 4124 1
1032 1312 1
1032 1684 1
1033 1780 1
1033 2712 1
1033 2954 1
1033 379 1
1035 1351 1
1035 2846 1
1035 3257 1
1035 3401 1
1039 1994 1
1039 3231 1
1040 1355 1
1040 1876 1
1040 1923 1
1040 2488 1
1040 5385 1
1046 2016 1
1050 1028 1
1050 1433 1
1050 3196 1
1050 877 1
1055 2357 1
1058 107 1
1058 1353 1
1058 2710 1
1058 3188 1
1058 400 1
1063 5884 1
1064 1001 1
1064 1506 1
1064 282 1
1064 3020 1
1064 642 1
1065 1778 1
1066 1135 1
1066 2036 1
1066 3145 1
1070 3095 1
1071 3599 1
1071 369 1
1071 4673 1
1071 745 1
1072 2548 1
1076 1342 1
1076 1460 1
1076 2861 1
1076 2896 1
1076 3525 1
1076 5847 1
1079 1049 1
1079 1101 1
1079 1700 1
1079 1868 1
1079 2055 1
1079 2748 1
1079 2881 1
1079 3121 1
1080 2142 1
1080 2799 1
1082 1865 1
1082 2059 1
1083 5217 1
1085 1755 1
1085 2182 1
1085 2505 1
1085 3106 1
1085 3436 1
1085 5320 1
1087 2009 1
1087 2032 1
1087 228 1
1087 2405 1
1087 2709 1
1087 304 1
1087 3058 1
1087 3173 1
1087 3430 1
1087 701 1
1089 1688 1
1091 2288 1
1091 253 1
1091 2704 1
1091 3404 1
1091 629 1
1093 2187 1
1093 713 1
1096 122 1
1096 1706 1
1096 19 1
1096 2025 1
1096 2203 1
1096 3028 1
1096 3191 1
1096 3925 1
1099 3462 1
1099 84 1
1101 1700 1
1101 1868 1
1101 2055 1
1101 2881 1
1102 2662 1
1104 1372 1
1107 2369 1
1108 1293 1
1108 1453 1
1108 1538 1
1108 2481 1
1108 3335 1
1108 3697 1
1108 5231 1
1108 5416 1
1110 1482 1
1110 1637 1
1110 3157 1
1111 1774 1
1111 1893 1
1118 1932 1
1118 606 1
1118 638 1
1118 835 1
1121 1717 1
1122 3402 1
1122 44 1
1125 2095 1
1125 6051 1
1128 2016 1
1130 3922 1
1130 790 1
1134 1953 1
1134 310 1
1134 3997 1
1134 4245 1
1134 464 1
1134 5240 1
1134 733 1
1138 6729 1
1142 210 1
1147 1367 1
1149 1593 1
1149 2423 1
1149 905 1
1149 980 1
1153 759 1
1155 2192 1
1155 2490 1
1156 2733 1
1156 2927 1
1156 2968 1
1157 1022 1
1157 2081 1
1157 2423 1
1157 3432 1
1157 980 1
1159 1382 1
1164 1144 1
1167 1636 1
1167 1905 1
1169 1705 1
1169 2233 1
1169 2570 1
1170 2731 1
1172 1609 1
1172 2124 1
1172 2288 1
1172 482 1
1172 813 1
1179 2630 1
1180 3912 1
1180 858 1
1181 1271 1
1181 1298 1
1181 1311 1
1181 1360 1
1181 1429 1
1181 1696 1
1181 1828 1
1181 2138 1
1181 2357 1
1181 2396 1
1181 2862 1
1181 3415 1
1185 1001 1
1185 128 1
1185 1374 1
1186 2542 1
1186 3160 1
1187 3220 1
1187 3413 1
1187 3439 1
1188 1491 1
1188 1620 1
1189 2006 1
1189 2241 1
1189 2279 1
1189 298 1
1189 518 1
1190 3464 1
1193 2843 1
1194 2155 1
1196 1631 1
1200 1212 1
1200 3468 1
1201 1204 1
1206 1641 1
1206 2154 1
1206 2550 1
1206 3023 1
1206 3170 1
1206 6599 1
1207 2703 1
1207 2983 1
1208 2903 1
1208 455 1
1212 3468 1
1213 2134 1
1215 2557 1
1215 3629 1
1215 3693 1
1215 3769 1
1216 1845 1
1220 3119 1
1224 1487 1
1224 231 1
1224 703 1
1226 1953 1
1226 215 1
1226 3626 1
1226 5276 1
1228 2473 1
1228 395 1
1231 1096 1
1231 122 1
1231 2025 1
1231 3028 1
1231 3925 1
1235 1859 1
1235 1888 1
1241 1687 1
1241 2364 1
1241 287 1
1241 3031 1
1241 4287 1
1241 950 1
1242 3184 1
1247 3776 1
1247 5966 1
1252 1960 1
1252 2947 1
1252 3097 1
1252 5022 1
1252 949 1
1255 1607 1
1255 2059 1
1255 2252 1
1255 2743 1
1255 820 1
1255 900 1
1258 3451 1
1260 2537 1
1260 2806 1
1260 289 1
1261 1255 1
1261 2024 1
1261 2156 1
1262 2307 1
1266 2076 1
1266 861 1
1267 3429 1
1267 84 1
1267 906 1
1269 1025 1
1269 2720 1
1271 1429 1
1273 4115 1
1275 1498 1
1275 1712 1
1275 1908 1
1275 2382 1
1275 3991 1
1275 4420 1
1275 4514 1
1275 969 1
1281 1079 1
1281 2748 1
1281 2881 1
1282 1487 1
1282 2049 1
1282 2158 1
1282 2647 1
1282 3093 1
1282 316 1
1282 3396 1
1285 449 1
1285 826 1
1286 1647 1
1286 1774 1
1288 2688 1
1288 3435 1
1292 1789 1
1292 2988 1
1292 5287 1
1292 662 1
1293 174 1
1293 2287 1
1293 311 1
1293 4276 1
1293 5393 1
1293 998 1
1296 2062 1
1296 2101 1
1296 2365 1
1296 2464 1
1296 888 1
1298 2138 1
1298 2396 1
1298 2862 1
1298 3415 1
1299 1348 1
1299 2360 1
1299 2458 1
1299 2703 1
1299 2764 1
1299 2983 1
1299 3014 1
1299 5192 1
1299 5992 1
1303 1616 1
1303 2518 1
1304 3458 1
1306 2144 1
1306 2604 1
1309 2021 1
1311 2357 1
1312 1032 1
1312 1065 1
1312 116 1
1312 1487 1
1312 2873 1
1312 3167 1
1312 425 1
1313 1013 1
1314 2014 1
1327 1616 1
1328 2023 1
1328 3464 1
1332 1390 1
1332 1705 1
1333 1523 1
1333 1995 1
1333 2471 1
1333 2894 1
1333 3052 1
1333 3685 1
1333 3769 1
1333 4855 1
1333 5903 1
1333 599 1
1333 6091 1
1333 6353 1
1334 3066 1
1335 3 1
1335 3327 1
1336 1340 1
1336 1441 1
1336 1469 1
1336 1521 1
1336 1766 1
1336 2843 1
1336 312 1
1336 3194 1
1336 3197 1
1336 3344 1
1336 3778 1
1339 1877 1
1339 2772 1
1340 3194 1
1340 3778 1
1342 1460 1
1344 1422 1
1344 3403 1
1344 55 1
1345 1408 1
1345 1487 1
1348 1299 1
1348 2054 1
1348 2360 1
1348 2458 1
1348 2703 1
1348 2983 1
1348 983 1
1350 2696 1
1351 2846 1
1351 3401 1
1353 1058 1
1353 107 1
1353 2710 1
1353 3188 1
1353 400 1
1354 1588 1
1354 2156 1
1355 1040 1
1355 1399 1
1355 1876 1
1355 1923 1
1355 2488 1
1355 3164 1
1355 3442 1
1358 709 1
1360 1429 1
1360 1476 1
1360 3057 1
1360 6001 1
1361 1413 1
1362 1065 1
1362 1778 1
1362 2873 1
1362 4669 1
1362 6093 1
1363 3442 1
1367 1147 1
1367 2139 1
1367 3412 1
1367 3793 1
1367 4110 1
1368 5935 1
1371 2443 1
1371 2627 1
1372 1450 1
1372 1995 1
1372 2889 1
1372 3148 1
1374 3739 1
1378 1431 1
1379 2874 1
1379 3962 1
1381 1575 1
1383 1515 1
1383 3597 1
1384 722 1
1385 340 1
1390 1705 1
1390 1804 1
1390 2411 1
1390 2577 1
1390 4028 1
1390 518 1
1390 6782 1
1390 855 1
1393 1179 1
1393 2630 1
1394 4197 1
1397 1002 1
1397 1443 1
1397 1899 1
1397 2530 1
1397 2940 1
1398 6755 1
1398 6756 1
1399 1876 1
1399 1924 1
1399 2265 1
1399 2523 1
1399 3445 1
1399 495 1
1399 975 1
1400 1983 1
1401 1522 1
1401 1600 1
1401 2616 1
1404 1739 1
1404 2713 1
1406 1424 1
1407 2029 1
1407 6112 1
1408 1487 1
1408 1593 1
1408 174 1
1408 3396 1
1408 5328 1
1408 703 1
1410 3385 1
1411 3538 1
1413 3180 1
1415 1727 1
1415 234 1
1415 2641 1
1415 2685 1
1415 274 1
1417 2987 1
1418 1501 1
1418 2224 1
1418 2542 1
1418 2621 1
1418 3030 1
1418 3044 1
1418 3375 1
1418 3739 1
1418 6908 1
1423 2632 1
1423 6712 1
1424 2968 1
1425 3439 1
1426 720 1
1427 4669 1
1429 1271 1
1433 1028 1
1437 2699 1
1437 2745 1
1437 719 1
1441 1336 1
1441 1469 1
1441 1766 1
1441 2488 1
1441 2843 1
1441 312 1
1441 3197 1
1441 3344 1
1441 3471 1
1442 1181 1
1442 1247 1
1442 379 1
1443 1002 1
1443 1397 1
1443 1532 1
1443 1598 1
1443 161 1
1443 1899 1
1443 2378 1
1443 2530 1
1443 2940 1
1443 3347 1
1443 3805 1
1443 3987 1
1444 5108 1
1447 79 1
1450 1372 1
1450 2726 1
1450 2999 1
1450 3341 1
1451 3044 1
1453 1108 1
1453 1641 1
1453 1744 1
1453 2481 1
1453 3183 1
1453 3230 1
1453 3662 1
1453 3689 1
1453 3727 1
1453 599 1
1453 847 1
1459 2423 1
1461 1640 1
1461 2723 1
1462 326 1
1462 4211 1
1463 1512 1
1463 1642 1
1463 1756 1
1463 2537 1
1463 2618 1
1463 2703 1
1463 456 1
1466 1972 1
1467 2547 1
1469 1336 1
1469 1420 1
1469 1441 1
1469 1521 1
1469 1766 1
1469 2488 1
1469 2843 1
1469 312 1
1469 3197 1
1469 3344 1
1469 3471 1
1469 544 1
1472 1562 1
1472 1767 1
1472 2288 1
1472 2704 1
1472 5216 1
1473 2375 1
1473 2740 1
1476 1360 1
1476 1429 1
1476 2385 1
1476 3057 1
1476 6001 1
1479 5878 1
1480 1627 1
1481 1499 1
1481 1598 1
1481 1705 1
1481 2157 1
1481 7072 1
1482 3157 1
1485 2620 1
1486 2628 1
1486 3814 1
1487 1282 1
1487 1408 1
1487 1558 1
1487 1593 1
1487 174 1
1487 2049 1
1487 2158 1
1487 231 1
1487 2647 1
1487 3093 1
1487 316 1
1487 3396 1
1487 703 1
1488 2436 1
1489 3421 1
1492 1356 1
1492 1412 1
1492 6143 1
1494 1835 1
1494 226 1
1494 2309 1
1496 2168 1
1496 2676 1
1498 3991 1
1498 4514 1
1499 1598 1
1499 7072 1
1504 2772 1
1504 5887 1
1505 1141 1
1505 1697 1
1505 2047 1
1505 2563 1
1505 3465 1
1505 5923 1
1505 6790 1
1505 6791 1
1505 782 1
1507 1558 1
1507 1835 1
1509 6041 1
1510 213 1
1510 245 1
1510 2904 1
1510 3024 1
1510 3759 1
1510 914 1
1511 2701 1
1511 3164 1
1512 1642 1
1512 2537 1
1513 1049 1
1513 1079 1
1513 1700 1
1513 1868 1
1513 2748 1
1515 1295 1
1515 1895 1
1515 3597 1
1515 811 1
1516 3407 1
1516 524 1
1519 1860 1
1519 3044 1
1521 544 1
1522 2616 1
1523 1593 1
1523 1617 1
1523 1649 1
1523 1674 1
1523 1725 1
1523 1992 1
1523 2117 1
1523 2346 1
1523 2471 1
1523 2894 1
1523 2974 1
1523 3207 1
1523 361 1
1523 3647 1
1523 3685 1
1523 4144 1
1523 5482 1
1523 599 1
1524 2539 1
1524 3385 1
1526 2134 1
1526 2162 1
1526 2176 1
1526 3538 1
1526 3609 1
1526 3911 1
1526 3946 1
1526 4081 1
1526 6035 1
1530 3192 1
1531 3408 1
1531 4650 1
1532 1598 1
1532 2587 1
1532 2690 1
1532 278 1
1532 3347 1
1532 748 1
1533 2934 1
1536 2057 1
1538 2481 1
1538 3227 1
1538 3335 1
1540 2046 1
1540 2684 1
1541 3464 1
1541 3685 1
1542 2000 1
1543 1213 1
1543 2205 1
1543 3905 1
1543 5053 1
1543 5142 1
1543 608 1
1543 961 1
1548 1919 1
1548 205 1
1548 3753 1
1548 654 1
1549 1418 1
1549 2621 1
1549 708 1
1552 3603 1
1555 2642 1
1555 3316 1
1556 1570 1
1556 275 1
1556 2804 1
1556 3219 1
1556 702 1
1556 912 1
1558 1494 1
1558 1764 1
1558 1835 1
1558 1911 1
1558 2679 1
1558 3396 1
1558 3674 1
1558 3949 1
1558 4398 1
1558 57 1
1558 596 1
1558 5989 1
1558 958 1
1560 541 1
1560 5881 1
1561 5177 1
1562 2288 1
1562 2704 1
1562 5216 1
1564 1658 1
1564 2150 1
1565 2017 1
1565 385 1
1569 1950 1
1569 197 1
1569 2021 1
1569 2215 1
1569 2776 1
1570 1556 1
1570 2804 1
1571 2146 1
1573 5912 1
1574 2063 1
1577 1472 1
1577 1767 1
1577 1994 1
1581 2745 1
1584 1040 1
1584 1355 1
1584 1705 1
1584 194 1
1584 2112 1
1584 2136 1
1584 2244 1
1584 2305 1
1584 3432 1
1584 518 1
1584 866 1
1588 1289 1
1588 1847 1
1588 2156 1
1588 2268 1
1588 2423 1
1588 2758 1
1588 2781 1
1588 2785 1
1588 3120 1
1588 3244 1
1588 4202 1
1588 4444 1
1588 4637 1
1588 605 1
1588 6974 1
1589 2891 1
1589 4190 1
1589 4200 1
1590 2374 1
1590 2460 1
1590 3849 1
1590 4601 1
1590 6738 1
1593 1617 1
1593 1674 1
1593 2368 1
1593 2423 1
1593 3058 1
1593 3088 1
1593 3191 1
1593 3461 1
1593 361 1
1593 605 1
1593 980 1
1596 1732 1
1596 2938 1
1596 994 1
1598 1532 1
1598 2465 1
1598 2587 1
1598 2602 1
1598 2690 1
1598 278 1
1598 3355 1
1598 399 1
1598 6235 1
1598 7072 1
1598 748 1
1599 1443 1
1606 2773 1
1607 1865 1
1607 2059 1
1607 2252 1
1607 2501 1
1607 2671 1
1607 2743 1
1607 2966 1
1607 3706 1
1607 3763 1
1607 820 1
1607 900 1
1609 2124 1
1609 2288 1
1609 482 1
1609 813 1
1611 1659 1
1613 4111 1
1613 4264 1
1614 2953 1
1614 3104 1
1615 2455 1
1615 6453 1
1617 1674 1
1617 361 1
1619 5175 1
1620 1491 1
1622 2372 1
1624 3664 1
1624 5047 1
1627 2475 1
1631 2603 1
1631 3019 1
1631 4954 1
1632 2470 1
1634 2005 1
1634 3063 1
1636 1905 1
1636 2590 1
1636 3458 1
1637 1110 1
1637 1482 1
1637 2810 1
1637 3157 1
1637 3731 1
1637 917 1
1640 2723 1
1640 2950 1
1640 2973 1
1641 1108 1
1641 115 1
1641 141 1
1641 1538 1
1641 1744 1
1641 2226 1
1641 2249 1
1641 2386 1
1641 2481 1
1641 3230 1
1641 3689 1
1641 3697 1
1641 3727 1
1641 3810 1
1641 5126 1
1641 5231 1
1641 5357 1
1641 6043 1
1642 2537 1
1645 2040 1
1645 2868 1
1645 3702 1
1645 4144 1
1645 96 1
1647 3836 1
1649 1523 1
1649 1725 1
1649 1992 1
1649 2117 1
1649 2346 1
1649 2471 1
1649 2974 1
1649 3207 1
1649 4144 1
1649 5482 1
1651 1538 1
1656 2156 1
1656 3244 1
1658 130 1
1658 1564 1
1658 172 1
1658 1964 1
1658 2150 1
1658 2658 1
1658 3508 1
1658 4122 1
1662 400 1
1663 2473 1
1663 5875 1
1667 2990 1
1668 2140 1
1669 1319 1
1669 3605 1
1669 3630 1
1669 395 1
1669 5220 1
1671 1706 1
1671 3263 1
1673 145 1
1673 2144 1
1673 2772 1
1674 3088 1
1674 3650 1
1674 3717 1
1675 2721 1
1676 3444 1
1678 4452 1
1683 2049 1
1683 3354 1
1683 587 1
1683 5900 1
1684 2226 1
1684 2249 1
1684 2402 1
1684 2405 1
1684 2719 1
1684 3379 1
1684 3921 1
1684 5047 1
1684 536 1
1684 599 1
1684 624 1
1684 6462 1
1684 924 1
1685 1963 1
1687 124 1
1687 1241 1
1687 2036 1
1687 2364 1
1687 3314 1
1688 1089 1
1688 3044 1
1688 3095 1
1689 2079 1
1689 3160 1
1689 3857 1
1690 1697 1
1690 2047 1
1690 2425 1
1690 2744 1
1690 2761 1
1695 3048 1
1696 2396 1
1697 1141 1
1697 2021 1
1697 2047 1
1697 2656 1
1699 1783 1
1699 2460 1
1700 1049 1
1700 1079 1
1700 1101 1
1700 1281 1
1700 1749 1
1700 1868 1
1700 2055 1
1700 2748 1
1700 2827 1
1700 2872 1
1700 2881 1
1700 2890 1
1700 2893 1
1700 2959 1
1700 3154 1
1700 3275 1
1700 3624 1
1700 4393 1
1700 5263 1
1700 5906 1
1700 836 1
1703 2573 1
1705 1216 1
1705 1481 1
1705 1804 1
1705 194 1
1705 1943 1
1705 2029 1
1705 2077 1
1705 2157 1
1705 2205 1
1705 2233 1
1705 2411 1
1705 2570 1
1705 2577 1
1705 2784 1
1705 3131 1
1705 3432 1
1705 36 1
1705 4028 1
1705 45 1
1705 518 1
1705 534 1
1705 5923 1
1705 5930 1
1705 5935 1
1705 600 1
1705 6144 1
1705 6397 1
1705 6782 1
1705 806 1
1705 964 1
1706 1671 1
1706 2025 1
1706 3028 1
1706 3191 1
1710 1835 1
1710 2309 1
1710 4321 1
1710 6325 1
1711 4027 1
1712 1275 1
1712 135 1
1712 1684 1
1712 2330 1
1715 2052 1
1715 385 1
1715 4222 1
1715 529 1
1717 2539 1
1717 3320 1
1717 3585 1
1717 3807 1
1722 2928 1
1722 527 1
1722 6899 1
1722 9 1
1723 2175 1
1723 6155 1
1723 86 1
1725 1992 1
1725 2471 1
1725 2974 1
1725 3207 1
1725 4144 1
1727 1415 1
1727 234 1
1727 2420 1
1727 2641 1
1727 2685 1
1727 274 1
1727 327 1
1732 1929 1
1733 2028 1
1738 3651 1
1738 3660 1
1743 999 1
1744 2282 1
1744 2309 1
1744 3183 1
1744 5102 1
1744 5976 1
1749 1700 1
1749 2055 1
1749 2748 1
1749 3154 1
1749 3624 1
1749 6074 1
1752 3441 1
1764 1558 1
1764 1757 1
1764 2498 1
1764 2703 1
1764 2763 1
1764 3396 1
1764 4398 1
1764 958 1
1765 185 1
1765 2446 1
1766 1336 1
1766 2488 1
1766 2843 1
1766 312 1
1766 3197 1
1766 3344 1
1767 1472 1
1767 2343 1
1768 2023 1
1768 7076 1
1770 1032 1
1770 1065 1
1770 116 1
1770 1312 1
1770 2873 1
1770 3167 1
1770 425 1
1771 2092 1
1772 1859 1
1772 2593 1
1773 2241 1
1773 6411 1
1775 1730 1
1777 2967 1
1778 2755 1
1778 5949 1
1781 3504 1
1782 3097 1
1782 949 1
1783 1569 1
1783 165 1
1783 1950 1
1783 197 1
1783 1988 1
1783 2021 1
1783 2215 1
1783 2460 1
1783 2607 1
1783 2776 1
1783 3055 1
1783 3144 1
1783 3428 1
1783 6788 1
1785 2171 1
1785 2724 1
1785 2832 1
1785 3236 1
1785 3251 1
1789 2988 1
1789 5287 1
1789 662 1
1795 3164 1
1796 2282 1
1796 3774 1
1796 3888 1
1796 4140 1
1796 5583 1
1798 24 1
1801 3003 1
1804 6782 1
1811 2149 1
1811 2202 1
1811 2246 1
1815 1247 1
1815 3318 1
1815 3686 1
1815 6209 1
1821 2229 1
1821 2330 1
1821 5803 1
1821 5941 1
1826 3106 1
1828 5117 1
1830 2688 1
1830 3435 1
1833 3106 1
1835 1710 1
1835 2309 1
1835 4321 1
1835 6325 1
1838 1486 1
1838 2628 1
1838 3814 1
1843 158 1
1843 2127 1
1843 2498 1
1843 2939 1
1847 2268 1
1847 2375 1
1847 2423 1
1847 2624 1
1847 2785 1
1847 5399 1
1848 5881 1
1851 1953 1
1851 2021 1
1851 3997 1
1851 4245 1
1851 5240 1
1851 733 1
1852 1296 1
1852 888 1
1853 2252 1
1855 2872 1
1855 2959 1
1856 2062 1
1856 2365 1
1856 2695 1
1856 888 1
1858 2147 1
1858 2727 1
1858 549 1
1859 2074 1
1859 2133 1
1859 3112 1
1859 3495 1
1859 3597 1
1859 3927 1
1859 560 1
1859 604 1
1859 6750 1
1859 98 1
1860 3044 1
1861 1963 1
1861 24 1
1865 2671 1
1868 1049 1
1868 1079 1
1868 1281 1
1868 1700 1
1868 2055 1
1868 2748 1
1868 2881 1
1868 3138 1
1872 43 1
1874 1182 1
1876 1040 1
1876 1355 1
1876 1923 1
1876 2488 1
1876 2874 1
1876 2882 1
1876 3524 1
1876 5385 1
1876 696 1
1877 2772 1
1878 1955 1
1886 2101 1
1890 3090 1
1891 1085 1
1891 2124 1
1891 2478 1
1891 3616 1
1891 4979 1
1891 614 1
1891 930 1
1893 3637 1
1894 195 1
1894 3052 1
1895 2144 1
1895 2604 1
1895 4035 1
1895 811 1
1895 841 1
1900 2386 1
1900 4140 1
1902 2322 1
1905 2590 1
1905 3458 1
1908 1916 1
1909 3980 1
1909 4131 1
1909 4194 1
1910 296 1
1911 1494 1
1911 2679 1
1911 3674 1
1911 3949 1
1911 57 1
1911 5989 1
1914 482 1
1914 6092 1
1915 2548 1
1915 3296 1
1917 5250 1
1918 1972 1
1919 205 1
1919 654 1
1920 2992 1
1921 2882 1
1922 2019 1
1922 2277 1
1922 2869 1
1922 3106 1
1923 1040 1
1923 1355 1
1924 1399 1
1924 2021 1
1924 2053 1
1924 2215 1
1924 2352 1
1924 3428 1
1924 3798 1
1924 6749 1
1924 6816 1
1928 3126 1
1930 126 1
1930 1350 1
1930 144 1
1930 177 1
1932 390 1
1932 606 1
1932 638 1
1932 835 1
1933 3211 1
1935 3641 1
1937 2951 1
1939 186 1
1943 1216 1
1943 2077 1
1943 2233 1
1944 2937 1
1950 197 1
1950 2241 1
1950 2360 1
1950 2657 1
1950 3252 1
1950 518 1
1952 2988 1
1953 215 1
1953 3997 1
1953 4245 1
1953 733 1
1953 852 1
1957 3940 1
1960 2947 1
1960 3097 1
1960 949 1
1961 1932 1
1961 2970 1
1963 1187 1
1963 1685 1
1963 1798 1
1963 1861 1
1963 2098 1
1963 24 1
1963 3220 1
1963 3413 1
1963 3439 1
1963 636 1
1964 1458 1
1964 2038 1
1964 2056 1
1964 2124 1
1964 2150 1
1964 2658 1
1964 2702 1
1964 2772 1
1964 3079 1
1964 3163 1
1964 3341 1
1964 3763 1
1964 4122 1
1969 1924 1
1969 2021 1
1969 6821 1
1972 1466 1
1972 2977 1
1972 3521 1
1972 3601 1
1972 3799 1
1972 4499 1
1972 5737 1
1972 6766 1
1976 2550 1
1976 624 1
1978 2278 1
1978 3300 1
1979 1108 1
1979 2400 1
1979 2481 1
1979 428 1
1979 7034 1
1983 1400 1
1983 2407 1
1983 2542 1
1983 3551 1
1983 428 1
1983 5142 1
1983 6534 1
1984 2469 1
1988 1783 1
1988 2021 1
1990 102 1
1990 5885 1
1990 6159 1
1992 2471 1
1992 2974 1
1992 3207 1
1992 4144 1
1992 5482 1
1994 3231 1
1994 3813 1
1994 4214 1
1994 5931 1
1995 1372 1
1995 3052 1
1995 3769 1
1998 2177 1
1998 2980 1
1998 7043 1
2000 3331 1
2002 2419 1
2003 2453 1
2003 3723 1
2006 1950 1
2006 197 1
2006 2241 1
2006 2279 1
2006 2657 1
2006 298 1
2006 3252 1
2006 518 1
2006 681 1
2006 6822 1
2006 6959 1
2006 757 1
2008 2487 1
2008 2721 1
2008 2834 1
2008 2954 1
2009 2032 1
2009 304 1
2009 3058 1
2009 3173 1
2009 3430 1
2009 701 1
2015 115 1
2015 1531 1
2015 2767 1
2015 3408 1
2015 3697 1
2015 4650 1
2015 5166 1
2015 6194 1
2017 2919 1
2017 3657 1
2017 3659 1
2017 3926 1
2017 3951 1
2017 67 1
2018 3298 1
2019 2024 1
2021 150 1
2021 165 1
2021 1783 1
2021 1924 1
2021 1953 1
2021 1988 1
2021 2047 1
2021 2215 1
2021 2656 1
2021 3428 1
2021 3479 1
2021 3798 1
2021 3997 1
2021 4245 1
2021 5240 1
2021 6749 1
2021 6816 1
2021 6821 1
2021 733 1
2023 1541 1
2023 3464 1
2023 7076 1
2024 1296 1
2024 2101 1
2024 783 1
2024 888 1
2025 122 1
2025 3028 1
2028 405 1
2029 1019 1
2029 2653 1
2029 2837 1
2029 5923 1
2029 6112 1
2032 1087 1
2032 2405 1
2032 2709 1
2032 3058 1
2032 3173 1
2032 3854 1
2032 5194 1
2032 701 1
2037 1644 1
2037 4313 1
2040 3702 1
2040 4110 1
2040 4144 1
2040 96 1
2042 2944 1
2043 2758 1
2046 2684 1
2047 1690 1
2047 1697 1
2047 2425 1
2047 2744 1
2047 2761 1
2047 287 1
2048 5957 1
2048 5992 1
2049 1282 1
2049 1487 1
2049 2158 1
2049 2647 1
2049 3093 1
2049 316 1
2049 3396 1
2049 587 1
2049 5900 1
2052 1168 1
2052 1715 1
2052 385 1
2052 4222 1
2053 2021 1
2053 2215 1
2053 2352 1
2053 3428 1
2053 3479 1
2053 627 1
2054 1299 1
2055 1700 1
2055 2748 1
2056 130 1
2056 214 1
2056 2244 1
2056 3125 1
2056 3662 1
2056 3691 1
2056 3729 1
2056 3921 1
2056 6363 1
2059 2671 1
2059 2743 1
2059 820 1
2059 900 1
2061 3175 1
2062 2365 1
2062 2464 1
2062 888 1
2063 1807 1
2064 1015 1
2065 1769 1
2065 2089 1
2065 2677 1
2065 3435 1
2065 980 1
2076 3382 1
2076 980 1
2077 1216 1
2077 1705 1
2077 1943 1
2077 2233 1
2077 2411 1
2077 764 1
2079 4055 1
2080 3442 1
2081 1022 1
2081 1593 1
2081 2268 1
2081 2409 1
2081 2423 1
2081 3432 1
2081 980 1
2085 3455 1
2086 3268 1
2087 2667 1
2087 3107 1
2089 1769 1
2089 2356 1
2089 3435 1
2089 980 1
2091 2224 1
2091 3044 1
2091 3095 1
2091 364 1
2091 3731 1
2091 3739 1
2095 6051 1
2096 1924 1
2096 2053 1
2096 2115 1
2096 3438 1
2096 3927 1
2101 1296 1
2101 1633 1
2101 261 1
2101 2782 1
2101 4312 1
2101 888 1
2106 2547 1
2106 2854 1
2108 2558 1
2109 295 1
2109 3406 1
2110 497 1
2110 759 1
2112 1355 1
2112 2136 1
2112 2244 1
2112 2307 1
2114 3656 1
2115 1924 1
2115 2053 1
2115 3438 1
2115 3927 1
2117 2346 1
2117 2471 1
2118 2137 1
2118 2145 1
2118 572 1
2118 860 1
2122 6163 1
2124 1085 1
2124 1891 1
2124 2288 1
2124 2478 1
2124 3504 1
2124 3616 1
2124 3763 1
2124 3764 1
2124 614 1
2124 813 1
2124 930 1
2124 932 1
2126 2280 1
2127 158 1
2127 2498 1
2127 2939 1
2129 2343 1
2129 3184 1
2132 2688 1
2132 2913 1
2132 3435 1
2132 3460 1
2133 2078 1
2133 2527 1
2133 2545 1
2133 604 1
2134 2162 1
2134 2205 1
2134 2968 1
2134 3911 1
2136 2112 1
2136 2307 1
2137 2145 1
2144 145 1
2144 2588 1
2144 2604 1
2144 2772 1
2144 2913 1
2144 3766 1
2144 4035 1
2144 841 1
2147 2727 1
2147 2811 1
2147 3352 1
2147 549 1
2147 813 1
2149 2202 1
2149 2246 1
2149 2349 1
2149 3175 1
2149 5217 1
2150 130 1
2150 1564 1
2150 1689 1
2150 172 1
2150 2079 1
2150 2658 1
2150 4122 1
2153 3081 1
2154 3170 1
2154 3535 1
2155 2984 1
2156 1255 1
2156 1289 1
2156 2781 1
2156 3120 1
2156 3244 1
2156 3343 1
2156 3895 1
2156 6974 1
2158 2647 1
2158 3093 1
2158 3396 1
2160 2763 1
2161 2931 1
2162 1526 1
2162 2134 1
2162 3911 1
2162 5689 1
2165 2546 1
2165 2691 1
2165 2759 1
2165 2979 1
2165 543 1
2167 2109 1
2168 2676 1
2169 1903 1
2169 2455 1
2169 657 1
2170 6209 1
2176 1273 1
2176 2868 1
2176 335 1
2176 3529 1
2176 3538 1
2176 3609 1
2176 3946 1
2176 4081 1
2176 4115 1
2176 4171 1
2176 6035 1
2176 6104 1
2176 859 1
2177 2980 1
2177 7043 1
2179 39 1
2181 2783 1
2181 3304 1
2181 47 1
2182 162 1
2182 18 1
2182 2229 1
2182 2253 1
2182 2330 1
2182 2688 1
2182 2789 1
2182 3012 1
2182 3017 1
2182 4172 1
2182 592 1
2182 5937 1
2182 6336 1
2183 328 1
2183 45 1
2184 2200 1
2184 3472 1
2184 3744 1
2187 713 1
2191 1453 1
2191 599 1
2191 847 1
2192 2490 1
2200 3744 1
2201 135 1
2201 2371 1
2201 2441 1
2201 5185 1
2202 1003 1
2202 1314 1
2202 2014 1
2202 2246 1
2202 3089 1
2202 3311 1
2203 2133 1
2203 2814 1
2203 3293 1
2203 98 1
2205 1213 1
2205 1543 1
2205 2868 1
2205 3432 1
2205 3911 1
2205 3929 1
2205 4324 1
2205 5053 1
2205 5142 1
2205 608 1
2205 961 1
2207 2558 1
2210 2424 1
2212 2364 1
2215 1569 1
2215 1783 1
2215 2021 1
2215 2352 1
2215 2692 1
2215 2776 1
2215 3428 1
2218 1891 1
2218 2124 1
2218 2288 1
2218 3616 1
2218 4979 1
2224 3739 1
2224 6908 1
2226 115 1
2226 1641 1
2226 2249 1
2226 2386 1
2226 2405 1
2226 2481 1
2226 2719 1
2226 3697 1
2226 3810 1
2226 5047 1
2226 5126 1
2226 5135 1
2226 5231 1
2226 5357 1
2226 536 1
2226 599 1
2226 6043 1
2226 624 1
2228 998 1
2229 18 1
2229 1821 1
2229 2330 1
2229 2910 1
2229 5960 1
2229 6329 1
2230 3100 1
2232 1040 1
2232 1355 1
2232 1584 1
2233 1216 1
2233 1705 1
2233 1943 1
2233 2570 1
2233 45 1
2233 534 1
2233 600 1
2233 764 1
2233 964 1
2241 1189 1
2241 2006 1
2241 2657 1
2241 298 1
2241 518 1
2241 6411 1
2241 6822 1
2241 6959 1
2242 631 1
2244 130 1
2244 1584 1
2244 214 1
2244 2305 1
2244 6188 1
2244 6363 1
2244 766 1
2244 86 1
2246 1003 1
2246 1816 1
2246 2020 1
2246 2123 1
2246 2202 1
2246 2851 1
2246 3089 1
2246 3225 1
2246 3311 1
2248 1476 1
2248 2456 1
2248 2466 1
2249 1684 1
2249 1900 1
2249 2365 1
2249 2695 1
2249 2715 1
2249 2719 1
2249 3727 1
2249 5231 1
2249 536 1
2252 2059 1
2252 2580 1
2252 2743 1
2252 2806 1
2252 820 1
2252 900 1
2253 162 1
2253 2182 1
2253 2330 1
2253 2688 1
2253 3017 1
2255 2850 1
2259 2360 1
2259 2803 1
2259 3650 1
2259 4024 1
2260 135 1
2260 2366 1
2260 5898 1
2261 624 1
2261 982 1
2262 2395 1
2264 5288 1
2265 2583 1
2265 2993 1
2265 3057 1
2265 3322 1
2265 3445 1
2265 495 1
2265 6001 1
2265 975 1
2266 2341 1
2266 2346 1
2266 242 1
2266 3324 1
2266 3334 1
2266 483 1
2266 5312 1
2267 1336 1
2267 1469 1
2267 3008 1
2267 312 1
2268 1022 1
2268 1593 1
2268 2409 1
2268 2423 1
2268 2785 1
2271 2380 1
2271 912 1
2276 6715 1
2278 3300 1
2279 298 1
2279 4306 1
2279 518 1
2279 5306 1
2281 2390 1
2281 375 1
2282 2017 1
2282 2728 1
2282 3246 1
2282 3657 1
2282 3659 1
2282 3774 1
2282 3888 1
2282 3926 1
2282 4140 1
2282 5583 1
2282 67 1
2284 3650 1
2286 2091 1
2286 2224 1
2286 3044 1
2286 364 1
2286 3731 1
2286 3739 1
2287 174 1
2287 2228 1
2287 311 1
2287 3183 1
2287 3230 1
2287 3294 1
2287 5304 1
2287 5393 1
2287 5538 1
2287 998 1
2288 1562 1
2288 1891 1
2288 203 1
2288 2124 1
2288 2460 1
2288 253 1
2288 2607 1
2288 2704 1
2288 3129 1
2288 3404 1
2288 3616 1
2288 382 1
2288 4979 1
2288 518 1
2288 5216 1
2288 5246 1
2288 6754 1
2288 682 1
2290 1633 1
2290 261 1
2290 3239 1
2290 4312 1
2292 2362 1
2292 2992 1
2296 2777 1
2296 3026 1
2300 2456 1
2300 3316 1
2305 1584 1
2305 723 1
2308 2721 1
2308 5582 1
2309 1710 1
2309 4321 1
2309 5102 1
2309 5976 1
2309 6325 1
2314 3164 1
2320 753 1
2322 1902 1
2329 2543 1
2329 3207 1
2329 3824 1
2329 5949 1
2330 1085 1
2330 1275 1
2330 135 1
2330 162 1
2330 1684 1
2330 213 1
2330 2182 1
2330 2253 1
2330 2355 1
2330 2485 1
2330 2688 1
2330 2910 1
2330 3017 1
2330 3067 1
2330 3170 1
2330 438 1
2330 6194 1
2330 624 1
2330 838 1
2333 2976 1
2337 1025 1
2337 2007 1
2341 3334 1
2343 1066 1
2346 1523 1
2346 242 1
2346 2471 1
2346 3324 1
2346 483 1
2346 5949 1
2346 711 1
2346 937 1
2355 2182 1
2355 2253 1
2355 2330 1
2355 2485 1
2355 3017 1
2356 1769 1
2356 2065 1
2356 2089 1
2356 2677 1
2356 3435 1
2356 980 1
2357 1640 1
2357 6800 1
2360 1299 1
2360 1674 1
2360 2650 1
2360 3229 1
2360 3254 1
2360 3650 1
2360 3665 1
2360 3760 1
2360 4024 1
2360 983 1
2362 2292 1
2362 2992 1
2363 2476 1
2363 2772 1
2364 124 1
2364 1241 1
2364 1687 1
2365 2249 1
2365 2464 1
2365 2695 1
2365 2715 1
2365 4037 1
2365 888 1
2368 1593 1
2368 1674 1
2368 3088 1
2368 3191 1
2368 361 1
2368 38 1
2371 135 1
2371 2407 1
2371 2441 1
2371 3335 1
2371 3555 1
2371 3900 1
2371 4029 1
2371 428 1
2371 5109 1
2371 5142 1
2371 5185 1
2371 6919 1
2372 1016 1
2373 1558 1
2374 2721 1
2374 2916 1
2374 2926 1
2374 3544 1
2374 37 1
2374 3849 1
2374 3886 1
2374 3923 1
2374 3995 1
2374 3996 1
2374 4274 1
2374 4672 1
2375 2624 1
2375 2740 1
2375 3330 1
2378 3347 1
2378 3805 1
2379 2435 1
2380 912 1
2382 1275 1
2382 135 1
2382 1684 1
2382 1712 1
2382 2330 1
2382 4277 1
2386 1108 1
2386 1641 1
2386 2481 1
2386 5107 1
2386 5231 1
2390 375 1
2396 2970 1
2400 1108 1
2400 2481 1
2402 3921 1
2402 599 1
2405 1684 1
2405 1900 1
2405 2226 1
2405 2249 1
2405 2709 1
2405 2719 1
2405 3058 1
2405 3173 1
2405 5047 1
2405 536 1
2405 599 1
2405 624 1
2407 1400 1
2407 2371 1
2407 3555 1
2407 4029 1
2407 428 1
2407 5142 1
2407 5308 1
2407 6534 1
2408 130 1
2408 6003 1
2408 6052 1
2410 2415 1
2410 2496 1
2410 356 1
2411 2784 1
2411 36 1
2411 806 1
2415 6159 1
2423 1022 1
2423 1459 1
2423 1593 1
2423 2081 1
2423 2785 1
2423 3042 1
2423 3058 1
2423 3432 1
2423 605 1
2423 905 1
2423 980 1
2424 3576 1
2425 1697 1
2436 2483 1
2439 1555 1
2439 2659 1
2439 4593 1
2441 135 1
2441 5185 1
2446 185 1
2450 3537 1
2450 3686 1
2450 6770 1
2453 5294 1
2455 2533 1
2455 6453 1
2455 657 1
2456 1476 1
2456 2248 1
2456 2466 1
2458 2703 1
2458 2983 1
2458 3136 1
2460 1562 1
2460 1665 1
2460 2288 1
2460 2607 1
2460 3129 1
2460 3882 1
2460 4601 1
2460 5246 1
2460 6788 1
2460 682 1
2460 7056 1
2461 2726 1
2464 1856 1
2464 2062 1
2464 2365 1
2465 2602 1
2465 399 1
2468 378 1
2468 4228 1
2469 3794 1
2470 3385 1
2471 1523 1
2471 1649 1
2471 1992 1
2471 2894 1
2471 2974 1
2471 3207 1
2471 3685 1
2471 3769 1
2471 4144 1
2471 5482 1
2471 599 1
2473 1663 1
2473 5875 1
2475 1480 1
2475 1627 1
2476 2363 1
2476 2772 1
2478 1891 1
2478 1964 1
2478 2124 1
2478 2662 1
2478 3616 1
2478 3763 1
2478 614 1
2478 932 1
2478 945 1
2479 2462 1
2479 2731 1
2479 3184 1
2479 3383 1
2479 3656 1
2479 507 1
2480 2721 1
2480 4963 1
2481 1108 1
2481 115 1
2481 1293 1
2481 1641 1
2481 2226 1
2481 3611 1
2481 3697 1
2481 5166 1
2481 5416 1
2481 592 1
2481 6043 1
2483 12 1
2483 1488 1
2483 2436 1
2485 3017 1
2487 2721 1
2488 1336 1
2488 1355 1
2488 1420 1
2488 1441 1
2488 1548 1
2488 1876 1
2488 205 1
2488 2874 1
2488 2882 1
2488 3471 1
2488 3524 1
2488 696 1
2490 2785 1
2497 1700 1
2497 2615 1
2497 2748 1
2497 2872 1
2497 2959 1
2497 3275 1
2498 158 1
2498 2127 1
2498 2423 1
2498 2703 1
2498 2763 1
2498 2939 1
2498 3586 1
2498 6905 1
2498 905 1
2498 980 1
2505 3106 1
2505 4819 1
2506 2188 1
2506 228 1
2508 1235 1
2508 1859 1
2511 2961 1
2512 1816 1
2512 2123 1
2512 2246 1
2512 2851 1
2515 248 1
2515 3058 1
2515 4368 1
2516 2975 1
2517 1451 1
2517 187 1
2517 2981 1
2517 33 1
2517 3458 1
2517 6139 1
2518 1303 1
2518 1616 1
2523 1399 1
2523 408 1
2527 2545 1
2537 2188 1
2537 2506 1
2537 2806 1
2537 289 1
2537 2913 1
2537 2923 1
2537 3357 1
2539 3807 1
2542 2858 1
2542 3160 1
2542 3375 1
2542 4164 1
2543 3207 1
2543 3824 1
2543 5949 1
2544 2669 1
2545 2078 1
2546 2165 1
2546 2691 1
2546 2759 1
2546 2979 1
2546 543 1
2547 2713 1
2547 2854 1
2547 3266 1
2547 3374 1
2547 6710 1
2548 3296 1
2549 916 1
2550 3170 1
2553 2757 1
2557 1215 1
2557 3693 1
2558 2056 1
2558 3125 1
2558 3662 1
2558 3691 1
2558 3713 1
2558 3729 1
2558 3735 1
2559 2874 1
2563 3108 1
2563 5923 1
2563 6790 1
2565 6001 1
2573 1703 1
2579 2017 1
2579 2728 1
2579 2919 1
2579 3659 1
2579 3926 1
2579 3951 1
2583 1355 1
2583 2265 1
2583 495 1
2586 116 1
2586 1684 1
2586 6094 1
2588 145 1
2588 2913 1
2590 1167 1
2590 1636 1
2590 1905 1
2590 3458 1
2600 2640 1
2601 2680 1
2601 3060 1
2601 3078 1
2601 4018 1
2603 3019 1
2603 3256 1
2603 352 1
2603 3935 1
2603 5127 1
2603 850 1
2607 6788 1
2609 3169 1
2611 27 1
2611 2874 1
2611 3163 1
2615 1700 1
2615 2748 1
2615 2872 1
2615 2959 1
2615 3275 1
2616 1401 1
2616 1522 1
2616 1600 1
2618 255 1
2621 1418 1
2621 3030 1
2621 452 1
2621 708 1
2624 1847 1
2624 2785 1
2624 3330 1
2627 2697 1
2627 2838 1
2628 3814 1
2630 4537 1
2632 6712 1
2637 2795 1
2641 2685 1
2643 1783 1
2643 2215 1
2644 3017 1
2644 3337 1
2647 1282 1
2647 1487 1
2647 2049 1
2647 2158 1
2647 3093 1
2647 316 1
2647 3396 1
2647 599 1
2649 3163 1
2650 1494 1
2650 1835 1
2650 226 1
2650 2309 1
2650 2360 1
2650 3538 1
2650 3569 1
2650 3665 1
2650 517 1
2657 2006 1
2657 298 1
2657 518 1
2657 6822 1
2662 1891 1
2662 2124 1
2662 614 1
2667 3107 1
2670 2795 1
2673 4218 1
2676 2168 1
2677 1769 1
2677 2089 1
2677 3435 1
2677 980 1
2679 57 1
2679 6184 1
2680 3060 1
2681 3278 1
2681 3279 1
2684 5209 1
2688 162 1
2688 2182 1
2688 2253 1
2688 2330 1
2688 2913 1
2688 3157 1
2688 3345 1
2688 3435 1
2688 3460 1
2688 518 1
2689 3474 1
2690 1532 1
2690 278 1
2691 2165 1
2691 2759 1
2691 2979 1
2691 543 1
2692 1569 1
2692 1783 1
2692 2776 1
2692 3144 1
2695 2249 1
2695 2715 1
2695 4037 1
2697 2627 1
2697 2838 1
2697 377 1
2697 3845 1
2699 2745 1
2699 719 1
2701 3164 1
2701 925 1
2702 3163 1
2702 3341 1
2703 1008 1
2703 2479 1
2703 2701 1
2703 2763 1
2703 3059 1
2703 3164 1
2703 4382 1
2703 85 1
2704 1562 1
2704 2460 1
2704 253 1
2704 2607 1
2704 3129 1
2704 3404 1
2704 4002 1
2704 682 1
2705 1328 1
2708 1153 1
2708 759 1
2709 3854 1
2709 5194 1
2710 1058 1
2710 107 1
2710 1353 1
2710 3188 1
2710 400 1
2712 1181 1
2712 1442 1
2712 2954 1
2712 379 1
2713 3266 1
2717 4422 1
2717 765 1
2719 1684 1
2719 1900 1
2719 2226 1
2719 2249 1
2719 2405 1
2719 5047 1
2719 536 1
2719 5903 1
2719 599 1
2719 624 1
2719 6462 1
2721 2623 1
2721 2958 1
2721 4963 1
2721 5582 1
2721 726 1
2721 850 1
2722 1466 1
2722 1972 1
2723 6696 1
2724 2832 1
2728 2017 1
2728 2919 1
2728 3657 1
2728 3659 1
2728 3926 1
2728 3951 1
2728 67 1
2730 2330 1
2730 376 1
2731 2462 1
2731 3383 1
2731 507 1
2733 2927 1
2735 3514 1
2736 1928 1
2736 5210 1
2736 751 1
2740 3164 1
2744 2761 1
2745 6714 1
2745 719 1
2748 1079 1
2748 1101 1
2748 1700 1
2748 1749 1
2748 2055 1
2748 2872 1
2748 2881 1
2748 2959 1
2748 3121 1
2748 3154 1
2748 3275 1
2748 3624 1
2748 5263 1
2754 1607 1
2754 2278 1
2755 2266 1
2755 2346 1
2755 242 1
2755 3324 1
2755 483 1
2755 5949 1
2758 1588 1
2758 2043 1
2758 2781 1
2758 2785 1
2758 3120 1
2758 4047 1
2758 4202 1
2758 4444 1
2758 4637 1
2758 518 1
2758 555 1
2758 605 1
2758 811 1
2758 825 1
2759 2165 1
2759 2691 1
2759 543 1
2762 687 1
2763 1207 1
2763 2703 1
2763 2983 1
2765 1085 1
2767 115 1
2767 3408 1
2770 1577 1
2770 1994 1
2772 1964 1
2772 2056 1
2772 2363 1
2772 3149 1
2772 3186 1
2772 3323 1
2772 3326 1
2772 360 1
2772 3894 1
2772 4161 1
2772 4402 1
2772 6471 1
2773 1606 1
2773 84 1
2776 1569 1
2776 1783 1
2776 1950 1
2776 197 1
2776 2215 1
2776 3055 1
2776 3144 1
2779 3301 1
2780 3429 1
2780 84 1
2781 1289 1
2781 1588 1
2781 2043 1
2781 2156 1
2781 2758 1
2781 2785 1
2781 3120 1
2781 3244 1
2781 4047 1
2781 4637 1
2781 518 1
2781 5547 1
2781 555 1
2781 605 1
2781 6974 1
2781 811 1
2781 825 1
2782 15 1
2782 244 1
2782 282 1
2782 39 1
2782 766 1
2785 1847 1
2785 2156 1
2785 2758 1
2785 3120 1
2785 3343 1
2785 5399 1
2789 2182 1
2789 4172 1
2789 5817 1
2789 592 1
2789 5937 1
2789 6336 1
2790 1085 1
2790 203 1
2790 271 1
2790 923 1
2797 3226 1
2799 6798 1
2799 6980 1
2799 6981 1
2799 722 1
2800 1299 1
2800 711 1
2802 1656 1
2802 2156 1
2802 3244 1
2803 4231 1
2804 275 1
2804 3219 1
2804 702 1
2804 912 1
2806 2017 1
2806 2537 1
2806 2576 1
2806 2728 1
2806 289 1
2806 2923 1
2806 3142 1
2806 3657 1
2806 4023 1
2806 418 1
2806 823 1
2806 845 1
2807 2913 1
2807 3573 1
2807 4225 1
2810 1110 1
2810 1482 1
2810 1637 1
2810 3157 1
2810 917 1
2811 3352 1
2814 3293 1
2815 1675 1
2815 2721 1
2818 1071 1
2818 3149 1
2818 369 1
2818 3712 1
2821 366 1
2821 445 1
2822 2882 1
2822 3683 1
2824 3000 1
2824 3325 1
2827 2890 1
2827 4393 1
2827 5906 1
2827 836 1
2829 524 1
2831 3679 1
2834 1005 1
2834 2721 1
2834 2954 1
2837 2653 1
2837 3898 1
2838 2627 1
2838 2697 1
2838 377 1
2838 3845 1
2839 3487 1
2842 2881 1
2842 3826 1
2843 1336 1
2843 1420 1
2843 1441 1
2843 1469 1
2843 1766 1
2843 2488 1
2843 312 1
2843 3344 1
2843 3471 1
2844 3005 1
2850 437 1
2851 1816 1
2851 2123 1
2858 4164 1
2861 1076 1
2861 2896 1
2861 3045 1
2862 3652 1
2862 6880 1
2863 4464 1
2864 2627 1
2864 2697 1
2864 2838 1
2865 1345 1
2865 1408 1
2865 1487 1
2865 2911 1
2865 3072 1
2868 1273 1
2868 335 1
2868 3529 1
2868 3929 1
2868 4115 1
2868 4171 1
2868 4324 1
2868 6104 1
2868 780 1
2868 859 1
2869 5949 1
2870 3098 1
2871 102 1
2871 1990 1
2871 2859 1
2871 3949 1
2871 6159 1
2872 2938 1
2872 2959 1
2873 1032 1
2873 1065 1
2873 116 1
2873 1312 1
2873 1684 1
2873 3167 1
2873 425 1
2874 230 1
2874 27 1
2874 2882 1
2874 3163 1
2874 3398 1
2874 424 1
2874 696 1
2881 1079 1
2881 1700 1
2882 1200 1
2882 1212 1
2882 3104 1
2882 3398 1
2882 347 1
2882 3683 1
2882 424 1
2882 5263 1
2882 550 1
2882 628 1
2889 3148 1
2890 2827 1
2890 4393 1
2890 5906 1
2890 836 1
2891 1213 1
2891 1543 1
2891 2205 1
2891 3181 1
2891 3911 1
2891 5053 1
2891 5142 1
2891 608 1
2891 961 1
2894 3685 1
2894 3769 1
2894 5903 1
2894 599 1
2896 3525 1
2902 1607 1
2902 2278 1
2902 2754 1
2903 455 1
2904 1510 1
2905 3196 1
2910 2229 1
2910 5960 1
2910 6329 1
2911 1345 1
2911 1408 1
2911 1487 1
2911 3072 1
2913 1027 1
2913 1543 1
2913 3357 1
2913 3460 1
2913 3573 1
2913 3648 1
2913 3973 1
2919 2579 1
2919 2728 1
2919 3659 1
2919 3926 1
2919 3951 1
2920 1322 1
2920 3466 1
2923 2537 1
2923 2576 1
2926 2374 1
2926 3544 1
2926 3886 1
2926 3923 1
2926 3950 1
2926 3995 1
2926 3996 1
2926 4274 1
2926 5921 1
2928 527 1
2928 6899 1
2928 9 1
2929 3955 1
2938 2959 1
2940 1397 1
2940 1443 1
2941 3052 1
2941 4093 1
2943 3077 1
2945 1733 1
2945 2028 1
2945 3138 1
2945 405 1
2947 1252 1
2947 1960 1
2947 3097 1
2947 949 1
2950 1640 1
2954 1033 1
2954 1780 1
2954 2712 1
2954 3033 1
2954 379 1
2955 3188 1
2959 2091 1
2959 2286 1
2959 3044 1
2959 391 1
2960 2132 1
2960 2688 1
2960 2913 1
2960 3435 1
2960 3460 1
2968 1031 1
2968 1213 1
2968 2134 1
2968 4124 1
2970 1932 1
2970 3295 1
2970 546 1
2977 3521 1
2979 2165 1
2979 2546 1
2979 2691 1
2979 2759 1
2979 543 1
2980 7043 1
2981 3458 1
2983 1108 1
2983 1253 1
2983 1453 1
2983 1641 1
2983 1744 1
2983 2703 1
2983 3183 1
2983 3230 1
2983 3689 1
2983 3727 1
2984 2155 1
2986 3734 1
2986 4038 1
2987 1417 1
2988 5287 1
2988 662 1
2992 3576 1
2996 6432 1
2999 1782 1
2999 964 1
3000 3325 1
3001 3258 1
3002 6978 1
3003 1801 1
3003 992 1
3008 1336 1
3008 1469 1
3008 312 1
3009 3138 1
3014 5192 1
3014 5992 1
3015 1950 1
3015 197 1
3015 2006 1
3015 2241 1
3015 2657 1
3015 3252 1
3015 518 1
3016 3378 1
3017 2182 1
3017 2253 1
3017 2330 1
3017 2485 1
3017 3337 1
3017 4246 1
3017 5960 1
3017 6194 1
3018 4051 1
3019 3935 1
3020 1001 1
3020 3679 1
3020 6130 1
3020 642 1
3023 1875 1
3023 213 1
3023 3067 1
3023 3170 1
3024 1510 1
3026 2282 1
3026 2296 1
3026 3246 1
3026 3766 1
3028 122 1
3028 2025 1
3028 3925 1
3031 1241 1
3031 4287 1
3031 950 1
3033 1033 1
3033 1780 1
3033 2712 1
3033 379 1
3038 2314 1
3039 11 1
3039 3566 1
3042 1022 1
3042 1157 1
3042 2081 1
3042 2423 1
3042 3432 1
3042 980 1
3044 2091 1
3044 2224 1
3044 2286 1
3044 3095 1
3044 3731 1
3044 3739 1
3044 391 1
3044 6908 1
3045 1076 1
3047 3753 1
3052 195 1
3052 4367 1
3052 4368 1
3052 86 1
3055 3144 1
3057 1196 1
3057 2815 1
3057 565 1
3057 850 1
3058 1022 1
3058 1593 1
3058 2423 1
3058 605 1
3058 980 1
3060 3078 1
3063 1634 1
3063 2005 1
3067 213 1
3067 3170 1
3067 438 1
3067 624 1
3067 838 1
3071 4467 1
3072 1345 1
3072 1408 1
3072 1487 1
3078 3450 1
3078 4018 1
3079 1372 1
3079 1450 1
3079 3341 1
3088 1022 1
3088 1593 1
3088 1674 1
3088 2423 1
3088 3058 1
3088 3191 1
3088 361 1
3088 38 1
3088 605 1
3088 980 1
3093 2158 1
3093 316 1
3093 3396 1
3094 2284 1
3094 2537 1
3094 2576 1
3094 2806 1
3094 2923 1
3094 3142 1
3094 3650 1
3094 823 1
3097 1782 1
3097 1960 1
3097 222 1
3097 3690 1
3097 949 1
3100 722 1
3101 2144 1
3101 3725 1
3101 912 1
3104 1200 1
3104 1212 1
3104 1876 1
3104 2488 1
3104 2882 1
3104 347 1
3104 3683 1
3104 424 1
3104 5263 1
3104 628 1
3104 696 1
3106 1826 1
3106 469 1
3106 6060 1
3108 2563 1
3111 188 1
3111 3416 1
3112 3264 1
3112 3597 1
3120 1588 1
3120 2043 1
3120 2758 1
3120 2781 1
3120 2785 1
3120 3504 1
3120 4047 1
3120 4637 1
3120 518 1
3120 5547 1
3120 555 1
3120 605 1
3120 825 1
3121 2748 1
3121 865 1
3125 3662 1
3125 3691 1
3125 3729 1
3129 1562 1
3129 2607 1
3131 1481 1
3131 1705 1
3131 3829 1
3133 3446 1
3136 5269 1
3136 6768 1
3138 1079 1
3138 405 1
3142 2017 1
3142 2728 1
3142 3657 1
3143 20 1
3145 1066 1
3145 2036 1
3149 1071 1
3149 369 1
3149 3712 1
3149 3765 1
3149 6131 1
3152 1772 1
3152 1859 1
3152 2593 1
3152 98 1
3157 1482 1
3157 1637 1
3157 3345 1
3157 3435 1
3160 1211 1
3163 1458 1
3163 2611 1
3163 27 1
3163 2874 1
3163 3341 1
3163 3453 1
3163 5348 1
3163 883 1
3164 2701 1
3164 2740 1
3164 3230 1
3164 4382 1
3164 925 1
3167 1065 1
3167 116 1
3167 2873 1
3167 425 1
3170 1641 1
3170 1875 1
3170 213 1
3170 3023 1
3170 3067 1
3170 3230 1
3170 438 1
3170 5960 1
3170 624 1
3170 6599 1
3170 702 1
3170 838 1
3171 3996 1
3171 6701 1
3173 2009 1
3173 2032 1
3173 3058 1
3173 3430 1
3173 701 1
3175 2061 1
3176 5948 1
3178 2912 1
3183 1108 1
3183 1641 1
3183 1744 1
3183 2226 1
3183 3230 1
3183 3689 1
3183 3727 1
3183 5303 1
3183 5304 1
3183 998 1
3184 1110 1
3184 1482 1
3184 1637 1
3184 2129 1
3184 2343 1
3184 2810 1
3184 3157 1
3184 3731 1
3184 917 1
3186 360 1
3188 1058 1
3188 107 1
3188 1353 1
3188 2710 1
3188 3392 1
3188 400 1
3191 1593 1
3191 2368 1
3191 3088 1
3191 6097 1
3198 3341 1
3201 5365 1
3203 199 1
3207 2346 1
3207 3824 1
3207 5949 1
3207 711 1
3207 937 1
3208 3286 1
3209 3245 1
3210 3139 1
3212 3218 1
3219 702 1
3219 912 1
3220 3413 1
3220 3439 1
3225 2020 1
3226 2763 1
3226 395 1
3226 934 1
3230 1108 1
3230 1744 1
3230 2228 1
3230 2763 1
3230 3689 1
3230 3727 1
3230 395 1
3230 998 1
3231 1039 1
3231 1994 1
3235 455 1
3239 1633 1
3239 4312 1
3244 1656 1
3244 2156 1
3245 1013 1
3245 3209 1
3248 1607 1
3248 2278 1
3248 2754 1
3248 2902 1
3252 197 1
3252 2241 1
3252 2657 1
3252 518 1
3254 1674 1
3254 3650 1
3256 850 1
3264 3597 1
3278 3279 1
3291 6765 1
3291 6797 1
3293 2203 1
3293 2814 1
3293 481 1
3311 1003 1
3311 2246 1
3314 1241 1
3314 1687 1
3315 289 1
3315 45 1
3315 534 1
3318 3031 1
3318 4287 1
3321 375 1
3323 3326 1
3324 242 1
3324 483 1
3324 5312 1
3326 2772 1
3326 3323 1
3327 1415 1
3327 143 1
3327 234 1
3327 267 1
3327 64 1
3327 770 1
3334 5312 1
3335 3900 1
3335 5109 1
3337 2182 1
3337 2253 1
3337 2330 1
3337 2355 1
3337 3017 1
3338 2458 1
3338 3136 1
3338 3581 1
3338 3711 1
3339 1079 1
3339 1700 1
3339 1868 1
3339 2748 1
3339 3624 1
3341 1128 1
3341 1372 1
3341 1458 1
3341 1964 1
3341 3163 1
3341 5348 1
3343 1847 1
3343 2156 1
3343 3895 1
3343 4855 1
3344 2843 1
3345 3435 1
3347 1443 1
3347 3805 1
3347 3987 1
3354 2049 1
3354 4239 1
3354 5900 1
3379 3674 1
3379 6325 1
3382 980 1
3383 2462 1
3383 507 1
3385 3997 1
3385 733 1
3385 852 1
3387 4149 1
3387 4358 1
3396 1224 1
3396 1487 1
3396 1558 1
3396 1757 1
3396 1764 1
3396 4398 1
3396 958 1
3398 230 1
3398 2874 1
3398 2882 1
3398 3104 1
3398 424 1
3402 2626 1
3402 44 1
3402 850 1
3403 55 1
3404 1562 1
3404 203 1
3404 2288 1
3404 518 1
3404 722 1
3408 115 1
3408 2015 1
3408 3697 1
3408 4650 1
3408 5166 1
3408 6194 1
3415 1298 1
3415 6880 1
3420 970 1
3422 3961 1
3422 4118 1
3429 84 1
3429 906 1
3430 2032 1
3430 3058 1
3432 1022 1
3432 1087 1
3432 2009 1
3432 2032 1
3432 2081 1
3432 2423 1
3432 304 1
3432 3058 1
3432 3173 1
3432 701 1
3432 980 1
3435 162 1
3435 1830 1
3435 2065 1
3435 2089 1
3435 2182 1
3435 2253 1
3435 2330 1
3435 2688 1
3435 2913 1
3435 3460 1
3435 518 1
3435 6690 1
3436 1085 1
3436 600 1
3438 1924 1
3438 2053 1
3438 2096 1
3438 2115 1
3438 3927 1
3442 1040 1
3442 1355 1
3442 1363 1
3442 1876 1
3442 2488 1
3444 1676 1
3452 2914 1
3452 6138 1
3453 1128 1
3453 1964 1
3453 2702 1
3453 3163 1
3453 3341 1
3453 5348 1
3455 2085 1
3458 1167 1
3458 1304 1
3458 1636 1
3458 1905 1
3458 2256 1
3458 2590 1
3458 3931 1
3458 462 1
3461 3647 1
3462 84 1
3464 3490 1
3464 3685 1
3465 782 1
3466 1322 1
3470 3579 1
3470 3753 1
3470 911 1
3471 1336 1
3471 1420 1
3471 1441 1
3471 1469 1
3471 1766 1
3471 2488 1
3471 2843 1
3471 312 1
3474 3709 1
3474 647 1
3479 2021 1
3479 627 1
3487 6811 1
3490 1541 1
3490 2023 1
3495 3927 1
3501 4059 1
3513 3619 1
3513 3643 1
3513 3749 1
3515 6094 1
3518 6754 1
3521 1972 1
3521 2977 1
3523 4685 1
3525 1076 1
3525 2861 1
3525 2896 1
3529 1273 1
3529 335 1
3529 4115 1
3529 6104 1
3529 859 1
3538 1494 1
3538 1835 1
3538 2176 1
3538 226 1
3538 2309 1
3538 3609 1
3538 3946 1
3538 4081 1
3538 6035 1
3543 1027 1
3543 2913 1
3543 3055 1
3543 6719 1
3545 3576 1
3552 6809 1
3555 2407 1
3555 4029 1
3555 428 1
3555 5142 1
3556 2052 1
3556 26 1
3556 2803 1
3556 3718 1
3556 4230 1
3556 5392 1
3563 2807 1
3563 3573 1
3563 3715 1
3563 4225 1
3563 850 1
3569 2360 1
3571 5118 1
3571 5134 1
3571 889 1
3572 780 1
3573 2807 1
3573 3715 1
3573 4225 1
3578 790 1
3579 1584 1
3579 2244 1
3579 2305 1
3579 333 1
3579 3714 1
3579 3753 1
3579 518 1
3579 911 1
3581 2458 1
3581 3136 1
3581 3711 1
3586 158 1
3586 1843 1
3586 2127 1
3586 2423 1
3586 2498 1
3586 2939 1
3586 6905 1
3586 980 1
3590 15 1
3590 766 1
3595 261 1
3595 3769 1
3595 4336 1
3595 874 1
3596 3662 1
3596 3729 1
3596 4636 1
3597 1295 1
3597 1859 1
3597 3112 1
3597 6750 1
3597 811 1
3599 1299 1
3599 2800 1
3599 369 1
3599 711 1
3600 6001 1
3601 433 1
3601 6001 1
3601 6056 1
3605 1319 1
3605 3630 1
3605 395 1
3605 5220 1
3609 2176 1
3609 3538 1
3609 3946 1
3609 4081 1
3609 6035 1
3611 1108 1
3611 1293 1
3611 5166 1
3611 5416 1
3611 592 1
3612 2679 1
3612 4014 1
3616 1891 1
3616 2124 1
3616 2478 1
3616 4979 1
3616 614 1
3616 930 1
3616 932 1
3619 289 1
3619 3749 1
3619 4022 1
3624 1079 1
3624 1700 1
3624 1868 1
3624 2748 1
3625 3762 1
3625 4059 1
3625 4169 1
3625 5929 1
3629 3769 1
3630 2170 1
3630 2763 1
3630 2983 1
3630 3723 1
3630 395 1
3635 3999 1
3637 6159 1
3643 289 1
3643 3619 1
3643 3749 1
3643 4022 1
3647 1523 1
3647 1593 1
3647 1617 1
3647 1674 1
3647 361 1
3648 1027 1
3648 1543 1
3648 3973 1
3650 1299 1
3650 1348 1
3650 2360 1
3650 4024 1
3650 983 1
3651 1738 1
3651 3660 1
3656 5234 1
3659 2017 1
3659 2579 1
3659 2728 1
3659 2806 1
3659 3142 1
3659 3657 1
3659 3926 1
3659 3951 1
3659 845 1
3660 1738 1
3661 3682 1
3662 1108 1
3662 1538 1
3662 2481 1
3662 3125 1
3662 3335 1
3662 3691 1
3662 3729 1
3662 4636 1
3664 5047 1
3671 2120 1
3671 3673 1
3671 74 1
3672 3703 1
3672 3705 1
3672 3939 1
3673 2120 1
3673 74 1
3674 6325 1
3677 2763 1
3677 3723 1
3677 523 1
3682 3729 1
3685 3769 1
3686 6770 1
3689 3965 1
3689 4412 1
3689 704 1
3691 3125 1
3691 3729 1
3697 2481 1
3697 5166 1
3701 6227 1
3703 3672 1
3703 3705 1
3703 3939 1
3705 3672 1
3705 3703 1
3705 3939 1
3706 2059 1
3711 2458 1
3711 3136 1
3713 1071 1
3713 2818 1
3713 3149 1
3713 369 1
3713 3712 1
3715 2807 1
3715 2913 1
3715 3573 1
3715 4225 1
3717 1674 1
3717 3088 1
3717 361 1
3717 38 1
3723 2170 1
3723 2763 1
3723 2983 1
3723 3448 1
3723 3677 1
3723 395 1
3723 523 1
3727 1538 1
3727 2983 1
3727 3183 1
3729 2108 1
3729 2558 1
3729 3661 1
3729 3662 1
3729 3682 1
3729 3713 1
3729 3735 1
3729 3921 1
3729 4636 1
3731 1110 1
3731 1482 1
3731 2810 1
3731 3157 1
3731 364 1
3731 3739 1
3731 917 1
3735 2558 1
3735 3713 1
3738 2261 1
3738 4979 1
3738 848 1
3739 2091 1
3739 2224 1
3739 3044 1
3739 364 1
3739 3731 1
3742 4326 1
3746 1228 1
3746 2473 1
3746 395 1
3746 428 1
3746 6975 1
3748 3797 1
3749 289 1
3749 4022 1
3753 911 1
3762 2806 1
3762 3625 1
3762 4036 1
3762 418 1
3762 5929 1
3762 5935 1
3763 2124 1
3763 2478 1
3763 3764 1
3764 1964 1
3764 2124 1
3764 2478 1
3764 3763 1
3765 6131 1
3766 2144 1
3766 3026 1
3766 6381 1
3769 1523 1
3769 2894 1
3769 3685 1
3769 599 1
3769 6484 1
3774 1744 1
3774 2282 1
3775 4657 1
3788 1691 1
3788 248 1
3791 214 1
3791 5122 1
3793 1147 1
3793 1367 1
3793 2139 1
3793 3412 1
3793 4110 1
3793 816 1
3795 3239 1
3795 554 1
3797 4166 1
3798 1399 1
3798 1924 1
3798 548 1
3801 5123 1
3805 1443 1
3805 1532 1
3805 1598 1
3805 3347 1
3805 3987 1
3810 5126 1
3810 5357 1
3813 5931 1
3820 6597 1
3829 1705 1
3833 1723 1
3833 2175 1
3833 6155 1
3833 86 1
3845 2627 1
3845 377 1
3865 1859 1
3865 3112 1
3865 3597 1
3879 256 1
3879 2782 1
3879 568 1
3882 1665 1
3900 428 1
3911 1213 1
3911 1526 1
3911 1543 1
3911 2134 1
3911 5053 1
3911 5142 1
3911 5689 1
3911 608 1
3911 961 1
3912 858 1
3921 599 1
3923 2374 1
3923 2926 1
3926 2579 1
3926 2728 1
3926 3951 1
3929 4324 1
3931 2590 1
3939 3704 1
3946 1526 1
3946 2176 1
3946 3538 1
3946 3609 1
3946 4081 1
3946 6035 1
3950 5921 1
3951 214 1
3951 2579 1
3951 2728 1
3951 3659 1
3961 4118 1
3965 1891 1
3965 2124 1
3965 3616 1
3965 4369 1
3965 4412 1
3965 704 1
3965 932 1
3980 1909 1
3987 1443 1
3987 2378 1
3987 3347 1
3987 3805 1
3995 2374 1
3995 2926 1
3996 1515 1
3996 2043 1
3996 2374 1
3996 6701 1
3996 811 1
3996 825 1
3997 4245 1
3997 733 1
3997 852 1
3998 1528 1
3998 382 1
3999 261 1
3999 3635 1
3999 416 1
4009 1914 1
4009 482 1
4009 5388 1
4014 2679 1
4027 1711 1
4029 2407 1
4029 3555 1
4029 428 1
4029 5142 1
4036 3625 1
4036 5929 1
4052 5359 1
4059 4169 1
4059 5929 1
4077 317 1
4077 3385 1
4081 2176 1
4081 3538 1
4081 3609 1
4081 3946 1
4082 2374 1
4082 2926 1
4082 3886 1
4082 3995 1
4086 4188 1
4106 4121 1
4111 4264 1
4139 2037 1
4149 4358 1
4161 31 1
4161 716 1
4161 729 1
4169 5929 1
4171 1273 1
4171 335 1
4171 3529 1
4171 4115 1
4171 6104 1
4171 859 1
4172 2182 1
4172 2789 1
4172 3012 1
4172 5817 1
4172 592 1
4172 5937 1
4172 6336 1
4202 2781 1
4202 2785 1
4202 3120 1
4202 4637 1
4202 605 1
4214 1994 1
4214 6060 1
4214 926 1
4222 1168 1
4222 1715 1
4222 385 1
4225 2913 1
4225 3573 1
4230 2052 1
4230 26 1
4230 2803 1
4230 5392 1
4245 1953 1
4245 3997 1
4245 5240 1
4245 733 1
4276 1293 1
4276 174 1
4276 2287 1
4276 311 1
4276 998 1
4284 6094 1
4287 1241 1
4287 3031 1
4309 1565 1
4309 385 1
4312 1633 1
4312 261 1
4313 1644 1
4319 261 1
4319 3595 1
4319 3769 1
4319 4336 1
4321 1633 1
4321 1710 1
4321 2290 1
4321 261 1
4321 3239 1
4321 3595 1
4321 376 1
4321 3769 1
4321 4312 1
4321 4319 1
4321 4336 1
4321 6325 1
4362 4363 1
4367 4368 1
4367 5937 1
4369 6015 1
4369 6843 1
4380 4970 1
4412 704 1
4420 1498 1
4420 3991 1
4420 4514 1
4439 1066 1
4439 2152 1
4444 2781 1
4444 2785 1
4444 3120 1
4444 4202 1
4444 4637 1
4444 605 1
4513 990 1
4546 1588 1
4546 2758 1
4546 2781 1
4546 3120 1
4546 555 1
4560 1368 1
4560 5931 1
4560 5935 1
4563 4593 1
4588 2188 1
4588 2506 1
4588 2537 1
4649 3448 1
4649 3677 1
4649 3723 1
4649 523 1
4651 1408 1
4651 1487 1
4651 1593 1
4651 3396 1
4651 5328 1
4666 5255 1
4668 6597 1
4669 1427 1
4697 486 1
4717 1950 1
4717 197 1
4717 2006 1
4717 298 1
4717 518 1
4717 6959 1
4747 6092 1
4841 6150 1
4855 2156 1
4855 2894 1
4855 3685 1
4855 3769 1
4855 5903 1
4954 1631 1
4963 5582 1
4964 4970 1
4979 2261 1
4979 6403 1
4979 848 1
5010 2995 1
5023 1299 1
5023 3014 1
5023 5992 1
5053 1213 1
5053 5142 1
5053 608 1
5053 961 1
5107 1108 1
5107 1641 1
5107 2481 1
5117 1828 1
5117 639 1
5118 3571 1
5118 5134 1
5118 889 1
5122 214 1
5122 3791 1
5127 3256 1
5127 850 1
5133 1336 1
5133 6404 1
5134 889 1
5142 115 1
5142 1400 1
5142 2015 1
5142 228 1
5142 2371 1
5142 2407 1
5142 3408 1
5142 3697 1
5142 382 1
5142 428 1
5142 4650 1
5142 5166 1
5142 5308 1
5142 6194 1
5142 6534 1
5142 682 1
5154 2164 1
5154 456 1
5154 48 1
5156 6159 1
5166 1108 1
5166 1293 1
5166 2481 1
5166 5416 1
5167 254 1
5179 3846 1
5179 503 1
5190 77 1
5192 1299 1
5192 3014 1
5192 5992 1
5197 2170 1
5197 2763 1
5197 2983 1
5197 3630 1
5197 3723 1
5197 395 1
5207 1979 1
5207 428 1
5207 7034 1
5210 751 1
5216 5246 1
5216 6754 1
5217 3883 1
5227 1110 1
5227 1482 1
5227 1637 1
5227 2810 1
5227 3157 1
5227 3184 1
5227 3731 1
5227 917 1
5234 2640 1
5234 6861 1
5234 84 1
5240 1953 1
5240 3997 1
5240 4245 1
5240 733 1
5246 2288 1
5247 1226 1
5247 1953 1
5247 215 1
5253 5258 1
5290 115 1
5290 1744 1
5290 2481 1
5290 254 1
5290 3697 1
5290 592 1
5303 2226 1
5304 998 1
5305 6066 1
5308 2371 1
5308 428 1
5312 242 1
5312 3324 1
5328 1487 1
5328 1593 1
5328 3396 1
5346 1410 1
5348 1128 1
5348 1964 1
5348 2702 1
5348 3163 1
5348 3341 1
5348 3453 1
5367 620 1
5387 2118 1
5387 572 1
5387 860 1
5388 1914 1
5388 482 1
5392 2259 1
5392 26 1
5392 2803 1
5393 998 1
5416 1293 1
5429 1425 1
5429 3439 1
5433 2713 1
5433 3266 1
5434 2882 1
5434 424 1
5434 496 1
5469 1924 1
5469 3798 1
5538 998 1
5547 1588 1
5547 2758 1
5547 2781 1
5547 2785 1
5547 3120 1
5583 2282 1
5583 3774 1
5583 3888 1
5583 4140 1
5597 1915 1
5597 2548 1
5597 3296 1
5689 1526 1
5689 2134 1
5789 1994 1
5789 4214 1
5847 1342 1
5847 1460 1
5879 1299 1
5879 2360 1
5898 2260 1
5898 2366 1
5903 1684 1
5903 3685 1
5903 3769 1
5906 2827 1
5918 367 1
5923 1505 1
5923 6790 1
5923 6791 1
5929 2806 1
5929 3625 1
5929 3762 1
5929 418 1
5930 5935 1
5930 6144 1
5931 1368 1
5931 5935 1
5949 2869 1
5949 711 1
5949 731 1
5949 937 1
5954 1453 1
5954 2191 1
5954 599 1
5954 847 1
5957 1299 1
5957 2764 1
5957 5992 1
5957 5995 1
5960 1821 1
5960 213 1
5960 2229 1
5960 3023 1
5960 3067 1
5960 438 1
5960 6329 1
5960 838 1
5989 1494 1
5989 2679 1
5989 3674 1
5989 3949 1
5989 57 1
5992 1275 1
5992 1299 1
5992 1712 1
5992 1908 1
5992 2382 1
5992 3014 1
5995 1299 1
5995 2048 1
5995 2764 1
5995 5957 1
5995 5992 1
6001 2144 1
6001 2588 1
6001 3600 1
6001 495 1
6035 2176 1
6035 3538 1
6035 3609 1
6035 3946 1
6035 4081 1
6060 1994 1
6060 469 1
6060 926 1
6073 1482 1
6073 1637 1
6073 2256 1
6074 1700 1
6074 2055 1
6074 2748 1
6091 6353 1
6094 116 1
6094 1684 1
6097 1593 1
6120 6212 1
6127 139 1
6127 2109 1
6128 254 1
6128 5167 1
6130 3020 1
6132 1532 1
6132 1598 1
6132 3355 1
6132 6235 1
6138 2914 1
6155 2175 1
6155 86 1
6159 102 1
6159 1893 1
6159 1990 1
6159 2859 1
6159 3637 1
6159 6289 1
6164 2279 1
6164 4306 1
6188 130 1
6188 214 1
6188 86 1
6209 1979 1
6209 428 1
6209 5207 1
6209 7034 1
6224 2018 1
6224 238 1
6224 595 1
6235 1532 1
6235 3355 1
6236 4369 1
6236 6015 1
6236 6843 1
6306 130 1
6306 2408 1
6306 6003 1
6306 6052 1
6306 623 1
6325 1835 1
6325 2309 1
6325 4321 1
6336 2182 1
6336 2789 1
6336 3012 1
6336 4367 1
6336 5817 1
6336 5937 1
6348 1821 1
6348 5803 1
6360 1065 1
6360 116 1
6360 1770 1
6360 2873 1
6360 3167 1
6360 425 1
6370 2679 1
6370 57 1
6381 2144 1
6404 1336 1
6411 3239 1
6411 678 1
6411 682 1
6411 861 1
6456 1848 1
6456 5881 1
6471 2772 1
6508 3762 1
6508 5935 1
6534 1400 1
6534 428 1
6599 1543 1
6599 3905 1
6599 803 1
6693 2460 1
6693 3882 1
6696 2723 1
6701 3171 1
6701 3996 1
6712 1423 1
6712 2632 1
6719 1027 1
6719 2913 1
6719 3055 1
6729 1138 1
6754 3518 1
6754 6814 1
6755 6756 1
6765 6797 1
6774 1924 1
6774 2053 1
6774 2215 1
6774 2352 1
6774 3428 1
6784 422 1
6787 2184 1
6787 3472 1
6790 6791 1
6791 1505 1
6791 6790 1
6798 2799 1
6798 6980 1
6798 6981 1
6798 722 1
6800 1640 1
6814 3518 1
6814 6754 1
6821 1924 1
6822 2006 1
6822 298 1
6822 518 1
6843 6015 1
6880 1298 1
6899 527 1
6899 9 1
6905 2127 1
6905 2423 1
6959 1950 1
6959 197 1
6959 2006 1
6959 2657 1
6959 298 1
6959 518 1
6959 6822 1
6974 1289 1
6974 2156 1
6974 2781 1
6974 3120 1
6974 3244 1
6975 1228 1
6975 2473 1
6975 395 1
6980 2799 1
6980 6798 1
6980 6981 1
6981 2799 1
6981 6798 1
6982 2281 1
6982 375 1
