3 1258 1
3 1853 1
3 2252 1
3 3120 1
3 3504 1
3 971 1
4 2509 1
4 3137 1
5 2957 1
6 1515 1
6 3189 1
6 3597 1
8 22 1
10 2726 1
10 2748 1
10 3121 1
11 3566 1
11 420 1
12 1488 1
12 1711 1
12 201 1
14 364 1
14 77 1
15 1610 1
15 2279 1
15 282 1
15 3590 1
15 5306 1
15 766 1
16 2333 1
18 2229 1
18 2330 1
18 921 1
19 1096 1
20 3143 1
22 357 1
24 1035 1
24 147 1
24 1748 1
24 1798 1
24 1963 1
24 2098 1
24 2575 1
24 2846 1
24 3257 1
24 3413 1
24 3439 1
24 430 1
24 5178 1
24 636 1
24 880 1
27 2559 1
27 2562 1
27 2611 1
27 2661 1
27 2874 1
27 3104 1
27 3163 1
27 3683 1
27 424 1
27 514 1
27 524 1
30 2181 1
30 47 1
31 3222 1
31 3601 1
31 3945 1
32 3312 1
32 407 1
32 620 1
33 2517 1
36 1390 1
36 1705 1
36 806 1
37 2374 1
37 2834 1
37 2926 1
37 3189 1
38 1593 1
38 1674 1
38 2368 1
38 3088 1
38 361 1
38 3717 1
41 1990 1
41 2323 1
41 2787 1
41 3099 1
43 1872 1
43 2031 1
43 2506 1
44 1122 1
44 2721 1
46 571 1
47 2181 1
47 808 1
48 1075 1
48 1418 1
48 1819 1
48 2164 1
48 2515 1
48 2763 1
48 3000 1
48 3230 1
48 395 1
48 4801 1
49 1812 1
50 1671 1
50 3263 1
54 428 1
55 1344 1
55 1442 1
55 1698 1
55 1875 1
55 3312 1
55 846 1
55 993 1
56 1622 1
57 2679 1
57 596 1
59 486 1
61 1536 1
61 501 1
64 1590 1
64 6738 1
65 3100 1
67 1234 1
67 3458 1
70 2187 1
70 367 1
71 1019 1
71 130 1
71 1658 1
71 1964 1
71 2150 1
71 2658 1
71 292 1
71 4122 1
71 4486 1
71 5296 1
71 778 1
74 3671 1
74 3673 1
75 2438 1
75 3100 1
77 364 1
81 1515 1
81 1673 1
83 1468 1
83 1580 1
83 1890 1
83 2092 1
83 2161 1
83 2693 1
83 2931 1
83 683 1
84 1099 1
84 1606 1
84 2600 1
84 2640 1
84 2773 1
84 3002 1
84 3302 1
84 3429 1
84 3462 1
84 3516 1
84 6142 1
84 617 1
84 906 1
86 1333 1
86 1362 1
86 1909 1
86 195 1
86 2056 1
86 2244 1
86 2941 1
86 297 1
86 3052 1
86 3685 1
86 3769 1
86 4187 1
86 4263 1
86 6327 1
86 766 1
88 1047 1
88 935 1
94 1433 1
98 1859 1
98 2133 1
98 3360 1
98 3761 1
98 495 1
98 604 1
100 1023 1
100 1487 1
100 2176 1
100 2865 1
100 3396 1
100 736 1
106 1413 1
106 3841 1
106 758 1
107 1353 1
107 2710 1
110 1434 1
110 3171 1
111 2809 1
116 1644 1
116 1684 1
116 2049 1
116 316 1
116 3921 1
116 425 1
116 6462 1
122 2025 1
124 1040 1
127 1651 1
128 1001 1
128 317 1
130 1266 1
130 1585 1
130 1658 1
130 1928 1
130 2150 1
130 2558 1
130 2658 1
130 3049 1
130 4486 1
130 453 1
130 607 1
130 71 1
130 778 1
130 861 1
132 747 1
132 759 1
135 1275 1
135 1684 1
135 2014 1
135 2800 1
135 599 1
135 6094 1
135 855 1
136 3083 1
138 1020 1
140 2103 1
141 1306 1
141 1641 1
141 2386 1
141 2481 1
143 2055 1
143 234 1
143 267 1
143 3327 1
143 534 1
143 605 1
144 1930 1
147 1035 1
150 1783 1
150 1988 1
150 2021 1
151 2522 1
153 2330 1
153 2355 1
158 1843 1
158 2127 1
158 2498 1
158 2939 1
158 3637 1
158 3950 1
158 657 1
161 1002 1
161 1397 1
161 1443 1
161 1899 1
161 2530 1
161 2690 1
161 3195 1
162 2182 1
162 2330 1
162 2355 1
162 2485 1
162 2688 1
162 3435 1
162 921 1
165 1783 1
165 2021 1
166 494 1
169 518 1
174 1487 1
174 231 1
174 703 1
174 842 1
181 1858 1
181 1984 1
181 2469 1
183 2358 1
183 2369 1
183 3725 1
183 4199 1
183 912 1
185 1765 1
185 2032 1
185 2405 1
185 3273 1
185 3317 1
185 5196 1
185 6214 1
185 715 1
186 1939 1
187 1451 1
187 2517 1
187 2604 1
188 213 1
188 3023 1
188 3067 1
188 3170 1
188 438 1
188 624 1
188 838 1
191 238 1
194 1584 1
194 1705 1
194 518 1
194 855 1
194 866 1
194 905 1
195 2941 1
195 3052 1
195 4187 1
195 4367 1
195 4663 1
197 1679 1
197 1950 1
197 2913 1
197 2919 1
203 2169 1
203 722 1
205 1548 1
205 1876 1
205 1919 1
206 2362 1
207 1233 1
209 1490 1
210 6715 1
210 743 1
212 213 1
212 214 1
212 2364 1
212 2578 1
212 5428 1
212 619 1
213 3023 1
213 3170 1
213 438 1
213 619 1
213 624 1
213 838 1
213 856 1
213 960 1
214 2578 1
214 5428 1
221 1085 1
221 1755 1
222 1910 1
222 296 1
222 3184 1
227 368 1
227 532 1
231 1487 1
231 599 1
231 703 1
234 1415 1
234 2641 1
234 274 1
234 3792 1
235 2079 1
238 3140 1
238 3332 1
241 2517 1
241 824 1
242 1185 1
242 1374 1
242 3205 1
242 3324 1
242 878 1
244 5144 1
244 6092 1
245 1767 1
245 2331 1
245 357 1
248 2515 1
248 3254 1
248 364 1
248 4148 1
251 1399 1
251 225 1
251 3353 1
252 2667 1
252 2704 1
254 1344 1
254 1641 1
254 2015 1
254 2226 1
254 2249 1
254 2282 1
254 2481 1
254 2767 1
254 3017 1
254 3380 1
254 3408 1
254 5290 1
254 5955 1
254 942 1
255 1518 1
255 5915 1
256 1511 1
256 1764 1
256 2703 1
256 470 1
257 1562 1
257 2823 1
261 2259 1
261 2515 1
261 3647 1
261 376 1
261 3769 1
261 416 1
261 4312 1
261 4313 1
261 4319 1
261 4321 1
261 4324 1
261 4336 1
261 4369 1
261 6160 1
261 6210 1
261 671 1
263 1103 1
263 1252 1
263 1872 1
263 2362 1
263 2742 1
263 3035 1
263 3166 1
263 949 1
264 135 1
264 1684 1
264 5930 1
264 599 1
264 6094 1
264 6144 1
269 5217 1
271 1085 1
271 2790 1
274 1415 1
274 2641 1
275 2804 1
275 698 1
275 702 1
276 1054 1
276 2045 1
276 2506 1
278 1532 1
278 2690 1
279 2453 1
279 3025 1
279 4140 1
279 4277 1
281 1041 1
281 2360 1
281 2650 1
282 1064 1
282 1610 1
282 2279 1
282 5306 1
282 766 1
287 1605 1
289 3513 1
289 3619 1
289 3749 1
291 2265 1
291 3322 1
292 1658 1
292 1950 1
292 2150 1
292 2658 1
292 729 1
296 1910 1
297 766 1
298 1189 1
298 2006 1
298 2241 1
298 2657 1
298 2870 1
298 518 1
298 6959 1
301 1352 1
303 1543 1
303 1715 1
303 2687 1
304 1087 1
304 2032 1
304 2709 1
304 3058 1
304 3173 1
304 3430 1
304 624 1
304 701 1
307 3040 1
307 509 1
309 1328 1
310 2856 1
310 464 1
311 2101 1
312 1084 1
312 1336 1
312 1441 1
312 1469 1
312 1766 1
312 2488 1
312 2843 1
312 3008 1
312 3344 1
316 116 1
316 1487 1
316 1558 1
316 1770 1
316 3093 1
316 3396 1
316 370 1
316 425 1
316 5328 1
316 703 1
317 1001 1
317 4077 1
321 1194 1
322 1085 1
325 1565 1
325 385 1
326 2930 1
326 3010 1
326 761 1
328 1590 1
328 2183 1
328 2488 1
329 2628 1
334 1173 1
334 962 1
347 401 1
349 2729 1
349 3469 1
360 1266 1
360 2076 1
360 2772 1
360 3186 1
360 3382 1
360 3565 1
360 834 1
361 1523 1
361 1593 1
361 1674 1
361 2368 1
361 3088 1
361 3191 1
361 507 1
363 1634 1
363 2005 1
364 1079 1
364 1873 1
364 2515 1
364 3044 1
364 3254 1
364 4043 1
364 4148 1
365 1795 1
365 3053 1
367 2187 1
369 1071 1
370 1487 1
370 1558 1
370 3093 1
370 3396 1
370 5328 1
370 703 1
371 2483 1
371 676 1
375 2390 1
375 3947 1
375 515 1
376 2259 1
376 2515 1
376 261 1
376 3647 1
376 3769 1
376 4319 1
376 4321 1
376 4336 1
376 4369 1
376 6186 1
376 6210 1
378 1085 1
378 2468 1
379 1033 1
379 2712 1
379 2954 1
379 3309 1
380 1608 1
380 1724 1
382 2035 1
382 2460 1
382 3096 1
382 3129 1
382 5146 1
382 682 1
383 1585 1
385 1565 1
389 460 1
390 1867 1
390 1932 1
390 2299 1
391 1670 1
391 2364 1
391 2848 1
391 3044 1
391 3624 1
391 3731 1
391 477 1
391 598 1
393 1930 1
395 1228 1
395 1232 1
395 1819 1
395 2445 1
395 3230 1
395 3553 1
395 3746 1
395 3760 1
395 428 1
395 5152 1
396 1154 1
397 2051 1
400 1058 1
400 1353 1
400 2710 1
400 2915 1
400 3154 1
400 3188 1
403 4634 1
404 3218 1
405 2028 1
407 3312 1
408 1399 1
416 261 1
418 3746 1
418 3762 1
418 5929 1
418 810 1
419 3433 1
421 1262 1
421 1990 1
422 870 1
424 1876 1
424 230 1
424 2488 1
424 2874 1
424 2882 1
424 3104 1
424 3398 1
424 3683 1
424 496 1
424 550 1
425 116 1
425 1770 1
425 2481 1
425 2873 1
425 316 1
425 847 1
426 1715 1
426 2207 1
426 2558 1
426 2687 1
426 941 1
428 1979 1
428 1983 1
428 2407 1
428 3227 1
428 3551 1
428 3582 1
428 3583 1
428 3746 1
428 3755 1
428 3887 1
428 4139 1
428 4363 1
428 5142 1
428 5207 1
428 54 1
428 6209 1
428 898 1
429 3866 1
430 1963 1
430 2098 1
433 3601 1
436 1402 1
436 1667 1
436 2255 1
436 2696 1
436 2830 1
436 471 1
438 3023 1
438 624 1
438 838 1
439 1002 1
442 610 1
442 754 1
445 2932 1
445 989 1
447 664 1
449 1285 1
449 826 1
450 1690 1
450 2047 1
451 3170 1
451 3911 1
451 608 1
451 624 1
452 2895 1
453 1585 1
453 1848 1
453 2298 1
453 3100 1
453 5878 1
454 5884 1
455 1557 1
455 3235 1
456 1075 1
456 2868 1
456 624 1
457 1668 1
458 1549 1
460 1418 1
460 3455 1
461 1264 1
461 2771 1
462 2144 1
462 2604 1
464 2856 1
466 2772 1
467 2467 1
470 2169 1
470 657 1
472 4678 1
472 5901 1
476 1598 1
476 2602 1
477 1879 1
477 2079 1
477 2748 1
477 2848 1
477 3461 1
477 647 1
477 6865 1
478 3942 1
478 645 1
482 1172 1
482 1590 1
482 1609 1
482 1781 1
482 1914 1
482 2826 1
482 813 1
483 2266 1
483 242 1
483 2755 1
486 1443 1
486 1756 1
486 2122 1
486 2976 1
487 1469 1
487 2930 1
487 3442 1
488 1207 1
489 3274 1
492 2065 1
495 2265 1
495 291 1
495 3322 1
495 6001 1
496 1379 1
496 1876 1
496 2488 1
496 2544 1
496 2559 1
496 2669 1
496 27 1
496 2874 1
496 2882 1
496 3104 1
496 3683 1
496 424 1
496 514 1
496 524 1
497 2792 1
497 518 1
500 2721 1
501 1536 1
502 6227 1
506 3184 1
509 2414 1
509 2771 1
509 3040 1
509 307 1
510 2450 1
514 2559 1
514 2874 1
514 3104 1
514 424 1
514 524 1
515 2112 1
515 2136 1
515 375 1
517 1494 1
517 1835 1
517 2309 1
517 2789 1
517 3173 1
517 3480 1
517 3556 1
517 435 1
517 967 1
518 1082 1
518 1287 1
518 1288 1
518 1584 1
518 169 1
518 1691 1
518 2006 1
518 2024 1
518 2241 1
518 2398 1
518 2657 1
518 2688 1
518 2870 1
518 298 1
518 3435 1
518 6959 1
518 866 1
524 1516 1
524 3407 1
524 3732 1
527 1688 1
527 2532 1
529 1796 1
529 2282 1
529 3774 1
529 5583 1
529 624 1
532 227 1
532 368 1
532 5769 1
534 1876 1
534 2149 1
534 2488 1
534 3524 1
536 1684 1
536 2249 1
539 1673 1
539 2144 1
539 81 1
543 1899 1
543 2165 1
543 2546 1
543 2691 1
543 2759 1
543 2979 1
544 1521 1
544 1711 1
549 1858 1
549 2147 1
549 2727 1
552 916 1
555 2303 1
555 2781 1
555 3120 1
556 3410 1
560 1859 1
560 980 1
562 2548 1
563 3096 1
563 3470 1
563 911 1
570 3414 1
577 1939 1
581 1167 1
582 2461 1
582 2726 1
585 1478 1
586 2288 1
586 2460 1
586 4059 1
587 1487 1
587 1683 1
587 2049 1
587 2158 1
587 2647 1
587 3093 1
587 3354 1
587 3396 1
592 1108 1
592 1453 1
592 1889 1
592 1900 1
592 2226 1
592 2405 1
592 2481 1
592 3025 1
592 3675 1
592 5309 1
592 755 1
594 2820 1
595 1879 1
595 2719 1
596 2679 1
598 3044 1
599 116 1
599 1684 1
599 2049 1
599 2158 1
599 2476 1
599 3921 1
604 1859 1
604 2133 1
605 1022 1
605 1532 1
605 1588 1
605 1593 1
605 2423 1
605 2781 1
605 3088 1
605 3191 1
605 3688 1
605 980 1
607 1266 1
607 861 1
608 1543 1
608 2205 1
608 3170 1
608 3540 1
608 3911 1
608 624 1
608 961 1
612 1222 1
612 2537 1
612 6209 1
612 7034 1
614 2478 1
614 3616 1
614 930 1
617 2773 1
617 3002 1
617 3302 1
617 3429 1
618 532 1
619 214 1
619 2364 1
619 2578 1
619 5428 1
620 634 1
621 1989 1
621 731 1
622 1183 1
624 1075 1
624 1206 1
624 1229 1
624 1684 1
624 1744 1
624 1866 1
624 2032 1
624 2226 1
624 2550 1
624 2719 1
624 2777 1
624 3023 1
624 3170 1
624 3191 1
624 3273 1
624 3911 1
624 6599 1
624 701 1
624 702 1
624 838 1
626 1070 1
626 951 1
627 1351 1
627 1924 1
627 2021 1
627 2053 1
627 416 1
627 6774 1
628 1729 1
629 3404 1
630 1015 1
632 2776 1
633 1048 1
633 2090 1
636 1035 1
636 1407 1
636 1986 1
636 2014 1
636 3351 1
636 744 1
638 1551 1
640 1391 1
641 1328 1
641 309 1
642 1001 1
642 1064 1
642 3020 1
645 1555 1
645 3942 1
647 1713 1
647 2748 1
647 3130 1
647 3474 1
647 477 1
651 1792 1
651 4274 1
651 4543 1
651 5374 1
651 6515 1
653 1347 1
657 2127 1
657 2498 1
657 2939 1
657 3100 1
657 722 1
659 1732 1
661 2488 1
662 1292 1
662 1789 1
662 2988 1
662 5287 1
664 3892 1
665 1124 1
665 5127 1
667 1136 1
667 1556 1
667 2204 1
667 834 1
670 1706 1
670 419 1
671 2636 1
671 2841 1
671 3145 1
671 4312 1
671 4319 1
671 4321 1
671 4369 1
673 111 1
673 2194 1
673 2809 1
674 4334 1
675 1359 1
675 2086 1
675 3268 1
682 2460 1
682 2607 1
682 3129 1
682 382 1
682 928 1
683 1468 1
683 1580 1
683 2092 1
683 2931 1
683 83 1
692 1876 1
692 2488 1
695 1984 1
695 2469 1
698 1178 1
698 1442 1
699 815 1
700 3097 1
700 5923 1
700 6790 1
700 949 1
701 1087 1
701 1744 1
701 185 1
701 1866 1
701 2032 1
701 2709 1
701 3058 1
701 3173 1
701 3430 1
701 3432 1
702 1206 1
702 1229 1
702 2288 1
702 6599 1
702 838 1
703 1487 1
703 231 1
703 2865 1
703 3093 1
703 6178 1
703 842 1
710 1789 1
710 2988 1
710 662 1
711 116 1
711 1684 1
711 2873 1
711 6535 1
712 2237 1
713 1093 1
713 2187 1
715 2032 1
715 2405 1
715 3273 1
715 5196 1
717 810 1
720 1018 1
720 1426 1
720 1974 1
722 1556 1
722 1570 1
722 2288 1
722 2338 1
722 2799 1
722 3100 1
722 3404 1
722 3708 1
722 780 1
724 2833 1
726 2721 1
726 850 1
731 1989 1
733 1410 1
733 1953 1
733 3445 1
733 852 1
735 2099 1
735 2123 1
735 2512 1
736 1487 1
736 2176 1
736 3598 1
736 4024 1
743 144 1
743 1930 1
743 2307 1
744 1986 1
745 1071 1
746 1229 1
746 244 1
747 759 1
751 1963 1
751 2437 1
751 2736 1
751 3133 1
755 1744 1
755 1900 1
755 2405 1
755 3675 1
755 4140 1
755 6295 1
756 6001 1
758 1413 1
758 3841 1
760 1670 1
761 2930 1
761 3010 1
764 2288 1
766 15 1
766 1610 1
766 2279 1
766 3590 1
766 5306 1
767 3133 1
771 2366 1
778 1658 1
778 2150 1
778 2658 1
778 4486 1
778 71 1
780 2868 1
782 1505 1
782 3060 1
782 3078 1
782 3465 1
783 1261 1
783 2024 1
785 2494 1
785 3580 1
785 498 1
787 2569 1
787 960 1
788 2628 1
788 960 1
789 3464 1
790 2806 1
790 3578 1
796 2249 1
796 2386 1
796 2481 1
796 878 1
798 210 1
798 743 1
800 857 1
801 1075 1
801 3335 1
801 671 1
803 1543 1
803 303 1
803 3306 1
803 6599 1
806 1390 1
806 1705 1
808 2181 1
808 47 1
810 2506 1
810 418 1
810 5929 1
811 2043 1
811 825 1
812 1656 1
812 3244 1
813 1172 1
813 1562 1
813 1967 1
813 2202 1
813 2303 1
813 2738 1
813 2779 1
813 3301 1
813 955 1
816 208 1
817 1012 1
817 1374 1
817 1894 1
818 2201 1
818 2406 1
818 2441 1
823 2176 1
823 2188 1
823 2195 1
823 2537 1
824 2517 1
825 2043 1
826 1285 1
833 1530 1
834 1136 1
834 1556 1
834 2076 1
834 2204 1
834 3565 1
838 1206 1
838 3023 1
838 3170 1
838 624 1
838 6599 1
842 1487 1
842 2865 1
847 2481 1
848 1080 1
850 1005 1
850 1631 1
850 2603 1
850 2626 1
850 2721 1
850 3019 1
850 3021 1
850 352 1
850 3935 1
850 890 1
850 939 1
852 1953 1
853 1792 1
853 2926 1
853 3995 1
853 4274 1
853 4543 1
853 5374 1
853 651 1
853 6515 1
854 1336 1
854 1340 1
854 3194 1
854 3778 1
855 1684 1
855 1705 1
855 2077 1
855 2800 1
855 905 1
856 2109 1
858 1180 1
858 2899 1
858 3912 1
859 2176 1
859 3206 1
859 3410 1
859 5872 1
859 6104 1
860 1506 1
860 2434 1
860 4179 1
860 431 1
861 1266 1
861 3239 1
862 4663 1
864 1082 1
864 1412 1
864 2476 1
864 2781 1
864 3791 1
864 3876 1
864 6264 1
866 1705 1
866 194 1
866 518 1
866 905 1
877 1433 1
878 1185 1
878 1374 1
878 242 1
880 1748 1
880 1798 1
880 1963 1
883 3163 1
887 2431 1
888 1296 1
888 1607 1
888 1928 1
888 2426 1
888 4198 1
889 1832 1
890 2603 1
890 3021 1
890 876 1
891 4266 1
896 1503 1
896 3606 1
897 1339 1
897 1510 1
897 1877 1
897 2578 1
898 2407 1
900 2252 1
901 2859 1
901 3944 1
902 2034 1
903 3968 1
905 1705 1
905 194 1
905 2077 1
905 518 1
905 873 1
911 1125 1
911 2776 1
911 3096 1
911 3330 1
911 3470 1
911 382 1
911 682 1
911 928 1
912 1080 1
912 2144 1
912 2358 1
912 2369 1
912 3101 1
912 3725 1
912 4199 1
912 5579 1
914 2146 1
916 2549 1
916 552 1
918 1265 1
921 2229 1
921 2330 1
921 2355 1
921 2485 1
924 1684 1
924 3288 1
926 1994 1
926 4214 1
926 6060 1
928 3096 1
928 382 1
928 682 1
930 1891 1
930 2124 1
930 3941 1
932 5684 1
933 2023 1
934 1130 1
935 1047 1
935 88 1
936 1485 1
941 2558 1
942 2015 1
942 2767 1
942 3017 1
942 5955 1
943 2874 1
949 1252 1
949 1876 1
949 1882 1
949 1960 1
949 2947 1
949 3038 1
949 3097 1
949 5022 1
949 5923 1
949 6790 1
951 1070 1
955 1562 1
957 1653 1
958 1558 1
958 1764 1
958 3396 1
960 2797 1
961 1543 1
961 2205 1
961 3540 1
961 5222 1
962 1173 1
963 2426 1
967 2358 1
967 2645 1
967 517 1
969 3156 1
971 1853 1
971 2252 1
971 3 1
972 2930 1
972 3442 1
973 1318 1
973 1746 1
973 3871 1
975 1399 1
979 1236 1
979 1799 1
980 1022 1
980 1149 1
980 1157 1
980 1459 1
980 1593 1
980 1859 1
980 2074 1
980 2081 1
980 2423 1
980 264 1
980 3042 1
980 3058 1
980 3088 1
980 3191 1
980 3432 1
980 376 1
980 5978 1
982 1236 1
982 2261 1
984 1102 1
984 2662 1
987 1673 1
988 3348 1
989 2766 1
990 2806 1
990 3669 1
992 2951 1
993 1475 1
993 1700 1
998 2287 1
998 3183 1
998 3500 1
999 1743 1
1001 1064 1
1001 3020 1
1002 1465 1
1003 2202 1
1003 2246 1
1003 3311 1
1005 2721 1
1007 3158 1
1007 465 1
1008 120 1
1008 2479 1
1008 3184 1
1008 612 1
1010 2546 1
1010 2759 1
1011 1614 1
1011 2542 1
1012 2550 1
1012 2772 1
1012 3170 1
1012 3323 1
1012 4663 1
1012 6091 1
1013 1066 1
1013 1313 1
1013 1772 1
1013 3209 1
1013 3245 1
1017 2680 1
1017 3139 1
1018 1426 1
1018 1887 1
1018 1974 1
1018 2863 1
1018 2990 1
1018 720 1
1019 2289 1
1019 2857 1
1019 2971 1
1019 5112 1
1020 2871 1
1020 3949 1
1021 1110 1
1021 1482 1
1021 5315 1
1022 1157 1
1022 1459 1
1022 1593 1
1022 2081 1
1022 2356 1
1022 2423 1
1022 3042 1
1022 3088 1
1022 3432 1
1022 5978 1
1022 605 1
1022 980 1
1024 1614 1
1025 1144 1
1025 1164 1
1025 1269 1
1025 2720 1
1026 1548 1
1028 1050 1
1028 2905 1
1033 1577 1
1033 2712 1
1033 2954 1
1033 3309 1
1033 379 1
1035 1963 1
1035 2846 1
1035 3257 1
1040 1355 1
1040 1876 1
1040 2488 1
1040 3442 1
1041 2360 1
1041 2650 1
1043 1731 1
1043 3145 1
1043 393 1
1043 4119 1
1046 2016 1
1050 2905 1
1054 1840 1
1054 2045 1
1054 2506 1
1054 276 1
1055 1471 1
1055 2499 1
1057 2927 1
1058 107 1
1058 1353 1
1058 2710 1
1058 3188 1
1060 1774 1
1064 1001 1
1064 1506 1
1064 3020 1
1065 116 1
1065 1770 1
1065 2586 1
1065 2873 1
1065 316 1
1065 425 1
1066 3145 1
1069 1945 1
1071 3599 1
1071 369 1
1071 3712 1
1073 1088 1
1073 1907 1
1075 2515 1
1075 3335 1
1075 671 1
1076 2861 1
1076 3045 1
1077 1722 1
1077 2928 1
1077 9 1
1079 1700 1
1079 1868 1
1079 1873 1
1079 2748 1
1079 3044 1
1080 2142 1
1080 2144 1
1082 1412 1
1082 2059 1
1082 2781 1
1082 3876 1
1084 1336 1
1084 1766 1
1084 2488 1
1084 2843 1
1084 3008 1
1084 3344 1
1085 1107 1
1085 1755 1
1085 2765 1
1087 185 1
1087 2032 1
1087 3173 1
1087 3432 1
1087 624 1
1087 701 1
1088 1907 1
1089 1688 1
1091 2288 1
1091 2704 1
1091 3404 1
1091 629 1
1093 2187 1
1093 6107 1
1096 1577 1
1098 1257 1
1098 3027 1
1099 3462 1
1100 657 1
1101 1179 1
1101 1700 1
1101 2748 1
1101 2890 1
1102 2662 1
1104 1372 1
1107 1755 1
1107 1796 1
1107 3243 1
1108 1538 1
1108 1641 1
1108 1979 1
1108 2226 1
1108 2249 1
1108 2386 1
1108 2481 1
1108 3335 1
1108 3727 1
1108 3755 1
1108 428 1
1108 592 1
1108 796 1
1108 878 1
1110 1021 1
1110 1482 1
1110 1637 1
1110 2810 1
1110 3157 1
1111 1893 1
1114 4668 1
1115 1417 1
1121 1717 1
1122 2721 1
1122 44 1
1123 2823 1
1123 575 1
1124 1021 1
1124 3718 1
1124 6146 1
1124 6234 1
1124 665 1
1125 2095 1
1125 2776 1
1125 3470 1
1132 5272 1
1136 1556 1
1136 2204 1
1137 265 1
1137 3552 1
1137 3617 1
1137 3728 1
1137 3852 1
1138 1945 1
1138 2071 1
1138 4486 1
1138 5233 1
1138 6729 1
1141 1505 1
1141 1697 1
1145 1479 1
1145 2409 1
1145 2558 1
1146 3066 1
1148 1498 1
1148 2467 1
1149 1022 1
1150 1491 1
1150 2342 1
1150 2802 1
1150 3220 1
1156 2733 1
1156 2927 1
1157 1022 1
1157 1593 1
1157 2423 1
1157 3042 1
1157 3058 1
1157 980 1
1164 1269 1
1178 1442 1
1179 1101 1
1179 1513 1
1179 1700 1
1179 2055 1
1179 2748 1
1179 2890 1
1180 2899 1
1180 3912 1
1181 1311 1
1181 1360 1
1181 1429 1
1181 1442 1
1181 1696 1
1181 222 1
1181 2357 1
1181 2396 1
1181 2461 1
1181 3249 1
1181 6382 1
1185 1374 1
1185 242 1
1186 2542 1
1189 2006 1
1189 2241 1
1193 1410 1
1193 2843 1
1205 1344 1
1205 2282 1
1205 254 1
1205 3380 1
1205 5290 1
1205 5895 1
1206 2550 1
1206 3023 1
1206 3170 1
1206 624 1
1212 1550 1
1212 2852 1
1213 3774 1
1215 2557 1
1215 3543 1
1215 3629 1
1215 3693 1
1216 5256 1
1220 2343 1
1220 3119 1
1220 3184 1
1223 2320 1
1224 1487 1
1224 2049 1
1224 231 1
1224 2525 1
1224 2617 1
1224 3093 1
1224 316 1
1224 3396 1
1224 703 1
1227 2078 1
1227 2133 1
1228 1232 1
1228 3577 1
1228 3760 1
1228 395 1
1229 244 1
1230 1355 1
1232 3760 1
1234 3458 1
1236 1799 1
1236 2261 1
1241 1687 1
1241 2364 1
1241 2960 1
1241 3314 1
1244 1928 1
1244 3706 1
1247 1815 1
1247 3686 1
1251 2266 1
1252 1438 1
1252 1882 1
1252 1960 1
1252 2947 1
1252 3097 1
1252 4048 1
1252 5022 1
1252 949 1
1255 2743 1
1255 4386 1
1256 1334 1
1257 3027 1
1258 3005 1
1258 3451 1
1260 2537 1
1260 2806 1
1261 1614 1
1261 2024 1
1261 3160 1
1262 6 1
1266 130 1
1266 2076 1
1266 3382 1
1266 3565 1
1266 861 1
1269 2720 1
1271 1360 1
1273 4115 1
1275 1878 1
1275 2382 1
1279 3720 1
1285 449 1
1285 826 1
1287 2688 1
1287 3435 1
1288 1691 1
1288 2688 1
1288 3435 1
1289 1656 1
1289 2070 1
1289 2156 1
1289 3120 1
1289 3244 1
1289 3343 1
1292 1789 1
1292 2988 1
1292 5287 1
1292 662 1
1296 888 1
1298 2144 1
1298 2604 1
1298 3794 1
1298 3949 1
1299 1511 1
1299 1764 1
1299 256 1
1299 2703 1
1299 470 1
1299 5879 1
1309 1783 1
1309 2021 1
1311 1696 1
1311 222 1
1311 2357 1
1311 2396 1
1318 1746 1
1327 1616 1
1328 2023 1
1328 2319 1
1328 4476 1
1328 6727 1
1333 2056 1
1333 2894 1
1333 3685 1
1333 3769 1
1333 3897 1
1333 4263 1
1333 6327 1
1335 143 1
1335 2055 1
1335 3114 1
1335 3327 1
1335 605 1
1336 1084 1
1336 1340 1
1336 1441 1
1336 1469 1
1336 1766 1
1336 1873 1
1336 2267 1
1336 2288 1
1336 2488 1
1336 2843 1
1336 3008 1
1336 312 1
1336 3194 1
1336 3344 1
1336 3442 1
1336 3471 1
1336 3778 1
1336 6404 1
1336 854 1
1339 1877 1
1339 4098 1
1340 1336 1
1340 1469 1
1340 3194 1
1340 3778 1
1344 2282 1
1344 3312 1
1344 3380 1
1344 5290 1
1344 5391 1
1344 55 1
1345 100 1
1345 1408 1
1345 1487 1
1345 2865 1
1345 2911 1
1345 3072 1
1345 3396 1
1347 3635 1
1348 1299 1
1348 2054 1
1351 1035 1
1351 147 1
1351 2021 1
1351 2053 1
1351 24 1
1353 1058 1
1353 2710 1
1353 3188 1
1353 400 1
1355 1415 1
1355 1688 1
1355 1726 1
1355 1876 1
1355 234 1
1355 2488 1
1355 2532 1
1355 2641 1
1355 3442 1
1355 692 1
1356 4408 1
1359 3268 1
1360 3057 1
1360 3397 1
1361 1413 1
1362 1909 1
1362 2979 1
1362 6093 1
1363 1469 1
1363 2930 1
1363 3442 1
1364 2048 1
1368 2138 1
1368 4560 1
1368 5884 1
1368 5931 1
1368 5935 1
1372 2259 1
1372 2515 1
1372 261 1
1372 2630 1
1372 3148 1
1372 3647 1
1372 376 1
1372 3769 1
1372 4319 1
1372 4336 1
1372 4369 1
1372 6186 1
1372 6210 1
1374 1185 1
1374 1894 1
1374 242 1
1374 878 1
1378 1431 1
1379 2559 1
1379 27 1
1379 2874 1
1379 3104 1
1379 3683 1
1379 424 1
1379 514 1
1379 524 1
1384 1839 1
1384 2799 1
1389 1708 1
1389 1785 1
1390 1705 1
1390 2577 1
1390 36 1
1390 806 1
1394 3459 1
1397 1002 1
1397 1443 1
1397 1899 1
1397 1947 1
1397 2530 1
1397 3195 1
1399 1876 1
1399 1924 1
1399 225 1
1399 408 1
1402 2830 1
1402 436 1
1404 1467 1
1404 2547 1
1406 1932 1
1406 6876 1
1407 2014 1
1407 2029 1
1407 2711 1
1407 3351 1
1407 3420 1
1407 6112 1
1408 1345 1
1408 1487 1
1408 2865 1
1408 2911 1
1408 3072 1
1410 2470 1
1410 2843 1
1410 3385 1
1410 3445 1
1410 6186 1
1411 2149 1
1412 1492 1
1415 143 1
1415 1697 1
1415 234 1
1415 2641 1
1415 267 1
1415 3494 1
1415 534 1
1417 1474 1
1417 2987 1
1417 5475 1
1418 1819 1
1418 2164 1
1418 389 1
1418 460 1
1418 5267 1
1420 1394 1
1423 2632 1
1423 2929 1
1423 6712 1
1424 2879 1
1424 3154 1
1426 1018 1
1426 1974 1
1426 720 1
1427 4669 1
1429 1360 1
1430 6931 1
1431 1378 1
1433 877 1
1434 3171 1
1437 2699 1
1438 3097 1
1438 949 1
1441 1084 1
1441 1336 1
1441 1469 1
1441 1766 1
1441 2267 1
1441 2488 1
1441 2843 1
1441 3008 1
1441 312 1
1441 3344 1
1442 1247 1
1443 1397 1
1443 1532 1
1443 1598 1
1443 1756 1
1443 1947 1
1443 1968 1
1443 3347 1
1443 486 1
1443 6118 1
1444 5108 1
1451 3245 1
1453 1744 1
1453 5304 1
1453 99 1
1455 2935 1
1459 2423 1
1459 264 1
1461 1640 1
1461 2723 1
1463 1756 1
1463 2633 1
1463 3759 1
1467 2547 1
1468 1580 1
1469 1084 1
1469 1336 1
1469 1441 1
1469 1766 1
1469 2488 1
1469 2843 1
1469 2930 1
1469 3008 1
1469 312 1
1469 3344 1
1469 3442 1
1469 487 1
1471 2499 1
1473 2740 1
1474 2987 1
1475 55 1
1475 993 1
1476 2385 1
1479 2409 1
1479 2558 1
1479 3823 1
1482 1021 1
1482 1637 1
1482 2810 1
1485 2620 1
1486 2628 1
1486 3814 1
1487 1345 1
1487 1558 1
1487 1645 1
1487 2049 1
1487 2158 1
1487 231 1
1487 2373 1
1487 2525 1
1487 2617 1
1487 2647 1
1487 2865 1
1487 2911 1
1487 3072 1
1487 3093 1
1487 316 1
1487 3207 1
1487 3262 1
1487 3292 1
1487 3396 1
1487 370 1
1487 587 1
1487 599 1
1487 6178 1
1487 703 1
1487 842 1
1489 1070 1
1489 2164 1
1489 2872 1
1489 2938 1
1489 3421 1
1490 122 1
1490 2051 1
1490 3100 1
1490 4311 1
1490 75 1
1491 2342 1
1491 2609 1
1491 2802 1
1491 3169 1
1491 3220 1
1494 1835 1
1494 2309 1
1496 2168 1
1496 2676 1
1496 4482 1
1498 2467 1
1499 1598 1
1501 130 1
1501 1928 1
1503 3606 1
1504 2772 1
1504 3942 1
1505 1697 1
1505 3465 1
1505 782 1
1506 1001 1
1506 1064 1
1506 2434 1
1510 1818 1
1510 2904 1
1510 3024 1
1511 1764 1
1511 2703 1
1511 3164 1
1511 470 1
1512 1942 1
1513 2055 1
1513 2748 1
1515 1673 1
1515 2986 1
1515 3872 1
1516 3407 1
1518 5915 1
1519 1860 1
1521 1711 1
1521 544 1
1523 1593 1
1523 1649 1
1523 2018 1
1523 2346 1
1523 2471 1
1523 6224 1
1526 1558 1
1526 2176 1
1528 1279 1
1528 3720 1
1530 3192 1
1530 833 1
1532 1598 1
1532 2690 1
1532 3347 1
1532 3355 1
1532 6132 1
1532 6235 1
1533 4035 1
1536 3011 1
1538 2481 1
1538 3335 1
1540 2046 1
1540 2684 1
1540 5209 1
1543 3306 1
1543 3905 1
1543 6599 1
1543 803 1
1548 1876 1
1548 1919 1
1548 205 1
1548 3753 1
1550 2852 1
1556 1570 1
1556 1864 1
1556 275 1
1556 2804 1
1556 385 1
1556 698 1
1556 702 1
1558 100 1
1558 1023 1
1558 1487 1
1558 1645 1
1558 1757 1
1558 1764 1
1558 2373 1
1558 3093 1
1558 3262 1
1558 3396 1
1558 703 1
1558 958 1
1560 3040 1
1560 307 1
1560 509 1
1560 5881 1
1562 1994 1
1562 2288 1
1562 2460 1
1562 2704 1
1562 2804 1
1562 2823 1
1562 4059 1
1562 4283 1
1562 5251 1
1562 586 1
1562 702 1
1567 4255 1
1571 2162 1
1571 2420 1
1573 1672 1
1577 1994 1
1577 2770 1
1578 1990 1
1578 2859 1
1578 3099 1
1578 3944 1
1578 901 1
1584 1705 1
1584 194 1
1584 2869 1
1584 518 1
1584 866 1
1584 905 1
1585 4068 1
1585 647 1
1588 2268 1
1588 2423 1
1588 2758 1
1588 2781 1
1588 3120 1
1589 3052 1
1590 2183 1
1590 6738 1
1592 3310 1
1593 1022 1
1593 1523 1
1593 1649 1
1593 1674 1
1593 2368 1
1593 2423 1
1593 2471 1
1593 3088 1
1593 3191 1
1593 361 1
1593 507 1
1593 980 1
1596 1732 1
1596 2938 1
1598 1532 1
1598 2602 1
1598 2690 1
1598 278 1
1598 3058 1
1598 3355 1
1598 3688 1
1598 605 1
1598 6132 1
1598 980 1
1606 2773 1
1607 1255 1
1607 2059 1
1607 2156 1
1607 2252 1
1607 2521 1
1607 2671 1
1607 3763 1
1607 820 1
1607 900 1
1609 1172 1
1609 1590 1
1609 1781 1
1609 1914 1
1609 2826 1
1609 482 1
1609 813 1
1610 2279 1
1610 5306 1
1611 1659 1
1614 2542 1
1614 3160 1
1615 5876 1
1616 1327 1
1619 5175 1
1626 1660 1
1626 1855 1
1626 2079 1
1626 2615 1
1627 1902 1
1627 2322 1
1627 2475 1
1631 2626 1
1631 352 1
1631 3935 1
1631 4954 1
1634 2005 1
1637 1021 1
1637 1110 1
1637 1482 1
1637 2810 1
1640 1461 1
1640 2723 1
1640 2950 1
1640 2973 1
1640 4816 1
1641 141 1
1641 2015 1
1641 2226 1
1641 2249 1
1641 2386 1
1641 2481 1
1641 3408 1
1641 3727 1
1641 5159 1
1641 5172 1
1641 592 1
1641 796 1
1641 878 1
1644 2049 1
1644 3171 1
1644 3451 1
1644 3748 1
1644 3797 1
1645 1487 1
1645 2182 1
1645 231 1
1645 2373 1
1645 311 1
1645 3929 1
1645 599 1
1645 6091 1
1645 703 1
1647 3836 1
1649 1523 1
1649 1593 1
1649 1674 1
1649 1992 1
1649 2471 1
1649 361 1
1649 507 1
1649 5482 1
1651 1469 1
1656 2156 1
1656 3244 1
1658 130 1
1658 1964 1
1658 2150 1
1658 2658 1
1658 4122 1
1658 4486 1
1658 5296 1
1658 71 1
1658 778 1
1664 2172 1
1664 2311 1
1664 2358 1
1664 3554 1
1664 5327 1
1665 2413 1
1665 3483 1
1667 2255 1
1667 2830 1
1669 2473 1
1669 2763 1
1669 3230 1
1669 395 1
1670 3134 1
1670 760 1
1671 1706 1
1671 3263 1
1673 2144 1
1673 81 1
1674 1523 1
1674 1593 1
1674 2368 1
1674 3088 1
1674 3191 1
1674 361 1
1674 507 1
1679 1950 1
1679 2913 1
1679 2919 1
1683 3354 1
1684 116 1
1684 1275 1
1684 135 1
1684 2226 1
1684 2382 1
1684 2719 1
1684 2800 1
1684 2873 1
1684 3288 1
1684 3921 1
1684 599 1
1684 6094 1
1684 6462 1
1684 6535 1
1687 1241 1
1687 2036 1
1687 2364 1
1687 2960 1
1687 3314 1
1688 1726 1
1688 2532 1
1689 1614 1
1689 2034 1
1689 2079 1
1689 2150 1
1689 3160 1
1690 1697 1
1690 2047 1
1690 2761 1
1691 2494 1
1691 2688 1
1691 3435 1
1691 3649 1
1695 3048 1
1696 1250 1
1696 222 1
1696 2396 1
1696 2970 1
1697 143 1
1697 2047 1
1697 534 1
1698 1875 1
1700 1101 1
1700 1749 1
1700 1868 1
1700 2726 1
1700 2748 1
1700 2881 1
1700 2890 1
1700 477 1
1700 6074 1
1703 2573 1
1705 1390 1
1705 194 1
1705 1943 1
1705 2077 1
1705 2157 1
1705 2218 1
1705 2233 1
1705 2288 1
1705 2411 1
1705 2577 1
1705 2784 1
1705 3164 1
1705 36 1
1705 3741 1
1705 764 1
1705 806 1
1705 855 1
1705 905 1
1706 1096 1
1706 1671 1
1706 19 1
1706 3263 1
1706 3433 1
1706 419 1
1707 1858 1
1707 2147 1
1707 2736 1
1708 1785 1
1708 2843 1
1710 2163 1
1710 3206 1
1713 3130 1
1713 3171 1
1713 3996 1
1713 477 1
1713 6701 1
1715 2687 1
1715 303 1
1715 3357 1
1715 6380 1
1715 6381 1
1717 2539 1
1717 317 1
1717 3585 1
1717 3807 1
1722 2928 1
1722 3993 1
1722 9 1
1723 1746 1
1723 6155 1
1726 2532 1
1731 1043 1
1731 4398 1
1732 5383 1
1738 3651 1
1738 3660 1
1738 5131 1
1740 1336 1
1740 1469 1
1740 2267 1
1740 2444 1
1740 312 1
1740 854 1
1742 3942 1
1742 631 1
1746 3871 1
1746 6155 1
1748 1798 1
1748 1963 1
1749 1101 1
1749 1700 1
1749 2726 1
1749 2748 1
1749 6074 1
1754 1306 1
1754 141 1
1756 1463 1
1756 3759 1
1756 486 1
1757 1558 1
1757 1764 1
1757 2512 1
1757 3396 1
1757 958 1
1764 1558 1
1764 2703 1
1764 3396 1
1764 958 1
1765 3317 1
1766 1084 1
1766 1336 1
1766 1441 1
1766 1469 1
1766 2267 1
1766 2488 1
1766 2843 1
1766 3008 1
1766 312 1
1766 3344 1
1768 1786 1
1769 2089 1
1769 2892 1
1769 3018 1
1770 116 1
1770 2873 1
1770 316 1
1770 425 1
1774 3249 1
1781 1590 1
1781 1914 1
1781 2237 1
1781 2826 1
1783 1309 1
1783 165 1
1783 1988 1
1783 2021 1
1783 2215 1
1783 2776 1
1783 3144 1
1783 3843 1
1785 2724 1
1785 3251 1
1785 3709 1
1789 2988 1
1789 5287 1
1789 662 1
1795 2399 1
1795 3053 1
1796 2282 1
1796 3243 1
1796 3774 1
1796 4199 1
1796 5583 1
1796 624 1
1806 3097 1
1811 2202 1
1816 1398 1
1816 2146 1
1816 6014 1
1821 2172 1
1821 2229 1
1821 2330 1
1826 1833 1
1826 1930 1
1826 3106 1
1833 1930 1
1833 3106 1
1835 1915 1
1835 2309 1
1835 2322 1
1835 2528 1
1835 3296 1
1835 3410 1
1835 855 1
1837 1857 1
1837 2297 1
1837 4862 1
1837 6209 1
1838 1782 1
1838 2465 1
1838 2628 1
1838 3814 1
1840 2045 1
1840 2506 1
1840 276 1
1843 2127 1
1843 3637 1
1843 3950 1
1846 3322 1
1847 2785 1
1853 1258 1
1853 2252 1
1853 3 1
1853 971 1
1854 2127 1
1854 2164 1
1854 3950 1
1855 2079 1
1855 2615 1
1856 2062 1
1856 2365 1
1856 2464 1
1856 2695 1
1857 2297 1
1857 4862 1
1857 6209 1
1858 1707 1
1858 1963 1
1858 2014 1
1858 2147 1
1858 2727 1
1858 2736 1
1858 2779 1
1858 2811 1
1858 3301 1
1858 5115 1
1859 2074 1
1859 2133 1
1859 2409 1
1859 2593 1
1859 3152 1
1859 3495 1
1859 3927 1
1859 604 1
1859 98 1
1860 3044 1
1864 385 1
1867 1932 1
1867 2299 1
1867 3958 1
1868 2748 1
1869 116 1
1869 1746 1
1869 5951 1
1869 96 1
1872 1882 1
1873 6404 1
1873 6876 1
1873 6882 1
1876 1040 1
1876 1355 1
1876 2488 1
1876 2874 1
1876 2882 1
1876 3104 1
1876 3442 1
1876 3524 1
1876 661 1
1876 692 1
1877 1339 1
1879 2719 1
1879 3647 1
1879 6869 1
1881 2268 1
1881 2423 1
1882 1960 1
1882 2947 1
1882 3097 1
1882 5022 1
1882 949 1
1887 1018 1
1890 3090 1
1894 195 1
1894 3052 1
1894 4187 1
1894 4367 1
1894 86 1
1895 2834 1
1895 3189 1
1900 3897 1
1900 4140 1
1902 2322 1
1904 3163 1
1905 2590 1
1909 4369 1
1910 296 1
1915 2322 1
1915 2528 1
1916 1275 1
1919 205 1
1921 2405 1
1921 279 1
1921 3025 1
1921 4140 1
1921 4277 1
1922 2869 1
1924 1399 1
1924 2021 1
1924 2053 1
1924 3798 1
1924 408 1
1924 416 1
1924 6774 1
1928 3126 1
1928 4198 1
1930 144 1
1930 3106 1
1932 2299 1
1941 3035 1
1943 2077 1
1943 2233 1
1945 2071 1
1945 4486 1
1945 5233 1
1945 6729 1
1950 2591 1
1950 2776 1
1950 2913 1
1950 2919 1
1950 632 1
1953 1700 1
1953 1749 1
1953 2748 1
1953 6074 1
1960 1252 1
1960 1882 1
1960 2947 1
1960 3097 1
1960 949 1
1961 2992 1
1963 2014 1
1963 2098 1
1963 24 1
1963 2437 1
1963 2736 1
1963 3220 1
1963 3413 1
1963 3439 1
1963 5115 1
1963 5178 1
1964 2772 1
1964 3079 1
1964 3441 1
1964 3789 1
1964 3909 1
1965 1967 1
1966 2824 1
1966 3000 1
1966 4801 1
1966 48 1
1967 2303 1
1967 3301 1
1968 3347 1
1968 6118 1
1972 3546 1
1972 4299 1
1976 2550 1
1976 3130 1
1979 3582 1
1979 3755 1
1979 4139 1
1979 5207 1
1979 6209 1
1980 261 1
1980 416 1
1983 1677 1
1983 2407 1
1983 3060 1
1983 3078 1
1983 3551 1
1983 3583 1
1983 428 1
1983 5142 1
1984 2469 1
1987 1165 1
1988 150 1
1988 1783 1
1988 2021 1
1988 2215 1
1988 3843 1
1990 2859 1
1990 3099 1
1990 3944 1
1990 6159 1
1990 901 1
1992 1523 1
1992 2471 1
1992 5482 1
1994 2288 1
1994 2460 1
1994 2704 1
1994 2770 1
1994 3231 1
1994 4059 1
1994 4214 1
1994 586 1
1994 5931 1
1994 6060 1
2006 2241 1
2006 2271 1
2006 2273 1
2006 2427 1
2006 298 1
2006 6959 1
2011 2516 1
2011 2975 1
2014 3351 1
2014 5115 1
2015 1644 1
2015 2226 1
2015 2249 1
2015 2481 1
2015 254 1
2015 2767 1
2015 3017 1
2015 3408 1
2015 5955 1
2015 6194 1
2016 3364 1
2018 6224 1
2019 1921 1
2019 2024 1
2019 2488 1
2021 1309 1
2021 150 1
2021 165 1
2021 1783 1
2021 1988 1
2021 2053 1
2021 2215 1
2021 2776 1
2021 3843 1
2023 6137 1
2023 933 1
2024 1261 1
2025 3028 1
2029 6112 1
2032 1087 1
2032 185 1
2032 2172 1
2032 2195 1
2032 2405 1
2032 2411 1
2032 2709 1
2032 304 1
2032 3058 1
2032 3173 1
2032 3273 1
2032 3432 1
2032 4913 1
2032 5196 1
2032 624 1
2032 701 1
2034 902 1
2035 5146 1
2036 3145 1
2037 1644 1
2037 4313 1
2043 811 1
2043 825 1
2045 2506 1
2045 276 1
2046 2684 1
2047 1690 1
2047 1697 1
2047 2736 1
2047 2761 1
2049 1683 1
2049 2158 1
2049 2476 1
2049 2647 1
2049 3093 1
2049 3354 1
2049 3396 1
2049 5900 1
2050 447 1
2051 3100 1
2051 75 1
2053 1924 1
2053 2021 1
2053 416 1
2053 6774 1
2054 1299 1
2055 3327 1
2055 605 1
2056 1333 1
2056 3685 1
2056 3769 1
2056 4263 1
2056 6327 1
2056 86 1
2059 1082 1
2059 1607 1
2059 3706 1
2061 130 1
2061 213 1
2061 2146 1
2061 3175 1
2061 960 1
2062 2365 1
2062 2464 1
2070 3120 1
2070 3244 1
2071 4486 1
2071 5233 1
2072 1265 1
2075 330 1
2076 1266 1
2076 3382 1
2076 3565 1
2076 360 1
2076 905 1
2076 980 1
2077 1943 1
2077 2233 1
2077 3741 1
2077 873 1
2079 2150 1
2079 2615 1
2081 1022 1
2081 1157 1
2081 2423 1
2081 3042 1
2081 3432 1
2081 980 1
2084 3081 1
2085 3455 1
2089 2892 1
2089 3018 1
2091 3044 1
2091 3095 1
2095 2776 1
2096 2115 1
2096 3438 1
2097 2442 1
2099 2123 1
2099 2512 1
2100 2162 1
2101 1145 1
2109 213 1
2109 2642 1
2109 856 1
2112 2136 1
2112 375 1
2115 1988 1
2115 2021 1
2115 2096 1
2115 3438 1
2116 3938 1
2120 2132 1
2120 2913 1
2124 2329 1
2124 2478 1
2124 3616 1
2124 614 1
2124 930 1
2127 158 1
2127 1718 1
2127 2164 1
2127 2498 1
2127 2939 1
2127 3776 1
2127 3950 1
2127 6905 1
2127 948 1
2129 3184 1
2133 2409 1
2133 2527 1
2133 2545 1
2133 3427 1
2133 604 1
2133 98 1
2138 5884 1
2144 2588 1
2144 2604 1
2144 2913 1
2144 3101 1
2144 3949 1
2144 912 1
2146 1398 1
2146 2772 1
2146 6014 1
2147 1707 1
2147 181 1
2147 1858 1
2147 2727 1
2147 2736 1
2147 2779 1
2147 2811 1
2147 2904 1
2147 3301 1
2147 3352 1
2149 2736 1
2149 3133 1
2149 3175 1
2149 3524 1
2150 1658 1
2150 1689 1
2150 1964 1
2150 2079 1
2150 2658 1
2150 4122 1
2150 5296 1
2156 1255 1
2156 1289 1
2156 2070 1
2156 2252 1
2156 2329 1
2156 2521 1
2156 3120 1
2156 3207 1
2156 3244 1
2156 3343 1
2156 820 1
2156 900 1
2158 2049 1
2158 2476 1
2158 2647 1
2158 3093 1
2158 3396 1
2158 587 1
2161 2931 1
2161 683 1
2162 2533 1
2164 1070 1
2164 2872 1
2164 3950 1
2165 2546 1
2165 2691 1
2165 2759 1
2165 2979 1
2165 543 1
2168 1496 1
2168 2676 1
2168 3442 1
2168 4482 1
2171 1785 1
2172 2195 1
2172 2311 1
2172 2411 1
2172 2709 1
2172 3183 1
2172 3554 1
2172 4913 1
2176 1366 1
2176 1526 1
2176 2188 1
2176 2195 1
2176 2650 1
2176 3118 1
2176 3410 1
2176 3538 1
2176 3598 1
2176 4024 1
2176 5872 1
2176 6035 1
2176 6104 1
2176 736 1
2179 3303 1
2181 47 1
2182 162 1
2182 2253 1
2182 2330 1
2182 2373 1
2182 2688 1
2182 311 1
2182 3435 1
2182 6091 1
2184 3472 1
2184 6787 1
2188 2537 1
2191 4221 1
2194 111 1
2194 2809 1
2195 1222 1
2195 1366 1
2195 1526 1
2195 2537 1
2195 612 1
2202 2246 1
2203 2490 1
2205 1543 1
2205 2134 1
2205 2986 1
2205 3540 1
2205 5221 1
2205 5222 1
2205 961 1
2206 2851 1
2207 426 1
2210 2424 1
2210 5184 1
2215 2643 1
2218 2288 1
2218 764 1
2221 3168 1
2222 2247 1
2222 2303 1
2222 2738 1
2222 2779 1
2222 3301 1
2222 813 1
2226 1108 1
2226 141 1
2226 1641 1
2226 2249 1
2226 2309 1
2226 2386 1
2226 2481 1
2226 3183 1
2226 3408 1
2226 3727 1
2226 3820 1
2226 5231 1
2226 592 1
2226 5984 1
2226 796 1
2226 878 1
2228 2287 1
2228 3183 1
2228 3500 1
2228 998 1
2229 2330 1
2229 2910 1
2229 921 1
2232 2584 1
2233 2218 1
2233 2288 1
2233 764 1
2236 2442 1
2237 2826 1
2241 2006 1
2241 2271 1
2241 2273 1
2241 2427 1
2241 681 1
2241 757 1
2244 1584 1
2244 297 1
2244 766 1
2246 1003 1
2246 1811 1
2246 2202 1
2246 3311 1
2247 2303 1
2247 2779 1
2247 813 1
2249 141 1
2249 1641 1
2249 2015 1
2249 2226 1
2249 2386 1
2249 2481 1
2249 254 1
2249 3408 1
2252 1255 1
2252 1258 1
2252 1853 1
2252 2521 1
2252 3 1
2252 3451 1
2252 820 1
2252 900 1
2252 971 1
2253 2182 1
2253 2330 1
2255 447 1
2259 2360 1
2259 2515 1
2259 3650 1
2259 3769 1
2259 4024 1
2259 4319 1
2259 4336 1
2259 6210 1
2260 2501 1
2260 5898 1
2261 982 1
2264 5288 1
2265 3322 1
2265 3340 1
2265 6001 1
2266 2341 1
2266 242 1
2266 2755 1
2266 3334 1
2267 1084 1
2267 1469 1
2267 1766 1
2267 3008 1
2267 312 1
2267 854 1
2268 2423 1
2271 2273 1
2271 2427 1
2272 3291 1
2272 3309 1
2272 4348 1
2273 2427 1
2279 15 1
2279 5306 1
2279 766 1
2281 2390 1
2281 375 1
2281 515 1
2282 3774 1
2282 4199 1
2282 529 1
2282 5583 1
2282 624 1
2284 1718 1
2284 2127 1
2284 2494 1
2284 3094 1
2284 3776 1
2284 498 1
2284 948 1
2286 2091 1
2286 3044 1
2286 3731 1
2286 391 1
2287 2228 1
2287 3183 1
2287 3500 1
2287 998 1
2288 1472 1
2288 1562 1
2288 3404 1
2288 4283 1
2288 629 1
2288 6754 1
2288 702 1
2288 722 1
2288 813 1
2288 955 1
2292 206 1
2292 2362 1
2295 2855 1
2296 3026 1
2297 4862 1
2297 6209 1
2298 453 1
2301 226 1
2303 2781 1
2303 3120 1
2303 3301 1
2309 1494 1
2309 1835 1
2309 517 1
2309 5984 1
2311 5327 1
2314 3038 1
2329 1821 1
2329 1891 1
2329 2124 1
2329 2172 1
2329 2543 1
2329 3207 1
2329 3616 1
2329 3941 1
2329 5941 1
2329 614 1
2329 930 1
2330 2182 1
2330 2253 1
2330 2355 1
2330 2485 1
2330 2872 1
2330 3017 1
2334 1532 1
2334 1598 1
2334 3058 1
2334 3688 1
2334 605 1
2334 980 1
2338 3708 1
2341 2174 1
2341 2266 1
2341 3334 1
2342 2802 1
2342 3220 1
2343 2129 1
2343 3184 1
2347 2149 1
2347 3175 1
2347 3258 1
2351 6736 1
2355 2330 1
2355 2485 1
2355 921 1
2356 1593 1
2356 2423 1
2356 3088 1
2356 605 1
2356 980 1
2358 2369 1
2358 2645 1
2358 2789 1
2358 3725 1
2358 517 1
2358 967 1
2359 2447 1
2360 197 1
2360 2134 1
2360 2919 1
2360 3093 1
2360 3650 1
2360 3819 1
2360 3929 1
2360 4554 1
2362 2439 1
2362 2581 1
2363 2476 1
2363 2772 1
2364 1241 1
2364 1687 1
2364 214 1
2364 2578 1
2364 5428 1
2365 2695 1
2365 4037 1
2368 1593 1
2368 3088 1
2368 3191 1
2371 3335 1
2371 3693 1
2371 3929 1
2373 3093 1
2373 3396 1
2374 1590 1
2374 1792 1
2374 2926 1
2374 3544 1
2374 3849 1
2374 3923 1
2374 3971 1
2374 3995 1
2374 3996 1
2374 4274 1
2374 4543 1
2374 5374 1
2374 6440 1
2374 651 1
2374 6515 1
2374 853 1
2375 2624 1
2378 3347 1
2378 4336 1
2380 5878 1
2381 1196 1
2381 1286 1
2381 2866 1
2382 1275 1
2382 135 1
2382 2395 1
2382 4862 1
2386 2481 1
2386 3727 1
2390 515 1
2395 4862 1
2396 1250 1
2396 2970 1
2398 2870 1
2398 298 1
2398 6959 1
2400 2537 1
2400 3556 1
2400 517 1
2405 1684 1
2405 2249 1
2405 2719 1
2405 279 1
2405 3025 1
2405 4140 1
2405 4277 1
2405 536 1
2405 6295 1
2407 2015 1
2407 2481 1
2407 254 1
2407 2767 1
2407 3227 1
2407 3583 1
2407 3887 1
2407 428 1
2407 5142 1
2407 54 1
2407 898 1
2409 604 1
2409 98 1
2410 2844 1
2411 1390 1
2411 1705 1
2411 2784 1
2413 3483 1
2414 2771 1
2416 1418 1
2419 2878 1
2419 3203 1
2420 1571 1
2421 2975 1
2423 1022 1
2423 1149 1
2423 1157 1
2423 1459 1
2423 1593 1
2423 264 1
2423 3042 1
2423 3058 1
2423 3088 1
2423 3191 1
2423 3432 1
2423 376 1
2423 5978 1
2423 980 1
2424 3316 1
2424 5184 1
2426 888 1
2427 1189 1
2427 2006 1
2427 2241 1
2427 298 1
2427 681 1
2427 757 1
2433 1738 1
2433 3651 1
2433 3660 1
2436 12 1
2436 1488 1
2436 1711 1
2436 201 1
2436 2483 1
2436 4027 1
2437 2736 1
2439 2581 1
2439 2659 1
2444 1336 1
2444 1441 1
2444 1469 1
2444 1766 1
2444 2267 1
2444 2488 1
2444 2843 1
2444 312 1
2444 3344 1
2444 854 1
2445 3553 1
2450 2800 1
2450 3537 1
2450 510 1
2450 6770 1
2451 185 1
2451 6214 1
2453 4140 1
2453 4277 1
2460 2607 1
2460 3129 1
2461 2604 1
2461 2726 1
2461 3249 1
2461 582 1
2464 1856 1
2464 2062 1
2464 2365 1
2467 2891 1
2467 2922 1
2470 3385 1
2470 3445 1
2470 6186 1
2471 1523 1
2471 5482 1
2473 2763 1
2473 3230 1
2473 395 1
2473 5875 1
2476 1082 1
2476 1412 1
2476 1644 1
2476 2037 1
2476 2049 1
2476 2158 1
2476 2647 1
2476 2781 1
2476 3791 1
2476 3876 1
2476 4313 1
2478 3616 1
2478 930 1
2479 120 1
2479 3184 1
2479 612 1
2480 2721 1
2480 2920 1
2480 3466 1
2480 3863 1
2480 6736 1
2481 1108 1
2481 1453 1
2481 1538 1
2481 1641 1
2481 1889 1
2481 2015 1
2481 2226 1
2481 254 1
2481 2767 1
2481 2853 1
2481 3335 1
2481 3408 1
2481 592 1
2483 12 1
2483 1488 1
2483 1711 1
2483 201 1
2483 2436 1
2483 4027 1
2485 153 1
2485 2330 1
2485 2355 1
2485 921 1
2488 1040 1
2488 1336 1
2488 1355 1
2488 1441 1
2488 1766 1
2488 1876 1
2488 1921 1
2488 2843 1
2488 2882 1
2488 3471 1
2488 3524 1
2488 692 1
2494 3580 1
2494 3649 1
2494 498 1
2497 2120 1
2497 2132 1
2497 2913 1
2497 3460 1
2498 1843 1
2498 2127 1
2498 3637 1
2498 3950 1
2500 3490 1
2505 3106 1
2508 3484 1
2509 3137 1
2514 3677 1
2515 3254 1
2515 4148 1
2516 2975 1
2517 1451 1
2517 187 1
2521 1255 1
2521 820 1
2521 900 1
2527 2545 1
2530 1002 1
2530 1443 1
2530 1899 1
2537 1222 1
2537 1260 1
2537 2176 1
2537 2188 1
2537 2195 1
2537 2598 1
2537 2806 1
2537 2923 1
2537 3556 1
2537 3887 1
2537 517 1
2537 823 1
2539 3807 1
2542 1418 1
2542 2858 1
2544 2669 1
2544 2882 1
2544 3104 1
2544 496 1
2545 1227 1
2545 2078 1
2545 2133 1
2545 3427 1
2546 1010 1
2546 2165 1
2546 2691 1
2546 2759 1
2546 2979 1
2546 543 1
2547 2713 1
2547 3266 1
2549 2864 1
2549 916 1
2550 2772 1
2550 3130 1
2550 3170 1
2550 4663 1
2550 6091 1
2550 624 1
2557 3543 1
2557 3629 1
2557 3693 1
2558 130 1
2558 3049 1
2559 2874 1
2559 3299 1
2563 1986 1
2563 3108 1
2563 5923 1
2563 636 1
2565 6001 1
2575 1963 1
2575 3413 1
2578 212 1
2578 213 1
2578 619 1
2583 2638 1
2583 2640 1
2583 84 1
2586 2873 1
2588 2144 1
2588 2913 1
2591 2776 1
2591 632 1
2593 1859 1
2593 3152 1
2593 3927 1
2598 3887 1
2600 2583 1
2600 2638 1
2600 2640 1
2600 84 1
2601 3060 1
2601 3395 1
2603 1631 1
2603 2626 1
2603 3019 1
2603 3021 1
2603 3256 1
2603 352 1
2603 3935 1
2603 6555 1
2603 726 1
2603 850 1
2604 3949 1
2604 462 1
2607 2460 1
2607 3129 1
2609 1491 1
2609 3169 1
2611 2874 1
2611 3163 1
2614 1757 1
2614 2512 1
2614 2851 1
2617 1345 1
2617 1408 1
2617 1487 1
2617 2865 1
2617 2911 1
2617 3093 1
2617 316 1
2619 1394 1
2619 1420 1
2619 3471 1
2619 3778 1
2626 850 1
2626 939 1
2627 1331 1
2627 2697 1
2627 2838 1
2627 3151 1
2628 3814 1
2632 2929 1
2632 6712 1
2633 1463 1
2636 3145 1
2638 2640 1
2638 84 1
2640 5234 1
2640 84 1
2642 213 1
2642 856 1
2647 2049 1
2649 3163 1
2650 100 1
2650 1041 1
2650 1487 1
2650 2176 1
2650 2360 1
2650 3118 1
2650 3598 1
2650 3650 1
2650 4024 1
2650 736 1
2657 2870 1
2657 6959 1
2658 1658 1
2658 1964 1
2658 4122 1
2658 4486 1
2658 5296 1
2658 71 1
2658 778 1
2667 2704 1
2667 3107 1
2669 496 1
2676 1496 1
2676 2168 1
2676 3442 1
2677 2065 1
2677 492 1
2680 3139 1
2684 1540 1
2684 2046 1
2684 5209 1
2687 303 1
2687 3357 1
2688 1288 1
2688 162 1
2688 2182 1
2688 3435 1
2688 922 1
2690 1002 1
2690 1397 1
2690 1443 1
2690 1899 1
2690 2530 1
2690 3195 1
2691 2165 1
2691 2546 1
2691 2759 1
2691 2979 1
2691 543 1
2695 4037 1
2697 2627 1
2697 2838 1
2697 3845 1
2698 2968 1
2704 1472 1
2704 1562 1
2704 2288 1
2704 2460 1
2704 3404 1
2704 4059 1
2704 586 1
2704 722 1
2709 1087 1
2709 185 1
2709 2032 1
2709 3173 1
2709 3430 1
2709 3432 1
2709 701 1
2710 1058 1
2710 107 1
2710 1353 1
2710 3188 1
2710 400 1
2711 3420 1
2712 1181 1
2712 1442 1
2712 2954 1
2712 3033 1
2712 3309 1
2713 3266 1
2713 5433 1
2719 1684 1
2719 2226 1
2719 2249 1
2719 3727 1
2719 536 1
2721 2008 1
2721 2815 1
2721 2920 1
2721 3057 1
2721 6736 1
2721 850 1
2723 1461 1
2723 2950 1
2723 2973 1
2723 4816 1
2724 1785 1
2725 1125 1
2725 2095 1
2726 2461 1
2726 2748 1
2726 3121 1
2726 582 1
2727 1858 1
2727 2147 1
2727 2737 1
2727 2811 1
2728 3659 1
2733 1156 1
2733 2927 1
2735 3514 1
2736 3133 1
2737 2147 1
2737 2811 1
2738 3301 1
2738 813 1
2740 3164 1
2743 4386 1
2744 1690 1
2744 2047 1
2744 450 1
2745 2929 1
2745 6675 1
2748 1079 1
2748 1101 1
2748 1700 1
2748 1749 1
2748 1868 1
2748 3104 1
2748 3121 1
2748 3339 1
2748 477 1
2748 5263 1
2748 6074 1
2755 242 1
2758 1588 1
2758 2781 1
2758 3120 1
2758 5547 1
2758 605 1
2759 1010 1
2759 2165 1
2759 2546 1
2759 2691 1
2759 2979 1
2759 543 1
2763 1819 1
2763 3230 1
2763 395 1
2765 1085 1
2766 989 1
2769 3321 1
2771 461 1
2772 1673 1
2772 2144 1
2772 2363 1
2772 2476 1
2772 3149 1
2772 3170 1
2772 3186 1
2772 3323 1
2772 3326 1
2772 4663 1
2772 539 1
2772 6091 1
2772 81 1
2773 3302 1
2776 1309 1
2776 1783 1
2776 2095 1
2776 3096 1
2776 3144 1
2776 3330 1
2777 624 1
2778 2792 1
2778 497 1
2779 2811 1
2779 3301 1
2781 1588 1
2781 3120 1
2781 605 1
2782 2983 1
2782 3378 1
2784 1390 1
2784 1705 1
2785 2758 1
2785 2781 1
2785 3120 1
2785 5547 1
2787 41 1
2789 1715 1
2789 2358 1
2789 2645 1
2789 2687 1
2789 426 1
2789 517 1
2789 967 1
2793 1990 1
2793 912 1
2796 6133 1
2799 6798 1
2799 6980 1
2799 6981 1
2799 722 1
2800 510 1
2800 6770 1
2804 2288 1
2804 4283 1
2804 698 1
2804 702 1
2806 3669 1
2807 2913 1
2808 2316 1
2808 4222 1
2808 6384 1
2809 111 1
2810 1021 1
2810 1110 1
2810 1482 1
2810 1637 1
2810 3172 1
2811 181 1
2811 1858 1
2811 2147 1
2811 2779 1
2815 2008 1
2815 850 1
2823 575 1
2824 3000 1
2824 4801 1
2824 48 1
2826 1590 1
2826 1781 1
2826 1914 1
2829 524 1
2831 3679 1
2834 3189 1
2834 3597 1
2834 6 1
2838 1331 1
2838 2627 1
2838 2697 1
2838 3845 1
2843 1084 1
2843 1193 1
2843 1336 1
2843 1410 1
2843 1441 1
2843 1469 1
2843 1766 1
2843 2267 1
2843 2488 1
2843 3008 1
2843 312 1
2843 3344 1
2843 3471 1
2851 1757 1
2851 2099 1
2851 2123 1
2851 2512 1
2851 3255 1
2851 735 1
2853 1108 1
2853 1453 1
2853 1889 1
2853 592 1
2859 1262 1
2859 1990 1
2859 3944 1
2859 421 1
2859 6159 1
2861 3045 1
2865 1345 1
2865 1487 1
2865 2911 1
2865 3072 1
2865 3093 1
2866 1286 1
2869 5949 1
2870 298 1
2870 6959 1
2871 1020 1
2871 3949 1
2872 2182 1
2872 2253 1
2873 116 1
2873 316 1
2873 425 1
2873 6535 1
2874 1379 1
2874 1876 1
2874 230 1
2874 2488 1
2874 2559 1
2874 27 1
2874 2882 1
2874 3104 1
2874 3398 1
2874 3683 1
2874 424 1
2874 496 1
2874 550 1
2878 3203 1
2881 1700 1
2881 2893 1
2882 1379 1
2882 1876 1
2882 2488 1
2882 2559 1
2882 27 1
2882 2874 1
2882 2895 1
2882 3104 1
2882 3683 1
2882 424 1
2882 496 1
2882 514 1
2882 524 1
2882 550 1
2886 2483 1
2886 371 1
2890 1101 1
2890 3121 1
2891 2922 1
2892 3018 1
2893 1700 1
2893 2881 1
2894 3685 1
2894 3769 1
2894 3897 1
2894 4263 1
2894 5903 1
2896 2908 1
2896 5920 1
2908 5920 1
2911 3072 1
2912 3178 1
2913 2132 1
2913 2144 1
2913 2919 1
2915 3154 1
2917 982 1
2919 197 1
2920 3466 1
2920 3863 1
2923 1260 1
2923 2537 1
2926 1792 1
2926 2374 1
2926 3361 1
2926 3544 1
2926 3923 1
2926 3971 1
2926 3995 1
2926 3996 1
2926 4274 1
2926 4543 1
2926 5374 1
2926 651 1
2926 6515 1
2927 1057 1
2927 1156 1
2927 2733 1
2927 3051 1
2928 9 1
2929 6712 1
2930 3010 1
2930 3442 1
2938 1070 1
2938 2164 1
2938 2872 1
2938 3282 1
2939 158 1
2939 2127 1
2939 2498 1
2939 6905 1
2941 195 1
2941 3052 1
2941 4187 1
2941 4663 1
2947 1882 1
2947 3097 1
2947 949 1
2950 1461 1
2951 992 1
2952 27 1
2954 1033 1
2954 2712 1
2954 379 1
2960 2146 1
2960 914 1
2965 1055 1
2965 1471 1
2965 2499 1
2968 2058 1
2968 3035 1
2973 1640 1
2979 2165 1
2979 2546 1
2979 2691 1
2979 2759 1
2979 543 1
2979 6093 1
2983 1253 1
2983 3378 1
2986 2134 1
2986 3872 1
2986 5221 1
2988 5287 1
2988 662 1
2992 1920 1
2992 3576 1
2993 2265 1
2993 495 1
2995 5010 1
2996 6432 1
2997 6739 1
2999 6961 1
3000 2824 1
3001 3258 1
3007 2201 1
3007 2406 1
3007 2441 1
3007 818 1
3008 1084 1
3008 1336 1
3008 1441 1
3008 1469 1
3008 1766 1
3008 2267 1
3008 2444 1
3008 2488 1
3008 2843 1
3008 312 1
3008 3344 1
3010 904 1
3016 3378 1
3017 2253 1
3019 1631 1
3019 2626 1
3019 352 1
3019 3935 1
3023 1206 1
3023 1229 1
3023 3170 1
3023 624 1
3023 6599 1
3023 702 1
3023 838 1
3024 1510 1
3025 1900 1
3025 2405 1
3025 3675 1
3025 5309 1
3025 755 1
3026 2296 1
3026 2476 1
3026 343 1
3026 4712 1
3026 5158 1
3026 6273 1
3026 6303 1
3026 6381 1
3035 1156 1
3035 2058 1
3040 307 1
3040 509 1
3042 1022 1
3042 1157 1
3042 2423 1
3042 3432 1
3042 980 1
3044 1688 1
3044 2091 1
3044 3095 1
3044 3731 1
3044 391 1
3044 598 1
3045 1076 1
3045 2861 1
3048 1695 1
3050 671 1
3052 195 1
3052 2941 1
3052 4187 1
3052 4367 1
3052 4663 1
3052 86 1
3053 365 1
3058 1022 1
3058 1087 1
3058 1532 1
3058 1593 1
3058 2032 1
3058 2423 1
3058 2709 1
3058 304 1
3058 3088 1
3058 3173 1
3058 3430 1
3058 3688 1
3058 376 1
3058 605 1
3058 624 1
3058 701 1
3058 980 1
3060 1677 1
3060 3078 1
3060 3395 1
3060 428 1
3067 213 1
3067 3023 1
3067 3170 1
3067 438 1
3067 624 1
3067 838 1
3071 4467 1
3078 1677 1
3078 3060 1
3078 428 1
3081 22 1
3082 41 1
3088 1022 1
3088 1593 1
3088 1674 1
3088 2368 1
3088 2423 1
3088 361 1
3088 3717 1
3088 980 1
3089 1262 1
3093 1487 1
3093 1558 1
3093 3396 1
3093 703 1
3094 1718 1
3094 2127 1
3094 3776 1
3094 948 1
3095 1688 1
3095 1950 1
3095 292 1
3095 729 1
3096 3470 1
3097 1252 1
3097 1876 1
3097 1882 1
3097 1960 1
3097 263 1
3097 2947 1
3097 3690 1
3097 5022 1
3097 5923 1
3097 6790 1
3097 949 1
3098 1019 1
3098 2289 1
3098 5112 1
3099 2859 1
3099 3944 1
3099 901 1
3100 1848 1
3100 453 1
3100 5878 1
3101 2505 1
3101 3725 1
3101 4369 1
3101 5579 1
3101 6015 1
3101 912 1
3104 424 1
3104 5263 1
3108 2563 1
3111 1832 1
3111 5178 1
3111 889 1
3112 1859 1
3112 3264 1
3112 3597 1
3114 143 1
3114 2055 1
3114 3327 1
3114 605 1
3118 3598 1
3118 4024 1
3118 736 1
3120 1289 1
3120 1588 1
3120 2070 1
3120 2781 1
3120 3343 1
3120 3504 1
3120 5547 1
3120 605 1
3121 1179 1
3121 1513 1
3121 2055 1
3121 2748 1
3125 2558 1
3125 3661 1
3125 3729 1
3125 3735 1
3126 130 1
3126 1501 1
3126 1928 1
3130 3421 1
3130 477 1
3133 2738 1
3133 3287 1
3133 3446 1
3133 767 1
3133 813 1
3134 1670 1
3134 391 1
3139 1017 1
3139 2680 1
3139 3450 1
3143 20 1
3145 2636 1
3145 671 1
3149 2772 1
3149 3323 1
3149 3326 1
3151 1331 1
3151 2697 1
3151 2838 1
3152 1013 1
3152 1772 1
3152 1859 1
3152 3209 1
3152 3927 1
3157 1021 1
3157 1482 1
3157 1637 1
3157 2810 1
3158 465 1
3160 1614 1
3163 3341 1
3164 1795 1
3164 2701 1
3164 855 1
3164 905 1
3169 1491 1
3170 1206 1
3170 1229 1
3170 3023 1
3170 438 1
3170 4663 1
3170 6091 1
3170 624 1
3170 6599 1
3170 702 1
3170 838 1
3171 3451 1
3171 3996 1
3171 6701 1
3172 1021 1
3172 1110 1
3172 1482 1
3172 1637 1
3173 1087 1
3173 2032 1
3173 304 1
3173 3430 1
3173 435 1
3173 624 1
3173 701 1
3174 1492 1
3175 2061 1
3175 2149 1
3183 1453 1
3183 1744 1
3183 5304 1
3183 5943 1
3183 6043 1
3183 99 1
3184 120 1
3184 2129 1
3184 612 1
3186 2772 1
3186 360 1
3186 3612 1
3188 1058 1
3188 107 1
3188 1353 1
3188 2710 1
3188 3392 1
3188 400 1
3189 3597 1
3191 1022 1
3191 1261 1
3191 1593 1
3191 1744 1
3191 1866 1
3191 2024 1
3191 2032 1
3191 2356 1
3191 2423 1
3191 3088 1
3191 3273 1
3191 605 1
3191 701 1
3191 783 1
3191 980 1
3192 833 1
3195 1002 1
3195 1443 1
3195 1899 1
3195 2530 1
3196 1028 1
3196 1050 1
3196 2905 1
3202 1487 1
3202 1558 1
3202 2373 1
3202 3093 1
3202 3207 1
3202 3396 1
3206 1710 1
3207 1558 1
3207 2329 1
3207 2373 1
3207 2543 1
3207 2763 1
3207 3093 1
3207 3396 1
3207 5949 1
3209 1013 1
3209 1772 1
3209 3152 1
3209 3245 1
3219 1556 1
3219 275 1
3219 2804 1
3219 698 1
3219 702 1
3220 24 1
3220 3413 1
3220 3439 1
3220 5178 1
3222 31 1
3227 5142 1
3227 54 1
3230 395 1
3231 1562 1
3231 1994 1
3231 2288 1
3231 2460 1
3231 2704 1
3231 4059 1
3231 586 1
3236 1785 1
3244 1289 1
3244 1656 1
3244 2156 1
3245 1013 1
3245 844 1
3249 1774 1
3249 2503 1
3255 2099 1
3255 2123 1
3255 2512 1
3255 735 1
3256 850 1
3258 2149 1
3258 3175 1
3261 2076 1
3261 3382 1
3261 3565 1
3261 360 1
3261 834 1
3263 1671 1
3263 50 1
3264 3597 1
3272 3455 1
3272 460 1
3272 6896 1
3273 1641 1
3273 1744 1
3273 1866 1
3273 2032 1
3273 2226 1
3273 2481 1
3273 5159 1
3273 592 1
3273 701 1
3275 3169 1
3291 2272 1
3291 6765 1
3291 6797 1
3296 1915 1
3296 2322 1
3296 2528 1
3297 4048 1
3301 1858 1
3301 2147 1
3301 2779 1
3301 2811 1
3301 813 1
3302 617 1
3302 84 1
3306 6599 1
3307 1265 1
3307 2072 1
3309 1033 1
3309 2712 1
3309 2954 1
3309 379 1
3309 4348 1
3311 1003 1
3311 2202 1
3311 2246 1
3312 55 1
3323 2772 1
3323 3149 1
3323 3326 1
3326 2036 1
3326 2772 1
3326 3149 1
3326 3323 1
3334 2174 1
3334 2266 1
3335 1108 1
3335 1538 1
3335 3693 1
3335 3929 1
3338 3421 1
3339 1079 1
3339 1700 1
3339 1868 1
3341 3163 1
3343 1289 1
3343 2070 1
3344 1193 1
3344 1336 1
3344 1469 1
3344 2488 1
3344 2843 1
3344 312 1
3346 1584 1
3347 1443 1
3347 3748 1
3347 3797 1
3347 4336 1
3354 1683 1
3354 5900 1
3361 2374 1
3361 3996 1
3362 2516 1
3362 2975 1
3367 1085 1
3367 378 1
3369 1130 1
3369 934 1
3382 1266 1
3382 2076 1
3382 3565 1
3382 360 1
3382 834 1
3382 905 1
3382 980 1
3385 1410 1
3385 3445 1
3385 6186 1
3385 733 1
3396 100 1
3396 1023 1
3396 1487 1
3396 1558 1
3396 1757 1
3396 1764 1
3396 3093 1
3396 3262 1
3396 3292 1
3396 703 1
3396 958 1
3398 230 1
3404 722 1
3408 1641 1
3408 2015 1
3408 2226 1
3410 556 1
3410 5872 1
3410 6104 1
3410 855 1
3413 1963 1
3413 24 1
3413 3439 1
3413 5178 1
3414 570 1
3421 949 1
3422 3733 1
3427 1227 1
3427 2078 1
3427 2133 1
3432 1022 1
3432 1157 1
3432 2423 1
3432 980 1
3433 1096 1
3433 19 1
3433 419 1
3435 1288 1
3435 162 1
3435 2688 1
3435 3878 1
3435 518 1
3435 6690 1
3435 922 1
3437 2390 1
3438 2096 1
3441 3789 1
3442 1040 1
3442 1355 1
3442 487 1
3445 1410 1
3445 6186 1
3446 3133 1
3446 767 1
3450 1017 1
3450 2680 1
3451 1258 1
3451 1853 1
3451 3 1
3451 971 1
3455 2085 1
3455 6896 1
3460 2120 1
3460 2132 1
3460 2913 1
3461 3647 1
3461 428 1
3461 5142 1
3461 5299 1
3465 782 1
3466 2721 1
3466 2920 1
3466 3863 1
3470 3096 1
3470 382 1
3470 682 1
3470 911 1
3470 928 1
3471 1441 1
3471 1766 1
3471 3778 1
3472 6787 1
3480 3173 1
3480 435 1
3490 3510 1
3490 4048 1
3494 143 1
3494 234 1
3494 267 1
3495 98 1
3500 2228 1
3500 998 1
3501 4059 1
3504 3 1
3516 84 1
3520 4380 1
3535 2154 1
3537 2800 1
3537 510 1
3537 6770 1
3538 1366 1
3538 1526 1
3538 2195 1
3540 1543 1
3543 3693 1
3544 2374 1
3544 2926 1
3546 4299 1
3551 1677 1
3551 3060 1
3551 3078 1
3551 428 1
3552 265 1
3552 3617 1
3552 3728 1
3552 3852 1
3554 2311 1
3554 5327 1
3555 2407 1
3555 3227 1
3555 428 1
3555 5142 1
3555 54 1
3558 197 1
3558 2360 1
3558 2919 1
3562 1950 1
3562 292 1
3562 3095 1
3562 729 1
3565 1266 1
3565 2076 1
3565 360 1
3565 905 1
3565 980 1
3571 5118 1
3571 5134 1
3571 889 1
3574 1137 1
3576 2424 1
3579 3592 1
3580 498 1
3582 4139 1
3582 5207 1
3582 6209 1
3583 1983 1
3583 5142 1
3585 317 1
3592 3714 1
3596 3384 1
3596 3662 1
3596 3729 1
3597 1515 1
3597 1859 1
3597 6 1
3598 100 1
3598 1487 1
3598 2176 1
3598 2650 1
3598 736 1
3599 369 1
3601 3945 1
3612 3718 1
3616 1891 1
3616 2124 1
3616 3941 1
3616 614 1
3616 930 1
3617 265 1
3617 3852 1
3629 3693 1
3632 2374 1
3632 2926 1
3632 37 1
3635 3999 1
3636 5025 1
3637 2127 1
3637 3950 1
3637 6159 1
3646 1879 1
3646 3461 1
3646 3647 1
3646 4146 1
3646 477 1
3646 4870 1
3646 6865 1
3646 859 1
3647 1879 1
3647 2259 1
3647 2515 1
3647 3461 1
3647 3769 1
3647 428 1
3647 4319 1
3647 4336 1
3647 477 1
3647 4870 1
3647 5142 1
3647 5299 1
3647 6210 1
3647 6865 1
3647 6869 1
3650 1041 1
3650 2134 1
3650 2360 1
3650 2650 1
3650 281 1
3651 3660 1
3660 5131 1
3661 2558 1
3661 3729 1
3661 3735 1
3662 3691 1
3662 3729 1
3672 136 1
3672 1445 1
3672 3704 1
3672 3705 1
3672 3939 1
3675 1900 1
3675 2405 1
3683 2559 1
3683 2874 1
3683 3104 1
3683 424 1
3683 514 1
3683 524 1
3685 3769 1
3685 4263 1
3685 5903 1
3685 5949 1
3685 6327 1
3689 3274 1
3689 489 1
3689 5951 1
3689 6094 1
3689 6372 1
3693 1215 1
3693 2557 1
3693 3929 1
3695 1614 1
3695 3104 1
3695 5263 1
3704 1445 1
3704 3939 1
3705 136 1
3705 1445 1
3705 3704 1
3705 3939 1
3706 1607 1
3713 531 1
3717 1593 1
3717 1674 1
3717 2368 1
3717 361 1
3718 1021 1
3718 6234 1
3720 3653 1
3723 523 1
3723 722 1
3725 3101 1
3725 3774 1
3725 4199 1
3725 5579 1
3725 912 1
3727 1641 1
3727 1684 1
3727 2226 1
3727 2249 1
3727 2386 1
3727 2481 1
3727 796 1
3727 878 1
3728 265 1
3728 3617 1
3728 3852 1
3729 2558 1
3729 3662 1
3729 3691 1
3729 3735 1
3731 2091 1
3731 391 1
3732 524 1
3739 1079 1
3739 1873 1
3739 3044 1
3739 364 1
3746 1641 1
3746 2226 1
3746 2481 1
3746 3273 1
3746 5159 1
3746 592 1
3748 3797 1
3749 3513 1
3749 3619 1
3753 6828 1
3759 1463 1
3760 1526 1
3760 1558 1
3760 2176 1
3760 3946 1
3760 4081 1
3762 418 1
3762 5929 1
3769 1333 1
3769 2894 1
3769 3685 1
3769 3897 1
3769 4263 1
3769 4319 1
3769 4321 1
3769 4336 1
3769 5903 1
3769 6327 1
3769 86 1
3774 4199 1
3774 624 1
3775 4137 1
3776 1718 1
3776 948 1
3790 2051 1
3790 3893 1
3790 4059 1
3790 4086 1
3790 4335 1
3791 1082 1
3791 1412 1
3791 2781 1
3791 3876 1
3792 234 1
3798 1399 1
3805 1443 1
3805 1532 1
3805 1598 1
3805 3347 1
3819 4554 1
3822 2023 1
3845 2627 1
3845 2697 1
3849 1590 1
3852 265 1
3854 2032 1
3854 2172 1
3854 2195 1
3854 2411 1
3854 2709 1
3854 4913 1
3878 1288 1
3878 2688 1
3878 518 1
3893 4086 1
3905 803 1
3923 2374 1
3926 2728 1
3926 3659 1
3927 1859 1
3927 2593 1
3927 3152 1
3929 2182 1
3929 2373 1
3929 311 1
3929 6091 1
3935 726 1
3935 850 1
3941 1891 1
3941 2124 1
3944 1262 1
3944 1990 1
3944 421 1
3946 1526 1
3946 1558 1
3946 2176 1
3946 4081 1
3949 1020 1
3949 2558 1
3949 3125 1
3949 3661 1
3949 3729 1
3949 3735 1
3950 2127 1
3950 2164 1
3955 4010 1
3971 2374 1
3995 1792 1
3995 4274 1
3995 4543 1
3995 5374 1
3995 651 1
3995 6515 1
3996 2374 1
3996 2926 1
3996 6701 1
4010 3955 1
4012 1108 1
4012 1453 1
4012 1889 1
4012 2481 1
4012 2853 1
4012 592 1
4024 2360 1
4024 3650 1
4027 12 1
4027 1488 1
4027 1711 1
4048 1768 1
4048 1786 1
4059 4086 1
4059 4335 1
4081 1526 1
4081 1558 1
4081 2176 1
4086 2051 1
4086 3790 1
4086 3893 1
4086 4335 1
4112 4115 1
4115 1273 1
4119 3145 1
4119 393 1
4139 5207 1
4139 6209 1
4140 4277 1
4140 6295 1
4144 5287 1
4146 1879 1
4146 3461 1
4146 3647 1
4146 477 1
4146 4870 1
4146 6865 1
4161 2206 1
4161 2851 1
4166 3347 1
4166 3748 1
4166 3797 1
4179 431 1
4187 195 1
4187 2941 1
4187 3052 1
4187 4367 1
4187 5920 1
4187 86 1
4199 2358 1
4199 2369 1
4199 3725 1
4199 3774 1
4199 529 1
4199 6017 1
4199 912 1
4201 786 1
4222 2316 1
4222 2808 1
4222 6384 1
4263 1333 1
4263 3685 1
4263 3769 1
4263 3897 1
4263 6327 1
4263 86 1
4277 1900 1
4277 279 1
4277 3025 1
4277 4140 1
4277 6295 1
4305 1212 1
4305 3353 1
4311 2051 1
4311 3100 1
4311 75 1
4313 4312 1
4313 4319 1
4313 4321 1
4313 4324 1
4313 4369 1
4313 6160 1
4313 671 1
4319 4321 1
4319 4336 1
4324 4312 1
4324 4319 1
4324 4321 1
4324 4369 1
4324 671 1
4334 674 1
4336 261 1
4336 376 1
4336 3769 1
4336 4319 1
4336 4321 1
4367 195 1
4367 86 1
4369 2259 1
4369 2505 1
4369 2515 1
4369 261 1
4369 3647 1
4369 3769 1
4369 4319 1
4369 4336 1
4369 6015 1
4369 6186 1
4369 6210 1
4398 5393 1
4439 1066 1
4476 6727 1
4486 130 1
4486 1658 1
4486 2150 1
4486 2658 1
4486 5233 1
4486 778 1
4531 4969 1
4560 5931 1
4560 5935 1
4563 4593 1
4593 4563 1
4634 2988 1
4634 662 1
4638 532 1
4638 5769 1
4663 1664 1
4663 2358 1
4678 5901 1
4712 2476 1
4712 343 1
4712 5158 1
4712 6273 1
4717 2241 1
4717 298 1
4717 518 1
4717 6959 1
4791 6555 1
4855 1523 1
4855 1649 1
4855 2471 1
4870 1879 1
4870 3461 1
4870 477 1
4870 6865 1
4913 2195 1
4913 2411 1
4913 2709 1
4954 1631 1
4954 2665 1
4954 4791 1
4954 6555 1
4969 4531 1
5022 1075 1
5022 1252 1
5022 1882 1
5022 1960 1
5022 2515 1
5022 2947 1
5022 48 1
5022 949 1
5047 1684 1
5047 2226 1
5047 2719 1
5047 624 1
5104 2366 1
5112 2289 1
5117 1828 1
5118 5134 1
5118 889 1
5131 3660 1
5134 889 1
5142 428 1
5142 5299 1
5144 6092 1
5147 1298 1
5147 3794 1
5154 1075 1
5154 1418 1
5154 1819 1
5154 2164 1
5154 3335 1
5154 48 1
5154 671 1
5154 801 1
5158 2476 1
5158 343 1
5158 6273 1
5159 2226 1
5159 2481 1
5159 592 1
5172 141 1
5172 2226 1
5172 2249 1
5172 2386 1
5172 2481 1
5184 2210 1
5184 2424 1
5217 1083 1
5221 2134 1
5233 6729 1
5234 84 1
5246 2288 1
5246 6754 1
5251 2288 1
5251 2804 1
5251 4283 1
5251 702 1
5253 6144 1
5263 1614 1
5263 3104 1
5299 428 1
5305 6066 1
5306 15 1
5306 766 1
5309 1900 1
5309 2405 1
5309 3675 1
5309 755 1
5328 1487 1
5328 1558 1
5328 3093 1
5328 3396 1
5328 703 1
5817 6336 1
5872 6104 1
5875 1663 1
5875 2473 1
5878 1848 1
5881 6456 1
5883 1107 1
5883 1510 1
5883 3243 1
5883 897 1
5895 1344 1
5895 2282 1
5895 254 1
5895 3380 1
5895 5290 1
5912 1573 1
5912 1672 1
5920 3052 1
5923 6790 1
5929 3746 1
5929 3762 1
5929 418 1
5930 6144 1
5931 586 1
5931 5935 1
5935 1368 1
5935 4560 1
5935 5931 1
5941 1821 1
5941 2172 1
5943 1453 1
5943 1744 1
5943 5304 1
5943 6043 1
5943 99 1
5949 1644 1
5949 2037 1
5949 2329 1
5949 2476 1
5949 2543 1
5949 3207 1
5949 4313 1
5951 116 1
5951 1746 1
5951 6372 1
5951 96 1
5960 1012 1
5960 2772 1
5960 3323 1
5966 1247 1
6001 2265 1
6001 2993 1
6001 495 1
6014 1398 1
6015 2505 1
6017 529 1
6035 1366 1
6035 1526 1
6035 2195 1
6035 3538 1
6041 5906 1
6043 1453 1
6043 1744 1
6043 5304 1
6043 99 1
6067 6112 1
6091 2373 1
6091 311 1
6094 1417 1
6094 3274 1
6094 489 1
6097 1593 1
6097 3088 1
6097 3191 1
6104 3410 1
6104 5872 1
6112 1407 1
6112 2029 1
6118 2378 1
6118 3347 1
6118 4336 1
6126 2102 1
6126 2752 1
6130 3130 1
6134 380 1
6144 5930 1
6146 665 1
6160 4312 1
6160 4319 1
6160 4321 1
6160 4324 1
6160 4369 1
6160 671 1
6184 2679 1
6184 57 1
6184 596 1
6186 2259 1
6186 2515 1
6186 261 1
6186 3647 1
6186 3769 1
6186 4319 1
6186 4336 1
6186 6210 1
6194 1644 1
6194 254 1
6209 7034 1
6234 1021 1
6235 1598 1
6235 3355 1
6235 6132 1
6264 1082 1
6264 1412 1
6264 2476 1
6264 2781 1
6264 3791 1
6264 3876 1
6273 2476 1
6273 343 1
6295 1900 1
6295 4140 1
6303 6381 1
6363 1487 1
6363 3292 1
6363 3396 1
6384 2316 1
6384 2808 1
6462 1684 1
6515 1792 1
6515 4274 1
6515 4543 1
6515 5374 1
6524 2000 1
6599 1206 1
6599 1229 1
6599 3023 1
6599 624 1
6599 838 1
6729 1138 1
6729 5233 1
6736 2480 1
6736 2721 1
6765 2272 1
6765 6797 1
6783 665 1
6787 2184 1
6787 3472 1
6797 2272 1
6798 6980 1
6798 6981 1
6905 158 1
6905 2498 1
6931 794 1
6959 2241 1
6959 298 1
6959 518 1
6978 3002 1
6978 3429 1
6978 617 1
6978 84 1
6980 2799 1
6980 6798 1
6980 6981 1
6981 2799 1
6981 6798 1
6981 6980 1
6983 2191 1
6983 4221 1
