1 100 1
1 1023 1
1 2164 1
1 2782 1
2 3350 1
3 3120 1
6 3597 1
9 1021 1
9 1110 1
9 634 1
12 1711 1
12 2483 1
12 2936 1
13 32 1
17 2695 1
18 2229 1
18 2253 1
20 3143 1
21 2789 1
24 1035 1
24 1351 1
24 1748 1
24 1963 1
24 2846 1
24 636 1
27 1628 1
27 3960 1
28 3118 1
28 5580 1
30 47 1
31 241 1
31 2517 1
31 729 1
32 1625 1
32 2861 1
32 3147 1
32 3194 1
32 3846 1
32 503 1
41 2323 1
41 462 1
43 2506 1
44 2721 1
45 2218 1
45 2233 1
45 2570 1
45 534 1
45 721 1
47 2181 1
47 4042 1
47 7052 1
47 808 1
48 1644 1
48 2163 1
48 2170 1
48 2763 1
48 395 1
48 4319 1
48 4324 1
48 932 1
50 1671 1
50 3263 1
51 1671 1
51 3263 1
51 50 1
54 2407 1
54 3227 1
54 428 1
54 5142 1
55 1344 1
55 3403 1
57 2679 1
57 3377 1
57 4663 1
61 1536 1
61 2057 1
61 501 1
70 3839 1
73 1891 1
73 1950 1
73 197 1
73 2124 1
73 2329 1
73 2360 1
73 3650 1
74 2120 1
74 3671 1
74 3673 1
75 1490 1
75 2051 1
75 209 1
75 2772 1
75 3100 1
75 722 1
83 1890 1
83 2029 1
84 1938 1
84 2005 1
84 2025 1
84 2245 1
84 2640 1
84 3002 1
84 3462 1
84 617 1
84 6978 1
86 1374 1
86 1976 1
86 2550 1
86 376 1
86 4369 1
86 624 1
94 2768 1
97 2000 1
98 1013 1
98 1772 1
98 1859 1
98 3152 1
98 959 1
99 5943 1
100 1023 1
100 1487 1
100 703 1
103 4109 1
103 4148 1
107 1058 1
107 1353 1
107 2560 1
107 2710 1
107 400 1
110 3171 1
110 864 1
111 2050 1
111 2194 1
111 2809 1
111 447 1
114 2107 1
114 2147 1
115 2015 1
115 2282 1
115 254 1
115 3500 1
115 6704 1
115 998 1
116 1684 1
120 1008 1
120 1658 1
121 1085 1
127 1651 1
132 1153 1
132 759 1
135 1684 1
135 2441 1
135 3007 1
139 2043 1
140 2103 1
143 1247 1
143 1336 1
143 197 1
143 2624 1
143 534 1
143 605 1
143 661 1
144 1930 1
152 1510 1
159 1983 1
165 1783 1
165 1988 1
169 518 1
178 1201 1
178 1743 1
181 2215 1
181 2742 1
185 1900 1
185 2405 1
185 2481 1
185 3025 1
185 755 1
186 2205 1
186 780 1
186 990 1
188 1690 1
188 3111 1
189 1085 1
189 3367 1
193 506 1
197 1228 1
197 1950 1
197 2176 1
197 2360 1
197 3440 1
197 3650 1
197 382 1
197 395 1
203 1562 1
203 1705 1
203 2288 1
203 3404 1
203 518 1
203 813 1
203 955 1
205 1548 1
205 1919 1
209 1490 1
209 722 1
212 619 1
213 1838 1
213 2146 1
213 2628 1
213 3814 1
214 1957 1
214 289 1
214 3791 1
221 1085 1
221 1755 1
222 1181 1
222 1818 1
222 1899 1
222 1910 1
222 2960 1
226 1242 1
234 1355 1
234 1415 1
234 2178 1
234 2641 1
241 2517 1
241 31 1
242 3205 1
244 2407 1
244 428 1
244 5142 1
244 766 1
245 2938 1
247 2360 1
249 1478 1
252 1771 1
253 1384 1
253 1406 1
253 2726 1
253 3100 1
253 470 1
253 575 1
253 722 1
254 1531 1
254 2015 1
254 2226 1
254 2405 1
254 2767 1
254 3408 1
254 3500 1
254 942 1
254 998 1
261 416 1
261 4747 1
263 949 1
267 143 1
267 1697 1
267 534 1
271 1085 1
271 2790 1
276 2506 1
279 914 1
282 15 1
282 1610 1
282 2164 1
282 2279 1
282 5306 1
282 766 1
289 1189 1
289 1957 1
289 2104 1
289 2241 1
289 298 1
289 3791 1
292 2150 1
294 1849 1
295 2109 1
295 856 1
296 1910 1
298 1189 1
298 2241 1
301 2374 1
301 2688 1
301 3435 1
301 3610 1
301 6819 1
311 998 1
316 1345 1
316 1487 1
316 1558 1
316 2373 1
316 3093 1
316 3396 1
317 3585 1
322 1085 1
325 1900 1
325 2405 1
325 3025 1
325 4140 1
325 755 1
326 761 1
326 904 1
334 962 1
336 1464 1
346 1021 1
346 2681 1
360 1266 1
360 2076 1
360 3382 1
360 905 1
360 980 1
361 3790 1
364 1560 1
364 1629 1
364 1722 1
364 3044 1
364 3739 1
364 3993 1
364 621 1
365 3053 1
365 3164 1
366 2821 1
366 445 1
366 5422 1
367 383 1
367 997 1
369 1071 1
369 3599 1
371 676 1
375 1994 1
375 2133 1
375 2390 1
375 3427 1
375 515 1
376 2124 1
376 2176 1
376 3169 1
376 4321 1
376 4336 1
376 4405 1
376 6299 1
377 2838 1
378 1255 1
378 2468 1
378 3949 1
380 1724 1
382 1511 1
382 3440 1
382 6059 1
382 682 1
383 997 1
391 1563 1
391 2189 1
391 3731 1
391 477 1
391 598 1
391 6709 1
393 2407 1
393 428 1
395 1228 1
395 1520 1
395 2124 1
395 2160 1
395 2170 1
395 2176 1
395 2473 1
395 2534 1
395 2604 1
395 2763 1
395 3684 1
395 3746 1
395 48 1
395 657 1
395 932 1
397 671 1
399 1598 1
399 476 1
400 1058 1
400 1353 1
400 2710 1
404 2314 1
408 1399 1
416 4747 1
424 2748 1
424 2874 1
424 2882 1
424 3104 1
424 3105 1
424 3683 1
426 2815 1
428 1979 1
428 1983 1
428 2371 1
428 2407 1
428 3227 1
428 3877 1
428 4363 1
428 5142 1
428 6209 1
428 766 1
430 992 1
434 903 1
435 1819 1
435 2358 1
435 2707 1
435 2789 1
435 517 1
435 698 1
437 2850 1
437 447 1
439 1622 1
440 1398 1
440 1686 1
440 2184 1
447 2050 1
447 2194 1
447 2809 1
447 2850 1
453 1585 1
455 1557 1
455 3235 1
460 1418 1
461 6752 1
462 1893 1
466 2363 1
466 2476 1
466 2772 1
466 3149 1
470 1384 1
470 1819 1
470 2127 1
470 2169 1
470 2358 1
470 2455 1
470 2789 1
470 2823 1
470 435 1
470 4398 1
470 624 1
470 657 1
474 1007 1
474 3158 1
474 3378 1
476 1598 1
476 2690 1
476 2732 1
477 1563 1
477 2189 1
477 391 1
477 6709 1
480 1195 1
482 1481 1
482 1609 1
482 1914 1
487 1336 1
487 1340 1
487 1469 1
487 1651 1
487 2033 1
487 2843 1
487 3344 1
487 3471 1
488 1266 1
488 861 1
495 2265 1
495 2993 1
495 6001 1
497 1241 1
501 1536 1
501 2057 1
503 3147 1
505 1097 1
505 2517 1
505 910 1
506 3184 1
507 1523 1
507 1593 1
507 1649 1
507 1725 1
507 2176 1
507 2195 1
507 2550 1
507 3173 1
509 3040 1
509 4307 1
510 2450 1
515 1994 1
515 2390 1
517 1819 1
517 2358 1
517 2400 1
517 2645 1
517 2707 1
517 2789 1
517 3480 1
517 435 1
517 470 1
517 698 1
518 1584 1
518 1705 1
518 1876 1
518 1964 1
518 2081 1
518 2688 1
518 2758 1
518 2781 1
518 301 1
518 3435 1
518 3610 1
518 497 1
518 813 1
518 866 1
518 905 1
518 955 1
518 980 1
520 2845 1
523 3723 1
523 5879 1
524 1883 1
524 3732 1
527 1688 1
527 2532 1
527 6670 1
531 807 1
532 6140 1
532 618 1
534 143 1
534 1697 1
534 605 1
534 721 1
543 1899 1
543 2165 1
543 2546 1
543 2691 1
543 2759 1
543 2979 1
546 2970 1
555 2043 1
555 2127 1
555 2423 1
555 2758 1
555 2781 1
555 3120 1
555 3343 1
556 3410 1
561 1013 1
561 1859 1
561 3152 1
561 3245 1
562 2548 1
570 3414 1
575 1384 1
575 253 1
575 2823 1
575 470 1
581 1167 1
581 45 1
585 1478 1
585 249 1
586 1994 1
586 5931 1
590 1374 1
590 2956 1
590 3467 1
590 878 1
592 1108 1
592 1453 1
592 1641 1
592 2006 1
592 2226 1
592 2386 1
592 2481 1
592 3638 1
592 5107 1
592 5166 1
594 2820 1
598 3731 1
604 1360 1
608 2134 1
617 3462 1
620 2671 1
620 32 1
620 3421 1
620 634 1
621 1722 1
621 3993 1
624 1299 1
624 153 1
624 1641 1
624 1778 1
624 1866 1
624 2015 1
624 2127 1
624 2241 1
624 2550 1
624 2963 1
624 3170 1
624 3173 1
624 3230 1
624 4398 1
624 5196 1
624 5887 1
624 6052 1
624 6090 1
624 701 1
624 790 1
629 2796 1
629 3764 1
630 1015 1
631 2415 1
636 1963 1
636 1986 1
636 2563 1
636 3133 1
636 3593 1
636 4439 1
637 2025 1
637 2133 1
637 2545 1
640 1391 1
647 2689 1
647 2864 1
647 3474 1
654 1590 1
657 2169 1
657 2455 1
657 2604 1
657 960 1
660 1350 1
660 2367 1
661 1336 1
662 1576 1
662 1952 1
662 2400 1
662 2988 1
662 3200 1
662 5132 1
662 710 1
665 1124 1
665 6146 1
666 1510 1
667 1556 1
667 2204 1
670 1706 1
673 1274 1
678 1526 1
678 2176 1
678 3606 1
681 2006 1
681 2374 1
681 2577 1
681 690 1
681 757 1
682 1511 1
683 1498 1
683 2891 1
687 2278 1
687 3210 1
690 2006 1
690 2577 1
693 3455 1
698 1819 1
698 2358 1
698 2707 1
700 2029 1
700 5923 1
702 1556 1
703 1487 1
704 3308 1
704 3689 1
704 6535 1
709 1358 1
711 1644 1
711 1778 1
722 1384 1
722 1406 1
722 1425 1
722 1490 1
722 203 1
722 2051 1
722 2726 1
722 2772 1
722 2799 1
722 3100 1
722 3404 1
722 3708 1
726 2721 1
726 850 1
748 1532 1
748 1598 1
748 2334 1
751 2736 1
755 1796 1
755 185 1
755 1900 1
755 2282 1
755 2405 1
755 2481 1
755 3025 1
755 3662 1
755 4140 1
755 998 1
756 631 1
757 2006 1
757 2374 1
757 681 1
761 326 1
761 904 1
764 1705 1
764 2233 1
764 2288 1
764 5933 1
765 2496 1
766 15 1
766 1610 1
766 2164 1
766 2279 1
766 2407 1
766 5142 1
766 5306 1
767 2147 1
767 2727 1
778 1008 1
780 2205 1
780 990 1
781 4057 1
782 1505 1
787 2569 1
787 960 1
790 1137 1
790 2806 1
790 2857 1
790 3370 1
803 1543 1
808 1584 1
808 2181 1
808 3346 1
810 2506 1
813 1562 1
813 1705 1
813 2147 1
813 2247 1
813 2288 1
813 2779 1
813 3301 1
813 3404 1
813 955 1
824 2517 1
828 2248 1
833 1006 1
833 2547 1
833 5013 1
843 1846 1
850 1874 1
850 2603 1
850 2721 1
850 3935 1
856 1037 1
856 2109 1
856 2642 1
856 695 1
861 1266 1
861 1746 1
864 3171 1
866 1584 1
866 1964 1
866 2081 1
866 2423 1
866 518 1
866 905 1
866 980 1
878 1374 1
878 2956 1
878 3467 1
888 1296 1
891 1580 1
896 1318 1
896 254 1
896 2767 1
897 1339 1
897 1510 1
898 3877 1
898 4359 1
904 326 1
904 761 1
905 1705 1
905 2076 1
905 2233 1
905 2423 1
905 2758 1
905 3120 1
905 3382 1
905 980 1
910 1097 1
910 2517 1
912 192 1
912 2558 1
914 1510 1
916 2549 1
921 2229 1
924 1684 1
924 2015 1
924 2942 1
924 4663 1
930 1538 1
930 3335 1
930 3702 1
930 4144 1
932 2124 1
932 3616 1
939 2834 1
942 2015 1
942 2405 1
942 2767 1
949 1252 1
949 1882 1
949 1960 1
949 3097 1
955 1562 1
955 813 1
959 1859 1
960 2569 1
962 1958 1
962 1965 1
963 2059 1
963 2426 1
963 2671 1
965 1255 1
965 2156 1
965 3343 1
965 4157 1
967 2176 1
967 4663 1
979 1236 1
979 2261 1
979 982 1
980 1022 1
980 1157 1
980 1859 1
980 2076 1
980 2288 1
980 2423 1
980 2704 1
980 2758 1
980 3382 1
980 905 1
980 98 1
981 1372 1
981 6713 1
982 1236 1
982 2261 1
983 2164 1
983 3659 1
990 2205 1
990 4513 1
992 1438 1
992 3258 1
995 2258 1
995 2449 1
997 219 1
997 620 1
998 1124 1
998 1796 1
998 2282 1
998 2287 1
998 3500 1
998 3718 1
998 5538 1
999 1743 1
1005 2721 1
1005 6736 1
1006 2547 1
1007 3158 1
1007 3378 1
1008 1658 1
1010 2546 1
1010 2759 1
1012 2550 1
1012 2772 1
1012 3323 1
1012 4663 1
1012 6091 1
1013 3152 1
1013 3245 1
1013 98 1
1017 1771 1
1017 1944 1
1017 2680 1
1017 3060 1
1017 3078 1
1017 3450 1
1017 95 1
1018 2863 1
1019 2029 1
1019 2179 1
1019 2837 1
1019 2857 1
1019 3111 1
1020 2871 1
1021 1482 1
1021 2681 1
1021 3270 1
1022 1157 1
1022 2288 1
1022 2423 1
1022 2704 1
1022 905 1
1022 980 1
1023 100 1
1023 1487 1
1023 1684 1
1023 6368 1
1024 1614 1
1027 6719 1
1028 1050 1
1028 3196 1
1035 1351 1
1035 1963 1
1035 2147 1
1035 24 1
1035 2846 1
1037 2109 1
1037 2642 1
1037 695 1
1040 1876 1
1040 2080 1
1040 2488 1
1044 1510 1
1050 3196 1
1054 2045 1
1057 2927 1
1058 1353 1
1058 2710 1
1060 1538 1
1060 3245 1
1066 3145 1
1070 951 1
1076 1967 1
1077 1722 1
1077 1989 1
1077 3044 1
1079 1700 1
1079 1749 1
1079 1873 1
1081 1555 1
1082 1607 1
1082 1865 1
1082 2059 1
1083 5217 1
1084 1336 1
1084 2267 1
1084 2297 1
1085 1755 1
1085 271 1
1085 2790 1
1085 3367 1
1087 2032 1
1087 2709 1
1087 3173 1
1087 624 1
1088 1907 1
1089 1688 1
1089 1726 1
1096 2025 1
1097 2517 1
1101 1179 1
1101 1700 1
1101 2890 1
1108 1453 1
1108 1641 1
1108 2009 1
1108 2226 1
1108 2386 1
1108 2481 1
1108 3638 1
1108 4712 1
1108 5107 1
1108 592 1
1115 1417 1
1122 2721 1
1122 44 1
1124 3718 1
1125 2095 1
1138 3624 1
1147 1367 1
1155 2490 1
1156 2733 1
1156 2927 1
1157 2423 1
1157 905 1
1167 45 1
1167 581 1
1169 1705 1
1169 2233 1
1169 2570 1
1169 45 1
1169 534 1
1171 1591 1
1171 1599 1
1174 2984 1
1179 1513 1
1179 1700 1
1179 2055 1
1179 2748 1
1179 2890 1
1179 3121 1
1179 424 1
1179 682 1
1181 1895 1
1181 2396 1
1181 2834 1
1182 1816 1
1182 2512 1
1182 3100 1
1189 2241 1
1191 2913 1
1193 1510 1
1193 2843 1
1215 3629 1
1221 3450 1
1228 1819 1
1228 2176 1
1228 2473 1
1228 3746 1
1228 395 1
1232 1228 1
1232 1669 1
1232 2473 1
1232 395 1
1234 2590 1
1234 3200 1
1236 2261 1
1237 2228 1
1241 1687 1
1241 2364 1
1241 2960 1
1244 1928 1
1247 1442 1
1247 2624 1
1252 1882 1
1252 1960 1
1252 3097 1
1252 5022 1
1252 949 1
1254 3451 1
1255 2127 1
1255 2156 1
1255 2468 1
1255 2743 1
1255 3244 1
1255 3343 1
1255 4157 1
1266 1746 1
1266 2076 1
1266 3382 1
1269 1025 1
1273 2375 1
1273 4115 1
1273 5530 1
1286 2866 1
1289 2156 1
1289 3120 1
1293 3500 1
1293 942 1
1293 998 1
1299 1487 1
1299 1504 1
1299 153 1
1299 2183 1
1299 2241 1
1299 311 1
1299 3266 1
1299 3965 1
1299 5212 1
1311 1181 1
1311 222 1
1318 254 1
1332 1390 1
1333 3078 1
1333 5973 1
1336 1340 1
1336 2033 1
1336 2267 1
1336 2297 1
1336 2843 1
1336 3344 1
1336 3471 1
1337 2255 1
1338 3826 1
1340 1336 1
1340 2033 1
1340 2843 1
1340 3344 1
1340 3471 1
1343 1832 1
1344 3403 1
1344 4064 1
1344 55 1
1345 1487 1
1345 3396 1
1351 1035 1
1351 24 1
1351 2846 1
1354 518 1
1355 1415 1
1355 1584 1
1355 1876 1
1355 3353 1
1355 3618 1
1355 5585 1
1356 4408 1
1357 5914 1
1357 5926 1
1360 1429 1
1360 1948 1
1360 2506 1
1372 6713 1
1374 2956 1
1374 3467 1
1378 1823 1
1378 2518 1
1379 3962 1
1381 2372 1
1383 2144 1
1383 2498 1
1383 2939 1
1384 1406 1
1384 253 1
1384 2726 1
1384 3100 1
1384 470 1
1384 722 1
1389 1785 1
1390 1332 1
1390 1705 1
1398 1686 1
1398 2184 1
1399 1876 1
1399 408 1
1404 2106 1
1404 2547 1
1406 2726 1
1406 6876 1
1411 1931 1
1411 366 1
1411 815 1
1415 234 1
1415 2641 1
1419 2682 1
1431 2854 1
1438 3258 1
1441 1336 1
1441 2033 1
1441 2843 1
1443 5612 1
1453 1108 1
1453 1641 1
1453 2226 1
1453 2481 1
1463 1756 1
1469 3442 1
1472 1767 1
1476 6001 1
1482 1021 1
1482 1110 1
1482 2810 1
1482 3270 1
1482 907 1
1482 9 1
1484 2772 1
1487 100 1
1487 1345 1
1487 1558 1
1487 2049 1
1487 2183 1
1487 2373 1
1487 2617 1
1487 2865 1
1487 3093 1
1487 311 1
1487 316 1
1487 3262 1
1487 3396 1
1487 3965 1
1489 3885 1
1489 661 1
1490 1182 1
1490 1816 1
1490 2512 1
1490 3100 1
1492 3174 1
1496 2168 1
1496 2676 1
1498 1890 1
1498 2891 1
1504 2183 1
1504 2241 1
1504 3965 1
1504 5212 1
1505 1697 1
1505 2047 1
1510 1193 1
1510 2843 1
1510 2904 1
1510 3024 1
1513 2055 1
1513 2748 1
1514 1775 1
1523 1593 1
1523 1649 1
1523 1725 1
1523 2471 1
1523 507 1
1526 2176 1
1526 3261 1
1526 3606 1
1526 3760 1
1530 3432 1
1531 2015 1
1531 3408 1
1532 1598 1
1532 2334 1
1532 2534 1
1536 2057 1
1537 2833 1
1538 3245 1
1538 3335 1
1538 3702 1
1538 4144 1
1543 1889 1
1543 803 1
1544 1753 1
1544 1759 1
1544 5422 1
1548 1919 1
1556 1864 1
1556 2006 1
1556 2204 1
1556 2273 1
1556 2279 1
1556 2804 1
1558 1487 1
1558 1723 1
1558 2373 1
1558 3262 1
1558 3396 1
1560 1629 1
1560 3044 1
1560 3739 1
1560 3993 1
1562 203 1
1562 2288 1
1562 257 1
1562 3404 1
1562 813 1
1563 2189 1
1563 391 1
1563 477 1
1563 6709 1
1564 3685 1
1576 1952 1
1576 2909 1
1576 2988 1
1576 662 1
1577 6742 1
1581 2745 1
1584 1040 1
1584 1964 1
1584 2081 1
1584 2181 1
1584 2232 1
1584 2423 1
1584 3346 1
1584 497 1
1584 518 1
1584 5585 1
1584 866 1
1584 905 1
1584 980 1
1588 1289 1
1588 2156 1
1588 3120 1
1590 3546 1
1591 1599 1
1593 1649 1
1593 1725 1
1593 2471 1
1593 507 1
1596 1732 1
1598 1532 1
1598 1556 1
1598 2006 1
1598 2279 1
1598 2334 1
1598 2465 1
1598 2690 1
1598 2732 1
1598 3688 1
1606 84 1
1607 2059 1
1607 2278 1
1607 2902 1
1607 2913 1
1607 2966 1
1607 4037 1
1609 1481 1
1609 1914 1
1609 2826 1
1609 482 1
1610 15 1
1610 2164 1
1611 1659 1
1611 1760 1
1611 2399 1
1622 1786 1
1625 2861 1
1627 2291 1
1629 3044 1
1629 3739 1
1629 3993 1
1640 2723 1
1640 2973 1
1641 2015 1
1641 2226 1
1641 2249 1
1641 2481 1
1641 3638 1
1641 5166 1
1641 592 1
1642 2195 1
1642 2537 1
1644 1778 1
1646 1921 1
1649 1523 1
1649 1593 1
1649 1725 1
1649 2471 1
1649 507 1
1651 1469 1
1651 2013 1
1651 3344 1
1651 487 1
1658 2150 1
1658 292 1
1659 1611 1
1665 2413 1
1665 2460 1
1667 2046 1
1669 1228 1
1669 2473 1
1669 3686 1
1669 395 1
1671 3263 1
1671 50 1
1676 3444 1
1683 1900 1
1683 1903 1
1683 3025 1
1683 3675 1
1683 592 1
1683 6463 1
1683 755 1
1684 2719 1
1684 2942 1
1684 6325 1
1684 6368 1
1684 6462 1
1686 2184 1
1687 1241 1
1687 2364 1
1687 2960 1
1687 3314 1
1688 1722 1
1688 1726 1
1688 2532 1
1688 3044 1
1688 3095 1
1688 6670 1
1690 1697 1
1690 1765 1
1690 2047 1
1690 2744 1
1690 3111 1
1690 3318 1
1690 7014 1
1695 3048 1
1696 2970 1
1697 2047 1
1697 2744 1
1697 7014 1
1700 1079 1
1700 1179 1
1700 1873 1
1700 2748 1
1700 2882 1
1700 2890 1
1700 3121 1
1700 32 1
1700 6135 1
1703 2573 1
1705 1332 1
1705 1390 1
1705 2157 1
1705 2233 1
1705 2288 1
1705 2411 1
1705 2570 1
1705 2784 1
1705 3085 1
1705 3131 1
1705 45 1
1705 534 1
1705 5933 1
1706 670 1
1708 2843 1
1710 3206 1
1711 2483 1
1720 1736 1
1722 1989 1
1722 3044 1
1722 3095 1
1722 3993 1
1723 1487 1
1723 1558 1
1725 1523 1
1725 1593 1
1725 1649 1
1738 3651 1
1738 3660 1
1744 2015 1
1744 3500 1
1744 6336 1
1753 1759 1
1753 5422 1
1757 2124 1
1757 395 1
1757 6014 1
1759 5422 1
1765 3318 1
1772 2304 1
1772 2409 1
1781 1481 1
1781 1609 1
1781 1914 1
1781 482 1
1783 197 1
1783 1988 1
1783 2021 1
1783 2215 1
1783 2624 1
1783 2776 1
1783 6816 1
1785 2171 1
1785 2724 1
1785 2901 1
1796 2282 1
1796 6851 1
1806 3097 1
1816 2206 1
1816 2851 1
1818 1910 1
1818 2776 1
1818 3144 1
1819 2006 1
1819 2163 1
1819 2358 1
1819 2473 1
1819 2707 1
1819 2763 1
1819 3746 1
1819 395 1
1819 48 1
1819 932 1
1823 2518 1
1828 5117 1
1833 2439 1
1833 2659 1
1833 3106 1
1838 2146 1
1838 2628 1
1838 3814 1
1855 2872 1
1859 3152 1
1859 98 1
1864 1556 1
1864 2006 1
1864 2273 1
1864 2279 1
1864 2804 1
1866 1976 1
1866 2550 1
1866 3309 1
1866 4398 1
1866 5158 1
1866 5196 1
1866 624 1
1866 86 1
1873 1079 1
1873 1700 1
1873 1749 1
1873 2748 1
1876 1355 1
1876 2488 1
1876 3442 1
1882 1252 1
1882 1960 1
1882 3097 1
1882 5022 1
1882 949 1
1887 1018 1
1888 2859 1
1889 1108 1
1889 1453 1
1889 1641 1
1889 2226 1
1889 2386 1
1889 2481 1
1889 5107 1
1889 592 1
1889 803 1
1890 3090 1
1891 2124 1
1891 2329 1
1891 3207 1
1891 5949 1
1895 2834 1
1896 3078 1
1896 3687 1
1899 2165 1
1899 2495 1
1899 2691 1
1899 2960 1
1899 2979 1
1900 185 1
1900 2273 1
1900 2405 1
1900 3025 1
1900 3662 1
1900 3675 1
1900 4140 1
1900 592 1
1900 6463 1
1900 755 1
1903 1900 1
1903 3025 1
1903 3675 1
1903 592 1
1903 6463 1
1903 755 1
1904 3163 1
1910 296 1
1914 1481 1
1914 1609 1
1914 2826 1
1914 482 1
1919 1548 1
1919 205 1
1921 3184 1
1922 1651 1
1922 2869 1
1922 445 1
1924 181 1
1924 2215 1
1924 2742 1
1928 250 1
1930 144 1
1930 2241 1
1930 2782 1
1931 366 1
1931 815 1
1933 2601 1
1938 2640 1
1944 1017 1
1944 2941 1
1944 5884 1
1944 95 1
1950 2360 1
1950 24 1
1950 3650 1
1950 636 1
1952 2909 1
1952 2988 1
1952 662 1
1957 3791 1
1960 1252 1
1960 3097 1
1960 949 1
1963 3133 1
1964 2056 1
1964 2772 1
1964 3763 1
1964 3764 1
1976 2550 1
1976 624 1
1979 6209 1
1983 2371 1
1983 2909 1
1986 2563 1
1989 3044 1
1990 3944 1
1991 2149 1
1991 2736 1
1991 378 1
1991 751 1
1994 2249 1
1994 2770 1
1994 4162 1
1994 5931 1
2003 2453 1
2006 1556 1
2006 2163 1
2006 2241 1
2006 2273 1
2006 2279 1
2006 2374 1
2006 2465 1
2006 2481 1
2006 2577 1
2006 2763 1
2006 2804 1
2006 298 1
2006 395 1
2006 48 1
2006 681 1
2006 7033 1
2006 932 1
2008 2721 1
2009 4712 1
2009 592 1
2013 2265 1
2015 115 1
2015 1531 1
2015 1641 1
2015 2226 1
2015 2249 1
2015 2481 1
2015 254 1
2015 2644 1
2015 2767 1
2015 3408 1
2015 3727 1
2015 4663 1
2015 6194 1
2015 942 1
2021 165 1
2021 1783 1
2021 197 1
2021 1988 1
2021 2215 1
2021 6816 1
2023 1561 1
2024 1082 1
2024 2059 1
2025 1096 1
2029 1019 1
2029 2837 1
2029 5923 1
2032 2172 1
2032 2709 1
2032 3173 1
2032 3202 1
2032 3273 1
2032 624 1
2032 701 1
2033 2843 1
2033 3344 1
2033 3471 1
2043 2366 1
2043 2423 1
2043 2758 1
2043 2781 1
2043 3120 1
2045 1054 1
2047 2744 1
2049 2154 1
2049 2158 1
2049 2476 1
2049 3093 1
2050 2194 1
2050 2809 1
2051 2772 1
2051 3100 1
2055 2748 1
2059 1082 1
2059 2426 1
2061 1350 1
2061 1838 1
2062 2365 1
2062 2464 1
2065 2677 1
2065 2892 1
2070 2156 1
2076 3382 1
2078 2133 1
2078 2545 1
2078 637 1
2079 2872 1
2079 2938 1
2079 6402 1
2081 905 1
2081 980 1
2095 2374 1
2096 2115 1
2096 3438 1
2100 2162 1
2106 2547 1
2106 2854 1
2106 3559 1
2107 2147 1
2109 1037 1
2109 2642 1
2109 695 1
2112 2136 1
2115 2096 1
2115 3438 1
2116 1039 1
2116 3321 1
2120 3671 1
2120 3673 1
2122 2976 1
2123 1816 1
2123 2206 1
2123 2614 1
2123 2851 1
2124 2176 1
2124 2329 1
2124 3616 1
2124 4321 1
2124 4405 1
2124 6299 1
2127 2743 1
2127 2781 1
2127 3120 1
2133 1227 1
2133 2545 1
2133 3427 1
2133 637 1
2139 1803 1
2144 2498 1
2144 2939 1
2146 2628 1
2146 3814 1
2146 4855 1
2147 24 1
2147 2727 1
2147 2846 1
2147 378 1
2149 2604 1
2149 2736 1
2149 3524 1
2149 3719 1
2149 378 1
2149 5217 1
2149 751 1
2153 3676 1
2154 2049 1
2154 2158 1
2154 2363 1
2154 2476 1
2154 2772 1
2156 2070 1
2156 2127 1
2156 2781 1
2156 3120 1
2156 3244 1
2156 3343 1
2156 4157 1
2156 555 1
2157 3085 1
2158 2049 1
2158 2476 1
2159 3716 1
2160 2176 1
2160 2763 1
2160 2868 1
2160 4171 1
2163 2763 1
2163 395 1
2163 932 1
2164 15 1
2164 2277 1
2164 2782 1
2164 3472 1
2164 3659 1
2165 2546 1
2165 2691 1
2165 2759 1
2165 2979 1
2165 543 1
2168 1496 1
2168 2676 1
2169 2455 1
2169 657 1
2172 2709 1
2172 3202 1
2172 3273 1
2172 3662 1
2174 1692 1
2176 1526 1
2176 2195 1
2176 2534 1
2176 2550 1
2176 2563 1
2176 2604 1
2176 3173 1
2176 3261 1
2176 3598 1
2176 3606 1
2176 3760 1
2176 395 1
2176 4171 1
2176 4663 1
2178 144 1
2178 1930 1
2181 3346 1
2181 4042 1
2181 47 1
2181 7052 1
2182 1453 1
2182 2229 1
2183 311 1
2183 3965 1
2183 534 1
2189 391 1
2189 477 1
2195 2537 1
2206 1490 1
2206 209 1
2210 2424 1
2210 5184 1
2215 197 1
2215 2742 1
2215 6816 1
2226 1108 1
2226 1453 1
2226 1641 1
2226 2015 1
2226 2249 1
2226 2386 1
2226 2405 1
2226 2481 1
2226 2767 1
2226 3727 1
2226 5107 1
2226 5166 1
2226 592 1
2226 624 1
2226 942 1
2229 2253 1
2229 2330 1
2229 5166 1
2233 2288 1
2233 2570 1
2233 534 1
2233 5933 1
2241 1556 1
2241 1598 1
2241 2006 1
2241 2279 1
2241 2465 1
2241 298 1
2241 3965 1
2241 5212 1
2241 7033 1
2243 2483 1
2243 2803 1
2245 84 1
2247 2779 1
2248 3765 1
2249 1641 1
2249 2481 1
2249 2770 1
2249 3727 1
2249 4162 1
2258 2449 1
2262 2892 1
2265 2993 1
2265 465 1
2265 495 1
2265 6001 1
2267 2297 1
2272 3291 1
2273 1556 1
2273 1864 1
2273 2006 1
2273 2279 1
2273 2405 1
2273 2804 1
2273 3025 1
2273 681 1
2277 197 1
2278 2463 1
2278 2902 1
2278 3210 1
2279 15 1
2279 1556 1
2279 1610 1
2279 1864 1
2279 2006 1
2279 2164 1
2279 2465 1
2279 2804 1
2282 3500 1
2282 6017 1
2287 1293 1
2287 311 1
2287 3500 1
2287 5538 1
2287 942 1
2287 998 1
2288 1562 1
2288 1705 1
2288 203 1
2288 2704 1
2288 3404 1
2288 3701 1
2288 518 1
2288 813 1
2288 955 1
2290 3929 1
2290 395 1
2290 4319 1
2290 4324 1
2290 48 1
2292 2362 1
2295 2855 1
2296 3026 1
2303 2779 1
2314 326 1
2314 761 1
2314 904 1
2316 2808 1
2316 4222 1
2316 948 1
2329 3207 1
2329 5949 1
2330 3167 1
2334 1532 1
2334 1598 1
2334 3688 1
2347 3175 1
2347 3258 1
2357 4035 1
2358 1819 1
2358 2789 1
2358 435 1
2359 2447 1
2360 2473 1
2360 2650 1
2360 3650 1
2362 2439 1
2362 4173 1
2363 2476 1
2363 2772 1
2364 1241 1
2364 1687 1
2365 1296 1
2365 2464 1
2365 2695 1
2365 888 1
2366 2782 1
2371 1983 1
2371 428 1
2373 1487 1
2373 1558 1
2373 1723 1
2374 2916 1
2374 2926 1
2374 6440 1
2374 6819 1
2375 1241 1
2375 2671 1
2375 4115 1
2375 497 1
2382 3322 1
2395 1520 1
2395 2124 1
2395 2763 1
2395 395 1
2396 1181 1
2399 1415 1
2399 1611 1
2400 3200 1
2400 5132 1
2405 1683 1
2405 1900 1
2405 1903 1
2405 2015 1
2405 2481 1
2405 2767 1
2405 3025 1
2405 3675 1
2405 4140 1
2405 592 1
2405 6463 1
2405 755 1
2407 1983 1
2407 3227 1
2407 3877 1
2407 428 1
2407 5142 1
2409 1145 1
2409 3640 1
2410 2496 1
2410 2768 1
2410 3097 1
2410 4418 1
2411 2784 1
2414 2771 1
2423 1022 1
2423 2081 1
2423 2288 1
2423 2704 1
2423 518 1
2423 905 1
2423 980 1
2424 5184 1
2426 2059 1
2431 887 1
2433 2147 1
2433 813 1
2439 2659 1
2439 3106 1
2444 3471 1
2460 2410 1
2460 2496 1
2460 2768 1
2460 4418 1
2460 6915 1
2461 2726 1
2468 378 1
2471 1523 1
2471 1593 1
2471 1649 1
2476 2049 1
2476 2154 1
2476 2158 1
2476 2363 1
2476 2772 1
2476 466 1
2479 1008 1
2479 778 1
2480 2721 1
2480 2734 1
2481 1108 1
2481 115 1
2481 1453 1
2481 1531 1
2481 1641 1
2481 1900 1
2481 2009 1
2481 2015 1
2481 2226 1
2481 2386 1
2481 254 1
2481 2767 1
2481 3025 1
2481 3727 1
2481 4712 1
2481 5107 1
2481 592 1
2481 6194 1
2481 624 1
2483 2803 1
2483 2936 1
2488 1355 1
2488 1720 1
2488 1736 1
2489 6768 1
2496 2410 1
2496 2768 1
2496 4418 1
2498 2939 1
2505 2768 1
2505 3106 1
2505 3679 1
2506 43 1
2517 632 1
2517 6792 1
2517 824 1
2532 6670 1
2534 2604 1
2537 2195 1
2537 2400 1
2537 517 1
2545 1227 1
2546 1899 1
2546 2165 1
2546 2691 1
2546 2759 1
2546 2979 1
2546 543 1
2547 2854 1
2547 3559 1
2550 1976 1
2550 2176 1
2550 2195 1
2550 3017 1
2550 3598 1
2550 4663 1
2550 6090 1
2550 6091 1
2557 1215 1
2558 192 1
2558 3638 1
2558 3662 1
2558 3713 1
2558 3729 1
2558 3735 1
2558 5142 1
2558 6734 1
2559 3154 1
2560 107 1
2563 1526 1
2563 3108 1
2563 3606 1
2563 3760 1
2565 6001 1
2590 3200 1
2603 2721 1
2603 3935 1
2604 395 1
2604 657 1
2611 2874 1
2611 3163 1
2614 1816 1
2614 2206 1
2614 2851 1
2624 2776 1
2627 2697 1
2627 2838 1
2628 1838 1
2628 2146 1
2628 3814 1
2632 6712 1
2636 397 1
2636 671 1
2641 1727 1
2641 234 1
2644 254 1
2644 6194 1
2644 942 1
2645 3480 1
2649 3163 1
2666 1609 1
2666 1914 1
2666 482 1
2671 1241 1
2671 2375 1
2671 497 1
2676 1496 1
2676 4482 1
2677 2892 1
2679 3377 1
2679 4663 1
2680 3060 1
2682 1419 1
2684 1667 1
2684 2046 1
2688 3435 1
2688 3610 1
2689 3474 1
2691 2165 1
2691 2546 1
2691 2759 1
2691 2979 1
2691 543 1
2697 2838 1
2704 2288 1
2709 3173 1
2709 624 1
2721 2734 1
2721 2834 1
2721 3935 1
2721 6736 1
2723 2973 1
2726 2403 1
2733 1156 1
2733 2927 1
2736 378 1
2736 751 1
2740 3164 1
2740 365 1
2742 3184 1
2748 1079 1
2748 1179 1
2748 1700 1
2748 1749 1
2748 2882 1
2748 2890 1
2748 3104 1
2748 3121 1
2748 3683 1
2748 424 1
2748 5263 1
2748 682 1
2758 2781 1
2759 1899 1
2759 2165 1
2759 2546 1
2759 2691 1
2759 2979 1
2759 543 1
2763 1520 1
2763 2124 1
2763 2170 1
2763 395 1
2763 48 1
2763 932 1
2767 115 1
2767 1318 1
2767 1531 1
2767 254 1
2768 3106 1
2769 3321 1
2772 1012 1
2772 2363 1
2772 2476 1
2772 3149 1
2772 3323 1
2772 466 1
2776 3144 1
2778 3579 1
2781 2043 1
2781 2127 1
2781 2423 1
2781 2758 1
2781 3120 1
2781 3343 1
2781 905 1
2781 980 1
2787 3932 1
2790 1085 1
2790 1991 1
2790 271 1
2790 3947 1
2792 431 1
2796 3764 1
2804 1556 1
2808 2316 1
2808 4222 1
2808 948 1
2810 1021 1
2810 1110 1
2810 9 1
2815 2721 1
2815 850 1
2821 860 1
2823 1562 1
2823 257 1
2824 3000 1
2826 1481 1
2826 1609 1
2826 1781 1
2826 1914 1
2826 482 1
2827 2890 1
2827 5906 1
2829 524 1
2830 436 1
2831 3679 1
2837 1019 1
2837 2857 1
2843 1193 1
2843 1651 1
2843 3344 1
2846 1035 1
2846 24 1
2850 437 1
2850 447 1
2851 1182 1
2851 1490 1
2851 1816 1
2851 2512 1
2851 3100 1
2854 833 1
2865 1345 1
2865 1487 1
2865 2617 1
2865 3093 1
2865 316 1
2865 3396 1
2868 2176 1
2868 4171 1
2868 4311 1
2871 6159 1
2874 2882 1
2874 3104 1
2874 3163 1
2874 3683 1
2875 944 1
2882 1179 1
2882 2748 1
2882 2890 1
2882 3104 1
2882 3683 1
2882 424 1
2882 496 1
2882 5263 1
2890 5906 1
2891 3181 1
2892 2262 1
2904 1510 1
2909 2988 1
2909 662 1
2913 1607 1
2913 3947 1
2913 4037 1
2916 2926 1
2926 177 1
2926 2374 1
2926 3538 1
2926 3995 1
2927 1156 1
2927 2733 1
2930 1336 1
2930 1469 1
2930 3442 1
2930 3471 1
2938 6402 1
2941 1017 1
2944 3198 1
2944 3267 1
2944 3341 1
2963 3170 1
2963 3230 1
2965 1252 1
2965 1882 1
2965 3097 1
2965 949 1
2979 2165 1
2979 2546 1
2979 2691 1
2979 2759 1
2979 543 1
2988 2995 1
2988 662 1
2988 710 1
2995 662 1
2997 6739 1
3001 2358 1
3001 3258 1
3002 6978 1
3002 84 1
3008 1195 1
3017 1976 1
3017 998 1
3025 3675 1
3025 592 1
3025 6463 1
3025 755 1
3038 3097 1
3044 3095 1
3044 3739 1
3044 3993 1
3048 1695 1
3078 3450 1
3078 5973 1
3093 1345 1
3093 1487 1
3093 1558 1
3093 2373 1
3093 2617 1
3093 2865 1
3093 316 1
3093 3396 1
3097 1252 1
3097 1882 1
3097 1960 1
3097 2496 1
3097 5022 1
3097 949 1
3098 1007 1
3098 3378 1
3100 1490 1
3100 1816 1
3100 209 1
3100 2512 1
3100 253 1
3100 722 1
3100 75 1
3101 3173 1
3101 3725 1
3101 912 1
3104 2882 1
3104 3683 1
3104 424 1
3104 5263 1
3105 3683 1
3106 2003 1
3106 2453 1
3109 1017 1
3109 3060 1
3115 3439 1
3118 28 1
3118 5580 1
3120 2043 1
3120 2127 1
3120 2423 1
3120 2758 1
3120 2781 1
3120 3343 1
3120 518 1
3120 555 1
3120 980 1
3121 2748 1
3121 2890 1
3130 1976 1
3130 2550 1
3136 2458 1
3139 1017 1
3139 2680 1
3139 3060 1
3139 3450 1
3144 1783 1
3144 2624 1
3144 2776 1
3163 3883 1
3164 1082 1
3164 365 1
3166 526 1
3169 2124 1
3169 2176 1
3169 4321 1
3169 4336 1
3169 4405 1
3169 6299 1
3170 3230 1
3170 838 1
3173 3480 1
3173 3725 1
3173 435 1
3173 517 1
3173 701 1
3173 912 1
3175 3258 1
3184 506 1
3198 3267 1
3198 3341 1
3200 5132 1
3207 5949 1
3227 2407 1
3227 428 1
3227 4363 1
3230 3677 1
3230 838 1
3258 2358 1
3261 2076 1
3261 3382 1
3261 360 1
3263 1671 1
3263 50 1
3263 51 1
3267 3341 1
3270 1021 1
3270 1482 1
3272 3455 1
3289 3316 1
3308 3689 1
3308 6535 1
3308 704 1
3309 5196 1
3309 624 1
3314 1241 1
3321 1039 1
3323 1012 1
3335 3702 1
3335 4144 1
3343 1289 1
3343 1588 1
3343 2070 1
3343 2156 1
3343 3120 1
3344 1336 1
3344 2843 1
3353 3618 1
3377 4663 1
3378 1007 1
3379 1684 1
3379 2719 1
3382 2076 1
3382 360 1
3396 1345 1
3396 1487 1
3396 1558 1
3396 2049 1
3396 2373 1
3396 3093 1
3396 316 1
3396 3262 1
3408 115 1
3408 1531 1
3408 2481 1
3408 254 1
3408 2767 1
3408 6194 1
3414 1828 1
3418 5918 1
3421 2265 1
3421 465 1
3435 3610 1
3436 1085 1
3438 2096 1
3439 1425 1
3439 722 1
3442 1336 1
3442 1469 1
3442 3471 1
3444 1676 1
3450 1896 1
3450 2680 1
3450 3078 1
3458 1234 1
3458 2590 1
3458 3200 1
3460 2913 1
3471 1336 1
3471 1469 1
3471 2843 1
3471 3344 1
3480 435 1
3480 517 1
3500 115 1
3500 254 1
3500 311 1
3500 6336 1
3500 942 1
3500 998 1
3514 2735 1
3534 5217 1
3544 177 1
3544 2374 1
3544 2926 1
3544 3538 1
3544 3995 1
3563 177 1
3563 2374 1
3563 2926 1
3563 3538 1
3563 3544 1
3563 3923 1
3563 3995 1
3563 4276 1
3579 3592 1
3579 3714 1
3597 6 1
3598 2176 1
3598 2195 1
3598 2550 1
3598 3173 1
3598 3929 1
3598 507 1
3606 1526 1
3606 2176 1
3606 678 1
3632 177 1
3632 2374 1
3632 2926 1
3632 3538 1
3632 3544 1
3632 3563 1
3632 3923 1
3632 3995 1
3632 4276 1
3637 1893 1
3637 6159 1
3638 2226 1
3638 2481 1
3638 5166 1
3638 592 1
3640 1145 1
3651 3660 1
3653 3720 1
3661 2558 1
3661 3638 1
3661 3662 1
3661 3713 1
3661 3729 1
3661 3735 1
3661 5142 1
3661 6734 1
3662 185 1
3662 2405 1
3662 3025 1
3662 3638 1
3662 3729 1
3662 3735 1
3662 5142 1
3667 3677 1
3671 3673 1
3672 3676 1
3672 3704 1
3672 3705 1
3675 2405 1
3675 3025 1
3675 6463 1
3675 755 1
3676 3704 1
3676 3705 1
3682 2032 1
3682 2172 1
3682 2709 1
3682 3202 1
3682 3273 1
3682 5194 1
3683 1700 1
3683 2748 1
3683 2882 1
3683 3104 1
3683 424 1
3688 1532 1
3689 6535 1
3704 3705 1
3708 203 1
3713 3638 1
3713 3662 1
3713 3729 1
3713 3735 1
3713 5142 1
3725 912 1
3727 2226 1
3729 2 1
3729 5357 1
3729 5941 1
3759 1463 1
3759 1756 1
3760 1526 1
3760 1819 1
3760 2006 1
3760 2163 1
3760 2176 1
3760 2763 1
3760 3261 1
3760 3606 1
3760 395 1
3760 48 1
3760 932 1
3763 1964 1
3763 3764 1
3764 1964 1
3769 1564 1
3769 3685 1
3769 376 1
3769 4319 1
3769 4336 1
3769 6194 1
3778 1336 1
3778 1340 1
3778 2033 1
3778 2843 1
3778 3344 1
3778 3471 1
3778 487 1
3794 5929 1
3816 2415 1
3816 631 1
3877 4362 1
3877 5142 1
3877 898 1
3885 661 1
3908 2374 1
3908 301 1
3923 177 1
3923 2374 1
3923 2926 1
3923 3538 1
3923 3544 1
3923 3995 1
3929 2176 1
3929 2195 1
3929 2550 1
3929 3173 1
3929 395 1
3929 4319 1
3929 4324 1
3929 48 1
3929 507 1
3929 6283 1
3942 722 1
3944 1578 1
3944 1888 1
3947 1991 1
3949 2468 1
3965 1299 1
3965 153 1
3965 2241 1
3965 6052 1
3965 624 1
4037 1607 1
4037 2913 1
4042 1705 1
4042 2411 1
4064 55 1
4086 361 1
4086 3790 1
4086 4335 1
4109 4148 1
4109 5141 1
4172 1453 1
4172 2182 1
4172 5817 1
4172 5937 1
4184 241 1
4184 2517 1
4184 31 1
4194 376 1
4194 4369 1
4194 86 1
4222 2316 1
4222 948 1
4224 1721 1
4276 177 1
4276 2374 1
4276 2926 1
4276 3538 1
4276 3544 1
4276 3923 1
4276 3995 1
4319 376 1
4319 395 1
4319 4324 1
4319 4336 1
4319 6194 1
4321 2176 1
4321 4405 1
4321 6299 1
4324 6283 1
4335 361 1
4335 3790 1
4336 2124 1
4336 2176 1
4336 376 1
4336 4321 1
4336 4405 1
4336 6194 1
4336 6299 1
4359 898 1
4362 898 1
4363 2407 1
4369 2164 1
4369 376 1
4369 86 1
4398 1976 1
4398 2550 1
4398 5022 1
4398 5973 1
4398 624 1
4398 86 1
4600 2604 1
4600 657 1
4663 1012 1
4663 6091 1
4712 1108 1
4712 1641 1
4712 2015 1
4712 2226 1
4712 2481 1
4712 3638 1
4712 5166 1
4712 592 1
4862 1228 1
4862 1490 1
4862 1819 1
4862 2473 1
4862 3100 1
4862 3746 1
4862 395 1
4862 75 1
4870 1567 1
4870 6335 1
5022 1252 1
5022 1757 1
5022 1882 1
5022 1960 1
5022 2124 1
5022 3097 1
5022 395 1
5022 5973 1
5022 6014 1
5022 949 1
5107 1453 1
5107 1641 1
5107 2386 1
5142 1641 1
5142 1874 1
5142 1983 1
5142 2015 1
5142 2226 1
5142 2407 1
5142 3227 1
5142 393 1
5142 428 1
5142 54 1
5142 850 1
5142 862 1
5156 6159 1
5163 5929 1
5163 5931 1
5166 1108 1
5166 1641 1
5166 2226 1
5166 2481 1
5166 3638 1
5166 592 1
5194 2032 1
5194 2172 1
5194 2709 1
5194 3202 1
5194 3273 1
5196 1778 1
5196 1866 1
5196 5887 1
5196 624 1
5306 15 1
5306 1610 1
5306 2164 1
5306 2279 1
5315 1021 1
5357 2 1
5357 5941 1
5530 2375 1
5530 4115 1
5538 115 1
5538 2015 1
5538 254 1
5538 3500 1
5538 6704 1
5817 5937 1
5884 1017 1
5884 2941 1
5914 5926 1
5929 5931 1
5931 5935 1
5932 1994 1
5932 2249 1
5932 2770 1
5932 4162 1
5941 2 1
5949 3207 1
5957 1299 1
5957 3266 1
5995 1299 1
5995 3266 1
5995 5957 1
6001 2265 1
6001 2565 1
6001 2993 1
6001 495 1
6014 2124 1
6014 395 1
6017 529 1
6052 1299 1
6052 153 1
6052 2241 1
6135 1079 1
6135 1700 1
6135 1749 1
6135 1873 1
6135 2748 1
6135 32 1
6146 665 1
6159 1893 1
6194 115 1
6194 1531 1
6194 254 1
6194 2767 1
6194 942 1
6209 1979 1
6209 428 1
6325 6462 1
6335 1567 1
6336 4172 1
6336 5817 1
6336 5937 1
6463 3025 1
6505 1504 1
6505 2183 1
6505 3965 1
6704 2015 1
6704 254 1
6704 3500 1
6709 1407 1
6734 3638 1
6734 3662 1
6734 3713 1
6734 3729 1
6734 3735 1
6734 5142 1
6792 632 1
6798 6980 1
6798 6981 1
6853 3647 1
6915 2410 1
6915 2496 1
6915 2768 1
6915 4418 1
6980 6981 1
