1 15 1
1 1610 1
1 2191 1
1 2366 1
1 766 1
1 824 1
3 3144 1
3 494 1
12 1394 1
12 1488 1
12 1711 1
12 2436 1
12 2483 1
12 2886 1
12 2909 1
12 544 1
12 6829 1
15 1610 1
15 766 1
24 1950 1
24 2563 1
24 636 1
24 84 1
27 1628 1
27 3960 1
31 2913 1
36 1705 1
37 2721 1
37 2834 1
43 2506 1
45 1705 1
45 2183 1
45 2233 1
45 534 1
45 964 1
47 4042 1
47 4112 1
51 1671 1
51 3263 1
55 3719 1
56 1622 1
57 1645 1
57 2679 1
64 1590 1
64 2374 1
65 2360 1
65 3178 1
67 3101 1
67 912 1
67 941 1
71 1008 1
71 1658 1
75 1490 1
75 209 1
75 3100 1
79 1590 1
79 2460 1
84 1062 1
84 1442 1
84 1606 1
84 1607 1
84 1634 1
84 1765 1
84 1834 1
84 1938 1
84 1950 1
84 3133 1
84 3429 1
84 3850 1
84 636 1
84 6873 1
86 1374 1
86 507 1
86 817 1
86 878 1
88 684 1
88 935 1
95 1017 1
95 1944 1
98 1013 1
98 1772 1
98 1859 1
98 2164 1
98 3152 1
98 3360 1
98 435 1
100 1487 1
100 703 1
106 1561 1
106 442 1
107 2560 1
111 2194 1
111 2809 1
118 1611 1
124 1355 1
127 2490 1
133 1085 1
133 189 1
133 2024 1
141 1754 1
143 1247 1
143 1665 1
143 1697 1
143 2150 1
143 534 1
143 605 1
144 1930 1
144 3106 1
178 1743 1
182 1132 1
186 2205 1
186 2986 1
186 608 1
186 990 1
189 1085 1
189 2490 1
189 4885 1
194 1584 1
194 2244 1
194 518 1
197 1289 1
197 2360 1
197 2758 1
197 2781 1
197 3120 1
198 2996 1
206 2439 1
209 1490 1
209 3100 1
209 3672 1
216 2021 1
225 1399 1
234 1415 1
249 1478 1
253 1384 1
253 2772 1
253 470 1
253 575 1
254 1641 1
254 2015 1
261 416 1
261 4747 1
261 6573 1
263 1651 1
263 2742 1
281 1019 1
282 2164 1
282 2277 1
282 2796 1
282 780 1
287 1605 1
289 2104 1
298 2006 1
298 518 1
298 681 1
305 2683 1
305 2748 1
305 477 1
319 2286 1
319 2374 1
319 301 1
319 519 1
346 2856 1
346 2890 1
346 464 1
346 499 1
354 3307 1
365 1795 1
365 3164 1
367 997 1
368 1462 1
369 1071 1
371 2122 1
371 676 1
374 3036 1
376 2176 1
376 2613 1
376 3717 1
376 3769 1
376 395 1
376 4319 1
376 4336 1
377 2838 1
377 2948 1
379 2461 1
379 2604 1
382 682 1
385 3130 1
391 1629 1
391 1722 1
391 477 1
395 1096 1
395 1228 1
395 1232 1
395 1577 1
395 1669 1
395 1819 1
395 2170 1
395 2176 1
395 2195 1
395 2473 1
395 261 1
395 2613 1
395 2763 1
395 3684 1
395 3717 1
395 376 1
395 3769 1
395 4312 1
395 4319 1
395 4321 1
395 4336 1
395 6160 1
395 6209 1
395 859 1
395 932 1
395 934 1
399 1532 1
399 1598 1
399 2690 1
399 2732 1
399 476 1
400 1058 1
400 107 1
403 890 1
416 4747 1
416 6573 1
422 870 1
424 3683 1
425 1032 1
425 2049 1
425 2402 1
425 2586 1
425 2772 1
425 2873 1
425 6535 1
427 819 1
428 1538 1
428 1900 1
428 1983 1
428 2176 1
428 2297 1
428 2371 1
428 2407 1
428 254 1
428 3183 1
428 3335 1
428 5142 1
435 1013 1
435 1019 1
435 3152 1
436 2830 1
436 471 1
440 2184 1
442 1561 1
445 989 1
447 2050 1
451 2164 1
453 2298 1
457 1668 1
464 2856 1
464 2890 1
464 2945 1
464 346 1
464 499 1
466 2154 1
466 2772 1
470 1384 1
470 2169 1
470 253 1
470 2823 1
470 3100 1
470 575 1
470 657 1
476 1598 1
476 2690 1
476 2732 1
476 399 1
477 1629 1
477 1689 1
477 1722 1
477 1879 1
477 2079 1
477 2683 1
477 2748 1
477 2872 1
477 3160 1
477 3647 1
477 6402 1
480 638 1
482 1609 1
487 1336 1
487 1340 1
487 3471 1
487 3778 1
488 1266 1
488 861 1
494 3144 1
494 3363 1
494 3809 1
494 794 1
495 2265 1
495 3373 1
495 6001 1
495 747 1
496 2882 1
497 1584 1
497 518 1
499 2856 1
499 2890 1
499 2945 1
499 346 1
507 1684 1
507 924 1
510 2450 1
514 1154 1
518 1584 1
518 2006 1
518 866 1
519 2286 1
519 2374 1
519 2511 1
519 301 1
520 1592 1
527 1054 1
531 2357 1
531 807 1
532 2621 1
532 6140 1
534 1247 1
534 1355 1
534 1665 1
534 1697 1
534 1705 1
534 2150 1
534 2183 1
534 2233 1
534 2916 1
534 45 1
534 605 1
534 964 1
543 1010 1
543 1899 1
543 2165 1
543 2546 1
543 2759 1
543 2979 1
544 2483 1
555 2127 1
555 2758 1
555 2781 1
555 3120 1
561 1859 1
561 3152 1
575 1384 1
575 253 1
575 3100 1
575 470 1
587 1744 1
587 998 1
592 1641 1
592 2481 1
592 3713 1
592 3729 1
592 5909 1
600 813 1
605 143 1
605 1664 1
605 1665 1
605 2311 1
605 3750 1
605 3798 1
605 534 1
620 680 1
621 1629 1
621 1860 1
623 704 1
624 1130 1
624 790 1
625 2129 1
629 3404 1
634 1054 1
634 527 1
636 1950 1
647 1419 1
647 1997 1
647 2682 1
647 3474 1
647 389 1
657 2823 1
662 2988 1
662 2995 1
662 5161 1
665 2164 1
674 1682 1
675 1551 1
675 2968 1
677 2060 1
681 2006 1
683 1498 1
683 2891 1
684 935 1
695 1037 1
695 2109 1
695 5146 1
698 1178 1
698 1536 1
698 1934 1
701 3173 1
703 1487 1
704 1683 1
704 2818 1
704 3308 1
704 3616 1
722 1425 1
722 2799 1
722 780 1
743 3193 1
755 1641 1
755 1900 1
755 2015 1
755 2226 1
755 2405 1
755 2481 1
755 3638 1
755 3662 1
765 2061 1
765 2496 1
765 788 1
766 15 1
766 1610 1
766 6709 1
780 2796 1
780 2799 1
780 722 1
788 2146 1
788 2628 1
789 3464 1
790 1130 1
790 1137 1
790 2806 1
790 3605 1
790 934 1
790 945 1
807 2357 1
813 1562 1
813 1705 1
813 2147 1
813 2247 1
813 2433 1
815 2176 1
815 3143 1
815 3606 1
815 678 1
817 1374 1
817 3111 1
817 3258 1
817 5948 1
817 878 1
834 2182 1
834 2229 1
834 2330 1
834 3261 1
850 1515 1
856 1037 1
856 2109 1
856 5146 1
856 695 1
858 5167 1
859 1273 1
859 2176 1
859 376 1
859 4321 1
859 4336 1
861 1266 1
861 3422 1
864 3171 1
866 1584 1
870 6784 1
876 1904 1
876 3145 1
876 3163 1
878 1374 1
888 1296 1
888 2059 1
888 2426 1
889 2448 1
889 2580 1
889 3111 1
889 3258 1
896 5332 1
897 1339 1
897 1510 1
898 3877 1
901 2259 1
901 2360 1
911 3714 1
912 192 1
912 2558 1
912 3101 1
912 941 1
914 1510 1
916 1076 1
916 1967 1
924 1645 1
924 1684 1
924 2679 1
924 3186 1
924 3674 1
932 4142 1
937 2346 1
937 2755 1
937 3207 1
937 4172 1
938 2061 1
939 2721 1
939 2834 1
941 2558 1
941 3665 1
949 1252 1
949 2965 1
949 3097 1
949 5923 1
960 3178 1
962 1173 1
962 2159 1
963 2059 1
963 2426 1
963 3258 1
964 2183 1
964 45 1
964 534 1
965 1255 1
965 2127 1
973 1746 1
973 6281 1
980 1022 1
980 1157 1
980 2423 1
981 1372 1
981 6713 1
998 1744 1
998 2287 1
998 2644 1
998 3500 1
998 6976 1
999 2841 1
1003 2020 1
1008 1658 1
1008 2150 1
1010 2165 1
1010 2546 1
1010 2759 1
1010 2979 1
1010 543 1
1013 3152 1
1013 98 1
1017 1944 1
1017 3060 1
1017 3450 1
1017 5884 1
1018 1887 1
1018 2863 1
1018 3959 1
1018 5425 1
1019 2029 1
1019 2837 1
1021 1482 1
1022 1157 1
1022 2423 1
1025 1164 1
1027 6719 1
1037 2109 1
1037 5146 1
1057 1156 1
1058 107 1
1062 1606 1
1062 1834 1
1062 1950 1
1062 84 1
1064 1001 1
1070 2422 1
1071 3712 1
1076 1967 1
1079 1700 1
1079 1873 1
1082 1607 1
1082 2024 1
1082 2059 1
1085 133 1
1085 2490 1
1085 2765 1
1085 3436 1
1085 4885 1
1088 1907 1
1096 1577 1
1096 6209 1
1116 1999 1
1126 1447 1
1137 2806 1
1141 1505 1
1141 1697 1
1147 1367 1
1157 2423 1
1182 1490 1
1182 3100 1
1216 3018 1
1232 1228 1
1232 1669 1
1232 2195 1
1232 2473 1
1232 2763 1
1232 934 1
1241 1687 1
1241 1782 1
1241 2364 1
1241 2389 1
1252 3097 1
1252 949 1
1255 2127 1
1255 2156 1
1255 2303 1
1255 2743 1
1255 3343 1
1279 1500 1
1279 2542 1
1289 2758 1
1289 2781 1
1289 3120 1
1296 2059 1
1296 2426 1
1299 2360 1
1299 3650 1
1299 6760 1
1312 1032 1
1312 2554 1
1312 2873 1
1312 425 1
1312 6535 1
1328 1462 1
1328 1768 1
1328 1786 1
1328 2023 1
1328 2319 1
1333 1362 1
1333 1564 1
1333 1586 1
1333 3769 1
1336 1469 1
1336 1651 1
1336 2018 1
1336 2444 1
1336 263 1
1336 2843 1
1336 2930 1
1336 3442 1
1339 1510 1
1339 897 1
1344 2462 1
1344 55 1
1350 3814 1
1355 1510 1
1355 1511 1
1355 1876 1
1355 2488 1
1355 2762 1
1355 3166 1
1355 897 1
1356 4408 1
1362 1333 1
1362 1564 1
1362 1586 1
1362 3122 1
1362 3769 1
1362 4172 1
1367 1147 1
1367 3793 1
1374 2941 1
1377 4057 1
1383 2144 1
1383 2939 1
1384 1490 1
1384 253 1
1384 3100 1
1384 470 1
1384 575 1
1390 1705 1
1390 3131 1
1394 2436 1
1394 2483 1
1399 2278 1
1406 2556 1
1406 6876 1
1407 6709 1
1417 2891 1
1451 6313 1
1462 1328 1
1462 1541 1
1462 1768 1
1462 1786 1
1462 3464 1
1463 2914 1
1469 1651 1
1469 1899 1
1469 2018 1
1469 263 1
1469 2843 1
1469 2930 1
1469 3442 1
1476 3601 1
1478 585 1
1484 2049 1
1484 2154 1
1484 2476 1
1484 2772 1
1487 1558 1
1487 1645 1
1487 1703 1
1487 1723 1
1487 2373 1
1488 2483 1
1488 2909 1
1488 6829 1
1490 209 1
1490 2123 1
1490 2272 1
1490 2851 1
1490 3100 1
1490 3672 1
1490 75 1
1498 1890 1
1498 2891 1
1500 2542 1
1505 1697 1
1510 2628 1
1510 897 1
1510 914 1
1511 2314 1
1514 1746 1
1514 1775 1
1523 1593 1
1523 1649 1
1526 2176 1
1526 3606 1
1526 678 1
1526 815 1
1532 1598 1
1532 2465 1
1532 476 1
1538 2176 1
1538 2371 1
1541 3464 1
1551 2968 1
1554 4452 1
1558 1487 1
1558 1703 1
1558 1723 1
1558 2373 1
1558 3674 1
1562 1705 1
1564 1333 1
1564 1586 1
1564 3685 1
1564 3769 1
1565 2164 1
1565 2277 1
1565 282 1
1565 3136 1
1567 1595 1
1567 1821 1
1567 2049 1
1567 2772 1
1567 425 1
1569 2215 1
1577 6209 1
1584 194 1
1584 2244 1
1584 518 1
1586 1333 1
1586 3769 1
1590 1783 1
1590 2374 1
1590 2460 1
1590 2926 1
1592 3310 1
1593 1649 1
1595 1821 1
1598 2465 1
1598 2602 1
1598 2690 1
1598 2732 1
1598 399 1
1600 1567 1
1606 84 1
1607 1865 1
1607 2059 1
1607 2671 1
1607 6873 1
1611 1659 1
1622 996 1
1629 1722 1
1629 1860 1
1640 2723 1
1640 3321 1
1640 375 1
1641 2015 1
1641 2226 1
1645 1558 1
1645 1684 1
1645 1703 1
1645 1723 1
1645 2373 1
1645 2679 1
1645 3674 1
1645 937 1
1646 1921 1
1651 1336 1
1651 1806 1
1651 1815 1
1651 1922 1
1651 263 1
1651 2742 1
1651 2843 1
1651 3344 1
1651 3442 1
1651 544 1
1656 2127 1
1656 2303 1
1658 2150 1
1658 3262 1
1659 1611 1
1667 2843 1
1669 1228 1
1669 2195 1
1669 2763 1
1669 934 1
1671 3263 1
1679 2913 1
1679 2926 1
1679 3767 1
1683 24 1
1683 2818 1
1683 3308 1
1683 3354 1
1683 3616 1
1684 2679 1
1684 3186 1
1684 3674 1
1684 5821 1
1687 1241 1
1687 2364 1
1687 2389 1
1687 2960 1
1688 2265 1
1689 3160 1
1690 1697 1
1690 2047 1
1695 3048 1
1697 2047 1
1697 2425 1
1700 1749 1
1700 186 1
1700 1873 1
1700 2134 1
1700 2205 1
1700 2827 1
1700 2893 1
1700 2986 1
1700 608 1
1700 6135 1
1700 990 1
1702 2154 1
1702 2386 1
1702 2423 1
1702 2807 1
1702 3094 1
1703 1723 1
1703 2373 1
1705 2077 1
1705 2233 1
1705 2247 1
1705 2484 1
1705 3131 1
1705 4042 1
1705 4112 1
1705 47 1
1705 600 1
1705 813 1
1710 3206 1
1710 3366 1
1717 1743 1
1722 3044 1
1722 391 1
1722 477 1
1723 3674 1
1743 178 1
1743 2539 1
1744 2395 1
1744 3183 1
1744 4663 1
1746 6281 1
1749 1700 1
1749 6135 1
1765 1938 1
1765 3133 1
1765 3317 1
1767 1994 1
1769 2065 1
1769 2262 1
1772 3360 1
1778 1911 1
1815 263 1
1815 2742 1
1815 5887 1
1818 1910 1
1819 1228 1
1819 1232 1
1819 1669 1
1819 2195 1
1819 2473 1
1819 2763 1
1819 934 1
1833 3106 1
1834 1950 1
1838 2190 1
1838 2628 1
1838 3814 1
1855 2872 1
1855 5510 1
1855 6402 1
1858 2147 1
1859 2164 1
1859 2252 1
1859 3152 1
1859 98 1
1865 1607 1
1865 2671 1
1865 6421 1
1872 365 1
1873 2827 1
1873 2893 1
1874 445 1
1874 989 1
1876 2488 1
1876 3166 1
1879 3647 1
1899 2165 1
1899 2759 1
1900 2405 1
1900 2481 1
1900 3638 1
1902 2322 1
1904 3163 1
1910 222 1
1910 2364 1
1924 2021 1
1924 2215 1
1928 2365 1
1928 2464 1
1930 144 1
1930 3106 1
1933 3211 1
1934 1536 1
1944 5884 1
1966 4801 1
1968 2695 1
1983 2371 1
1983 428 1
1984 2469 1
1997 3474 1
1999 3000 1
2005 1606 1
2005 1634 1
2005 3429 1
2005 84 1
2008 2721 1
2008 3996 1
2015 1641 1
2015 1723 1
2015 2226 1
2015 2405 1
2015 2481 1
2015 3408 1
2015 3662 1
2015 592 1
2015 755 1
2018 2843 1
2019 2024 1
2021 2053 1
2021 2096 1
2021 2115 1
2021 2215 1
2021 3438 1
2021 709 1
2023 1328 1
2023 1462 1
2023 1768 1
2023 3464 1
2024 3353 1
2025 637 1
2029 2252 1
2029 2837 1
2035 2517 1
2035 2913 1
2043 2781 1
2043 3120 1
2045 2506 1
2045 276 1
2049 1008 1
2049 1658 1
2049 2154 1
2049 2402 1
2049 2476 1
2049 2479 1
2049 2772 1
2049 2873 1
2049 425 1
2049 71 1
2053 2176 1
2053 376 1
2053 395 1
2053 4321 1
2053 4336 1
2053 6724 1
2053 859 1
2059 1082 1
2059 2024 1
2059 2426 1
2061 5217 1
2065 1769 1
2065 2262 1
2065 2677 1
2077 47 1
2079 2872 1
2079 6402 1
2095 3056 1
2096 2115 1
2096 3438 1
2096 709 1
2109 5146 1
2112 2136 1
2114 3656 1
2114 5296 1
2115 2215 1
2115 3438 1
2115 709 1
2116 1162 1
2116 244 1
2116 5931 1
2118 1025 1
2118 2137 1
2123 2851 1
2124 2226 1
2124 4398 1
2124 5973 1
2127 2070 1
2127 2156 1
2127 2164 1
2127 2268 1
2127 2423 1
2127 2498 1
2127 2612 1
2127 2758 1
2127 2781 1
2127 3120 1
2127 3343 1
2127 555 1
2127 5950 1
2134 186 1
2134 2205 1
2134 2728 1
2134 2986 1
2134 3668 1
2134 608 1
2134 990 1
2137 1025 1
2144 2380 1
2144 2588 1
2144 2939 1
2145 1025 1
2145 2118 1
2145 2137 1
2146 2960 1
2147 1858 1
2147 2433 1
2147 2727 1
2147 2811 1
2149 2389 1
2149 5217 1
2149 788 1
2150 3262 1
2154 2476 1
2154 2730 1
2154 2772 1
2156 2070 1
2156 2303 1
2156 2743 1
2156 3343 1
2158 2772 1
2162 3000 1
2164 2277 1
2164 2498 1
2164 3136 1
2164 5950 1
2165 2546 1
2165 2759 1
2165 2979 1
2165 543 1
2170 1228 1
2170 1232 1
2170 1669 1
2170 1819 1
2170 2195 1
2170 2473 1
2170 2763 1
2170 3684 1
2170 934 1
2172 1664 1
2172 2311 1
2172 3227 1
2172 3750 1
2176 1228 1
2176 1669 1
2176 2371 1
2176 261 1
2176 3606 1
2176 3684 1
2176 376 1
2176 3769 1
2176 3929 1
2176 395 1
2176 4312 1
2176 4319 1
2176 4321 1
2176 4336 1
2176 4663 1
2176 6160 1
2176 6325 1
2176 678 1
2181 2233 1
2181 2303 1
2182 2229 1
2182 2330 1
2182 6358 1
2188 2537 1
2189 391 1
2191 2366 1
2194 2809 1
2203 3669 1
2205 2986 1
2205 608 1
2205 990 1
2210 2424 1
2210 2456 1
2210 6103 1
2212 1162 1
2212 2116 1
2212 5931 1
2221 5877 1
2226 1641 1
2226 2249 1
2226 2481 1
2226 4398 1
2226 592 1
2226 5973 1
2229 2330 1
2233 600 1
2233 813 1
2244 1584 1
2244 2305 1
2245 84 1
2246 3301 1
2259 2360 1
2262 2395 1
2262 2677 1
2262 2703 1
2265 6001 1
2265 84 1
2268 2423 1
2273 3062 1
2282 998 1
2284 3094 1
2286 2374 1
2286 301 1
2287 3500 1
2288 1705 1
2288 2233 1
2288 600 1
2288 813 1
2289 1019 1
2289 281 1
2289 5162 1
2297 2371 1
2297 3335 1
2303 2743 1
2305 1584 1
2311 1664 1
2311 3750 1
2316 3094 1
2316 4222 1
2330 2182 1
2330 2229 1
2330 2355 1
2330 6358 1
2341 2419 1
2346 2755 1
2346 3207 1
2346 4172 1
2360 197 1
2360 2650 1
2360 3178 1
2360 3650 1
2360 5637 1
2364 1241 1
2364 1687 1
2364 222 1
2365 2464 1
2366 2490 1
2366 98 1
2371 1983 1
2371 3335 1
2371 428 1
2373 1487 1
2380 5878 1
2386 2423 1
2386 2807 1
2386 3094 1
2395 4663 1
2398 298 1
2398 681 1
2402 2586 1
2402 2772 1
2402 2873 1
2402 4663 1
2405 2481 1
2405 3638 1
2405 3662 1
2407 1900 1
2407 1983 1
2407 2371 1
2407 2481 1
2407 254 1
2407 3183 1
2407 428 1
2407 5142 1
2423 2807 1
2423 3094 1
2425 1697 1
2436 12 1
2436 1394 1
2436 1488 1
2436 2483 1
2436 2909 1
2436 6829 1
2438 2768 1
2439 206 1
2448 3111 1
2448 3258 1
2455 6133 1
2456 2424 1
2460 1590 1
2460 2926 1
2461 2604 1
2462 55 1
2473 1228 1
2473 1669 1
2473 2195 1
2473 2763 1
2473 934 1
2476 2154 1
2476 2772 1
2479 1008 1
2479 1658 1
2479 71 1
2481 1641 1
2481 1900 1
2481 2015 1
2481 254 1
2481 3183 1
2481 3408 1
2481 428 1
2481 5142 1
2483 12 1
2483 1394 1
2483 1488 1
2483 1711 1
2483 2243 1
2483 2436 1
2483 2803 1
2483 2886 1
2483 2909 1
2483 3298 1
2483 6829 1
2485 2330 1
2485 2355 1
2485 6358 1
2489 3130 1
2489 3136 1
2490 2765 1
2495 2040 1
2505 4855 1
2506 276 1
2513 1490 1
2513 3100 1
2517 1 1
2517 2035 1
2517 2741 1
2517 2913 1
2517 3435 1
2517 824 1
2518 3432 1
2518 3456 1
2545 2133 1
2546 1010 1
2546 2165 1
2546 2759 1
2546 2979 1
2546 543 1
2548 1510 1
2554 1032 1
2554 2873 1
2554 425 1
2554 6535 1
2556 6876 1
2558 192 1
2558 3638 1
2558 3665 1
2558 3729 1
2586 2873 1
2602 399 1
2624 1247 1
2624 143 1
2624 534 1
2628 3814 1
2650 5637 1
2665 3935 1
2671 1607 1
2676 4482 1
2677 1769 1
2677 2703 1
2679 1645 1
2679 5129 1
2679 57 1
2683 2748 1
2690 2732 1
2695 3363 1
2703 2262 1
2703 2677 1
2709 3273 1
2709 3682 1
2709 4663 1
2713 5433 1
2721 2834 1
2721 2954 1
2721 3996 1
2723 1640 1
2727 2811 1
2730 2772 1
2730 3689 1
2732 1598 1
2732 2690 1
2732 476 1
2733 2927 1
2735 3514 1
2741 1 1
2741 824 1
2742 1651 1
2742 263 1
2742 3184 1
2758 2781 1
2758 3120 1
2758 555 1
2759 1010 1
2759 2165 1
2759 2546 1
2759 2979 1
2759 543 1
2772 2154 1
2772 425 1
2777 1799 1
2781 1289 1
2781 2758 1
2781 3120 1
2796 3763 1
2796 3764 1
2799 722 1
2802 3298 1
2803 2243 1
2807 3094 1
2811 1858 1
2815 2008 1
2815 2721 1
2818 3308 1
2818 3616 1
2824 3000 1
2834 2721 1
2834 37 1
2837 1019 1
2838 2948 1
2843 1336 1
2843 1340 1
2843 1651 1
2843 1667 1
2843 3344 1
2843 3471 1
2843 3778 1
2843 487 1
2843 544 1
2856 2890 1
2856 2945 1
2868 5889 1
2872 5510 1
2872 6402 1
2873 1032 1
2873 6535 1
2886 2483 1
2890 2856 1
2890 2945 1
2890 346 1
2890 464 1
2890 499 1
2909 12 1
2909 1488 1
2909 2483 1
2909 6829 1
2913 2926 1
2913 3460 1
2913 3767 1
2919 197 1
2919 2360 1
2919 3650 1
2926 3767 1
2927 2733 1
2945 2856 1
2945 2890 1
2945 346 1
2945 464 1
2945 499 1
2965 3097 1
2965 5923 1
2979 1010 1
2979 2165 1
2979 2546 1
2979 2759 1
2979 543 1
2988 2995 1
2988 5161 1
2995 5161 1
3000 1116 1
3000 1999 1
3048 1695 1
3057 1360 1
3060 3450 1
3078 2843 1
3083 3690 1
3094 4222 1
3097 1252 1
3097 949 1
3100 1490 1
3100 253 1
3100 5888 1
3100 722 1
3106 2067 1
3111 3258 1
3111 5948 1
3120 2758 1
3120 2781 1
3120 555 1
3122 4172 1
3130 3136 1
3131 1390 1
3131 1705 1
3131 4042 1
3133 3317 1
3133 3850 1
3133 636 1
3136 4598 1
3138 88 1
3152 98 1
3173 3101 1
3173 67 1
3173 912 1
3173 941 1
3186 1684 1
3186 507 1
3186 924 1
3199 524 1
3207 2170 1
3207 6209 1
3227 1664 1
3227 2311 1
3227 3750 1
3227 605 1
3258 5948 1
3263 1671 1
3273 1116 1
3273 1999 1
3273 3000 1
3273 3682 1
3273 4663 1
3297 3842 1
3307 1265 1
3321 375 1
3343 2070 1
3343 2127 1
3343 2156 1
3344 1336 1
3344 1340 1
3344 1651 1
3344 2843 1
3344 3471 1
3344 3778 1
3344 487 1
3354 24 1
3373 495 1
3385 5312 1
3408 1641 1
3408 2015 1
3408 254 1
3408 282 1
3408 3794 1
3408 4142 1
3421 620 1
3429 1606 1
3429 1634 1
3429 84 1
3435 2035 1
3438 709 1
3442 1336 1
3442 1469 1
3442 1651 1
3442 2930 1
3458 2256 1
3460 1137 1
3460 2806 1
3460 3605 1
3460 790 1
3464 1328 1
3464 1462 1
3464 1768 1
3471 1336 1
3471 1340 1
3471 1671 1
3471 3263 1
3471 3778 1
3474 1997 1
3474 389 1
3474 647 1
3605 1137 1
3605 2806 1
3635 3710 1
3638 3729 1
3650 197 1
3650 2284 1
3650 3094 1
3656 2114 1
3656 5296 1
3677 523 1
3682 4663 1
3683 424 1
3683 4313 1
3683 5949 1
3684 1228 1
3684 1669 1
3684 395 1
3685 1333 1
3713 3729 1
3713 5909 1
3720 3653 1
3729 5909 1
3750 1664 1
3750 2311 1
3763 2796 1
3763 3764 1
3764 2796 1
3764 4359 1
3765 4808 1
3765 6131 1
3769 2176 1
3769 376 1
3769 4319 1
3769 4336 1
3769 6497 1
3794 282 1
3794 5147 1
3798 143 1
3798 534 1
3798 964 1
3820 2533 1
3862 2580 1
3862 6419 1
3862 889 1
4142 282 1
4142 3794 1
4172 1645 1
4172 5817 1
4172 5937 1
4172 6336 1
4172 937 1
4313 2176 1
4313 3929 1
4313 5949 1
4313 6283 1
4313 6325 1
4319 2176 1
4319 2613 1
4319 3717 1
4319 376 1
4319 3769 1
4319 395 1
4319 4336 1
4324 2176 1
4324 3929 1
4324 4313 1
4324 6283 1
4324 6325 1
4336 2176 1
4336 261 1
4336 2613 1
4336 3717 1
4336 376 1
4336 3769 1
4336 395 1
4336 4312 1
4336 4319 1
4336 6160 1
4359 2796 1
4359 3763 1
4359 3764 1
4398 2124 1
4398 2730 1
4398 3689 1
4398 5973 1
4669 2176 1
4669 376 1
4669 395 1
4669 4319 1
4669 4336 1
4747 6573 1
4808 6131 1
5129 1645 1
5129 57 1
5142 1900 1
5142 2407 1
5142 254 1
5142 3183 1
5142 428 1
5162 1019 1
5162 281 1
5163 5935 1
5217 2061 1
5425 3959 1
5479 6112 1
5479 6709 1
5510 1855 1
5510 2872 1
5510 6402 1
5817 5937 1
5817 6336 1
5884 1017 1
5884 1944 1
5884 95 1
5887 263 1
5906 6041 1
5915 6140 1
5923 2965 1
5923 3097 1
5937 6336 1
5942 1684 1
5942 5821 1
5949 2346 1
5949 2755 1
5949 3207 1
5949 4172 1
5949 937 1
6103 2424 1
6103 2456 1
6112 143 1
6112 1697 1
6112 2150 1
6112 534 1
6135 1700 1
6160 261 1
6160 376 1
6160 4312 1
6160 4336 1
6209 2170 1
6283 2176 1
6283 3929 1
6283 6325 1
6358 2229 1
6358 2330 1
6358 2355 1
6385 2147 1
6385 2727 1
6385 2811 1
6402 1855 1
6402 2872 1
6419 2580 1
6419 889 1
6432 1554 1
6709 15 1
6734 2558 1
6760 2360 1
6829 12 1
6829 1488 1
6829 2483 1
6829 2909 1
6852 2032 1
6876 1406 1
