1 2164 1
1 2782 1
2 1256 1
2 398 1
3 3120 1
3 3504 1
5 2957 1
7 67 1
7 912 1
11 3566 1
12 1488 1
12 1711 1
12 201 1
12 2436 1
12 2483 1
12 3776 1
12 512 1
12 948 1
14 364 1
14 77 1
15 282 1
15 3590 1
15 766 1
16 2333 1
18 2182 1
18 2229 1
18 2330 1
18 921 1
19 1096 1
19 1706 1
19 2025 1
20 3143 1
24 1035 1
24 1351 1
24 1487 1
24 1748 1
24 1963 1
24 2675 1
24 2846 1
24 3220 1
24 3413 1
25 5925 1
26 2120 1
26 2687 1
26 2803 1
26 4222 1
26 614 1
27 1628 1
27 2562 1
27 2661 1
27 2874 1
27 2882 1
27 2952 1
27 3683 1
27 3960 1
27 424 1
27 514 1
27 524 1
29 2102 1
29 2703 1
29 2752 1
31 2203 1
31 241 1
31 2517 1
31 729 1
31 824 1
32 1625 1
32 2551 1
32 2856 1
32 2861 1
32 3147 1
32 3194 1
32 464 1
32 499 1
32 503 1
32 5180 1
32 6135 1
38 1593 1
38 1674 1
38 1725 1
38 2368 1
38 3088 1
38 361 1
38 3717 1
41 2323 1
43 1872 1
43 2031 1
45 1288 1
45 162 1
45 2688 1
45 2980 1
45 3435 1
47 1255 1
47 1705 1
47 2181 1
47 2411 1
47 2783 1
48 2164 1
50 1671 1
53 2008 1
53 2834 1
55 1344 1
55 2462 1
55 3312 1
56 1622 1
57 2679 1
57 596 1
59 486 1
63 2768 1
63 3785 1
64 1125 1
64 1590 1
64 2680 1
64 2926 1
64 301 1
64 6738 1
67 2986 1
67 3101 1
67 3173 1
67 589 1
67 912 1
67 941 1
68 2067 1
68 2226 1
69 1068 1
71 1964 1
71 2150 1
71 2658 1
71 4122 1
73 1891 1
73 2124 1
73 2329 1
73 3616 1
73 3941 1
73 930 1
73 932 1
74 3671 1
75 1490 1
75 2438 1
77 364 1
83 2092 1
83 683 1
84 1606 1
84 1655 1
84 1765 1
84 197 1
84 2245 1
84 2583 1
84 2638 1
84 2640 1
84 2758 1
84 2780 1
84 2781 1
84 3120 1
84 3302 1
84 3429 1
84 3462 1
84 5234 1
84 605 1
84 617 1
86 1333 1
86 1374 1
86 195 1
86 2550 1
86 2941 1
86 3052 1
86 3769 1
86 4187 1
86 4194 1
86 4369 1
86 610 1
86 6333 1
86 817 1
88 1047 1
88 3009 1
88 3138 1
88 935 1
90 213 1
96 2030 1
98 1013 1
98 1772 1
98 1859 1
98 190 1
98 2133 1
98 2593 1
98 2648 1
98 2723 1
98 3152 1
98 3209 1
98 3245 1
98 3360 1
98 3495 1
98 3564 1
98 3927 1
98 561 1
98 604 1
100 1023 1
102 1990 1
102 2859 1
102 3944 1
102 912 1
105 12 1
105 2284 1
105 3776 1
105 512 1
105 948 1
106 1561 1
106 758 1
106 781 1
115 1531 1
115 2015 1
115 2481 1
115 254 1
115 3354 1
115 3408 1
115 3697 1
115 592 1
115 6704 1
116 1032 1
116 1065 1
116 1312 1
116 2182 1
116 2476 1
116 2586 1
116 2772 1
116 2789 1
116 4172 1
116 4237 1
116 425 1
120 1008 1
120 1658 1
126 144 1
126 1818 1
127 1922 1
127 1947 1
127 263 1
127 3166 1
128 317 1
130 1266 1
130 1564 1
130 1658 1
130 172 1
130 2150 1
130 2558 1
130 2658 1
130 3049 1
130 778 1
130 861 1
133 1085 1
133 2024 1
133 221 1
134 6134 1
135 1275 1
135 1484 1
135 1684 1
135 2164 1
135 2201 1
135 2371 1
135 2382 1
135 2441 1
135 3007 1
135 599 1
136 2453 1
141 1206 1
141 155 1
141 1641 1
141 2716 1
141 3023 1
141 3170 1
141 702 1
142 3464 1
143 1241 1
143 1415 1
143 234 1
143 2488 1
143 2624 1
143 267 1
143 3762 1
143 5225 1
143 534 1
143 605 1
144 1930 1
144 2453 1
153 3787 1
155 2716 1
156 788 1
159 2490 1
161 1899 1
161 2257 1
161 2960 1
162 1288 1
162 1588 1
162 2156 1
162 2182 1
162 2253 1
162 2330 1
162 2448 1
162 2558 1
162 2688 1
162 2758 1
162 2781 1
162 2980 1
162 3662 1
162 3713 1
162 3729 1
162 555 1
162 5951 1
165 1783 1
165 2021 1
172 1564 1
172 1658 1
172 2150 1
172 778 1
178 318 1
189 2490 1
192 2558 1
192 912 1
194 1584 1
194 1705 1
194 2233 1
194 3346 1
194 518 1
194 855 1
194 905 1
195 2941 1
195 3052 1
195 4187 1
195 86 1
197 1950 1
197 2006 1
197 2259 1
197 2273 1
197 2360 1
197 2758 1
197 2781 1
197 298 1
197 3120 1
197 3226 1
197 3230 1
197 3995 1
197 605 1
198 2996 1
201 12 1
201 1488 1
201 2436 1
201 2483 1
205 1548 1
205 1919 1
206 2292 1
206 2362 1
209 1490 1
211 2868 1
211 780 1
212 1727 1
212 2578 1
212 619 1
213 3774 1
213 624 1
213 702 1
213 838 1
214 212 1
214 2578 1
214 289 1
214 3643 1
214 619 1
217 1936 1
218 2144 1
220 2255 1
220 2311 1
221 1085 1
222 1181 1
222 1311 1
222 1442 1
222 2420 1
222 2505 1
222 3106 1
222 3184 1
222 357 1
225 1399 1
225 251 1
228 382 1
230 2874 1
230 3398 1
230 424 1
234 1415 1
234 143 1
234 2641 1
234 267 1
234 3494 1
234 534 1
237 1173 1
237 334 1
237 962 1
238 3470 1
241 2517 1
241 824 1
242 3205 1
242 3324 1
244 15 1
244 2407 1
244 428 1
244 766 1
245 1767 1
245 1994 1
245 2331 1
245 2938 1
247 1228 1
247 1232 1
247 2195 1
247 2473 1
247 3577 1
247 3746 1
247 395 1
247 5875 1
248 2006 1
248 2515 1
248 2996 1
248 3707 1
248 4171 1
248 4247 1
250 1928 1
250 2059 1
250 2101 1
250 2671 1
251 1399 1
251 225 1
253 1384 1
253 1839 1
253 722 1
254 115 1
254 1531 1
254 1644 1
254 1744 1
254 2015 1
254 2226 1
254 2249 1
254 2481 1
254 2767 1
254 3183 1
254 3354 1
254 3408 1
254 3798 1
254 3948 1
254 6194 1
254 6704 1
254 942 1
261 1980 1
261 2249 1
261 376 1
261 3769 1
261 416 1
261 4319 1
261 4321 1
261 4324 1
261 4336 1
261 4834 1
261 6435 1
261 682 1
261 859 1
263 1252 1
263 3035 1
263 3097 1
263 3166 1
263 949 1
267 1415 1
267 143 1
267 234 1
267 3494 1
267 5225 1
267 534 1
271 1085 1
271 2790 1
271 3191 1
276 2506 1
279 914 1
282 15 1
282 766 1
282 961 1
289 1169 1
289 1705 1
289 2104 1
289 214 1
289 2233 1
289 2570 1
289 3315 1
289 3513 1
289 3619 1
289 45 1
289 534 1
292 1658 1
292 2150 1
292 3656 1
295 2109 1
295 695 1
296 1910 1
298 1189 1
298 1926 1
298 1950 1
298 2006 1
298 2241 1
298 2259 1
298 2411 1
298 2427 1
298 2657 1
298 2870 1
298 3995 1
298 518 1
298 6959 1
298 945 1
301 2374 1
301 3610 1
301 3908 1
301 6819 1
303 1178 1
303 2496 1
303 3647 1
303 3878 1
303 4009 1
303 5137 1
303 563 1
303 6440 1
303 695 1
303 7001 1
303 7002 1
303 853 1
307 509 1
309 1328 1
309 641 1
310 2856 1
310 464 1
311 1293 1
311 1706 1
311 1900 1
311 2273 1
311 2287 1
311 2386 1
311 2405 1
311 3025 1
311 701 1
311 755 1
311 998 1
312 1336 1
312 1469 1
312 1766 1
312 2267 1
312 2297 1
312 3008 1
316 1224 1
316 1487 1
316 1558 1
316 2617 1
316 3093 1
316 3396 1
317 1498 1
317 1895 1
317 2879 1
317 3585 1
326 2930 1
328 534 1
334 1173 1
334 6757 1
334 962 1
345 1328 1
346 2681 1
356 2410 1
357 1181 1
357 1311 1
357 1696 1
357 2396 1
357 2970 1
360 2076 1
360 3382 1
360 3565 1
361 1593 1
361 1674 1
361 1725 1
361 2368 1
361 3088 1
361 3717 1
361 38 1
361 420 1
364 2091 1
364 3095 1
365 1489 1
365 1795 1
365 2059 1
365 963 1
366 1025 1
366 1160 1
366 1630 1
366 1931 1
366 2317 1
366 2821 1
366 756 1
368 2176 1
368 227 1
368 3163 1
368 532 1
369 1071 1
369 1744 1
369 2402 1
369 3712 1
369 5939 1
369 6043 1
369 6091 1
369 745 1
370 1487 1
370 2647 1
370 587 1
371 676 1
374 4672 1
375 1336 1
375 1921 1
375 2390 1
375 515 1
376 1595 1
376 2730 1
376 2963 1
376 3769 1
376 4312 1
376 4319 1
376 4336 1
376 5960 1
378 2468 1
378 751 1
379 1033 1
379 1442 1
379 2712 1
379 2954 1
380 1724 1
382 2460 1
382 2524 1
382 3129 1
382 3400 1
382 682 1
382 796 1
382 853 1
382 928 1
384 2618 1
384 3708 1
388 1415 1
388 234 1
389 460 1
390 1867 1
390 1932 1
391 1211 1
391 1563 1
391 3044 1
391 305 1
391 3160 1
391 3731 1
391 477 1
391 598 1
395 1228 1
395 1232 1
395 1819 1
395 2195 1
395 2441 1
395 2473 1
395 2534 1
395 2604 1
395 261 1
395 2763 1
395 3007 1
395 3577 1
395 3746 1
395 376 1
395 4319 1
395 4321 1
395 4336 1
395 48 1
395 5875 1
395 859 1
397 671 1
398 1256 1
398 2800 1
398 855 1
399 1598 1
399 2465 1
399 2602 1
399 476 1
399 545 1
400 2929 1
400 3485 1
400 3955 1
408 1399 1
416 1980 1
416 2021 1
416 2053 1
416 4834 1
416 6435 1
416 682 1
418 5929 1
422 870 1
423 675 1
424 1635 1
424 1876 1
424 2822 1
424 2874 1
424 2882 1
424 3104 1
424 3398 1
424 3683 1
424 5263 1
425 1032 1
425 1065 1
425 1312 1
425 2476 1
425 2586 1
427 2054 1
427 509 1
428 1235 1
428 1400 1
428 1979 1
428 1983 1
428 2164 1
428 2170 1
428 2297 1
428 2371 1
428 2407 1
428 2441 1
428 3007 1
428 3227 1
428 3335 1
428 3551 1
428 3555 1
428 3583 1
428 3755 1
428 3877 1
428 3900 1
428 5109 1
428 5142 1
428 5194 1
428 7092 1
428 898 1
429 3866 1
429 813 1
430 1438 1
430 3258 1
430 992 1
433 1972 1
433 3601 1
434 903 1
435 3173 1
435 3480 1
435 517 1
436 2830 1
436 3276 1
436 471 1
437 1706 1
437 2850 1
437 447 1
439 1622 1
440 2184 1
445 1029 1
445 989 1
447 2255 1
447 2850 1
447 437 1
448 815 1
451 1295 1
451 2489 1
451 983 1
453 2569 1
453 960 1
455 3235 1
456 1866 1
456 2164 1
456 2763 1
456 2782 1
456 2868 1
456 395 1
456 780 1
460 1418 1
461 6752 1
464 2856 1
464 499 1
465 2265 1
470 657 1
476 1598 1
477 1749 1
477 1795 1
477 1879 1
477 305 1
477 3160 1
477 3647 1
477 391 1
477 647 1
477 6786 1
477 6869 1
480 1194 1
481 2814 1
481 3293 1
482 1172 1
482 1609 1
482 1914 1
482 2124 1
482 2183 1
482 813 1
484 2135 1
489 3274 1
489 6094 1
492 2065 1
492 2892 1
494 3809 1
495 2265 1
495 2993 1
495 3057 1
495 6001 1
496 1379 1
496 1568 1
496 2559 1
496 27 1
496 2874 1
496 2882 1
496 3683 1
496 424 1
496 514 1
496 524 1
497 1355 1
497 1876 1
497 518 1
498 785 1
500 2721 1
503 3147 1
503 32 1
506 3184 1
507 1333 1
507 1744 1
507 6091 1
507 755 1
509 2054 1
510 2450 1
510 6770 1
512 2284 1
512 3776 1
512 948 1
514 2874 1
514 2882 1
514 3683 1
514 424 1
514 524 1
515 2390 1
516 3839 1
517 2358 1
517 2400 1
517 2537 1
517 2789 1
517 3173 1
517 3480 1
517 3556 1
517 435 1
517 470 1
517 864 1
517 967 1
518 1390 1
518 1562 1
518 1584 1
518 1691 1
518 1705 1
518 2006 1
518 203 1
518 2157 1
518 2241 1
518 2244 1
518 2688 1
518 2778 1
518 333 1
518 3346 1
518 3435 1
518 3579 1
518 866 1
520 1306 1
520 1592 1
520 2362 1
520 653 1
523 3173 1
523 3572 1
523 3723 1
523 6104 1
523 623 1
523 722 1
524 3732 1
524 6064 1
526 2544 1
527 1688 1
529 2052 1
529 2120 1
529 2164 1
529 26 1
529 2687 1
529 2803 1
529 4222 1
529 614 1
531 807 1
532 1518 1
532 2176 1
532 227 1
532 3135 1
532 3163 1
532 618 1
534 1241 1
534 143 1
534 2488 1
534 2624 1
534 267 1
534 2980 1
534 3315 1
534 45 1
536 1191 1
536 2913 1
543 2165 1
543 2546 1
543 2691 1
543 2759 1
543 2979 1
545 1598 1
545 2465 1
545 2602 1
546 2970 1
555 1588 1
555 2127 1
555 2156 1
555 2758 1
555 2781 1
555 3120 1
560 980 1
562 2548 1
563 911 1
564 1964 1
567 1491 1
570 3414 1
571 5958 1
572 2118 1
572 860 1
575 1384 1
575 1406 1
577 1339 1
577 897 1
581 1167 1
585 1478 1
585 3693 1
586 1162 1
586 1994 1
586 5931 1
586 855 1
587 1487 1
587 3093 1
587 3354 1
589 2986 1
589 912 1
591 1684 1
591 1968 1
592 1108 1
592 116 1
592 1487 1
592 1641 1
592 2182 1
592 2226 1
592 2481 1
592 2558 1
592 2789 1
592 3697 1
592 4172 1
592 6734 1
595 1169 1
595 1705 1
595 2233 1
595 2570 1
596 2679 1
598 3044 1
598 3731 1
599 1484 1
599 1684 1
600 2156 1
600 2288 1
600 3436 1
600 3674 1
600 3702 1
600 5933 1
605 1022 1
605 1157 1
605 1593 1
605 2311 1
605 2423 1
605 2688 1
605 2758 1
605 2781 1
605 3120 1
605 3435 1
605 3750 1
605 980 1
608 2134 1
608 3911 1
608 4556 1
610 817 1
615 1492 1
615 1700 1
615 2881 1
615 2893 1
617 1062 1
617 3302 1
617 84 1
619 1727 1
619 212 1
619 2578 1
619 65 1
620 1146 1
620 3230 1
621 1989 1
621 731 1
623 3023 1
623 3170 1
623 3173 1
623 3572 1
623 3774 1
623 6104 1
623 624 1
623 6599 1
623 838 1
624 1087 1
624 1205 1
624 2032 1
624 2709 1
624 2806 1
624 3170 1
624 3173 1
624 5672 1
624 701 1
624 790 1
624 838 1
624 979 1
627 2053 1
629 3764 1
631 2415 1
632 1950 1
632 6792 1
636 1685 1
636 1963 1
636 3593 1
637 2025 1
637 2078 1
637 2133 1
640 1391 1
641 1328 1
642 1001 1
644 1114 1
645 1555 1
647 2689 1
647 2864 1
647 3474 1
653 1592 1
653 520 1
657 2169 1
657 2455 1
659 1732 1
662 1292 1
662 2988 1
667 1556 1
667 2173 1
667 2204 1
670 1706 1
670 419 1
682 1179 1
682 1513 1
682 1980 1
682 2055 1
682 2460 1
682 2524 1
682 2748 1
682 3121 1
682 3129 1
682 382 1
682 853 1
683 1498 1
683 2092 1
684 1047 1
684 88 1
684 935 1
687 1062 1
690 2006 1
690 2398 1
695 2109 1
695 2469 1
695 5145 1
698 2930 1
698 326 1
698 761 1
698 904 1
701 1293 1
701 1706 1
701 2032 1
701 2287 1
701 2386 1
701 311 1
701 3173 1
701 998 1
702 1206 1
702 1556 1
702 3023 1
702 3170 1
702 3774 1
702 623 1
702 624 1
702 6599 1
702 757 1
702 838 1
703 1224 1
703 1487 1
710 1789 1
710 2988 1
714 2909 1
720 1018 1
720 1426 1
722 1384 1
722 1479 1
722 1839 1
722 2799 1
722 3100 1
722 3439 1
722 3723 1
722 6980 1
722 6981 1
722 780 1
726 2603 1
726 850 1
730 1242 1
731 1989 1
731 2543 1
731 3017 1
733 1953 1
733 3385 1
733 852 1
736 1665 1
741 3790 1
741 4086 1
743 2383 1
745 1071 1
745 973 1
746 15 1
746 2407 1
746 244 1
746 428 1
746 5142 1
746 766 1
747 2202 1
749 888 1
755 1333 1
755 1744 1
755 1900 1
755 1975 1
755 2273 1
755 2405 1
755 3025 1
755 3273 1
755 3701 1
755 5947 1
755 6091 1
756 1025 1
756 1160 1
756 2317 1
757 3170 1
757 838 1
758 1561 1
760 1670 1
761 1488 1
761 2055 1
761 2930 1
761 326 1
761 698 1
761 904 1
764 1705 1
764 2233 1
764 3323 1
765 2496 1
766 15 1
766 3590 1
767 3133 1
767 3446 1
778 1564 1
778 1658 1
778 2150 1
780 2868 1
788 1177 1
789 3464 1
790 1130 1
790 2120 1
790 2806 1
790 2857 1
790 3517 1
793 2776 1
793 3144 1
795 1020 1
796 3400 1
802 1000 1
802 1759 1
802 392 1
803 1543 1
804 624 1
808 2181 1
808 47 1
808 7052 1
810 418 1
810 5929 1
811 2043 1
811 2781 1
811 3120 1
811 825 1
813 1172 1
813 1609 1
813 2124 1
813 2147 1
813 2149 1
813 2222 1
813 2247 1
813 2736 1
813 2779 1
813 3301 1
817 1374 1
817 2039 1
817 2550 1
817 3833 1
817 6461 1
817 878 1
818 2441 1
823 2176 1
823 2188 1
823 2195 1
823 2537 1
823 2598 1
824 241 1
824 2517 1
825 2043 1
825 2781 1
825 3120 1
828 2546 1
834 2154 1
836 2827 1
836 2890 1
836 5906 1
838 1087 1
838 1205 1
838 1206 1
838 141 1
838 1641 1
838 2032 1
838 2709 1
838 3023 1
838 3170 1
838 3173 1
838 3774 1
838 5672 1
838 624 1
838 6599 1
838 702 1
838 998 1
850 2008 1
850 2480 1
850 2603 1
850 2721 1
850 2834 1
850 53 1
850 6736 1
850 939 1
851 2667 1
852 1953 1
852 3385 1
852 733 1
853 2496 1
853 3647 1
853 3878 1
853 4009 1
853 563 1
853 6440 1
853 695 1
853 7002 1
855 1705 1
855 1994 1
855 2233 1
855 2800 1
855 5931 1
855 905 1
856 1037 1
856 2109 1
857 72 1
859 2185 1
859 2448 1
859 3741 1
859 376 1
859 4321 1
859 4336 1
859 456 1
860 2118 1
861 1266 1
866 1705 1
866 1756 1
866 2233 1
866 2288 1
866 3323 1
866 3360 1
866 764 1
870 422 1
872 1492 1
874 3357 1
878 1374 1
878 2141 1
878 2679 1
878 817 1
886 1873 1
886 2748 1
886 3121 1
887 2431 1
888 1296 1
888 1928 1
888 2365 1
888 4198 1
889 5118 1
889 5134 1
891 1580 1
896 6344 1
897 1339 1
897 1510 1
897 577 1
898 4359 1
903 1611 1
903 1659 1
903 3968 1
904 2930 1
904 326 1
904 698 1
905 1022 1
905 1157 1
905 1390 1
905 1705 1
905 1804 1
905 2076 1
905 2423 1
905 3382 1
905 3565 1
905 360 1
905 4090 1
905 980 1
907 1972 1
910 1097 1
912 2558 1
912 2986 1
912 3101 1
912 941 1
916 1042 1
916 1967 1
916 552 1
921 2229 1
924 1684 1
924 2495 1
924 6462 1
926 1994 1
927 3106 1
928 2524 1
928 3129 1
928 682 1
928 853 1
930 1891 1
930 2124 1
930 2329 1
930 3616 1
930 3941 1
930 932 1
932 1891 1
932 2124 1
932 2170 1
932 2329 1
932 3616 1
932 3941 1
932 4142 1
935 1047 1
935 88 1
936 1485 1
937 4862 1
937 5949 1
942 115 1
942 2015 1
942 2767 1
942 3408 1
942 6194 1
943 2176 1
943 2986 1
943 990 1
945 2241 1
945 2411 1
945 2427 1
949 1252 1
949 1882 1
949 1960 1
949 2947 1
949 3038 1
949 3097 1
949 5022 1
951 1070 1
951 5301 1
954 1100 1
960 2569 1
960 2797 1
962 1173 1
962 1875 1
962 1958 1
962 2667 1
962 334 1
962 6757 1
962 851 1
963 1399 1
963 2059 1
967 2358 1
969 2016 1
973 1071 1
980 1022 1
980 1157 1
980 1593 1
980 2076 1
980 2423 1
980 3042 1
980 3058 1
980 3382 1
980 3432 1
980 3565 1
980 360 1
980 361 1
980 560 1
980 905 1
983 1295 1
983 2489 1
984 1102 1
984 2288 1
984 2662 1
984 2704 1
984 3747 1
984 5216 1
988 3348 1
989 1029 1
990 2176 1
990 2986 1
990 4513 1
992 1438 1
992 1607 1
992 2951 1
992 2966 1
992 3258 1
995 2258 1
995 2449 1
998 1293 1
998 1565 1
998 1706 1
998 1744 1
998 2164 1
998 2287 1
998 2386 1
998 2399 1
998 311 1
998 3170 1
998 3183 1
998 3230 1
998 3500 1
998 385 1
998 5538 1
998 6809 1
998 701 1
1000 1759 1
1000 392 1
1001 1064 1
1001 1203 1
1001 1863 1
1001 2849 1
1003 2202 1
1003 2246 1
1005 2721 1
1005 2834 1
1005 3256 1
1007 3158 1
1008 1658 1
1011 1689 1
1011 2542 1
1012 1744 1
1012 2226 1
1012 2772 1
1012 3052 1
1012 3323 1
1012 5960 1
1012 6091 1
1013 2024 1
1013 3152 1
1013 3209 1
1013 3245 1
1013 561 1
1015 630 1
1017 2680 1
1017 3060 1
1017 3450 1
1018 1426 1
1019 2029 1
1019 2837 1
1021 1482 1
1021 2553 1
1021 2757 1
1021 2810 1
1021 3270 1
1021 3278 1
1021 3964 1
1021 5227 1
1021 5315 1
1022 1157 1
1022 1593 1
1022 2423 1
1022 980 1
1025 1269 1
1025 2118 1
1025 2145 1
1025 69 1
1028 1050 1
1028 3196 1
1032 1312 1
1032 2586 1
1033 1442 1
1033 2954 1
1035 1351 1
1035 24 1
1035 2582 1
1035 2846 1
1035 3257 1
1037 2109 1
1040 1355 1
1040 2232 1
1040 3442 1
1040 692 1
1042 1965 1
1042 1967 1
1047 88 1
1050 3196 1
1062 84 1
1064 1001 1
1064 1203 1
1064 2849 1
1064 642 1
1066 3145 1
1066 4439 1
1070 1489 1
1070 1670 1
1070 3421 1
1070 4635 1
1070 5301 1
1071 2818 1
1071 3599 1
1071 369 1
1076 3045 1
1079 1179 1
1079 1700 1
1079 1749 1
1079 1873 1
1079 2748 1
1079 3121 1
1079 886 1
1081 1961 1
1081 2992 1
1083 5217 1
1084 1336 1
1084 1441 1
1084 1469 1
1085 271 1
1086 1591 1
1086 1599 1
1086 1639 1
1088 1907 1
1089 1688 1
1092 2317 1
1096 1706 1
1096 2025 1
1099 3462 1
1099 84 1
1101 1179 1
1101 1700 1
1101 1749 1
1101 2748 1
1101 2890 1
1102 2662 1
1102 3747 1
1108 1453 1
1108 1487 1
1108 1641 1
1108 2226 1
1108 2386 1
1108 2481 1
1108 3697 1
1108 624 1
1110 1021 1
1110 1482 1
1111 1893 1
1113 5426 1
1114 4668 1
1115 1417 1
1116 2003 1
1121 1717 1
1125 1782 1
1131 2016 1
1141 110 1
1141 1505 1
1141 1697 1
1141 2854 1
1141 3171 1
1146 3066 1
1146 3230 1
1147 1684 1
1147 6462 1
1155 159 1
1155 2490 1
1156 2733 1
1157 1022 1
1157 1593 1
1157 2423 1
1157 3042 1
1157 980 1
1161 6134 1
1162 1994 1
1162 3231 1
1162 5931 1
1169 1705 1
1169 2233 1
1169 2570 1
1169 595 1
1172 1609 1
1172 2124 1
1173 1070 1
1173 1489 1
1173 1670 1
1173 3421 1
1173 962 1
1178 5137 1
1179 1513 1
1179 1700 1
1179 1873 1
1179 2055 1
1179 2748 1
1179 2890 1
1179 3121 1
1179 886 1
1181 1311 1
1181 1360 1
1181 1429 1
1181 1696 1
1181 2357 1
1181 2396 1
1181 2970 1
1181 3355 1
1181 3458 1
1181 6132 1
1182 1874 1
1189 2241 1
1189 2411 1
1189 2427 1
1189 945 1
1191 2913 1
1193 1510 1
1193 1999 1
1193 2109 1
1193 2843 1
1199 1251 1
1199 2266 1
1199 3385 1
1203 2849 1
1205 3170 1
1206 1641 1
1206 3023 1
1206 3170 1
1206 3774 1
1206 623 1
1206 624 1
1206 6599 1
1206 702 1
1206 838 1
1207 1613 1
1207 2472 1
1211 305 1
1211 3160 1
1211 477 1
1213 2205 1
1213 3637 1
1213 3911 1
1215 1367 1
1215 2557 1
1215 3629 1
1215 3693 1
1215 3793 1
1218 1347 1
1220 2129 1
1220 2343 1
1220 3184 1
1227 2078 1
1227 2133 1
1227 2545 1
1228 1232 1
1228 2195 1
1228 2473 1
1228 3577 1
1228 3746 1
1228 5875 1
1229 15 1
1229 2407 1
1229 244 1
1229 428 1
1229 5142 1
1229 746 1
1229 766 1
1232 2360 1
1232 3985 1
1232 48 1
1234 3458 1
1235 1859 1
1235 1983 1
1235 5142 1
1236 1953 1
1236 1957 1
1236 2261 1
1236 2777 1
1236 2986 1
1236 5121 1
1241 143 1
1241 1665 1
1241 2624 1
1241 605 1
1247 1442 1
1247 1548 1
1247 1815 1
1251 2266 1
1251 3385 1
1252 1438 1
1252 1960 1
1252 3097 1
1252 949 1
1255 2181 1
1255 4112 1
1256 1334 1
1256 5949 1
1256 6014 1
1258 3005 1
1260 2537 1
1260 2923 1
1262 3089 1
1265 2072 1
1265 3307 1
1266 1683 1
1266 2049 1
1273 4112 1
1274 673 1
1275 1498 1
1275 1684 1
1275 1878 1
1275 2382 1
1288 2688 1
1289 2070 1
1289 2156 1
1289 3120 1
1289 3343 1
1289 900 1
1292 2988 1
1293 2287 1
1293 2358 1
1293 2386 1
1293 311 1
1293 701 1
1293 998 1
1295 2489 1
1296 2052 1
1296 2365 1
1296 888 1
1299 1348 1
1299 2066 1
1299 2360 1
1299 2983 1
1306 1895 1
1306 2144 1
1306 2461 1
1306 2604 1
1310 2362 1
1311 1696 1
1311 2357 1
1328 1768 1
1328 1956 1
1328 4716 1
1333 1744 1
1333 3769 1
1333 5947 1
1333 6091 1
1333 6333 1
1333 755 1
1336 1441 1
1336 1469 1
1336 1766 1
1336 1889 1
1336 1921 1
1336 2267 1
1336 2297 1
1336 2843 1
1336 3008 1
1336 312 1
1336 3471 1
1339 4098 1
1339 577 1
1340 4246 1
1340 6127 1
1344 2462 1
1344 3312 1
1348 2360 1
1348 2983 1
1350 1838 1
1350 2061 1
1350 2095 1
1350 2136 1
1350 2367 1
1350 4934 1
1353 1058 1
1353 2710 1
1353 3188 1
1355 1040 1
1355 1876 1
1355 2488 1
1355 3164 1
1360 1429 1
1360 3057 1
1360 3397 1
1363 1469 1
1363 2488 1
1363 2930 1
1363 3442 1
1364 2048 1
1366 2095 1
1366 2776 1
1366 3094 1
1367 1147 1
1367 2162 1
1367 3793 1
1374 817 1
1377 1590 1
1377 4057 1
1379 27 1
1379 2874 1
1379 2882 1
1379 3683 1
1379 424 1
1379 514 1
1379 524 1
1381 1016 1
1384 1406 1
1384 1839 1
1389 1785 1
1390 1705 1
1390 1804 1
1390 2157 1
1390 2411 1
1390 2577 1
1390 2784 1
1390 3131 1
1394 1420 1
1394 2619 1
1397 1443 1
1397 161 1
1397 1899 1
1397 2690 1
1397 2960 1
1398 1966 1
1398 4801 1
1399 225 1
1399 408 1
1400 1983 1
1400 3551 1
1401 1522 1
1401 2362 1
1401 2616 1
1404 1467 1
1404 2547 1
1405 2038 1
1406 1424 1
1406 3763 1
1406 3764 1
1407 2029 1
1407 2711 1
1407 3420 1
1407 6112 1
1407 6709 1
1410 1524 1
1410 2470 1
1410 3385 1
1415 143 1
1415 234 1
1415 2641 1
1415 267 1
1415 3494 1
1415 3762 1
1415 534 1
1417 6207 1
1418 2621 1
1418 3030 1
1418 5103 1
1419 2682 1
1420 2619 1
1423 2632 1
1423 633 1
1429 1360 1
1437 2699 1
1438 3097 1
1438 949 1
1441 2843 1
1443 3347 1
1444 5108 1
1447 1783 1
1447 79 1
1453 1108 1
1453 116 1
1453 1641 1
1453 1705 1
1453 1744 1
1453 2226 1
1453 2382 1
1453 2386 1
1453 2481 1
1453 2586 1
1453 3183 1
1453 3500 1
1453 4172 1
1453 5973 1
1453 624 1
1461 1640 1
1461 2723 1
1463 1756 1
1466 1059 1
1466 1972 1
1466 2722 1
1466 3139 1
1467 2547 1
1469 1363 1
1469 1651 1
1469 1766 1
1469 2267 1
1469 2297 1
1469 2488 1
1469 2930 1
1469 3008 1
1469 3442 1
1469 3471 1
1469 487 1
1472 1767 1
1476 2385 1
1478 585 1
1479 2409 1
1482 2810 1
1482 3270 1
1482 5227 1
1484 1684 1
1484 2154 1
1484 2158 1
1484 2476 1
1486 1838 1
1486 2628 1
1486 3814 1
1487 1224 1
1487 1558 1
1487 1641 1
1487 2049 1
1487 2158 1
1487 2226 1
1487 2481 1
1487 2617 1
1487 2647 1
1487 2865 1
1487 2911 1
1487 3093 1
1487 316 1
1487 3354 1
1487 3396 1
1487 3697 1
1487 6363 1
1488 12 1
1488 1711 1
1488 2055 1
1488 2436 1
1488 2483 1
1488 2669 1
1488 326 1
1489 1070 1
1489 1670 1
1489 3421 1
1489 4635 1
1490 4862 1
1491 1620 1
1492 1700 1
1492 2881 1
1492 3174 1
1492 3832 1
1496 2168 1
1496 2676 1
1498 1275 1
1498 2382 1
1498 3139 1
1504 3942 1
1505 1697 1
1505 2854 1
1505 3465 1
1510 2226 1
1510 2278 1
1510 2463 1
1510 2843 1
1510 2904 1
1510 3024 1
1511 1556 1
1511 1658 1
1511 2150 1
1511 3164 1
1512 1546 1
1513 1079 1
1513 1700 1
1513 1868 1
1513 2748 1
1518 3135 1
1522 1033 1
1522 1442 1
1522 2616 1
1522 2712 1
1522 2954 1
1522 379 1
1523 1593 1
1523 1649 1
1523 1710 1
1523 1725 1
1523 2346 1
1523 2471 1
1523 2497 1
1523 4855 1
1524 1717 1
1524 1767 1
1524 2539 1
1526 2134 1
1526 2146 1
1526 2164 1
1526 2176 1
1526 2728 1
1526 3659 1
1526 3911 1
1526 4556 1
1526 6035 1
1526 608 1
1531 115 1
1531 1644 1
1531 2015 1
1531 3354 1
1531 3408 1
1531 3798 1
1532 1181 1
1532 1598 1
1532 2732 1
1532 3355 1
1532 3458 1
1532 6132 1
1536 1934 1
1536 2057 1
1536 3011 1
1538 1792 1
1538 2020 1
1538 54 1
1543 1027 1
1543 2913 1
1548 1193 1
1548 1919 1
1548 205 1
1556 2173 1
1556 2204 1
1558 1487 1
1558 1645 1
1558 2373 1
1558 3093 1
1558 3396 1
1558 3674 1
1558 6325 1
1564 1658 1
1564 1746 1
1564 2150 1
1564 2182 1
1564 2309 1
1564 2789 1
1564 3012 1
1564 4172 1
1564 4738 1
1564 5964 1
1565 2287 1
1565 385 1
1567 1644 1
1567 2037 1
1567 2476 1
1567 2558 1
1567 3072 1
1567 3661 1
1567 3729 1
1567 4255 1
1568 1379 1
1568 2559 1
1568 27 1
1568 2874 1
1568 2882 1
1568 3683 1
1568 424 1
1568 514 1
1568 524 1
1569 1783 1
1569 2053 1
1569 2215 1
1569 2273 1
1569 2776 1
1571 2420 1
1573 5912 1
1577 1994 1
1577 2770 1
1577 5931 1
1578 102 1
1578 1990 1
1578 2859 1
1578 3944 1
1578 912 1
1581 2745 1
1584 194 1
1584 2232 1
1584 2244 1
1584 333 1
1584 3346 1
1584 3579 1
1584 518 1
1588 2758 1
1588 3120 1
1588 4202 1
1588 605 1
1589 2141 1
1590 2183 1
1590 2374 1
1590 328 1
1590 3849 1
1590 4057 1
1590 534 1
1590 6738 1
1591 1599 1
1591 1639 1
1592 1306 1
1592 3310 1
1592 520 1
1592 653 1
1593 1649 1
1593 1674 1
1593 1725 1
1593 2368 1
1593 3088 1
1593 3191 1
1593 361 1
1593 3717 1
1593 38 1
1593 420 1
1593 6097 1
1598 1181 1
1598 1499 1
1598 2465 1
1598 2602 1
1598 2690 1
1598 2732 1
1598 3355 1
1598 3458 1
1598 476 1
1598 6132 1
1598 730 1
1599 1639 1
1605 287 1
1607 1865 1
1607 2059 1
1607 2278 1
1607 2426 1
1607 2671 1
1607 2902 1
1607 2913 1
1607 2966 1
1607 3763 1
1607 4037 1
1607 84 1
1609 1172 1
1609 482 1
1609 813 1
1610 2141 1
1611 1659 1
1613 2472 1
1625 2861 1
1625 32 1
1627 2291 1
1627 2475 1
1628 2562 1
1628 2661 1
1628 2952 1
1630 1025 1
1630 1160 1
1630 2317 1
1630 756 1
1632 2470 1
1634 3063 1
1634 4285 1
1635 2882 1
1635 3104 1
1635 3683 1
1635 424 1
1635 5263 1
1637 1021 1
1637 1110 1
1637 1482 1
1639 3746 1
1640 2178 1
1640 2723 1
1640 2950 1
1640 2973 1
1641 2127 1
1641 2226 1
1641 2249 1
1641 2481 1
1641 3583 1
1641 3697 1
1641 6179 1
1641 6231 1
1641 624 1
1644 1224 1
1644 1487 1
1644 2015 1
1644 2037 1
1644 2049 1
1644 2476 1
1644 254 1
1644 3017 1
1644 3072 1
1644 4139 1
1644 703 1
1645 1487 1
1645 2373 1
1645 3674 1
1645 6325 1
1649 2471 1
1649 2497 1
1651 127 1
1651 3442 1
1651 487 1
1658 1964 1
1658 2150 1
1658 2658 1
1658 3526 1
1658 3656 1
1658 4122 1
1658 71 1
1664 2311 1
1664 3554 1
1664 3750 1
1664 4663 1
1664 605 1
1665 143 1
1665 2413 1
1665 2460 1
1665 5662 1
1665 605 1
1665 64 1
1671 3263 1
1671 51 1
1674 1593 1
1674 1725 1
1674 2368 1
1674 2423 1
1674 3088 1
1674 361 1
1674 3717 1
1674 38 1
1674 980 1
1675 2721 1
1675 2815 1
1678 4452 1
1683 1266 1
1683 1282 1
1683 2049 1
1683 2329 1
1683 2476 1
1683 2772 1
1683 3153 1
1683 3308 1
1683 3354 1
1684 1147 1
1684 1968 1
1684 2382 1
1684 2719 1
1684 3793 1
1684 6462 1
1685 1963 1
1687 1241 1
1687 2036 1
1687 2364 1
1688 1089 1
1688 3044 1
1688 3095 1
1689 2542 1
1690 1697 1
1690 2047 1
1690 2761 1
1691 1736 1
1691 2688 1
1691 3435 1
1695 3048 1
1696 1181 1
1696 1360 1
1696 2357 1
1696 2396 1
1696 2970 1
1697 143 1
1697 2047 1
1697 267 1
1697 2854 1
1697 534 1
1697 6130 1
1700 1079 1
1700 1101 1
1700 1179 1
1700 1396 1
1700 1749 1
1700 1868 1
1700 1873 1
1700 1944 1
1700 2726 1
1700 2748 1
1700 2881 1
1700 2890 1
1700 2893 1
1700 3121 1
1700 3686 1
1700 3851 1
1700 5884 1
1700 6208 1
1700 886 1
1703 2573 1
1705 1012 1
1705 116 1
1705 1390 1
1705 1744 1
1705 1804 1
1705 2077 1
1705 2157 1
1705 2226 1
1705 2233 1
1705 2288 1
1705 2382 1
1705 2411 1
1705 2570 1
1705 2577 1
1705 2586 1
1705 2784 1
1705 3018 1
1705 3131 1
1705 3645 1
1705 369 1
1705 3741 1
1705 376 1
1705 4172 1
1705 5933 1
1705 595 1
1705 5973 1
1705 600 1
1705 855 1
1705 905 1
1706 2850 1
1706 3163 1
1706 3954 1
1706 419 1
1706 670 1
1706 844 1
1707 1858 1
1710 2346 1
1710 3206 1
1711 2436 1
1711 2483 1
1714 2856 1
1716 2522 1
1721 4224 1
1722 2938 1
1722 3009 1
1723 1487 1
1723 1558 1
1723 1645 1
1723 2373 1
1725 1523 1
1725 1593 1
1725 1649 1
1725 1674 1
1725 2974 1
1725 3088 1
1725 361 1
1725 3717 1
1725 38 1
1727 3144 1
1730 1775 1
1732 3298 1
1732 3394 1
1738 3660 1
1744 1012 1
1744 2226 1
1744 2586 1
1744 3052 1
1744 3183 1
1744 3500 1
1744 369 1
1744 376 1
1744 5047 1
1744 5943 1
1744 6043 1
1744 6091 1
1744 99 1
1746 1071 1
1746 745 1
1746 973 1
1749 2726 1
1749 2748 1
1756 3360 1
1760 1611 1
1764 2703 1
1764 3059 1
1765 3133 1
1765 3317 1
1766 2267 1
1766 2297 1
1766 3008 1
1767 1994 1
1767 245 1
1767 5125 1
1769 2677 1
1770 5351 1
1770 6336 1
1778 2402 1
1782 964 1
1783 1988 1
1783 2021 1
1783 2053 1
1783 2215 1
1783 2273 1
1783 2776 1
1785 1389 1
1785 3236 1
1785 3709 1
1789 2988 1
1792 54 1
1802 1532 1
1802 2534 1
1804 1390 1
1804 3131 1
1806 3097 1
1808 2454 1
1816 2851 1
1818 144 1
1819 2358 1
1819 2789 1
1819 395 1
1819 435 1
1819 470 1
1819 517 1
1819 864 1
1828 5117 1
1833 2139 1
1835 2309 1
1838 2061 1
1838 2628 1
1838 3814 1
1843 158 1
1843 2127 1
1843 2498 1
1854 2127 1
1858 2147 1
1858 2811 1
1858 3352 1
1859 2133 1
1859 2593 1
1859 3112 1
1859 3152 1
1859 3495 1
1859 3597 1
1859 3927 1
1859 560 1
1859 604 1
1859 6750 1
1859 980 1
1865 1607 1
1865 2671 1
1866 2164 1
1866 2763 1
1866 2782 1
1866 395 1
1867 1932 1
1868 1079 1
1868 1700 1
1868 2748 1
1868 3121 1
1872 43 1
1873 1079 1
1873 1700 1
1873 1749 1
1873 2278 1
1873 2748 1
1873 3121 1
1873 3300 1
1873 5133 1
1875 2667 1
1875 851 1
1876 1355 1
1876 2488 1
1876 2874 1
1876 2882 1
1876 2890 1
1876 3442 1
1876 424 1
1877 2772 1
1878 1275 1
1879 3647 1
1879 6786 1
1879 6869 1
1882 1252 1
1882 1960 1
1882 3097 1
1882 5022 1
1882 949 1
1890 1524 1
1891 2124 1
1891 2329 1
1891 3616 1
1891 3941 1
1891 73 1
1891 930 1
1891 932 1
1893 3637 1
1893 6159 1
1895 2144 1
1895 2461 1
1895 2604 1
1899 2960 1
1900 186 1
1900 2273 1
1900 2405 1
1900 3025 1
1900 755 1
1904 3163 1
1910 222 1
1914 2183 1
1915 2528 1
1915 3296 1
1919 205 1
1920 2992 1
1921 2882 1
1921 3184 1
1928 3706 1
1928 4198 1
1930 126 1
1930 144 1
1930 1818 1
1930 2453 1
1931 1411 1
1931 366 1
1933 3211 1
1944 5884 1
1947 59 1
1947 719 1
1950 197 1
1950 2273 1
1950 2360 1
1950 3226 1
1950 6792 1
1953 1957 1
1953 2777 1
1953 2986 1
1953 3385 1
1953 733 1
1960 1252 1
1960 1882 1
1960 2947 1
1960 3097 1
1960 5022 1
1960 949 1
1961 2992 1
1963 3220 1
1963 3413 1
1964 2150 1
1964 2658 1
1964 2772 1
1964 3763 1
1964 3764 1
1964 4122 1
1965 1967 1
1966 4801 1
1968 2198 1
1968 3604 1
1972 1059 1
1972 1355 1
1972 2722 1
1972 3139 1
1972 907 1
1975 3273 1
1975 3701 1
1979 2170 1
1983 2407 1
1983 2441 1
1983 3551 1
1983 3555 1
1983 3583 1
1983 3755 1
1983 428 1
1983 5142 1
1983 6209 1
1988 2021 1
1988 2115 1
1990 2859 1
1990 6159 1
1994 1162 1
1994 2770 1
1994 3231 1
1994 586 1
1994 5931 1
1997 3474 1
1997 647 1
1999 2109 1
1999 2843 1
2006 1950 1
2006 2241 1
2006 2259 1
2006 2273 1
2006 2398 1
2006 2515 1
2006 298 1
2006 2996 1
2006 3995 1
2006 4171 1
2006 4247 1
2008 2834 1
2013 3690 1
2015 115 1
2015 1531 1
2015 1644 1
2015 2032 1
2015 2226 1
2015 2249 1
2015 2481 1
2015 254 1
2015 2767 1
2015 3017 1
2015 3408 1
2015 3798 1
2015 6194 1
2015 6704 1
2020 2246 1
2021 1988 1
2021 2053 1
2021 2115 1
2021 2215 1
2021 3046 1
2025 2078 1
2025 3427 1
2029 2837 1
2029 6709 1
2032 1087 1
2032 254 1
2032 2709 1
2032 2767 1
2032 3173 1
2032 5672 1
2034 1554 1
2035 382 1
2037 2476 1
2037 3072 1
2039 3833 1
2039 6461 1
2043 2453 1
2043 2758 1
2043 2781 1
2043 3120 1
2046 1540 1
2046 2684 1
2047 2147 1
2047 2761 1
2049 1224 1
2049 1266 1
2049 1282 1
2049 1484 1
2049 1487 1
2049 2154 1
2049 2158 1
2049 2329 1
2049 2476 1
2049 2647 1
2049 2772 1
2049 3093 1
2049 3153 1
2049 3308 1
2049 3354 1
2049 3396 1
2049 370 1
2049 587 1
2049 6363 1
2049 703 1
2052 2120 1
2052 26 1
2052 2687 1
2052 2803 1
2052 4222 1
2052 614 1
2052 888 1
2053 2215 1
2053 2273 1
2056 2772 1
2056 6471 1
2059 2101 1
2059 2426 1
2059 2671 1
2061 3175 1
2062 2365 1
2062 2464 1
2064 2420 1
2065 2892 1
2066 3017 1
2066 5960 1
2067 2226 1
2070 1289 1
2070 1588 1
2070 2156 1
2070 3244 1
2072 3307 1
2074 1859 1
2074 980 1
2075 5895 1
2076 3382 1
2076 3565 1
2077 2233 1
2077 3741 1
2078 2133 1
2078 2527 1
2078 2545 1
2079 4055 1
2081 1022 1
2081 1157 1
2081 2423 1
2081 3042 1
2081 3432 1
2081 980 1
2091 1688 1
2091 1722 1
2091 3044 1
2091 3095 1
2094 2149 1
2095 1125 1
2095 1782 1
2095 2776 1
2095 3094 1
2095 64 1
2096 2115 1
2096 2215 1
2096 3438 1
2096 5958 1
2101 2671 1
2102 2459 1
2102 2703 1
2102 2752 1
2102 29 1
2104 3136 1
2109 1193 1
2109 1999 1
2109 2843 1
2109 295 1
2109 5158 1
2109 6209 1
2112 2136 1
2112 2307 1
2115 2183 1
2115 2215 1
2115 3438 1
2115 3985 1
2115 5958 1
2118 2145 1
2122 2976 1
2124 1891 1
2124 2329 1
2124 3616 1
2124 3941 1
2124 4044 1
2124 6505 1
2124 73 1
2124 930 1
2124 932 1
2127 158 1
2127 2498 1
2127 2758 1
2127 2781 1
2127 3120 1
2129 2343 1
2129 3184 1
2133 2527 1
2133 2545 1
2133 2723 1
2133 3427 1
2133 375 1
2133 604 1
2134 2205 1
2134 2227 1
2134 282 1
2134 3911 1
2134 4556 1
2134 961 1
2136 2307 1
2137 3159 1
2141 2679 1
2144 1895 1
2144 2461 1
2144 2588 1
2144 2604 1
2144 2913 1
2146 2176 1
2146 2772 1
2146 2960 1
2146 6035 1
2147 2727 1
2147 2737 1
2147 2811 1
2149 3524 1
2149 5217 1
2149 813 1
2150 1658 1
2150 2658 1
2150 292 1
2150 3526 1
2150 3656 1
2150 4122 1
2153 3081 1
2154 2158 1
2154 2476 1
2156 1289 1
2156 1588 1
2156 2070 1
2156 2147 1
2156 2303 1
2156 2781 1
2156 2811 1
2156 3120 1
2156 3244 1
2156 3343 1
2156 900 1
2156 965 1
2158 1487 1
2158 2049 1
2158 2476 1
2158 2647 1
2158 3093 1
2158 3396 1
2158 370 1
2158 587 1
2162 3793 1
2163 1819 1
2163 395 1
2164 1565 1
2164 2052 1
2164 2120 1
2164 2201 1
2164 2287 1
2164 2371 1
2164 2441 1
2164 26 1
2164 2687 1
2164 2728 1
2164 2782 1
2164 2803 1
2164 3007 1
2164 3659 1
2164 385 1
2164 4222 1
2164 614 1
2165 2546 1
2165 2691 1
2165 2759 1
2165 2979 1
2165 543 1
2168 2676 1
2169 2455 1
2169 657 1
2170 4142 1
2172 2873 1
2172 4988 1
2173 2204 1
2174 2341 1
2176 2188 1
2176 2195 1
2176 227 1
2176 2537 1
2176 2598 1
2176 2986 1
2176 3163 1
2176 3589 1
2176 6035 1
2176 823 1
2181 2783 1
2181 47 1
2181 7052 1
2181 808 1
2182 2229 1
2182 2253 1
2182 2330 1
2182 2789 1
2182 3017 1
2182 4172 1
2183 2215 1
2183 328 1
2183 3438 1
2183 3985 1
2183 534 1
2185 2448 1
2185 3620 1
2188 2537 1
2188 823 1
2194 1371 1
2194 2809 1
2195 1222 1
2195 1713 1
2195 2537 1
2195 2576 1
2195 2923 1
2201 2371 1
2201 2441 1
2201 818 1
2202 2246 1
2202 2346 1
2202 3664 1
2202 4384 1
2205 2227 1
2205 282 1
2205 961 1
2210 2424 1
2210 5184 1
2215 1988 1
2215 3046 1
2215 3438 1
2215 3985 1
2215 5958 1
2215 6821 1
2222 2247 1
2222 2736 1
2222 2779 1
2226 1012 1
2226 1641 1
2226 1744 1
2226 2386 1
2226 2481 1
2226 2533 1
2226 3052 1
2226 3408 1
2226 369 1
2226 3727 1
2226 376 1
2226 4855 1
2226 592 1
2226 6091 1
2226 624 1
2229 162 1
2229 18 1
2229 2182 1
2229 2253 1
2229 2330 1
2229 2688 1
2229 921 1
2233 2288 1
2233 2411 1
2233 2784 1
2233 5933 1
2233 600 1
2241 2006 1
2241 2273 1
2241 2398 1
2241 2411 1
2241 2427 1
2241 2657 1
2241 2870 1
2241 518 1
2241 690 1
2244 1584 1
2244 2305 1
2244 518 1
2244 723 1
2246 3616 1
2247 2736 1
2247 2779 1
2249 1641 1
2249 2226 1
2249 2481 1
2249 3408 1
2249 3727 1
2252 900 1
2253 2182 1
2253 2330 1
2253 3017 1
2255 1337 1
2255 2850 1
2255 437 1
2256 3458 1
2258 2449 1
2260 5898 1
2261 1953 1
2261 1957 1
2261 2777 1
2261 2986 1
2261 5121 1
2261 982 1
2262 3342 1
2265 2993 1
2265 3057 1
2265 495 1
2265 6001 1
2266 2341 1
2266 3334 1
2266 3385 1
2267 1336 1
2267 1469 1
2267 1766 1
2267 2297 1
2267 3008 1
2267 312 1
2268 2423 1
2273 2006 1
2273 2405 1
2273 3025 1
2278 2463 1
2278 2902 1
2278 3300 1
2284 12 1
2284 3776 1
2284 512 1
2284 948 1
2287 1293 1
2287 2358 1
2287 311 1
2287 3500 1
2287 998 1
2288 1562 1
2288 1705 1
2288 203 1
2288 2233 1
2288 2704 1
2288 3323 1
2288 518 1
2288 5216 1
2288 764 1
2295 2855 1
2296 3026 1
2297 1469 1
2297 1766 1
2297 2371 1
2297 3008 1
2297 3335 1
2297 3900 1
2297 5109 1
2297 5194 1
2303 965 1
2305 1584 1
2305 2244 1
2305 518 1
2305 723 1
2308 2721 1
2308 3057 1
2309 2789 1
2309 3012 1
2309 4172 1
2309 4738 1
2309 5964 1
2311 3554 1
2313 3084 1
2314 3038 1
2329 1684 1
2329 1891 1
2329 2124 1
2329 2719 1
2329 3207 1
2329 3616 1
2329 3941 1
2329 6344 1
2329 73 1
2330 18 1
2330 2182 1
2330 2229 1
2330 2790 1
2330 921 1
2334 2514 1
2338 203 1
2338 722 1
2341 3334 1
2343 3184 1
2346 3664 1
2346 4384 1
2348 2324 1
2349 127 1
2349 2488 1
2349 2843 1
2349 3203 1
2349 3344 1
2357 1181 1
2357 1360 1
2357 2396 1
2358 311 1
2358 435 1
2358 470 1
2358 864 1
2358 998 1
2360 1950 1
2360 197 1
2360 2006 1
2360 2259 1
2360 226 1
2360 2650 1
2360 2919 1
2360 298 1
2360 2983 1
2360 3226 1
2360 3985 1
2360 3995 1
2360 48 1
2362 2439 1
2362 2659 1
2362 520 1
2363 2476 1
2363 2558 1
2363 2772 1
2363 3323 1
2363 3621 1
2363 3661 1
2363 3713 1
2363 3729 1
2363 3735 1
2363 4636 1
2363 858 1
2364 1241 1
2365 2464 1
2366 1193 1
2367 4934 1
2368 1593 1
2368 1674 1
2368 1725 1
2368 3088 1
2368 3191 1
2368 361 1
2368 3717 1
2368 38 1
2371 2441 1
2371 3007 1
2371 3335 1
2371 3900 1
2371 5109 1
2371 5194 1
2373 1071 1
2373 1487 1
2373 1645 1
2373 2156 1
2373 3343 1
2373 3436 1
2373 3674 1
2373 369 1
2373 3702 1
2373 3712 1
2373 3713 1
2373 600 1
2373 6325 1
2374 2489 1
2374 2496 1
2374 2916 1
2374 2926 1
2374 301 1
2374 303 1
2374 3361 1
2374 3647 1
2374 37 1
2374 3849 1
2374 3878 1
2374 3908 1
2374 3923 1
2374 3971 1
2374 3995 1
2374 3996 1
2374 4009 1
2374 4056 1
2374 563 1
2374 64 1
2374 6440 1
2374 6819 1
2374 695 1
2374 7000 1
2374 7001 1
2374 7002 1
2374 853 1
2377 2692 1
2377 2776 1
2382 116 1
2382 1275 1
2382 2586 1
2382 5973 1
2386 141 1
2390 375 1
2390 515 1
2396 1181 1
2396 1360 1
2398 2006 1
2398 690 1
2399 1565 1
2399 2164 1
2399 2287 1
2399 385 1
2400 2537 1
2402 5939 1
2405 186 1
2405 1900 1
2405 3025 1
2405 3662 1
2405 5166 1
2405 5309 1
2405 755 1
2407 15 1
2407 3227 1
2407 3551 1
2407 3555 1
2407 3877 1
2407 428 1
2407 5142 1
2407 7092 1
2407 766 1
2407 898 1
2409 190 1
2409 2423 1
2409 980 1
2409 98 1
2410 2496 1
2410 356 1
2411 1705 1
2411 2784 1
2411 3645 1
2414 2771 1
2414 3007 1
2415 1415 1
2415 143 1
2415 234 1
2415 267 1
2415 377 1
2415 534 1
2415 6159 1
2423 1022 1
2423 1593 1
2423 3042 1
2423 3058 1
2423 361 1
2423 980 1
2424 5184 1
2426 84 1
2433 1858 1
2433 2147 1
2433 2811 1
2433 3352 1
2436 12 1
2436 2483 1
2439 206 1
2439 2292 1
2439 2362 1
2439 2659 1
2441 2473 1
2441 3007 1
2441 3583 1
2441 3755 1
2441 48 1
2441 818 1
2448 2558 1
2448 3729 1
2450 3985 1
2450 510 1
2450 6770 1
2453 2758 1
2453 5145 1
2453 5294 1
2455 2169 1
2455 657 1
2458 3136 1
2458 3338 1
2458 3581 1
2459 2102 1
2459 2703 1
2459 2752 1
2459 29 1
2460 2524 1
2460 3129 1
2460 5662 1
2460 64 1
2460 682 1
2460 853 1
2460 928 1
2461 2726 1
2461 3231 1
2468 2182 1
2468 2229 1
2468 2253 1
2468 2330 1
2469 1984 1
2469 5145 1
2470 3385 1
2471 1523 1
2471 1593 1
2471 1649 1
2471 1725 1
2471 2497 1
2471 2974 1
2471 4855 1
2476 1282 1
2476 2049 1
2476 2158 1
2476 2647 1
2476 2772 1
2476 3308 1
2480 2721 1
2480 6736 1
2481 2127 1
2481 2226 1
2481 2249 1
2481 3583 1
2481 4855 1
2481 592 1
2481 6179 1
2481 6231 1
2483 12 1
2483 2669 1
2488 1355 1
2488 2843 1
2488 2890 1
2488 2930 1
2488 3442 1
2489 2496 1
2489 303 1
2489 3647 1
2489 3878 1
2489 4009 1
2489 4056 1
2489 563 1
2489 6440 1
2489 695 1
2489 7001 1
2489 7002 1
2489 853 1
2494 3094 1
2494 3580 1
2494 498 1
2494 785 1
2496 356 1
2498 158 1
2500 3490 1
2505 3106 1
2508 3484 1
2517 241 1
2524 3129 1
2524 382 1
2524 853 1
2527 2545 1
2528 3296 1
2532 1688 1
2532 527 1
2534 1532 1
2534 2441 1
2534 2473 1
2534 2763 1
2534 3007 1
2534 395 1
2534 48 1
2537 1222 1
2537 1260 1
2537 1713 1
2537 2176 1
2537 2195 1
2537 2576 1
2537 2598 1
2537 2806 1
2537 2913 1
2537 2923 1
2537 3357 1
2537 823 1
2543 3017 1
2544 2669 1
2544 2882 1
2544 3104 1
2544 496 1
2545 2078 1
2545 2133 1
2545 2527 1
2546 2165 1
2546 2691 1
2546 2759 1
2546 2979 1
2546 543 1
2548 1072 1
2550 2226 1
2550 2533 1
2550 6043 1
2553 2757 1
2553 3278 1
2557 3693 1
2558 3049 1
2558 3125 1
2558 3713 1
2558 3729 1
2558 3735 1
2558 4636 1
2558 6734 1
2558 858 1
2559 1379 1
2559 27 1
2559 2874 1
2559 2882 1
2559 3154 1
2559 3683 1
2559 424 1
2559 514 1
2559 524 1
2563 1455 1
2563 1505 1
2563 1634 1
2563 3063 1
2563 3108 1
2563 4285 1
2563 6790 1
2563 6791 1
2565 3602 1
2565 3696 1
2565 6001 1
2576 1713 1
2576 2923 1
2578 212 1
2578 619 1
2578 65 1
2581 2362 1
2582 24 1
2582 3257 1
2583 2638 1
2588 2913 1
2590 3458 1
2593 3152 1
2593 3564 1
2593 3927 1
2593 98 1
2598 1260 1
2598 2176 1
2598 2188 1
2598 2537 1
2598 2923 1
2598 3357 1
2598 823 1
2602 1598 1
2602 2465 1
2602 399 1
2602 545 1
2603 3256 1
2603 4954 1
2603 6555 1
2603 850 1
2603 890 1
2604 1895 1
2605 1700 1
2605 2748 1
2605 2890 1
2611 2874 1
2611 3163 1
2616 1401 1
2616 1522 1
2616 2362 1
2617 1224 1
2617 3093 1
2618 3701 1
2618 3708 1
2621 3030 1
2627 2697 1
2627 2838 1
2628 1838 1
2628 213 1
2628 273 1
2628 3814 1
2632 1423 1
2632 633 1
2632 6712 1
2636 397 1
2636 671 1
2637 2795 1
2638 2583 1
2638 84 1
2640 3462 1
2644 1744 1
2644 2586 1
2644 5047 1
2644 5943 1
2644 6043 1
2644 99 1
2646 2957 1
2646 5 1
2647 1487 1
2647 2049 1
2647 2158 1
2647 2476 1
2647 3093 1
2647 3396 1
2649 3163 1
2650 226 1
2658 1564 1
2658 1658 1
2658 172 1
2658 2150 1
2658 778 1
2659 206 1
2659 2292 1
2659 2362 1
2661 27 1
2662 1102 1
2669 12 1
2669 1488 1
2669 201 1
2669 2436 1
2669 2483 1
2669 2882 1
2669 3104 1
2669 496 1
2676 1496 1
2676 2168 1
2680 3060 1
2680 3450 1
2684 1540 1
2688 162 1
2688 1691 1
2688 1736 1
2688 2182 1
2688 2253 1
2688 2330 1
2688 3435 1
2689 3474 1
2690 1598 1
2690 2960 1
2690 476 1
2690 730 1
2691 2546 1
2691 2759 1
2691 2979 1
2691 543 1
2695 1521 1
2695 3053 1
2697 2627 1
2697 2838 1
2699 1437 1
2701 2740 1
2701 3164 1
2703 2102 1
2703 2473 1
2703 2534 1
2703 2604 1
2703 2752 1
2703 3059 1
2703 395 1
2703 5875 1
2704 5216 1
2707 1819 1
2707 2358 1
2707 2789 1
2707 435 1
2707 470 1
2707 517 1
2707 864 1
2709 1087 1
2709 3173 1
2709 5672 1
2710 1058 1
2710 3188 1
2711 3420 1
2712 1033 1
2712 1442 1
2712 2954 1
2713 3266 1
2713 4270 1
2713 5433 1
2718 4855 1
2719 1684 1
2719 1891 1
2719 3685 1
2719 6344 1
2721 2815 1
2721 2834 1
2721 2920 1
2721 2958 1
2721 3057 1
2721 3256 1
2721 3466 1
2721 3499 1
2721 6736 1
2722 1059 1
2722 3139 1
2723 1640 1
2723 2950 1
2723 2973 1
2726 1749 1
2726 2461 1
2726 2748 1
2726 3231 1
2726 477 1
2726 647 1
2727 2737 1
2727 2811 1
2730 5960 1
2732 1181 1
2732 1598 1
2732 2690 1
2732 3355 1
2732 3458 1
2732 476 1
2732 6132 1
2733 2927 1
2736 378 1
2736 751 1
2740 2701 1
2740 3164 1
2748 1079 1
2748 1179 1
2748 1396 1
2748 1513 1
2748 1700 1
2748 1749 1
2748 1873 1
2748 2055 1
2748 2890 1
2748 3121 1
2748 3686 1
2748 477 1
2748 647 1
2748 886 1
2752 2459 1
2752 2703 1
2752 29 1
2757 3278 1
2758 1289 1
2758 1588 1
2758 2043 1
2758 2781 1
2758 3120 1
2758 4047 1
2758 4202 1
2758 4570 1
2758 4955 1
2758 555 1
2758 605 1
2759 1010 1
2759 2546 1
2759 2691 1
2759 2979 1
2759 543 1
2763 1950 1
2763 197 1
2763 2164 1
2763 2441 1
2763 2473 1
2763 2534 1
2763 2604 1
2763 2703 1
2763 3007 1
2763 3226 1
2763 3230 1
2763 395 1
2763 48 1
2763 5875 1
2763 6029 1
2767 115 1
2767 1531 1
2767 1644 1
2767 2015 1
2767 254 1
2767 3354 1
2767 3408 1
2767 6194 1
2768 3785 1
2770 5931 1
2772 1012 1
2772 1065 1
2772 1282 1
2772 1312 1
2772 1964 1
2772 2363 1
2772 2476 1
2772 2960 1
2772 3100 1
2772 3149 1
2772 3308 1
2772 3323 1
2772 4237 1
2772 425 1
2772 5960 1
2772 6471 1
2772 722 1
2776 1783 1
2776 2053 1
2776 2215 1
2776 2273 1
2776 3144 1
2778 1584 1
2778 333 1
2778 3579 1
2779 3301 1
2780 3429 1
2781 1289 1
2781 1588 1
2781 2043 1
2781 2758 1
2781 3120 1
2781 4047 1
2781 4202 1
2781 4570 1
2781 4955 1
2781 555 1
2781 605 1
2782 2164 1
2782 2763 1
2782 395 1
2784 1705 1
2785 2758 1
2785 2781 1
2785 3120 1
2785 4202 1
2785 4570 1
2785 555 1
2789 1564 1
2789 1746 1
2789 2358 1
2789 3012 1
2789 4172 1
2789 435 1
2789 470 1
2789 4738 1
2789 5161 1
2789 517 1
2789 5964 1
2789 864 1
2789 967 1
2790 3191 1
2792 2174 1
2792 2341 1
2793 102 1
2793 1578 1
2793 1990 1
2793 2859 1
2793 3944 1
2793 912 1
2799 6798 1
2799 6980 1
2799 6981 1
2799 722 1
2804 1556 1
2804 702 1
2806 1260 1
2806 2598 1
2806 3357 1
2807 3715 1
2807 4225 1
2809 1371 1
2810 1021 1
2810 1110 1
2810 1482 1
2810 1637 1
2810 3270 1
2810 5227 1
2811 1858 1
2811 2147 1
2811 3352 1
2814 3293 1
2818 3599 1
2818 369 1
2820 594 1
2822 2882 1
2824 2872 1
2824 2959 1
2824 3000 1
2827 1876 1
2827 2488 1
2827 2890 1
2827 5906 1
2831 3679 1
2834 3256 1
2835 2542 1
2838 2627 1
2843 1084 1
2843 1193 1
2843 127 1
2843 1336 1
2843 1441 1
2843 1469 1
2843 1999 1
2843 2109 1
2843 2349 1
2843 2488 1
2843 2619 1
2843 3344 1
2843 3778 1
2844 3005 1
2846 1035 1
2846 1351 1
2846 24 1
2850 437 1
2855 2295 1
2856 464 1
2856 499 1
2857 3517 1
2859 1990 1
2859 3944 1
2859 6159 1
2859 912 1
2865 2911 1
2868 2154 1
2868 5909 1
2868 834 1
2869 364 1
2869 5949 1
2872 2824 1
2872 2938 1
2872 2959 1
2872 3282 1
2873 1032 1
2873 1065 1
2873 116 1
2873 1312 1
2873 2476 1
2873 2586 1
2873 2772 1
2873 4237 1
2873 425 1
2873 4988 1
2874 2882 1
2874 3104 1
2874 3163 1
2874 3398 1
2874 3683 1
2874 424 1
2881 2893 1
2882 1635 1
2882 1876 1
2882 2874 1
2882 3104 1
2882 3398 1
2882 3683 1
2882 424 1
2882 496 1
2882 5263 1
2890 1079 1
2890 1101 1
2890 1131 1
2890 1179 1
2890 1700 1
2890 1829 1
2890 1873 1
2890 1876 1
2890 2016 1
2890 2488 1
2890 2748 1
2890 2827 1
2890 3017 1
2890 3121 1
2890 3932 1
2890 5263 1
2890 5906 1
2891 2922 1
2893 1492 1
2893 1700 1
2893 2881 1
2913 1027 1
2913 2807 1
2913 3357 1
2913 3460 1
2913 3715 1
2913 4037 1
2913 4225 1
2914 3452 1
2916 1241 1
2916 534 1
2919 197 1
2920 3466 1
2923 1713 1
2923 2176 1
2923 2537 1
2923 823 1
2926 2489 1
2926 2496 1
2926 301 1
2926 303 1
2926 3361 1
2926 3647 1
2926 3878 1
2926 3923 1
2926 3971 1
2926 3995 1
2926 3996 1
2926 4009 1
2926 4056 1
2926 563 1
2926 6440 1
2926 695 1
2926 7000 1
2926 7001 1
2926 7002 1
2926 853 1
2927 1156 1
2927 2733 1
2929 3955 1
2930 326 1
2930 3442 1
2930 698 1
2938 2824 1
2938 2959 1
2938 3009 1
2938 3282 1
2938 391 1
2938 477 1
2941 3052 1
2941 4187 1
2944 3198 1
2944 3267 1
2947 1882 1
2947 1960 1
2947 3097 1
2947 5022 1
2947 949 1
2950 1461 1
2950 1640 1
2957 5 1
2959 2824 1
2960 2690 1
2960 3705 1
2963 4312 1
2968 3035 1
2974 1523 1
2974 1593 1
2974 1649 1
2979 2165 1
2979 2546 1
2979 2691 1
2979 2759 1
2979 543 1
2980 45 1
2996 6132 1
3001 3258 1
3007 2164 1
3007 2201 1
3007 2371 1
3007 2441 1
3007 818 1
3009 3138 1
3009 88 1
3012 4172 1
3012 4738 1
3012 5964 1
3017 1829 1
3017 254 1
3017 3932 1
3017 5960 1
3023 213 1
3023 3170 1
3023 3774 1
3023 624 1
3023 6599 1
3023 702 1
3023 838 1
3025 186 1
3025 755 1
3028 1096 1
3028 1706 1
3028 19 1
3028 2025 1
3028 3433 1
3044 1688 1
3044 1722 1
3044 2091 1
3044 3095 1
3044 364 1
3052 195 1
3052 2550 1
3052 4187 1
3052 817 1
3052 86 1
3053 1521 1
3053 1795 1
3053 365 1
3057 1360 1
3057 3397 1
3058 1022 1
3058 2423 1
3058 980 1
3060 3450 1
3063 1455 1
3063 1634 1
3063 4285 1
3067 4669 1
3067 937 1
3070 788 1
3071 4467 1
3072 1487 1
3072 2865 1
3072 2911 1
3078 1017 1
3078 3060 1
3078 3450 1
3079 1964 1
3079 3789 1
3088 1147 1
3088 1593 1
3088 1674 1
3088 1684 1
3088 1725 1
3088 271 1
3088 2790 1
3088 3191 1
3088 361 1
3088 3717 1
3088 38 1
3093 1487 1
3093 2647 1
3093 316 1
3093 370 1
3093 587 1
3094 498 1
3095 1688 1
3095 1722 1
3095 2091 1
3095 3044 1
3096 911 1
3097 1252 1
3097 1882 1
3097 1960 1
3097 2947 1
3097 5022 1
3097 949 1
3100 1490 1
3100 209 1
3100 722 1
3104 1379 1
3104 1568 1
3104 1635 1
3104 1876 1
3104 2559 1
3104 27 1
3104 2874 1
3104 2882 1
3104 3398 1
3104 3683 1
3104 424 1
3104 496 1
3104 514 1
3104 524 1
3104 5263 1
3106 2067 1
3108 2563 1
3112 3597 1
3113 2374 1
3113 2489 1
3113 2496 1
3113 2926 1
3113 303 1
3113 3647 1
3113 3878 1
3113 4009 1
3113 4056 1
3113 563 1
3113 6440 1
3113 695 1
3113 7000 1
3113 7001 1
3113 7002 1
3113 853 1
3120 1289 1
3120 1588 1
3120 162 1
3120 2043 1
3120 2070 1
3120 2156 1
3120 2758 1
3120 2781 1
3120 3343 1
3120 4047 1
3120 4202 1
3120 4570 1
3120 555 1
3120 605 1
3121 1513 1
3121 1700 1
3121 1873 1
3121 2055 1
3121 2748 1
3125 3729 1
3125 6734 1
3129 382 1
3130 3421 1
3133 3317 1
3133 3446 1
3136 3338 1
3136 3581 1
3139 1017 1
3139 2680 1
3143 20 1
3144 2377 1
3144 2692 1
3144 2776 1
3144 793 1
3145 1066 1
3145 4439 1
3147 32 1
3152 3209 1
3152 3564 1
3152 3927 1
3152 98 1
3160 1011 1
3160 1689 1
3160 2542 1
3163 1458 1
3163 1904 1
3163 3198 1
3163 3341 1
3164 365 1
3170 213 1
3170 3023 1
3170 3774 1
3170 623 1
3170 624 1
3170 702 1
3170 838 1
3171 110 1
3173 2032 1
3173 3101 1
3173 3480 1
3173 624 1
3173 701 1
3173 912 1
3173 941 1
3174 1492 1
3174 872 1
3175 2061 1
3175 2149 1
3178 1560 1
3184 2129 1
3184 2343 1
3188 1058 1
3188 3392 1
3191 1593 1
3191 6097 1
3194 32 1
3198 3267 1
3198 3341 1
3200 2256 1
3200 3458 1
3203 2349 1
3207 2329 1
3207 2834 1
3207 4086 1
3207 5949 1
3209 3245 1
3209 561 1
3226 197 1
3226 2360 1
3226 2919 1
3226 3794 1
3227 1664 1
3227 2311 1
3227 3750 1
3227 605 1
3230 3170 1
3230 838 1
3230 998 1
3231 5931 1
3244 1289 1
3244 1588 1
3244 3343 1
3256 1005 1
3256 2721 1
3256 850 1
3257 1035 1
3257 1487 1
3257 24 1
3258 1438 1
3262 1854 1
3262 2127 1
3263 1671 1
3263 50 1
3263 51 1
3267 3341 1
3270 1021 1
3270 1110 1
3270 1482 1
3270 1637 1
3273 2032 1
3273 3701 1
3274 3689 1
3274 489 1
3274 6094 1
3298 3394 1
3300 2278 1
3301 813 1
3302 1062 1
3302 617 1
3302 84 1
3315 45 1
3323 1012 1
3323 2476 1
3323 5960 1
3335 1538 1
3335 1792 1
3335 3900 1
3335 5109 1
3335 5194 1
3335 54 1
3338 3581 1
3341 1458 1
3341 2944 1
3341 3198 1
3341 3267 1
3343 2156 1
3343 2303 1
3343 3120 1
3343 3436 1
3343 3674 1
3343 3702 1
3343 600 1
3343 900 1
3343 965 1
3344 1336 1
3344 2619 1
3344 2843 1
3353 3618 1
3354 1266 1
3354 1683 1
3354 2049 1
3354 2329 1
3354 3153 1
3354 5821 1
3361 3996 1
3362 666 1
3382 2076 1
3382 3565 1
3382 360 1
3382 4090 1
3382 905 1
3382 980 1
3385 2470 1
3385 3771 1
3396 1487 1
3396 2158 1
3396 2647 1
3396 3093 1
3396 316 1
3396 3674 1
3396 6363 1
3397 1360 1
3398 1876 1
3398 2874 1
3398 2882 1
3398 3104 1
3398 3683 1
3398 424 1
3408 115 1
3408 1531 1
3408 1644 1
3408 2015 1
3408 254 1
3408 3948 1
3408 942 1
3410 3703 1
3410 3704 1
3410 3705 1
3410 3939 1
3410 556 1
3421 1489 1
3421 3338 1
3421 365 1
3421 4635 1
3427 375 1
3429 2780 1
3429 5234 1
3429 84 1
3432 1022 1
3432 1157 1
3432 2423 1
3432 3042 1
3433 1096 1
3433 1706 1
3433 19 1
3433 2025 1
3435 1288 1
3435 162 1
3435 1691 1
3435 1736 1
3435 2688 1
3435 2980 1
3436 2156 1
3436 3674 1
3436 3702 1
3438 2096 1
3438 2115 1
3442 1040 1
3442 1355 1
3442 1363 1
3442 1469 1
3442 1876 1
3442 2930 1
3446 3133 1
3450 1017 1
3450 3060 1
3458 2256 1
3462 84 1
3464 5240 1
3471 1336 1
3471 2619 1
3471 2843 1
3471 3344 1
3471 3778 1
3474 3636 1
3474 647 1
3489 141 1
3489 155 1
3489 2716 1
3494 1415 1
3494 143 1
3494 234 1
3494 2415 1
3494 267 1
3494 3762 1
3494 534 1
3495 1859 1
3495 98 1
3500 2287 1
3500 998 1
3501 144 1
3504 3 1
3504 3120 1
3513 2104 1
3513 289 1
3524 2094 1
3524 2149 1
3526 1658 1
3526 2150 1
3526 3656 1
3551 1983 1
3551 428 1
3551 6209 1
3556 2052 1
3556 2120 1
3556 2164 1
3556 2400 1
3556 2537 1
3556 26 1
3556 2687 1
3556 2803 1
3556 4222 1
3556 529 1
3556 614 1
3564 1859 1
3564 3152 1
3564 3927 1
3565 1241 1
3565 2076 1
3565 2916 1
3565 360 1
3565 534 1
3565 980 1
3569 2650 1
3571 5118 1
3577 1228 1
3577 1232 1
3577 2195 1
3577 2473 1
3577 3746 1
3577 5875 1
3579 3714 1
3580 498 1
3580 785 1
3583 3755 1
3585 1498 1
3585 317 1
3597 6750 1
3601 1972 1
3601 433 1
3602 1360 1
3602 2265 1
3602 3696 1
3602 6001 1
3616 1891 1
3616 2020 1
3616 2124 1
3616 2246 1
3616 2329 1
3616 3941 1
3616 73 1
3616 930 1
3616 932 1
3619 1169 1
3619 1705 1
3619 214 1
3619 2233 1
3619 2570 1
3619 289 1
3619 3513 1
3619 3643 1
3621 162 1
3621 2448 1
3621 2558 1
3621 3713 1
3621 3729 1
3621 3735 1
3621 4636 1
3621 858 1
3629 3693 1
3637 1893 1
3637 6159 1
3639 2259 1
3639 6287 1
3647 6786 1
3647 6869 1
3651 1738 1
3651 3660 1
3656 1658 1
3656 2150 1
3656 292 1
3656 3526 1
3661 2558 1
3661 3621 1
3661 3682 1
3661 3713 1
3661 3729 1
3661 3735 1
3661 4636 1
3661 5142 1
3661 858 1
3662 1567 1
3662 186 1
3662 1900 1
3662 2558 1
3662 3025 1
3662 3661 1
3662 3691 1
3662 3729 1
3662 5951 1
3662 755 1
3664 4384 1
3667 3677 1
3667 4064 1
3672 3703 1
3672 3705 1
3677 4064 1
3682 3729 1
3682 5142 1
3683 1635 1
3683 1876 1
3683 2874 1
3683 2882 1
3683 3104 1
3683 424 1
3683 5263 1
3685 1684 1
3686 1396 1
3686 886 1
3689 3274 1
3689 489 1
3689 6094 1
3691 1567 1
3691 2558 1
3691 3661 1
3691 3729 1
3693 1215 1
3696 6001 1
3703 3704 1
3703 3705 1
3703 3939 1
3704 3705 1
3704 3939 1
3705 2960 1
3705 3939 1
3707 2006 1
3707 2515 1
3707 2996 1
3707 4171 1
3707 4247 1
3713 1071 1
3713 2448 1
3713 2558 1
3713 369 1
3713 3712 1
3713 3729 1
3713 592 1
3713 6734 1
3715 2807 1
3715 4225 1
3717 1593 1
3717 2368 1
3717 3088 1
3717 361 1
3717 38 1
3727 1206 1
3727 141 1
3727 1641 1
3727 2127 1
3727 2226 1
3727 2249 1
3727 2481 1
3727 3023 1
3727 3170 1
3727 3583 1
3727 6179 1
3727 6231 1
3727 6599 1
3727 702 1
3727 838 1
3729 2558 1
3729 3621 1
3729 3661 1
3729 3713 1
3729 3735 1
3729 4636 1
3729 5142 1
3729 592 1
3729 6734 1
3729 858 1
3741 2077 1
3741 2233 1
3741 456 1
3746 1232 1
3746 2195 1
3746 2473 1
3746 5875 1
3749 4772 1
3762 234 1
3762 267 1
3762 534 1
3763 3764 1
3769 6333 1
3771 2470 1
3774 624 1
3774 702 1
3774 838 1
3778 1336 1
3778 2619 1
3778 3344 1
3789 1964 1
3790 4059 1
3790 4086 1
3790 4335 1
3793 1684 1
3793 6462 1
3802 2469 1
3802 5145 1
3802 695 1
3833 6461 1
3838 5367 1
3838 5920 1
3851 6208 1
3883 5217 1
3911 4556 1
3927 1859 1
3927 3152 1
3932 1829 1
3941 1891 1
3941 2124 1
3941 2329 1
3941 73 1
3941 930 1
3941 932 1
3942 1504 1
3947 751 1
3948 115 1
3948 1531 1
3948 2015 1
3951 1526 1
3951 2164 1
3951 2728 1
3951 3659 1
3954 1706 1
3954 3163 1
3960 1628 1
3960 2562 1
3960 2661 1
3960 27 1
3960 2952 1
3985 510 1
3985 6770 1
3995 2374 1
3995 2926 1
4039 3419 1
4039 4892 1
4044 6505 1
4056 2496 1
4056 303 1
4056 3647 1
4056 3878 1
4056 4009 1
4056 563 1
4056 6440 1
4056 695 1
4056 7001 1
4056 7002 1
4056 853 1
4086 2834 1
4086 3790 1
4086 4059 1
4086 4335 1
4090 2076 1
4090 3565 1
4090 360 1
4090 980 1
4139 2109 1
4139 5158 1
4139 6209 1
4142 1891 1
4142 2124 1
4142 3616 1
4142 3941 1
4142 73 1
4142 930 1
4142 932 1
4171 2515 1
4171 2996 1
4171 4247 1
4172 116 1
4172 1453 1
4172 1564 1
4172 1746 1
4172 2382 1
4172 2586 1
4172 3012 1
4172 5817 1
4172 5937 1
4172 5973 1
4172 6336 1
4187 86 1
4194 4369 1
4237 1065 1
4237 1312 1
4237 2476 1
4237 425 1
4246 6127 1
4263 6978 1
4263 84 1
4276 1293 1
4276 2287 1
4276 311 1
4276 998 1
4282 2201 1
4282 2441 1
4282 3007 1
4282 818 1
4285 1455 1
4285 1634 1
4285 3063 1
4319 2249 1
4319 261 1
4319 376 1
4319 3769 1
4319 4321 1
4319 4324 1
4319 4336 1
4319 859 1
4321 376 1
4321 3769 1
4321 4319 1
4321 4336 1
4324 2249 1
4324 261 1
4324 376 1
4324 3769 1
4324 4319 1
4324 4321 1
4324 4336 1
4335 4059 1
4336 2249 1
4336 261 1
4336 376 1
4336 3769 1
4362 4363 1
4362 898 1
4369 6843 1
4413 1595 1
4413 2730 1
4413 376 1
4413 5960 1
4439 1066 1
4467 3071 1
4663 195 1
4663 2941 1
4663 3052 1
4663 4187 1
4663 86 1
4669 2963 1
4669 376 1
4669 4312 1
4669 937 1
4834 6435 1
4841 6150 1
4855 592 1
4892 3419 1
4954 6555 1
4955 1588 1
4955 3120 1
4955 4202 1
4955 605 1
5022 1252 1
5022 1882 1
5022 1960 1
5022 3097 1
5022 949 1
5047 2586 1
5047 5943 1
5047 99 1
5079 1588 1
5079 162 1
5079 2156 1
5079 2758 1
5079 2781 1
5079 3120 1
5079 555 1
5118 5134 1
5121 1953 1
5121 1957 1
5121 2777 1
5121 2986 1
5126 1641 1
5126 2127 1
5126 2226 1
5126 2249 1
5126 2481 1
5126 3583 1
5126 3727 1
5126 6179 1
5126 6231 1
5133 1079 1
5133 1700 1
5133 1749 1
5134 3571 1
5134 5118 1
5142 15 1
5142 2363 1
5142 2407 1
5142 244 1
5142 2558 1
5142 3621 1
5142 3661 1
5142 3713 1
5142 3729 1
5142 3735 1
5142 428 1
5142 4363 1
5142 4636 1
5142 766 1
5142 858 1
5142 898 1
5144 244 1
5145 1984 1
5145 2469 1
5145 5294 1
5154 2164 1
5154 48 1
5158 6209 1
5166 5309 1
5180 6135 1
5212 1633 1
5217 1083 1
5263 1101 1
5263 1179 1
5263 1635 1
5263 1700 1
5263 2882 1
5263 3104 1
5263 3683 1
5263 424 1
5312 242 1
5312 3324 1
5315 1021 1
5315 3964 1
5351 6336 1
5367 5920 1
5391 1344 1
5391 2462 1
5391 3312 1
5391 55 1
5662 64 1
5821 1683 1
5821 2049 1
5821 2329 1
5821 3153 1
5875 2473 1
5875 2534 1
5875 2604 1
5875 2768 1
5875 395 1
5881 6226 1
5881 864 1
5900 1266 1
5900 1683 1
5900 2049 1
5900 3354 1
5906 1079 1
5906 1700 1
5906 1749 1
5906 1873 1
5906 1876 1
5906 2488 1
5906 2827 1
5906 5133 1
5906 6041 1
5912 1573 1
5914 1357 1
5914 5926 1
5923 1505 1
5923 2563 1
5923 6790 1
5923 6791 1
5926 1357 1
5929 418 1
5929 810 1
5931 1162 1
5931 586 1
5937 1453 1
5937 3012 1
5937 6336 1
5949 364 1
5949 6014 1
5952 2402 1
5952 369 1
5952 5939 1
5960 1595 1
5960 2730 1
5975 1023 1
5975 6349 1
6001 1360 1
6001 2265 1
6041 5906 1
6043 1744 1
6043 2226 1
6043 2533 1
6043 2586 1
6043 5047 1
6043 5943 1
6043 6091 1
6043 99 1
6074 1101 1
6074 1700 1
6074 1749 1
6074 2748 1
6091 1012 1
6091 1705 1
6091 1744 1
6091 2226 1
6091 369 1
6091 376 1
6091 5949 1
6094 3274 1
6094 489 1
6097 1593 1
6159 1893 1
6159 3637 1
6179 2127 1
6179 2226 1
6179 2249 1
6179 3583 1
6179 6231 1
6209 428 1
6235 1181 1
6235 1532 1
6235 1598 1
6235 2732 1
6235 3355 1
6235 3458 1
6235 6132 1
6287 2259 1
6315 2374 1
6315 2489 1
6315 2496 1
6315 2926 1
6315 303 1
6315 3113 1
6315 3647 1
6315 3878 1
6315 4009 1
6315 4056 1
6315 563 1
6315 6440 1
6315 695 1
6315 7000 1
6315 7001 1
6315 7002 1
6315 853 1
6325 2156 1
6325 3343 1
6325 3436 1
6325 3674 1
6325 3702 1
6325 600 1
6336 116 1
6336 1453 1
6336 1564 1
6336 2182 1
6336 2309 1
6336 2789 1
6336 3012 1
6336 4172 1
6336 4738 1
6336 592 1
6336 5964 1
6344 1684 1
6344 1891 1
6349 1023 1
6357 1487 1
6357 3093 1
6357 3354 1
6357 587 1
6599 1206 1
6599 141 1
6599 1641 1
6599 3023 1
6599 3170 1
6599 702 1
6599 838 1
6675 2745 1
6712 1423 1
6713 981 1
6770 510 1
6790 1505 1
6790 6791 1
6798 2799 1
6798 6980 1
6798 6981 1
6798 722 1
6959 2006 1
6959 2241 1
6959 2427 1
6959 2657 1
6959 2870 1
6959 298 1
6959 518 1
6964 4774 1
6978 84 1
6980 2799 1
6980 6798 1
6980 6981 1
6980 722 1
6981 2799 1
6981 6798 1
6981 6980 1
6981 722 1
7000 2489 1
7000 2496 1
7000 303 1
7000 3647 1
7000 3878 1
7000 4009 1
7000 4056 1
7000 563 1
7000 6440 1
7000 695 1
7000 7001 1
7000 7002 1
7000 853 1
7001 2496 1
7001 3647 1
7001 3878 1
7001 4009 1
7001 563 1
7001 6440 1
7001 695 1
7001 7002 1
7001 853 1
7052 2181 1
7052 2783 1
7052 47 1
7063 1588 1
7063 2758 1
7063 2781 1
7063 3120 1
7063 605 1
