1 6 2
2 55 2
2 85 2
2 224 2
2 234 2
4 17 2
4 123 2
5 44 2
5 93 2
5 107 2
5 225 2
6 105 2
6 177 2
6 246 2
8 131 2
8 159 2
9 49 2
9 158 2
9 219 2
10 83 2
10 242 2
11 231 2
11 254 2
12 16 2
12 45 2
12 151 2
12 260 2
12 268 2
13 71 2
13 145 2
13 173 2
13 272 2
14 52 2
14 164 2
14 184 2
14 225 2
14 253 2
15 28 2
15 105 2
16 101 2
17 69 2
17 133 2
17 195 2
18 43 2
18 158 2
18 202 2
18 259 2
19 225 2
20 70 2
20 123 2
20 163 2
20 197 2
21 53 2
22 96 2
23 267 2
24 74 2
24 143 2
24 163 2
24 252 2
24 274 2
25 119 2
25 184 2
25 252 2
27 72 2
27 162 2
28 70 2
28 111 2
28 118 2
29 99 2
29 103 2
29 128 2
30 133 2
30 243 2
30 256 2
30 275 2
31 47 2
31 237 2
32 42 2
32 124 2
32 174 2
32 182 2
33 43 2
33 68 2
34 140 2
35 87 2
35 114 2
35 234 2
35 246 2
35 273 2
36 93 2
36 214 2
37 58 2
37 251 2
38 41 2
38 80 2
38 129 2
38 208 2
38 233 2
38 264 2
39 101 2
39 275 2
41 177 2
41 272 2
42 94 2
42 153 2
42 158 2
43 131 2
43 153 2
44 189 2
44 239 2
44 263 2
45 55 2
45 94 2
45 100 2
45 161 2
45 228 2
46 200 2
46 207 2
48 119 2
48 158 2
48 163 2
49 129 2
49 180 2
49 261 2
50 111 2
50 177 2
51 219 2
52 185 2
52 262 2
54 170 2
54 179 2
54 222 2
55 116 2
56 129 2
56 146 2
56 163 2
57 186 2
57 190 2
57 203 2
58 220 2
59 146 2
59 239 2
60 190 2
62 66 2
62 96 2
62 175 2
63 148 2
63 229 2
66 131 2
66 209 2
66 245 2
67 131 2
67 146 2
68 84 2
68 103 2
68 161 2
68 220 2
68 253 2
69 117 2
69 183 2
69 258 2
69 264 2
70 201 2
70 206 2
71 102 2
71 108 2
71 152 2
71 204 2
72 170 2
73 82 2
73 138 2
73 206 2
73 262 2
74 87 2
74 142 2
74 185 2
75 257 2
76 161 2
76 199 2
77 82 2
77 160 2
77 185 2
77 195 2
77 196 2
78 176 2
78 259 2
79 175 2
79 222 2
80 132 2
81 197 2
82 136 2
82 190 2
82 231 2
82 253 2
83 175 2
83 262 2
84 110 2
84 153 2
86 140 2
86 190 2
86 195 2
86 198 2
87 151 2
87 197 2
88 112 2
88 130 2
88 136 2
88 185 2
89 255 2
90 100 2
90 227 2
91 100 2
91 112 2
91 160 2
91 193 2
91 212 2
91 220 2
92 118 2
92 208 2
92 237 2
94 128 2
94 142 2
96 120 2
96 144 2
97 113 2
97 127 2
97 233 2
98 118 2
99 133 2
99 230 2
100 105 2
100 217 2
100 234 2
100 266 2
101 109 2
102 114 2
102 138 2
102 259 2
103 136 2
103 192 2
104 122 2
104 161 2
104 213 2
105 265 2
105 269 2
106 267 2
107 165 2
109 138 2
109 206 2
110 193 2
111 169 2
112 183 2
113 124 2
114 204 2
114 209 2
115 180 2
116 200 2
117 127 2
117 205 2
117 210 2
118 125 2
118 190 2
118 206 2
119 134 2
120 240 2
121 189 2
122 139 2
122 146 2
122 155 2
122 170 2
122 180 2
123 212 2
124 175 2
126 191 2
129 141 2
129 250 2
130 162 2
131 199 2
131 213 2
133 153 2
134 155 2
134 169 2
135 175 2
136 185 2
136 210 2
136 242 2
137 253 2
138 213 2
138 221 2
138 230 2
138 245 2
139 215 2
140 157 2
140 177 2
140 217 2
141 258 2
142 216 2
143 158 2
143 159 2
143 217 2
143 220 2
143 244 2
143 257 2
144 169 2
145 182 2
146 152 2
146 206 2
147 163 2
147 238 2
147 265 2
149 263 2
151 159 2
151 260 2
152 254 2
153 188 2
153 223 2
154 223 2
156 256 2
158 217 2
158 222 2
159 258 2
160 201 2
160 224 2
161 199 2
161 204 2
162 234 2
163 210 2
166 182 2
169 184 2
169 236 2
173 220 2
173 250 2
176 223 2
176 249 2
177 239 2
178 200 2
179 204 2
181 199 2
181 237 2
181 252 2
185 205 2
185 230 2
185 237 2
185 244 2
188 216 2
188 231 2
188 249 2
190 201 2
190 211 2
190 237 2
190 275 2
191 230 2
193 209 2
193 257 2
194 210 2
194 268 2
195 196 2
195 221 2
196 241 2
197 265 2
200 219 2
200 223 2
201 203 2
203 223 2
203 227 2
204 248 2
207 233 2
208 210 2
208 260 2
209 263 2
211 259 2
213 246 2
214 226 2
215 245 2
216 235 2
217 244 2
217 256 2
219 274 2
220 223 2
221 237 2
221 248 2
221 249 2
223 250 2
225 264 2
228 252 2
231 243 2
231 268 2
233 251 2
235 241 2
237 271 2
237 274 2
241 252 2
243 273 2
244 274 2
249 252 2
255 264 2
257 267 2
259 260 2
119 272 2
106 126 2
263 271 2
155 175 2
39 272 2
254 288 2
1 31 2
22 78 2
85 165 2
112 204 2
71 177 2
58 163 2
152 172 2
93 283 2
80 179 2
194 198 2
148 297 2
20 109 2
174 264 2
281 302 2
143 267 2
141 253 2
26 297 2
157 161 2
110 272 2
57 179 2
114 146 2
13 39 2
130 263 2
40 296 2
6 185 2
154 236 2
180 255 2
139 260 2
126 238 2
136 268 2
86 200 2
104 195 2
110 264 2
47 219 2
101 233 2
77 93 2
132 213 2
89 171 2
80 259 2
209 264 2
142 265 2
113 140 2
70 94 2
217 278 2
4 111 2
180 203 2
194 283 2
1 93 2
140 245 2
175 218 2
8 238 2
148 249 2
36 137 2
17 93 2
115 225 2
55 75 2
64 165 2
155 214 2
187 235 2
69 238 2
248 297 2
138 187 2
226 229 2
168 185 2
66 100 2
1 39 2
106 287 2
147 242 2
18 163 2
33 131 2
83 85 2
146 205 2
115 249 2
179 298 2
62 301 2
114 294 2
5 250 2
178 230 2
60 176 2
94 239 2
132 158 2
237 263 2
81 114 2
132 202 2
232 241 2
21 260 2
14 160 2
164 261 2
159 274 2
137 273 2
220 249 2
222 264 2
139 194 2
67 150 2
196 243 2
1 51 2
70 237 2
11 183 2
14 211 2
12 254 2
140 269 2
152 275 2
127 136 2
98 110 2
244 293 2
68 208 2
27 190 2
79 128 2
163 277 2
57 145 2
145 215 2
107 284 2
78 116 2
91 162 2
24 172 2
40 163 2
12 138 2
10 264 2
117 146 2
58 136 2
59 125 2
41 246 2
152 168 2
12 23 2
140 165 2
50 66 2
6 171 2
29 81 2
191 286 2
7 169 2
60 208 2
167 195 2
175 220 2
61 157 2
214 291 2
45 196 2
34 234 2
183 291 2
9 100 2
193 237 2
171 258 2
176 287 2
13 124 2
107 256 2
122 201 2
111 260 2
26 276 2
153 243 2
5 148 2
1 136 2
194 216 2
181 249 2
125 167 2
128 222 2
18 175 2
41 157 2
139 273 2
95 217 2
151 168 2
50 199 2
8 288 2
5 11 2
155 281 2
126 253 2
157 251 2
70 259 2
137 142 2
15 266 2
140 301 2
171 186 2
38 157 2
125 212 2
124 176 2
22 217 2
114 291 2
69 274 2
74 119 2
97 284 2
226 232 2
81 222 2
17 148 2
11 160 2
9 281 2
162 299 2
151 178 2
87 199 2
72 274 2
188 210 2
93 196 2
115 168 2
147 233 2
154 211 2
75 128 2
232 252 2
2 76 2
12 267 2
235 245 2
18 230 2
76 300 2
47 279 2
67 186 2
157 233 2
80 229 2
14 245 2
42 246 2
89 250 2
96 161 2
25 74 2
75 111 2
75 100 2
31 84 2
15 101 2
116 260 2
33 294 2
113 270 2
80 177 2
8 152 2
31 229 2
45 236 2
171 275 2
257 288 2
81 221 2
116 294 2
106 226 2
66 203 2
147 298 2
10 233 2
190 245 2
125 236 2
221 235 2
202 298 2
49 109 2
3 137 2
238 277 2
145 181 2
167 209 2
99 127 2
214 245 2
48 116 2
135 179 2
130 251 2
23 179 2
137 267 2
65 259 2
199 285 2
98 189 2
280 297 2
144 280 2
118 132 2
8 215 2
119 260 2
56 172 2
115 243 2
56 268 2
98 162 2
108 234 2
226 256 2
60 285 2
47 221 2
17 115 2
29 203 2
4 210 2
51 198 2
25 283 2
168 193 2
30 125 2
10 202 2
178 252 2
14 141 2
6 173 2
237 239 2
160 279 2
191 261 2
107 219 2
5 233 2
31 219 2
126 134 2
27 34 2
14 176 2
39 49 2
78 206 2
161 213 2
34 279 2
161 290 2
164 175 2
109 161 2
98 135 2
268 286 2
93 182 2
88 95 2
125 244 2
129 156 2
268 302 2
14 167 2
38 70 2
89 196 2
66 281 2
139 230 2
51 100 2
209 302 2
95 206 2
41 169 2
79 131 2
46 166 2
156 225 2
45 168 2
95 296 2
60 200 2
64 294 2
27 73 2
132 162 2
110 223 2
148 225 2
246 275 2
243 247 2
150 180 2
35 220 2
14 111 2
49 59 2
273 277 2
140 215 2
7 14 2
131 211 2
67 122 2
137 275 2
102 149 2
67 296 2
209 216 2
152 214 2
158 187 2
64 90 2
3 124 2
14 283 2
27 235 2
72 207 2
284 298 2
9 44 2
174 291 2
53 219 2
189 294 2
140 187 2
179 290 2
194 204 2
92 115 2
43 276 2
132 272 2
37 272 2
16 254 2
186 285 2
40 54 2
35 88 2
34 129 2
22 43 2
260 302 2
72 291 2
146 256 2
126 132 2
27 132 2
23 222 2
64 141 2
108 195 2
193 230 2
77 144 2
57 243 2
25 282 2
109 110 2
15 142 2
55 238 2
161 236 2
10 230 2
156 224 2
48 183 2
13 285 2
3 74 2
213 232 2
64 122 2
18 257 2
49 93 2
96 289 2
119 149 2
255 269 2
228 281 2
94 164 2
33 252 2
43 97 2
16 179 2
60 196 2
63 176 2
70 135 2
178 301 2
45 240 2
60 120 2
167 194 2
152 287 2
153 299 2
103 117 2
29 251 2
41 95 2
126 190 2
284 292 2
166 167 2
57 299 2
60 226 2
232 295 2
105 192 2
236 291 2
42 106 2
233 295 2
143 270 2
119 218 2
16 139 2
85 235 2
26 42 2
123 231 2
111 151 2
12 212 2
207 277 2
68 200 2
264 297 2
153 190 2
99 176 2
84 139 2
74 279 2
69 247 2
216 284 2
50 61 2
293 300 2
39 133 2
16 253 2
164 268 2
61 175 2
35 175 2
79 240 2
38 232 2
117 234 2
29 190 2
271 290 2
167 267 2
43 233 2
209 256 2
213 269 2
134 259 2
246 273 2
84 211 2
132 143 2
5 82 2
160 177 2
105 242 2
174 198 2
83 219 2
200 207 2
52 64 2
94 169 2
73 294 2
47 204 2
39 48 2
109 295 2
53 179 2
93 261 2
40 103 2
95 277 2
34 198 2
77 91 2
205 296 2
102 173 2
198 224 2
62 163 2
13 153 2
58 134 2
52 170 2
103 161 2
160 282 2
121 211 2
167 242 2
40 213 2
3 207 2
12 100 2
36 89 2
190 239 2
60 80 2
38 275 2
199 282 2
34 292 2
49 165 2
30 148 2
189 258 2
127 166 2
5 64 2
29 217 2
103 235 2
112 217 2
30 253 2
187 277 2
222 276 2
249 253 2
118 280 2
164 241 2
140 285 2
169 262 2
130 217 2
54 256 2
58 79 2
17 107 2
117 275 2
37 189 2
66 229 2
124 137 2
21 282 2
