1 8 2
1 169 2
1 174 2
2 46 2
3 197 2
4 6 2
4 97 2
4 179 2
4 189 2
5 169 2
5 266 2
6 71 2
6 111 2
6 224 2
7 117 2
7 140 2
7 231 2
8 192 2
9 131 2
9 200 2
9 201 2
10 183 2
10 227 2
10 255 2
11 42 2
11 84 2
11 100 2
11 135 2
12 57 2
12 133 2
12 157 2
12 231 2
13 128 2
14 42 2
14 48 2
14 85 2
14 202 2
15 32 2
15 104 2
16 114 2
17 89 2
18 123 2
18 259 2
19 29 2
19 34 2
19 211 2
20 73 2
20 101 2
20 110 2
20 115 2
20 121 2
20 248 2
21 35 2
21 219 2
22 141 2
22 207 2
22 259 2
23 154 2
24 168 2
24 173 2
24 272 2
25 59 2
25 199 2
26 233 2
27 46 2
27 223 2
28 77 2
28 173 2
29 119 2
29 175 2
29 203 2
30 31 2
30 39 2
30 47 2
30 212 2
31 105 2
31 125 2
32 242 2
33 146 2
33 219 2
34 37 2
36 82 2
36 128 2
37 50 2
38 56 2
38 165 2
38 168 2
38 178 2
39 142 2
39 181 2
39 185 2
39 265 2
40 181 2
40 198 2
40 225 2
41 87 2
42 142 2
43 69 2
43 91 2
44 149 2
45 159 2
45 164 2
45 169 2
46 69 2
46 107 2
46 111 2
46 113 2
46 257 2
46 274 2
47 165 2
47 208 2
47 227 2
48 268 2
49 90 2
49 161 2
51 142 2
52 136 2
52 273 2
53 80 2
53 220 2
54 154 2
54 178 2
54 195 2
55 231 2
55 275 2
56 82 2
56 226 2
56 273 2
57 179 2
57 194 2
57 221 2
57 227 2
58 65 2
58 224 2
59 151 2
59 195 2
59 202 2
59 215 2
60 208 2
60 226 2
60 237 2
61 124 2
61 271 2
62 73 2
62 113 2
63 124 2
63 177 2
63 187 2
63 265 2
64 229 2
64 249 2
64 268 2
65 99 2
65 112 2
66 202 2
66 213 2
66 230 2
67 182 2
68 125 2
69 121 2
69 181 2
73 176 2
73 186 2
73 193 2
74 87 2
74 119 2
74 155 2
74 244 2
75 109 2
75 229 2
77 119 2
77 137 2
77 178 2
77 222 2
78 227 2
78 231 2
78 240 2
79 264 2
82 117 2
82 139 2
83 126 2
83 158 2
83 275 2
84 253 2
85 93 2
86 106 2
86 212 2
86 229 2
86 236 2
86 265 2
86 274 2
87 123 2
87 154 2
87 240 2
89 92 2
90 160 2
90 196 2
92 96 2
92 106 2
92 111 2
93 139 2
94 226 2
96 144 2
96 166 2
97 182 2
97 194 2
97 228 2
98 173 2
99 196 2
99 212 2
99 245 2
100 211 2
101 123 2
101 189 2
101 199 2
101 232 2
101 254 2
103 120 2
103 210 2
103 268 2
104 150 2
104 213 2
104 228 2
104 257 2
105 185 2
105 251 2
106 109 2
106 115 2
106 144 2
107 169 2
107 240 2
108 234 2
109 135 2
109 169 2
109 241 2
110 153 2
111 112 2
114 239 2
114 248 2
114 259 2
115 143 2
116 239 2
119 183 2
119 204 2
120 186 2
120 232 2
122 177 2
122 244 2
122 271 2
123 132 2
123 248 2
123 265 2
124 176 2
124 240 2
124 255 2
125 133 2
126 230 2
126 239 2
128 146 2
128 214 2
128 266 2
129 143 2
129 186 2
130 187 2
131 144 2
131 188 2
132 225 2
133 199 2
133 236 2
133 248 2
134 190 2
134 214 2
134 217 2
134 221 2
135 149 2
135 270 2
137 162 2
137 193 2
138 215 2
138 230 2
138 234 2
139 165 2
142 153 2
143 200 2
143 247 2
144 230 2
144 265 2
146 166 2
147 197 2
147 238 2
147 252 2
148 207 2
150 224 2
151 212 2
151 247 2
152 171 2
152 207 2
152 232 2
153 187 2
153 213 2
153 256 2
154 263 2
155 244 2
156 214 2
157 169 2
157 224 2
158 203 2
158 261 2
158 274 2
160 173 2
160 265 2
162 206 2
162 270 2
163 173 2
163 181 2
163 236 2
164 179 2
167 171 2
169 248 2
169 262 2
171 186 2
171 212 2
173 274 2
176 259 2
177 236 2
178 187 2
178 188 2
179 242 2
179 264 2
179 265 2
180 261 2
183 191 2
183 218 2
184 223 2
185 187 2
185 202 2
187 200 2
190 208 2
191 229 2
196 199 2
198 203 2
198 255 2
199 213 2
202 241 2
202 245 2
204 273 2
205 236 2
209 274 2
210 232 2
210 254 2
210 273 2
213 236 2
216 264 2
217 244 2
223 249 2
224 246 2
227 228 2
229 239 2
230 233 2
232 258 2
232 272 2
234 246 2
239 258 2
241 258 2
242 257 2
245 248 2
247 248 2
249 268 2
252 260 2
255 264 2
256 260 2
257 265 2
38 136 2
102 267 2
72 214 2
113 288 2
167 197 2
116 224 2
119 145 2
39 51 2
188 291 2
7 26 2
46 100 2
295 299 2
58 234 2
90 258 2
222 275 2
2 10 2
56 103 2
267 274 2
84 172 2
36 252 2
64 278 2
94 260 2
6 206 2
131 194 2
154 191 2
199 236 2
189 251 2
182 232 2
185 246 2
216 270 2
103 271 2
156 223 2
71 195 2
120 242 2
68 276 2
252 276 2
129 233 2
32 41 2
171 236 2
125 224 2
23 120 2
58 273 2
6 288 2
151 250 2
116 168 2
163 270 2
82 84 2
121 152 2
241 274 2
89 247 2
4 60 2
132 194 2
233 290 2
161 224 2
82 101 2
46 121 2
90 203 2
86 238 2
148 252 2
6 51 2
132 219 2
38 87 2
58 281 2
65 276 2
1 277 2
125 194 2
104 112 2
124 264 2
31 223 2
42 74 2
39 238 2
126 175 2
138 258 2
61 283 2
109 207 2
122 289 2
73 240 2
157 216 2
128 129 2
129 281 2
101 102 2
18 205 2
142 210 2
164 241 2
60 205 2
12 98 2
141 184 2
222 276 2
140 282 2
42 257 2
89 241 2
24 163 2
9 15 2
137 240 2
142 216 2
243 265 2
14 283 2
143 223 2
5 120 2
161 177 2
171 207 2
45 272 2
52 191 2
17 189 2
171 271 2
231 257 2
89 207 2
215 278 2
104 215 2
50 245 2
10 126 2
139 184 2
24 290 2
58 107 2
28 218 2
235 281 2
84 251 2
136 277 2
139 291 2
5 22 2
250 257 2
161 259 2
37 235 2
74 138 2
123 145 2
80 271 2
130 261 2
105 118 2
162 285 2
8 224 2
78 203 2
159 242 2
149 215 2
287 294 2
12 203 2
158 290 2
246 259 2
14 295 2
87 178 2
21 128 2
207 208 2
35 289 2
91 164 2
146 152 2
71 253 2
26 154 2
91 271 2
117 184 2
3 174 2
100 204 2
87 183 2
57 139 2
30 70 2
130 206 2
155 257 2
59 224 2
160 210 2
22 91 2
240 300 2
167 248 2
9 16 2
273 277 2
107 153 2
90 107 2
24 189 2
8 206 2
62 273 2
42 300 2
130 169 2
203 284 2
38 283 2
29 129 2
2 25 2
64 167 2
72 272 2
182 241 2
45 286 2
91 134 2
91 112 2
18 96 2
13 290 2
52 156 2
186 221 2
42 266 2
5 301 2
20 34 2
20 125 2
56 189 2
25 186 2
63 258 2
263 302 2
45 49 2
133 135 2
148 158 2
170 228 2
81 133 2
116 220 2
61 138 2
22 301 2
1 177 2
21 194 2
32 145 2
87 213 2
29 94 2
110 287 2
70 155 2
199 286 2
115 117 2
29 274 2
254 260 2
91 140 2
31 57 2
91 206 2
192 202 2
64 113 2
131 200 2
232 257 2
166 273 2
16 302 2
123 257 2
109 286 2
191 267 2
3 5 2
31 79 2
37 278 2
113 285 2
13 125 2
28 169 2
56 101 2
213 227 2
119 124 2
41 72 2
12 53 2
67 235 2
9 189 2
187 294 2
75 296 2
256 298 2
27 53 2
7 65 2
165 189 2
19 30 2
117 214 2
85 138 2
28 204 2
66 261 2
10 273 2
75 205 2
74 83 2
89 260 2
72 82 2
26 33 2
78 109 2
56 102 2
118 161 2
24 108 2
4 124 2
53 217 2
50 265 2
6 36 2
4 29 2
15 103 2
86 206 2
184 295 2
44 253 2
72 74 2
149 278 2
29 182 2
41 248 2
53 146 2
62 147 2
112 174 2
61 112 2
110 246 2
74 280 2
100 114 2
128 283 2
185 203 2
82 212 2
177 255 2
32 246 2
6 24 2
91 205 2
32 36 2
178 243 2
89 302 2
20 262 2
81 111 2
55 69 2
143 188 2
30 301 2
10 242 2
125 140 2
34 192 2
66 219 2
251 286 2
5 8 2
98 254 2
207 285 2
133 148 2
158 219 2
145 178 2
179 256 2
247 256 2
6 139 2
35 85 2
23 136 2
42 260 2
160 234 2
77 291 2
272 297 2
2 23 2
274 276 2
97 178 2
230 256 2
21 112 2
20 287 2
117 240 2
122 265 2
47 76 2
154 209 2
67 193 2
164 227 2
122 150 2
115 301 2
21 119 2
90 116 2
213 294 2
247 266 2
138 286 2
54 283 2
38 149 2
1 265 2
263 277 2
49 82 2
7 235 2
72 257 2
117 124 2
245 296 2
266 294 2
57 83 2
10 171 2
1 170 2
79 133 2
214 245 2
117 299 2
194 263 2
7 226 2
5 152 2
53 157 2
5 238 2
59 226 2
121 219 2
85 301 2
54 210 2
165 219 2
30 222 2
217 300 2
159 163 2
211 277 2
100 153 2
187 235 2
137 191 2
161 243 2
96 291 2
64 152 2
128 148 2
33 148 2
10 201 2
120 249 2
37 163 2
115 199 2
18 23 2
170 171 2
104 121 2
52 106 2
242 259 2
117 242 2
180 231 2
123 210 2
59 140 2
186 268 2
29 207 2
103 300 2
36 247 2
72 223 2
35 105 2
122 269 2
56 135 2
174 290 2
39 236 2
193 279 2
218 279 2
5 156 2
144 215 2
276 282 2
157 273 2
175 245 2
185 240 2
218 278 2
184 196 2
287 288 2
230 252 2
104 283 2
84 91 2
16 154 2
106 208 2
44 212 2
185 259 2
122 233 2
87 106 2
265 270 2
44 238 2
183 225 2
131 166 2
59 209 2
11 115 2
37 197 2
99 191 2
212 228 2
16 117 2
29 59 2
24 286 2
146 244 2
105 216 2
236 300 2
196 209 2
252 265 2
132 144 2
172 262 2
7 77 2
16 122 2
53 87 2
16 185 2
227 241 2
109 256 2
39 135 2
13 60 2
118 254 2
54 134 2
27 262 2
28 289 2
157 209 2
77 130 2
116 137 2
130 153 2
180 271 2
118 119 2
193 225 2
71 231 2
58 81 2
173 290 2
30 189 2
84 202 2
20 226 2
41 47 2
212 248 2
40 203 2
15 22 2
174 176 2
129 142 2
19 108 2
95 226 2
136 287 2
147 204 2
202 215 2
200 285 2
12 72 2
86 271 2
93 104 2
49 77 2
98 143 2
14 61 2
202 271 2
74 140 2
218 234 2
51 299 2
141 218 2
128 254 2
40 234 2
23 110 2
107 244 2
34 78 2
210 272 2
55 163 2
73 239 2
103 213 2
32 161 2
224 302 2
58 61 2
71 275 2
66 294 2
23 207 2
206 275 2
32 244 2
52 206 2
49 145 2
126 158 2
37 93 2
118 163 2
218 276 2
5 71 2
77 294 2
3 132 2
52 73 2
43 105 2
125 136 2
40 247 2
97 276 2
281 301 2
26 27 2
141 183 2
15 150 2
243 246 2
52 59 2
23 101 2
172 276 2
25 48 2
25 163 2
180 215 2
96 284 2
231 255 2
104 200 2
201 268 2
173 246 2
196 197 2
35 272 2
75 120 2
16 50 2
60 99 2
74 158 2
47 119 2
27 143 2
95 190 2
166 272 2
100 259 2
50 253 2
52 187 2
153 247 2
118 252 2
