1 165 5
1 174 5
2 62 5
2 203 5
3 81 5
3 135 5
3 321 5
3 329 5
4 87 5
4 179 5
5 266 5
7 28 5
7 140 5
7 235 5
7 302 5
8 224 5
8 244 5
8 255 5
8 294 5
9 21 5
9 196 5
9 275 5
10 192 5
10 201 5
10 263 5
10 357 5
11 142 5
11 172 5
11 223 5
11 320 5
11 335 5
12 22 5
12 57 5
12 99 5
12 133 5
12 203 5
13 41 5
13 228 5
13 243 5
14 78 5
14 79 5
14 297 5
15 22 5
15 27 5
15 65 5
15 127 5
15 201 5
16 20 5
16 122 5
16 136 5
16 302 5
17 22 5
17 204 5
17 252 5
18 170 5
18 239 5
18 258 5
18 266 5
18 345 5
19 30 5
19 90 5
19 206 5
19 257 5
19 299 5
20 121 5
20 184 5
20 223 5
20 226 5
20 232 5
20 262 5
21 125 5
21 177 5
21 240 5
22 211 5
22 294 5
23 143 5
23 154 5
23 219 5
23 255 5
24 173 5
24 189 5
24 262 5
24 328 5
25 59 5
25 148 5
25 183 5
26 184 5
26 233 5
27 290 5
28 142 5
28 204 5
28 269 5
28 301 5
28 322 5
29 108 5
29 163 5
29 175 5
29 324 5
30 39 5
30 55 5
30 109 5
30 116 5
30 156 5
30 213 5
30 324 5
31 145 5
31 191 5
31 262 5
32 39 5
32 99 5
32 199 5
32 227 5
32 328 5
33 74 5
33 76 5
33 148 5
34 170 5
34 360 5
35 80 5
35 108 5
35 206 5
35 208 5
35 272 5
36 55 5
36 166 5
36 324 5
37 50 5
37 68 5
37 105 5
37 195 5
38 56 5
38 173 5
39 244 5
40 145 5
40 234 5
41 113 5
41 140 5
41 301 5
41 341 5
42 102 5
42 130 5
42 160 5
42 294 5
42 355 5
43 108 5
43 133 5
43 165 5
44 92 5
44 106 5
44 108 5
44 158 5
44 188 5
44 212 5
44 233 5
44 237 5
45 319 5
46 72 5
46 110 5
46 182 5
47 165 5
47 205 5
47 363 5
48 75 5
48 167 5
48 343 5
49 161 5
50 137 5
50 188 5
50 223 5
50 229 5
50 267 5
50 285 5
51 107 5
51 124 5
51 184 5
51 352 5
52 112 5
52 187 5
52 253 5
53 134 5
53 220 5
54 356 5
55 132 5
55 163 5
56 123 5
57 230 5
57 307 5
57 316 5
57 319 5
57 322 5
58 72 5
58 132 5
58 225 5
58 278 5
58 281 5
59 202 5
59 207 5
59 288 5
60 226 5
60 235 5
60 302 5
60 363 5
61 91 5
61 128 5
61 180 5
62 73 5
62 104 5
62 130 5
62 202 5
62 224 5
62 350 5
63 202 5
63 318 5
64 108 5
64 167 5
64 179 5
64 190 5
64 249 5
65 99 5
65 105 5
65 147 5
65 200 5
65 233 5
65 276 5
65 277 5
66 171 5
66 223 5
68 110 5
68 119 5
68 152 5
68 259 5
68 343 5
69 87 5
69 135 5
69 184 5
69 187 5
69 272 5
69 326 5
70 212 5
70 255 5
70 262 5
70 318 5
71 191 5
71 244 5
71 322 5
71 326 5
72 86 5
72 146 5
72 158 5
72 177 5
72 243 5
72 280 5
72 320 5
73 114 5
73 167 5
73 195 5
73 212 5
73 299 5
74 107 5
74 109 5
74 128 5
74 280 5
74 340 5
75 140 5
75 229 5
75 249 5
75 284 5
76 116 5
76 171 5
76 172 5
76 270 5
76 273 5
77 141 5
77 291 5
77 305 5
78 124 5
79 102 5
79 235 5
79 346 5
81 101 5
81 197 5
81 354 5
82 173 5
82 320 5
83 275 5
84 128 5
84 153 5
85 93 5
85 291 5
85 328 5
86 192 5
86 236 5
86 313 5
86 363 5
87 213 5
88 150 5
88 215 5
89 205 5
89 207 5
89 256 5
89 348 5
90 118 5
90 197 5
90 363 5
92 106 5
92 111 5
92 114 5
92 170 5
92 223 5
92 248 5
92 260 5
92 287 5
93 145 5
93 221 5
93 301 5
93 319 5
94 125 5
94 211 5
95 181 5
95 221 5
95 243 5
96 166 5
96 187 5
97 132 5
97 178 5
97 189 5
97 202 5
97 228 5
97 311 5
98 130 5
98 178 5
98 311 5
99 221 5
99 294 5
100 153 5
100 159 5
100 343 5
101 102 5
101 199 5
102 201 5
102 218 5
103 276 5
103 299 5
103 330 5
103 362 5
103 363 5
104 260 5
104 283 5
106 119 5
106 345 5
107 114 5
107 169 5
107 246 5
108 130 5
108 266 5
109 112 5
109 119 5
109 120 5
109 155 5
109 159 5
109 214 5
110 270 5
110 362 5
111 163 5
111 234 5
111 294 5
112 361 5
113 173 5
113 262 5
114 132 5
114 278 5
115 147 5
115 239 5
115 266 5
115 301 5
116 239 5
117 161 5
117 296 5
118 137 5
118 158 5
118 223 5
118 274 5
118 310 5
118 321 5
119 210 5
119 311 5
119 317 5
120 323 5
122 159 5
122 171 5
122 265 5
122 289 5
122 307 5
124 190 5
124 218 5
124 253 5
124 255 5
124 264 5
125 136 5
125 220 5
127 193 5
128 146 5
128 189 5
128 214 5
129 236 5
130 202 5
130 304 5
130 306 5
131 136 5
131 144 5
131 166 5
132 219 5
132 364 5
133 146 5
133 166 5
133 197 5
133 249 5
133 260 5
133 268 5
134 255 5
135 149 5
136 234 5
136 268 5
136 287 5
138 174 5
139 168 5
139 253 5
139 278 5
139 291 5
141 291 5
142 185 5
142 217 5
142 221 5
142 285 5
142 307 5
143 259 5
144 215 5
145 160 5
146 223 5
146 286 5
147 252 5
147 265 5
148 168 5
149 259 5
149 360 5
150 224 5
150 235 5
151 257 5
152 362 5
153 195 5
153 265 5
154 291 5
155 204 5
155 241 5
155 272 5
156 332 5
156 360 5
157 209 5
157 216 5
158 231 5
158 283 5
159 285 5
159 319 5
160 224 5
160 229 5
162 285 5
162 316 5
163 269 5
164 176 5
165 187 5
165 244 5
165 249 5
166 262 5
166 311 5
167 171 5
168 312 5
169 202 5
169 206 5
170 253 5
171 203 5
171 207 5
171 240 5
171 271 5
172 184 5
172 189 5
172 224 5
172 276 5
172 315 5
172 358 5
174 277 5
174 296 5
175 234 5
175 309 5
175 322 5
176 216 5
176 233 5
177 243 5
177 299 5
178 181 5
178 194 5
178 262 5
178 291 5
179 224 5
179 290 5
180 215 5
180 271 5
181 276 5
182 232 5
182 288 5
184 185 5
184 196 5
185 259 5
185 314 5
185 326 5
186 248 5
187 220 5
187 340 5
188 224 5
188 291 5
189 253 5
189 290 5
189 297 5
189 319 5
190 266 5
190 295 5
192 261 5
193 217 5
194 220 5
195 292 5
196 209 5
197 226 5
198 225 5
198 300 5
198 355 5
199 253 5
199 261 5
200 221 5
200 344 5
201 268 5
206 269 5
206 356 5
208 246 5
208 259 5
208 317 5
210 264 5
212 273 5
213 228 5
213 242 5
214 257 5
216 264 5
216 270 5
216 338 5
217 287 5
217 288 5
218 234 5
221 311 5
221 316 5
222 275 5
222 276 5
224 302 5
224 322 5
226 344 5
227 252 5
227 279 5
228 262 5
228 277 5
229 248 5
231 234 5
231 302 5
232 257 5
232 291 5
232 330 5
233 290 5
233 301 5
234 246 5
234 263 5
240 317 5
240 328 5
241 260 5
241 289 5
241 325 5
242 312 5
242 339 5
244 339 5
245 352 5
248 363 5
249 265 5
250 273 5
250 305 5
251 284 5
252 329 5
252 359 5
253 305 5
256 264 5
256 320 5
257 283 5
257 305 5
258 276 5
259 302 5
260 317 5
261 286 5
262 274 5
263 264 5
263 280 5
263 342 5
264 302 5
265 273 5
267 330 5
271 303 5
271 323 5
271 364 5
272 304 5
274 298 5
277 289 5
277 306 5
278 304 5
279 329 5
281 308 5
281 355 5
283 343 5
284 301 5
285 317 5
286 324 5
286 363 5
289 354 5
290 350 5
292 332 5
292 359 5
293 304 5
293 342 5
294 327 5
297 311 5
298 317 5
299 351 5
299 365 5
302 323 5
304 327 5
306 314 5
306 322 5
308 312 5
310 324 5
311 340 5
313 339 5
315 343 5
322 361 5
326 349 5
327 331 5
330 335 5
334 352 5
340 359 5
342 346 5
345 362 5
353 364 5
86 291 5
26 147 5
28 108 5
156 366 5
22 44 5
121 231 5
362 378 5
18 344 5
94 198 5
187 401 5
88 260 5
102 228 5
20 380 5
146 226 5
106 265 5
352 397 5
23 49 5
123 142 5
106 156 5
251 278 5
150 180 5
183 371 5
157 313 5
273 323 5
182 345 5
40 108 5
8 32 5
124 214 5
59 360 5
164 350 5
296 373 5
159 391 5
20 301 5
113 248 5
5 390 5
97 227 5
140 242 5
70 82 5
26 124 5
306 392 5
172 371 5
17 74 5
179 231 5
197 237 5
218 262 5
72 156 5
231 262 5
146 281 5
130 331 5
201 207 5
370 392 5
106 232 5
108 260 5
232 301 5
292 358 5
209 327 5
135 225 5
313 400 5
54 269 5
221 315 5
85 292 5
143 347 5
194 361 5
299 323 5
171 290 5
202 353 5
140 380 5
184 320 5
83 238 5
194 223 5
30 46 5
180 193 5
255 264 5
164 381 5
56 131 5
289 295 5
20 109 5
213 307 5
68 277 5
29 208 5
8 47 5
186 381 5
236 387 5
177 296 5
319 400 5
36 88 5
28 353 5
289 355 5
124 216 5
18 335 5
180 301 5
272 306 5
8 284 5
83 148 5
160 290 5
206 249 5
228 370 5
63 355 5
63 239 5
53 249 5
9 237 5
161 338 5
48 361 5
175 291 5
224 245 5
96 266 5
123 170 5
203 367 5
48 53 5
285 350 5
10 197 5
89 379 5
97 224 5
5 232 5
134 253 5
43 284 5
116 261 5
294 380 5
164 269 5
67 80 5
4 165 5
175 360 5
140 174 5
162 299 5
183 260 5
182 342 5
343 380 5
148 320 5
238 324 5
371 379 5
248 334 5
12 108 5
48 391 5
211 401 5
139 332 5
168 363 5
136 143 5
126 389 5
275 360 5
207 359 5
142 212 5
147 193 5
138 226 5
62 340 5
133 317 5
31 381 5
43 249 5
160 296 5
105 232 5
35 179 5
42 140 5
184 202 5
276 401 5
222 244 5
274 359 5
99 100 5
84 320 5
291 309 5
56 229 5
42 189 5
73 144 5
64 241 5
188 400 5
292 360 5
210 230 5
271 327 5
200 349 5
127 296 5
42 199 5
157 190 5
289 316 5
71 255 5
207 218 5
52 336 5
45 93 5
123 262 5
35 238 5
24 325 5
33 356 5
316 335 5
164 314 5
185 204 5
2 185 5
79 384 5
44 341 5
31 212 5
138 229 5
101 107 5
225 355 5
41 72 5
236 318 5
154 333 5
270 329 5
251 375 5
165 357 5
119 308 5
111 150 5
334 376 5
127 185 5
301 389 5
66 199 5
331 367 5
104 337 5
146 363 5
259 328 5
33 317 5
37 94 5
35 143 5
366 393 5
9 394 5
229 389 5
111 378 5
159 171 5
310 356 5
285 298 5
22 255 5
168 185 5
103 389 5
133 361 5
65 287 5
170 391 5
156 203 5
207 345 5
244 264 5
8 345 5
18 332 5
102 212 5
176 193 5
56 132 5
162 310 5
154 330 5
141 166 5
31 198 5
168 346 5
7 84 5
10 359 5
163 216 5
98 375 5
131 382 5
38 41 5
289 372 5
55 99 5
72 304 5
200 364 5
34 125 5
182 187 5
53 347 5
156 400 5
16 144 5
300 324 5
5 23 5
185 330 5
293 303 5
22 355 5
356 395 5
132 243 5
186 365 5
13 109 5
161 376 5
268 308 5
88 99 5
126 224 5
107 125 5
323 380 5
213 375 5
221 235 5
222 379 5
91 270 5
44 196 5
150 364 5
64 74 5
149 352 5
112 182 5
88 123 5
51 295 5
176 249 5
117 355 5
95 373 5
185 276 5
141 168 5
18 118 5
61 109 5
256 387 5
225 349 5
4 262 5
114 140 5
65 335 5
115 288 5
82 249 5
275 299 5
122 376 5
73 165 5
118 148 5
22 332 5
72 302 5
262 392 5
189 322 5
172 248 5
176 397 5
252 268 5
330 382 5
63 263 5
45 350 5
49 366 5
31 396 5
78 263 5
190 335 5
242 337 5
51 173 5
24 31 5
244 292 5
15 31 5
186 286 5
133 278 5
181 218 5
57 109 5
119 198 5
43 315 5
68 164 5
171 279 5
140 232 5
20 248 5
89 146 5
270 356 5
261 386 5
176 366 5
350 380 5
206 307 5
156 238 5
38 90 5
45 94 5
242 272 5
286 314 5
25 228 5
105 150 5
195 381 5
114 317 5
72 134 5
26 202 5
2 134 5
84 368 5
32 382 5
18 260 5
255 338 5
14 47 5
58 345 5
214 215 5
98 372 5
198 200 5
21 122 5
375 389 5
73 290 5
101 144 5
22 376 5
97 170 5
108 326 5
136 162 5
153 357 5
20 366 5
80 106 5
11 23 5
224 236 5
206 310 5
181 321 5
75 114 5
48 202 5
101 274 5
202 337 5
30 90 5
176 332 5
126 356 5
256 261 5
116 211 5
13 135 5
240 258 5
74 187 5
154 168 5
146 352 5
25 348 5
221 260 5
145 360 5
80 167 5
233 256 5
80 110 5
186 235 5
35 40 5
168 223 5
180 323 5
30 169 5
342 344 5
98 202 5
15 251 5
388 397 5
136 255 5
280 281 5
46 286 5
118 360 5
141 301 5
158 197 5
47 304 5
197 214 5
118 126 5
65 228 5
80 359 5
55 168 5
255 281 5
306 321 5
293 301 5
27 381 5
227 260 5
184 379 5
9 378 5
301 350 5
149 170 5
106 269 5
145 302 5
154 343 5
91 219 5
48 169 5
298 337 5
102 251 5
79 190 5
154 243 5
253 277 5
153 231 5
60 129 5
32 312 5
77 133 5
182 201 5
18 401 5
153 155 5
245 360 5
43 128 5
13 365 5
66 136 5
263 325 5
104 144 5
151 195 5
75 399 5
143 150 5
202 305 5
289 352 5
100 234 5
20 106 5
19 355 5
181 196 5
155 244 5
25 287 5
61 282 5
16 299 5
126 233 5
12 343 5
8 235 5
5 209 5
310 351 5
228 286 5
225 251 5
130 173 5
22 192 5
235 376 5
30 210 5
126 229 5
257 326 5
84 137 5
54 386 5
111 225 5
286 309 5
125 366 5
5 143 5
51 371 5
270 355 5
8 178 5
181 192 5
214 372 5
254 261 5
88 316 5
171 379 5
12 61 5
380 397 5
187 276 5
71 179 5
256 376 5
35 398 5
77 380 5
120 334 5
18 128 5
183 209 5
162 308 5
21 351 5
47 281 5
34 203 5
40 253 5
51 204 5
255 386 5
119 171 5
202 298 5
56 314 5
21 345 5
53 324 5
97 245 5
115 329 5
110 372 5
323 351 5
15 344 5
301 390 5
175 368 5
6 22 5
27 298 5
56 84 5
224 248 5
24 255 5
144 167 5
87 153 5
187 278 5
82 357 5
9 121 5
143 165 5
64 192 5
187 207 5
86 152 5
118 196 5
290 334 5
32 124 5
252 260 5
115 155 5
41 98 5
179 314 5
3 208 5
66 73 5
154 280 5
21 72 5
163 236 5
26 236 5
22 300 5
123 305 5
172 180 5
185 240 5
61 363 5
216 393 5
3 287 5
146 384 5
43 397 5
250 297 5
41 399 5
277 389 5
81 194 5
101 349 5
256 317 5
199 288 5
103 350 5
9 129 5
248 274 5
6 386 5
201 283 5
168 398 5
143 203 5
150 245 5
118 138 5
167 209 5
158 227 5
24 157 5
177 307 5
124 295 5
32 323 5
181 381 5
181 370 5
109 166 5
376 391 5
38 44 5
157 240 5
186 379 5
156 397 5
96 395 5
277 326 5
32 220 5
199 349 5
145 209 5
92 313 5
66 273 5
235 365 5
133 145 5
203 241 5
250 383 5
19 230 5
58 294 5
151 331 5
36 158 5
131 146 5
94 152 5
43 55 5
76 126 5
6 314 5
5 220 5
318 358 5
281 350 5
81 191 5
97 393 5
78 395 5
223 242 5
169 207 5
98 354 5
357 389 5
175 329 5
118 152 5
245 268 5
65 194 5
180 320 5
70 138 5
59 184 5
94 205 5
284 340 5
108 285 5
349 351 5
186 262 5
26 246 5
67 198 5
95 197 5
124 185 5
269 375 5
136 275 5
140 218 5
210 273 5
319 343 5
174 347 5
113 401 5
11 378 5
68 335 5
15 192 5
284 377 5
128 349 5
14 74 5
270 325 5
108 109 5
49 393 5
154 339 5
257 372 5
78 129 5
68 180 5
143 198 5
215 242 5
291 310 5
226 378 5
16 224 5
64 107 5
12 64 5
137 234 5
98 231 5
6 279 5
10 70 5
164 328 5
8 183 5
134 158 5
311 386 5
52 298 5
182 211 5
164 267 5
101 164 5
213 324 5
252 276 5
102 388 5
336 360 5
57 196 5
238 274 5
247 335 5
16 334 5
9 23 5
116 215 5
98 253 5
199 222 5
53 223 5
32 161 5
132 289 5
100 397 5
127 320 5
47 229 5
6 379 5
163 173 5
135 400 5
119 141 5
134 318 5
74 327 5
229 262 5
140 153 5
11 31 5
253 374 5
4 136 5
23 85 5
80 135 5
195 262 5
71 241 5
48 162 5
246 324 5
52 221 5
11 395 5
193 311 5
144 266 5
44 309 5
121 199 5
196 229 5
131 168 5
172 238 5
33 379 5
227 391 5
60 312 5
66 72 5
108 385 5
67 401 5
35 133 5
83 300 5
116 226 5
23 237 5
34 269 5
263 346 5
15 303 5
146 283 5
325 388 5
197 314 5
107 213 5
46 279 5
226 252 5
335 391 5
41 298 5
123 380 5
238 341 5
176 277 5
217 333 5
75 210 5
144 352 5
92 326 5
47 231 5
71 154 5
33 267 5
140 246 5
45 258 5
196 369 5
82 202 5
51 359 5
153 242 5
29 254 5
62 305 5
29 394 5
140 143 5
126 232 5
28 67 5
137 351 5
181 383 5
75 393 5
193 300 5
167 322 5
2 160 5
190 368 5
52 282 5
153 342 5
75 134 5
129 235 5
68 321 5
207 217 5
62 342 5
110 202 5
132 369 5
222 338 5
85 114 5
85 286 5
207 277 5
108 252 5
281 291 5
5 371 5
171 384 5
157 378 5
58 286 5
125 211 5
100 205 5
3 340 5
113 186 5
140 154 5
149 317 5
102 375 5
233 332 5
181 260 5
110 210 5
90 362 5
72 331 5
94 316 5
250 313 5
292 370 5
174 207 5
11 166 5
242 273 5
350 386 5
26 88 5
14 138 5
184 309 5
116 141 5
114 375 5
394 397 5
156 354 5
85 300 5
251 356 5
214 268 5
104 172 5
309 379 5
74 278 5
61 149 5
82 315 5
12 206 5
242 343 5
25 149 5
198 213 5
289 385 5
259 355 5
86 380 5
136 307 5
335 386 5
198 386 5
156 201 5
181 302 5
206 251 5
254 266 5
71 240 5
19 277 5
251 260 5
291 349 5
8 161 5
160 369 5
91 144 5
122 322 5
176 301 5
160 330 5
234 314 5
30 106 5
3 141 5
286 347 5
212 253 5
284 323 5
50 303 5
271 374 5
161 234 5
168 321 5
152 394 5
129 242 5
2 90 5
101 331 5
6 322 5
243 351 5
111 383 5
69 353 5
277 401 5
280 284 5
1 272 5
141 185 5
17 374 5
46 366 5
111 258 5
65 117 5
30 319 5
266 320 5
192 367 5
113 322 5
236 372 5
135 155 5
87 218 5
223 290 5
35 174 5
172 306 5
28 247 5
119 220 5
45 164 5
257 302 5
45 275 5
38 265 5
75 303 5
257 266 5
177 268 5
50 312 5
12 185 5
138 302 5
32 344 5
190 378 5
34 205 5
50 283 5
134 401 5
251 342 5
163 198 5
109 224 5
242 261 5
46 389 5
163 302 5
102 327 5
150 376 5
85 234 5
232 295 5
151 202 5
32 175 5
252 308 5
104 265 5
158 339 5
47 48 5
165 314 5
35 148 5
33 138 5
322 360 5
79 81 5
193 312 5
71 373 5
85 298 5
139 235 5
98 313 5
21 339 5
41 220 5
49 359 5
91 379 5
97 101 5
86 138 5
246 261 5
70 233 5
227 351 5
29 30 5
221 305 5
276 342 5
25 291 5
102 245 5
332 343 5
13 269 5
35 305 5
309 393 5
25 359 5
156 199 5
55 293 5
284 388 5
189 210 5
57 160 5
14 85 5
189 391 5
202 378 5
338 340 5
182 299 5
40 229 5
126 196 5
96 303 5
76 102 5
200 295 5
49 107 5
234 398 5
13 280 5
220 296 5
140 349 5
54 153 5
32 315 5
81 215 5
152 189 5
86 93 5
5 132 5
273 315 5
82 330 5
104 174 5
