193 201 1
162 210 1
119 215 1
79 213 1
137 234 1
184 219 1
109 261 1
134 253 1
72 75 1
118 193 1
102 216 1
29 186 1
8 177 1
75 158 1
15 222 1
24 26 1
85 236 1
62 203 1
52 275 1
6 189 1
110 189 1
9 247 1
138 174 1
105 123 1
89 175 1
182 240 1
1 150 1
160 210 1
203 244 1
26 235 1
259 260 1
68 201 1
97 263 1
26 270 1
1 139 1
91 248 1
66 99 1
96 117 1
200 236 1
201 239 1
80 251 1
107 251 1
42 229 1
34 136 1
10 95 1
211 268 1
137 231 1
205 212 1
84 124 1
107 262 1
197 236 1
26 111 1
172 206 1
9 19 1
7 257 1
209 258 1
41 213 1
44 233 1
82 93 1
77 243 1
12 64 1
113 172 1
49 148 1
148 253 1
84 132 1
92 134 1
5 244 1
53 270 1
13 174 1
61 181 1
147 269 1
84 163 1
186 272 1
127 267 1
80 242 1
112 182 1
224 244 1
78 268 1
149 207 1
141 158 1
15 274 1
171 249 1
170 223 1
8 10 1
33 227 1
154 266 1
64 268 1
263 272 1
106 208 1
44 76 1
12 196 1
144 242 1
17 189 1
54 173 1
174 188 1
25 204 1
200 235 1
144 183 1
30 95 1
67 198 1
62 97 1
189 207 1
38 53 1
203 245 1
155 158 1
46 165 1
33 76 1
12 264 1
49 185 1
100 194 1
249 274 1
85 124 1
144 199 1
144 170 1
174 211 1
112 244 1
34 184 1
43 221 1
86 245 1
120 190 1
125 231 1
43 77 1
54 263 1
189 217 1
115 135 1
13 240 1
10 13 1
50 85 1
156 193 1
54 131 1
5 100 1
166 189 1
85 133 1
11 96 1
55 78 1
56 92 1
33 134 1
21 132 1
73 188 1
86 179 1
84 250 1
144 245 1
193 262 1
55 142 1
110 185 1
73 267 1
9 115 1
19 180 1
190 199 1
114 130 1
144 205 1
177 185 1
64 193 1
74 128 1
159 265 1
183 225 1
51 133 1
72 271 1
120 126 1
14 107 1
86 187 1
73 98 1
77 154 1
1 91 1
204 220 1
7 89 1
10 192 1
225 265 1
109 215 1
229 251 1
137 250 1
77 107 1
64 148 1
184 254 1
150 267 1
15 62 1
230 264 1
31 134 1
101 142 1
183 238 1
181 190 1
51 190 1
106 192 1
17 91 1
131 245 1
66 105 1
106 143 1
47 88 1
66 167 1
42 230 1
121 210 1
164 255 1
109 265 1
127 194 1
90 254 1
89 147 1
140 168 1
61 150 1
77 208 1
216 240 1
183 199 1
45 181 1
10 202 1
93 227 1
58 227 1
11 161 1
142 178 1
11 201 1
120 131 1
14 97 1
103 250 1
142 243 1
119 181 1
16 51 1
132 134 1
57 266 1
39 188 1
238 240 1
66 197 1
148 210 1
124 220 1
26 186 1
87 111 1
94 189 1
107 202 1
81 191 1
29 35 1
99 147 1
215 266 1
74 75 1
65 123 1
130 161 1
244 252 1
3 50 1
35 212 1
137 156 1
119 183 1
96 247 1
213 231 1
5 23 1
188 203 1
12 39 1
227 254 1
2 26 1
124 204 1
58 242 1
96 162 1
164 179 1
145 213 1
96 100 1
95 132 1
154 232 1
128 204 1
65 127 1
36 149 1
221 223 1
136 228 1
179 234 1
113 266 1
194 204 1
48 236 1
129 274 1
32 143 1
12 162 1
121 138 1
215 260 1
147 216 1
245 274 1
21 96 1
56 215 1
121 160 1
4 74 1
20 114 1
11 129 1
58 226 1
81 187 1
105 209 1
124 185 1
117 224 1
12 237 1
86 271 1
109 176 1
146 212 1
107 232 1
46 241 1
13 87 1
16 82 1
37 102 1
129 165 1
80 264 1
69 99 1
80 143 1
155 204 1
203 271 1
152 215 1
115 233 1
133 210 1
146 223 1
155 207 1
103 273 1
252 267 1
59 236 1
159 272 1
37 164 1
161 177 1
137 243 1
245 262 1
124 216 1
68 144 1
120 219 1
77 235 1
169 210 1
35 86 1
118 192 1
118 171 1
94 115 1
75 162 1
29 45 1
217 223 1
208 260 1
53 118 1
121 240 1
62 191 1
240 258 1
82 236 1
41 79 1
37 165 1
209 275 1
125 199 1
117 193 1
20 108 1
12 58 1
59 192 1
6 254 1
134 187 1
128 265 1
111 116 1
31 92 1
172 209 1
14 253 1
169 244 1
83 170 1
103 133 1
82 209 1
75 105 1
1 126 1
14 182 1
59 117 1
37 206 1
122 216 1
100 111 1
92 220 1
37 98 1
123 146 1
13 122 1
15 275 1
133 169 1
97 265 1
55 149 1
198 253 1
129 201 1
130 187 1
65 214 1
21 28 1
26 254 1
78 236 1
14 181 1
111 170 1
94 169 1
134 215 1
58 133 1
67 106 1
179 203 1
52 56 1
131 257 1
181 263 1
35 56 1
51 146 1
79 100 1
78 167 1
4 256 1
32 269 1
61 78 1
154 257 1
115 123 1
57 245 1
76 124 1
27 123 1
3 179 1
78 136 1
186 258 1
118 123 1
51 170 1
263 269 1
31 129 1
223 261 1
35 254 1
95 255 1
57 236 1
56 126 1
95 227 1
75 113 1
47 235 1
102 201 1
15 56 1
62 200 1
61 191 1
194 237 1
111 182 1
116 230 1
54 89 1
102 123 1
32 233 1
95 240 1
70 220 1
21 173 1
10 191 1
115 247 1
225 244 1
40 136 1
6 253 1
73 212 1
131 191 1
34 178 1
140 189 1
2 171 1
149 193 1
101 125 1
96 106 1
175 218 1
115 192 1
72 107 1
1 43 1
98 121 1
138 268 1
150 256 1
115 193 1
99 182 1
9 48 1
148 255 1
114 217 1
128 238 1
110 194 1
13 210 1
126 161 1
109 127 1
4 110 1
151 207 1
20 125 1
105 221 1
46 61 1
144 174 1
98 119 1
29 203 1
53 210 1
49 59 1
63 269 1
65 163 1
49 98 1
77 209 1
81 100 1
194 209 1
70 236 1
18 85 1
238 241 1
67 164 1
117 175 1
19 184 1
213 215 1
98 149 1
34 265 1
136 197 1
96 237 1
77 145 1
59 153 1
35 230 1
110 149 1
71 244 1
95 138 1
32 212 1
98 100 1
100 152 1
9 215 1
47 154 1
98 144 1
87 179 1
177 253 1
99 150 1
175 214 1
149 171 1
125 205 1
183 191 1
28 150 1
121 261 1
18 165 1
142 210 1
34 267 1
18 206 1
64 194 1
168 236 1
17 84 1
132 138 1
146 230 1
12 84 1
7 182 1
109 211 1
16 183 1
58 126 1
196 264 1
55 237 1
158 264 1
103 149 1
175 272 1
232 245 1
69 212 1
21 138 1
237 269 1
107 158 1
46 100 1
52 227 1
134 193 1
68 196 1
68 140 1
123 184 1
101 218 1
204 263 1
162 243 1
76 77 1
9 14 1
22 146 1
16 220 1
115 242 1
185 265 1
93 98 1
167 237 1
181 226 1
87 171 1
45 147 1
145 170 1
89 157 1
209 225 1
27 196 1
9 204 1
182 192 1
102 226 1
165 241 1
8 198 1
187 232 1
192 206 1
4 30 1
98 106 1
184 210 1
153 254 1
47 208 1
1 21 1
81 102 1
1 106 1
115 128 1
44 81 1
21 183 1
22 62 1
96 148 1
221 256 1
7 15 1
162 187 1
9 44 1
131 145 1
22 69 1
1 261 1
221 261 1
22 26 1
88 127 1
92 178 1
118 135 1
13 16 1
42 186 1
66 229 1
7 175 1
189 232 1
109 204 1
73 240 1
186 239 1
225 246 1
68 186 1
84 87 1
93 174 1
88 147 1
143 205 1
6 155 1
97 199 1
51 65 1
71 264 1
35 225 1
15 113 1
41 266 1
108 123 1
87 265 1
18 112 1
80 188 1
180 274 1
149 164 1
50 251 1
21 192 1
57 178 1
71 154 1
12 102 1
81 242 1
30 235 1
1 72 1
144 196 1
43 264 1
128 253 1
6 22 1
89 193 1
101 268 1
141 192 1
118 142 1
39 268 1
34 50 1
216 256 1
80 194 1
37 267 1
103 161 1
38 66 1
162 181 1
180 185 1
16 63 1
105 206 1
184 255 1
48 249 1
49 267 1
42 165 1
30 198 1
123 243 1
55 199 1
41 47 1
78 235 1
149 177 1
116 200 1
39 173 1
95 238 1
83 254 1
157 165 1
137 235 1
208 225 1
61 274 1
77 103 1
36 177 1
105 232 1
23 234 1
3 70 1
28 100 1
92 246 1
104 161 1
67 142 1
101 255 1
137 197 1
33 265 1
150 215 1
87 240 1
90 193 1
158 189 1
24 91 1
128 193 1
47 151 1
150 201 1
127 220 1
67 228 1
95 209 1
227 236 1
83 152 1
61 73 1
203 219 1
105 245 1
19 221 1
57 260 1
139 245 1
39 142 1
59 212 1
43 258 1
70 86 1
182 183 1
13 73 1
167 248 1
76 221 1
128 249 1
65 158 1
46 254 1
27 144 1
162 223 1
124 156 1
139 146 1
3 164 1
54 214 1
222 249 1
74 184 1
43 256 1
90 115 1
145 214 1
6 242 1
10 14 1
172 215 1
137 227 1
95 150 1
40 249 1
41 134 1
130 156 1
132 179 1
45 110 1
143 222 1
20 83 1
52 125 1
18 153 1
22 116 1
232 273 1
122 141 1
8 80 1
18 111 1
44 94 1
133 205 1
170 215 1
24 50 1
96 229 1
17 32 1
63 253 1
22 36 1
87 150 1
27 146 1
138 257 1
48 213 1
65 135 1
19 59 1
22 229 1
115 129 1
149 211 1
43 124 1
150 174 1
122 218 1
4 126 1
15 218 1
51 256 1
130 239 1
137 261 1
156 270 1
80 123 1
84 134 1
20 145 1
153 166 1
158 248 1
157 273 1
5 93 1
120 193 1
12 55 1
58 118 1
133 138 1
152 270 1
