1 65 5
1 80 5
2 32 5
2 262 5
2 293 5
2 326 5
3 6 5
3 178 5
3 268 5
3 300 5
4 27 5
4 30 5
4 44 5
4 172 5
4 229 5
4 307 5
5 46 5
5 51 5
5 97 5
5 306 5
5 336 5
6 29 5
6 71 5
6 219 5
6 223 5
6 326 5
7 12 5
7 15 5
7 18 5
8 22 5
8 64 5
8 97 5
8 186 5
8 316 5
9 138 5
9 203 5
9 254 5
10 42 5
10 71 5
10 145 5
10 326 5
11 13 5
11 55 5
11 84 5
11 97 5
11 164 5
11 274 5
12 23 5
12 32 5
12 68 5
12 179 5
12 203 5
13 18 5
13 67 5
13 82 5
13 112 5
13 207 5
13 213 5
14 144 5
14 156 5
14 280 5
14 358 5
15 30 5
15 60 5
15 115 5
15 162 5
15 267 5
16 126 5
16 198 5
16 213 5
16 333 5
17 35 5
17 220 5
17 228 5
17 233 5
18 61 5
18 185 5
18 322 5
19 155 5
19 219 5
20 68 5
20 266 5
20 293 5
20 300 5
21 24 5
21 76 5
21 116 5
21 185 5
21 320 5
21 326 5
22 56 5
22 62 5
22 90 5
22 181 5
22 222 5
23 98 5
23 165 5
23 185 5
24 63 5
24 64 5
24 88 5
24 127 5
24 135 5
24 259 5
24 329 5
24 350 5
25 122 5
25 154 5
25 215 5
25 259 5
25 295 5
26 52 5
26 66 5
26 204 5
26 241 5
26 263 5
27 175 5
27 177 5
27 190 5
27 288 5
27 332 5
27 337 5
28 155 5
28 203 5
28 295 5
28 299 5
29 86 5
29 88 5
29 142 5
29 278 5
30 73 5
30 78 5
30 139 5
30 203 5
30 276 5
30 345 5
30 352 5
31 51 5
31 85 5
31 121 5
31 150 5
31 216 5
33 36 5
33 180 5
33 205 5
33 209 5
33 236 5
33 264 5
34 51 5
34 60 5
34 63 5
34 189 5
34 309 5
34 319 5
35 73 5
35 227 5
35 251 5
36 185 5
36 225 5
36 316 5
37 43 5
37 205 5
38 59 5
38 60 5
38 78 5
38 90 5
38 114 5
38 164 5
38 257 5
38 332 5
39 187 5
39 238 5
39 329 5
40 106 5
40 298 5
41 43 5
41 83 5
41 154 5
41 159 5
41 162 5
41 180 5
41 182 5
44 170 5
44 173 5
45 47 5
45 89 5
45 214 5
46 181 5
46 277 5
47 81 5
47 242 5
47 297 5
48 85 5
48 120 5
48 157 5
48 189 5
49 85 5
49 90 5
49 334 5
50 244 5
51 68 5
52 59 5
52 113 5
52 276 5
53 182 5
53 192 5
53 196 5
53 275 5
54 82 5
54 284 5
54 330 5
54 365 5
55 96 5
57 74 5
57 89 5
57 122 5
57 190 5
58 122 5
58 185 5
59 62 5
59 133 5
59 243 5
59 280 5
59 329 5
60 70 5
60 119 5
60 249 5
60 255 5
60 296 5
61 114 5
61 127 5
61 242 5
62 98 5
62 117 5
62 161 5
62 282 5
62 304 5
63 105 5
63 245 5
63 352 5
66 264 5
67 111 5
67 148 5
67 155 5
67 205 5
67 208 5
67 227 5
67 304 5
68 206 5
68 230 5
68 254 5
68 272 5
69 110 5
69 143 5
69 203 5
69 255 5
70 129 5
70 137 5
70 142 5
70 166 5
70 184 5
72 166 5
73 138 5
73 144 5
73 165 5
74 117 5
75 102 5
75 180 5
76 79 5
76 90 5
76 111 5
76 116 5
76 126 5
76 199 5
76 267 5
76 344 5
77 159 5
77 171 5
77 311 5
77 342 5
78 86 5
78 100 5
78 125 5
78 142 5
78 176 5
78 261 5
78 285 5
79 122 5
80 90 5
80 177 5
80 348 5
81 205 5
81 225 5
82 116 5
82 242 5
82 353 5
83 149 5
83 179 5
83 223 5
83 327 5
83 364 5
84 110 5
85 138 5
85 176 5
85 180 5
85 304 5
86 96 5
86 140 5
86 215 5
86 253 5
86 270 5
87 98 5
87 127 5
87 151 5
88 107 5
88 311 5
89 91 5
89 128 5
89 363 5
90 157 5
90 188 5
90 207 5
90 222 5
91 151 5
91 197 5
91 225 5
91 261 5
93 168 5
93 267 5
94 174 5
94 214 5
94 301 5
94 334 5
95 159 5
95 221 5
95 298 5
95 310 5
96 164 5
96 225 5
96 364 5
97 157 5
97 191 5
97 310 5
97 342 5
99 158 5
99 290 5
100 107 5
100 169 5
100 283 5
101 119 5
101 159 5
101 196 5
101 352 5
102 173 5
102 231 5
102 264 5
103 106 5
104 128 5
104 142 5
104 252 5
104 274 5
104 308 5
105 198 5
105 216 5
105 217 5
106 298 5
107 147 5
107 181 5
107 204 5
108 134 5
108 189 5
108 205 5
108 231 5
108 241 5
108 331 5
109 173 5
109 257 5
109 267 5
109 305 5
110 156 5
110 262 5
110 267 5
110 302 5
111 120 5
111 150 5
111 163 5
111 173 5
111 231 5
112 297 5
112 327 5
112 365 5
113 245 5
113 302 5
113 308 5
113 310 5
114 191 5
114 207 5
114 283 5
115 122 5
115 279 5
117 132 5
117 290 5
118 234 5
118 332 5
118 333 5
119 271 5
120 156 5
120 267 5
121 142 5
121 166 5
121 223 5
121 254 5
121 275 5
121 335 5
121 336 5
122 142 5
122 180 5
122 311 5
122 331 5
123 359 5
124 145 5
124 187 5
124 237 5
124 243 5
125 142 5
125 164 5
125 206 5
125 223 5
126 174 5
126 185 5
127 323 5
128 142 5
128 218 5
128 268 5
128 272 5
128 352 5
130 183 5
131 228 5
132 264 5
132 294 5
132 352 5
133 210 5
133 218 5
134 324 5
135 187 5
135 268 5
135 355 5
135 360 5
136 220 5
136 279 5
136 360 5
137 177 5
138 172 5
138 269 5
139 332 5
139 361 5
140 219 5
141 198 5
141 227 5
142 210 5
143 263 5
143 346 5
143 357 5
144 241 5
145 250 5
148 184 5
148 202 5
148 228 5
148 240 5
148 252 5
148 314 5
149 266 5
150 197 5
150 214 5
151 162 5
151 224 5
151 252 5
151 263 5
152 181 5
152 214 5
153 191 5
153 303 5
153 332 5
154 157 5
154 164 5
154 232 5
154 272 5
154 288 5
154 292 5
155 200 5
155 290 5
155 306 5
156 217 5
157 183 5
157 324 5
158 234 5
158 293 5
158 317 5
158 361 5
159 230 5
160 213 5
161 291 5
162 216 5
162 246 5
163 274 5
164 170 5
165 311 5
166 245 5
167 229 5
167 307 5
168 198 5
169 229 5
170 212 5
170 213 5
170 262 5
170 323 5
171 321 5
171 353 5
172 321 5
173 244 5
173 304 5
173 329 5
173 354 5
174 346 5
175 184 5
175 198 5
175 273 5
176 185 5
176 290 5
177 211 5
177 251 5
177 312 5
178 179 5
178 192 5
178 223 5
178 282 5
178 358 5
179 265 5
179 269 5
180 272 5
180 342 5
181 241 5
182 274 5
182 287 5
184 243 5
184 352 5
186 225 5
187 202 5
187 281 5
188 192 5
188 200 5
188 245 5
189 270 5
190 216 5
190 309 5
190 319 5
190 354 5
191 303 5
192 197 5
193 253 5
193 360 5
194 201 5
194 326 5
194 350 5
197 262 5
197 293 5
198 215 5
198 264 5
200 346 5
202 249 5
202 258 5
203 322 5
204 228 5
205 280 5
206 247 5
207 307 5
209 301 5
209 316 5
210 229 5
210 332 5
211 362 5
212 251 5
213 365 5
214 269 5
214 325 5
216 288 5
217 232 5
217 287 5
217 345 5
218 279 5
219 256 5
219 265 5
219 313 5
219 342 5
220 269 5
221 241 5
221 298 5
223 244 5
225 292 5
225 316 5
227 253 5
227 341 5
229 235 5
232 313 5
232 326 5
232 336 5
233 280 5
234 269 5
234 299 5
234 341 5
236 244 5
236 257 5
237 329 5
238 246 5
238 287 5
238 301 5
239 243 5
239 271 5
240 299 5
243 268 5
245 251 5
246 257 5
246 315 5
250 313 5
251 266 5
251 277 5
251 317 5
252 320 5
253 259 5
254 311 5
254 314 5
255 258 5
255 325 5
255 352 5
256 294 5
257 311 5
259 282 5
259 297 5
260 315 5
260 329 5
261 286 5
263 282 5
266 280 5
266 284 5
266 294 5
268 323 5
269 333 5
270 307 5
272 290 5
274 325 5
275 343 5
278 301 5
278 315 5
278 318 5
280 302 5
282 342 5
283 290 5
284 305 5
286 327 5
287 348 5
288 339 5
289 325 5
290 291 5
291 319 5
294 323 5
295 313 5
295 325 5
296 316 5
297 306 5
297 329 5
302 308 5
305 351 5
309 325 5
316 354 5
316 360 5
317 321 5
322 347 5
322 348 5
326 332 5
329 356 5
338 359 5
340 345 5
348 359 5
351 357 5
11 301 5
15 28 5
125 260 5
67 264 5
58 395 5
67 103 5
106 162 5
103 263 5
41 127 5
35 399 5
272 359 5
2 104 5
256 323 5
81 301 5
119 340 5
18 324 5
10 351 5
118 282 5
207 257 5
218 338 5
284 323 5
39 83 5
374 389 5
28 258 5
99 366 5
98 370 5
99 323 5
145 177 5
93 117 5
211 331 5
56 326 5
78 301 5
90 336 5
141 359 5
175 346 5
150 267 5
130 188 5
22 190 5
160 279 5
217 331 5
316 388 5
238 300 5
43 85 5
86 251 5
15 233 5
133 288 5
33 341 5
348 365 5
122 395 5
140 160 5
242 310 5
5 371 5
26 169 5
160 329 5
48 378 5
258 292 5
34 229 5
192 201 5
345 360 5
41 176 5
246 374 5
135 386 5
171 278 5
72 332 5
91 164 5
77 284 5
72 288 5
47 240 5
279 387 5
35 240 5
170 399 5
105 399 5
272 398 5
13 296 5
8 230 5
188 202 5
253 395 5
203 260 5
164 190 5
328 347 5
229 353 5
3 23 5
122 188 5
173 336 5
72 174 5
70 280 5
278 343 5
12 174 5
141 148 5
24 49 5
221 285 5
108 278 5
41 347 5
292 371 5
40 395 5
115 192 5
17 380 5
24 237 5
224 381 5
103 197 5
122 212 5
52 368 5
272 296 5
107 392 5
320 400 5
241 275 5
144 225 5
21 89 5
338 391 5
53 377 5
317 384 5
72 163 5
71 295 5
168 191 5
51 365 5
172 366 5
16 248 5
139 142 5
318 360 5
132 351 5
79 317 5
59 263 5
283 376 5
220 312 5
360 401 5
121 261 5
71 227 5
192 312 5
16 242 5
275 381 5
85 194 5
68 223 5
7 26 5
140 211 5
48 128 5
289 311 5
186 263 5
77 192 5
136 246 5
21 204 5
208 281 5
325 351 5
106 115 5
195 261 5
28 207 5
112 174 5
242 400 5
5 7 5
219 340 5
216 388 5
176 346 5
203 297 5
111 160 5
279 356 5
299 368 5
159 174 5
82 251 5
29 124 5
269 384 5
223 369 5
190 396 5
79 261 5
158 309 5
248 339 5
153 376 5
234 320 5
202 401 5
110 121 5
72 361 5
65 328 5
42 223 5
100 293 5
296 377 5
317 394 5
215 352 5
213 284 5
34 282 5
72 190 5
9 192 5
36 166 5
142 351 5
101 343 5
6 21 5
27 63 5
200 301 5
27 276 5
19 94 5
117 191 5
146 233 5
186 329 5
180 401 5
371 375 5
9 81 5
208 315 5
350 365 5
90 147 5
161 388 5
80 264 5
167 290 5
161 241 5
87 328 5
259 350 5
43 163 5
95 372 5
274 349 5
43 395 5
123 316 5
76 195 5
36 97 5
232 255 5
218 260 5
15 122 5
254 297 5
83 111 5
244 392 5
77 351 5
170 282 5
99 285 5
116 193 5
136 255 5
138 297 5
125 130 5
92 278 5
127 319 5
149 374 5
54 232 5
38 68 5
335 353 5
35 394 5
117 384 5
139 351 5
119 133 5
92 304 5
2 281 5
95 330 5
15 305 5
217 298 5
28 389 5
93 346 5
115 139 5
167 241 5
204 370 5
308 395 5
210 300 5
28 399 5
355 378 5
137 159 5
168 301 5
180 228 5
170 195 5
67 131 5
83 158 5
54 176 5
176 241 5
14 314 5
80 355 5
59 217 5
99 348 5
30 47 5
57 96 5
23 305 5
215 263 5
205 349 5
104 384 5
248 273 5
250 379 5
333 339 5
65 208 5
55 180 5
165 305 5
68 385 5
118 285 5
65 115 5
55 145 5
184 223 5
201 280 5
3 141 5
107 244 5
355 386 5
189 235 5
4 126 5
211 239 5
17 190 5
167 266 5
5 181 5
223 298 5
289 337 5
15 34 5
153 291 5
238 353 5
36 169 5
112 309 5
38 291 5
95 152 5
244 340 5
320 329 5
137 166 5
203 400 5
140 255 5
34 165 5
59 144 5
4 105 5
110 395 5
119 147 5
28 400 5
167 171 5
63 282 5
75 100 5
245 299 5
87 268 5
195 310 5
45 79 5
33 281 5
116 287 5
19 353 5
235 394 5
10 397 5
4 339 5
57 105 5
104 223 5
157 393 5
220 270 5
16 347 5
190 392 5
258 314 5
222 349 5
26 125 5
230 340 5
127 379 5
69 115 5
79 180 5
88 304 5
175 241 5
164 280 5
58 370 5
55 126 5
50 324 5
17 68 5
80 340 5
325 330 5
277 338 5
134 146 5
157 376 5
25 363 5
149 283 5
33 94 5
329 397 5
102 194 5
309 357 5
53 351 5
14 107 5
75 136 5
103 164 5
114 276 5
204 243 5
37 252 5
152 182 5
199 385 5
10 18 5
224 366 5
240 317 5
167 398 5
190 385 5
341 365 5
66 219 5
305 314 5
60 245 5
112 347 5
223 387 5
59 65 5
96 189 5
12 389 5
350 373 5
32 211 5
33 62 5
301 397 5
21 393 5
77 139 5
79 255 5
40 72 5
26 217 5
48 60 5
85 159 5
6 308 5
137 144 5
31 232 5
15 254 5
75 298 5
137 285 5
2 280 5
95 109 5
248 344 5
171 197 5
284 399 5
214 341 5
382 388 5
65 273 5
145 351 5
44 361 5
87 160 5
364 391 5
51 191 5
316 338 5
199 348 5
146 350 5
150 328 5
43 93 5
174 287 5
171 362 5
242 302 5
56 222 5
361 401 5
178 359 5
2 351 5
109 137 5
100 234 5
23 171 5
86 150 5
33 169 5
251 357 5
106 190 5
177 233 5
271 350 5
191 231 5
104 192 5
204 320 5
237 398 5
320 355 5
13 269 5
28 149 5
49 262 5
219 248 5
69 357 5
304 389 5
238 260 5
26 312 5
37 87 5
307 331 5
109 193 5
136 373 5
12 296 5
292 365 5
210 248 5
260 319 5
150 346 5
7 198 5
206 328 5
15 235 5
68 392 5
222 378 5
205 323 5
76 359 5
78 292 5
72 264 5
71 271 5
43 238 5
155 334 5
1 202 5
192 215 5
333 364 5
12 136 5
14 160 5
78 248 5
141 311 5
55 232 5
18 203 5
262 309 5
197 280 5
52 222 5
94 267 5
21 59 5
100 333 5
94 314 5
26 196 5
277 331 5
37 108 5
16 47 5
27 336 5
197 337 5
149 251 5
166 240 5
100 125 5
4 146 5
197 296 5
225 235 5
290 356 5
61 328 5
20 360 5
154 375 5
45 323 5
29 245 5
129 273 5
69 180 5
137 328 5
377 392 5
116 165 5
148 310 5
116 119 5
15 105 5
22 66 5
349 371 5
127 329 5
173 368 5
85 155 5
94 311 5
195 311 5
154 183 5
5 323 5
59 251 5
4 314 5
107 168 5
28 327 5
146 149 5
41 326 5
203 392 5
82 190 5
122 203 5
357 362 5
127 279 5
188 339 5
165 321 5
42 243 5
169 365 5
173 374 5
152 278 5
12 305 5
77 161 5
123 191 5
85 356 5
6 157 5
9 359 5
127 370 5
77 388 5
168 398 5
88 264 5
161 379 5
2 330 5
47 342 5
174 291 5
198 258 5
195 274 5
90 390 5
63 248 5
344 388 5
99 395 5
76 393 5
129 191 5
117 188 5
267 285 5
185 202 5
345 372 5
45 252 5
266 346 5
91 191 5
155 288 5
21 48 5
210 233 5
9 296 5
56 352 5
123 355 5
18 122 5
198 324 5
281 314 5
110 219 5
197 294 5
92 240 5
311 344 5
284 328 5
46 208 5
34 118 5
5 238 5
55 238 5
46 63 5
175 205 5
87 158 5
208 297 5
93 248 5
127 130 5
78 240 5
345 348 5
35 205 5
186 187 5
50 142 5
187 330 5
187 377 5
265 364 5
17 286 5
101 331 5
79 305 5
177 238 5
72 134 5
45 53 5
164 174 5
179 315 5
85 195 5
261 363 5
45 229 5
221 352 5
6 259 5
118 280 5
242 382 5
266 382 5
154 258 5
9 269 5
44 57 5
263 319 5
116 363 5
315 352 5
165 209 5
265 366 5
197 359 5
259 327 5
147 242 5
172 209 5
161 225 5
279 289 5
1 342 5
143 332 5
83 94 5
12 223 5
200 330 5
84 388 5
70 292 5
10 172 5
275 307 5
136 264 5
62 143 5
122 384 5
177 228 5
115 162 5
54 236 5
129 270 5
166 222 5
250 352 5
44 223 5
178 200 5
141 209 5
219 343 5
248 312 5
120 165 5
111 307 5
254 305 5
133 363 5
189 379 5
140 382 5
35 376 5
103 375 5
212 377 5
325 400 5
40 133 5
222 310 5
29 239 5
123 180 5
106 247 5
10 27 5
210 225 5
77 390 5
113 351 5
90 282 5
211 336 5
185 302 5
348 370 5
345 361 5
231 357 5
343 363 5
236 396 5
306 345 5
66 265 5
158 183 5
171 184 5
68 193 5
254 393 5
177 217 5
98 203 5
85 339 5
32 240 5
73 269 5
259 301 5
103 256 5
50 323 5
339 394 5
228 275 5
131 385 5
56 302 5
240 321 5
41 304 5
173 257 5
47 152 5
26 89 5
130 131 5
72 401 5
259 275 5
363 372 5
19 300 5
68 138 5
148 221 5
120 134 5
21 264 5
76 176 5
87 237 5
69 277 5
62 241 5
206 213 5
231 288 5
90 375 5
33 374 5
161 307 5
132 304 5
322 342 5
103 151 5
62 396 5
195 298 5
188 391 5
35 130 5
65 367 5
122 206 5
256 315 5
46 119 5
5 68 5
22 114 5
94 127 5
159 255 5
32 62 5
45 58 5
55 160 5
189 195 5
91 227 5
13 383 5
112 153 5
48 291 5
150 242 5
63 95 5
96 140 5
236 255 5
217 276 5
311 349 5
1 107 5
105 237 5
241 367 5
150 368 5
16 125 5
23 156 5
180 210 5
36 332 5
83 394 5
215 221 5
316 397 5
91 278 5
127 131 5
327 344 5
78 347 5
151 253 5
125 161 5
37 328 5
126 149 5
4 323 5
165 232 5
16 345 5
113 380 5
106 347 5
134 240 5
202 320 5
227 269 5
293 353 5
71 291 5
221 295 5
219 236 5
43 361 5
371 379 5
69 103 5
72 191 5
24 27 5
41 376 5
42 88 5
61 92 5
266 299 5
257 373 5
99 198 5
125 391 5
149 268 5
43 353 5
161 188 5
203 334 5
245 288 5
35 86 5
32 183 5
79 134 5
176 223 5
166 387 5
103 309 5
280 284 5
360 383 5
76 156 5
44 297 5
22 397 5
11 255 5
256 345 5
57 147 5
255 301 5
12 106 5
7 210 5
141 194 5
88 289 5
53 389 5
74 296 5
156 357 5
187 247 5
10 395 5
54 342 5
35 290 5
122 301 5
49 290 5
18 244 5
318 373 5
254 398 5
47 182 5
69 137 5
124 207 5
194 280 5
21 91 5
9 309 5
207 318 5
2 147 5
43 291 5
164 255 5
216 263 5
178 285 5
78 233 5
19 222 5
50 273 5
218 231 5
26 392 5
197 372 5
164 222 5
149 312 5
56 185 5
320 391 5
373 394 5
88 210 5
136 357 5
291 324 5
208 351 5
68 182 5
159 358 5
2 6 5
30 293 5
93 309 5
318 352 5
139 290 5
37 115 5
122 372 5
92 114 5
136 361 5
106 242 5
134 296 5
49 219 5
24 399 5
25 91 5
252 382 5
249 327 5
60 352 5
40 218 5
43 134 5
4 392 5
105 345 5
40 66 5
148 204 5
179 180 5
12 357 5
21 307 5
90 142 5
113 124 5
140 221 5
63 203 5
123 275 5
6 389 5
146 205 5
45 189 5
11 108 5
192 355 5
285 305 5
19 31 5
107 270 5
191 211 5
226 304 5
97 315 5
44 293 5
26 183 5
113 301 5
59 319 5
95 306 5
64 241 5
181 183 5
101 193 5
289 292 5
172 219 5
268 311 5
47 203 5
3 237 5
315 333 5
358 390 5
87 225 5
9 213 5
59 203 5
67 154 5
107 203 5
289 394 5
93 383 5
153 270 5
56 372 5
41 397 5
42 131 5
278 327 5
207 313 5
268 283 5
106 342 5
226 355 5
12 187 5
27 326 5
134 165 5
127 230 5
94 108 5
247 395 5
50 123 5
