78 107 2
78 224 2
71 224 2
71 257 2
164 224 2
164 248 2
151 164 2
164 254 2
85 151 2
1 257 2
1 101 2
1 48 2
151 229 2
90 151 2
65 151 2
139 164 2
71 188 2
124 164 2
30 151 2
151 233 2
171 257 2
39 151 2
140 248 2
151 200 2
12 151 2
54 151 2
78 92 2
151 162 2
71 210 2
43 90 2
1 214 2
210 215 2
151 156 2
209 257 2
24 54 2
52 151 2
90 190 2
25 151 2
71 287 2
4 71 2
49 54 2
74 151 2
6 171 2
154 224 2
1 210 2
6 285 2
9 190 2
58 151 2
4 259 2
224 235 2
78 219 2
151 238 2
127 224 2
34 151 2
151 235 2
171 278 2
151 223 2
94 257 2
4 229 2
166 224 2
151 279 2
10 151 2
93 151 2
202 259 2
7 10 2
1 265 2
71 86 2
151 207 2
71 137 2
164 287 2
171 254 2
164 229 2
135 156 2
74 103 2
102 151 2
10 260 2
171 183 2
202 214 2
171 266 2
43 259 2
71 177 2
126 202 2
151 204 2
1 10 2
124 274 2
151 176 2
151 300 2
4 244 2
140 229 2
88 285 2
89 287 2
50 90 2
164 286 2
164 212 2
8 171 2
171 237 2
121 224 2
150 171 2
151 294 2
171 193 2
74 145 2
1 88 2
132 223 2
237 287 2
33 78 2
1 237 2
43 210 2
1 47 2
14 151 2
12 287 2
51 266 2
170 202 2
171 182 2
89 166 2
142 151 2
10 247 2
204 276 2
211 259 2
245 287 2
21 71 2
10 14 2
127 249 2
71 242 2
151 289 2
51 164 2
211 224 2
164 231 2
60 202 2
210 294 2
20 54 2
151 256 2
120 164 2
259 270 2
10 172 2
124 224 2
47 286 2
60 94 2
120 278 2
111 171 2
10 244 2
1 232 2
84 287 2
1 64 2
160 210 2
10 290 2
112 151 2
102 179 2
164 300 2
25 287 2
120 152 2
1 21 2
120 187 2
272 300 2
4 72 2
17 88 2
112 279 2
164 233 2
154 266 2
54 232 2
141 151 2
34 287 2
136 150 2
5 151 2
27 300 2
51 90 2
190 199 2
71 146 2
129 146 2
8 60 2
118 151 2
209 224 2
67 146 2
171 299 2
1 166 2
54 177 2
38 135 2
206 210 2
85 167 2
142 240 2
145 200 2
54 123 2
31 287 2
23 171 2
166 233 2
78 79 2
146 287 2
78 149 2
82 229 2
107 151 2
1 30 2
164 252 2
99 211 2
85 100 2
6 249 2
65 294 2
107 297 2
78 293 2
62 151 2
140 202 2
115 274 2
186 237 2
139 214 2
257 282 2
55 151 2
1 249 2
138 171 2
151 174 2
45 237 2
157 212 2
85 184 2
184 287 2
39 166 2
164 190 2
168 237 2
218 266 2
152 233 2
121 155 2
54 187 2
53 86 2
224 249 2
1 151 2
71 116 2
1 290 2
137 257 2
54 252 2
224 263 2
40 289 2
121 287 2
78 215 2
54 296 2
164 261 2
26 151 2
52 65 2
1 224 2
284 294 2
112 131 2
164 302 2
94 298 2
106 287 2
164 221 2
97 151 2
68 78 2
54 270 2
113 171 2
157 164 2
1 294 2
184 271 2
61 218 2
36 124 2
8 133 2
1 46 2
45 234 2
40 151 2
20 287 2
224 300 2
233 280 2
4 135 2
23 52 2
92 124 2
97 202 2
98 237 2
222 224 2
151 258 2
88 151 2
78 138 2
151 170 2
78 119 2
13 166 2
120 151 2
111 151 2
1 67 2
210 230 2
29 171 2
24 151 2
189 218 2
101 151 2
26 164 2
88 102 2
23 151 2
80 151 2
66 111 2
71 201 2
43 287 2
151 270 2
257 266 2
47 151 2
1 189 2
224 257 2
111 178 2
256 299 2
190 271 2
31 190 2
47 142 2
171 176 2
190 206 2
26 240 2
168 287 2
233 283 2
130 232 2
94 151 2
23 145 2
151 212 2
151 210 2
142 257 2
49 124 2
71 214 2
166 285 2
10 116 2
131 231 2
90 127 2
107 213 2
52 275 2
10 182 2
202 224 2
66 151 2
50 169 2
146 151 2
151 211 2
184 206 2
239 287 2
90 216 2
268 287 2
18 215 2
149 266 2
90 97 2
134 151 2
240 248 2
85 158 2
177 210 2
118 233 2
46 134 2
74 296 2
74 233 2
82 151 2
69 289 2
241 263 2
102 237 2
54 60 2
144 212 2
112 242 2
133 151 2
77 223 2
164 276 2
45 294 2
151 234 2
231 287 2
71 294 2
1 192 2
171 227 2
108 206 2
164 241 2
210 302 2
20 151 2
10 189 2
75 287 2
48 228 2
217 287 2
80 218 2
20 140 2
48 287 2
71 151 2
16 242 2
51 87 2
123 145 2
220 285 2
74 121 2
10 155 2
5 224 2
22 287 2
10 38 2
276 290 2
27 223 2
215 278 2
39 71 2
83 278 2
33 151 2
163 279 2
238 301 2
113 215 2
77 252 2
121 246 2
234 273 2
106 279 2
151 292 2
27 190 2
86 203 2
66 71 2
84 122 2
171 181 2
164 180 2
87 171 2
60 232 2
164 243 2
166 287 2
151 182 2
47 99 2
4 197 2
37 259 2
22 129 2
87 151 2
171 223 2
56 210 2
32 224 2
164 168 2
12 71 2
166 238 2
127 171 2
32 151 2
139 151 2
214 295 2
143 176 2
155 171 2
230 287 2
10 148 2
216 285 2
210 243 2
128 300 2
151 168 2
53 190 2
71 194 2
151 185 2
290 294 2
151 175 2
223 287 2
4 221 2
151 226 2
193 287 2
153 290 2
55 164 2
5 279 2
224 229 2
231 275 2
151 177 2
262 302 2
209 287 2
115 224 2
107 291 2
44 151 2
253 285 2
132 146 2
179 223 2
155 164 2
91 151 2
32 71 2
166 205 2
151 250 2
1 72 2
42 259 2
16 78 2
71 271 2
126 210 2
224 268 2
40 161 2
156 209 2
6 258 2
151 221 2
192 224 2
10 240 2
13 168 2
74 228 2
126 224 2
5 164 2
225 287 2
27 134 2
1 159 2
224 260 2
115 151 2
49 224 2
192 287 2
151 282 2
12 73 2
32 282 2
78 170 2
53 151 2
13 266 2
98 164 2
183 294 2
31 71 2
127 230 2
147 164 2
61 71 2
106 231 2
207 287 2
79 257 2
151 267 2
200 218 2
198 287 2
172 190 2
1 79 2
151 278 2
1 203 2
181 233 2
80 85 2
45 153 2
151 193 2
67 198 2
151 222 2
19 210 2
15 287 2
254 295 2
200 227 2
123 135 2
259 266 2
130 200 2
71 293 2
61 137 2
87 149 2
128 229 2
4 60 2
52 54 2
193 200 2
210 287 2
181 184 2
10 118 2
218 274 2
88 286 2
253 266 2
138 237 2
195 287 2
110 120 2
224 280 2
141 276 2
94 224 2
90 205 2
56 151 2
166 184 2
164 213 2
44 266 2
71 276 2
54 72 2
41 271 2
6 204 2
151 163 2
151 183 2
79 267 2
15 120 2
90 146 2
60 64 2
17 41 2
37 202 2
77 119 2
151 220 2
151 188 2
45 243 2
137 151 2
54 179 2
56 100 2
151 296 2
89 171 2
158 287 2
27 169 2
118 168 2
165 204 2
287 294 2
17 151 2
54 289 2
51 293 2
166 265 2
65 262 2
136 294 2
54 245 2
133 171 2
183 223 2
164 256 2
7 200 2
138 300 2
38 224 2
242 256 2
127 197 2
164 211 2
72 164 2
37 179 2
85 287 2
86 291 2
178 286 2
223 254 2
18 287 2
140 171 2
223 236 2
97 155 2
127 238 2
38 86 2
98 287 2
287 295 2
266 286 2
155 246 2
164 269 2
1 258 2
97 272 2
175 285 2
19 142 2
71 144 2
176 248 2
94 131 2
87 242 2
68 200 2
62 278 2
82 160 2
5 85 2
111 202 2
81 163 2
151 239 2
247 257 2
151 153 2
108 287 2
116 164 2
56 224 2
52 120 2
164 196 2
151 224 2
155 287 2
37 257 2
151 231 2
148 262 2
7 151 2
187 224 2
56 136 2
171 206 2
121 151 2
32 266 2
41 210 2
84 151 2
105 142 2
28 166 2
257 268 2
85 125 2
39 241 2
205 273 2
71 208 2
56 121 2
209 301 2
129 190 2
53 63 2
69 171 2
1 234 2
251 296 2
9 276 2
23 190 2
163 233 2
77 168 2
85 149 2
54 276 2
39 247 2
287 302 2
123 213 2
66 164 2
47 188 2
138 149 2
2 61 2
243 257 2
8 151 2
103 246 2
94 277 2
38 221 2
151 246 2
141 171 2
13 257 2
1 7 2
87 170 2
164 173 2
230 297 2
59 171 2
105 180 2
32 94 2
23 237 2
281 287 2
170 171 2
35 287 2
164 232 2
171 174 2
208 209 2
168 208 2
151 191 2
151 227 2
35 71 2
75 151 2
35 244 2
224 256 2
71 182 2
41 277 2
7 82 2
164 214 2
1 39 2
113 242 2
39 134 2
211 267 2
140 151 2
1 17 2
164 209 2
218 275 2
210 293 2
2 93 2
46 47 2
79 125 2
222 254 2
224 290 2
53 142 2
76 154 2
204 243 2
64 113 2
103 120 2
110 142 2
24 77 2
153 208 2
277 287 2
37 158 2
139 294 2
86 151 2
225 237 2
154 233 2
151 244 2
74 164 2
227 287 2
43 151 2
4 214 2
146 174 2
7 21 2
10 251 2
94 103 2
196 200 2
94 244 2
151 166 2
15 76 2
125 194 2
47 193 2
145 153 2
140 301 2
95 164 2
23 297 2
248 295 2
155 271 2
1 34 2
100 171 2
1 300 2
29 233 2
171 192 2
229 277 2
151 283 2
29 71 2
63 151 2
34 191 2
139 171 2
50 271 2
13 37 2
151 268 2
4 191 2
78 285 2
7 296 2
167 171 2
56 58 2
109 182 2
62 154 2
165 171 2
28 296 2
150 151 2
8 300 2
69 205 2
57 135 2
68 71 2
37 201 2
113 287 2
171 250 2
100 164 2
83 151 2
59 120 2
258 287 2
142 164 2
63 287 2
1 152 2
8 261 2
65 253 2
47 125 2
13 54 2
250 287 2
51 287 2
16 189 2
37 43 2
37 162 2
95 190 2
92 140 2
71 288 2
171 234 2
49 287 2
151 171 2
31 275 2
57 229 2
32 101 2
109 210 2
29 213 2
226 234 2
287 291 2
71 183 2
167 249 2
65 291 2
71 219 2
131 216 2
258 267 2
1 137 2
197 249 2
6 164 2
152 194 2
175 287 2
94 172 2
47 60 2
233 298 2
35 231 2
271 294 2
43 268 2
114 120 2
22 142 2
156 190 2
26 227 2
44 124 2
29 207 2
47 147 2
33 224 2
171 252 2
14 182 2
156 296 2
151 201 2
151 272 2
53 249 2
55 133 2
112 287 2
3 171 2
7 159 2
6 197 2
151 243 2
202 301 2
1 153 2
40 287 2
58 88 2
123 151 2
224 243 2
67 71 2
89 128 2
164 266 2
147 171 2
29 253 2
276 286 2
166 226 2
54 287 2
1 53 2
171 229 2
64 228 2
236 254 2
224 255 2
111 131 2
48 145 2
94 291 2
237 245 2
151 287 2
51 171 2
67 171 2
239 302 2
200 294 2
90 165 2
27 287 2
31 172 2
109 287 2
181 231 2
51 277 2
97 224 2
36 71 2
115 250 2
37 178 2
35 195 2
210 235 2
1 5 2
8 88 2
71 132 2
85 150 2
190 257 2
161 166 2
243 284 2
191 293 2
280 287 2
71 178 2
53 299 2
1 90 2
180 216 2
158 294 2
277 296 2
176 224 2
95 287 2
142 275 2
164 230 2
257 276 2
60 130 2
135 171 2
2 224 2
92 171 2
38 82 2
156 220 2
123 172 2
4 162 2
71 234 2
222 287 2
35 256 2
5 210 2
7 291 2
159 171 2
180 237 2
68 171 2
1 191 2
54 113 2
25 67 2
199 243 2
205 278 2
65 147 2
119 151 2
76 151 2
