115 124 3
10 212 3
35 115 3
34 124 3
115 260 3
81 115 3
212 273 3
64 115 3
124 261 3
38 261 3
87 115 3
59 115 3
273 281 3
115 149 3
124 133 3
96 115 3
261 299 3
124 175 3
45 115 3
75 124 3
52 124 3
70 115 3
4 149 3
199 273 3
63 155 3
273 286 3
124 155 3
45 176 3
86 115 3
65 115 3
64 131 3
94 115 3
67 115 3
52 82 3
35 47 3
26 115 3
212 255 3
115 186 3
228 261 3
115 266 3
45 142 3
90 175 3
4 90 3
117 155 3
146 299 3
52 76 3
14 52 3
26 47 3
57 65 3
199 261 3
90 130 3
149 161 3
164 261 3
190 261 3
88 115 3
124 154 3
146 182 3
115 299 3
261 328 3
115 268 3
47 81 3
131 225 3
175 202 3
124 136 3
20 261 3
281 295 3
273 310 3
111 299 3
90 98 3
115 294 3
64 90 3
149 224 3
93 124 3
90 186 3
103 161 3
133 242 3
99 115 3
115 136 3
59 164 3
164 284 3
91 124 3
212 300 3
75 79 3
90 101 3
50 261 3
63 261 3
41 149 3
79 221 3
24 90 3
115 230 3
146 248 3
101 124 3
115 298 3
18 155 3
90 184 3
101 208 3
281 299 3
55 94 3
223 261 3
90 202 3
124 322 3
74 273 3
199 265 3
22 212 3
142 275 3
124 325 3
115 146 3
115 215 3
299 312 3
192 322 3
139 212 3
64 249 3
20 83 3
90 94 3
115 289 3
83 85 3
9 149 3
294 304 3
22 59 3
115 159 3
12 90 3
6 155 3
115 143 3
79 115 3
90 196 3
64 261 3
98 149 3
261 330 3
101 193 3
299 326 3
90 303 3
6 149 3
10 203 3
4 321 3
115 180 3
63 171 3
58 299 3
59 152 3
64 99 3
90 203 3
39 87 3
9 261 3
37 273 3
176 204 3
64 187 3
42 115 3
58 254 3
286 330 3
90 190 3
124 255 3
22 157 3
115 281 3
181 304 3
90 134 3
57 115 3
8 149 3
11 47 3
111 220 3
66 155 3
82 149 3
166 193 3
124 157 3
57 201 3
90 147 3
115 210 3
124 137 3
211 261 3
44 63 3
45 117 3
139 291 3
6 34 3
48 242 3
17 136 3
214 281 3
20 178 3
191 249 3
63 106 3
96 316 3
91 117 3
74 242 3
219 294 3
139 211 3
63 255 3
41 299 3
35 225 3
53 57 3
46 47 3
55 90 3
47 324 3
157 261 3
162 164 3
35 116 3
303 304 3
25 261 3
88 124 3
6 59 3
178 299 3
115 282 3
164 282 3
39 70 3
115 327 3
115 262 3
64 224 3
140 186 3
6 144 3
4 77 3
98 261 3
22 259 3
199 229 3
60 90 3
17 258 3
205 228 3
147 149 3
147 288 3
5 139 3
145 203 3
156 176 3
137 304 3
131 264 3
149 196 3
75 304 3
40 258 3
161 205 3
115 302 3
51 115 3
75 255 3
96 299 3
238 281 3
92 149 3
55 211 3
64 77 3
61 115 3
206 255 3
115 190 3
177 212 3
6 78 3
146 284 3
22 207 3
48 289 3
124 206 3
98 164 3
115 241 3
54 117 3
273 320 3
59 124 3
27 155 3
115 315 3
184 286 3
125 273 3
124 163 3
30 299 3
69 124 3
115 126 3
254 314 3
84 90 3
90 252 3
53 199 3
3 330 3
62 115 3
170 199 3
47 202 3
142 331 3
221 302 3
83 317 3
202 208 3
66 149 3
71 147 3
235 261 3
282 324 3
124 211 3
221 281 3
176 330 3
190 212 3
98 222 3
286 323 3
23 90 3
115 319 3
69 115 3
98 287 3
22 194 3
156 209 3
114 190 3
79 106 3
90 160 3
182 221 3
124 318 3
99 299 3
208 290 3
99 232 3
146 171 3
47 82 3
57 132 3
120 149 3
6 61 3
37 90 3
205 219 3
124 231 3
35 235 3
18 99 3
115 148 3
65 186 3
153 221 3
126 245 3
29 304 3
70 320 3
219 256 3
217 261 3
75 261 3
149 153 3
124 185 3
101 115 3
55 115 3
38 208 3
254 279 3
57 299 3
151 155 3
90 271 3
199 243 3
135 242 3
93 266 3
149 160 3
109 115 3
149 258 3
149 178 3
248 303 3
49 207 3
278 302 3
55 124 3
131 328 3
87 299 3
25 105 3
40 231 3
3 80 3
38 149 3
90 224 3
99 329 3
299 313 3
124 210 3
157 317 3
139 218 3
56 90 3
115 206 3
166 212 3
36 137 3
43 323 3
47 72 3
38 90 3
90 212 3
7 149 3
17 124 3
149 306 3
90 225 3
261 286 3
201 205 3
115 320 3
136 307 3
90 192 3
145 199 3
128 261 3
64 125 3
146 179 3
97 115 3
98 248 3
273 276 3
71 149 3
6 220 3
124 165 3
263 299 3
37 124 3
63 76 3
261 305 3
115 218 3
44 125 3
262 299 3
149 270 3
37 265 3
117 273 3
115 209 3
32 149 3
207 249 3
12 87 3
199 258 3
124 160 3
162 261 3
212 274 3
158 221 3
6 212 3
111 321 3
38 98 3
36 124 3
228 285 3
84 115 3
83 299 3
115 170 3
55 189 3
38 124 3
97 151 3
91 112 3
261 293 3
117 326 3
6 189 3
38 115 3
139 147 3
7 52 3
89 111 3
195 211 3
90 238 3
131 152 3
152 179 3
283 304 3
124 216 3
124 250 3
68 115 3
6 163 3
153 261 3
6 269 3
261 320 3
205 226 3
6 222 3
34 76 3
22 204 3
60 115 3
90 191 3
16 212 3
22 185 3
43 110 3
75 222 3
152 161 3
156 178 3
199 259 3
56 59 3
9 124 3
117 154 3
115 213 3
19 115 3
48 192 3
41 252 3
87 296 3
14 124 3
192 308 3
15 134 3
4 124 3
54 134 3
59 253 3
86 155 3
299 321 3
47 226 3
152 304 3
24 121 3
182 261 3
6 309 3
21 199 3
98 124 3
85 242 3
49 124 3
63 276 3
20 232 3
77 94 3
180 286 3
90 331 3
202 291 3
132 273 3
27 299 3
261 268 3
70 124 3
243 261 3
110 124 3
18 77 3
90 243 3
36 323 3
22 123 3
30 115 3
80 146 3
90 261 3
7 161 3
129 304 3
214 261 3
135 261 3
63 271 3
93 288 3
64 176 3
111 217 3
261 271 3
92 101 3
276 330 3
224 297 3
162 255 3
150 199 3
136 255 3
149 235 3
39 328 3
253 299 3
118 205 3
40 115 3
106 211 3
115 176 3
99 281 3
49 312 3
138 155 3
216 264 3
17 178 3
159 220 3
208 296 3
90 195 3
57 174 3
40 98 3
115 233 3
115 177 3
7 98 3
102 261 3
60 261 3
96 197 3
115 167 3
149 168 3
26 147 3
61 272 3
87 322 3
299 302 3
1 331 3
90 321 3
22 288 3
19 87 3
259 282 3
90 207 3
75 119 3
234 273 3
254 273 3
211 241 3
90 234 3
124 200 3
19 90 3
90 180 3
98 151 3
98 204 3
65 275 3
33 299 3
115 132 3
32 115 3
199 305 3
261 303 3
115 263 3
46 132 3
40 149 3
124 326 3
299 332 3
149 331 3
202 216 3
188 261 3
65 218 3
30 59 3
92 273 3
178 301 3
115 187 3
130 232 3
115 253 3
14 115 3
149 174 3
18 124 3
199 269 3
76 176 3
212 310 3
146 170 3
136 227 3
261 324 3
114 265 3
98 176 3
62 328 3
2 221 3
53 294 3
69 285 3
17 19 3
202 281 3
215 330 3
29 274 3
218 220 3
212 279 3
124 173 3
115 273 3
47 90 3
124 213 3
46 125 3
124 317 3
90 102 3
91 149 3
175 311 3
115 172 3
60 213 3
115 246 3
6 96 3
115 165 3
124 205 3
115 205 3
277 321 3
45 221 3
155 178 3
127 234 3
148 207 3
37 98 3
90 100 3
95 322 3
136 216 3
62 329 3
75 331 3
141 261 3
158 273 3
180 205 3
47 183 3
75 315 3
8 99 3
147 294 3
15 34 3
289 332 3
96 242 3
24 225 3
84 136 3
10 115 3
278 310 3
90 158 3
216 261 3
104 261 3
90 135 3
294 312 3
98 103 3
26 156 3
46 124 3
21 226 3
45 171 3
64 298 3
74 266 3
151 331 3
74 90 3
90 332 3
127 199 3
325 328 3
7 82 3
124 169 3
249 293 3
27 255 3
196 299 3
155 179 3
185 331 3
115 254 3
14 79 3
90 162 3
124 159 3
36 245 3
65 287 3
124 164 3
139 320 3
168 234 3
75 78 3
20 124 3
115 257 3
149 252 3
64 104 3
14 90 3
83 115 3
149 182 3
53 242 3
37 188 3
96 265 3
126 242 3
47 288 3
90 299 3
7 281 3
49 128 3
109 255 3
79 222 3
261 306 3
155 325 3
181 216 3
133 261 3
37 88 3
90 201 3
96 167 3
94 329 3
163 285 3
161 306 3
216 283 3
170 225 3
47 165 3
71 273 3
83 162 3
190 296 3
98 100 3
124 233 3
174 261 3
25 273 3
149 213 3
24 115 3
202 293 3
98 189 3
115 251 3
211 299 3
207 307 3
199 249 3
6 14 3
7 103 3
115 275 3
304 309 3
154 213 3
79 323 3
212 232 3
115 306 3
60 170 3
56 213 3
28 299 3
6 171 3
274 275 3
115 242 3
59 131 3
59 162 3
115 171 3
37 60 3
115 311 3
186 261 3
21 220 3
114 299 3
67 261 3
94 225 3
115 220 3
129 149 3
54 280 3
115 120 3
84 263 3
46 111 3
122 259 3
87 133 3
66 261 3
94 122 3
22 304 3
177 242 3
155 266 3
153 162 3
286 316 3
242 326 3
56 281 3
132 320 3
48 65 3
30 105 3
208 287 3
35 246 3
56 88 3
63 224 3
225 318 3
115 274 3
99 199 3
115 117 3
155 209 3
70 212 3
79 237 3
212 225 3
59 261 3
124 171 3
161 290 3
82 185 3
146 204 3
90 223 3
213 323 3
98 258 3
8 35 3
69 117 3
273 316 3
44 98 3
212 305 3
37 64 3
140 328 3
43 124 3
169 273 3
206 268 3
47 92 3
126 261 3
172 273 3
154 271 3
79 317 3
124 179 3
6 234 3
226 285 3
285 295 3
130 299 3
6 21 3
155 299 3
169 326 3
113 140 3
147 281 3
30 90 3
47 230 3
119 321 3
59 98 3
147 256 3
90 239 3
119 325 3
49 126 3
61 261 3
38 317 3
67 266 3
90 324 3
233 281 3
149 310 3
81 126 3
91 261 3
95 115 3
133 239 3
267 288 3
5 37 3
157 332 3
132 261 3
6 165 3
47 74 3
98 313 3
17 47 3
90 148 3
105 115 3
59 252 3
6 82 3
11 326 3
33 263 3
38 177 3
119 202 3
59 176 3
121 331 3
39 135 3
119 261 3
115 201 3
171 322 3
240 288 3
92 98 3
13 37 3
144 208 3
105 308 3
37 115 3
90 164 3
144 149 3
39 273 3
2 299 3
127 233 3
143 149 3
16 115 3
60 131 3
65 291 3
47 136 3
124 291 3
225 267 3
142 149 3
149 190 3
92 332 3
26 29 3
17 151 3
77 90 3
163 286 3
124 268 3
90 177 3
177 231 3
126 167 3
27 61 3
259 299 3
156 269 3
116 165 3
88 126 3
38 94 3
118 303 3
98 271 3
115 259 3
98 298 3
149 156 3
277 282 3
115 227 3
54 90 3
124 246 3
124 219 3
75 114 3
97 111 3
50 273 3
149 271 3
55 199 3
171 226 3
49 236 3
124 151 3
124 247 3
106 331 3
89 255 3
47 251 3
15 115 3
127 261 3
111 238 3
299 307 3
109 330 3
67 275 3
156 286 3
146 274 3
59 181 3
233 309 3
110 119 3
67 207 3
143 311 3
155 270 3
90 209 3
124 275 3
58 124 3
3 115 3
37 203 3
195 261 3
124 149 3
37 185 3
155 233 3
124 295 3
187 300 3
126 247 3
60 236 3
100 279 3
67 88 3
132 199 3
191 265 3
53 322 3
193 233 3
98 325 3
164 271 3
90 169 3
261 284 3
98 207 3
5 124 3
22 115 3
22 125 3
47 325 3
48 115 3
80 166 3
218 299 3
100 176 3
81 82 3
88 226 3
124 266 3
199 284 3
124 193 3
115 239 3
90 306 3
98 252 3
147 150 3
162 289 3
47 190 3
155 219 3
181 230 3
47 173 3
265 281 3
32 131 3
99 217 3
104 212 3
42 273 3
90 300 3
2 132 3
124 315 3
29 149 3
85 326 3
21 47 3
273 330 3
106 113 3
237 266 3
37 144 3
135 155 3
115 331 3
208 233 3
44 71 3
216 244 3
64 258 3
162 251 3
58 136 3
112 310 3
27 90 3
79 290 3
50 94 3
115 265 3
90 111 3
164 237 3
91 123 3
94 191 3
23 216 3
47 111 3
70 253 3
67 119 3
76 299 3
230 299 3
172 213 3
205 212 3
72 299 3
124 240 3
198 211 3
42 181 3
124 202 3
165 202 3
63 98 3
90 145 3
7 212 3
22 213 3
265 308 3
99 187 3
30 326 3
90 284 3
32 153 3
162 331 3
64 266 3
128 225 3
147 259 3
55 263 3
90 319 3
149 198 3
8 62 3
28 79 3
44 101 3
15 233 3
164 266 3
170 261 3
276 303 3
187 302 3
47 232 3
115 217 3
121 265 3
115 184 3
47 129 3
107 323 3
50 225 3
115 330 3
149 261 3
87 149 3
59 121 3
25 325 3
1 113 3
29 215 3
112 316 3
273 282 3
42 271 3
6 128 3
79 307 3
46 135 3
212 266 3
124 271 3
94 299 3
35 124 3
276 314 3
90 119 3
115 284 3
47 88 3
38 81 3
212 215 3
59 243 3
200 228 3
154 190 3
112 299 3
199 224 3
155 329 3
266 292 3
115 321 3
155 231 3
299 318 3
23 160 3
112 312 3
6 51 3
68 96 3
137 161 3
117 236 3
149 330 3
261 263 3
69 213 3
98 202 3
99 177 3
126 204 3
52 203 3
74 115 3
43 311 3
64 70 3
140 240 3
199 319 3
112 259 3
22 233 3
99 188 3
250 273 3
68 281 3
47 85 3
46 149 3
109 155 3
87 90 3
62 225 3
46 98 3
29 299 3
47 126 3
294 306 3
16 202 3
279 320 3
37 45 3
135 299 3
99 294 3
6 117 3
75 98 3
2 90 3
104 205 3
154 220 3
128 258 3
208 274 3
153 310 3
5 92 3
151 210 3
20 115 3
90 276 3
34 197 3
