1 14 2
1 149 2
1 205 2
2 4 2
2 95 2
2 96 2
2 215 2
3 131 2
3 135 2
4 38 2
4 65 2
4 260 2
6 202 2
7 95 2
8 25 2
8 95 2
9 44 2
10 82 2
11 95 2
11 233 2
11 274 2
12 42 2
12 95 2
12 250 2
12 274 2
13 95 2
13 223 2
13 266 2
14 244 2
15 156 2
15 195 2
15 217 2
15 265 2
16 95 2
16 132 2
16 198 2
17 119 2
17 217 2
18 44 2
18 98 2
20 30 2
20 70 2
20 95 2
21 62 2
21 67 2
21 110 2
21 174 2
22 77 2
22 106 2
22 142 2
23 119 2
25 77 2
25 273 2
26 95 2
27 274 2
28 77 2
28 109 2
28 155 2
28 204 2
28 260 2
28 263 2
30 95 2
31 45 2
31 203 2
32 44 2
32 77 2
32 88 2
32 95 2
32 136 2
33 82 2
34 70 2
34 77 2
34 205 2
35 89 2
35 115 2
35 126 2
35 141 2
35 173 2
35 175 2
35 220 2
35 223 2
35 231 2
35 233 2
35 237 2
35 246 2
36 54 2
36 77 2
36 231 2
36 256 2
38 69 2
38 95 2
38 177 2
38 246 2
39 98 2
39 139 2
40 42 2
40 77 2
40 94 2
40 100 2
40 113 2
40 146 2
40 186 2
40 198 2
40 204 2
40 237 2
41 77 2
41 182 2
42 95 2
42 137 2
42 160 2
42 167 2
42 238 2
42 251 2
42 254 2
43 95 2
43 158 2
43 180 2
43 236 2
43 243 2
44 91 2
44 95 2
44 135 2
44 150 2
44 186 2
44 263 2
44 275 2
46 77 2
46 80 2
46 95 2
46 214 2
46 249 2
46 274 2
47 97 2
47 217 2
48 110 2
48 234 2
52 101 2
54 77 2
54 96 2
54 124 2
54 148 2
54 179 2
54 245 2
54 273 2
55 58 2
55 233 2
56 171 2
56 255 2
57 95 2
60 89 2
60 215 2
60 264 2
62 95 2
62 244 2
63 95 2
63 173 2
65 95 2
66 95 2
67 77 2
68 70 2
68 214 2
69 131 2
70 71 2
70 75 2
70 87 2
70 109 2
70 117 2
70 128 2
70 164 2
70 165 2
70 168 2
70 209 2
70 222 2
70 227 2
70 239 2
70 274 2
70 275 2
71 77 2
73 95 2
73 110 2
73 218 2
73 232 2
76 145 2
76 190 2
77 92 2
77 95 2
77 100 2
77 101 2
77 108 2
77 109 2
77 114 2
77 118 2
77 125 2
77 126 2
77 127 2
77 133 2
77 158 2
77 159 2
77 169 2
77 171 2
77 175 2
77 176 2
77 184 2
77 195 2
77 198 2
77 201 2
77 202 2
77 205 2
77 208 2
77 217 2
77 219 2
77 225 2
77 227 2
77 228 2
77 239 2
77 246 2
77 254 2
77 259 2
77 263 2
79 130 2
80 95 2
82 110 2
82 124 2
82 188 2
82 218 2
82 252 2
83 95 2
83 112 2
85 98 2
85 252 2
86 95 2
88 95 2
88 187 2
94 95 2
94 255 2
95 96 2
95 97 2
95 98 2
95 101 2
95 104 2
95 106 2
95 107 2
95 109 2
95 112 2
95 119 2
95 122 2
95 123 2
95 143 2
95 144 2
95 159 2
95 160 2
95 165 2
95 168 2
95 190 2
95 191 2
95 194 2
95 195 2
95 196 2
95 198 2
95 201 2
95 204 2
95 208 2
95 214 2
95 219 2
95 222 2
95 226 2
95 232 2
95 234 2
95 239 2
95 243 2
95 244 2
95 245 2
95 253 2
95 255 2
95 258 2
95 262 2
95 266 2
96 266 2
97 258 2
97 265 2
98 260 2
99 235 2
100 131 2
101 190 2
102 162 2
102 274 2
103 207 2
105 169 2
106 117 2
106 190 2
106 216 2
107 158 2
107 179 2
108 200 2
109 254 2
110 123 2
110 150 2
110 154 2
110 225 2
114 244 2
114 272 2
116 266 2
117 233 2
118 123 2
118 133 2
118 264 2
119 141 2
119 162 2
119 235 2
120 190 2
120 265 2
121 216 2
122 194 2
122 227 2
122 256 2
125 213 2
125 254 2
127 133 2
131 192 2
134 151 2
134 183 2
136 259 2
149 190 2
150 238 2
153 274 2
154 229 2
155 237 2
157 237 2
158 194 2
159 244 2
160 251 2
165 229 2
166 260 2
167 201 2
169 268 2
169 272 2
170 189 2
173 209 2
173 253 2
173 257 2
173 271 2
174 223 2
174 245 2
175 195 2
178 198 2
178 219 2
178 248 2
178 270 2
178 274 2
179 186 2
179 259 2
180 208 2
180 251 2
180 274 2
185 201 2
186 266 2
190 198 2
192 269 2
193 238 2
198 251 2
200 212 2
200 262 2
202 264 2
205 274 2
206 260 2
212 270 2
215 271 2
216 231 2
222 254 2
222 255 2
222 269 2
237 240 2
238 270 2
243 250 2
248 262 2
249 251 2
251 269 2
255 259 2
16 194 2
114 157 2
35 254 2
53 198 2
14 143 2
120 173 2
154 242 2
45 190 2
113 179 2
190 257 2
122 126 2
20 255 2
100 272 2
22 267 2
258 261 2
23 95 2
203 274 2
192 221 2
11 173 2
259 293 2
100 250 2
131 213 2
11 121 2
130 135 2
216 243 2
200 258 2
116 167 2
4 292 2
97 287 2
78 95 2
99 254 2
43 227 2
82 95 2
22 95 2
110 275 2
35 189 2
70 142 2
95 151 2
106 164 2
161 260 2
260 261 2
14 173 2
73 128 2
77 266 2
39 274 2
95 99 2
93 231 2
94 277 2
110 120 2
30 162 2
105 215 2
55 144 2
77 156 2
64 95 2
70 189 2
71 208 2
21 155 2
46 281 2
35 208 2
30 41 2
77 145 2
103 107 2
44 203 2
23 190 2
20 235 2
41 190 2
173 176 2
43 203 2
110 231 2
75 77 2
223 267 2
95 167 2
35 219 2
95 257 2
76 167 2
258 284 2
34 173 2
10 244 2
16 147 2
34 151 2
271 297 2
95 132 2
65 266 2
35 263 2
2 240 2
208 274 2
93 110 2
82 199 2
148 217 2
95 284 2
98 252 2
7 219 2
185 190 2
33 154 2
22 36 2
120 141 2
122 272 2
42 47 2
58 177 2
239 285 2
39 77 2
253 274 2
73 244 2
20 77 2
42 105 2
99 178 2
45 251 2
95 279 2
125 204 2
4 105 2
116 276 2
1 265 2
95 150 2
131 269 2
86 212 2
43 142 2
95 261 2
15 287 2
96 193 2
95 105 2
84 95 2
4 254 2
95 223 2
61 82 2
34 199 2
76 299 2
127 223 2
161 248 2
58 214 2
101 124 2
69 173 2
4 103 2
86 198 2
99 221 2
55 264 2
92 95 2
217 250 2
99 263 2
14 254 2
139 179 2
49 243 2
46 239 2
70 136 2
95 174 2
45 122 2
43 73 2
95 118 2
95 154 2
82 136 2
74 159 2
166 225 2
140 157 2
204 241 2
155 269 2
77 140 2
214 280 2
61 77 2
101 278 2
35 74 2
21 29 2
49 254 2
19 190 2
84 173 2
95 218 2
3 146 2
77 148 2
214 257 2
35 211 2
95 161 2
79 95 2
35 72 2
223 249 2
212 215 2
119 192 2
108 261 2
35 162 2
122 151 2
35 286 2
257 282 2
196 259 2
44 232 2
80 247 2
86 100 2
12 20 2
17 268 2
70 92 2
142 252 2
25 73 2
190 209 2
65 194 2
21 234 2
43 291 2
14 213 2
77 274 2
139 174 2
94 115 2
3 208 2
119 146 2
35 269 2
217 254 2
32 43 2
14 103 2
139 289 2
77 210 2
68 72 2
71 139 2
165 190 2
250 277 2
122 282 2
244 271 2
35 59 2
36 95 2
84 198 2
169 255 2
234 297 2
140 198 2
101 118 2
56 222 2
4 92 2
65 91 2
26 54 2
95 215 2
192 237 2
77 153 2
42 65 2
1 77 2
68 217 2
81 203 2
9 35 2
76 266 2
35 225 2
27 260 2
95 301 2
34 175 2
95 163 2
95 267 2
104 122 2
20 164 2
169 285 2
20 123 2
22 101 2
148 190 2
35 78 2
34 208 2
77 226 2
126 274 2
77 149 2
83 274 2
73 247 2
165 240 2
103 119 2
34 288 2
78 148 2
3 265 2
16 208 2
95 298 2
150 270 2
58 127 2
95 288 2
190 222 2
250 263 2
114 251 2
14 217 2
187 240 2
77 89 2
43 132 2
148 241 2
78 197 2
86 149 2
209 299 2
95 270 2
73 261 2
201 267 2
120 244 2
190 254 2
32 293 2
68 193 2
42 96 2
39 214 2
150 259 2
25 95 2
243 253 2
87 274 2
30 167 2
43 296 2
13 79 2
105 277 2
73 90 2
170 235 2
84 268 2
145 274 2
190 253 2
68 190 2
135 145 2
38 92 2
76 95 2
188 190 2
80 223 2
21 35 2
44 82 2
30 104 2
173 274 2
1 150 2
223 251 2
21 95 2
70 157 2
16 223 2
4 112 2
174 263 2
100 270 2
40 51 2
95 250 2
151 172 2
194 281 2
99 296 2
143 223 2
46 188 2
244 270 2
126 242 2
200 251 2
213 274 2
35 95 2
78 118 2
87 223 2
112 156 2
123 151 2
35 207 2
43 254 2
34 53 2
140 217 2
85 173 2
158 208 2
77 267 2
10 86 2
95 213 2
70 146 2
35 280 2
86 101 2
259 272 2
35 181 2
73 221 2
76 228 2
45 83 2
77 189 2
16 217 2
95 177 2
85 95 2
77 82 2
73 104 2
73 141 2
34 57 2
67 284 2
30 226 2
95 205 2
46 161 2
177 190 2
166 277 2
66 284 2
75 137 2
1 190 2
51 77 2
57 77 2
179 239 2
73 242 2
35 199 2
21 256 2
153 266 2
5 190 2
73 302 2
82 277 2
95 128 2
41 184 2
77 288 2
95 155 2
95 138 2
13 264 2
128 171 2
83 223 2
2 186 2
82 274 2
95 252 2
133 190 2
104 283 2
104 174 2
14 27 2
29 95 2
122 255 2
35 160 2
253 300 2
76 300 2
77 249 2
13 188 2
99 149 2
68 95 2
123 212 2
213 241 2
54 274 2
68 254 2
16 144 2
68 243 2
95 120 2
13 76 2
45 130 2
35 257 2
36 122 2
77 281 2
101 120 2
95 139 2
104 295 2
73 137 2
118 204 2
20 21 2
204 278 2
11 283 2
199 240 2
190 277 2
35 198 2
145 173 2
22 198 2
75 284 2
18 110 2
138 180 2
152 256 2
117 214 2
18 284 2
15 252 2
3 174 2
173 268 2
35 295 2
44 73 2
77 286 2
55 227 2
45 71 2
4 17 2
190 230 2
20 289 2
9 281 2
155 190 2
95 200 2
43 122 2
153 173 2
68 223 2
95 117 2
59 208 2
163 273 2
30 249 2
164 277 2
120 203 2
127 148 2
72 178 2
120 231 2
77 238 2
156 274 2
95 230 2
154 257 2
223 288 2
130 258 2
35 156 2
4 175 2
90 122 2
152 187 2
71 128 2
99 116 2
82 185 2
95 184 2
28 64 2
77 203 2
171 223 2
12 43 2
21 264 2
222 237 2
15 75 2
118 190 2
25 260 2
66 222 2
95 188 2
7 274 2
9 239 2
223 298 2
30 130 2
35 152 2
71 199 2
80 136 2
14 130 2
123 217 2
3 190 2
77 296 2
129 175 2
61 263 2
4 42 2
122 185 2
24 208 2
95 181 2
65 76 2
77 139 2
49 239 2
38 115 2
51 59 2
7 258 2
49 259 2
223 277 2
212 279 2
95 211 2
35 55 2
72 265 2
12 283 2
40 72 2
13 71 2
144 157 2
211 216 2
50 69 2
46 144 2
70 226 2
77 240 2
72 95 2
121 177 2
155 161 2
99 217 2
20 75 2
189 277 2
42 57 2
61 110 2
208 288 2
76 99 2
116 186 2
7 178 2
208 239 2
222 300 2
14 282 2
160 208 2
77 96 2
95 231 2
4 77 2
63 87 2
