29 101 1
8 104 1
73 118 1
158 267 1
95 159 1
68 96 1
27 135 1
42 184 1
41 252 1
13 264 1
98 103 1
65 256 1
39 80 1
4 274 1
11 248 1
204 263 1
32 153 1
148 226 1
26 139 1
120 260 1
174 204 1
92 201 1
1 63 1
119 255 1
129 132 1
231 243 1
106 224 1
20 62 1
139 176 1
26 60 1
25 263 1
14 55 1
161 172 1
157 197 1
141 176 1
75 194 1
162 221 1
160 275 1
39 118 1
45 139 1
106 126 1
231 275 1
172 206 1
169 222 1
224 228 1
247 248 1
93 137 1
179 264 1
60 174 1
62 75 1
77 132 1
22 26 1
19 177 1
181 209 1
44 171 1
22 253 1
130 150 1
129 232 1
23 26 1
126 178 1
27 127 1
219 250 1
40 154 1
84 214 1
146 213 1
165 167 1
67 154 1
49 188 1
94 243 1
138 258 1
14 235 1
36 40 1
89 165 1
266 272 1
64 174 1
190 268 1
77 243 1
117 134 1
94 121 1
207 210 1
96 116 1
101 270 1
162 166 1
6 43 1
177 259 1
143 272 1
137 179 1
37 102 1
185 220 1
8 245 1
235 237 1
37 197 1
81 207 1
78 153 1
26 84 1
18 165 1
56 265 1
12 94 1
32 207 1
15 99 1
108 241 1
121 164 1
21 77 1
223 240 1
69 261 1
124 220 1
182 198 1
133 263 1
6 10 1
183 217 1
106 245 1
177 201 1
212 248 1
4 270 1
20 93 1
128 171 1
59 211 1
108 248 1
72 135 1
73 272 1
73 140 1
93 199 1
226 270 1
4 112 1
183 234 1
108 110 1
82 135 1
130 197 1
216 237 1
99 132 1
34 220 1
190 193 1
19 201 1
141 243 1
74 158 1
40 167 1
35 81 1
143 269 1
105 187 1
146 246 1
63 132 1
75 231 1
29 90 1
52 204 1
179 244 1
66 183 1
213 250 1
231 258 1
52 275 1
75 126 1
114 157 1
17 237 1
10 25 1
211 256 1
4 266 1
59 206 1
14 135 1
5 225 1
42 85 1
153 162 1
212 263 1
77 227 1
86 186 1
184 238 1
86 258 1
88 242 1
249 256 1
81 273 1
61 142 1
9 86 1
64 144 1
76 214 1
95 157 1
177 198 1
54 56 1
196 236 1
188 265 1
53 149 1
58 150 1
15 235 1
192 254 1
79 165 1
159 234 1
100 163 1
96 248 1
37 260 1
76 116 1
112 149 1
13 170 1
103 223 1
183 218 1
23 84 1
171 247 1
122 136 1
105 150 1
22 233 1
36 128 1
63 238 1
71 225 1
167 214 1
74 199 1
66 80 1
191 274 1
45 214 1
80 161 1
22 24 1
46 221 1
69 105 1
94 118 1
75 190 1
148 267 1
248 272 1
36 60 1
8 111 1
50 137 1
174 211 1
125 253 1
1 123 1
45 92 1
44 124 1
68 129 1
22 74 1
3 265 1
83 143 1
120 209 1
35 264 1
7 233 1
18 137 1
194 247 1
25 56 1
75 173 1
22 143 1
143 204 1
21 125 1
65 111 1
240 248 1
132 146 1
121 190 1
25 209 1
22 81 1
115 143 1
100 162 1
23 273 1
192 269 1
146 170 1
121 266 1
201 217 1
10 238 1
50 121 1
27 174 1
85 158 1
44 274 1
3 221 1
208 235 1
227 242 1
74 128 1
203 224 1
27 197 1
17 172 1
140 243 1
92 241 1
34 130 1
16 166 1
148 216 1
136 174 1
97 114 1
35 208 1
210 248 1
57 132 1
98 170 1
8 120 1
102 210 1
5 68 1
8 84 1
53 128 1
100 145 1
93 106 1
55 258 1
122 202 1
75 134 1
189 252 1
184 231 1
100 203 1
231 270 1
41 259 1
205 266 1
31 161 1
77 105 1
35 237 1
66 87 1
108 181 1
39 148 1
40 269 1
115 240 1
127 216 1
82 180 1
1 4 1
161 271 1
111 144 1
11 73 1
222 240 1
55 256 1
120 201 1
14 219 1
161 204 1
33 71 1
242 262 1
84 178 1
101 182 1
157 176 1
140 177 1
26 37 1
147 172 1
46 84 1
186 209 1
132 157 1
173 211 1
98 264 1
85 207 1
244 263 1
165 210 1
131 154 1
56 196 1
174 214 1
114 115 1
207 254 1
16 244 1
4 64 1
49 115 1
147 178 1
180 257 1
31 34 1
175 267 1
5 198 1
259 267 1
44 148 1
78 197 1
155 274 1
129 246 1
49 243 1
237 255 1
129 221 1
101 223 1
192 215 1
26 215 1
117 160 1
27 120 1
111 190 1
195 201 1
61 186 1
63 229 1
85 141 1
27 240 1
16 32 1
210 216 1
171 274 1
72 96 1
24 172 1
92 196 1
99 111 1
31 104 1
150 258 1
49 130 1
138 208 1
48 243 1
183 268 1
179 200 1
92 194 1
5 87 1
32 86 1
52 103 1
58 75 1
131 274 1
43 261 1
73 229 1
89 211 1
96 100 1
114 136 1
28 256 1
163 190 1
87 126 1
44 245 1
56 178 1
48 86 1
18 99 1
65 76 1
50 216 1
92 206 1
159 201 1
42 167 1
18 246 1
106 139 1
43 131 1
168 238 1
125 214 1
65 82 1
88 203 1
108 142 1
33 258 1
1 227 1
131 169 1
58 228 1
109 158 1
149 186 1
67 193 1
40 229 1
92 236 1
22 91 1
134 260 1
135 225 1
93 261 1
14 74 1
20 273 1
92 155 1
30 196 1
32 38 1
89 259 1
95 197 1
18 120 1
87 259 1
64 213 1
3 24 1
176 181 1
40 267 1
126 160 1
23 141 1
154 219 1
115 248 1
28 64 1
210 269 1
25 259 1
72 247 1
160 218 1
145 177 1
129 214 1
2 140 1
66 142 1
178 246 1
43 169 1
79 162 1
171 179 1
253 266 1
57 225 1
106 237 1
166 251 1
149 171 1
1 19 1
37 98 1
113 119 1
51 91 1
230 247 1
189 205 1
107 249 1
37 168 1
75 152 1
47 123 1
101 254 1
38 187 1
20 202 1
92 148 1
195 270 1
147 241 1
213 215 1
50 184 1
58 274 1
182 253 1
105 182 1
95 230 1
8 165 1
41 122 1
83 122 1
61 239 1
1 222 1
148 247 1
172 272 1
167 240 1
82 191 1
6 38 1
21 98 1
207 230 1
184 248 1
78 136 1
90 108 1
32 254 1
31 115 1
74 171 1
135 152 1
134 250 1
12 258 1
122 184 1
131 238 1
198 227 1
196 264 1
93 203 1
135 239 1
48 211 1
60 195 1
10 13 1
167 197 1
140 159 1
36 104 1
232 255 1
47 243 1
58 229 1
102 227 1
118 232 1
67 69 1
139 154 1
210 234 1
173 232 1
156 245 1
108 164 1
92 273 1
50 136 1
71 190 1
19 174 1
102 127 1
30 148 1
94 135 1
72 82 1
200 238 1
28 29 1
59 268 1
45 79 1
17 153 1
251 261 1
33 236 1
1 149 1
199 233 1
28 136 1
31 265 1
78 91 1
35 107 1
5 115 1
196 241 1
77 203 1
104 272 1
109 142 1
55 220 1
40 214 1
66 156 1
214 265 1
227 264 1
17 253 1
94 134 1
168 220 1
59 77 1
42 173 1
131 249 1
128 244 1
146 268 1
90 106 1
12 47 1
10 87 1
42 225 1
41 152 1
17 31 1
199 267 1
2 146 1
169 242 1
170 245 1
177 219 1
11 32 1
69 132 1
22 36 1
181 237 1
68 166 1
213 271 1
79 157 1
199 204 1
221 229 1
89 220 1
30 242 1
90 198 1
136 208 1
109 168 1
55 231 1
17 24 1
53 63 1
25 198 1
88 110 1
92 257 1
25 47 1
77 139 1
214 227 1
5 49 1
44 224 1
73 137 1
104 190 1
122 271 1
40 239 1
72 107 1
94 124 1
53 169 1
162 181 1
149 257 1
144 158 1
72 159 1
24 235 1
239 249 1
17 224 1
65 86 1
131 242 1
114 189 1
29 130 1
153 236 1
100 246 1
72 84 1
4 136 1
61 240 1
98 175 1
195 209 1
133 158 1
78 92 1
58 203 1
6 207 1
96 148 1
62 91 1
4 156 1
133 175 1
52 62 1
93 161 1
54 175 1
109 178 1
66 74 1
239 240 1
48 49 1
159 180 1
113 206 1
148 263 1
40 80 1
136 146 1
113 227 1
74 107 1
249 269 1
55 239 1
177 209 1
76 92 1
139 201 1
131 204 1
151 246 1
169 198 1
19 52 1
102 103 1
42 250 1
233 241 1
111 206 1
35 245 1
44 101 1
94 141 1
169 257 1
25 70 1
67 268 1
23 205 1
30 70 1
133 220 1
26 275 1
20 170 1
122 230 1
114 248 1
56 105 1
75 101 1
90 201 1
107 118 1
163 171 1
72 240 1
31 109 1
8 65 1
11 112 1
37 245 1
188 231 1
127 147 1
83 253 1
125 230 1
97 125 1
220 230 1
29 46 1
181 270 1
23 123 1
102 171 1
62 218 1
170 242 1
126 183 1
178 237 1
194 214 1
26 206 1
4 230 1
86 152 1
1 207 1
57 192 1
97 137 1
126 163 1
59 68 1
58 120 1
98 242 1
28 228 1
193 195 1
43 74 1
102 251 1
4 20 1
67 87 1
45 70 1
41 73 1
32 247 1
73 223 1
47 180 1
219 236 1
19 49 1
11 168 1
129 229 1
143 181 1
33 60 1
107 252 1
231 254 1
82 257 1
25 250 1
172 220 1
94 260 1
125 244 1
109 194 1
165 225 1
185 240 1
13 109 1
81 271 1
34 57 1
125 199 1
91 157 1
68 135 1
263 265 1
23 222 1
149 247 1
68 246 1
197 217 1
43 205 1
38 66 1
15 236 1
79 200 1
64 77 1
157 212 1
60 268 1
61 190 1
69 157 1
80 217 1
82 224 1
70 246 1
180 193 1
150 272 1
193 260 1
189 243 1
186 235 1
103 195 1
182 200 1
153 271 1
207 245 1
34 181 1
77 100 1
