1 4 3
1 149 3
1 176 3
1 207 3
2 146 3
3 24 3
3 138 3
3 223 3
4 121 3
4 207 3
4 270 3
5 26 3
5 49 3
5 133 3
5 225 3
5 239 3
5 251 3
6 43 3
6 80 3
6 98 3
6 256 3
7 189 3
7 233 3
8 35 3
8 245 3
8 285 3
8 298 3
9 86 3
11 271 3
12 249 3
13 198 3
13 289 3
13 301 3
14 77 3
15 99 3
15 129 3
15 220 3
15 236 3
16 126 3
17 20 3
17 153 3
17 158 3
17 237 3
18 62 3
18 120 3
19 139 3
19 177 3
19 197 3
20 62 3
21 125 3
21 272 3
22 36 3
22 78 3
22 91 3
22 157 3
22 214 3
22 249 3
22 253 3
22 276 3
23 26 3
23 222 3
25 56 3
25 123 3
25 210 3
26 156 3
26 275 3
27 135 3
27 174 3
28 136 3
28 249 3
28 276 3
29 46 3
29 195 3
30 59 3
30 196 3
31 104 3
31 161 3
31 249 3
31 265 3
32 153 3
32 252 3
33 71 3
33 101 3
33 181 3
33 189 3
33 192 3
33 236 3
35 107 3
35 165 3
35 208 3
35 245 3
36 104 3
36 112 3
36 210 3
36 293 3
37 236 3
39 80 3
39 230 3
39 280 3
40 58 3
40 175 3
40 222 3
40 258 3
41 73 3
41 140 3
41 212 3
41 252 3
41 270 3
42 139 3
42 158 3
42 225 3
42 250 3
43 131 3
43 204 3
44 101 3
44 124 3
44 139 3
44 171 3
44 249 3
45 79 3
45 214 3
46 74 3
46 206 3
46 221 3
47 123 3
47 180 3
47 243 3
50 137 3
50 216 3
50 259 3
52 180 3
53 54 3
53 63 3
53 73 3
53 124 3
53 149 3
54 56 3
54 101 3
54 111 3
55 102 3
55 183 3
56 153 3
56 265 3
57 132 3
58 178 3
58 228 3
58 229 3
58 248 3
59 148 3
59 211 3
60 135 3
61 91 3
61 225 3
61 240 3
61 302 3
62 177 3
62 218 3
63 108 3
63 238 3
64 174 3
64 205 3
64 213 3
64 300 3
65 86 3
65 156 3
66 74 3
66 87 3
66 142 3
66 156 3
67 133 3
67 173 3
68 96 3
68 135 3
68 204 3
68 236 3
69 127 3
70 246 3
71 190 3
71 231 3
71 278 3
72 84 3
72 96 3
72 110 3
72 159 3
72 215 3
72 223 3
72 240 3
72 250 3
73 223 3
73 255 3
73 259 3
74 158 3
74 171 3
75 152 3
75 166 3
75 268 3
76 116 3
77 132 3
77 139 3
77 227 3
77 273 3
78 91 3
78 102 3
78 119 3
78 136 3
78 194 3
78 224 3
79 200 3
79 244 3
79 252 3
80 217 3
81 207 3
81 270 3
82 225 3
83 222 3
83 238 3
83 253 3
84 107 3
84 178 3
84 199 3
84 214 3
84 225 3
84 253 3
85 141 3
85 205 3
86 277 3
87 253 3
88 187 3
88 203 3
89 100 3
89 216 3
89 220 3
89 227 3
91 157 3
91 264 3
92 148 3
92 236 3
92 241 3
92 262 3
92 298 3
93 95 3
93 199 3
93 203 3
93 252 3
93 261 3
94 121 3
94 135 3
94 143 3
94 197 3
94 260 3
95 153 3
95 157 3
95 184 3
96 116 3
96 231 3
96 248 3
96 296 3
97 157 3
98 103 3
98 170 3
98 202 3
99 137 3
99 233 3
100 211 3
100 238 3
100 246 3
100 248 3
101 231 3
101 254 3
101 270 3
102 149 3
102 227 3
104 119 3
104 126 3
105 182 3
106 189 3
107 133 3
107 169 3
107 248 3
107 249 3
108 164 3
108 181 3
109 150 3
109 152 3
109 158 3
109 178 3
110 224 3
110 250 3
110 255 3
111 205 3
111 206 3
111 237 3
112 126 3
112 191 3
112 229 3
112 268 3
113 289 3
114 157 3
114 248 3
114 251 3
115 290 3
117 153 3
117 160 3
117 271 3
118 200 3
118 287 3
119 291 3
120 235 3
121 125 3
121 164 3
121 190 3
121 226 3
121 265 3
122 184 3
122 230 3
122 257 3
122 280 3
123 276 3
124 259 3
125 157 3
125 160 3
125 214 3
126 200 3
127 135 3
127 170 3
128 256 3
128 269 3
129 196 3
131 249 3
131 274 3
132 220 3
133 175 3
133 245 3
134 155 3
134 164 3
134 207 3
135 152 3
135 161 3
136 228 3
138 140 3
139 140 3
139 191 3
139 219 3
141 243 3
141 259 3
143 186 3
143 203 3
143 219 3
143 272 3
144 158 3
144 240 3
145 284 3
146 213 3
146 268 3
147 221 3
148 160 3
148 265 3
148 267 3
149 198 3
149 214 3
149 235 3
150 272 3
151 179 3
151 287 3
152 179 3
152 270 3
155 274 3
156 289 3
157 176 3
158 267 3
159 180 3
159 201 3
160 203 3
160 218 3
160 275 3
160 292 3
161 237 3
161 271 3
162 181 3
162 226 3
162 259 3
162 300 3
163 190 3
163 286 3
164 221 3
164 285 3
165 167 3
165 210 3
165 225 3
167 177 3
167 299 3
168 220 3
168 264 3
169 187 3
169 242 3
170 245 3
171 179 3
171 247 3
172 220 3
173 211 3
177 185 3
177 219 3
177 259 3
178 243 3
179 220 3
179 228 3
179 234 3
179 244 3
181 270 3
182 190 3
186 229 3
186 254 3
189 252 3
190 193 3
191 274 3
191 279 3
193 299 3
195 201 3
197 230 3
197 251 3
197 262 3
198 214 3
199 263 3
202 246 3
203 211 3
203 248 3
203 298 3
204 262 3
207 230 3
207 236 3
207 254 3
208 225 3
208 300 3
210 269 3
211 267 3
212 248 3
212 263 3
213 215 3
213 250 3
213 271 3
214 299 3
215 260 3
216 237 3
218 284 3
219 236 3
220 230 3
220 281 3
225 271 3
226 260 3
232 255 3
232 285 3
233 278 3
234 273 3
235 292 3
236 298 3
237 255 3
238 248 3
238 266 3
239 240 3
241 275 3
242 261 3
243 296 3
244 267 3
254 287 3
263 265 3
263 268 3
269 282 3
104 198 3
133 216 3
21 37 3
218 257 3
131 263 3
108 305 3
20 123 3
231 254 3
78 255 3
112 329 3
82 246 3
46 242 3
178 179 3
107 256 3
224 240 3
28 293 3
107 300 3
283 329 3
48 105 3
133 213 3
185 272 3
195 291 3
116 228 3
189 305 3
221 291 3
221 292 3
134 266 3
201 231 3
32 227 3
155 192 3
102 119 3
145 152 3
68 69 3
16 93 3
115 148 3
225 307 3
1 88 3
228 265 3
42 123 3
1 200 3
8 262 3
292 315 3
161 194 3
214 225 3
36 55 3
84 93 3
137 235 3
125 238 3
173 303 3
5 217 3
110 320 3
311 320 3
117 164 3
135 159 3
205 254 3
54 160 3
39 262 3
36 123 3
199 249 3
15 174 3
99 284 3
8 186 3
1 11 3
132 223 3
183 269 3
148 171 3
46 298 3
2 78 3
209 213 3
1 160 3
134 239 3
54 63 3
90 278 3
64 105 3
120 258 3
157 210 3
11 218 3
137 138 3
189 273 3
124 281 3
96 125 3
90 214 3
141 291 3
91 270 3
91 170 3
145 270 3
324 329 3
127 194 3
1 232 3
177 258 3
19 254 3
55 156 3
192 264 3
204 213 3
48 161 3
92 247 3
128 176 3
101 237 3
7 111 3
17 174 3
31 280 3
161 196 3
274 288 3
57 274 3
107 154 3
45 120 3
75 174 3
200 258 3
285 332 3
49 252 3
161 296 3
11 256 3
11 111 3
17 160 3
221 253 3
34 89 3
114 204 3
145 204 3
69 261 3
7 175 3
2 126 3
76 219 3
6 219 3
1 92 3
6 49 3
11 86 3
264 274 3
9 275 3
89 304 3
113 211 3
244 261 3
132 201 3
26 72 3
14 197 3
203 252 3
109 173 3
247 248 3
54 248 3
168 253 3
145 178 3
76 137 3
263 320 3
17 191 3
240 262 3
141 199 3
20 128 3
140 304 3
259 329 3
123 132 3
263 303 3
39 245 3
144 160 3
285 311 3
67 278 3
203 222 3
21 72 3
190 289 3
40 263 3
129 197 3
100 136 3
71 176 3
103 276 3
75 320 3
145 250 3
58 297 3
108 288 3
137 160 3
7 270 3
73 205 3
94 216 3
156 195 3
166 304 3
16 113 3
11 229 3
110 144 3
32 240 3
101 307 3
10 88 3
74 301 3
257 266 3
51 212 3
108 293 3
291 299 3
45 163 3
180 291 3
153 257 3
10 256 3
125 288 3
25 55 3
88 184 3
85 215 3
185 327 3
110 256 3
272 330 3
116 330 3
183 300 3
144 247 3
75 205 3
30 120 3
288 321 3
212 219 3
141 142 3
185 221 3
97 165 3
200 240 3
252 324 3
3 247 3
112 176 3
35 170 3
29 87 3
150 212 3
55 64 3
129 275 3
188 224 3
143 168 3
55 212 3
273 274 3
82 116 3
45 213 3
246 284 3
166 332 3
2 275 3
38 332 3
33 169 3
62 324 3
61 176 3
193 230 3
44 135 3
26 232 3
194 278 3
158 294 3
168 236 3
18 283 3
62 317 3
83 151 3
14 83 3
208 316 3
84 235 3
37 166 3
71 77 3
98 166 3
138 210 3
63 181 3
89 264 3
209 332 3
202 294 3
37 286 3
197 303 3
101 239 3
285 322 3
218 251 3
154 324 3
13 327 3
56 178 3
31 47 3
48 255 3
212 312 3
195 257 3
80 108 3
80 283 3
72 317 3
28 157 3
161 266 3
113 177 3
16 175 3
166 250 3
89 262 3
65 81 3
28 111 3
111 282 3
79 242 3
181 255 3
24 260 3
31 226 3
7 267 3
297 299 3
124 324 3
43 284 3
140 258 3
20 316 3
155 233 3
186 243 3
83 186 3
110 307 3
5 296 3
294 311 3
159 167 3
190 217 3
86 167 3
13 84 3
101 300 3
224 231 3
274 292 3
96 137 3
1 331 3
155 156 3
232 261 3
234 317 3
114 292 3
11 330 3
216 321 3
291 302 3
67 95 3
152 160 3
163 261 3
84 281 3
130 315 3
9 173 3
176 268 3
145 176 3
221 266 3
85 250 3
69 234 3
183 238 3
113 248 3
100 249 3
156 310 3
218 222 3
45 73 3
253 294 3
45 127 3
177 202 3
42 279 3
42 185 3
229 250 3
82 217 3
54 58 3
87 126 3
208 324 3
228 320 3
240 327 3
236 315 3
42 305 3
205 297 3
6 166 3
133 217 3
86 210 3
157 309 3
47 81 3
195 198 3
3 330 3
277 307 3
283 308 3
101 183 3
274 328 3
91 101 3
243 246 3
84 135 3
287 288 3
19 293 3
41 235 3
93 250 3
241 321 3
207 326 3
69 112 3
70 319 3
34 266 3
9 293 3
216 313 3
77 112 3
202 229 3
139 178 3
115 181 3
70 193 3
56 211 3
30 96 3
33 42 3
193 265 3
30 179 3
18 68 3
57 290 3
256 323 3
217 322 3
125 251 3
30 117 3
13 201 3
231 298 3
14 71 3
66 263 3
3 121 3
32 61 3
14 136 3
69 325 3
126 274 3
113 247 3
124 291 3
135 169 3
34 78 3
271 284 3
55 202 3
71 234 3
52 68 3
138 288 3
22 317 3
319 321 3
49 62 3
198 270 3
262 314 3
108 186 3
20 203 3
82 220 3
57 143 3
176 216 3
134 154 3
47 256 3
200 208 3
275 326 3
201 252 3
1 236 3
222 321 3
223 284 3
37 160 3
69 271 3
10 254 3
46 212 3
265 273 3
3 293 3
176 241 3
178 295 3
144 249 3
125 218 3
12 131 3
263 319 3
319 331 3
86 141 3
228 307 3
12 264 3
56 80 3
65 202 3
1 247 3
193 196 3
77 99 3
195 260 3
172 292 3
89 222 3
23 27 3
34 133 3
77 119 3
216 327 3
26 302 3
135 332 3
117 146 3
172 183 3
145 304 3
218 272 3
237 257 3
16 39 3
164 187 3
250 305 3
273 275 3
75 331 3
306 327 3
110 114 3
139 321 3
124 331 3
58 115 3
161 189 3
2 207 3
132 282 3
66 270 3
221 243 3
174 236 3
257 281 3
11 119 3
229 285 3
59 147 3
280 284 3
141 313 3
61 129 3
39 311 3
96 172 3
14 29 3
176 220 3
282 308 3
15 169 3
245 310 3
6 177 3
46 133 3
143 262 3
78 164 3
16 222 3
215 224 3
173 284 3
154 195 3
233 332 3
52 172 3
65 248 3
92 120 3
69 284 3
41 67 3
3 231 3
18 180 3
70 236 3
145 165 3
213 308 3
148 162 3
197 305 3
30 289 3
144 256 3
30 255 3
44 82 3
14 211 3
133 146 3
18 222 3
121 288 3
58 124 3
106 327 3
9 223 3
35 64 3
93 196 3
11 126 3
40 226 3
2 69 3
32 103 3
146 244 3
33 257 3
178 277 3
166 310 3
98 195 3
42 172 3
141 147 3
31 86 3
76 150 3
65 88 3
13 326 3
10 276 3
119 155 3
6 224 3
72 135 3
71 104 3
15 311 3
201 288 3
181 316 3
142 306 3
114 155 3
208 241 3
145 283 3
129 310 3
39 242 3
123 300 3
161 185 3
42 88 3
201 265 3
93 192 3
163 319 3
215 218 3
84 98 3
93 198 3
66 67 3
7 141 3
180 214 3
244 301 3
85 278 3
40 43 3
82 188 3
10 292 3
51 243 3
59 236 3
142 223 3
105 142 3
27 239 3
40 108 3
94 104 3
105 110 3
235 284 3
123 243 3
115 327 3
69 155 3
176 289 3
66 135 3
102 269 3
97 172 3
160 239 3
233 301 3
260 263 3
39 127 3
219 230 3
52 323 3
259 286 3
90 195 3
309 329 3
4 65 3
131 293 3
160 287 3
258 294 3
20 194 3
36 315 3
63 285 3
186 274 3
205 283 3
33 78 3
163 251 3
214 307 3
154 161 3
23 88 3
84 243 3
166 252 3
68 302 3
126 227 3
256 304 3
108 196 3
85 91 3
38 231 3
73 173 3
23 143 3
95 297 3
100 127 3
265 327 3
93 260 3
15 68 3
36 230 3
18 287 3
63 85 3
189 256 3
180 231 3
7 160 3
43 244 3
17 273 3
9 201 3
33 263 3
31 329 3
25 51 3
123 289 3
45 303 3
32 50 3
85 317 3
255 261 3
291 323 3
214 259 3
99 158 3
178 313 3
23 84 3
10 20 3
210 216 3
28 248 3
