21 181 1
10 265 1
191 244 1
252 273 1
59 192 1
142 203 1
73 144 1
8 233 1
25 64 1
100 216 1
251 255 1
148 183 1
146 230 1
56 222 1
194 201 1
99 108 1
99 250 1
108 219 1
105 165 1
73 101 1
21 275 1
242 246 1
144 249 1
80 168 1
21 189 1
144 168 1
148 169 1
75 254 1
39 174 1
186 240 1
19 244 1
68 215 1
47 268 1
34 163 1
152 235 1
49 134 1
235 252 1
171 255 1
102 251 1
15 24 1
167 271 1
20 182 1
60 134 1
251 273 1
92 152 1
31 79 1
96 223 1
136 229 1
105 256 1
95 267 1
31 206 1
201 243 1
62 70 1
85 176 1
48 236 1
20 252 1
188 219 1
30 217 1
40 213 1
2 8 1
232 241 1
38 214 1
179 267 1
36 74 1
168 248 1
155 179 1
147 251 1
37 81 1
93 133 1
122 205 1
58 250 1
1 224 1
39 253 1
94 231 1
67 95 1
185 238 1
153 203 1
106 123 1
21 196 1
19 268 1
197 240 1
148 215 1
105 220 1
129 189 1
127 237 1
119 171 1
219 253 1
168 172 1
74 265 1
17 123 1
86 237 1
164 201 1
48 115 1
135 147 1
165 243 1
4 208 1
28 238 1
24 183 1
9 152 1
123 248 1
91 155 1
18 132 1
187 189 1
25 260 1
24 179 1
1 140 1
109 202 1
100 180 1
51 126 1
94 234 1
92 115 1
55 178 1
19 78 1
28 114 1
86 107 1
150 261 1
167 177 1
118 240 1
19 81 1
136 224 1
42 101 1
28 152 1
56 179 1
30 127 1
107 238 1
198 275 1
54 229 1
129 247 1
131 242 1
237 274 1
53 148 1
100 106 1
192 217 1
70 149 1
112 170 1
9 153 1
37 147 1
51 180 1
92 184 1
75 232 1
108 146 1
99 150 1
3 38 1
70 168 1
221 245 1
7 22 1
106 245 1
4 161 1
73 199 1
35 186 1
71 242 1
64 113 1
107 121 1
40 199 1
29 148 1
51 150 1
24 255 1
17 26 1
27 247 1
62 148 1
192 220 1
162 169 1
172 202 1
2 199 1
110 121 1
188 239 1
57 251 1
164 228 1
96 268 1
1 239 1
113 140 1
51 272 1
76 137 1
40 165 1
48 103 1
187 239 1
47 232 1
2 125 1
5 78 1
125 126 1
38 187 1
88 120 1
40 166 1
8 261 1
123 184 1
139 201 1
189 236 1
74 249 1
238 265 1
13 37 1
199 218 1
141 152 1
31 155 1
36 266 1
108 268 1
160 171 1
124 183 1
15 73 1
40 175 1
210 224 1
22 73 1
26 257 1
99 262 1
107 128 1
119 213 1
41 155 1
69 194 1
21 225 1
99 163 1
206 260 1
21 155 1
62 101 1
144 268 1
11 184 1
167 221 1
9 188 1
18 34 1
47 156 1
8 221 1
149 200 1
67 101 1
269 273 1
17 92 1
153 160 1
175 191 1
152 174 1
130 194 1
140 144 1
35 254 1
237 262 1
100 132 1
146 172 1
12 180 1
23 172 1
126 171 1
96 103 1
89 115 1
8 100 1
58 136 1
160 232 1
203 210 1
108 209 1
129 252 1
107 226 1
163 187 1
139 246 1
43 142 1
9 207 1
184 199 1
201 255 1
227 231 1
28 222 1
4 193 1
229 250 1
139 266 1
206 218 1
77 190 1
152 205 1
43 102 1
83 189 1
159 165 1
85 221 1
107 177 1
100 168 1
147 167 1
177 274 1
204 250 1
51 207 1
141 222 1
41 223 1
42 118 1
138 193 1
57 199 1
112 171 1
139 212 1
147 237 1
21 201 1
65 68 1
177 234 1
79 88 1
63 232 1
7 54 1
91 229 1
95 105 1
22 37 1
78 194 1
139 208 1
147 215 1
194 265 1
128 203 1
75 131 1
28 89 1
33 275 1
176 245 1
57 266 1
100 254 1
119 138 1
73 153 1
228 257 1
44 141 1
156 237 1
19 96 1
119 170 1
110 159 1
45 163 1
112 129 1
224 263 1
38 193 1
163 181 1
19 250 1
5 93 1
34 156 1
42 260 1
85 168 1
48 125 1
47 220 1
93 218 1
53 216 1
128 253 1
15 90 1
174 201 1
20 274 1
58 188 1
192 227 1
43 238 1
119 122 1
2 12 1
54 152 1
138 196 1
138 263 1
61 243 1
84 186 1
24 153 1
5 115 1
153 204 1
172 203 1
6 68 1
70 202 1
2 118 1
21 116 1
20 37 1
48 234 1
21 263 1
159 253 1
183 268 1
23 28 1
53 258 1
83 90 1
159 204 1
36 239 1
12 132 1
14 116 1
42 80 1
83 233 1
36 255 1
72 74 1
184 274 1
20 119 1
171 249 1
55 231 1
229 241 1
18 258 1
211 224 1
246 252 1
152 216 1
159 160 1
227 274 1
173 183 1
40 255 1
75 141 1
214 234 1
146 233 1
122 141 1
129 170 1
60 114 1
79 125 1
165 259 1
249 252 1
84 102 1
223 235 1
42 106 1
146 271 1
104 168 1
53 143 1
24 70 1
134 217 1
8 239 1
7 91 1
96 256 1
95 176 1
32 177 1
50 196 1
37 175 1
120 173 1
2 120 1
43 231 1
102 226 1
65 205 1
18 224 1
42 64 1
151 224 1
5 119 1
107 260 1
123 231 1
6 60 1
195 248 1
92 180 1
58 92 1
47 88 1
66 101 1
42 149 1
143 270 1
36 95 1
37 252 1
136 187 1
17 200 1
31 182 1
154 273 1
109 189 1
125 272 1
191 266 1
48 97 1
160 188 1
105 124 1
111 205 1
136 190 1
61 124 1
155 159 1
156 191 1
16 135 1
211 254 1
33 161 1
186 241 1
31 158 1
154 171 1
155 162 1
221 251 1
105 209 1
38 40 1
27 229 1
120 143 1
39 243 1
193 203 1
3 235 1
15 108 1
87 251 1
160 225 1
68 124 1
6 222 1
98 117 1
36 130 1
155 256 1
88 257 1
86 174 1
3 191 1
77 122 1
116 210 1
14 241 1
120 185 1
170 249 1
101 134 1
133 236 1
256 260 1
28 83 1
2 138 1
173 199 1
8 231 1
30 265 1
43 115 1
40 45 1
182 268 1
43 116 1
108 160 1
130 170 1
5 103 1
15 64 1
73 203 1
64 250 1
53 154 1
146 190 1
156 221 1
40 239 1
176 268 1
29 96 1
220 260 1
17 166 1
60 213 1
7 197 1
96 136 1
243 252 1
31 115 1
42 267 1
241 255 1
32 257 1
120 127 1
98 152 1
213 224 1
125 191 1
97 206 1
67 220 1
193 236 1
130 232 1
115 172 1
145 204 1
127 171 1
118 121 1
79 112 1
36 58 1
17 230 1
226 242 1
20 64 1
102 244 1
2 169 1
84 245 1
189 265 1
150 183 1
26 258 1
75 189 1
117 250 1
13 216 1
91 96 1
53 131 1
7 25 1
148 266 1
44 232 1
55 210 1
12 208 1
103 256 1
168 245 1
42 46 1
152 224 1
176 217 1
23 27 1
59 118 1
5 223 1
58 100 1
190 262 1
107 214 1
131 145 1
82 253 1
136 175 1
186 187 1
167 220 1
44 112 1
89 136 1
30 164 1
37 205 1
105 211 1
40 109 1
113 205 1
139 263 1
53 89 1
72 126 1
144 271 1
203 225 1
102 248 1
160 237 1
58 164 1
63 169 1
173 198 1
86 226 1
4 207 1
112 174 1
103 247 1
101 262 1
66 90 1
93 192 1
60 138 1
65 88 1
60 161 1
43 274 1
83 96 1
23 56 1
15 224 1
64 85 1
23 187 1
119 199 1
15 242 1
27 115 1
228 268 1
144 181 1
43 85 1
80 172 1
240 259 1
109 178 1
115 204 1
170 260 1
104 151 1
65 270 1
17 214 1
240 252 1
95 195 1
86 163 1
66 213 1
77 165 1
59 257 1
34 143 1
113 176 1
36 192 1
25 230 1
213 221 1
105 198 1
85 116 1
73 262 1
150 164 1
4 126 1
5 75 1
97 167 1
34 160 1
233 236 1
168 198 1
95 108 1
147 187 1
98 103 1
60 204 1
4 272 1
109 149 1
71 264 1
70 144 1
128 219 1
8 184 1
69 188 1
42 82 1
79 118 1
75 188 1
150 230 1
201 232 1
144 257 1
73 231 1
132 246 1
127 159 1
5 33 1
76 112 1
173 181 1
25 96 1
4 125 1
32 70 1
191 265 1
112 146 1
63 259 1
211 214 1
167 212 1
71 139 1
35 211 1
26 158 1
62 219 1
9 224 1
94 120 1
24 266 1
25 119 1
26 168 1
76 274 1
96 189 1
66 84 1
49 59 1
146 269 1
139 235 1
30 224 1
90 207 1
106 186 1
145 266 1
134 238 1
34 110 1
12 106 1
29 273 1
27 37 1
9 225 1
15 92 1
92 150 1
216 238 1
21 79 1
197 210 1
81 103 1
48 158 1
186 264 1
56 233 1
91 254 1
170 241 1
1 275 1
129 181 1
149 165 1
99 207 1
23 51 1
142 265 1
49 205 1
104 221 1
161 177 1
155 241 1
38 156 1
67 165 1
122 178 1
33 122 1
16 89 1
89 273 1
3 168 1
146 193 1
45 77 1
16 95 1
158 251 1
177 236 1
217 239 1
122 124 1
242 274 1
131 191 1
93 217 1
215 253 1
66 125 1
107 275 1
32 274 1
2 177 1
46 192 1
84 131 1
17 258 1
241 253 1
159 205 1
6 71 1
188 205 1
159 171 1
63 74 1
4 27 1
43 156 1
167 218 1
98 202 1
43 129 1
197 200 1
119 190 1
172 194 1
56 265 1
60 275 1
205 213 1
124 248 1
187 252 1
3 198 1
67 240 1
158 162 1
8 256 1
88 203 1
12 261 1
45 124 1
157 242 1
110 234 1
8 102 1
91 180 1
57 215 1
27 152 1
151 261 1
1 237 1
62 198 1
5 117 1
39 151 1
166 198 1
8 253 1
125 269 1
125 142 1
175 190 1
92 149 1
