84 294 5
58 368 5
105 335 5
215 330 5
147 361 5
61 264 5
13 69 5
193 291 5
250 291 5
131 362 5
308 328 5
42 119 5
350 386 5
82 83 5
40 317 5
123 157 5
209 287 5
162 387 5
221 377 5
367 388 5
8 120 5
93 302 5
188 264 5
151 359 5
112 319 5
39 281 5
71 225 5
153 282 5
20 235 5
35 59 5
223 265 5
31 255 5
15 150 5
89 370 5
63 75 5
7 71 5
194 308 5
54 236 5
171 193 5
277 282 5
111 229 5
7 393 5
144 299 5
318 362 5
51 396 5
273 377 5
230 259 5
8 376 5
63 317 5
49 380 5
129 210 5
76 122 5
35 357 5
202 278 5
77 149 5
232 332 5
296 305 5
275 338 5
39 371 5
162 192 5
167 366 5
33 296 5
68 81 5
376 384 5
24 216 5
25 34 5
152 228 5
173 259 5
46 184 5
4 209 5
39 195 5
7 171 5
6 344 5
235 314 5
205 351 5
73 311 5
213 318 5
293 391 5
205 269 5
302 316 5
139 302 5
129 146 5
69 385 5
264 277 5
57 60 5
66 388 5
227 394 5
81 344 5
66 109 5
177 387 5
15 323 5
333 369 5
207 358 5
74 224 5
211 234 5
48 208 5
21 176 5
25 162 5
232 289 5
38 291 5
97 345 5
244 356 5
35 89 5
186 271 5
34 174 5
188 256 5
28 223 5
192 235 5
87 252 5
157 308 5
27 370 5
364 390 5
202 389 5
105 151 5
261 349 5
365 395 5
21 357 5
118 207 5
64 129 5
60 302 5
98 388 5
125 161 5
25 282 5
31 132 5
11 111 5
80 288 5
37 324 5
141 312 5
364 384 5
3 15 5
82 296 5
325 367 5
173 175 5
114 303 5
173 236 5
5 276 5
109 159 5
39 203 5
133 233 5
202 316 5
353 395 5
124 208 5
179 263 5
170 350 5
65 181 5
30 147 5
278 389 5
174 392 5
252 299 5
127 346 5
103 304 5
105 235 5
39 214 5
9 55 5
281 325 5
256 348 5
52 276 5
154 210 5
303 396 5
83 158 5
59 261 5
119 302 5
137 292 5
292 388 5
189 309 5
164 186 5
83 92 5
268 296 5
130 277 5
22 83 5
200 351 5
29 147 5
74 255 5
356 376 5
185 249 5
130 381 5
30 44 5
171 253 5
62 394 5
240 255 5
42 97 5
17 125 5
189 285 5
92 318 5
114 233 5
72 104 5
136 173 5
209 250 5
26 204 5
183 275 5
313 388 5
104 327 5
14 96 5
7 356 5
157 194 5
261 272 5
291 350 5
151 396 5
159 233 5
137 140 5
212 272 5
79 240 5
56 88 5
82 287 5
69 364 5
28 351 5
53 354 5
53 66 5
7 48 5
72 278 5
4 274 5
148 236 5
215 354 5
258 386 5
197 373 5
317 395 5
7 306 5
136 395 5
354 394 5
217 356 5
21 317 5
146 378 5
102 269 5
211 316 5
182 283 5
127 265 5
84 359 5
311 362 5
18 298 5
168 343 5
214 234 5
294 331 5
138 397 5
28 203 5
317 349 5
41 158 5
207 232 5
172 186 5
309 397 5
89 159 5
23 351 5
215 308 5
106 248 5
76 291 5
130 338 5
90 223 5
19 363 5
172 188 5
14 288 5
363 375 5
203 204 5
75 106 5
82 261 5
277 390 5
35 256 5
150 278 5
36 130 5
257 308 5
146 356 5
292 383 5
71 348 5
187 382 5
89 374 5
153 176 5
199 261 5
135 210 5
74 284 5
155 241 5
143 189 5
70 217 5
38 296 5
19 24 5
147 276 5
101 332 5
20 386 5
65 368 5
56 251 5
20 217 5
172 296 5
64 155 5
42 273 5
115 363 5
156 275 5
270 371 5
62 158 5
30 113 5
131 195 5
53 341 5
5 56 5
98 114 5
41 251 5
137 169 5
100 156 5
57 67 5
121 401 5
41 222 5
65 256 5
156 220 5
97 129 5
327 375 5
120 292 5
17 177 5
133 255 5
145 319 5
185 352 5
160 168 5
25 340 5
82 388 5
5 387 5
275 299 5
100 339 5
153 255 5
231 354 5
23 92 5
216 349 5
138 179 5
140 314 5
268 345 5
12 240 5
190 262 5
28 269 5
21 367 5
8 367 5
44 47 5
66 394 5
165 342 5
94 331 5
91 160 5
113 119 5
6 324 5
185 346 5
119 124 5
289 358 5
150 208 5
76 147 5
240 250 5
114 289 5
160 247 5
313 332 5
152 272 5
76 154 5
37 240 5
156 314 5
309 352 5
157 161 5
17 41 5
101 159 5
214 389 5
20 115 5
210 334 5
59 168 5
173 281 5
91 347 5
112 277 5
75 336 5
220 224 5
89 257 5
1 62 5
84 85 5
317 382 5
21 241 5
13 334 5
146 179 5
1 367 5
238 283 5
5 372 5
13 216 5
358 359 5
69 307 5
53 307 5
3 199 5
91 276 5
54 337 5
164 210 5
94 145 5
125 334 5
57 238 5
89 347 5
19 275 5
127 185 5
97 374 5
262 387 5
218 313 5
291 344 5
323 359 5
343 362 5
120 218 5
124 246 5
226 361 5
54 392 5
177 178 5
86 325 5
308 343 5
174 254 5
33 300 5
5 37 5
298 397 5
381 391 5
6 115 5
145 270 5
284 401 5
119 178 5
173 375 5
36 71 5
89 334 5
61 182 5
57 339 5
245 267 5
113 399 5
98 103 5
11 134 5
79 181 5
104 170 5
131 291 5
248 400 5
34 320 5
212 356 5
110 127 5
145 185 5
190 197 5
258 306 5
244 371 5
309 314 5
160 385 5
20 257 5
86 104 5
63 266 5
239 255 5
108 386 5
27 128 5
56 161 5
10 347 5
44 55 5
210 228 5
5 200 5
16 104 5
58 262 5
19 175 5
179 367 5
58 158 5
107 316 5
169 234 5
88 254 5
6 361 5
145 206 5
59 273 5
4 367 5
9 356 5
59 164 5
310 331 5
168 398 5
29 106 5
55 125 5
93 276 5
105 303 5
8 223 5
56 92 5
250 345 5
216 328 5
32 377 5
35 133 5
98 304 5
38 331 5
169 179 5
93 160 5
98 334 5
157 204 5
34 284 5
328 382 5
302 376 5
85 270 5
176 309 5
230 325 5
120 212 5
157 168 5
243 289 5
202 219 5
58 240 5
148 309 5
7 314 5
68 178 5
224 246 5
279 381 5
106 380 5
153 259 5
15 280 5
21 260 5
18 263 5
54 89 5
229 318 5
71 222 5
22 278 5
289 335 5
108 334 5
315 341 5
20 382 5
190 265 5
169 277 5
54 215 5
145 220 5
98 279 5
232 300 5
29 94 5
190 390 5
147 217 5
179 368 5
55 360 5
62 247 5
61 395 5
27 376 5
6 46 5
28 195 5
305 311 5
35 197 5
30 254 5
14 309 5
23 245 5
125 280 5
268 338 5
157 387 5
156 165 5
115 196 5
219 257 5
33 280 5
59 324 5
1 254 5
105 281 5
87 196 5
257 303 5
287 356 5
229 369 5
267 324 5
213 218 5
47 222 5
84 106 5
50 239 5
246 270 5
87 353 5
174 386 5
38 96 5
116 291 5
97 220 5
244 365 5
172 379 5
334 339 5
130 166 5
301 396 5
162 185 5
212 281 5
6 368 5
55 386 5
206 254 5
230 373 5
146 341 5
287 378 5
2 314 5
82 341 5
256 294 5
118 272 5
26 56 5
156 204 5
176 294 5
54 223 5
34 361 5
38 335 5
73 319 5
165 351 5
137 245 5
180 257 5
138 355 5
267 306 5
139 245 5
21 32 5
138 172 5
198 376 5
178 266 5
159 353 5
25 174 5
285 385 5
218 280 5
21 25 5
209 259 5
52 375 5
153 395 5
20 308 5
212 291 5
101 286 5
129 379 5
205 300 5
116 179 5
53 169 5
28 120 5
53 211 5
95 367 5
36 318 5
130 385 5
265 342 5
316 388 5
53 389 5
140 368 5
72 102 5
29 252 5
203 380 5
6 7 5
195 351 5
119 258 5
247 285 5
130 311 5
9 349 5
118 297 5
339 353 5
247 279 5
217 306 5
266 277 5
78 358 5
101 244 5
94 179 5
53 129 5
145 208 5
59 94 5
1 389 5
285 321 5
195 345 5
49 354 5
17 215 5
70 152 5
369 389 5
103 257 5
40 293 5
133 322 5
48 117 5
94 369 5
141 295 5
20 358 5
102 151 5
123 175 5
7 138 5
82 94 5
215 274 5
34 87 5
176 304 5
272 312 5
13 163 5
125 332 5
120 242 5
213 379 5
191 209 5
106 228 5
147 207 5
270 379 5
54 115 5
220 349 5
269 294 5
107 375 5
9 52 5
149 363 5
280 384 5
47 79 5
109 172 5
82 228 5
85 133 5
112 293 5
291 323 5
142 192 5
83 222 5
30 357 5
41 297 5
147 323 5
46 271 5
91 228 5
8 107 5
74 127 5
182 258 5
11 298 5
82 382 5
143 266 5
65 346 5
137 155 5
206 324 5
288 378 5
5 144 5
257 390 5
302 384 5
75 171 5
28 303 5
6 81 5
235 338 5
204 261 5
342 348 5
90 258 5
202 279 5
33 227 5
10 104 5
28 388 5
63 171 5
51 392 5
100 365 5
106 174 5
133 207 5
140 148 5
228 314 5
4 237 5
22 257 5
17 352 5
18 369 5
226 244 5
235 401 5
19 27 5
81 294 5
270 358 5
204 369 5
309 321 5
200 215 5
34 113 5
25 339 5
155 262 5
170 317 5
11 232 5
25 248 5
42 362 5
186 215 5
287 358 5
48 93 5
128 255 5
331 342 5
295 335 5
181 311 5
23 133 5
143 215 5
120 148 5
36 297 5
127 317 5
46 342 5
55 334 5
85 265 5
220 357 5
132 204 5
13 333 5
27 130 5
97 335 5
245 361 5
165 277 5
163 340 5
131 307 5
202 310 5
166 299 5
284 329 5
47 239 5
363 366 5
299 380 5
122 271 5
147 339 5
258 276 5
37 191 5
44 397 5
107 321 5
45 233 5
138 155 5
64 176 5
12 13 5
12 362 5
272 370 5
58 331 5
36 309 5
30 301 5
226 380 5
28 125 5
236 358 5
72 273 5
116 147 5
327 341 5
35 173 5
43 189 5
291 383 5
325 394 5
304 358 5
77 272 5
134 228 5
209 274 5
173 243 5
221 311 5
70 338 5
305 345 5
15 294 5
112 249 5
130 189 5
110 237 5
33 153 5
87 98 5
42 94 5
17 153 5
51 229 5
351 361 5
233 363 5
158 277 5
77 140 5
96 219 5
112 149 5
41 196 5
43 199 5
1 226 5
304 335 5
8 310 5
6 86 5
95 201 5
100 247 5
217 223 5
74 177 5
108 172 5
2 81 5
56 231 5
141 151 5
121 290 5
316 335 5
2 206 5
31 227 5
206 334 5
187 234 5
14 392 5
108 193 5
191 365 5
26 80 5
29 256 5
8 353 5
7 30 5
244 311 5
31 231 5
205 237 5
206 346 5
41 48 5
105 319 5
10 382 5
67 105 5
370 401 5
247 264 5
5 272 5
190 343 5
115 270 5
66 291 5
277 394 5
146 260 5
236 376 5
39 290 5
284 307 5
317 325 5
93 355 5
7 315 5
91 102 5
73 175 5
59 319 5
37 63 5
262 379 5
48 325 5
215 247 5
187 195 5
207 332 5
114 126 5
87 379 5
225 261 5
140 394 5
19 257 5
171 306 5
79 98 5
243 261 5
253 393 5
233 289 5
93 127 5
51 339 5
140 257 5
265 399 5
124 143 5
249 329 5
256 306 5
79 336 5
239 401 5
167 291 5
18 268 5
188 337 5
270 347 5
29 271 5
261 334 5
59 232 5
169 353 5
109 164 5
45 98 5
162 221 5
162 260 5
114 141 5
75 140 5
50 265 5
147 228 5
216 237 5
94 152 5
23 112 5
51 93 5
25 383 5
286 311 5
156 335 5
53 265 5
171 223 5
4 382 5
42 241 5
165 256 5
26 377 5
2 291 5
25 149 5
190 241 5
283 385 5
7 392 5
67 156 5
48 130 5
40 253 5
7 333 5
46 57 5
216 344 5
353 398 5
66 219 5
56 237 5
262 321 5
31 323 5
56 224 5
12 70 5
126 296 5
359 368 5
33 205 5
113 335 5
37 153 5
46 157 5
116 164 5
59 286 5
237 380 5
55 270 5
303 364 5
222 325 5
224 356 5
120 143 5
10 285 5
131 305 5
83 97 5
287 335 5
46 202 5
293 354 5
10 155 5
109 270 5
174 395 5
152 401 5
54 230 5
20 131 5
89 345 5
25 386 5
240 372 5
104 381 5
124 307 5
206 357 5
3 290 5
164 277 5
7 56 5
161 230 5
65 338 5
102 311 5
3 102 5
61 306 5
154 228 5
108 317 5
132 170 5
140 301 5
76 372 5
167 192 5
147 382 5
56 372 5
108 207 5
114 333 5
161 262 5
347 400 5
47 170 5
246 309 5
42 148 5
150 376 5
257 268 5
36 364 5
263 389 5
31 248 5
38 338 5
197 391 5
240 257 5
46 364 5
118 378 5
149 380 5
94 210 5
50 379 5
30 213 5
223 361 5
44 71 5
7 338 5
301 370 5
45 361 5
292 304 5
63 313 5
329 332 5
257 302 5
243 347 5
219 360 5
39 396 5
10 204 5
59 205 5
17 255 5
76 162 5
49 305 5
128 193 5
92 315 5
96 359 5
71 124 5
186 250 5
55 250 5
189 356 5
30 179 5
375 397 5
108 399 5
245 312 5
56 98 5
290 328 5
48 173 5
37 194 5
107 175 5
201 343 5
64 324 5
12 386 5
139 181 5
308 369 5
85 94 5
140 398 5
153 386 5
180 260 5
23 55 5
183 244 5
120 243 5
72 366 5
265 291 5
1 64 5
202 371 5
6 106 5
90 197 5
164 378 5
143 229 5
17 395 5
14 300 5
124 206 5
71 385 5
198 384 5
7 299 5
126 380 5
50 140 5
29 163 5
164 314 5
93 356 5
171 365 5
134 160 5
260 370 5
160 209 5
184 226 5
82 226 5
30 312 5
54 205 5
14 260 5
20 251 5
157 229 5
218 370 5
352 381 5
337 398 5
143 162 5
179 365 5
170 332 5
10 264 5
138 292 5
95 321 5
116 321 5
74 99 5
350 351 5
152 363 5
74 283 5
38 54 5
272 375 5
6 325 5
76 324 5
138 261 5
224 237 5
241 389 5
393 398 5
176 202 5
270 361 5
75 194 5
189 340 5
211 246 5
69 289 5
170 172 5
142 299 5
189 281 5
169 359 5
112 164 5
33 44 5
301 343 5
267 288 5
182 331 5
29 357 5
204 317 5
63 159 5
335 382 5
296 369 5
49 212 5
64 264 5
16 109 5
51 350 5
162 375 5
6 112 5
11 206 5
20 144 5
274 371 5
147 400 5
302 350 5
272 388 5
18 122 5
24 29 5
69 102 5
151 319 5
55 280 5
61 86 5
70 136 5
9 43 5
121 370 5
122 247 5
141 204 5
247 391 5
87 209 5
245 388 5
230 304 5
247 331 5
24 31 5
126 271 5
99 261 5
51 349 5
33 315 5
57 111 5
119 241 5
172 209 5
293 312 5
55 115 5
106 117 5
33 192 5
350 398 5
226 251 5
252 254 5
72 275 5
14 284 5
72 383 5
92 347 5
105 334 5
197 215 5
36 390 5
5 160 5
317 318 5
44 125 5
103 303 5
160 208 5
156 166 5
88 156 5
6 53 5
197 341 5
224 353 5
97 210 5
229 278 5
188 382 5
57 234 5
222 268 5
92 272 5
53 81 5
250 260 5
34 124 5
151 283 5
110 396 5
76 163 5
15 73 5
98 359 5
241 311 5
260 267 5
126 141 5
240 374 5
179 182 5
194 274 5
123 319 5
26 54 5
150 241 5
88 391 5
31 401 5
51 214 5
68 126 5
213 376 5
5 213 5
123 310 5
245 248 5
382 385 5
294 374 5
154 357 5
144 222 5
99 339 5
125 213 5
52 393 5
152 274 5
114 377 5
151 164 5
189 218 5
236 362 5
30 174 5
11 241 5
157 369 5
21 259 5
214 304 5
242 387 5
56 130 5
136 155 5
140 348 5
131 352 5
71 224 5
184 282 5
105 199 5
20 60 5
381 395 5
23 295 5
207 226 5
107 266 5
37 364 5
249 287 5
340 345 5
67 89 5
146 224 5
221 286 5
243 244 5
15 313 5
66 370 5
169 338 5
73 188 5
66 69 5
240 363 5
138 162 5
242 341 5
2 277 5
49 361 5
124 388 5
285 305 5
49 53 5
108 347 5
6 350 5
21 189 5
262 328 5
62 102 5
207 337 5
4 289 5
200 272 5
38 105 5
279 337 5
117 339 5
154 165 5
350 371 5
151 274 5
234 277 5
341 396 5
295 401 5
155 362 5
93 295 5
81 154 5
16 396 5
32 356 5
92 377 5
130 155 5
80 163 5
7 197 5
100 234 5
33 143 5
182 184 5
87 88 5
82 132 5
25 99 5
60 155 5
247 252 5
26 333 5
73 94 5
20 104 5
48 112 5
152 275 5
232 314 5
37 320 5
100 209 5
132 225 5
79 351 5
38 388 5
165 191 5
192 337 5
288 346 5
68 139 5
93 265 5
9 70 5
162 259 5
185 380 5
273 337 5
185 253 5
240 362 5
11 177 5
73 170 5
202 224 5
61 229 5
93 392 5
279 397 5
63 110 5
46 89 5
228 231 5
86 127 5
312 392 5
64 337 5
320 389 5
193 231 5
41 350 5
118 241 5
114 382 5
309 337 5
210 255 5
246 397 5
64 375 5
83 196 5
126 284 5
129 354 5
113 255 5
38 176 5
174 238 5
161 304 5
58 109 5
298 344 5
129 299 5
280 352 5
138 205 5
88 206 5
122 134 5
270 317 5
216 395 5
16 272 5
19 56 5
129 344 5
180 232 5
302 342 5
8 135 5
65 317 5
316 333 5
35 287 5
60 386 5
165 270 5
189 325 5
75 384 5
57 344 5
299 345 5
9 243 5
101 361 5
298 303 5
128 229 5
154 203 5
142 234 5
9 57 5
324 372 5
5 389 5
121 282 5
45 390 5
250 390 5
63 369 5
97 232 5
78 203 5
41 160 5
73 117 5
13 260 5
160 375 5
200 214 5
27 34 5
33 42 5
3 83 5
38 144 5
7 319 5
68 264 5
325 364 5
3 317 5
221 388 5
137 173 5
95 213 5
211 369 5
285 300 5
296 331 5
59 181 5
129 165 5
161 207 5
207 363 5
163 317 5
105 242 5
40 234 5
269 309 5
298 364 5
22 272 5
116 190 5
232 284 5
199 328 5
166 284 5
98 133 5
229 286 5
13 314 5
192 393 5
247 271 5
81 153 5
186 330 5
19 323 5
41 230 5
77 360 5
199 303 5
17 329 5
16 343 5
107 200 5
299 370 5
183 313 5
270 298 5
269 334 5
88 114 5
204 314 5
61 194 5
188 242 5
152 356 5
17 111 5
31 288 5
12 128 5
102 275 5
129 216 5
117 401 5
88 396 5
369 380 5
310 343 5
210 276 5
242 363 5
44 396 5
262 275 5
178 189 5
48 329 5
64 143 5
38 246 5
123 352 5
298 373 5
173 224 5
185 340 5
245 252 5
26 285 5
230 369 5
104 193 5
34 250 5
66 245 5
12 150 5
105 327 5
152 273 5
14 255 5
289 365 5
259 312 5
86 304 5
281 382 5
64 148 5
65 394 5
91 316 5
144 349 5
58 141 5
321 381 5
58 247 5
224 396 5
69 401 5
322 342 5
224 248 5
27 184 5
211 359 5
94 370 5
334 374 5
153 350 5
110 342 5
97 217 5
32 165 5
162 240 5
232 378 5
214 223 5
36 289 5
290 358 5
108 210 5
332 371 5
56 69 5
187 340 5
26 281 5
31 308 5
326 329 5
107 184 5
72 343 5
46 203 5
115 309 5
207 285 5
20 346 5
179 234 5
68 128 5
190 309 5
232 350 5
78 312 5
97 300 5
16 399 5
49 323 5
28 375 5
284 323 5
80 264 5
263 309 5
69 188 5
13 220 5
70 207 5
6 246 5
107 210 5
232 387 5
297 338 5
237 309 5
394 397 5
41 307 5
6 318 5
87 239 5
240 290 5
175 317 5
82 194 5
251 262 5
142 269 5
147 347 5
192 212 5
93 226 5
211 298 5
308 397 5
107 304 5
172 216 5
121 372 5
212 288 5
126 372 5
14 199 5
45 283 5
75 330 5
126 253 5
8 395 5
213 277 5
37 217 5
114 370 5
37 248 5
20 354 5
13 235 5
124 384 5
7 27 5
152 344 5
50 214 5
239 332 5
167 258 5
78 383 5
85 91 5
48 84 5
111 261 5
327 360 5
297 401 5
112 143 5
37 204 5
49 168 5
37 291 5
31 63 5
46 371 5
19 288 5
125 259 5
23 115 5
100 364 5
54 97 5
144 185 5
137 368 5
3 168 5
293 373 5
77 168 5
114 277 5
280 355 5
390 398 5
100 244 5
124 286 5
10 146 5
3 378 5
134 400 5
97 118 5
98 214 5
223 355 5
29 359 5
105 321 5
198 286 5
76 365 5
34 262 5
215 309 5
131 301 5
8 24 5
15 153 5
64 106 5
228 240 5
62 345 5
8 160 5
186 259 5
179 260 5
35 129 5
93 96 5
77 371 5
80 258 5
