barabasi_250_5_0.01_0.0_exponential_0.0_1,6433,1541,244,1183,8,209,160,19,0,7,0,1541,22381,2610,1671,24,179,616,369,14,7,0,283,1905,348,206,2,15,49,38,7,3,0,811,1377,206,348,2,36,53,13,3,7,0,23,69,4,4,0,0,0,0,0,0,0,208,267,30,51,0,7,11,0,0,0,0,255,695,85,77,0,10,10,16,0,0,0,12,463,47,34,0,1,15,2,0,0,0,1,19,4,2,0,0,0,0,0,0,0,9,11,2,4,0,0,0,0,0,0,0,0,0,0,0,0,0,0,0,0,0,0
barabasi_250_5_0.01_0.0_exponential_0.0_2,2366,1168,344,1048,16,116,132,1,2,2,0,1168,9434,2440,1736,48,133,366,248,6,6,0,239,2243,359,245,14,26,78,48,3,3,0,1002,1480,245,359,14,50,74,28,3,3,0,27,81,4,4,0,1,2,1,0,0,0,69,96,18,40,0,22,32,1,1,1,0,71,259,58,58,0,32,72,6,2,2,0,25,140,40,18,0,1,6,48,1,1,0,1,3,7,3,0,2,1,3,0,0,0,1,3,3,7,0,1,5,0,0,0,0,0,0,0,0,0,0,0,0,0,0,0
barabasi_250_5_0.01_0.0_exponential_0.0_3,31086,7573,854,1712,31,943,672,209,6,45,1,7573,108404,4278,3420,93,881,2976,1615,96,57,3,682,5796,269,257,2,31,98,85,6,4,0,2557,3921,257,269,2,76,116,22,4,6,0,38,114,2,2,0,0,0,0,0,0,0,755,914,40,69,0,18,21,12,0,0,0,879,2459,108,110,0,26,40,36,0,0,0,35,1634,70,39,0,7,41,3,0,0,0,5,39,7,9,0,0,0,0,0,0,0,17,27,9,7,0,0,0,0,0,0,0,0,0,0,0,0,0,0,0,0,0,0
barabasi_250_5_0.01_0.0_exponential_0.0_4,3153,1591,407,886,7,135,109,4,0,8,0,1591,12641,2179,1700,21,113,387,244,16,8,0,467,3045,248,176,4,28,88,50,3,3,0,1289,2223,176,248,4,55,78,33,3,3,0,11,33,4,4,0,1,2,1,0,0,0,127,112,47,42,1,5,8,0,0,0,0,110,368,88,90,2,7,9,10,0,0,0,2,237,43,46,1,1,9,3,0,0,0,1,5,3,1,0,0,0,0,0,0,0,2,4,1,3,0,0,0,0,0,0,0,0,0,0,0,0,0,0,0,0,0,0
barabasi_250_5_0.01_0.0_exponential_0.0_5,2493,2968,798,902,26,100,121,99,1,5,0,2968,13415,2602,2498,78,220,519,221,11,7,0,897,3955,432,254,6,39,151,108,8,10,0,1529,3323,254,432,6,110,147,41,10,8,0,22,66,8,8,0,1,2,1,0,0,0,160,227,30,33,0,4,6,2,0,0,0,208,566,61,65,0,6,11,7,0,0,0,19,368,35,28,0,2,7,3,0,0,0,10,20,3,3,0,0,0,0,0,0,0,5,25,3,3,0,0,0,0,0,0,0,0,0,0,0,0,0,0,0,0,0,0
barabasi_250_5_0.01_0.0_exponential_0.0_6,11459,12189,442,1220,28,465,715,117,35,54,2,12189,58755,2882,2104,84,832,1879,1180,143,124,6,2279,10315,587,377,12,148,488,310,44,26,2,4018,8576,377,587,12,325,458,163,26,44,2,94,282,12,12,0,10,20,10,0,0,4,379,1169,47,115,5,7,42,11,0,4,0,1112,1984,189,135,10,48,44,28,4,4,0,57,1491,88,74,5,5,34,21,4,0,0,16,88,4,4,0,0,1,1,0,0,0,36,68,4,4,0,1,1,0,0,0,0,0,0,2,2,0,0,0,0,0,0,0
barabasi_250_5_0.01_0.0_exponential_0.0_7,940,4264,522,485,9,35,220,62,5,2,1,4264,11348,1492,1529,27,282,414,255,9,12,3,852,2792,341,213,2,53,262,69,7,7,0,970,2674,213,341,2,139,122,123,7,7,0,15,45,8,8,0,5,10,5,0,0,0,88,193,41,38,0,11,14,0,0,0,0,157,405,86,72,0,10,20,20,0,0,0,36,245,31,48,0,4,16,5,0,0,0,2,12,4,2,0,0,0,0,0,0,0,5,9,2,4,0,0,0,0,0,0,0,0,0,0,0,0,0,0,0,0,0,0
barabasi_250_5_0.01_0.0_exponential_0.0_8,1004,703,168,621,8,76,87,0,2,1,0,703,4418,1410,957,24,87,239,163,4,5,0,608,2110,263,199,4,60,117,83,4,4,0,751,1967,199,263,4,70,143,47,4,4,0,23,69,10,10,0,2,4,2,0,0,0,77,85,11,44,0,3,9,2,0,1,0,82,242,61,49,0,10,9,9,1,1,0,3,159,38,17,0,1,10,3,1,0,0,1,3,2,2,0,0,0,0,0,0,0,1,3,2,2,0,0,0,0,0,0,0,0,0,0,0,0,0,0,0,0,0,0
barabasi_250_5_0.01_0.0_exponential_0.0_9,8691,27747,1910,1330,39,265,1604,84,38,11,0,27747,81567,4570,5150,117,1688,2302,1869,60,87,0,2098,6222,345,225,4,88,108,84,6,2,0,2062,6258,225,345,4,52,172,56,2,6,0,109,327,10,10,0,3,6,3,0,0,0,339,1913,135,47,2,6,55,14,0,0,0,1809,2695,146,218,4,58,53,39,0,0,0,104,2148,83,99,2,11,42,22,0,0,0,22,122,5,3,0,0,2,2,0,0,0,50,94,3,5,0,2,2,0,0,0,0,1,3,0,0,0,0,0,0,0,0,0
barabasi_250_5_0.01_0.0_exponential_0.0_10,1545,2608,618,1234,27,179,347,8,14,17,0,2608,9851,3086,2470,81,355,721,526,48,45,0,903,3945,682,436,28,154,259,103,24,12,0,1521,3327,436,682,28,104,257,155,12,24,0,41,123,24,24,4,5,10,5,0,0,0,130,338,68,74,4,7,25,9,0,0,0,305,631,155,129,8,31,34,17,0,0,0,33,435,61,81,4,3,23,15,0,0,0,4,34,5,3,0,0,2,0,0,0,0,15,23,3,5,0,1,0,1,0,0,0,0,0,0,0,0,0,0,0,0,0,0
barabasi_250_5_0.01_0.0_exponential_0.0_11,19636,9883,620,1143,12,421,561,95,3,13,0,9883,78674,2906,2383,36,656,1593,982,29,19,0,992,6844,354,196,14,78,250,112,16,6,0,2926,4910,196,354,14,142,190,108,6,16,0,52,156,8,8,0,1,2,1,0,0,0,1138,1462,39,75,1,56,30,18,1,4,0,1443,3757,122,106,2,43,95,70,6,4,0,19,2581,67,47,1,5,83,16,3,2,0,44,186,6,2,2,1,8,3,0,0,0,71,159,2,6,2,5,4,3,0,0,0,3,9,0,0,0,1,2,1,0,0,0
barabasi_250_5_0.01_0.0_exponential_0.0_12,17852,9757,634,1762,30,635,809,51,24,29,2,9757,73070,4158,3030,90,860,2181,1444,82,77,6,992,7968,832,432,24,151,339,188,9,7,0,3488,5472,432,832,24,188,339,151,7,9,0,124,372,20,20,0,11,22,11,0,0,0,653,1357,253,189,19,25,69,21,0,3,0,1335,2685,424,460,38,78,88,64,5,1,0,22,1988,207,235,19,12,73,30,1,2,0,26,156,63,37,4,0,12,6,0,0,0,65,117,37,63,4,9,6,3,0,0,0,2,6,6,6,0,0,0,0,0,0,0
barabasi_250_5_0.01_0.0_exponential_0.0_13,5097,3225,299,1001,20,177,150,27,1,27,0,3225,21741,2301,1599,60,177,558,327,55,29,0,1264,6366,529,283,10,64,196,116,13,7,0,2551,5079,283,529,10,124,180,72,7,13,0,44,132,10,10,0,1,2,1,0,0,0,290,494,47,74,1,8,16,6,0,4,0,473,1095,115,127,2,20,24,16,5,3,0,21,763,80,41,1,2,20,8,3,1,0,8,74,7,5,0,0,0,0,0,0,0,33,49,5,7,0,0,0,0,0,0,0,1,3,0,0,0,0,0,0,0,0,0
barabasi_250_5_0.01_0.0_exponential_0.0_14,9421,10096,419,1585,12,362,956,9,14,39,4,10096,48455,3589,2423,36,965,1698,1318,92,67,12,471,2569,307,213,4,20,93,57,0,0,0,1049,1991,213,307,4,65,77,28,0,0,0,15,45,6,6,0,0,0,0,0,0,0,432,346,26,68,0,15,20,6,0,0,0,313,1243,117,71,0,20,41,21,0,0,0,33,745,45,49,0,6,21,14,0,0,0,0,10,3,3,0,0,0,0,0,0,0,5,5,3,3,0,0,0,0,0,0,0,0,0,0,0,0,0,0,0,0,0,0
barabasi_250_5_0.01_0.0_exponential_0.0_15,2441,2660,317,718,16,143,177,26,2,12,1,2660,12643,1753,1352,48,203,515,320,26,16,3,896,3848,733,523,28,55,171,108,7,7,0,1476,3268,523,733,28,112,163,59,7,7,0,33,99,12,12,0,1,2,1,0,0,0,218,327,138,100,29,9,27,7,0,1,0,294,796,229,247,58,32,39,15,2,0,0,33,512,109,129,29,2,20,21,0,1,0,8,32,26,16,4,1,3,0,0,0,0,12,28,16,26,4,1,1,2,0,0,0,0,0,0,0,0,0,0,0,0,0,0
barabasi_250_5_0.01_0.0_exponential_0.0_16,3074,5690,685,1202,14,85,198,85,1,3,0,5690,20602,3089,2572,42,283,538,283,7,5,0,778,3994,449,295,18,29,84,43,2,0,0,1608,3164,295,449,18,49,72,35,0,2,0,42,126,8,8,0,1,2,1,0,0,0,205,313,35,64,1,0,10,4,0,0,0,264,772,103,95,2,12,10,6,0,0,0,49,469,60,39,1,2,8,4,0,0,0,2,8,3,5,0,0,0,0,0,0,0,3,7,5,3,0,0,0,0,0,0,0,0,0,0,0,0,0,0,0,0,0,0
barabasi_250_5_0.01_0.0_exponential_0.0_17,29888,9960,2401,5109,119,1985,1781,204,59,197,1,9960,109584,12619,9911,357,1985,6159,3766,453,315,3,575,3861,558,280,18,180,358,282,45,23,2,1643,2793,280,558,18,230,462,128,23,45,2,19,57,4,4,0,4,8,4,0,0,0,852,703,138,211,3,34,83,36,0,2,0,694,2416,365,333,6,108,102,96,2,2,0,9,1546,195,154,3,11,121,21,2,0,0,16,72,10,10,0,0,7,5,0,0,0,28,60,10,10,0,6,5,1,0,0,0,1,3,0,0,0,0,0,0,0,0,0
barabasi_250_5_0.01_0.0_exponential_0.0_18,8817,2673,342,1177,5,379,167,8,3,7,1,2673,31797,2696,1861,15,175,941,546,17,13,3,683,4265,410,312,10,46,113,59,3,3,0,1791,3157,312,410,10,63,105,50,3,3,0,29,87,4,4,0,0,0,0,0,0,0,275,155,24,39,0,12,5,0,0,0,0,128,732,66,60,0,5,15,14,0,0,0,27,403,36,27,0,0,14,3,0,0,0,0,6,2,2,0,0,0,0,0,0,0,3,3,2,2,0,0,0,0,0,0,0,0,0,0,0,0,0,0,0,0,0,0
barabasi_250_5_0.01_0.0_exponential_0.0_19,5540,6995,547,968,12,356,515,27,20,13,1,6995,30610,2483,2062,36,542,1281,871,46,53,3,1261,5523,581,353,8,68,230,84,6,4,0,2131,4653,353,581,8,123,152,107,4,6,0,34,102,2,2,0,1,2,1,0,0,0,231,922,32,66,1,8,31,7,0,1,0,874,1432,100,96,2,29,30,33,1,1,0,48,1105,64,34,1,9,31,6,1,0,0,18,56,0,0,0,1,1,2,0,2,0,19,55,0,0,0,1,3,0,2,0,0,1,3,0,0,0,0,0,0,0,0,0
barabasi_250_5_0.01_0.0_exponential_0.0_20,2266,1550,356,679,8,51,55,12,0,1,0,1550,9898,1714,1391,24,67,181,106,2,1,0,226,1368,306,204,2,8,37,23,0,0,0,571,1023,204,306,2,26,31,11,0,0,0,5,15,10,10,0,0,0,0,0,0,0,125,93,30,34,0,2,4,1,0,0,0,90,346,57,71,0,3,5,6,0,0,0,3,215,41,23,0,2,5,0,0,0,0,2,6,4,2,0,0,0,0,0,0,0,2,6,2,4,0,0,0,0,0,0,0,0,0,0,0,0,0,0,0,0,0,0
barabasi_250_5_0.01_0.0_exponential_0.0_21,17012,1255,426,2368,25,683,576,15,9,67,3,1255,53546,5162,3220,75,591,1972,1259,143,85,9,1307,10791,775,471,26,127,401,204,31,27,0,4742,7356,471,775,26,239,331,162,27,31,0,133,399,14,14,0,8,16,8,6,6,0,840,964,58,87,0,64,36,22,4,6,0,921,2687,144,146,0,54,142,48,16,4,0,43,1761,88,57,0,4,66,52,0,10,0,46,244,9,7,0,0,17,5,0,0,0,99,191,7,9,0,11,5,6,0,0,0,7,21,0,0,0,0,0,0,0,0,0
barabasi_250_5_0.01_0.0_exponential_0.0_22,11823,6107,562,1238,4,438,362,2,25,17,0,6107,47683,3038,2362,12,364,1242,800,59,67,0,775,5051,288,156,4,26,132,74,5,7,0,2138,3688,156,288,4,90,100,42,7,5,0,20,60,0,0,0,1,2,1,0,0,0,301,325,39,113,1,36,59,3,1,1,0,163,1089,147,157,2,31,100,65,1,3,0,162,464,118,34,1,31,37,30,2,0,0,0,14,8,4,0,3,0,3,2,2,0,7,7,4,8,0,0,6,0,2,2,0,0,0,2,2,0,0,0,0,0,0,0
barabasi_250_5_0.01_0.0_exponential_0.0_23,15858,16927,1086,1718,28,541,659,109,44,33,0,16927,81428,4522,3890,84,768,1959,1200,110,121,0,756,3784,282,208,2,43,88,59,2,2,0,1514,3026,208,282,2,52,102,36,2,2,0,13,39,2,2,0,0,0,0,0,0,0,473,1231,70,93,1,14,22,1,2,1,0,1062,2346,168,158,2,19,31,24,3,3,0,169,1535,88,75,1,4,21,12,1,2,0,24,96,5,7,0,0,4,2,0,0,0,36,84,7,5,0,3,2,1,0,0,0,1,3,0,0,0,0,0,0,0,0,0
barabasi_250_5_0.01_0.0_exponential_0.0_24,4321,3538,1019,740,4,183,314,229,28,17,0,3538,20039,2499,2778,12,543,1138,497,62,73,0,582,3322,404,310,2,30,120,60,10,4,0,1370,2534,310,404,2,75,90,45,4,10,0,22,66,10,10,0,0,0,0,0,0,0,201,395,66,49,2,6,16,15,2,1,0,393,799,107,123,4,26,32,16,2,4,0,2,594,57,58,2,5,26,6,2,1,0,11,39,2,2,0,0,0,0,0,0,0,14,36,2,2,0,0,0,0,0,0,0,0,0,2,2,0,0,0,0,0,0,0
barabasi_250_5_0.01_0.0_exponential_0.0_25,16364,3798,729,6227,83,1057,885,125,13,114,4,3798,56688,13183,7685,249,1010,3249,1942,241,140,12,458,3464,798,518,14,57,142,131,5,5,0,1503,2419,518,798,14,108,188,34,5,5,0,25,75,10,10,0,0,0,0,0,0,0,693,503,107,319,4,22,43,4,0,0,0,453,1939,447,405,8,35,75,28,0,0,0,50,1146,298,128,4,12,20,37,0,0,0,3,71,27,21,2,0,4,2,0,0,0,34,40,21,27,2,3,2,1,0,0,0,0,0,0,0,0,0,0,0,0,0,0
erdos_250_5_0.01_0.0_exponential_0.0_1,2,2,4,7,0,0,0,0,0,0,0,2,10,18,15,0,0,0,0,0,0,0,5,21,45,19,0,0,0,0,0,0,0,8,18,19,45,0,0,0,0,0,0,0,0,0,0,0,0,0,0,0,0,0,0,0,0,0,0,0,0,0,0,0,0,0,0,0,0,0,0,0,0,0,0,0,0,0,0,0,0,0,0,0,0,0,0,0,0,0,0,0,0,0,0,0,0,0,0,0,0,0,0,0,0,0,0,0,0,0,0,0,0,0,0,0,0,0,0,0,0
erdos_250_5_0.01_0.0_exponential_0.0_2,2,1,6,7,0,0,0,0,0,0,0,1,8,20,19,0,0,0,0,0,0,0,6,20,26,14,0,2,3,1,0,0,0,7,19,14,26,0,1,3,2,0,0,0,0,0,0,0,0,0,0,0,0,0,0,0,0,2,0,0,0,0,0,0,0,0,0,0,0,4,0,0,0,0,0,0,0,0,0,2,0,0,0,0,0,0,0,0,0,0,0,0,0,0,0,0,0,0,0,0,0,0,0,0,0,0,0,0,0,0,0,0,0,0,0,0,0,0,0,0,0
erdos_250_5_0.01_0.0_exponential_0.0_3,2,2,5,8,0,0,0,0,0,0,0,2,10,21,18,0,0,0,0,0,0,0,2,14,35,29,0,0,2,0,0,0,0,6,10,29,35,0,1,0,1,0,0,0,0,0,0,0,0,0,0,0,0,0,0,0,0,0,0,0,0,0,0,0,0,0,0,0,0,0,0,0,0,0,0,0,0,0,0,0,0,0,0,0,0,0,0,0,0,0,0,0,0,0,0,0,0,0,0,0,0,0,0,0,0,0,0,0,0,0,0,0,0,0,0,0,0,0,0,0,0
erdos_250_5_0.01_0.0_exponential_0.0_4,2,3,6,7,0,0,0,0,0,0,0,3,12,20,19,0,0,0,0,0,0,0,4,18,21,17,0,0,0,0,0,0,0,7,15,17,21,0,0,0,0,0,0,0,0,0,0,0,0,0,0,0,0,0,0,0,0,0,0,0,0,0,0,0,0,0,0,0,0,0,0,0,0,0,0,0,0,0,0,0,0,0,0,0,0,0,0,0,0,0,0,0,0,0,0,0,0,0,0,0,0,0,0,0,0,0,0,0,0,0,0,0,0,0,0,0,0,0,0,0,0
erdos_250_5_0.01_0.0_exponential_0.0_5,1,2,1,8,0,1,0,0,0,0,0,2,7,17,10,0,0,2,1,0,0,0,5,11,34,24,0,2,2,2,0,0,0,3,13,24,34,0,1,4,1,0,0,0,0,0,0,0,0,0,0,0,0,0,0,0,0,0,0,0,0,0,0,0,0,0,0,0,0,0,0,0,0,0,0,0,0,0,0,0,0,0,0,0,0,0,0,0,0,0,0,0,0,0,0,0,0,0,0,0,0,0,0,0,0,0,0,0,0,0,0,0,0,0,0,0,0,0,0,0,0
erdos_250_5_0.01_0.0_exponential_0.0_6,11,3,3,12,0,0,0,0,0,0,0,3,39,27,18,0,0,0,0,0,0,0,4,18,41,29,0,0,0,0,0,0,0,7,15,29,41,0,0,0,0,0,0,0,0,0,0,0,0,0,0,0,0,0,0,0,1,0,0,0,0,0,0,0,0,0,1,1,0,0,0,0,0,0,0,0,0,0,1,0,0,0,0,0,0,0,0,0,0,0,0,0,0,0,0,0,0,0,0,0,0,0,0,0,0,0,0,0,0,0,0,0,0,0,0,0,0,0,0,0,0
erdos_250_5_0.01_0.0_exponential_0.0_7,1,0,2,4,0,1,0,0,0,0,0,0,3,10,8,0,0,2,1,0,0,0,1,13,21,13,0,0,0,0,0,0,0,6,8,13,21,0,0,0,0,0,0,0,0,0,0,0,0,0,0,0,0,0,0,0,0,1,1,0,0,0,0,0,0,0,0,0,3,1,0,0,0,0,0,0,0,0,0,0,2,0,0,0,0,0,0,0,0,0,0,0,0,0,0,0,0,0,0,0,0,0,0,0,0,0,0,0,0,0,0,0,0,0,0,0,0,0,0,0,0
erdos_250_5_0.01_0.0_exponential_0.0_8,4,1,1,11,0,0,0,0,0,0,0,1,14,23,13,0,0,0,0,0,0,0,5,9,51,29,0,1,1,0,0,0,0,2,12,29,51,0,0,1,1,0,0,0,0,0,0,0,0,0,0,0,0,0,0,0,0,0,0,0,0,0,0,0,0,0,0,0,0,0,0,0,0,0,0,0,0,0,0,0,0,0,0,0,0,0,0,0,0,0,0,0,0,0,0,0,0,0,0,0,0,0,0,0,0,0,0,0,0,0,0,0,0,0,0,0,0,0,0,0,0
erdos_250_5_0.01_0.0_exponential_0.0_9,2,0,5,1,0,0,0,0,0,0,0,0,6,7,11,0,0,0,0,0,0,0,4,8,32,20,0,0,0,0,0,0,0,2,10,20,32,0,0,0,0,0,0,0,0,0,0,0,0,0,0,0,0,0,0,0,0,0,1,0,0,0,0,0,0,0,0,0,1,1,0,0,0,0,0,0,0,0,0,1,0,0,0,0,0,0,0,0,0,0,0,0,0,0,0,0,0,0,0,0,0,0,0,0,0,0,0,0,0,0,0,0,0,0,0,0,0,0,0,0,0
erdos_250_5_0.01_0.0_exponential_0.0_10,2,3,6,6,0,0,0,0,0,0,0,3,12,18,18,0,0,0,0,0,0,0,5,15,32,30,0,0,0,0,0,0,0,5,15,30,32,0,0,0,0,0,0,0,0,0,0,0,0,0,0,0,0,0,0,0,0,0,2,0,0,0,0,0,0,0,0,0,2,2,0,0,0,0,0,0,0,0,0,2,0,0,0,0,0,0,0,0,0,0,0,0,0,0,0,0,0,0,0,0,0,0,0,0,0,0,0,0,0,0,0,0,0,0,0,0,0,0,0,0,0
erdos_250_5_0.01_0.0_exponential_0.0_11,3,4,8,9,0,0,0,0,0,0,0,4,17,26,25,0,0,0,0,0,0,0,5,19,69,35,0,0,0,0,0,0,0,7,17,35,69,0,0,0,0,0,0,0,0,0,0,0,0,0,0,0,0,0,0,0,0,0,0,0,0,0,0,0,0,0,0,0,0,0,0,0,0,0,0,0,0,0,0,0,0,0,0,0,0,0,0,0,0,0,0,0,0,0,0,0,0,0,0,0,0,0,0,0,0,0,0,0,0,0,0,0,0,0,0,0,0,0,0,0,0
erdos_250_5_0.01_0.0_exponential_0.0_12,1,3,6,8,0,0,0,0,0,0,0,3,9,22,20,0,0,0,0,0,0,0,5,19,35,25,0,0,0,0,0,0,0,7,17,25,35,0,0,0,0,0,0,0,0,0,2,2,0,0,0,0,0,0,0,0,0,1,0,0,0,0,0,0,0,0,0,0,1,1,0,0,0,0,0,0,0,0,0,0,1,0,0,0,0,0,0,0,0,0,0,0,0,0,0,0,0,0,0,0,0,0,0,0,0,0,0,0,0,0,0,0,0,0,0,0,0,0,0,0,0
erdos_250_5_0.01_0.0_exponential_0.0_13,1,1,2,8,0,1,0,0,0,0,0,1,5,18,12,0,0,2,1,0,0,0,2,14,22,16,2,2,1,1,0,0,0,6,10,16,22,2,0,3,1,0,0,0,0,0,0,0,0,0,0,0,0,0,0,0,1,0,0,0,0,0,0,0,0,0,1,1,0,0,0,0,0,0,0,0,0,0,1,0,0,0,0,0,0,0,0,0,0,0,0,0,0,0,0,0,0,0,0,0,0,0,0,0,0,0,0,0,0,0,0,0,0,0,0,0,0,0,0,0,0
erdos_250_5_0.01_0.0_exponential_0.0_14,4,1,2,4,0,0,0,0,0,0,0,1,14,10,8,0,0,0,0,0,0,0,3,15,17,13,0,0,1,1,0,0,0,6,12,13,17,0,1,1,0,0,0,0,0,0,0,0,0,0,0,0,0,0,0,0,0,0,0,0,0,0,0,0,0,0,0,0,0,0,0,0,0,0,0,0,0,0,0,0,0,0,0,0,0,0,0,0,0,0,0,0,0,0,0,0,0,0,0,0,0,0,0,0,0,0,0,0,0,0,0,0,0,0,0,0,0,0,0,0,0
erdos_250_5_0.01_0.0_exponential_0.0_15,2,2,4,5,0,0,0,0,0,0,0,2,10,14,13,0,0,0,0,0,0,0,3,15,39,19,0,0,0,0,0,0,0,6,12,19,39,0,0,0,0,0,0,0,0,0,0,0,0,0,0,0,0,0,0,0,0,0,0,0,0,0,0,0,0,0,0,0,0,0,0,0,0,0,0,0,0,0,0,0,0,0,0,0,0,0,0,0,0,0,0,0,0,0,0,0,0,0,0,0,0,0,0,0,0,0,0,0,0,0,0,0,0,0,0,0,0,0,0,0,0
erdos_250_5_0.01_0.0_exponential_0.0_16,4,1,3,10,0,0,0,0,0,0,0,1,14,23,16,0,0,0,0,0,0,0,4,30,45,31,0,0,0,0,0,0,0,13,21,31,45,0,0,0,0,0,0,0,0,0,2,2,0,0,0,0,0,0,0,0,0,0,1,0,0,0,0,0,0,0,0,0,1,1,0,0,0,0,0,0,0,0,0,1,0,0,0,0,0,0,0,0,0,0,0,0,0,0,0,0,0,0,0,0,0,0,0,0,0,0,0,0,0,0,0,0,0,0,0,0,0,0,0,0,0
erdos_250_5_0.01_0.0_exponential_0.0_17,1,0,7,9,0,0,0,0,0,0,0,0,3,25,23,0,0,0,0,0,0,0,6,22,60,26,0,0,0,0,0,0,0,8,20,26,60,0,0,0,0,0,0,0,0,0,4,4,0,0,0,0,0,0,0,0,0,0,1,0,0,0,0,0,0,0,0,0,1,1,0,0,0,0,0,0,0,0,0,1,0,0,0,0,0,0,0,0,0,0,0,0,0,0,0,0,0,0,0,0,0,0,0,0,0,0,0,0,0,0,0,0,0,0,0,0,0,0,0,0,0
erdos_250_5_0.01_0.0_exponential_0.0_18,0,0,2,3,0,0,0,0,0,0,0,0,0,8,7,0,0,0,0,0,0,0,4,28,18,12,0,0,2,0,0,0,0,12,20,12,18,0,1,0,1,0,0,0,0,0,0,0,0,0,0,0,0,0,0,0,0,0,2,0,0,0,0,0,0,0,0,0,2,2,0,0,0,0,0,0,0,0,0,2,0,0,0,0,0,0,0,0,0,0,0,0,0,0,0,0,0,0,0,0,0,0,0,0,0,0,0,0,0,0,0,0,0,0,0,0,0,0,0,0,0
erdos_250_5_0.01_0.0_exponential_0.0_19,1,4,3,3,0,0,1,0,0,0,0,4,11,9,9,0,1,1,1,0,0,0,6,18,31,27,0,1,2,1,0,0,0,6,18,27,31,0,1,2,1,0,0,0,0,0,0,0,0,0,0,0,0,0,0,0,0,1,2,0,0,0,0,0,0,0,0,0,3,3,0,0,0,0,0,0,0,0,0,2,1,0,0,0,0,0,0,0,0,0,0,0,0,0,0,0,0,0,0,0,0,0,0,0,0,0,0,0,0,0,0,0,0,0,0,0,0,0,0,0,0
erdos_250_5_0.01_0.0_exponential_0.0_20,5,0,1,6,0,0,1,0,0,0,0,0,15,13,8,0,1,1,1,0,0,0,4,20,50,36,0,0,0,0,0,0,0,8,16,36,50,0,0,0,0,0,0,0,0,0,0,0,0,0,0,0,0,0,0,0,0,0,0,0,0,0,0,0,0,0,0,0,0,0,0,0,0,0,0,0,0,0,0,0,0,0,0,0,0,0,0,0,0,0,0,0,0,0,0,0,0,0,0,0,0,0,0,0,0,0,0,0,0,0,0,0,0,0,0,0,0,0,0,0,0
erdos_250_5_0.01_0.0_exponential_0.0_21,1,2,4,2,0,1,0,0,0,0,0,2,7,8,10,0,0,2,1,0,0,0,1,11,38,22,0,0,1,1,0,0,0,5,7,22,38,0,1,1,0,0,0,0,0,0,0,0,0,0,0,0,0,0,0,0,0,0,0,0,0,0,0,0,0,0,0,0,0,0,0,0,0,0,0,0,0,0,0,0,0,0,0,0,0,0,0,0,0,0,0,0,0,0,0,0,0,0,0,0,0,0,0,0,0,0,0,0,0,0,0,0,0,0,0,0,0,0,0,0,0
erdos_250_5_0.01_0.0_exponential_0.0_22,1,0,4,15,0,0,0,0,0,0,0,0,3,34,23,0,0,0,0,0,0,0,3,15,48,22,2,0,0,0,0,0,0,6,12,22,48,2,0,0,0,0,0,0,1,3,2,2,0,0,0,0,0,0,0,0,0,0,1,0,0,0,0,0,0,0,0,0,1,1,0,0,0,0,0,0,0,0,0,1,0,0,0,0,0,0,0,0,0,0,0,0,0,0,0,0,0,0,0,0,0,0,0,0,0,0,0,0,0,0,0,0,0,0,0,0,0,0,0,0,0
erdos_250_5_0.01_0.0_exponential_0.0_23,5,1,2,8,0,0,1,0,0,0,0,1,17,18,12,0,1,1,1,0,0,0,9,19,45,23,2,0,1,1,0,0,0,5,23,23,45,2,1,1,0,0,0,0,0,0,2,2,0,0,0,0,0,0,0,0,0,0,0,0,0,0,0,0,0,0,0,0,0,0,0,0,0,0,0,0,0,0,0,0,0,0,0,0,0,0,0,0,0,0,0,0,0,0,0,0,0,0,0,0,0,0,0,0,0,0,0,0,0,0,0,0,0,0,0,0,0,0,0,0,0
erdos_250_5_0.01_0.0_exponential_0.0_24,5,2,2,13,0,1,0,0,0,0,0,2,19,28,17,0,0,2,1,0,0,0,3,27,37,19,0,0,1,1,0,0,0,12,18,19,37,0,1,1,0,0,0,0,0,0,0,0,0,0,0,0,0,0,0,0,0,0,0,0,0,0,0,0,0,0,0,0,0,0,0,0,0,0,0,0,0,0,0,0,0,0,0,0,0,0,0,0,0,0,0,0,0,0,0,0,0,0,0,0,0,0,0,0,0,0,0,0,0,0,0,0,0,0,0,0,0,0,0,0,0
erdos_250_5_0.01_0.0_exponential_0.0_25,2,0,4,8,0,0,0,0,0,0,0,0,6,20,16,0,0,0,0,0,0,0,3,19,47,27,0,0,0,0,0,0,0,8,14,27,47,0,0,0,0,0,0,0,0,0,0,0,0,0,0,0,0,0,0,0,0,0,1,0,0,0,0,0,0,0,0,0,1,1,0,0,0,0,0,0,0,0,0,1,0,0,0,0,0,0,0,0,0,0,0,0,0,0,0,0,0,0,0,0,0,0,0,0,0,0,0,0,0,0,0,0,0,0,0,0,0,0,0,0,0
strogratz_250_5_0.01_1.0_exponential_0.0_1,1084,0,0,0,0,24,40,0,0,0,0,0,3252,0,0,0,40,88,64,0,0,0,0,0,40128,0,188,116,5441,1849,532,0,0,0,0,0,40128,188,3587,1965,1854,0,532,0,0,0,0,0,348,0,0,0,32,32,0,0,0,0,0,0,12898,0,0,47,2599,0,0,0,0,0,0,0,25796,0,3924,1368,0,0,0,0,0,0,0,0,12898,1321,1325,0,0,0,0,0,0,0,0,0,11028,0,1850,0,0,0,0,0,0,0,0,0,11028,1850,0,0,0,0,0,0,0,0,0,0,8688
strogratz_250_5_0.01_1.0_exponential_0.0_2,1174,0,0,0,0,22,40,0,0,0,0,0,3522,0,0,0,40,84,62,0,0,0,0,0,40256,0,172,56,5546,1870,564,0,0,0,0,0,40256,172,3680,1926,1866,0,564,0,0,0,0,0,360,0,0,0,26,26,0,0,0,0,0,0,12954,0,0,39,2610,0,0,0,0,0,0,0,25908,0,3949,1349,0,0,0,0,0,0,0,0,12954,1310,1339,0,0,0,0,0,0,0,0,0,11012,0,1876,0,0,0,0,0,0,0,0,0,11012,1876,0,0,0,0,0,0,0,0,0,0,8664
strogratz_250_5_0.01_1.0_exponential_0.0_3,966,0,0,0,0,35,41,0,0,0,0,0,2898,0,0,0,41,111,76,0,0,0,0,0,39632,0,206,52,5409,1861,492,0,0,0,0,0,39632,206,3609,1913,1800,0,492,0,0,0,0,0,284,0,0,0,26,26,0,0,0,0,0,0,12683,0,0,46,2597,0,0,0,0,0,0,0,25366,0,3923,1363,0,0,0,0,0,0,0,0,12683,1317,1326,0,0,0,0,0,0,0,0,0,11028,0,1846,0,0,0,0,0,0,0,0,0,11028,1846,0,0,0,0,0,0,0,0,0,0,8800
strogratz_250_5_0.01_1.0_exponential_0.0_4,1059,0,0,0,0,19,51,0,0,0,0,0,3177,0,0,0,51,89,70,0,0,0,0,0,39994,0,206,122,5446,1838,518,0,0,0,0,0,39994,206,3581,1960,1865,0,518,0,0,0,0,0,348,0,0,0,28,28,0,0,0,0,0,0,12664,0,0,49,2556,0,0,0,0,0,0,0,25328,0,3842,1368,0,0,0,0,0,0,0,0,12664,1319,1286,0,0,0,0,0,0,0,0,0,11106,0,1852,0,0,0,0,0,0,0,0,0,11106,1852,0,0,0,0,0,0,0,0,0,0,8664
strogratz_250_5_0.01_1.0_exponential_0.0_5,970,0,0,0,0,21,41,0,0,0,0,0,2910,0,0,0,41,83,62,0,0,0,0,0,39668,0,244,100,5507,1829,450,0,0,0,0,0,39668,244,3618,1929,1889,0,450,0,0,0,0,0,320,0,0,0,28,28,0,0,0,0,0,0,12855,0,0,69,2622,0,0,0,0,0,0,0,25710,0,3980,1402,0,0,0,0,0,0,0,0,12855,1333,1358,0,0,0,0,0,0,0,0,0,11062,0,1774,0,0,0,0,0,0,0,0,0,11062,1774,0,0,0,0,0,0,0,0,0,0,8728
strogratz_250_5_0.01_1.0_exponential_0.0_6,969,0,0,0,0,24,52,0,0,0,0,0,2907,0,0,0,52,100,76,0,0,0,0,0,39646,0,214,82,5344,1820,464,0,0,0,0,0,39646,214,3541,1902,1803,0,464,0,0,0,0,0,320,0,0,0,14,14,0,0,0,0,0,0,12723,0,0,53,2549,0,0,0,0,0,0,0,25446,0,3859,1345,0,0,0,0,0,0,0,0,12723,1292,1310,0,0,0,0,0,0,0,0,0,11136,0,1746,0,0,0,0,0,0,0,0,0,11136,1746,0,0,0,0,0,0,0,0,0,0,8796
strogratz_250_5_0.01_1.0_exponential_0.0_7,932,0,0,0,0,24,47,0,0,0,0,0,2796,0,0,0,47,95,71,0,0,0,0,0,39304,0,196,69,5569,1892,570,0,0,0,0,0,39304,196,3696,1961,1873,0,570,0,0,0,0,0,332,0,0,0,42,42,0,0,0,0,0,0,12561,0,0,51,2692,0,0,0,0,0,0,0,25122,0,4067,1419,0,0,0,0,0,0,0,0,12561,1368,1375,0,0,0,0,0,0,0,0,0,10924,0,1900,0,0,0,0,0,0,0,0,0,10924,1900,0,0,0,0,0,0,0,0,0,0,8616
strogratz_250_5_0.01_1.0_exponential_0.0_8,962,0,0,0,0,16,50,0,0,0,0,0,2886,0,0,0,50,82,66,0,0,0,0,0,39434,0,190,83,5465,1808,508,0,0,0,0,0,39434,190,3595,1891,1870,0,508,0,0,0,0,0,376,0,0,0,14,14,0,0,0,0,0,0,12673,0,0,34,2623,0,0,0,0,0,0,0,25346,0,3950,1364,0,0,0,0,0,0,0,0,12673,1330,1327,0,0,0,0,0,0,0,0,0,11010,0,1842,0,0,0,0,0,0,0,0,0,11010,1842,0,0,0,0,0,0,0,0,0,0,8704
strogratz_250_5_0.01_1.0_exponential_0.0_9,1125,0,0,0,0,31,50,0,0,0,0,0,3375,0,0,0,50,112,81,0,0,0,0,0,39832,0,196,93,5373,1828,480,0,0,0,0,0,39832,196,3554,1921,1819,0,480,0,0,0,0,0,276,0,0,0,24,24,0,0,0,0,0,0,13074,0,0,43,2627,0,0,0,0,0,0,0,26148,0,3977,1363,0,0,0,0,0,0,0,0,13074,1320,1350,0,0,0,0,0,0,0,0,0,11058,0,1808,0,0,0,0,0,0,0,0,0,11058,1808,0,0,0,0,0,0,0,0,0,0,8772
strogratz_250_5_0.01_1.0_exponential_0.0_10,829,0,0,0,0,25,37,0,0,0,0,0,2487,0,0,0,37,87,62,0,0,0,0,0,39022,0,192,84,5546,1856,498,0,0,0,0,0,39022,192,3659,1940,1887,0,498,0,0,0,0,0,328,0,0,0,26,26,0,0,0,0,0,0,12561,0,0,43,2655,0,0,0,0,0,0,0,25122,0,4009,1387,0,0,0,0,0,0,0,0,12561,1344,1354,0,0,0,0,0,0,0,0,0,10898,0,1912,0,0,0,0,0,0,0,0,0,10898,1912,0,0,0,0,0,0,0,0,0,0,8708
strogratz_250_5_0.01_1.0_exponential_0.0_11,906,0,0,0,0,21,31,0,0,0,0,0,2718,0,0,0,31,73,52,0,0,0,0,0,39408,0,178,90,5375,1845,518,0,0,0,0,0,39408,178,3565,1935,1810,0,518,0,0,0,0,0,284,0,0,0,18,18,0,0,0,0,0,0,12591,0,0,46,2570,0,0,0,0,0,0,0,25182,0,3878,1354,0,0,0,0,0,0,0,0,12591,1308,1308,0,0,0,0,0,0,0,0,0,11034,0,1858,0,0,0,0,0,0,0,0,0,11034,1858,0,0,0,0,0,0,0,0,0,0,8824
strogratz_250_5_0.01_1.0_exponential_0.0_12,904,0,0,0,0,24,34,0,0,0,0,0,2712,0,0,0,34,82,58,0,0,0,0,0,38956,0,192,95,5583,1854,546,0,0,0,0,0,38956,192,3671,1949,1912,0,546,0,0,0,0,0,280,0,0,0,32,32,0,0,0,0,0,0,12650,0,0,47,2650,0,0,0,0,0,0,0,25300,0,4020,1374,0,0,0,0,0,0,0,0,12650,1327,1370,0,0,0,0,0,0,0,0,0,10928,0,1858,0,0,0,0,0,0,0,0,0,10928,1858,0,0,0,0,0,0,0,0,0,0,8704
strogratz_250_5_0.01_1.0_exponential_0.0_13,1084,0,0,0,0,26,51,0,0,0,0,0,3252,0,0,0,51,103,77,0,0,0,0,0,39354,0,164,104,5598,1860,586,0,0,0,0,0,39354,164,3677,1964,1921,0,586,0,0,0,0,0,264,0,0,0,30,30,0,0,0,0,0,0,12915,0,0,47,2643,0,0,0,0,0,0,0,25830,0,3992,1388,0,0,0,0,0,0,0,0,12915,1341,1349,0,0,0,0,0,0,0,0,0,10810,0,1974,0,0,0,0,0,0,0,0,0,10810,1974,0,0,0,0,0,0,0,0,0,0,8892
strogratz_250_5_0.01_1.0_exponential_0.0_14,887,0,0,0,0,27,54,0,0,0,0,0,2661,0,0,0,54,108,81,0,0,0,0,0,39866,0,194,88,5308,1718,500,0,0,0,0,0,39866,194,3469,1806,1839,0,500,0,0,0,0,0,360,0,0,0,28,28,0,0,0,0,0,0,12758,0,0,46,2600,0,0,0,0,0,0,0,25516,0,3930,1362,0,0,0,0,0,0,0,0,12758,1316,1330,0,0,0,0,0,0,0,0,0,10914,0,1832,0,0,0,0,0,0,0,0,0,10914,1832,0,0,0,0,0,0,0,0,0,0,8648
strogratz_250_5_0.01_1.0_exponential_0.0_15,978,0,0,0,0,17,55,0,0,0,0,0,2934,0,0,0,55,89,72,0,0,0,0,0,39840,0,182,102,5400,1766,454,0,0,0,0,0,39840,182,3532,1868,1868,0,454,0,0,0,0,0,300,0,0,0,20,20,0,0,0,0,0,0,12918,0,0,47,2559,0,0,0,0,0,0,0,25836,0,3874,1338,0,0,0,0,0,0,0,0,12918,1291,1315,0,0,0,0,0,0,0,0,0,10958,0,1850,0,0,0,0,0,0,0,0,0,10958,1850,0,0,0,0,0,0,0,0,0,0,8828
strogratz_250_5_0.01_1.0_exponential_0.0_16,1027,0,0,0,0,26,45,0,0,0,0,0,3081,0,0,0,45,97,71,0,0,0,0,0,40332,0,230,77,5215,1746,424,0,0,0,0,0,40332,230,3442,1823,1773,0,424,0,0,0,0,0,276,0,0,0,24,24,0,0,0,0,0,0,12917,0,0,50,2516,0,0,0,0,0,0,0,25834,0,3816,1316,0,0,0,0,0,0,0,0,12917,1266,1300,0,0,0,0,0,0,0,0,0,11174,0,1724,0,0,0,0,0,0,0,0,0,11174,1724,0,0,0,0,0,0,0,0,0,0,8672
strogratz_250_5_0.01_1.0_exponential_0.0_17,1158,0,0,0,0,28,80,0,0,0,0,0,3474,0,0,0,80,136,108,0,0,0,0,0,40330,0,210,73,5358,1771,548,0,0,0,0,0,40330,210,3528,1844,1830,0,548,0,0,0,0,0,336,0,0,0,24,24,0,0,0,0,0,0,12992,0,0,39,2557,0,0,0,0,0,0,0,25984,0,3863,1329,0,0,0,0,0,0,0,0,12992,1290,1306,0,0,0,0,0,0,0,0,0,11148,0,1804,0,0,0,0,0,0,0,0,0,11148,1804,0,0,0,0,0,0,0,0,0,0,8556
strogratz_250_5_0.01_1.0_exponential_0.0_18,1021,0,0,0,0,36,56,0,0,0,0,0,3063,0,0,0,56,128,92,0,0,0,0,0,39634,0,198,116,5572,1876,524,0,0,0,0,0,39634,198,3666,1992,1906,0,524,0,0,0,0,0,360,0,0,0,26,26,0,0,0,0,0,0,12661,0,0,62,2608,0,0,0,0,0,0,0,25322,0,3935,1405,0,0,0,0,0,0,0,0,12661,1343,1327,0,0,0,0,0,0,0,0,0,10962,0,1886,0,0,0,0,0,0,0,0,0,10962,1886,0,0,0,0,0,0,0,0,0,0,8656
strogratz_250_5_0.01_1.0_exponential_0.0_19,852,0,0,0,0,26,59,0,0,0,0,0,2556,0,0,0,59,111,85,0,0,0,0,0,39092,0,184,82,5513,1865,530,0,0,0,0,0,39092,184,3648,1947,1865,0,530,0,0,0,0,0,352,0,0,0,24,24,0,0,0,0,0,0,12596,0,0,37,2696,0,0,0,0,0,0,0,25192,0,4063,1403,0,0,0,0,0,0,0,0,12596,1366,1367,0,0,0,0,0,0,0,0,0,10814,0,1928,0,0,0,0,0,0,0,0,0,10814,1928,0,0,0,0,0,0,0,0,0,0,8756
strogratz_250_5_0.01_1.0_exponential_0.0_20,850,0,0,0,0,19,55,0,0,0,0,0,2550,0,0,0,55,93,74,0,0,0,0,0,39112,0,162,64,5446,1836,472,0,0,0,0,0,39112,162,3609,1900,1837,0,472,0,0,0,0,0,388,0,0,0,24,24,0,0,0,0,0,0,12592,0,0,34,2649,0,0,0,0,0,0,0,25184,0,3978,1388,0,0,0,0,0,0,0,0,12592,1354,1329,0,0,0,0,0,0,0,0,0,10918,0,1848,0,0,0,0,0,0,0,0,0,10918,1848,0,0,0,0,0,0,0,0,0,0,8660
strogratz_250_5_0.01_1.0_exponential_0.0_21,808,0,0,0,0,26,48,0,0,0,0,0,2424,0,0,0,48,100,74,0,0,0,0,0,39128,0,208,57,5218,1757,484,0,0,0,0,0,39128,208,3459,1814,1759,0,484,0,0,0,0,0,256,0,0,0,28,28,0,0,0,0,0,0,12689,0,0,33,2529,0,0,0,0,0,0,0,25378,0,3800,1324,0,0,0,0,0,0,0,0,12689,1291,1271,0,0,0,0,0,0,0,0,0,10972,0,1740,0,0,0,0,0,0,0,0,0,10972,1740,0,0,0,0,0,0,0,0,0,0,8756
strogratz_250_5_0.01_1.0_exponential_0.0_22,959,0,0,0,0,24,51,0,0,0,0,0,2877,0,0,0,51,99,75,0,0,0,0,0,39844,0,172,99,5468,1809,442,0,0,0,0,0,39844,172,3589,1908,1879,0,442,0,0,0,0,0,300,0,0,0,34,34,0,0,0,0,0,0,12810,0,0,36,2621,0,0,0,0,0,0,0,25620,0,3952,1362,0,0,0,0,0,0,0,0,12810,1326,1331,0,0,0,0,0,0,0,0,0,10874,0,1858,0,0,0,0,0,0,0,0,0,10874,1858,0,0,0,0,0,0,0,0,0,0,8624
strogratz_250_5_0.01_1.0_exponential_0.0_23,817,0,0,0,0,20,53,0,0,0,0,0,2451,0,0,0,53,93,73,0,0,0,0,0,39320,0,204,98,5420,1808,506,0,0,0,0,0,39320,204,3565,1906,1855,0,506,0,0,0,0,0,380,0,0,0,18,18,0,0,0,0,0,0,12850,0,0,52,2563,0,0,0,0,0,0,0,25700,0,3868,1362,0,0,0,0,0,0,0,0,12850,1310,1305,0,0,0,0,0,0,0,0,0,10846,0,1882,0,0,0,0,0,0,0,0,0,10846,1882,0,0,0,0,0,0,0,0,0,0,8728
strogratz_250_5_0.01_1.0_exponential_0.0_24,755,0,0,0,0,18,56,0,0,0,0,0,2265,0,0,0,56,92,74,0,0,0,0,0,39086,0,204,96,5480,1800,504,0,0,0,0,0,39086,204,3592,1896,1888,0,504,0,0,0,0,0,364,0,0,0,20,20,0,0,0,0,0,0,12608,0,0,55,2590,0,0,0,0,0,0,0,25216,0,3924,1366,0,0,0,0,0,0,0,0,12608,1311,1334,0,0,0,0,0,0,0,0,0,11006,0,1854,0,0,0,0,0,0,0,0,0,11006,1854,0,0,0,0,0,0,0,0,0,0,8736
strogratz_250_5_0.01_1.0_exponential_0.0_25,1207,0,0,0,0,24,62,0,0,0,0,0,3621,0,0,0,62,110,86,0,0,0,0,0,40444,0,234,100,5571,1845,512,0,0,0,0,0,40444,234,3658,1945,1913,0,512,0,0,0,0,0,404,0,0,0,36,36,0,0,0,0,0,0,12870,0,0,46,2596,0,0,0,0,0,0,0,25740,0,3924,1360,0,0,0,0,0,0,0,0,12870,1314,1328,0,0,0,0,0,0,0,0,0,11120,0,1836,0,0,0,0,0,0,0,0,0,11120,1836,0,0,0,0,0,0,0,0,0,0,8648
strogratz_250_5_0.01_1.0_exponential_0.2_1,16258,7,113,428,1,393,252,0,1,6,0,7,48788,969,654,3,252,1038,645,13,8,0,127,1291,114215,711,864,582,2148,692,72,4,0,582,836,711,114215,864,1129,1274,1019,4,72,0,8,24,752,752,1468,27,54,27,56,56,0,586,558,1040,1319,65,4460,97,33,40,175,1,558,1730,2499,2219,130,91,8983,106,285,145,2,0,1144,1179,1180,65,39,100,4451,105,110,1,4,86,189,77,186,79,463,206,787,17,64,41,49,77,189,186,295,285,168,17,787,64,3,9,8,8,32,34,68,34,140,140,184
strogratz_250_5_0.01_1.0_exponential_0.2_2,16172,2,114,379,2,393,282,0,0,4,0,2,48520,872,607,6,282,1068,675,8,4,0,113,1217,114111,643,744,551,2073,722,68,4,2,552,778,643,114111,744,1122,1273,951,4,68,2,7,21,622,622,1368,13,26,13,62,62,0,580,509,1135,1296,71,5086,102,25,54,202,0,509,1669,2468,2394,142,84,10242,100,329,183,0,0,1089,1259,1172,71,43,82,5088,129,127,0,7,63,199,75,192,85,488,213,939,13,66,28,42,75,199,192,308,298,180,13,939,66,2,6,8,8,20,40,80,40,148,148,236
strogratz_250_5_0.01_1.0_exponential_0.2_3,16117,3,113,359,4,383,258,0,0,4,0,3,48357,831,585,12,258,1024,641,8,4,0,131,1233,111189,657,776,549,1944,685,66,2,0,551,813,657,111189,776,1040,1234,904,2,66,0,7,21,706,706,1400,18,36,18,44,44,0,615,631,1028,1239,60,4031,94,37,39,193,1,631,1861,2387,2147,120,99,8140,85,295,169,2,0,1246,1119,1148,60,32,90,4040,130,102,1,11,73,238,88,176,77,469,210,667,15,42,31,53,88,238,176,301,287,168,15,667,42,3,9,22,22,48,25,50,25,124,124,108
strogratz_250_5_0.01_1.0_exponential_0.2_4,14786,1,133,344,2,362,241,0,0,2,0,1,44360,821,610,6,241,965,603,4,2,0,164,1156,107175,653,864,569,2136,765,51,5,0,496,824,653,107175,864,1166,1334,970,5,51,0,3,9,690,690,1444,22,44,22,34,34,0,599,547,1062,1208,71,4428,90,42,42,201,0,547,1745,2347,2193,142,89,8914,117,315,171,0,0,1146,1131,1139,71,43,116,4401,129,114,0,7,85,197,77,200,80,489,231,864,20,58,39,53,77,197,200,320,311,169,20,864,58,2,6,16,16,32,38,76,38,132,132,172
strogratz_250_5_0.01_1.0_exponential_0.2_5,15867,1,126,392,0,381,292,0,1,4,0,1,47603,910,644,0,292,1054,673,9,6,0,126,1284,112039,631,854,581,2207,772,79,1,0,579,831,631,112039,854,1199,1353,1008,1,79,0,6,18,688,688,1292,24,48,24,58,58,0,526,592,1077,1242,67,4788,102,38,39,219,1,592,1644,2407,2231,134,100,9653,103,343,173,2,0,1118,1154,1165,67,40,101,4787,134,124,1,7,93,206,72,194,68,468,228,866,16,86,43,57,72,206,194,314,296,154,16,866,86,3,9,12,12,48,29,58,29,128,128,268
strogratz_250_5_0.01_1.0_exponential_0.2_6,15532,1,130,337,0,399,275,0,2,1,0,1,46598,804,597,0,275,1073,674,4,5,0,105,1259,111270,656,826,613,2146,679,78,2,0,577,787,656,111270,826,1106,1292,1040,2,78,0,5,15,644,644,1380,30,60,30,28,28,0,561,584,1118,1240,78,4560,100,32,42,192,2,584,1706,2417,2299,156,99,9186,99,306,162,4,0,1145,1181,1177,78,33,98,4561,120,114,2,11,101,192,60,254,73,459,196,771,13,30,45,67,60,192,254,291,269,168,13,771,30,3,9,10,10,28,28,56,28,128,128,148
strogratz_250_5_0.01_1.0_exponential_0.2_7,15874,0,99,402,1,361,234,0,1,2,0,0,47622,903,600,3,234,956,595,5,4,0,123,1187,111484,602,814,567,2087,688,55,7,2,532,778,602,111484,814,1104,1255,983,7,55,2,2,6,614,614,1252,25,50,25,42,42,0,583,509,1171,1170,62,4589,98,40,47,181,2,509,1675,2342,2340,124,114,9232,108,301,155,4,0,1092,1169,1172,62,24,124,4579,108,120,2,3,57,201,77,166,84,426,206,738,16,52,27,33,77,201,166,274,290,152,16,738,52,1,3,10,10,28,34,68,34,98,98,212
strogratz_250_5_0.01_1.0_exponential_0.2_8,16742,0,147,404,1,373,223,0,0,3,0,0,50226,955,698,3,223,969,596,6,3,0,160,1310,116916,696,834,574,1885,621,61,1,0,575,895,696,116916,834,966,1195,919,1,61,0,8,24,610,610,1468,15,30,15,42,42,0,577,574,1027,1246,50,4240,87,34,41,154,0,574,1728,2440,2106,100,90,8547,85,246,144,0,0,1151,1079,1194,50,31,88,4242,103,92,0,8,108,182,82,190,75,458,211,712,8,40,50,66,82,182,190,297,286,161,8,712,40,4,12,16,16,24,32,64,32,120,120,120
strogratz_250_5_0.01_1.0_exponential_0.2_9,16225,1,119,377,2,330,226,1,1,2,0,1,48677,873,615,6,227,888,556,5,4,0,165,1215,112173,641,792,515,1836,587,39,3,0,525,855,641,112173,792,954,1102,882,3,39,0,5,15,644,644,1228,20,40,20,36,36,0,621,506,1109,1253,64,4466,82,40,47,154,1,506,1748,2439,2285,128,86,9006,84,264,138,2,0,1127,1176,1186,64,36,88,4464,91,110,1,10,64,206,62,170,66,466,216,740,10,44,27,47,62,206,170,308,282,158,10,740,44,4,12,16,16,28,26,52,26,140,140,144
strogratz_250_5_0.01_1.0_exponential_0.2_10,14491,0,98,326,2,280,208,0,0,2,0,0,43473,750,522,6,208,768,488,4,2,0,106,1090,105365,645,678,438,1725,569,54,2,0,492,704,645,105365,678,928,1007,797,2,54,0,2,6,612,612,1056,10,20,10,20,20,0,637,568,1219,1346,63,4470,75,30,40,173,1,568,1842,2668,2462,126,77,8975,98,283,143,2,0,1205,1243,1322,63,28,100,4447,103,110,1,10,84,257,91,186,93,503,202,720,14,54,37,57,91,257,186,306,295,197,14,720,54,4,12,22,22,40,38,76,38,148,148,200
strogratz_250_5_0.01_1.0_exponential_0.2_11,15041,1,132,374,4,440,266,1,0,3,0,1,45125,880,638,12,267,1148,706,6,3,0,136,1168,108071,589,766,634,2430,800,81,3,0,516,788,589,108071,766,1298,1434,1132,3,81,0,7,21,732,732,1512,27,54,27,66,66,0,603,520,1108,1243,59,4951,113,43,50,211,0,520,1726,2472,2230,118,120,9987,107,340,182,0,0,1123,1122,1229,59,36,114,4957,132,129,0,11,73,198,82,200,96,499,205,947,17,64,31,53,82,198,200,304,301,195,17,947,64,2,6,20,20,8,21,42,21,134,134,200
strogratz_250_5_0.01_1.0_exponential_0.2_12,14776,2,88,326,0,383,265,0,0,3,0,2,44332,740,502,0,265,1031,648,6,3,0,78,1030,106315,541,754,567,2159,718,76,4,0,476,632,541,106315,754,1155,1285,1004,4,76,0,2,6,600,600,1160,20,40,20,42,42,4,569,571,1117,1315,65,4837,99,37,48,227,0,571,1709,2474,2390,130,100,9737,109,375,175,0,0,1140,1273,1159,65,36,110,4827,127,148,0,8,66,191,81,150,86,548,240,919,21,62,29,45,81,191,150,351,326,197,21,919,62,1,3,20,20,24,30,60,30,166,166,248
strogratz_250_5_0.01_1.0_exponential_0.2_13,15325,1,117,323,1,379,227,0,0,4,0,1,45977,763,557,3,227,985,606,8,4,0,94,1076,108764,690,896,589,2000,651,58,4,0,491,679,690,108764,896,1031,1240,969,4,58,0,2,6,712,712,1380,16,32,16,30,30,0,559,577,1043,1295,79,4966,108,31,53,191,1,577,1695,2399,2277,158,100,10016,94,310,178,2,0,1136,1234,1104,79,39,86,4980,125,119,1,7,57,199,75,172,87,476,203,802,16,40,25,39,75,199,172,296,290,180,16,802,40,5,15,18,18,32,34,68,34,144,144,244
strogratz_250_5_0.01_1.0_exponential_0.2_14,15962,1,103,402,2,442,292,0,1,4,0,1,47888,907,608,6,292,1176,734,9,6,0,163,1275,113424,634,756,617,2246,809,69,3,0,556,882,634,113424,756,1219,1426,1027,3,69,0,4,12,718,718,1304,26,52,26,42,42,0,560,589,1035,1271,63,4208,94,36,47,186,1,589,1709,2358,2254,126,94,8487,95,310,156,2,0,1149,1219,1087,63,36,95,4207,109,124,1,6,80,196,74,182,75,451,198,722,14,60,37,49,74,196,182,287,273,164,14,722,60,3,9,10,10,20,27,54,27,110,110,144
strogratz_250_5_0.01_1.0_exponential_0.2_15,16510,1,121,345,3,389,257,0,0,3,0,1,49532,811,587,9,257,1035,646,6,3,0,99,1051,115052,618,782,593,2143,746,50,4,2,476,674,618,115052,782,1148,1339,995,4,50,2,4,12,712,712,1544,30,60,30,46,46,0,574,547,1081,1294,73,4581,97,36,55,200,4,547,1695,2419,2331,146,94,9236,98,315,195,8,0,1121,1250,1125,73,39,95,4580,140,115,4,8,88,189,73,206,77,480,195,795,13,62,40,56,73,189,206,299,272,181,13,795,62,3,9,8,8,56,40,80,40,154,154,164
strogratz_250_5_0.01_1.0_exponential_0.2_16,15926,0,97,361,4,330,261,0,1,5,0,0,47778,819,555,12,261,921,591,11,7,0,114,1180,113060,632,794,512,1925,695,66,0,0,533,761,632,113060,794,1054,1207,871,0,66,0,5,15,682,682,1268,22,44,22,54,54,0,535,553,1037,1221,53,4596,94,37,41,183,0,553,1623,2334,2182,106,93,9262,99,290,158,0,0,1088,1145,1113,53,38,98,4591,117,107,0,7,69,211,83,192,65,463,184,805,15,70,31,45,83,211,192,291,249,172,15,805,70,2,6,14,14,44,41,82,41,104,104,168
strogratz_250_5_0.01_1.0_exponential_0.2_17,16104,3,115,472,0,428,292,0,1,4,0,3,48318,1059,702,0,292,1148,720,9,6,0,132,1372,113715,653,870,647,2395,778,75,7,0,620,884,653,113715,870,1263,1425,1132,7,75,0,6,18,688,688,1616,33,66,33,56,56,0,560,567,1008,1241,75,4915,99,40,68,256,1,567,1687,2404,2094,150,106,9893,109,415,233,2,0,1127,1086,1163,75,33,116,4905,165,159,1,9,91,217,75,192,87,524,215,911,17,68,41,59,75,217,192,326,302,198,17,911,68,1,3,16,16,32,25,50,25,120,120,196
strogratz_250_5_0.01_1.0_exponential_0.2_18,16544,2,105,422,1,390,226,0,3,5,0,2,49636,949,632,3,226,1006,616,13,11,0,112,1292,115422,650,884,562,1964,672,57,3,0,590,814,650,115422,884,1037,1234,927,3,57,0,5,15,668,668,1320,18,36,18,46,46,0,552,557,1023,1255,75,4409,92,27,44,188,1,557,1661,2335,2221,150,86,8869,101,301,163,2,0,1109,1198,1080,75,33,95,4400,119,113,1,6,78,175,61,180,74,458,184,712,12,40,36,48,61,175,180,284,258,174,12,712,40,5,15,12,12,32,24,48,24,138,138,156
strogratz_250_5_0.01_1.0_exponential_0.2_19,15703,1,100,356,6,462,267,0,0,2,0,1,47111,812,556,18,267,1191,729,4,2,0,154,1222,112226,654,828,593,2353,798,101,7,2,534,842,654,112226,828,1279,1391,1074,7,101,2,5,15,700,700,1448,28,56,28,48,48,0,638,577,1108,1313,62,4970,106,38,67,195,1,577,1853,2436,2406,124,101,10014,113,329,195,2,0,1215,1298,1123,62,43,108,4963,128,134,1,13,87,243,105,194,102,494,222,871,27,70,37,63,105,243,194,307,324,187,27,871,70,2,6,8,8,40,24,48,24,140,140,152
strogratz_250_5_0.01_1.0_exponential_0.2_20,15147,1,129,335,1,395,278,0,3,3,0,1,45443,799,593,3,278,1068,673,9,9,0,112,1184,109065,675,766,624,2350,806,72,2,0,536,760,675,109065,766,1266,1430,1084,2,72,0,7,21,626,626,1300,24,48,24,74,74,0,600,561,1017,1237,64,5135,105,39,65,254,0,561,1761,2359,2149,128,102,10336,120,420,218,0,0,1161,1132,1122,64,42,117,5120,153,166,0,7,75,202,76,194,83,554,235,994,18,92,34,48,76,202,194,353,318,201,18,994,92,5,15,16,16,8,33,66,33,132,132,248
strogratz_250_5_0.01_1.0_exponential_0.2_21,16701,1,108,390,3,384,268,0,1,5,0,1,50105,888,606,9,268,1036,652,11,7,0,99,1199,116276,636,902,592,2085,711,60,2,0,550,748,636,116276,902,1102,1303,983,2,60,0,7,21,692,692,1312,20,40,20,42,42,0,587,545,1083,1209,72,4352,102,29,35,157,1,545,1719,2435,2149,144,92,8770,104,243,141,2,0,1132,1066,1226,72,39,94,4350,106,86,1,13,87,158,58,168,77,440,215,759,15,42,37,63,58,158,168,289,292,151,15,759,42,0,0,16,16,16,31,62,31,118,118,152
strogratz_250_5_0.01_1.0_exponential_0.2_22,14891,2,151,377,1,372,248,0,0,2,0,2,44677,905,679,3,248,992,620,4,2,0,153,1141,107497,651,738,592,2042,698,67,1,0,494,800,651,107497,738,1074,1290,968,1,67,0,6,18,622,622,1068,26,52,26,50,50,0,602,548,1151,1323,56,4897,114,31,40,201,0,548,1752,2547,2401,112,102,9877,105,321,161,0,0,1150,1250,1224,56,43,93,4906,121,120,0,5,105,199,73,196,84,480,222,883,9,70,50,60,73,199,196,309,306,171,9,883,70,2,6,26,26,40,44,88,44,146,146,256
strogratz_250_5_0.01_1.0_exponential_0.2_23,14758,1,141,403,3,416,293,0,2,3,0,1,44276,947,685,9,293,1125,709,8,7,0,141,1261,106744,700,818,602,2265,787,93,7,0,560,842,700,106744,818,1225,1389,1040,7,93,0,4,12,694,694,1276,27,54,27,58,58,0,719,588,1209,1528,58,4314,110,46,43,183,1,588,2026,2847,2627,116,114,8716,110,295,157,2,0,1307,1418,1319,58,42,114,4314,114,112,1,7,109,264,96,230,85,484,227,728,20,52,51,65,96,264,230,313,312,171,20,728,52,4,12,28,28,40,51,102,51,114,114,148
strogratz_250_5_0.01_1.0_exponential_0.2_24,15872,2,149,473,3,431,286,0,1,7,0,2,47620,1095,771,9,286,1148,717,15,9,0,122,1310,109176,690,936,669,2306,689,76,6,0,594,838,690,109176,936,1163,1358,1143,6,76,0,4,12,772,772,1580,33,66,33,68,68,0,599,519,1059,1207,70,4300,90,31,50,185,1,519,1717,2387,2145,140,95,8654,93,307,163,2,0,1118,1086,1180,70,26,98,4297,113,122,1,8,60,172,76,206,80,479,183,714,18,52,26,42,76,172,206,291,263,188,18,714,52,0,0,4,4,28,26,52,26,124,124,96
strogratz_250_5_0.01_1.0_exponential_0.2_25,15861,2,145,415,2,352,267,0,1,4,0,2,47587,975,705,6,267,971,619,9,6,0,143,1305,110503,731,726,648,2152,752,66,8,0,581,867,731,110503,726,1128,1400,1024,8,66,0,4,12,632,632,1180,26,52,26,38,38,0,606,578,1158,1281,62,4683,86,52,42,215,3,578,1790,2524,2354,124,100,9445,97,338,176,6,0,1184,1196,1243,62,38,111,4672,134,123,3,8,90,251,83,174,81,430,179,885,19,74,41,57,83,251,174,264,260,166,19,885,74,5,15,18,18,16,29,58,29,144,144,204
barabasi_250_5_0.01_0.5_exponential_0.0_1,160145,298,3280,12722,245,5034,2357,25,69,166,3,298,481031,28724,19282,735,2382,12475,7391,401,304,9,3823,24651,137034,11258,3244,5434,12697,5293,854,362,14,10414,18060,11258,137034,3244,6278,10727,6419,362,854,14,239,717,3178,3178,1348,437,874,437,236,236,4,3765,1679,4398,5184,242,5461,540,92,126,201,4,1646,9242,9893,9271,484,509,11116,561,344,310,8,33,5411,4873,4709,242,123,530,5440,184,143,4,33,225,520,250,150,92,293,167,162,6,4,96,162,250,520,150,184,259,109,6,162,4,0,0,6,6,0,3,6,3,6,6,8
barabasi_250_5_0.01_0.5_exponential_0.0_2,1060132,510,39090,28482,758,37370,7478,240,642,369,3,510,3181416,96054,106662,2274,7718,82698,44848,1380,1653,9,14689,43055,170188,17050,3888,13802,22057,10943,1607,697,26,14183,43561,17050,170188,3888,9599,24745,12458,697,1607,26,286,858,3380,3380,1768,592,1184,592,346,346,32,25809,5443,23318,14513,1128,25580,2148,524,1122,729,30,5344,57160,33614,42048,2256,2281,51852,2371,1557,2145,60,99,31153,18730,19101,1128,391,2504,25357,1023,828,30,463,1165,3104,1410,840,1022,1732,1026,1250,44,30,351,1277,1410,3104,840,868,2048,864,44,1250,30,9,27,56,56,24,30,60,30,42,42,12
barabasi_250_5_0.01_0.5_exponential_0.0_3,417051,773,25615,6351,328,18652,2722,183,635,190,4,773,1252699,38317,57581,984,2905,40392,21374,1015,1460,12,17412,27526,176024,12218,3634,15525,16145,8334,1855,451,36,5057,39881,12218,176024,3634,4477,23859,11668,451,1855,36,197,591,3208,3208,1724,364,728,364,216,216,8,14463,2177,14665,4558,414,18118,2270,268,1512,597,45,2095,31185,15594,22852,828,2322,36721,2269,2079,2139,90,82,16558,8187,11036,414,216,2321,18119,627,1482,45,423,661,1335,441,222,1270,1727,607,1670,42,60,119,965,441,1335,222,532,1877,1195,42,1670,60,4,12,30,30,4,23,46,23,46,46,28
barabasi_250_5_0.01_0.5_exponential_0.0_4,623441,260,5741,32335,438,16457,7503,37,115,405,4,260,1870843,70411,43817,1314,7540,40491,23960,925,635,12,4288,44548,186739,14635,4412,8972,24160,10804,1243,477,20,20130,28706,14635,186739,4412,12996,19776,11164,477,1243,20,216,648,4080,4080,2352,428,856,428,296,296,12,12805,5372,8959,15155,677,17385,1264,193,321,657,12,5337,31017,26527,21701,1354,1190,35245,1249,1056,900,24,35,18142,12742,11372,677,267,1175,17400,579,399,12,84,736,1489,523,598,319,1003,592,642,16,20,326,494,523,1489,598,638,911,365,16,642,20,2,6,16,16,28,13,26,13,18,18,12
barabasi_250_5_0.01_0.5_exponential_0.0_5,713905,394,5605,40207,484,22683,11333,41,147,812,8,394,2142503,86019,51417,1452,11374,56781,34016,1771,1106,24,4599,54273,202034,14264,4768,10489,29646,11963,1849,705,38,24837,34035,14264,202034,4768,15560,22452,14086,705,1849,38,222,666,3780,3780,2376,459,918,459,326,326,28,17702,8395,12327,19728,955,28109,2529,442,665,1498,29,8340,43854,36909,27201,1910,2417,57280,2463,2532,1794,58,55,26042,14874,17181,955,554,2351,28175,1129,1034,29,112,1328,2523,929,726,672,2285,1251,1613,59,62,608,832,929,2523,726,1432,1923,853,59,1613,62,4,12,54,54,12,42,84,42,34,34,16
barabasi_250_5_0.01_0.5_exponential_0.0_6,116412,312,6109,4773,140,5609,1131,47,99,96,1,312,349860,15655,16991,420,1178,12443,6740,291,294,3,6621,13847,153847,8227,3744,6356,7880,4706,697,227,10,3613,16855,8227,153847,3744,3115,11062,4765,227,697,10,151,453,3500,3500,2140,222,444,222,140,140,4,4596,929,5267,3358,190,6175,480,93,170,190,9,889,10161,7427,9823,380,460,12553,483,360,360,18,40,5485,4556,4069,190,113,463,6172,190,170,9,68,198,522,182,100,171,324,215,198,2,8,65,201,182,522,100,184,386,140,2,198,8,4,12,4,4,8,7,14,7,2,2,12
barabasi_250_5_0.01_0.5_exponential_0.0_7,850658,400,11265,35185,610,23256,10419,86,260,923,10,400,2552774,81635,57715,1830,10505,57103,33675,2106,1443,30,10053,69561,212720,20666,5816,14197,36364,15707,2740,1020,38,29754,49860,20666,212720,5816,18937,29904,17427,1020,2740,38,571,1713,5570,5570,3160,973,1946,973,546,546,20,18656,8307,13400,17660,994,26554,2613,467,752,1586,38,8214,45712,33847,28273,1988,2592,54054,2622,2369,2307,76,93,26870,14873,16187,994,488,2601,26545,1555,783,38,168,1296,1790,784,490,509,1725,1026,1378,64,28,564,900,784,1790,490,1121,1535,604,64,1378,28,4,12,22,22,8,16,32,16,42,42,20
barabasi_250_5_0.01_0.5_exponential_0.0_8,935530,289,6802,49074,561,26224,14192,44,172,874,9,289,2807168,104950,62678,1683,14236,66728,40416,1920,1218,27,4443,59039,173747,14853,3920,10259,28584,11999,1717,639,24,27298,36184,14853,173747,3920,15162,22258,13422,639,1717,24,323,969,3540,3540,1864,510,1020,510,302,302,16,19796,10194,11129,18866,740,23753,1954,360,482,1001,27,10147,49833,34117,25873,1480,1892,48298,1944,1655,1311,54,47,29943,14744,15251,740,422,1882,23763,829,654,27,119,1157,1665,625,464,390,1352,664,738,24,22,519,757,625,1665,464,813,1054,539,24,738,22,10,30,26,26,20,16,32,16,28,28,8
barabasi_250_5_0.01_0.5_exponential_0.0_9,1474750,361,18533,54671,785,40487,17551,70,275,968,10,361,4424972,127875,91737,2355,17621,98665,58038,2211,1518,30,8377,58181,169356,13068,3390,10353,28935,13258,1446,518,20,24902,41656,13068,169356,3390,15920,23611,13015,518,1446,20,284,852,2960,2960,1736,412,824,412,268,268,20,26873,11468,16168,23758,806,35413,2250,465,641,1344,26,11432,65250,44888,34964,1612,2247,71821,2188,2162,1808,52,36,38305,18796,21130,806,468,2185,35475,1167,818,26,161,1335,2054,752,488,558,1740,916,1176,32,42,587,909,752,2054,488,1049,1474,691,32,1176,42,5,15,46,46,20,22,44,22,36,36,16
barabasi_250_5_0.01_0.5_exponential_0.0_10,362167,538,12040,17542,434,12913,4120,133,207,284,10,538,1087577,47124,41622,1302,4253,30212,17033,775,698,30,8897,34903,193980,15076,5390,9727,16181,8534,1154,388,22,13003,30797,15076,193980,5390,7494,18261,8687,388,1154,22,152,456,4326,4326,2560,299,598,299,200,200,12,10521,3192,11827,9671,768,11894,1290,270,421,596,8,3089,24337,19980,23016,1536,1233,24336,1339,995,1039,16,103,13610,11189,10309,768,327,1282,11845,618,399,8,182,634,1649,599,470,413,779,522,466,24,18,226,590,599,1649,470,444,935,335,24,466,18,10,30,18,18,20,17,34,17,30,30,4
barabasi_250_5_0.01_0.5_exponential_0.0_11,226105,273,5111,16841,284,7537,3390,35,58,244,2,273,678861,38793,27063,852,3425,18534,10927,546,360,6,2722,24638,146582,10630,3756,4575,12317,6000,683,251,10,10958,16402,10630,146582,3756,6871,10575,5446,251,683,10,107,321,3378,3378,1656,187,374,187,136,136,8,6024,2632,5937,8283,377,6871,858,179,203,409,6,2596,14716,15492,12948,754,858,14123,835,594,630,12,36,8620,7011,7209,377,179,835,6894,427,185,6,62,442,1042,394,204,202,531,395,371,19,10,190,314,394,1042,204,362,597,169,19,371,10,2,6,24,24,16,10,20,10,6,6,4
barabasi_250_5_0.01_0.5_exponential_0.0_12,170940,218,2763,15458,270,5501,2222,22,17,121,1,218,513256,33679,20984,810,2244,13268,7723,259,155,3,2256,21088,143240,12348,3698,4407,10343,5642,726,316,12,9416,13928,12348,143240,3698,5789,10049,4554,316,726,12,194,582,3662,3662,1520,375,750,375,188,188,4,3921,1814,5379,7609,479,5374,575,108,108,207,5,1747,9723,13727,12249,958,533,11033,548,335,295,10,67,5668,6870,6118,479,150,506,5401,187,128,5,68,302,1007,461,334,115,318,203,164,14,0,117,253,461,1007,334,203,318,115,14,164,0,2,6,14,14,8,5,10,5,6,6,4
barabasi_250_5_0.01_0.5_exponential_0.0_13,249880,184,3443,20977,408,7616,4322,36,80,312,1,184,750008,45397,27863,1224,4358,19626,11938,704,472,3,2579,32723,160106,15276,4630,6491,15531,7618,1021,465,16,15072,20230,15276,160106,4630,8329,14109,7202,465,1021,16,321,963,4020,4020,1672,454,908,454,184,184,8,5341,2964,7275,9899,594,7421,1005,165,153,386,7,2925,13685,18147,16201,1188,962,15327,893,549,529,14,39,8266,8926,8248,594,208,850,7533,376,163,7,54,552,1237,543,330,160,469,351,258,18,10,249,357,543,1237,330,330,511,139,18,258,10,2,6,34,34,4,12,24,12,10,10,0
barabasi_250_5_0.01_0.5_exponential_0.0_14,744328,344,16544,27432,365,22363,7779,83,288,464,9,344,2233672,71408,60520,1095,7862,52671,30142,1216,1040,27,12688,54224,234691,22459,10146,13353,28648,11571,1787,709,16,20768,46144,22459,234691,10146,13433,24924,15215,709,1787,16,347,1041,9610,9610,6552,651,1302,651,368,368,12,15193,5449,11711,13250,544,19015,1689,272,487,708,18,5405,35879,26520,23402,1088,1625,38735,1592,1275,1115,36,44,20598,11691,13270,544,336,1528,19112,628,567,18,106,718,1207,445,386,344,1111,541,633,23,26,306,518,445,1207,386,654,885,457,23,633,26,5,15,14,14,8,7,14,7,12,12,4
barabasi_250_5_0.01_0.5_exponential_0.0_15,300825,577,15313,13544,431,10552,3142,88,198,206,1,577,903629,42401,44170,1293,3230,24422,13694,610,602,3,9124,25930,177271,15231,4788,9312,15750,8104,1297,577,22,8403,26651,15231,177271,4788,7271,17416,8479,577,1297,22,243,729,3862,3862,2156,571,1142,571,446,446,12,8770,2317,10001,8411,654,9529,1189,195,355,355,14,2272,19902,18386,18438,1308,1184,19500,1142,707,713,28,45,11042,8437,9975,654,200,1137,9576,358,352,14,176,518,1419,577,420,390,769,353,424,18,8,171,523,577,1419,420,366,743,403,18,424,8,8,24,14,14,12,13,26,13,16,16,0
barabasi_250_5_0.01_0.5_exponential_0.0_16,806196,423,20474,24196,717,25132,8311,82,345,361,6,423,2419434,68866,65144,2151,8393,58739,33443,1067,1051,18,16688,47228,188567,14151,4980,13885,20988,10579,1085,371,10,15270,48646,14151,188567,4980,8841,24464,12147,371,1085,10,215,645,3756,3756,2320,323,646,323,216,216,4,19245,6373,15169,12636,875,22835,1586,297,526,619,18,6327,44909,27931,27679,1750,1593,46306,1537,1241,1049,36,46,25572,12510,15295,875,290,1544,22884,523,622,18,246,842,1586,672,422,564,1328,490,848,24,22,298,790,672,1586,422,627,1054,701,24,848,22,6,18,34,34,8,12,24,12,18,18,8
barabasi_250_5_0.01_0.5_exponential_0.0_17,289527,469,5290,19352,262,11834,6158,52,205,621,7,469,869519,43994,29932,786,6210,29930,17992,1447,1031,21,4897,44151,194251,12895,4798,8580,24297,9317,1931,523,42,19627,29421,12895,194251,4798,12517,17897,11780,523,1931,42,273,819,4480,4480,2700,444,888,444,288,288,12,9250,4776,7814,10476,464,13716,1996,510,556,966,25,4753,23299,20065,16515,928,2079,28371,1994,1711,1333,50,23,14003,8701,9589,464,427,2077,13718,777,745,25,116,952,1305,413,298,411,1420,631,808,30,42,418,650,413,1305,298,820,1042,600,30,808,42,7,21,26,26,24,19,38,19,24,24,12
barabasi_250_5_0.01_0.5_exponential_0.0_18,600440,502,24608,17764,752,17612,4720,177,322,259,5,502,1802324,60136,66980,2256,4897,40298,22332,840,903,15,18493,41739,184753,18887,5976,14314,20792,11576,1432,476,20,11623,48609,18887,184753,5976,9027,25890,11765,476,1432,20,341,1023,4968,4968,2696,458,916,458,282,282,4,14636,3555,16210,10752,946,16143,1625,327,721,630,15,3487,32895,24813,29111,1892,1609,33150,1431,1394,1308,30,68,18123,12901,14061,946,343,1415,16337,587,764,15,190,684,1544,662,504,592,1289,595,901,25,28,247,627,662,1544,504,646,1187,643,25,901,28,6,18,12,12,16,21,42,21,28,28,28
barabasi_250_5_0.01_0.5_exponential_0.0_19,280771,539,10230,14019,387,10040,2736,112,219,195,1,539,843391,38268,34479,1161,2848,23040,12776,609,633,3,10053,26221,159516,12534,3938,9175,13425,7510,988,346,14,8084,28190,12534,159516,3938,5880,16685,7545,346,988,14,149,447,3292,3292,1904,273,546,273,144,144,4,8484,2452,9299,7996,586,11798,1336,283,499,490,16,2247,19625,15873,18717,1172,1227,24336,1271,864,1114,32,205,10731,9418,7877,586,392,1162,11863,615,374,16,193,615,1356,574,330,499,897,750,704,36,30,211,597,574,1356,330,574,1249,323,36,704,30,1,3,12,12,4,24,48,24,32,32,16
barabasi_250_5_0.01_0.5_exponential_0.0_20,1845191,712,18743,72554,717,53593,25387,173,477,1699,28,712,5536997,163851,110040,2151,25560,132919,78980,3875,2653,84,9536,73018,179264,16506,2948,13814,35663,14699,2287,675,40,31741,50813,16506,179264,2948,18274,28513,17389,675,2287,40,200,600,2534,2534,1308,420,840,420,280,280,16,40686,17124,19121,25932,688,51000,5207,895,1384,3019,45,17056,98564,49752,40354,1376,5057,104400,4747,4765,4041,90,68,57742,21233,23820,688,1045,4597,51460,2657,1746,45,406,3724,3086,1128,396,1558,5519,2983,4087,89,108,1659,2471,1128,3086,396,3472,4541,2047,89,4087,108,12,36,38,38,16,61,122,61,90,90,56
barabasi_250_5_0.01_0.5_exponential_0.0_21,338138,368,9787,16461,339,11738,4196,67,214,274,7,368,1015150,42709,36035,1017,4263,27806,15934,762,702,21,6649,30261,176863,14125,4260,8166,19235,8763,1437,555,40,11806,25104,14125,176863,4260,9916,16929,9319,555,1437,40,352,1056,3910,3910,1984,620,1240,620,424,424,16,9045,3046,9888,9716,607,9908,1190,199,343,472,15,2990,21192,20076,19132,1214,1174,20140,1280,863,767,30,56,12035,9244,10360,607,215,1264,9818,424,391,15,132,584,1431,589,412,342,836,382,465,17,12,226,490,589,1431,412,438,724,398,17,465,12,5,15,20,20,16,11,22,11,6,6,4
barabasi_250_5_0.01_0.5_exponential_0.0_22,753933,798,25952,33708,895,25218,7316,176,623,506,11,798,2263395,93368,85612,2685,7492,58104,32534,1635,1752,33,12853,44013,183225,18825,4080,13295,24571,10824,2086,670,42,15580,41286,18825,183225,4080,11050,24119,13521,670,2086,42,311,933,3472,3472,1680,581,1162,581,322,322,24,18858,5865,19651,18013,1431,23185,3521,617,1518,1063,42,5778,43668,37776,37552,2862,3558,47384,3704,2550,2612,84,87,24636,17901,19763,1431,580,3741,23002,1094,1487,42,473,1859,3834,1482,864,1317,2797,1284,1746,70,48,693,1639,1482,3834,864,1382,2601,1415,70,1746,48,12,36,92,92,68,49,98,49,70,70,12
barabasi_250_5_0.01_0.5_exponential_0.0_23,150095,188,3500,12419,194,4500,2195,24,41,112,0,188,450661,28338,19419,582,2219,11243,6695,265,194,0,2418,20872,133611,9331,2984,3666,10182,3860,487,187,10,9227,14063,9331,133611,2984,5188,7526,4994,187,487,10,156,468,2960,2960,1492,219,438,219,80,80,8,4648,1808,4709,6805,323,6017,495,89,120,207,3,1793,11119,13122,9906,646,466,12241,495,350,304,6,15,6441,5197,6317,323,118,466,6017,184,143,3,37,353,737,285,156,144,418,250,192,6,4,158,232,285,737,156,262,394,156,6,192,4,5,15,24,24,4,7,14,7,10,10,4
barabasi_250_5_0.01_0.5_exponential_0.0_24,757194,535,8027,44564,664,23826,11138,169,162,1138,15,535,2272652,97155,60618,1992,11307,59128,34964,2438,1462,45,5011,65091,206559,17203,4786,11217,30090,15397,2336,874,48,30040,40062,17203,206559,4786,17135,26614,12955,874,2336,48,358,1074,4126,4126,2240,742,1484,742,516,516,20,17490,8207,14829,21451,1198,23215,3222,717,634,1706,36,7976,43418,38211,34349,2396,3108,47927,3273,2416,2264,72,231,25466,19520,16760,1198,831,3159,23164,1630,710,36,277,2011,3151,1237,1196,698,2125,1745,1572,54,54,867,1421,1237,3151,1196,1586,2443,539,54,1572,54,11,33,54,54,24,32,64,32,52,52,8
barabasi_250_5_0.01_0.5_exponential_0.0_25,169074,188,4443,11780,158,6316,2572,38,58,172,3,188,507598,28003,20666,474,2610,15280,8888,402,288,9,3244,18834,154755,9609,3880,4783,9823,4488,658,242,12,7795,14283,9609,154755,3880,4764,9271,5059,242,658,12,88,264,3498,3498,2056,170,340,170,154,154,0,4580,1934,4636,5051,202,6825,580,123,143,274,10,1908,11120,9730,9644,404,584,13909,563,436,398,20,26,6488,5008,4679,202,119,567,6842,255,162,10,45,291,532,232,128,152,389,225,264,14,16,123,213,232,532,128,231,377,158,14,264,16,0,0,14,14,0,7,14,7,2,2,0
erdos_250_5_0.01_0.5_exponential_0.0_1,7551,2,271,379,5,192,81,0,0,2,0,2,22657,1029,921,15,81,465,273,4,2,0,201,1005,47702,1084,566,259,548,255,15,7,0,402,804,1084,47702,566,272,514,276,7,15,0,2,6,464,464,244,5,10,5,0,0,0,187,66,246,273,3,314,7,1,3,5,0,66,440,524,514,6,6,635,3,6,10,0,0,253,268,251,3,2,2,318,7,1,0,0,4,13,3,0,2,12,6,0,0,0,2,2,3,13,0,8,8,4,0,0,0,0,0,0,0,0,0,0,0,0,0,0
erdos_250_5_0.01_0.5_exponential_0.0_2,6996,6,212,383,6,222,96,1,3,2,0,6,21000,978,807,18,97,542,318,7,8,0,201,1059,44234,1086,532,313,648,297,11,5,0,429,831,1086,44234,532,316,610,332,5,11,0,6,18,450,450,200,7,14,7,2,2,0,216,88,292,295,7,329,12,2,4,3,0,88,520,590,584,14,6,666,14,7,7,0,0,304,292,295,7,8,8,327,3,4,0,1,5,6,4,2,2,7,3,4,0,0,2,4,4,6,2,4,5,3,0,4,0,0,0,0,0,0,0,0,0,0,0,0
erdos_250_5_0.01_0.5_exponential_0.0_3,6843,6,243,390,4,215,68,1,2,2,0,6,20541,1023,876,12,69,500,283,6,6,0,214,972,44076,1016,446,259,532,259,10,8,0,379,807,1016,44076,446,266,518,266,8,10,0,1,3,360,360,196,3,6,3,8,8,0,151,47,201,218,5,279,7,4,4,2,0,46,350,401,437,10,10,563,7,5,7,0,1,197,236,183,5,1,10,279,3,3,0,0,0,4,2,2,1,7,2,6,0,0,0,0,2,4,2,4,3,3,0,6,0,0,0,0,0,0,0,0,0,0,0,0
erdos_250_5_0.01_0.5_exponential_0.0_4,6667,1,183,364,2,160,70,2,0,1,0,1,20003,911,730,6,72,394,230,2,1,0,190,926,41160,1002,500,243,517,232,11,5,0,368,748,1002,41160,500,253,475,264,5,11,0,3,9,442,442,188,7,14,7,0,0,0,153,59,189,187,1,211,8,1,1,4,0,59,365,375,377,2,7,425,8,5,5,0,0,212,188,188,1,2,7,211,4,1,0,0,10,8,2,0,2,2,2,0,0,0,5,5,2,8,0,1,4,1,0,0,0,0,0,0,0,0,0,0,0,0,0,0
erdos_250_5_0.01_0.5_exponential_0.0_5,7324,4,218,350,3,211,54,0,1,2,0,4,21980,918,786,9,54,476,265,5,4,0,205,1077,45525,981,482,257,539,254,11,5,0,436,846,981,45525,482,268,511,271,5,11,0,3,9,450,450,212,5,10,5,0,0,0,178,55,260,279,8,201,13,1,3,2,0,55,411,571,507,16,11,407,12,3,7,0,0,233,247,292,8,3,10,202,4,1,0,0,4,19,5,0,3,8,3,0,0,0,2,2,5,19,0,4,6,4,0,0,0,0,0,0,0,0,0,0,0,0,0,0
erdos_250_5_0.01_0.5_exponential_0.0_6,7600,0,227,360,2,224,63,1,0,5,0,0,22800,947,814,6,64,513,287,10,5,0,188,944,46773,1029,594,278,559,277,21,5,0,378,754,1029,46773,594,279,555,280,5,21,0,5,15,530,530,220,6,12,6,4,4,0,212,60,230,246,7,236,14,2,1,9,0,60,484,488,464,14,11,480,13,12,8,0,0,272,234,242,7,5,10,237,7,3,0,0,0,23,9,6,1,4,3,2,0,0,0,0,9,23,6,3,4,1,0,2,0,0,0,0,0,0,0,0,0,0,0,0
erdos_250_5_0.01_0.5_exponential_0.0_7,7532,2,188,388,3,207,57,2,0,6,0,2,22600,964,764,9,59,475,264,12,6,0,184,992,45437,1003,462,242,504,282,10,4,0,404,772,1003,45437,462,272,524,232,4,10,0,2,6,426,426,264,5,10,5,4,4,0,152,34,196,214,5,239,9,1,1,3,0,33,339,414,406,10,8,482,8,4,4,0,1,185,210,200,5,2,7,240,3,1,0,0,6,7,5,6,5,3,6,2,0,0,3,3,5,7,6,2,11,1,0,2,0,0,0,0,0,0,0,0,0,0,0,0
erdos_250_5_0.01_0.5_exponential_0.0_8,7300,1,202,390,3,193,64,0,1,4,0,1,21902,982,794,9,64,450,257,9,6,0,221,983,45160,972,586,255,528,259,19,5,0,381,823,972,45160,586,266,514,262,5,19,0,2,6,464,464,212,4,8,4,0,0,0,168,62,200,250,5,246,11,2,3,2,0,61,399,498,402,10,10,500,8,5,5,0,1,229,202,248,5,3,7,249,2,3,0,1,5,10,2,2,2,3,3,4,0,0,2,4,2,10,2,2,5,1,0,4,0,0,0,0,0,0,0,0,0,0,0,0
erdos_250_5_0.01_0.5_exponential_0.0_9,7191,5,237,377,3,239,86,1,2,0,0,5,21583,991,851,9,87,566,325,2,4,0,211,967,45687,1089,472,323,667,346,19,3,0,378,800,1089,45687,472,345,669,322,3,19,0,4,12,398,398,276,9,18,9,4,4,0,164,56,259,265,4,315,10,7,1,4,0,54,386,532,516,8,14,637,13,7,3,0,2,218,257,267,4,3,17,312,2,3,0,0,6,16,6,0,2,2,4,0,0,0,3,3,6,16,0,2,6,0,0,0,0,0,0,0,0,0,0,0,0,0,0,0
erdos_250_5_0.01_0.5_exponential_0.0_10,6558,8,203,397,5,131,40,1,0,2,0,8,19690,997,803,15,41,304,171,4,2,0,170,1052,41191,979,490,139,269,162,4,0,0,441,781,979,41191,490,146,301,123,0,4,0,5,15,468,468,172,3,6,3,2,2,0,108,47,150,202,2,99,6,0,0,0,0,46,264,389,315,4,5,200,5,0,0,0,1,154,165,187,2,1,4,100,0,0,0,0,0,3,1,2,4,7,3,0,0,0,0,0,1,3,2,3,7,4,0,0,0,0,0,0,0,0,0,0,0,0,0,0
erdos_250_5_0.01_0.5_exponential_0.0_11,8061,3,203,368,4,218,68,1,5,1,0,3,24189,939,774,12,69,506,286,7,11,0,251,1027,48648,1094,514,296,515,289,18,4,0,388,890,1094,48648,514,254,585,261,4,18,0,1,3,482,482,236,6,12,6,8,8,0,225,55,297,266,6,277,14,1,2,6,0,55,505,549,577,12,10,560,14,11,5,0,0,280,280,283,6,5,10,277,3,5,0,0,2,13,3,2,2,4,4,2,0,0,1,1,3,13,2,3,6,1,0,2,0,0,0,0,0,0,0,0,0,0,0,0
erdos_250_5_0.01_0.5_exponential_0.0_12,7386,2,201,404,3,217,102,1,0,3,0,2,22162,1009,806,9,103,538,319,6,3,0,184,1074,46374,1054,566,325,572,287,16,8,0,445,813,1054,46374,566,267,612,305,8,16,0,1,3,468,468,280,7,14,7,6,6,0,189,46,247,214,8,216,5,2,2,4,0,46,424,440,482,16,7,437,2,6,6,0,0,235,235,226,8,0,4,219,4,2,0,2,2,7,5,0,3,8,3,2,0,0,0,4,5,7,0,4,6,4,0,2,0,0,0,0,0,0,0,0,0,0,0,0
erdos_250_5_0.01_0.5_exponential_0.0_13,6917,4,204,346,3,179,55,0,1,1,0,4,20759,896,754,9,55,413,234,3,3,0,200,978,44058,942,490,264,532,254,10,4,0,389,789,942,44058,490,261,518,271,4,10,0,3,9,460,460,256,6,12,6,0,0,0,166,54,215,224,4,252,8,2,3,3,1,54,386,434,444,8,8,511,5,6,6,2,0,220,229,210,4,2,5,255,3,3,1,2,10,7,1,0,3,3,0,0,0,0,4,8,1,7,0,0,3,3,0,0,0,0,0,0,0,0,0,0,0,0,0,0
erdos_250_5_0.01_0.5_exponential_0.0_14,6765,6,198,430,3,228,58,0,2,2,0,6,20307,1058,826,9,58,514,286,6,6,0,190,942,43284,1008,420,301,622,289,17,7,0,376,756,1008,43284,420,305,590,317,7,17,0,2,6,418,418,200,7,14,7,8,8,0,203,61,312,253,4,228,8,0,3,3,0,61,467,531,599,8,7,455,10,7,5,0,0,264,287,278,4,1,9,226,2,4,0,2,6,19,3,6,2,5,1,2,0,0,2,6,3,19,6,2,3,3,0,2,0,0,0,0,0,0,0,0,0,0,0,0
erdos_250_5_0.01_0.5_exponential_0.0_15,7538,4,204,365,3,262,88,1,0,5,0,4,22622,934,773,9,89,614,350,10,5,0,161,887,44851,951,482,334,675,345,23,11,0,363,685,951,44851,482,343,679,332,11,23,0,1,3,490,490,264,9,18,9,2,2,0,233,84,324,298,6,354,11,4,3,6,1,84,550,589,655,12,13,713,12,9,9,2,0,317,331,291,6,2,14,353,6,3,1,0,2,10,4,2,6,9,5,2,0,0,1,1,4,10,2,4,11,5,0,2,0,0,0,0,0,0,0,0,0,2,2,0
erdos_250_5_0.01_0.5_exponential_0.0_16,7381,3,172,378,2,200,57,1,0,0,0,3,22149,928,722,6,58,459,257,0,0,0,208,1170,44422,1076,544,301,578,247,11,7,0,481,897,1076,44422,544,262,548,316,7,11,0,5,15,446,446,224,2,4,2,4,4,0,154,51,189,205,7,160,6,1,4,2,0,50,360,408,380,14,4,321,9,6,6,0,1,204,191,203,7,3,7,157,2,4,0,0,0,10,4,4,4,5,5,2,0,0,0,0,4,10,4,3,9,2,0,2,0,0,0,0,0,0,0,0,0,0,0,0
erdos_250_5_0.01_0.5_exponential_0.0_17,6773,6,260,392,3,173,70,2,1,2,0,6,20331,1044,912,9,72,420,243,5,4,0,240,1132,42647,1055,528,247,477,240,9,3,0,446,926,1055,42647,528,235,487,242,3,9,0,0,0,428,428,184,7,14,7,4,4,0,155,78,259,271,10,221,6,2,0,0,0,78,388,524,536,20,7,447,4,0,0,0,0,233,277,253,10,1,5,223,0,0,0,2,4,17,3,0,0,6,4,4,0,0,1,5,3,17,0,5,4,1,0,4,0,0,0,0,0,0,0,0,0,0,0,0
erdos_250_5_0.01_0.5_exponential_0.0_18,6311,4,228,328,1,196,55,0,0,2,0,4,18941,884,784,3,55,447,251,4,2,0,222,940,40225,1015,460,226,501,231,8,6,2,359,803,1015,40225,460,253,457,248,6,8,2,1,3,418,418,228,4,8,4,2,2,0,155,45,204,199,5,154,6,2,7,2,0,45,355,389,417,10,7,311,6,9,9,0,0,200,213,190,5,1,7,154,2,7,0,1,1,4,2,2,2,2,2,4,0,0,0,2,2,4,2,1,4,1,0,4,0,0,0,0,0,0,0,0,0,0,0,0
erdos_250_5_0.01_0.5_exponential_0.0_19,7706,7,269,440,6,225,91,1,0,2,0,7,23132,1149,978,18,92,543,316,4,2,0,287,1151,47733,1121,562,336,616,324,10,4,0,432,1006,1121,47733,562,302,660,314,4,10,0,3,9,502,502,244,7,14,7,4,4,0,191,71,242,267,8,251,22,2,3,3,0,71,453,527,491,16,21,518,11,6,6,0,0,262,249,260,8,3,10,262,3,3,0,2,4,9,5,6,0,2,0,2,0,0,1,5,5,9,6,1,0,1,0,2,0,0,0,0,0,0,0,0,0,0,0,0
erdos_250_5_0.01_0.5_exponential_0.0_20,6922,6,217,394,5,148,64,0,1,2,0,6,20778,1005,828,15,64,360,212,5,4,0,178,1052,43643,1129,542,264,522,258,5,3,0,437,793,1129,43643,542,258,522,264,3,5,0,4,12,458,458,196,3,6,3,4,4,0,124,39,151,167,4,139,9,0,1,4,0,39,287,325,311,8,8,283,5,6,4,0,0,163,160,158,4,1,4,143,3,2,0,0,4,6,2,0,2,3,1,0,0,0,2,2,2,6,0,1,3,2,0,0,0,0,0,0,0,0,0,0,0,0,0,0
erdos_250_5_0.01_0.5_exponential_0.0_21,7708,5,178,342,2,229,67,0,0,1,0,5,23134,862,698,6,67,525,296,2,1,0,219,895,44785,939,548,333,600,321,17,5,0,338,776,939,44785,548,294,654,306,5,17,0,2,6,446,446,196,7,14,7,2,2,0,218,76,298,294,4,213,16,3,7,5,0,76,512,616,568,8,14,434,16,16,8,0,0,294,270,322,4,5,14,213,1,11,0,1,3,12,8,10,3,6,5,0,0,0,1,3,8,12,10,4,8,2,0,0,0,0,0,0,0,0,0,0,0,0,0,0
erdos_250_5_0.01_0.5_exponential_0.0_22,7357,3,193,405,2,154,49,0,1,0,0,3,22077,1003,791,6,49,357,203,1,2,0,205,971,45246,962,492,231,469,224,10,2,0,383,793,962,45246,492,231,455,238,2,10,0,2,6,466,466,196,1,2,1,4,4,0,190,52,287,275,4,183,13,3,0,3,0,51,433,564,560,8,12,373,13,4,2,0,1,241,273,289,4,4,12,183,2,1,0,0,2,10,4,4,4,7,5,3,1,0,1,1,4,10,4,4,9,3,1,3,0,0,0,0,0,0,0,0,0,0,0,0
erdos_250_5_0.01_0.5_exponential_0.0_23,7481,2,245,393,4,231,57,1,0,1,0,2,22447,1031,883,12,58,521,288,2,1,0,228,1074,47227,1047,538,348,679,331,11,5,0,423,879,1047,47227,538,331,679,348,5,11,0,2,6,474,474,256,6,12,6,0,0,0,170,70,234,242,6,233,14,2,3,6,0,70,410,488,464,12,12,467,19,8,10,0,0,240,230,246,6,4,17,228,7,2,0,0,4,18,2,4,1,4,1,4,0,0,2,2,2,18,4,2,2,2,0,4,0,0,0,0,0,0,0,0,0,0,0,0
erdos_250_5_0.01_0.5_exponential_0.0_24,6972,3,216,327,4,166,57,2,0,1,0,3,20922,870,759,12,59,393,223,2,1,0,172,878,42936,916,446,235,491,264,12,6,0,353,697,916,42936,446,260,499,231,6,12,0,3,9,430,430,212,4,8,4,0,0,0,198,85,249,222,7,129,9,0,3,0,0,84,482,453,489,14,7,259,10,3,3,0,1,282,240,231,7,2,8,128,0,3,0,1,5,13,5,6,0,1,1,0,0,0,2,4,5,13,6,1,1,0,0,0,0,0,0,0,0,0,0,0,0,0,0,0
erdos_250_5_0.01_0.5_exponential_0.0_25,7030,4,186,389,4,136,47,0,0,0,0,4,21098,964,761,12,47,319,183,0,0,0,223,1011,43845,1073,566,197,400,219,7,5,0,394,840,1073,43845,566,211,416,189,5,7,0,2,6,478,478,256,8,16,8,0,0,0,119,50,135,167,3,186,8,1,4,3,0,50,288,316,288,6,6,378,6,8,6,0,0,169,153,149,3,3,4,188,2,5,0,0,0,10,4,2,1,3,0,2,0,0,0,0,4,10,2,1,1,2,0,2,0,0,0,0,0,0,0,0,0,0,0,0
