1 34 3
1 245 3
2 89 3
3 15 3
3 107 3
3 134 3
3 144 3
4 64 3
4 221 3
5 25 3
5 86 3
5 272 3
6 15 3
6 18 3
6 23 3
6 81 3
6 140 3
7 166 3
8 26 3
8 98 3
8 285 3
9 12 3
9 19 3
9 142 3
9 158 3
9 254 3
9 258 3
10 144 3
10 182 3
11 124 3
12 73 3
12 137 3
12 194 3
12 243 3
13 14 3
13 32 3
13 220 3
14 67 3
14 92 3
14 128 3
14 162 3
15 52 3
15 152 3
15 202 3
16 89 3
16 217 3
17 85 3
17 97 3
17 204 3
17 253 3
18 26 3
18 123 3
18 151 3
18 225 3
18 241 3
19 69 3
19 114 3
19 117 3
19 257 3
20 23 3
20 33 3
20 35 3
20 68 3
20 113 3
20 169 3
20 249 3
20 292 3
21 106 3
21 109 3
21 156 3
21 175 3
22 35 3
22 76 3
22 129 3
22 148 3
22 203 3
23 199 3
23 234 3
25 76 3
25 82 3
25 101 3
25 197 3
26 106 3
26 113 3
26 226 3
26 275 3
27 198 3
28 211 3
29 38 3
29 253 3
30 167 3
31 72 3
31 86 3
31 238 3
32 106 3
32 143 3
32 197 3
33 252 3
33 298 3
35 37 3
35 124 3
35 213 3
36 76 3
36 151 3
36 292 3
37 120 3
37 171 3
37 175 3
37 276 3
38 53 3
38 65 3
38 87 3
38 152 3
39 218 3
39 263 3
40 45 3
40 76 3
40 275 3
40 281 3
41 161 3
41 209 3
41 211 3
41 230 3
41 292 3
42 93 3
42 197 3
42 242 3
43 121 3
43 174 3
43 266 3
43 288 3
44 77 3
44 208 3
45 101 3
45 146 3
45 172 3
45 291 3
45 301 3
46 265 3
47 163 3
48 156 3
48 171 3
49 274 3
50 58 3
51 53 3
51 69 3
51 81 3
51 104 3
51 114 3
51 245 3
51 271 3
52 98 3
53 167 3
53 259 3
54 100 3
54 159 3
54 238 3
55 146 3
55 148 3
55 214 3
56 119 3
56 216 3
57 98 3
57 134 3
57 271 3
58 182 3
60 209 3
60 228 3
60 243 3
60 259 3
61 65 3
61 215 3
62 130 3
62 248 3
63 94 3
63 196 3
63 225 3
64 83 3
64 128 3
64 170 3
65 67 3
65 90 3
65 133 3
65 233 3
66 97 3
66 140 3
66 202 3
67 257 3
67 284 3
68 200 3
70 79 3
70 149 3
70 165 3
70 237 3
70 258 3
71 154 3
72 114 3
72 117 3
72 251 3
72 296 3
73 207 3
73 209 3
73 235 3
73 250 3
73 261 3
74 125 3
75 185 3
75 186 3
75 268 3
75 288 3
76 284 3
77 208 3
77 302 3
78 191 3
78 233 3
78 299 3
79 133 3
79 248 3
79 281 3
80 221 3
80 238 3
81 82 3
81 195 3
81 252 3
82 116 3
82 172 3
83 177 3
83 216 3
85 100 3
85 137 3
85 217 3
86 233 3
87 217 3
87 250 3
88 172 3
88 212 3
88 271 3
89 101 3
89 227 3
90 142 3
90 219 3
90 221 3
91 92 3
91 153 3
92 133 3
92 145 3
92 198 3
92 209 3
92 231 3
92 295 3
93 142 3
93 146 3
93 150 3
93 211 3
94 255 3
94 290 3
95 136 3
95 258 3
97 110 3
98 170 3
99 151 3
99 232 3
99 284 3
100 250 3
101 250 3
101 262 3
101 264 3
102 126 3
102 131 3
102 165 3
102 229 3
103 172 3
103 267 3
104 120 3
104 262 3
106 261 3
106 277 3
107 278 3
108 244 3
109 145 3
109 197 3
109 245 3
110 112 3
110 137 3
110 163 3
110 171 3
110 261 3
110 281 3
111 200 3
112 124 3
112 169 3
112 254 3
114 193 3
115 163 3
115 166 3
115 298 3
116 121 3
116 259 3
117 135 3
117 164 3
118 189 3
118 223 3
119 178 3
120 129 3
120 153 3
120 239 3
121 127 3
121 146 3
121 196 3
121 238 3
122 132 3
122 234 3
123 190 3
123 269 3
124 175 3
126 134 3
128 267 3
129 142 3
129 150 3
130 245 3
131 158 3
132 227 3
132 286 3
133 284 3
134 182 3
134 194 3
135 225 3
135 273 3
136 145 3
136 185 3
137 184 3
139 260 3
140 220 3
140 293 3
141 181 3
141 224 3
141 228 3
142 180 3
142 206 3
142 235 3
145 228 3
145 248 3
145 294 3
146 266 3
148 160 3
148 164 3
149 179 3
149 289 3
149 298 3
150 161 3
153 260 3
154 214 3
154 264 3
160 207 3
161 251 3
165 174 3
166 174 3
167 216 3
167 222 3
168 172 3
168 197 3
168 270 3
169 171 3
170 173 3
171 222 3
172 199 3
172 208 3
173 224 3
174 277 3
176 193 3
178 264 3
180 196 3
180 247 3
182 203 3
183 246 3
184 266 3
185 213 3
186 211 3
186 233 3
187 230 3
190 203 3
190 252 3
190 259 3
191 218 3
191 230 3
191 294 3
193 220 3
193 246 3
194 226 3
194 260 3
195 300 3
196 217 3
196 275 3
197 246 3
200 266 3
201 206 3
204 247 3
204 277 3
206 226 3
207 230 3
208 261 3
208 297 3
210 214 3
210 292 3
211 248 3
217 245 3
217 281 3
221 230 3
222 242 3
222 247 3
222 278 3
223 235 3
227 245 3
228 284 3
229 231 3
229 235 3
229 245 3
229 259 3
236 291 3
238 270 3
238 287 3
239 245 3
239 274 3
240 263 3
240 277 3
241 263 3
244 251 3
252 296 3
252 301 3
253 270 3
259 287 3
270 290 3
273 284 3
277 301 3
132 300 3
238 265 3
39 210 3
179 313 3
9 264 3
148 213 3
39 287 3
75 91 3
85 212 3
292 323 3
1 189 3
43 50 3
38 96 3
57 136 3
79 168 3
133 299 3
290 298 3
151 256 3
87 131 3
95 102 3
235 315 3
162 269 3
156 273 3
27 277 3
36 238 3
36 187 3
14 229 3
5 51 3
61 245 3
80 186 3
59 238 3
25 299 3
115 117 3
121 280 3
50 168 3
150 215 3
204 297 3
86 144 3
32 120 3
8 155 3
189 195 3
110 202 3
11 115 3
172 255 3
95 277 3
154 255 3
102 221 3
136 178 3
45 257 3
12 256 3
14 58 3
161 217 3
22 166 3
62 280 3
117 288 3
136 305 3
70 246 3
80 94 3
265 280 3
3 42 3
209 257 3
115 310 3
65 212 3
113 241 3
36 257 3
1 14 3
35 155 3
87 102 3
96 203 3
232 309 3
46 176 3
65 269 3
12 126 3
48 122 3
305 330 3
8 224 3
228 288 3
219 260 3
63 116 3
36 216 3
229 253 3
37 327 3
43 263 3
16 279 3
245 325 3
162 290 3
83 197 3
93 318 3
50 317 3
235 273 3
130 244 3
131 148 3
58 264 3
113 273 3
33 219 3
169 175 3
19 27 3
43 217 3
130 297 3
287 314 3
137 244 3
63 253 3
155 247 3
238 296 3
60 141 3
157 303 3
224 270 3
21 247 3
75 134 3
187 294 3
86 275 3
33 136 3
273 294 3
75 178 3
281 322 3
46 160 3
112 222 3
26 299 3
242 276 3
12 318 3
202 246 3
187 209 3
36 284 3
143 240 3
165 325 3
85 220 3
25 298 3
19 160 3
64 149 3
143 219 3
195 331 3
32 161 3
24 248 3
185 284 3
191 216 3
25 170 3
5 299 3
40 131 3
38 250 3
2 182 3
187 282 3
221 227 3
49 152 3
135 165 3
52 117 3
231 277 3
50 229 3
59 325 3
144 263 3
98 255 3
146 187 3
150 199 3
153 329 3
189 322 3
286 291 3
155 323 3
132 145 3
49 216 3
100 214 3
19 216 3
185 295 3
115 154 3
93 111 3
146 255 3
23 163 3
97 168 3
18 215 3
170 237 3
94 131 3
80 84 3
52 70 3
116 158 3
121 207 3
220 331 3
8 269 3
104 192 3
138 232 3
13 262 3
78 150 3
93 104 3
161 200 3
178 260 3
82 165 3
132 267 3
14 178 3
149 215 3
4 41 3
124 264 3
167 182 3
12 174 3
35 119 3
270 285 3
92 217 3
199 241 3
294 303 3
1 122 3
170 181 3
172 219 3
154 265 3
30 303 3
87 106 3
10 178 3
66 109 3
134 152 3
65 290 3
245 328 3
19 197 3
110 265 3
81 132 3
270 294 3
102 271 3
4 191 3
39 142 3
30 223 3
215 253 3
252 302 3
97 278 3
11 311 3
32 125 3
2 82 3
16 326 3
286 330 3
190 262 3
63 190 3
1 61 3
71 82 3
191 326 3
149 273 3
136 222 3
18 39 3
142 290 3
87 239 3
138 306 3
17 98 3
89 98 3
19 105 3
11 268 3
58 120 3
41 198 3
178 309 3
293 300 3
71 260 3
200 293 3
16 219 3
89 177 3
34 151 3
134 192 3
27 157 3
94 329 3
44 86 3
62 111 3
110 122 3
87 330 3
115 241 3
127 138 3
7 212 3
25 139 3
77 317 3
215 258 3
253 267 3
59 286 3
5 112 3
65 161 3
62 138 3
101 174 3
147 285 3
83 256 3
74 332 3
234 262 3
57 114 3
39 325 3
52 60 3
229 300 3
220 274 3
1 83 3
87 93 3
32 157 3
90 168 3
9 138 3
190 284 3
272 293 3
127 286 3
188 304 3
33 146 3
15 217 3
129 188 3
16 74 3
84 268 3
87 235 3
247 268 3
173 219 3
260 323 3
129 308 3
86 269 3
149 332 3
25 47 3
23 216 3
23 130 3
187 307 3
275 323 3
321 323 3
178 315 3
6 262 3
160 250 3
16 105 3
108 326 3
317 323 3
219 288 3
33 144 3
284 304 3
248 292 3
234 250 3
131 272 3
226 246 3
155 228 3
74 136 3
137 142 3
54 255 3
190 301 3
78 295 3
68 297 3
151 286 3
177 315 3
22 275 3
93 272 3
96 143 3
47 131 3
48 297 3
272 276 3
75 119 3
175 269 3
136 191 3
25 148 3
48 225 3
239 264 3
25 212 3
104 166 3
86 175 3
196 262 3
22 280 3
55 296 3
165 186 3
10 132 3
150 201 3
268 327 3
195 263 3
30 331 3
121 177 3
23 88 3
69 181 3
272 280 3
205 295 3
33 47 3
295 300 3
162 168 3
217 236 3
131 320 3
60 70 3
120 219 3
114 260 3
74 122 3
103 297 3
5 40 3
199 314 3
13 267 3
162 284 3
34 134 3
87 166 3
133 332 3
162 301 3
124 220 3
18 298 3
35 112 3
77 151 3
173 256 3
184 246 3
148 298 3
257 268 3
134 153 3
85 239 3
36 41 3
22 201 3
127 273 3
15 253 3
102 141 3
67 139 3
78 170 3
21 75 3
193 320 3
91 330 3
26 215 3
159 293 3
140 311 3
94 298 3
1 63 3
18 285 3
42 226 3
138 168 3
167 310 3
103 188 3
118 241 3
116 175 3
78 195 3
190 317 3
56 107 3
1 75 3
233 322 3
49 294 3
131 307 3
14 113 3
298 308 3
17 50 3
112 187 3
104 278 3
85 206 3
53 122 3
34 227 3
111 237 3
14 90 3
15 65 3
90 121 3
30 65 3
242 278 3
78 293 3
91 253 3
73 228 3
123 308 3
7 164 3
187 229 3
204 233 3
257 313 3
14 23 3
151 259 3
45 160 3
59 273 3
144 313 3
68 129 3
10 310 3
7 74 3
270 326 3
97 262 3
141 324 3
224 304 3
121 331 3
79 122 3
21 59 3
43 46 3
117 324 3
36 222 3
82 276 3
8 95 3
62 162 3
136 323 3
59 209 3
328 329 3
13 123 3
178 183 3
149 256 3
75 174 3
73 269 3
290 296 3
9 51 3
252 294 3
125 141 3
321 330 3
12 142 3
123 248 3
51 93 3
113 152 3
29 179 3
67 221 3
244 293 3
217 324 3
61 66 3
58 249 3
21 58 3
28 206 3
46 282 3
321 326 3
186 238 3
234 248 3
149 249 3
38 262 3
71 119 3
81 218 3
19 67 3
106 312 3
97 311 3
196 291 3
82 173 3
59 207 3
1 114 3
6 63 3
46 327 3
151 308 3
130 152 3
66 69 3
24 198 3
317 330 3
94 330 3
32 122 3
64 147 3
11 294 3
164 206 3
165 252 3
127 299 3
80 224 3
127 149 3
62 172 3
37 143 3
215 242 3
86 308 3
203 284 3
200 331 3
12 188 3
117 309 3
43 100 3
54 123 3
62 286 3
39 145 3
27 262 3
73 144 3
78 205 3
141 164 3
74 162 3
23 247 3
49 145 3
118 299 3
12 305 3
48 230 3
272 281 3
147 324 3
208 245 3
12 197 3
109 235 3
55 76 3
84 220 3
48 82 3
12 211 3
84 204 3
172 260 3
45 228 3
138 159 3
18 287 3
126 218 3
227 272 3
59 129 3
68 326 3
96 322 3
66 148 3
150 152 3
117 205 3
216 233 3
294 328 3
199 229 3
45 156 3
39 192 3
96 200 3
18 137 3
51 143 3
197 275 3
2 71 3
255 321 3
165 316 3
84 132 3
154 230 3
102 283 3
103 270 3
185 237 3
53 64 3
28 52 3
10 208 3
219 328 3
25 156 3
75 132 3
74 218 3
139 271 3
114 145 3
131 278 3
95 179 3
49 204 3
116 142 3
151 272 3
134 246 3
217 325 3
81 200 3
219 226 3
195 251 3
247 294 3
179 245 3
104 320 3
52 238 3
33 217 3
82 100 3
83 198 3
96 287 3
211 247 3
16 317 3
150 261 3
62 119 3
146 199 3
182 291 3
47 129 3
42 210 3
118 146 3
51 145 3
169 281 3
3 188 3
5 282 3
45 54 3
220 291 3
175 306 3
204 244 3
235 242 3
300 306 3
109 155 3
114 258 3
118 307 3
80 328 3
16 145 3
80 113 3
115 201 3
37 280 3
149 309 3
42 282 3
113 332 3
169 287 3
226 292 3
48 198 3
91 202 3
15 230 3
165 192 3
263 283 3
10 166 3
101 198 3
75 230 3
100 189 3
18 47 3
146 326 3
115 187 3
195 227 3
106 283 3
181 331 3
243 299 3
46 112 3
309 312 3
172 271 3
92 257 3
200 209 3
26 194 3
45 106 3
51 123 3
92 116 3
37 206 3
231 302 3
182 201 3
12 326 3
87 291 3
64 123 3
30 205 3
216 241 3
28 286 3
117 222 3
192 276 3
239 287 3
195 307 3
80 196 3
94 100 3
