1 14 4
1 61 4
1 189 4
1 245 4
2 82 4
2 89 4
3 15 4
3 107 4
3 144 4
4 41 4
4 64 4
4 191 4
5 40 4
5 86 4
6 15 4
6 63 4
6 140 4
6 262 4
7 74 4
7 164 4
7 166 4
7 212 4
8 26 4
8 155 4
8 224 4
8 269 4
9 12 4
9 142 4
9 258 4
10 132 4
10 144 4
10 166 4
10 178 4
10 208 4
11 294 4
12 73 4
12 137 4
12 211 4
12 326 4
13 14 4
13 32 4
13 123 4
13 220 4
14 58 4
14 90 4
14 92 4
14 128 4
14 229 4
15 217 4
15 230 4
16 74 4
16 89 4
16 279 4
16 317 4
17 50 4
17 85 4
17 97 4
17 98 4
18 26 4
18 123 4
18 137 4
18 215 4
18 225 4
18 241 4
18 285 4
18 298 4
19 67 4
19 114 4
19 160 4
19 197 4
19 257 4
20 23 4
20 113 4
20 169 4
20 292 4
21 58 4
21 59 4
21 156 4
22 35 4
22 76 4
22 129 4
22 148 4
22 166 4
22 203 4
23 130 4
23 163 4
23 234 4
24 248 4
25 82 4
25 101 4
25 148 4
25 170 4
25 197 4
25 212 4
26 106 4
26 194 4
26 215 4
26 226 4
26 275 4
26 299 4
27 157 4
27 198 4
27 277 4
28 52 4
28 286 4
29 253 4
30 167 4
30 223 4
30 331 4
31 72 4
31 86 4
32 106 4
32 125 4
32 161 4
33 144 4
33 146 4
33 252 4
33 298 4
34 134 4
34 151 4
35 37 4
35 112 4
35 155 4
35 213 4
36 76 4
36 187 4
36 238 4
36 257 4
36 284 4
37 120 4
37 143 4
37 171 4
37 276 4
37 327 4
38 87 4
38 96 4
39 263 4
39 325 4
40 45 4
40 281 4
41 161 4
41 198 4
41 209 4
41 211 4
41 230 4
41 292 4
42 93 4
42 197 4
42 210 4
42 226 4
42 242 4
42 282 4
43 100 4
43 121 4
43 174 4
43 217 4
43 263 4
43 288 4
44 77 4
44 208 4
45 106 4
45 146 4
45 160 4
45 228 4
45 301 4
46 112 4
46 160 4
46 176 4
46 282 4
46 327 4
48 82 4
48 122 4
48 156 4
48 230 4
49 204 4
50 58 4
51 123 4
51 143 4
51 245 4
51 271 4
52 70 4
53 64 4
53 122 4
53 259 4
54 100 4
54 159 4
54 238 4
54 255 4
55 76 4
56 107 4
56 216 4
57 98 4
57 114 4
57 134 4
58 249 4
59 129 4
59 207 4
59 209 4
59 273 4
59 325 4
60 70 4
60 209 4
60 243 4
60 259 4
61 65 4
61 66 4
62 111 4
62 119 4
62 130 4
62 172 4
62 248 4
63 116 4
63 190 4
63 225 4
63 253 4
64 83 4
64 128 4
64 149 4
64 170 4
65 90 4
65 133 4
65 161 4
65 212 4
65 269 4
66 97 4
66 148 4
67 221 4
67 284 4
68 129 4
68 200 4
69 181 4
70 149 4
70 165 4
70 246 4
72 114 4
73 144 4
73 209 4
73 250 4
73 269 4
74 125 4
74 136 4
74 162 4
75 91 4
75 119 4
75 134 4
75 174 4
75 178 4
75 186 4
75 230 4
75 268 4
77 208 4
78 170 4
78 195 4
78 233 4
78 299 4
79 168 4
79 281 4
80 113 4
80 196 4
82 100 4
82 173 4
82 276 4
83 177 4
83 197 4
83 256 4
84 132 4
85 100 4
85 212 4
85 217 4
85 239 4
86 144 4
86 275 4
87 102 4
87 131 4
87 291 4
88 172 4
88 212 4
88 271 4
89 98 4
89 227 4
90 168 4
90 219 4
91 92 4
91 153 4
91 330 4
92 133 4
92 145 4
92 198 4
92 209 4
92 217 4
93 111 4
93 142 4
93 150 4
93 318 4
94 100 4
94 255 4
94 298 4
95 102 4
95 179 4
96 203 4
96 287 4
97 168 4
97 278 4
98 255 4
99 151 4
99 232 4
100 189 4
101 198 4
101 250 4
102 126 4
102 141 4
102 221 4
102 229 4
102 271 4
103 172 4
103 188 4
103 267 4
103 270 4
103 297 4
104 120 4
104 192 4
104 262 4
104 278 4
106 261 4
106 312 4
109 145 4
109 235 4
109 245 4
110 112 4
110 171 4
110 202 4
110 261 4
110 265 4
111 200 4
111 237 4
112 124 4
112 169 4
112 187 4
113 273 4
113 332 4
114 145 4
114 193 4
114 260 4
115 117 4
115 154 4
115 166 4
115 187 4
115 298 4
116 121 4
116 259 4
117 164 4
117 205 4
117 222 4
117 288 4
117 324 4
118 189 4
118 223 4
118 307 4
119 178 4
120 129 4
120 239 4
121 127 4
121 146 4
121 177 4
121 196 4
121 238 4
121 280 4
121 331 4
122 132 4
122 234 4
123 190 4
123 269 4
124 175 4
126 134 4
126 218 4
127 273 4
127 286 4
127 299 4
129 150 4
129 188 4
130 297 4
131 272 4
131 278 4
131 307 4
132 145 4
132 267 4
133 299 4
133 332 4
134 152 4
134 153 4
135 165 4
135 225 4
136 145 4
136 185 4
136 222 4
137 184 4
138 232 4
138 306 4
140 311 4
141 164 4
141 324 4
142 180 4
142 206 4
142 235 4
142 290 4
143 240 4
145 228 4
145 294 4
146 187 4
146 199 4
146 255 4
146 266 4
148 160 4
148 213 4
148 298 4
149 179 4
149 215 4
149 249 4
149 298 4
149 309 4
149 332 4
150 152 4
150 199 4
150 201 4
150 215 4
151 256 4
151 308 4
153 260 4
153 329 4
154 214 4
154 230 4
154 255 4
154 264 4
154 265 4
156 273 4
157 303 4
160 207 4
161 200 4
162 269 4
162 284 4
162 290 4
162 301 4
165 186 4
167 182 4
167 216 4
167 222 4
168 172 4
168 197 4
169 171 4
169 175 4
169 281 4
169 287 4
170 181 4
170 237 4
172 208 4
172 219 4
172 260 4
173 256 4
176 193 4
178 260 4
179 245 4
181 331 4
182 201 4
182 203 4
182 291 4
183 246 4
185 237 4
185 284 4
185 295 4
187 229 4
187 294 4
190 203 4
190 252 4
190 259 4
190 284 4
190 301 4
191 216 4
191 218 4
192 276 4
193 246 4
195 263 4
196 262 4
196 291 4
197 246 4
197 275 4
199 229 4
199 241 4
200 209 4
200 293 4
200 331 4
201 206 4
204 233 4
204 247 4
204 277 4
204 297 4
207 230 4
210 214 4
210 292 4
211 247 4
215 253 4
215 258 4
217 236 4
217 281 4
219 260 4
219 328 4
221 227 4
221 230 4
222 247 4
222 278 4
226 292 4
227 245 4
227 272 4
229 235 4
229 245 4
231 302 4
232 309 4
233 322 4
234 250 4
234 262 4
235 273 4
235 315 4
238 265 4
238 270 4
238 287 4
238 296 4
239 245 4
239 264 4
239 274 4
239 287 4
240 263 4
241 263 4
242 276 4
243 299 4
244 251 4
245 325 4
245 328 4
247 268 4
247 294 4
252 296 4
252 301 4
252 302 4
253 267 4
253 270 4
259 287 4
268 327 4
270 290 4
270 294 4
270 326 4
272 280 4
272 281 4
272 293 4
273 294 4
277 301 4
286 330 4
290 296 4
290 298 4
292 323 4
293 300 4
295 300 4
298 308 4
300 306 4
309 312 4
321 323 4
321 330 4
126 348 4
2 241 4
19 316 4
171 341 4
98 301 4
35 290 4
54 290 4
30 323 4
3 119 4
89 329 4
215 283 4
271 274 4
102 181 4
11 90 4
11 71 4
53 138 4
136 196 4
212 293 4
147 325 4
17 301 4
52 260 4
242 283 4
162 297 4
221 328 4
50 291 4
1 333 4
197 274 4
13 238 4
80 138 4
29 218 4
190 221 4
48 175 4
124 251 4
191 198 4
143 244 4
161 249 4
19 102 4
149 346 4
14 199 4
14 328 4
166 216 4
95 344 4
170 308 4
239 255 4
121 217 4
110 321 4
234 295 4
177 264 4
66 142 4
6 319 4
337 359 4
142 164 4
9 234 4
336 340 4
197 304 4
187 282 4
106 348 4
18 152 4
105 257 4
98 321 4
12 208 4
277 363 4
133 175 4
174 255 4
8 185 4
1 317 4
156 172 4
199 222 4
40 231 4
192 343 4
62 70 4
102 316 4
25 233 4
253 337 4
43 338 4
41 350 4
250 261 4
74 95 4
127 269 4
20 191 4
145 336 4
248 300 4
81 199 4
156 238 4
40 311 4
65 272 4
166 222 4
33 166 4
110 303 4
5 276 4
152 354 4
8 93 4
103 306 4
124 223 4
63 242 4
207 314 4
196 269 4
102 198 4
46 333 4
336 339 4
85 245 4
35 307 4
158 200 4
153 340 4
1 344 4
63 153 4
24 70 4
21 302 4
160 229 4
144 291 4
36 149 4
132 305 4
36 330 4
3 98 4
10 72 4
151 338 4
8 64 4
92 223 4
66 320 4
10 321 4
101 129 4
165 181 4
101 255 4
119 201 4
317 344 4
44 45 4
127 233 4
41 162 4
138 197 4
222 263 4
209 251 4
48 274 4
196 315 4
131 269 4
197 262 4
54 281 4
80 325 4
235 271 4
127 238 4
81 189 4
106 182 4
289 290 4
49 330 4
143 245 4
103 364 4
3 199 4
246 249 4
198 276 4
76 98 4
29 159 4
74 294 4
140 310 4
66 154 4
83 273 4
192 353 4
297 328 4
169 253 4
217 278 4
55 217 4
11 153 4
110 351 4
14 50 4
288 346 4
56 305 4
79 98 4
64 141 4
171 280 4
9 16 4
338 345 4
155 172 4
118 325 4
160 186 4
62 72 4
37 335 4
183 247 4
346 349 4
51 289 4
34 212 4
31 338 4
109 267 4
99 127 4
230 354 4
14 295 4
50 62 4
216 267 4
221 226 4
25 73 4
46 143 4
140 201 4
19 113 4
21 150 4
2 309 4
92 200 4
212 287 4
121 170 4
88 247 4
269 317 4
236 282 4
246 297 4
23 147 4
204 244 4
64 286 4
167 316 4
63 151 4
175 306 4
18 226 4
16 285 4
18 272 4
11 287 4
132 194 4
91 281 4
51 70 4
289 305 4
24 169 4
47 293 4
7 189 4
70 290 4
109 297 4
171 293 4
139 290 4
38 57 4
53 364 4
17 341 4
17 43 4
210 360 4
142 174 4
182 244 4
162 193 4
216 240 4
225 330 4
28 262 4
48 243 4
154 213 4
82 231 4
62 75 4
6 112 4
5 118 4
93 222 4
78 238 4
72 135 4
1 139 4
12 213 4
97 301 4
173 232 4
194 313 4
91 266 4
195 221 4
9 201 4
66 99 4
147 174 4
127 153 4
301 342 4
198 214 4
28 291 4
127 220 4
54 322 4
277 323 4
212 333 4
55 140 4
2 135 4
226 333 4
245 324 4
112 159 4
211 254 4
35 282 4
43 76 4
52 244 4
92 344 4
63 307 4
127 339 4
82 250 4
49 85 4
153 196 4
246 288 4
254 270 4
205 212 4
8 150 4
6 95 4
218 344 4
186 350 4
65 78 4
37 56 4
176 287 4
159 206 4
105 240 4
91 246 4
300 346 4
76 283 4
279 329 4
118 187 4
176 336 4
126 238 4
35 122 4
216 308 4
20 293 4
64 113 4
41 333 4
147 273 4
305 311 4
51 113 4
237 260 4
274 296 4
7 195 4
165 191 4
12 335 4
202 283 4
40 100 4
74 161 4
134 289 4
160 210 4
274 280 4
14 314 4
160 305 4
250 278 4
25 157 4
85 357 4
288 342 4
228 358 4
183 351 4
27 320 4
194 309 4
157 290 4
100 287 4
143 234 4
211 359 4
135 176 4
149 331 4
181 270 4
93 365 4
211 213 4
117 203 4
93 297 4
125 289 4
110 320 4
39 163 4
49 121 4
334 347 4
82 338 4
115 256 4
7 158 4
166 198 4
131 333 4
38 148 4
35 38 4
240 245 4
48 307 4
82 239 4
198 263 4
209 219 4
17 64 4
185 247 4
65 286 4
94 153 4
43 59 4
122 266 4
66 200 4
224 319 4
196 357 4
6 287 4
86 302 4
27 223 4
42 362 4
239 322 4
176 259 4
15 139 4
78 249 4
5 199 4
43 363 4
56 98 4
55 86 4
234 342 4
120 187 4
7 201 4
235 263 4
320 350 4
200 208 4
39 241 4
204 360 4
154 171 4
1 227 4
110 225 4
58 78 4
75 171 4
158 326 4
187 300 4
15 55 4
168 299 4
168 198 4
66 183 4
180 322 4
82 218 4
254 342 4
116 269 4
131 187 4
47 116 4
194 297 4
160 161 4
318 325 4
120 204 4
191 252 4
220 315 4
17 248 4
22 215 4
108 144 4
89 287 4
157 170 4
45 196 4
99 146 4
160 332 4
286 333 4
13 218 4
161 231 4
69 177 4
183 188 4
15 70 4
13 330 4
30 289 4
2 269 4
68 301 4
24 146 4
354 359 4
241 250 4
30 39 4
255 340 4
53 317 4
123 222 4
74 226 4
294 353 4
170 251 4
116 322 4
186 296 4
276 343 4
272 304 4
207 278 4
6 115 4
287 360 4
108 171 4
203 292 4
257 323 4
1 150 4
63 275 4
123 135 4
137 167 4
79 121 4
293 337 4
92 324 4
70 113 4
19 235 4
8 204 4
70 282 4
203 318 4
117 121 4
48 65 4
12 13 4
5 161 4
14 336 4
193 280 4
51 106 4
226 360 4
23 186 4
153 335 4
323 346 4
96 272 4
33 160 4
110 315 4
119 229 4
209 350 4
293 331 4
32 304 4
93 343 4
64 70 4
226 241 4
178 235 4
55 143 4
314 352 4
24 294 4
119 309 4
201 342 4
2 278 4
142 348 4
121 248 4
48 183 4
213 271 4
43 248 4
198 363 4
118 295 4
227 267 4
79 343 4
120 153 4
101 134 4
107 214 4
87 107 4
333 344 4
140 302 4
122 345 4
135 157 4
62 317 4
261 274 4
222 303 4
213 277 4
135 200 4
29 37 4
7 61 4
172 271 4
183 362 4
6 346 4
92 211 4
88 178 4
127 284 4
107 171 4
98 306 4
159 320 4
216 314 4
124 171 4
153 337 4
139 288 4
167 171 4
16 288 4
187 230 4
105 193 4
241 256 4
85 86 4
39 229 4
166 263 4
68 148 4
245 272 4
65 283 4
14 38 4
133 161 4
241 286 4
14 189 4
208 359 4
237 280 4
159 339 4
158 166 4
33 263 4
39 56 4
95 118 4
72 268 4
107 260 4
197 223 4
261 351 4
80 197 4
330 331 4
206 297 4
121 250 4
149 276 4
171 205 4
63 144 4
2 317 4
57 310 4
119 355 4
208 314 4
159 191 4
55 79 4
40 73 4
31 270 4
176 362 4
108 234 4
175 259 4
170 228 4
90 323 4
66 77 4
63 234 4
235 353 4
71 354 4
117 348 4
108 248 4
66 355 4
98 120 4
68 171 4
155 217 4
57 208 4
102 191 4
110 231 4
188 328 4
28 200 4
125 321 4
147 308 4
51 217 4
33 297 4
25 96 4
90 337 4
70 85 4
209 267 4
175 297 4
63 363 4
258 263 4
84 119 4
41 364 4
18 193 4
84 285 4
102 240 4
208 248 4
239 258 4
156 227 4
180 348 4
319 322 4
98 327 4
80 228 4
11 306 4
94 361 4
73 351 4
248 258 4
69 313 4
319 345 4
264 330 4
37 123 4
195 302 4
5 69 4
194 217 4
233 295 4
88 309 4
106 187 4
41 266 4
25 39 4
118 277 4
41 91 4
104 348 4
229 346 4
325 352 4
8 182 4
276 281 4
110 130 4
191 269 4
154 178 4
42 165 4
22 186 4
108 265 4
205 292 4
165 316 4
133 300 4
25 69 4
229 231 4
64 268 4
92 107 4
227 331 4
114 142 4
243 298 4
201 309 4
68 121 4
166 354 4
67 342 4
44 141 4
331 335 4
131 346 4
337 342 4
102 320 4
242 362 4
117 330 4
114 144 4
63 224 4
79 337 4
68 204 4
147 272 4
31 268 4
313 325 4
197 301 4
15 240 4
37 77 4
114 266 4
224 299 4
142 179 4
36 195 4
57 112 4
256 312 4
170 227 4
305 318 4
213 255 4
7 161 4
52 274 4
11 249 4
80 279 4
3 350 4
11 136 4
21 333 4
245 306 4
83 266 4
115 301 4
226 277 4
50 280 4
116 219 4
125 141 4
88 159 4
165 338 4
24 305 4
131 188 4
44 91 4
93 267 4
85 334 4
105 229 4
226 301 4
41 259 4
155 308 4
251 277 4
16 300 4
188 191 4
24 154 4
4 313 4
111 285 4
50 168 4
355 365 4
90 238 4
33 196 4
174 182 4
102 222 4
157 279 4
319 328 4
50 327 4
166 358 4
181 238 4
121 292 4
60 137 4
7 144 4
348 365 4
347 360 4
289 354 4
71 79 4
177 310 4
103 222 4
65 189 4
176 296 4
27 341 4
288 321 4
76 329 4
43 219 4
28 182 4
10 164 4
216 238 4
49 227 4
176 196 4
7 305 4
120 248 4
39 223 4
105 285 4
337 344 4
62 272 4
4 251 4
18 273 4
150 156 4
236 255 4
61 263 4
72 281 4
309 330 4
13 131 4
19 227 4
223 245 4
25 57 4
106 121 4
267 336 4
40 314 4
3 238 4
68 298 4
85 253 4
100 205 4
75 291 4
351 355 4
30 118 4
267 359 4
89 118 4
63 345 4
107 364 4
132 202 4
55 364 4
25 252 4
322 348 4
251 339 4
183 237 4
