86 144 3
17 291 3
167 232 3
247 266 3
329 330 3
109 142 3
129 317 3
132 245 3
11 214 3
2 248 3
69 294 3
119 263 3
151 238 3
313 327 3
15 297 3
108 217 3
20 234 3
66 186 3
53 332 3
21 51 3
129 248 3
112 296 3
24 113 3
43 95 3
157 262 3
45 119 3
163 330 3
68 301 3
201 320 3
63 284 3
135 199 3
60 154 3
20 45 3
73 260 3
280 296 3
43 131 3
76 154 3
94 108 3
97 109 3
150 253 3
38 114 3
288 291 3
180 277 3
23 264 3
48 85 3
183 216 3
195 284 3
256 303 3
159 183 3
43 295 3
5 50 3
45 173 3
78 187 3
72 94 3
222 295 3
15 252 3
3 225 3
199 207 3
72 230 3
40 51 3
186 234 3
185 222 3
48 65 3
76 126 3
168 290 3
168 217 3
9 215 3
182 212 3
195 253 3
77 306 3
142 240 3
65 328 3
132 203 3
183 204 3
20 233 3
163 253 3
86 304 3
26 53 3
21 36 3
179 203 3
14 310 3
88 112 3
269 274 3
56 324 3
109 297 3
132 251 3
48 204 3
235 255 3
5 170 3
46 189 3
208 238 3
109 243 3
54 179 3
215 296 3
62 74 3
85 304 3
75 92 3
83 269 3
74 280 3
57 244 3
290 296 3
81 227 3
11 49 3
4 180 3
49 53 3
288 290 3
64 257 3
103 201 3
38 84 3
111 237 3
145 322 3
82 139 3
1 85 3
75 201 3
158 239 3
36 257 3
71 202 3
116 212 3
91 311 3
168 266 3
12 301 3
169 249 3
34 286 3
172 271 3
316 317 3
66 180 3
42 180 3
37 150 3
48 228 3
224 275 3
144 263 3
214 298 3
252 275 3
5 253 3
11 92 3
106 311 3
22 103 3
67 136 3
228 238 3
74 212 3
141 253 3
182 277 3
15 21 3
218 320 3
160 162 3
12 132 3
13 223 3
165 309 3
265 313 3
85 195 3
72 190 3
94 173 3
132 239 3
27 230 3
64 223 3
204 238 3
64 102 3
4 305 3
36 191 3
197 323 3
42 270 3
161 208 3
55 105 3
239 325 3
85 330 3
21 77 3
107 193 3
170 238 3
19 319 3
2 184 3
9 130 3
193 205 3
97 111 3
146 196 3
106 207 3
145 263 3
58 68 3
122 225 3
162 217 3
167 280 3
134 300 3
241 243 3
80 332 3
66 98 3
250 319 3
99 116 3
223 258 3
228 288 3
11 239 3
22 114 3
36 284 3
103 258 3
9 150 3
91 144 3
91 286 3
88 257 3
167 310 3
309 328 3
166 313 3
72 326 3
12 230 3
76 107 3
2 234 3
31 141 3
264 304 3
254 300 3
99 255 3
70 184 3
168 214 3
121 194 3
118 224 3
122 208 3
123 204 3
98 289 3
92 104 3
29 253 3
55 103 3
257 328 3
279 309 3
240 317 3
158 250 3
93 207 3
176 197 3
11 196 3
57 330 3
131 221 3
174 259 3
45 262 3
28 301 3
72 253 3
39 281 3
61 245 3
4 240 3
232 237 3
106 221 3
24 139 3
266 298 3
116 141 3
130 231 3
71 127 3
202 287 3
48 267 3
48 117 3
12 16 3
64 264 3
8 102 3
133 252 3
56 82 3
79 319 3
185 287 3
93 127 3
13 208 3
26 243 3
73 75 3
141 144 3
15 121 3
13 308 3
62 312 3
73 92 3
155 327 3
254 256 3
56 176 3
173 257 3
31 252 3
163 317 3
104 210 3
78 231 3
23 222 3
61 294 3
18 201 3
105 138 3
37 215 3
113 196 3
16 124 3
188 263 3
111 278 3
41 184 3
87 277 3
117 298 3
48 196 3
102 219 3
99 257 3
37 66 3
41 97 3
28 58 3
52 297 3
89 228 3
24 294 3
20 149 3
217 286 3
58 179 3
258 265 3
2 143 3
50 197 3
110 151 3
3 35 3
169 291 3
100 209 3
47 55 3
187 271 3
99 302 3
37 107 3
117 250 3
130 136 3
84 318 3
164 273 3
61 118 3
62 97 3
146 260 3
37 178 3
180 216 3
304 323 3
11 138 3
112 180 3
34 57 3
50 75 3
6 255 3
40 181 3
175 231 3
95 160 3
35 234 3
294 323 3
87 152 3
23 331 3
152 200 3
35 36 3
278 299 3
6 24 3
106 288 3
135 265 3
59 104 3
259 314 3
108 109 3
21 283 3
6 35 3
110 159 3
20 70 3
120 141 3
107 142 3
140 178 3
95 261 3
213 227 3
40 138 3
248 250 3
52 163 3
142 180 3
75 106 3
123 183 3
63 133 3
53 58 3
82 97 3
86 216 3
3 101 3
127 227 3
64 286 3
305 324 3
48 105 3
7 218 3
55 162 3
254 325 3
26 101 3
54 100 3
127 176 3
179 282 3
158 254 3
174 237 3
3 40 3
24 180 3
295 326 3
26 70 3
42 279 3
18 246 3
66 155 3
228 252 3
174 210 3
140 235 3
193 194 3
3 240 3
204 288 3
33 87 3
46 243 3
206 300 3
282 305 3
244 323 3
298 313 3
164 190 3
22 127 3
77 88 3
249 281 3
78 235 3
42 90 3
203 233 3
154 155 3
31 109 3
117 278 3
141 323 3
266 279 3
148 291 3
201 239 3
60 124 3
169 181 3
123 288 3
284 295 3
130 243 3
32 200 3
241 289 3
141 325 3
80 146 3
110 295 3
240 254 3
146 314 3
92 151 3
109 167 3
73 239 3
218 229 3
78 117 3
54 72 3
16 120 3
23 249 3
143 179 3
87 200 3
19 192 3
98 147 3
5 29 3
127 178 3
268 272 3
6 79 3
245 283 3
114 190 3
11 238 3
22 327 3
8 49 3
13 127 3
287 316 3
162 295 3
97 162 3
116 168 3
21 314 3
133 277 3
10 260 3
42 198 3
120 199 3
70 203 3
32 237 3
259 269 3
167 253 3
221 222 3
205 220 3
97 182 3
193 286 3
11 122 3
228 283 3
23 29 3
147 285 3
188 208 3
70 326 3
272 307 3
6 63 3
96 321 3
195 262 3
162 324 3
23 50 3
214 242 3
174 310 3
11 128 3
90 273 3
249 318 3
143 191 3
266 289 3
141 143 3
144 212 3
118 134 3
72 197 3
44 167 3
105 158 3
17 266 3
39 149 3
236 282 3
77 201 3
211 259 3
204 269 3
40 72 3
174 214 3
107 151 3
171 293 3
167 314 3
93 300 3
20 164 3
63 84 3
189 250 3
140 266 3
42 288 3
197 305 3
173 238 3
84 274 3
65 303 3
20 42 3
25 113 3
175 256 3
14 219 3
55 305 3
147 327 3
193 266 3
230 276 3
148 328 3
52 135 3
1 14 3
11 225 3
210 248 3
65 151 3
251 288 3
136 191 3
80 249 3
92 303 3
110 254 3
105 228 3
20 82 3
43 274 3
192 285 3
138 281 3
189 259 3
3 260 3
202 265 3
80 152 3
100 137 3
19 150 3
92 205 3
209 260 3
179 284 3
20 205 3
124 288 3
101 290 3
63 143 3
96 231 3
36 254 3
101 296 3
145 218 3
14 28 3
151 179 3
13 250 3
83 235 3
188 246 3
64 287 3
174 239 3
163 193 3
31 38 3
51 316 3
47 327 3
33 146 3
142 207 3
25 101 3
165 307 3
2 162 3
179 312 3
100 111 3
3 150 3
193 257 3
148 168 3
9 321 3
71 306 3
4 201 3
105 108 3
23 55 3
7 151 3
88 212 3
108 213 3
187 236 3
273 317 3
39 108 3
208 217 3
34 149 3
10 130 3
210 297 3
77 198 3
50 306 3
94 188 3
296 305 3
198 279 3
16 238 3
286 325 3
166 227 3
20 50 3
21 292 3
35 48 3
251 330 3
67 175 3
204 304 3
81 328 3
72 189 3
82 199 3
41 306 3
13 175 3
269 293 3
94 292 3
165 308 3
6 123 3
26 330 3
92 270 3
126 237 3
235 238 3
80 296 3
87 301 3
52 216 3
160 168 3
286 287 3
161 247 3
255 259 3
116 259 3
138 215 3
129 191 3
135 222 3
220 233 3
80 324 3
77 316 3
118 314 3
1 138 3
26 314 3
88 285 3
175 241 3
112 195 3
48 272 3
109 306 3
194 288 3
9 329 3
13 138 3
187 235 3
7 192 3
42 271 3
38 330 3
35 174 3
272 312 3
36 253 3
5 43 3
166 205 3
217 316 3
264 280 3
175 309 3
157 288 3
86 264 3
196 284 3
58 223 3
2 98 3
64 139 3
62 272 3
33 177 3
16 36 3
12 51 3
269 288 3
13 160 3
102 149 3
49 63 3
80 157 3
157 277 3
112 208 3
242 316 3
52 72 3
41 89 3
25 53 3
228 244 3
86 324 3
21 276 3
27 208 3
72 314 3
4 64 3
61 165 3
43 153 3
133 152 3
78 199 3
230 308 3
137 205 3
196 213 3
108 174 3
80 285 3
100 198 3
203 323 3
11 187 3
37 223 3
214 314 3
45 270 3
218 250 3
38 129 3
261 292 3
158 189 3
85 258 3
51 55 3
141 268 3
166 249 3
109 118 3
226 328 3
137 239 3
96 147 3
93 318 3
74 183 3
40 120 3
5 38 3
166 289 3
42 248 3
14 150 3
73 272 3
128 234 3
242 295 3
75 315 3
11 211 3
113 126 3
236 249 3
32 331 3
44 64 3
236 246 3
23 37 3
74 206 3
162 279 3
239 240 3
78 173 3
58 70 3
112 211 3
197 273 3
99 173 3
15 303 3
109 127 3
12 97 3
48 296 3
27 262 3
92 166 3
48 192 3
65 108 3
42 55 3
200 227 3
224 294 3
40 271 3
71 293 3
70 78 3
11 242 3
176 278 3
133 205 3
229 324 3
216 287 3
66 276 3
287 313 3
93 231 3
255 258 3
157 296 3
232 303 3
163 194 3
114 203 3
52 327 3
121 273 3
72 284 3
167 283 3
83 149 3
39 140 3
175 311 3
95 174 3
240 327 3
49 58 3
87 303 3
164 315 3
135 266 3
16 54 3
168 328 3
218 299 3
82 159 3
88 153 3
30 38 3
178 239 3
120 278 3
18 237 3
40 331 3
111 279 3
79 246 3
252 256 3
49 158 3
83 234 3
57 292 3
207 250 3
55 224 3
174 225 3
133 261 3
45 162 3
203 218 3
257 259 3
68 164 3
107 274 3
82 304 3
305 327 3
51 148 3
19 247 3
249 306 3
253 265 3
90 305 3
60 116 3
144 233 3
8 197 3
81 304 3
278 298 3
175 205 3
222 242 3
83 288 3
269 289 3
241 306 3
24 204 3
38 57 3
43 282 3
215 286 3
134 179 3
193 224 3
214 287 3
13 222 3
93 151 3
97 113 3
287 310 3
119 221 3
96 117 3
121 305 3
52 95 3
133 255 3
38 109 3
80 292 3
58 166 3
192 214 3
12 105 3
225 304 3
60 317 3
34 210 3
77 147 3
226 307 3
21 114 3
57 93 3
129 214 3
29 181 3
82 308 3
13 23 3
190 235 3
13 248 3
68 146 3
27 331 3
250 251 3
143 230 3
177 234 3
27 231 3
243 253 3
183 205 3
286 297 3
83 160 3
98 108 3
183 325 3
125 189 3
47 258 3
27 270 3
14 214 3
3 160 3
12 253 3
75 77 3
70 231 3
97 171 3
1 129 3
1 269 3
183 222 3
217 262 3
224 315 3
38 74 3
146 307 3
199 232 3
112 145 3
89 245 3
92 159 3
72 90 3
69 264 3
2 164 3
2 299 3
18 95 3
2 286 3
15 105 3
286 319 3
133 243 3
28 60 3
57 178 3
88 259 3
243 268 3
1 321 3
27 324 3
78 210 3
162 312 3
131 278 3
68 83 3
5 292 3
21 226 3
29 116 3
45 314 3
102 177 3
81 225 3
201 204 3
51 179 3
89 288 3
208 318 3
264 329 3
74 120 3
61 99 3
112 155 3
45 238 3
179 256 3
200 242 3
150 270 3
194 235 3
4 171 3
63 290 3
4 162 3
182 183 3
59 132 3
37 190 3
186 266 3
53 220 3
180 280 3
2 152 3
59 116 3
39 68 3
25 108 3
96 301 3
182 259 3
78 185 3
8 261 3
59 287 3
144 319 3
95 172 3
234 250 3
97 145 3
181 216 3
18 160 3
257 331 3
237 289 3
244 261 3
169 317 3
107 205 3
184 208 3
51 261 3
310 312 3
109 266 3
15 36 3
50 330 3
167 187 3
251 283 3
52 183 3
134 200 3
52 131 3
35 44 3
260 288 3
215 244 3
44 241 3
117 227 3
36 167 3
15 75 3
104 145 3
100 201 3
150 224 3
20 284 3
134 142 3
195 323 3
121 253 3
166 297 3
75 94 3
209 252 3
215 257 3
117 293 3
29 72 3
48 103 3
87 112 3
126 207 3
211 244 3
280 324 3
55 195 3
117 220 3
168 311 3
145 251 3
52 245 3
158 303 3
2 122 3
133 295 3
10 230 3
156 236 3
41 281 3
30 251 3
112 273 3
119 167 3
55 258 3
283 302 3
55 181 3
57 305 3
109 245 3
70 138 3
179 331 3
72 104 3
4 286 3
153 156 3
295 311 3
255 308 3
180 257 3
93 291 3
197 211 3
125 251 3
56 327 3
111 140 3
117 176 3
3 88 3
140 145 3
78 143 3
69 318 3
166 242 3
22 242 3
236 314 3
210 220 3
67 158 3
134 250 3
278 331 3
49 70 3
104 169 3
229 317 3
160 214 3
13 217 3
157 167 3
164 276 3
219 262 3
53 232 3
91 253 3
72 214 3
101 156 3
201 233 3
33 151 3
199 253 3
22 89 3
6 222 3
104 237 3
85 249 3
172 240 3
73 183 3
3 212 3
112 235 3
122 184 3
65 75 3
151 194 3
62 85 3
51 172 3
121 316 3
124 236 3
66 239 3
129 245 3
149 323 3
232 328 3
139 318 3
169 241 3
21 189 3
40 323 3
62 66 3
104 255 3
189 216 3
237 266 3
140 280 3
55 324 3
44 293 3
57 208 3
9 299 3
240 276 3
261 294 3
128 298 3
159 207 3
15 217 3
147 207 3
208 307 3
272 330 3
51 75 3
54 261 3
14 235 3
297 309 3
21 115 3
104 124 3
48 239 3
201 283 3
169 228 3
306 328 3
43 132 3
109 321 3
7 215 3
198 236 3
212 286 3
273 318 3
80 121 3
94 291 3
23 255 3
137 322 3
94 195 3
101 180 3
61 131 3
288 301 3
217 299 3
182 261 3
16 90 3
274 289 3
192 304 3
140 183 3
146 332 3
88 225 3
40 46 3
62 238 3
220 228 3
