40 30 1
41 27 1
42 31 1
43 32 1
31 33 1
44 34 1
45 28 1
46 35 1
46 30 1
47 36 1
47 37 1
48 37 1
34 23 1
49 38 1
50 35 1
51 39 1
52 23 1
34 12 1
53 25 1
54 5 1
55 29 1
56 31 1
48 37 1
34 12 1
57 40 1
58 1 1
1 12 1
1 23 1
59 41 1
60 5 1
40 30 1
59 42 1
61 43 1
27 17 1
61 44 1
62 45 1
63 12 1
64 15 1
65 17 1
66 46 1
27 23 1
66 46 1
31 47 1
67 43 1
22 44 1
68 48 1
69 49 1
1 50 1
70 49 1
71 51 1
72 12 1
72 52 1
73 23 1
72 44 1
40 44 1
63 47 1
74 29 1
72 30 1
75 53 1
72 9 1
76 22 1
72 30 1
77 30 1
78 54 1
31 55 1
79 56 1
79 57 1
80 11 1
81 15 1
72 29 1
72 58 1
48 21 1
9 11 1
82 24 1
83 59 1
38 29 1
84 60 1
85 61 1
72 60 1
49 60 1
86 62 1
87 1 1
85 1 1
85 7 1
88 22 1
89 63 1
72 41 1
89 64 1
90 12 1
91 21 1
32 7 1
38 65 1
92 64 1
93 35 1
94 22 1
95 35 1
31 22 1
58 1 1
96 7 1
97 7 1
97 34 1
98 2 1
99 61 1
92 10 1
100 66 1
101 7 1
102 27 1
103 67 1
72 41 1
83 59 1
104 2 1
27 17 1
91 17 1
98 41 1
105 59 1
92 68 1
106 69 1
103 21 1
107 66 1
108 68 1
109 68 1
110 70 1
111 11 1
112 17 1
113 1 1
114 1 1
101 63 1
115 22 1
116 44 1
117 24 1
118 71 1
33 23 1
119 48 1
120 53 1
119 59 1
18 11 1
103 67 1
28 1 1
121 23 1
83 12 1
122 29 1
123 37 1
124 29 1
125 72 1
126 72 1
127 31 1
128 73 1
83 12 1
120 12 1
129 1 1
128 74 1
130 17 1
75 41 1
131 63 1
132 75 1
59 76 1
133 77 1
91 66 1
103 78 1
134 76 1
91 12 1
104 44 1
98 2 1
135 22 1
129 44 1
136 2 1
112 17 1
137 22 1
136 41 1
138 79 1
120 12 1
130 29 1
139 22 1
140 51 1
141 80 1
142 81 1
140 62 1
143 82 1
144 1 1
85 41 1
143 82 1
145 83 1
146 22 1
146 22 1
136 30 1
147 65 1
27 17 1
148 29 1
149 82 1
33 12 1
150 29 1
103 84 1
151 85 1
152 29 1
153 86 1
154 29 1
155 29 1
97 7 1
75 75 1
156 21 1
121 23 1
27 41 1
157 66 1
158 84 1
103 87 1
103 88 1
38 11 1
159 75 1
160 89 1
161 65 1
162 59 1
163 59 1
164 85 1
49 89 1
98 42 1
165 90 1
166 18 1
163 41 1
162 91 1
167 29 1
97 29 1
168 92 1
169 29 1
170 91 1
171 93 1
92 7 1
172 48 1
173 94 1
174 22 1
174 22 1
175 93 1
163 94 1
176 17 1
136 24 1
177 32 1
178 85 1
178 22 1
129 30 1
179 17 1
175 95 1
33 23 1
133 7 1
180 24 1
162 96 1
20 17 1
181 48 1
182 7 1
183 9 1
184 77 1
185 97 1
186 29 1
187 98 1
188 99 1
183 66 1
189 12 1
190 29 1
49 36 1
191 100 1
192 100 1
128 101 1
17 41 1
22 102 1
93 102 1
193 69 1
51 103 1
194 12 1
195 104 1
196 104 1
137 104 1
197 105 1
198 103 1
199 12 1
49 12 1
200 12 1
20 17 1
201 69 1
162 12 1
202 20 1
203 37 1
27 12 1
58 29 1
204 7 1
205 42 1
206 44 1
20 17 1
27 17 1
133 106 1
105 106 1
207 107 1
105 12 1
27 17 1
105 23 1
59 108 1
208 66 1
59 109 1
86 29 1
86 23 1
105 110 1
209 96 1
86 111 1
210 112 1
210 113 1
128 114 1
210 15 1
27 17 1
152 115 1
152 12 1
211 116 1
212 116 1
213 117 1
214 19 1
215 116 1
214 67 1
212 116 1
162 41 1
216 118 1
215 116 1
91 119 1
217 25 1
218 24 1
219 65 1
220 116 1
221 120 1
221 22 1
214 31 1
222 111 1
223 116 1
188 120 1
224 121 1
225 22 1
226 117 1
227 116 1
228 122 1
229 17 1
230 22 1
121 23 1
231 30 1
232 24 1
233 117 1
211 116 1
59 116 1
232 123 1
27 17 1
234 30 1
235 124 1
236 125 1
237 69 1
238 99 1
239 23 1
240 94 1
205 106 1
83 116 1
215 116 1
241 116 1
242 126 1
235 127 1
243 17 1
237 124 1
244 116 1
245 106 1
9 72 1
233 128 1
246 23 1
234 30 1
128 129 1
213 130 1
247 29 1
239 106 1
245 65 1
248 65 1
249 115 1
212 116 1
244 11 1
250 131 1
251 29 1
252 36 1
211 116 1
212 116 1
253 116 1
242 126 1
254 59 1
17 72 1
255 132 1
27 17 1
256 41 1
