212 116 1
58 132 1
257 133 1
134 134 1
1 130 1
258 25 1
177 41 1
1 135 1
233 135 1
245 89 1
20 17 1
112 17 1
259 29 1
6 29 1
260 5 1
1 67 1
1 41 1
105 109 1
212 116 1
261 22 1
262 130 1
262 136 1
63 12 1
252 21 1
214 22 1
211 116 1
239 120 1
263 137 1
264 125 1
265 125 1
266 116 1
212 116 1
173 138 1
267 139 1
268 12 1
112 17 1
134 39 1
244 29 1
269 29 1
270 22 1
271 41 1
272 72 1
273 138 1
274 140 1
174 141 1
275 139 1
276 12 1
277 109 1
278 116 1
27 41 1
211 116 1
279 116 1
280 138 1
144 11 1
105 11 1
162 33 1
281 138 1
282 142 1
283 29 1
284 1 1
267 143 1
284 139 1
222 17 1
205 127 1
285 15 1
103 84 1
286 22 1
212 116 1
139 144 1
287 22 1
83 45 1
288 95 1
289 41 1
290 145 1
73 106 1
33 23 1
291 146 1
292 147 1
293 145 1
294 117 1
241 116 1
52 116 1
295 146 1
27 17 1
18 29 1
296 48 1
297 87 1
298 117 1
293 148 1
103 149 1
75 2 1
299 22 1
300 9 1
213 150 1
225 46 1
264 117 1
290 151 1
239 152 1
301 12 1
302 72 1
303 29 1
133 1 1
212 116 1
304 153 1
305 11 1
144 20 1
306 72 1
293 154 1
307 155 1
308 29 1
309 59 1
310 156 1
290 157 1
311 11 1
222 17 1
219 29 1
22 29 1
312 59 1
83 106 1
305 89 1
313 95 1
314 116 1
212 116 1
315 72 1
316 66 1
17 72 1
19 158 1
235 46 1
177 41 1
141 137 1
317 72 1
318 59 1
314 137 1
319 159 1
212 116 1
320 116 1
321 160 1
322 82 1
296 161 1
323 159 1
324 11 1
325 11 1
223 116 1
326 159 1
327 162 1
263 11 1
328 11 1
329 22 1
98 41 1
330 116 1
133 120 1
331 133 1
332 163 1
305 124 1
22 106 1
144 72 1
333 160 1
334 160 1
261 161 1
335 164 1
336 11 1
326 29 1
337 29 1
338 44 1
339 165 1
197 166 1
77 41 1
340 41 1
71 116 1
312 12 1
112 17 1
222 17 1
341 116 1
337 11 1
239 17 1
342 167 1
343 46 1
344 102 1
128 168 1
345 46 1
346 169 1
347 31 1
348 11 1
197 170 1
349 136 1
350 41 1
351 116 1
178 116 1
352 150 1
141 12 1
353 12 1
27 17 1
354 29 1
231 29 1
355 86 1
244 116 1
342 130 1
356 29 1
357 29 1
298 171 1
358 149 1
359 172 1
337 11 1
360 11 1
361 41 1
220 116 1
183 161 1
193 119 1
362 173 1
91 31 1
363 44 1
364 112 1
197 105 1
162 161 1
265 150 1
183 127 1
305 11 1
365 11 1
112 17 1
366 40 1
367 116 1
347 72 1
314 12 1
368 45 1
369 116 1
370 172 1
371 174 1
311 175 1
372 176 1
210 109 1
373 116 1
174 127 1
374 34 1
321 177 1
375 116 1
376 116 1
109 178 1
311 178 1
337 11 1
377 11 1
378 11 1
62 46 1
378 41 1
379 75 1
178 116 1
295 123 1
380 179 1
222 17 1
381 41 1
382 63 1
383 180 1
294 181 1
384 182 1
385 127 1
318 2 1
386 29 1
387 1 1
388 116 1
389 179 1
390 105 1
391 29 1
27 23 1
379 61 1
392 106 1
393 109 1
386 11 1
394 29 1
133 66 1
395 183 1
396 184 1
59 185 1
63 119 1
397 186 1
245 187 1
398 188 1
305 127 1
287 116 1
399 182 1
400 189 1
244 17 1
112 17 1
148 116 1
178 116 1
401 123 1
402 177 1
403 188 1
16 11 1
105 11 1
404 117 1
367 116 1
366 123 1
244 72 1
405 190 1
229 17 1
406 29 1
245 65 1
383 180 1
345 191 1
407 127 1
8 192 1
408 192 1
311 40 1
409 40 1
92 66 1
410 116 1
317 193 1
411 194 1
247 11 1
197 195 1
412 1 1
388 116 1
413 152 1
414 164 1
92 196 1
305 127 1
223 116 1
415 116 1
416 197 1
417 11 1
121 23 1
49 36 1
134 71 1
305 71 1
418 198 1
59 123 1
419 199 1
142 188 1
245 191 1
420 200 1
421 127 1
422 136 1
423 201 1
424 159 1
362 202 1
425 203 1
425 203 1
426 204 1
142 205 1
427 205 1
345 205 1
59 205 1
428 206 1
362 207 1
259 29 1
245 137 1
429 62 1
407 127 1
430 208 1
197 209 1
431 34 1
432 104 1
433 116 1
17 72 1
434 199 1
435 11 1
436 136 1
437 210 1
9 211 1
347 116 1
172 212 1
438 116 1
439 31 1
440 23 1
441 33 1
375 108 1
244 116 1
415 11 1
442 11 1
177 212 1
375 57 1
443 72 1
383 180 1
444 213 1
407 127 1
112 17 1
445 65 1
378 41 1
446 214 1
447 116 1
448 116 1
449 142 1
446 215 1
450 193 1
451 127 1
452 17 1
8 17 1
446 216 1
453 212 1
454 212 1
253 116 1
455 116 1
456 198 1
134 187 1
457 202 1
458 217 1
459 218 1
224 219 1
460 220 1
461 221 1
462 130 1
460 136 1
206 31 1
463 84 1
445 160 1
218 190 1
464 116 1
228 156 1
465 183 1
466 222 1
467 223 1
43 224 1
468 11 1
469 225 1
238 212 1
103 120 1
470 72 1
460 133 1
471 172 1
472 180 1
473 224 1
474 11 1
475 226 1
476 17 1
112 17 1
420 121 1
210 34 1
239 116 1
477 227 1
466 17 1
239 17 1
426 228 1
235 202 1
222 17 1
472 180 1
478 229 1
479 230 1
27 23 1
85 34 1
480 203 1
426 231 1
481 232 1
426 233 1
466 17 1
482 65 1
483 212 1
414 234 1
484 21 1
400 23 1
485 102 1
486 235 1
487 236 1
485 136 1
9 12 1
488 116 1
489 235 1
482 11 1
482 11 1
490 11 1
491 173 1
452 17 1
492 17 1
121 23 1
375 30 1
345 30 1
493 116 1
220 116 1
419 237 1
494 236 1
407 127 1
495 11 1
496 12 1
27 17 1
242 238 1
497 45 1
498 239 1
499 11 1
52 12 1
271 41 1
153 1 1
500 240 1
501 117 1
502 123 1
503 188 1
222 17 1
504 123 1
505 144 1
478 153 1
383 180 1
83 127 1
506 241 1
507 242 1
508 243 1
509 25 1
510 22 1
511 238 1
512 116 1
231 116 1
513 244 1
364 245 1
514 246 1
491 151 1
413 66 1
85 106 1
515 113 1
465 247 1
516 220 1
428 248 1
517 136 1
27 17 1
518 216 1
196 35 1
383 180 1
519 249 1
515 217 1
83 127 1
224 250 1
73 23 1
495 180 1
434 232 1
487 251 1
224 252 1
520 87 1
521 116 1
400 123 1
522 58 1
245 127 1
523 241 1
524 253 1
525 254 1
526 255 1
527 17 1
528 22 1
222 23 1
506 238 1
277 137 1
529 213 1
441 127 1
269 127 1
115 127 1
530 241 1
428 256 1
531 256 1
487 257 1
482 65 1
253 116 1
532 116 1
533 258 1
534 259 1
487 260 1
495 23 1
105 123 1
364 245 1
533 261 1
481 261 1
105 41 1
277 123 1
428 153 1
498 239 1
535 262 1
535 263 1
536 264 1
277 17 1
537 124 1
538 72 1
539 265 1
540 266 1
299 34 1
541 106 1
542 161 1
543 213 1
212 116 1
447 116 1
544 116 1
401 156 1
545 267 1
546 1 1
547 268 1
548 269 1
226 82 1
322 82 1
91 123 1
549 188 1
550 241 1
551 9 1
544 270 1
148 116 1
105 116 1
552 249 1
364 271 1
553 272 1
364 273 1
554 274 1
554 275 1
555 214 1
556 145 1
557 272 1
558 249 1
555 244 1
559 276 1
558 116 1
560 256 1
407 277 1
292 278 1
561 22 1
562 1 1
547 279 1
547 280 1
92 2 1
563 281 1
547 282 1
401 283 1
564 11 1
33 23 1
565 156 1
434 257 1
565 271 1
305 277 1
566 2 1
311 284 1
487 285 1
567 286 1
566 94 1
568 104 1
220 116 1
569 164 1
570 168 1
524 287 1
571 288 1
40 289 1
572 290 1
573 41 1
487 291 1
574 1 1
575 66 1
199 120 1
547 257 1
576 292 1
577 292 1
277 2 1
518 290 1
555 244 1
578 244 1
579 2 1
203 293 1
309 294 1
580 295 1
574 34 1
286 48 1
581 95 1
582 296 1
583 297 1
584 52 1
585 117 1
586 298 1
587 250 1
438 283 1
588 299 1
451 277 1
589 2 1
434 300 1
590 301 1
591 32 1
592 120 1
593 203 1
594 250 1
595 11 1
596 292 1
597 277 1
592 2 1
598 302 1
586 213 1
599 303 1
43 293 1
600 293 1
601 294 1
602 304 1
301 305 1
603 116 1
383 180 1
604 193 1
552 249 1
605 265 1
606 283 1
607 293 1
457 267 1
526 306 1
608 29 1
609 29 1
566 46 1
610 123 1
611 123 1
1 161 1
612 215 1
613 239 1
614 306 1
426 307 1
612 308 1
615 167 1
1 23 1
572 282 1
616 9 1
617 188 1
434 298 1
546 22 1
618 67 1
619 65 1
620 1 1
621 86 1
541 106 1
622 123 1
623 180 1
624 105 1
560 256 1
18 283 1
625 292 1
103 297 1
626 309 1
627 309 1
628 310 1
629 311 1
630 1 1
583 1 1
592 1 1
631 137 1
268 144 1
632 168 1
498 239 1
214 67 1
83 127 1
633 272 1
305 277 1
612 312 1
634 313 1
52 41 1
635 123 1
636 314 1
234 315 1
637 29 1
638 316 1
614 316 1
639 194 1
187 11 1
640 11 1
558 293 1
437 317 1
641 318 1
624 319 1
642 320 1
643 44 1
175 321 1
107 66 1
644 95 1
107 18 1
645 69 1
645 191 1
566 69 1
228 127 1
646 11 1
647 295 1
648 322 1
649 323 1
228 22 1
650 198 1
651 11 1
583 324 1
652 325 1
653 130 1
459 30 1
654 165 1
286 165 1
266 283 1
633 272 1
552 326 1
655 309 1
311 327 1
656 328 1
657 329 1
658 12 1
659 330 1
647 35 1
660 331 1
661 325 1
662 325 1
662 325 1
134 135 1
663 215 1
664 193 1
665 206 1
666 292 1
200 292 1
586 332 1
647 333 1
369 12 1
667 22 1
668 262 1
669 293 1
364 334 1
670 19 1
671 161 1
438 283 1
18 331 1
396 283 1
672 272 1
466 11 1
309 294 1
673 332 1
305 189 1
674 189 1
675 335 1
676 203 1
677 203 1
678 283 1
679 293 1
680 331 1
201 334 1
83 336 1
127 337 1
681 338 1
682 339 1
17 323 1
682 340 1
683 129 1
671 161 1
438 161 1
684 335 1
685 335 1
673 341 1
686 11 1
687 280 1
237 315 1
688 337 1
689 342 1
690 343 1
691 343 1
667 344 1
677 274 1
692 189 1
134 323 1
441 323 1
686 29 1
693 345 1
694 26 1
695 282 1
667 346 1
696 214 1
693 347 1
697 348 1
698 215 1
699 250 1
700 11 1
476 292 1
52 349 1
688 344 1
701 89 1
364 161 1
702 215 1
703 293 1
704 333 1
705 350 1
706 351 1
707 102 1
708 129 1
299 334 1
709 323 1
710 238 1
18 45 1
711 352 1
712 159 1
711 283 1
713 11 1
714 315 1
612 308 1
311 353 1
715 12 1
711 29 1
716 7 1
717 282 1
372 151 1
718 354 1
719 355 1
720 22 1
451 65 1
679 18 1
213 35 1
416 180 1
721 283 1
722 11 1
685 287 1
364 315 1
723 356 1
401 357 1
724 29 1
725 31 1
726 32 1
727 82 1
49 353 1
612 358 1
728 359 1
34 360 1
708 361 1
729 12 1
730 362 1
403 188 1
708 363 1
731 349 1
305 364 1
715 12 1
556 173 1
732 29 1
470 165 1
733 239 1
459 239 1
734 349 1
723 356 1
735 365 1
736 366 1
224 367 1
717 368 1
220 12 1
737 36 1
738 41 1
739 11 1
740 293 1
741 369 1
704 370 1
742 312 1
265 125 1
533 279 1
743 371 1
533 372 1
658 349 1
466 349 1
744 373 1
743 345 1
709 374 1
745 156 1
518 375 1
746 250 1
747 11 1
748 276 1
749 331 1
750 376 1
596 353 1
438 353 1
508 355 1
746 377 1
746 378 1
746 379 1
446 380 1
655 381 1
518 382 1
751 302 1
746 207 1
746 173 1
683 121 1
745 7 1
752 82 1
753 89 1
754 215 1
755 257 1
668 262 1
471 272 1
756 11 1
757 292 1
283 293 1
758 383 1
561 22 1
759 7 1
760 95 1
761 283 1
762 292 1
763 293 1
665 315 1
582 381 1
764 384 1
765 385 1
683 173 1
745 31 1
612 290 1
105 66 1
241 116 1
766 149 1
767 272 1
768 310 1
560 315 1
366 41 1
769 45 1
770 340 1
770 129 1
770 206 1
770 363 1
116 239 1
711 331 1
771 386 1
20 352 1
772 146 1
773 293 1
18 369 1
612 368 1
655 387 1
741 12 1
741 12 1
741 388 1
720 44 1
774 32 1
581 1 1
775 11 1
596 353 1
311 389 1
758 383 1
727 207 1
235 207 1
741 37 1
178 65 1
711 65 1
401 38 1
503 188 1
776 218 1
581 2 1
763 293 1
672 336 1
701 369 1
777 390 1
717 382 1
778 391 1
779 207 1
585 385 1
780 385 1
781 32 1
779 145 1
782 109 1
783 105 1
784 283 1
785 292 1
762 292 1
786 292 1
787 291 1
115 328 1
770 392 1
788 393 1
789 394 1
790 395 1
791 34 1
792 67 1
741 67 1
741 67 1
793 214 1
389 116 1
428 363 1
470 2 1
671 293 1
401 293 1
629 311 1
794 349 1
771 396 1
795 397 1
796 12 1
269 29 1
33 23 1
797 41 1
798 41 1
22 346 1
799 188 1
800 354 1
717 285 1
162 293 1
680 331 1
801 398 1
802 399 1
162 66 1
803 217 1
804 292 1
805 131 1
806 34 1
366 41 1
389 116 1
807 165 1
808 193 1
809 217 1
762 276 1
244 276 1
63 292 1
187 292 1
810 338 1
625 349 1
811 34 1
174 32 1
600 41 1
718 354 1
812 283 1
813 372 1
814 372 1
815 293 1
71 349 1
816 400 1
817 362 1
818 32 1
