1380 102 1
1380 117 1
1745 120 1
315 160 1
1083 188 1
677 11 1
1746 372 1
182 451 1
1747 566 1
1227 274 1
1748 640 1
1749 650 1
1314 706 1
1380 130 1
1348 762 1
1750 797 1
1721 800 1
1604 832 1
1751 842 1
1741 29 1
1752 758 1
228 119 1
383 180 1
797 11 1
947 408 1
1753 424 1
1646 158 1
1754 631 1
1531 699 1
1041 843 1
1755 425 1
1756 345 1
1757 347 1
1758 119 1
1757 379 1
871 429 1
279 274 1
1562 631 1
1125 313 1
1759 805 1
849 832 1
1760 844 1
1581 845 1
1761 846 1
1757 173 1
1762 847 1
1763 119 1
1764 490 1
438 283 1
1288 272 1
624 408 1
1242 408 1
829 408 1
1765 512 1
1766 624 1
1624 666 1
1462 696 1
1767 756 1
479 781 1
328 781 1
1768 796 1
1413 848 1
921 849 1
1769 850 1
1516 385 1
1770 757 1
1292 29 1
520 87 1
1757 833 1
1757 202 1
1344 280 1
1771 640 1
366 698 1
1772 802 1
953 832 1
1344 851 1
1553 615 1
1471 29 1
1773 773 1
1774 187 1
247 188 1
739 11 1
1078 11 1
966 11 1
1305 482 1
1775 579 1
1102 650 1
1775 805 1
1013 852 1
1776 853 1
1777 854 1
1309 855 1
783 856 1
1778 847 1
659 857 1
1629 165 1
1779 2 1
1743 433 1
1582 441 1
1780 451 1
907 505 1
1781 577 1
136 624 1
573 630 1
1782 650 1
1783 699 1
1784 136 1
1531 802 1
1082 858 1
1710 859 1
947 860 1
1785 29 1
31 23 1
934 124 1
1786 321 1
1787 35 1
1629 187 1
1788 265 1
1789 429 1
1571 483 1
1763 505 1
1763 622 1
1790 631 1
1783 699 1
924 861 1
1334 717 1
348 736 1
1703 755 1
1662 802 1
1775 803 1
1073 23 1
1791 862 1
1617 352 1
1792 162 1
1720 429 1
1793 433 1
1604 542 1
1617 546 1
1794 630 1
1779 787 1
1795 803 1
1587 811 1
1242 848 1
539 849 1
1796 863 1
1290 864 1
1797 865 1
1798 866 1
1799 12 1
1587 489 1
1800 21 1
1801 44 1
1802 102 1
1803 10 1
1804 195 1
1804 593 1
136 867 1
1705 830 1
554 803 1
1805 868 1
1805 869 1
1805 870 1
908 29 1
1806 41 1
1807 180 1
1808 188 1
1063 188 1
1051 229 1
1611 203 1
865 331 1
1809 416 1
1436 523 1
520 546 1
1763 613 1
1246 313 1
632 871 1
990 872 1
1810 873 1
1611 874 1
1684 875 1
1811 275 1
1812 362 1
1436 42 1
1029 780 1
1813 128 1
104 169 1
1735 11 1
1242 408 1
1814 439 1
946 451 1
1815 521 1
1816 512 1
229 631 1
1029 656 1
1817 657 1
1818 705 1
1819 666 1
1790 704 1
1820 802 1
370 876 1
1329 822 1
1821 877 1
1284 275 1
1822 878 1
1823 879 1
1824 880 1
1499 881 1
311 23 1
1825 94 1
1826 76 1
1181 128 1
1827 151 1
1749 283 1
739 11 1
1828 11 1
1825 11 1
1448 370 1
1829 408 1
1830 464 1
1831 817 1
1832 542 1
1223 592 1
347 650 1
514 824 1
167 875 1
1312 875 1
870 882 1
1833 883 1
1834 884 1
1835 885 1
1835 886 1
1835 887 1
1314 120 1
914 76 1
1836 227 1
1788 265 1
1837 577 1
1692 604 1
921 424 1
1838 424 1
711 619 1
1839 728 1
1840 796 1
1690 824 1
1722 824 1
1763 832 1
1841 848 1
1763 855 1
1498 275 1
917 275 1
1721 275 1
1531 275 1
717 883 1
1842 888 1
1843 889 1
717 890 1
717 891 1
1844 814 1
376 29 1
1835 892 1
717 893 1
1845 156 1
1846 156 1
717 244 1
759 11 1
434 280 1
1365 331 1
1847 370 1
1846 433 1
1681 383 1
1389 523 1
1848 546 1
910 630 1
717 652 1
420 667 1
717 741 1
1730 781 1
1849 275 1
1820 889 1
612 894 1
1710 895 1
971 12 1
415 29 1
1247 41 1
1604 41 1
985 838 1
1850 272 1
22 334 1
1664 781 1
810 275 1
778 896 1
1113 272 1
871 429 1
1851 622 1
1852 796 1
1853 275 1
1257 897 1
1673 898 1
1854 188 1
1236 11 1
1835 11 1
1300 579 1
1855 667 1
1856 706 1
1123 890 1
1123 891 1
1857 238 1
1858 292 1
1859 546 1
1860 593 1
1301 630 1
1861 313 1
1862 727 1
1721 800 1
1863 802 1
220 899 1
1863 882 1
1619 900 1
1813 772 1
1553 901 1
1864 135 1
1807 180 1
1629 187 1
764 200 1
1567 272 1
1865 11 1
1309 429 1
228 433 1
1866 451 1
1867 475 1
1056 735 1
669 735 1
1868 373 1
1842 888 1
65 902 1
1559 900 1
1864 683 1
1242 903 1
1579 757 1
1869 904 1
1870 41 1
1073 11 1
1027 334 1
1269 312 1
1871 393 1
331 433 1
1832 501 1
1872 546 1
136 546 1
1873 619 1
1790 631 1
1874 635 1
1533 463 1
1874 783 1
506 796 1
1875 905 1
1137 906 1
1876 907 1
1073 23 1
1877 908 1
1877 909 1
1218 188 1
1878 11 1
1879 277 1
1641 393 1
1286 408 1
1880 433 1
1832 619 1
205 630 1
1629 727 1
745 755 1
1350 781 1
1531 800 1
1421 822 1
339 832 1
633 882 1
1881 888 1
1604 888 1
1882 757 1
1883 466 1
1629 910 1
1763 67 1
1639 911 1
1884 251 1
1459 272 1
1885 11 1
1327 483 1
1886 611 1
1887 630 1
1888 686 1
415 912 1
1889 728 1
1890 853 1
1825 902 1
1581 913 1
1871 456 1
1013 914 1
1891 193 1
1891 227 1
739 11 1
1588 292 1
1281 292 1
1892 451 1
1893 915 1
1604 542 1
1666 313 1
1192 667 1
428 686 1
647 827 1
1604 832 1
9 888 1
1312 902 1
1894 916 1
947 917 1
1727 918 1
322 919 1
197 558 1
947 558 1
871 31 1
851 920 1
1587 920 1
86 352 1
1895 202 1
1783 272 1
1896 272 1
1897 11 1
625 292 1
1898 451 1
1555 523 1
315 546 1
1899 577 1
1900 631 1
1334 717 1
783 463 1
1901 463 1
1902 881 1
1636 921 1
1516 918 1
1734 922 1
1903 923 1
1845 29 1
1904 924 1
1905 925 1
1123 507 1
1906 265 1
1391 11 1
121 11 1
1907 11 1
1908 11 1
222 619 1
1909 158 1
1604 630 1
1375 475 1
1910 777 1
134 926 1
1242 918 1
1817 918 1
1549 927 1
1911 928 1
971 346 1
564 113 1
666 76 1
1814 188 1
1912 188 1
1913 218 1
1914 272 1
1845 334 1
22 404 1
1912 624 1
689 475 1
1915 912 1
1916 718 1
1562 781 1
1531 802 1
1917 510 1
1677 829 1
442 888 1
1918 921 1
1183 902 1
1919 929 1
706 930 1
1920 931 1
1516 932 1
1516 933 1
1516 934 1
1218 29 1
121 23 1
1912 23 1
1912 41 1
1697 772 1
1921 58 1
1922 180 1
1923 559 1
1691 298 1
1098 265 1
1604 292 1
1924 331 1
898 334 1
395 451 1
794 451 1
1909 454 1
1925 446 1
1926 475 1
1927 686 1
1928 777 1
1044 796 1
832 884 1
1929 935 1
1044 936 1
1926 937 1
1477 938 1
1930 669 1
1931 31 1
73 23 1
187 188 1
739 11 1
1240 312 1
1051 424 1
1117 631 1
315 630 1
1784 884 1
1876 907 1
167 935 1
1932 939 1
1832 23 1
1286 940 1
1230 188 1
92 292 1
200 292 1
1177 291 1
698 508 1
1928 650 1
1933 784 1
1934 822 1
1223 871 1
1834 884 1
1890 897 1
872 41 1
647 295 1
1409 701 1
1935 653 1
1871 941 1
1409 814 1
1778 942 1
1590 943 1
1409 944 1
1409 945 1
1936 5 1
907 67 1
1409 920 1
1937 920 1
1587 920 1
1938 946 1
1939 149 1
1326 279 1
1940 363 1
1941 501 1
1942 784 1
625 796 1
1719 888 1
1842 888 1
1943 889 1
1269 894 1
1075 947 1
1944 948 1
1587 489 1
244 589 1
247 188 1
1372 227 1
946 451 1
1443 711 1
870 802 1
915 836 1
1421 385 1
134 949 1
1945 669 1
211 950 1
1731 951 1
914 952 1
1666 953 1
1683 954 1
233 955 1
947 956 1
783 957 1
452 17 1
1946 489 1
1629 7 1
849 41 1
1027 477 1
1947 958 1
632 959 1
633 272 1
1891 295 1
1763 521 1
1948 424 1
1522 707 1
1553 882 1
1949 916 1
1950 954 1
1951 960 1
1727 961 1
1223 962 1
210 963 1
1952 964 1
1953 965 1
1331 489 1
1813 240 1
1195 966 1
1954 967 1
1421 227 1
1955 272 1
1011 11 1
966 11 1
1956 291 1
1957 331 1
625 451 1
1958 926 1
1876 952 1
1959 956 1
1960 968 1
794 969 1
921 970 1
1587 971 1
1961 31 1
1312 31 1
1604 41 1
1388 458 1
1962 139 1
628 310 1
628 454 1
596 622 1
1963 913 1
1964 938 1
395 972 1
1483 973 1
40 61 1
1918 272 1
1634 731 1
1731 615 1
1965 615 1
1190 168 1
1703 622 1
965 640 1
1703 952 1
910 954 1
1572 167 1
1693 109 1
1807 180 1
1629 187 1
438 283 1
1516 408 1
228 122 1
1855 424 1
564 619 1
1966 667 1
764 475 1
706 974 1
1443 735 1
805 755 1
1967 275 1
1968 926 1
1960 913 1
244 952 1
624 956 1
1960 975 1
1969 976 1
1516 977 1
112 17 1
1970 29 1
121 23 1
872 41 1
1516 940 1
1832 58 1
998 188 1
1716 11 1
1306 451 1
1971 483 1
1436 523 1
1645 275 1
1645 882 1
1832 907 1
1820 954 1
1909 978 1
1354 979 1
1972 12 1
90 12 1
1973 980 1
1380 41 1
875 11 1
840 404 1
1974 483 1
1974 577 1
1685 424 1
1629 630 1
1872 912 1
315 855 1
947 981 1
1703 16 1
1975 16 1
1090 23 1
1813 772 1
1976 133 1
1914 272 1
1713 292 1
1977 650 1
1978 475 1
1594 783 1
1783 802 1
1979 882 1
1880 954 1
829 956 1
395 972 1
1980 978 1
1594 558 1
1981 982 1
1978 983 1
1982 984 1
1301 985 1
1979 615 1
1861 29 1
1029 778 1
1051 229 1
928 447 1
936 461 1
1983 383 1
1498 579 1
1838 424 1
596 622 1
785 722 1
1231 781 1
1664 781 1
1496 463 1
1723 836 1
1804 848 1
1984 814 1
705 918 1
1890 918 1
914 952 1
790 952 1
1515 972 1
536 981 1
1804 981 1
1985 986 1
1223 987 1
233 988 1
1137 989 1
1531 615 1
1986 29 1
1073 23 1
965 363 1
739 11 1
1987 650 1
289 990 1
1183 991 1
1988 991 1
102 440 1
1703 41 1
315 326 1
1989 622 1
1103 466 1
1627 41 1
1990 41 1
1991 53 1
1992 11 1
1993 292 1
1835 331 1
305 334 1
1994 631 1
810 717 1
1625 781 1
1137 800 1
1701 829 1
1995 829 1
1690 466 1
1996 918 1
1997 956 1
1309 979 1
1542 992 1
1258 993 1
452 17 1
1998 17 1
438 41 1
961 41 1
1697 772 1
1444 994 1
1877 958 1
247 11 1
1999 11 1
107 331 1
2000 331 1
1204 446 1
1630 512 1
1375 709 1
1395 822 1
886 953 1
1950 954 1
1959 956 1
289 990 1
1242 995 1
1218 996 1
2001 997 1
2002 67 1
2003 128 1
1832 283 1
1391 11 1
2004 370 1
1913 546 1
1832 624 1
332 698 1
625 781 1
2005 822 1
1531 836 1
851 939 1
220 991 1
1312 998 1
49 17 1
269 29 1
1912 23 1
1913 94 1
1630 370 1
2006 391 1
2006 550 1
1853 274 1
1050 619 1
1723 882 1
2007 884 1
870 906 1
1245 939 1
2008 939 1
1498 954 1
1297 999 1
1477 1000 1
2008 1001 1
1713 5 1
712 7 1
235 41 1
778 1002 1
1832 346 1
799 188 1
1461 127 1
2009 251 1
2010 363 1
438 283 1
2011 292 1
1269 280 1
717 280 1
2012 501 1
1624 519 1
457 539 1
224 539 1
1542 624 1
1690 648 1
1575 693 1
245 781 1
612 866 1
1690 939 1
2013 947 1
2012 953 1
2014 976 1
31 1003 1
1666 1004 1
2015 1005 1
1802 362 1
2016 41 1
1445 1006 1
2017 139 1
739 11 1
769 11 1
1281 292 1
2018 577 1
741 620 1
1666 952 1
2019 1007 1
741 1008 1
1703 29 1
741 1009 1
1971 362 1
1763 32 1
1773 772 1
1773 1010 1
2020 227 1
1703 404 1
1720 429 1
1892 451 1
2021 452 1
1223 566 1
2021 648 1
805 755 1
1300 813 1
2022 919 1
2023 938 1
1125 1011 1
1734 1012 1
841 1013 1
2021 121 1
1376 758 1
1241 125 1
1372 139 1
971 193 1
804 11 1
1665 331 1
1832 624 1
625 631 1
1887 630 1
2015 650 1
1960 697 1
596 735 1
245 777 1
1472 829 1
359 882 1
1874 918 1
1359 938 1
479 939 1
1246 952 1
1683 954 1
210 1011 1
1625 1003 1
851 1014 1
624 1015 1
1530 1016 1
612 1017 1
2024 1018 1
112 17 1
1815 61 1
2025 11 1
894 513 1
1664 631 1
1377 667 1
1832 727 1
1377 939 1
1587 939 1
2026 953 1
1502 1019 1
1502 991 1
1790 1020 1
1702 1021 1
2027 41 1
926 35 1
1011 11 1
1585 11 1
2028 11 1
2029 912 1
610 711 1
2030 755 1
1604 888 1
1790 997 1
73 23 1
1448 362 1
1832 589 1
187 11 1
919 11 1
149 577 1
1472 577 1
1455 424 1
210 619 1
865 711 1
1783 802 1
1531 275 1
2031 882 1
1309 985 1
1309 991 1
1666 1003 1
244 1003 1
1629 1003 1
1562 1022 1
135 997 1
1256 1023 1
2032 291 1
305 334 1
182 451 1
1832 540 1
245 631 1
2033 822 1
2034 902 1
2035 1003 1
2000 997 1
2036 1024 1
1751 1025 1
923 1026 1
2037 1027 1
965 664 1
2038 1028 1
2039 1029 1
1483 1030 1
1530 117 1
2040 11 1
2009 416 1
2041 681 1
228 912 1
1145 902 1
858 952 1
289 990 1
1684 1012 1
2042 1022 1
1184 1031 1
1971 167 1
277 589 1
1177 649 1
965 397 1
1605 587 1
2043 650 1
1668 275 1
2044 952 1
438 952 1
858 1032 1
1715 1033 1
2045 589 1
2046 110 1
503 188 1
1288 272 1
1136 11 1
1832 310 1
1201 648 1
476 711 1
1543 956 1
2019 1007 1
1411 997 1
1013 1034 1
794 1035 1
689 1036 1
134 9 1
1832 132 1
1572 35 1
739 11 1
1666 587 1
2047 587 1
1634 413 1
1642 463 1
850 802 1
1642 918 1
2048 939 1
134 952 1
1832 980 1
1617 1003 1
1288 1037 1
1301 1038 1
2049 121 1
101 631 1
315 630 1
1723 802 1
1249 852 1
2050 991 1
2015 1005 1
2051 1039 1
1000 1039 1
1735 997 1
1763 1032 1
1617 32 1
361 41 1
1729 135 1
727 35 1
1754 127 1
324 11 1
698 1040 1
1709 451 1
1832 464 1
1729 483 1
1469 512 1
1070 540 1
1516 681 1
1832 830 1
2052 735 1
910 954 1
1469 955 1
1490 1012 1
785 1003 1
1928 1003 1
2011 1032 1
2053 1041 1
917 615 1
235 124 1
1056 735 1
1997 463 1
1968 1042 1
31 331 1
1536 631 1
1305 939 1
1666 991 1
2054 1003 1
1666 1032 1
624 1043 1
1617 305 1
1201 920 1
1835 331 1
2055 550 1
31 888 1
1125 1011 1
1411 997 1
2056 173 1
2057 1044 1
1561 11 1
966 11 1
1529 303 1
1634 303 1
1240 649 1
2037 416 1
515 631 1
1452 899 1
1832 832 1
395 972 1
1666 1011 1
233 988 1
844 1031 1
1682 1032 1
121 23 1
1958 23 1
2058 58 1
714 11 1
2059 274 1
1354 650 1
1498 803 1
1950 275 1
1832 926 1
1459 954 1
552 980 1
177 1003 1
245 997 1
1137 1037 1
457 1045 1
1029 1046 1
2034 1047 1
1969 1048 1
1377 1049 1
1123 232 1
1247 433 1
1479 546 1
1775 274 1
924 997 1
1832 1038 1
1331 1049 1
294 1050 1
1701 1050 1
1947 1051 1
1083 188 1
2037 341 1
229 331 1
305 334 1
1231 451 1
1449 383 1
470 542 1
235 158 1
1354 979 1
554 1037 1
1496 1046 1
1469 1050 1
1123 1052 1
2060 96 1
844 1053 1
1326 1054 1
112 17 1
2061 29 1
366 41 1
420 920 1
527 11 1
1112 292 1
2062 331 1
2063 619 1
52 631 1
1301 630 1
2064 861 1
2065 871 1
1065 980 1
2062 998 1
1832 1003 1
1763 1032 1
1731 1033 1
226 1050 1
1312 1055 1
2066 1055 1
31 1056 1
2067 1057 1
2068 17 1
1281 23 1
1530 362 1
1743 41 1
451 41 1
2069 238 1
2070 35 1
2071 429 1
426 802 1
2072 832 1
1604 1032 1
1443 1032 1
701 1056 1
2073 1058 1
1666 1059 1
2074 41 1
2075 1002 1
228 122 1
1122 630 1
910 1007 1
1233 1007 1
531 1030 1
2076 1037 1
2077 1060 1
1703 16 1
2078 1061 1
965 1062 1
2079 30 1
2080 14 1
744 35 1
2081 35 1
739 11 1
741 503 1
2082 631 1
1103 685 1
625 693 1
1965 802 1
1375 466 1
2083 1063 1
438 1011 1
1218 1003 1
415 1004 1
1835 1022 1
624 1015 1
278 1026 1
2084 1050 1
1960 1064 1
2085 1065 1
2086 1066 1
2086 992 1
2087 1067 1
438 17 1
1970 29 1
2088 167 1
2082 41 1
2089 117 1
2090 279 1
1629 187 1
1629 187 1
998 188 1
2091 268 1
2092 127 1
2079 447 1
2062 498 1
2093 501 1
1531 802 1
2094 949 1
1832 1035 1
790 1035 1
2095 1068 1
177 1068 1
31 1069 1
527 17 1
2079 345 1
1641 1002 1
2096 66 1
1859 72 1
1699 181 1
612 368 1
506 461 1
1859 546 1
2036 622 1
849 630 1
2097 662 1
2098 707 1
2099 727 1
2100 781 1
624 918 1
624 918 1
2062 947 1
503 1003 1
2037 1017 1
1746 1017 1
1684 305 1
2086 305 1
1972 1055 1
1187 615 1
2077 1060 1
1684 992 1
1353 1068 1
375 1068 1
2101 1070 1
366 1071 1
1859 1072 1
1301 1042 1
1241 181 1
2092 127 1
2102 283 1
2103 272 1
2104 370 1
2023 655 1
1137 535 1
2105 539 1
1594 593 1
2106 631 1
1110 722 1
244 1055 1
375 1057 1
1617 1068 1
1094 436 1
1721 1073 1
1629 29 1
1735 29 1
2107 1074 1
2108 41 1
2109 292 1
305 334 1
2110 539 1
1937 424 1
136 624 1
2111 630 1
1364 662 1
1559 777 1
1723 802 1
874 890 1
1038 954 1
2037 976 1
2112 1026 1
1021 1031 1
2113 1057 1
426 615 1
2078 1061 1
134 1071 1
2086 1075 1
2114 1076 1
685 1077 1
2115 1078 1
1483 1079 1
2109 41 1
1960 758 1
1103 692 1
727 35 1
769 11 1
1070 292 1
2116 334 1
2117 370 1
2118 550 1
1743 624 1
2119 1080 1
2120 871 1
1090 888 1
2121 953 1
1842 979 1
289 990 1
518 1017 1
1685 1081 1
2122 17 1
2123 22 1
2123 44 1
872 41 1
2124 41 1
2103 346 1
2125 14 1
1787 35 1
364 188 1
2123 277 1
2126 806 1
2126 843 1
2127 997 1
2125 1034 1
2077 1060 1
2128 1082 1
2126 345 1
1183 188 1
1175 127 1
2129 463 1
531 939 1
1377 939 1
914 952 1
438 952 1
438 1011 1
31 991 1
31 991 1
2130 1003 1
31 1003 1
370 1083 1
1187 1083 1
596 748 1
2131 1084 1
650 1085 1
2086 1042 1
2132 41 1
2133 920 1
1499 66 1
2134 1086 1
2134 1087 1
2134 1088 1
1832 87 1
2086 187 1
2135 188 1
1659 203 1
797 11 1
1703 313 1
2136 736 1
1452 781 1
1977 888 1
2137 466 1
244 1011 1
802 1032 1
441 1032 1
2138 1032 1
1220 1034 1
395 1071 1
1832 1089 1
1455 1090 1
2127 1091 1
370 1092 1
1056 1093 1
2099 29 1
2089 167 1
2139 167 1
268 144 1
268 144 1
2137 265 1
739 11 1
2140 393 1
2141 447 1
866 504 1
527 631 1
2142 630 1
136 912 1
2143 954 1
2144 1014 1
1959 1094 1
1615 1095 1
1320 1054 1
1102 1057 1
1312 1071 1
2145 1096 1
2146 1097 1
1874 1098 1
2147 1099 1
1617 17 1
527 23 1
2148 1100 1
1247 41 1
2149 80 1
1913 14 1
2150 58 1
426 272 1
1112 292 1
244 630 1
2151 373 1
2152 882 1
2153 956 1
1201 1014 1
1959 1094 1
971 1032 1
1763 1072 1
1833 1101 1
1502 1102 1
2120 1103 1
2154 1103 1
2150 29 1
1905 994 1
2022 133 1
2126 250 1
2155 11 1
2037 312 1
2156 631 1
2157 783 1
2158 873 1
231 888 1
1691 894 1
49 986 1
870 1083 1
2002 1032 1
2159 1037 1
1604 1068 1
438 1084 1
1790 1104 1
2114 1105 1
2160 7 1
1832 44 1
1432 41 1
2098 847 1
1554 11 1
2161 293 1
2162 429 1
244 763 1
2163 840 1
1664 1022 1
770 1081 1
943 1106 1
2164 1107 1
2165 440 1
530 238 1
2017 139 1
1435 11 1
1987 11 1
1118 189 1
2166 633 1
2118 1026 1
2167 41 1
2082 11 1
2058 546 1
2130 832 1
1218 1011 1
2168 1046 1
551 1055 1
1629 1108 1
1218 1109 1
1960 1110 1
917 1111 1
2062 124 1
2169 124 1
2125 113 1
1281 292 1
625 631 1
1832 630 1
1723 803 1
2170 822 1
1946 882 1
1218 1012 1
1723 1083 1
2115 1018 1
926 1111 1
2083 1111 1
91 1112 1
778 1113 1
2171 31 1
2172 72 1
647 133 1
1011 11 1
2173 11 1
376 292 1
2174 334 1
1971 483 1
647 822 1
1731 882 1
278 1026 1
2119 1054 1
1763 1112 1
596 1114 1
2175 1115 1
965 1078 1
1754 41 1
1690 692 1
2176 18 1
1956 291 1
1549 383 1
2177 498 1
741 503 1
2110 539 1
1062 728 1
647 136 1
1300 882 1
2178 952 1
705 1094 1
2153 1094 1
832 1111 1
2172 1116 1
874 1117 1
2179 1118 1
2180 1119 1
2180 870 1
2181 292 1
2027 292 1
628 310 1
805 331 1
1743 624 1
2111 630 1
1960 599 1
1719 1012 1
923 1026 1
2182 1037 1
134 992 1
1455 1090 1
2038 1102 1
1553 1120 1
1455 1121 1
624 1122 1
1832 1123 1
2183 1123 1
2184 1124 1
628 440 1
33 23 1
624 940 1
2185 86 1
1122 188 1
2019 203 1
2147 261 1
2186 11 1
2037 1040 1
1064 331 1
832 370 1
1404 711 1
134 782 1
2187 836 1
2188 840 1
2189 385 1
810 882 1
1842 888 1
1604 1011 1
701 1003 1
1377 1049 1
2037 1052 1
2077 1060 1
1859 1061 1
376 1091 1
2190 1098 1
2139 1125 1
49 1123 1
2191 1126 1
2192 1127 1
1804 1128 1
1094 1129 1
112 17 1
551 31 1
226 167 1
2193 162 1
244 188 1
2167 203 1
1359 213 1
2194 370 1
2081 130 1
2195 782 1
2196 4 1
895 956 1
2197 956 1
2002 1011 1
1909 978 1
2196 16 1
2198 16 1
244 1102 1
1832 1112 1
1629 1112 1
2089 1130 1
1354 1131 1
2196 1132 1
2199 1133 1
2200 1134 1
2201 1135 1
2202 1136 1
1970 29 1
452 23 1
711 23 1
596 1137 1
2115 692 1
2203 268 1
1095 266 1
2097 283 1
2204 11 1
2097 294 1
1218 310 1
1325 331 1
1070 540 1
712 582 1
2205 577 1
628 620 1
2150 781 1
926 822 1
2133 939 1
1969 1054 1
701 1084 1
457 1090 1
923 1138 1
136 1139 1
647 1140 1
628 1141 1
1065 137 1
717 251 1
966 11 1
400 11 1
717 358 1
874 570 1
1065 383 1
1656 577 1
1065 832 1
717 851 1
717 894 1
2206 1016 1
278 1057 1
678 1057 1
2110 1090 1
717 1117 1
2139 1140 1
717 1142 1
1477 1143 1
2189 362 1
2206 362 1
872 41 1
1617 11 1
2207 331 1
946 451 1
1571 512 1
1147 797 1
2208 1144 1
2062 124 1
2209 1145 1
2210 227 1
923 550 1
268 577 1
2211 607 1
2211 749 1
1531 882 1
231 888 1
1187 1083 1
1832 1072 1
2038 1072 1
2212 1090 1
2198 1112 1
2213 1146 1
2214 1147 1
931 1136 1
2215 1148 1
2216 1149 1
2217 1150 1
2218 1151 1
1246 23 1
269 65 1
2172 1152 1
2211 744 1
1320 1153 1
2219 1154 1
799 188 1
2220 294 1
2221 915 1
2222 577 1
497 631 1
1316 636 1
1730 722 1
1231 781 1
2195 782 1
2223 913 1
2224 954 1
1218 1011 1
1719 979 1
1832 992 1
783 1097 1
2037 1142 1
851 621 1
2058 1155 1
2225 1156 1
2226 1150 1
1218 29 1
2227 362 1
247 159 1
832 193 1
2228 250 1
2229 11 1
2230 294 1
2231 483 1
822 221 1
1604 631 1
49 782 1
2232 1012 1
2019 1007 1
1138 1094 1
1682 1032 1
1838 1049 1
1723 615 1
2233 1068 1
881 1090 1
1123 1117 1
2234 1157 1
395 993 1
2235 1158 1
2236 1159 1
1952 1160 1
2237 17 1
2238 1079 1
2219 994 1
2137 202 1
1288 272 1
2239 915 1
872 624 1
166 631 1
2037 851 1
924 888 1
1832 952 1
1946 1083 1
2240 1148 1
1577 1161 1
2241 1162 1
2242 690 1
587 1163 1
2204 1164 1
1531 1152 1
2243 692 1
2244 1165 1
2245 1166 1
1976 193 1
1976 483 1
2246 424 1
2247 158 1
911 650 1
910 882 1
1167 882 1
2248 952 1
1469 955 1
2249 1061 1
134 1072 1
506 1167 1
911 1152 1
2250 188 1
554 272 1
2251 465 1
1408 546 1
1715 567 1
1459 882 1
917 882 1
1629 1123 1
1118 41 1
2252 14 1
2253 76 1
64 292 1
880 650 1
9 781 1
1987 888 1
1879 471 1
1316 1009 1
1813 1165 1
2254 76 1
2027 139 1
1164 193 1
2255 11 1
2207 331 1
1832 613 1
989 613 1
701 952 1
557 1083 1
2256 1057 1
705 1098 1
2257 1112 1
2258 1142 1
2259 1168 1
1004 1169 1
2238 1170 1
2062 124 1
520 87 1
298 102 1
965 959 1
438 283 1
1136 11 1
2260 505 1
854 505 1
1052 221 1
2105 539 1
2261 567 1
1547 567 1
1763 567 1
2262 577 1
2263 624 1
228 711 1
1325 722 1
2264 913 1
2265 931 1
1666 952 1
1129 1094 1
1375 1030 1
2115 1030 1
2266 1159 1
2267 1160 1
690 1171 1
965 1172 1
2268 29 1
2269 102 1
226 35 1
2124 272 1
2270 300 1
2271 331 1
182 451 1
924 650 1
18 781 1
2272 956 1
2273 979 1
1452 1057 1
1722 1173 1
783 1174 1
2274 1175 1
1542 17 1
2275 23 1
1697 1176 1
1697 1177 1
1873 331 1
1763 464 1
2037 508 1
2032 508 1
1966 539 1
2276 577 1
1617 619 1
2277 622 1
249 624 1
2278 624 1
2279 624 1
1832 832 1
2280 832 1
1317 952 1
1531 1083 1
2281 1072 1
2282 1107 1
2283 1178 1
1689 1179 1
1259 1180 1
1394 1181 1
971 17 1
2082 17 1
1228 22 1
2062 124 1
235 41 1
1175 120 1
847 477 1
847 994 1
1175 159 1
1854 188 1
2204 331 1
2284 343 1
2082 383 1
2255 631 1
2285 630 1
785 781 1
2286 463 1
1719 888 1
895 956 1
1063 979 1
1187 1083 1
2287 1057 1
2078 1061 1
2288 1090 1
2289 1090 1
2290 1099 1
2286 1182 1
1359 1183 1
2291 1181 1
1004 1184 1
652 1185 1
2292 1186 1
1301 1042 1
1617 23 1
2287 23 1
2204 65 1
2293 88 1
769 11 1
2294 331 1
2071 429 1
2126 566 1
1531 717 1
674 852 1
2295 976 1
278 1026 1
123 1033 1
2296 1055 1
2284 1187 1
1047 29 1
872 41 1
711 188 1
1281 292 1
2181 631 1
1183 630 1
294 385 1
2054 11 1
2297 11 1
2062 383 1
2298 546 1
2204 413 1
870 624 1
2299 630 1
2300 641 1
2301 782 1
600 802 1
2302 882 1
854 952 1
413 979 1
2130 1057 1
2303 1060 1
91 1112 1
1809 1183 1
1196 1183 1
2304 1188 1
2242 1189 1
2304 1190 1
2305 1191 1
223 1192 1
706 1193 1
112 17 1
2195 1009 1
1832 41 1
1832 41 1
177 41 1
2086 106 1
2209 1145 1
2089 35 1
2306 424 1
2307 189 1
2308 631 1
610 711 1
2309 463 1
49 782 1
1965 906 1
332 952 1
2310 1083 1
2124 1083 1
234 1108 1
2311 1194 1
1223 1195 1
1158 17 1
1193 29 1
2312 11 1
2313 11 1
2314 11 1
2315 295 1
2084 483 1
2205 413 1
2316 619 1
2317 711 1
1294 803 1
2315 822 1
446 976 1
612 976 1
487 976 1
1747 1196 1
112 1197 1
2220 1198 1
2279 23 1
849 41 1
2245 994 1
2318 35 1
2319 227 1
2320 272 1
2321 11 1
2283 11 1
244 292 1
305 334 1
2322 543 1
2323 577 1
2324 624 1
2316 755 1
2320 805 1
2323 822 1
1530 822 1
557 882 1
836 814 1
1790 953 1
2089 955 1
2325 1005 1
2326 25 1
2327 1060 1
2307 1077 1
2195 1168 1
1604 993 1
2328 1199 1
2220 1198 1
2329 1200 1
2330 1201 1
1029 1202 1
1314 17 1
2324 17 1
2307 660 1
2307 660 1
2307 660 1
2331 904 1
2195 41 1
2332 198 1
926 133 1
2333 292 1
1231 294 1
680 331 1
123 331 1
2330 221 1
2334 550 1
2205 577 1
245 631 1
971 631 1
2263 630 1
2320 882 1
426 1083 1
2335 615 1
1380 1111 1
833 1148 1
2120 1173 1
2119 1203 1
2336 1204 1
1265 1205 1
701 1206 1
1684 1207 1
123 22 1
2337 120 1
1444 490 1
2319 133 1
438 283 1
1723 272 1
1435 292 1
2338 331 1
2339 393 1
1960 781 1
2340 802 1
2318 829 1
1300 1083 1
2341 1030 1
2181 29 1
2342 41 1
2075 1208 1
2343 18 1
2344 272 1
804 11 1
2345 546 1
2063 619 1
530 631 1
2346 979 1
2344 615 1
1187 436 1
1562 1059 1
1649 1198 1
1179 471 1
2330 240 1
268 144 1
268 144 1
2211 164 1
2347 164 1
1854 188 1
91 310 1
2330 370 1
187 619 1
269 189 1
667 189 1
2348 666 1
2349 717 1
2350 755 1
328 781 1
2007 1063 1
1020 1197 1
2220 1198 1
2062 1209 1
2211 1210 1
2351 1211 1
1731 1212 1
2330 31 1
2352 1213 1
134 35 1
2353 266 1
625 294 1
1832 310 1
134 333 1
2139 370 1
2354 383 1
2319 512 1
2355 530 1
2133 592 1
2111 630 1
1987 650 1
2238 794 1
2356 802 1
2015 1005 1
2357 1005 1
1004 1007 1
1187 1083 1
1359 1179 1
134 1197 1
2349 1214 1
2320 1211 1
1723 1211 1
2358 1079 1
2359 687 1
180 1009 1
907 67 1
1773 1215 1
242 111 1
2245 1216 1
1674 35 1
741 503 1
2360 613 1
2361 630 1
2287 630 1
167 722 1
2362 832 1
2363 952 1
167 953 1
2364 976 1
2365 1217 1
841 1156 1
2366 1210 1
2367 1218 1
2264 1219 1
2368 1220 1
1625 17 1
872 41 1
2264 789 1
621 35 1
1716 331 1
2318 333 1
2369 1221 1
2370 577 1
2263 624 1
2371 631 1
647 683 1
842 1222 1
2336 1223 1
2350 1224 1
123 23 1
1522 1225 1
2245 490 1
549 188 1
1011 11 1
527 11 1
2372 292 1
669 310 1
527 331 1
1641 393 1
1968 429 1
2373 613 1
2374 630 1
136 832 1
289 990 1
1593 1016 1
1331 1049 1
457 1090 1
1629 1112 1
2375 1168 1
1809 1179 1
2220 1198 1
2376 1226 1
1838 1227 1
2238 1227 1
1522 1228 1
2377 17 1
1522 1229 1
1703 41 1
961 41 1
2378 915 1
2037 598 1
2379 622 1
2130 650 1
637 1057 1
2311 1183 1
741 1230 1
1118 1141 1
1469 362 1
667 41 1
2380 11 1
2380 331 1
2381 539 1
2382 556 1
1838 556 1
2170 577 1
33 650 1
2383 432 1
2383 889 1
1179 471 1
2384 1223 1
2385 1231 1
1125 1232 1
2386 1233 1
2387 511 1
2388 128 1
1816 133 1
1594 162 1
2388 193 1
2312 11 1
770 539 1
2389 577 1
2390 1234 1
1183 613 1
2314 613 1
49 624 1
1507 631 1
470 782 1
2261 888 1
2088 1016 1
2320 1083 1
741 748 1
2090 1235 1
244 1218 1
1594 1236 1
2289 1237 1
1502 1238 1
2391 1150 1
2245 1239 1
2219 1216 1
2390 1240 1
2392 127 1
919 11 1
1447 11 1
1842 11 1
2027 292 1
2377 310 1
2391 343 1
2130 782 1
2393 800 1
1979 882 1
1317 952 1
2394 979 1
2325 1005 1
536 1094 1
2395 1016 1
1187 1083 1
1979 1083 1
2396 1024 1
2397 1055 1
1800 1072 1
573 1206 1
923 1241 1
2398 1242 1
628 1243 1
1496 1244 1
2119 1245 1
1175 29 1
2242 687 1
2399 23 1
2323 362 1
2384 188 1
711 188 1
2314 11 1
2207 331 1
842 334 1
2400 725 1
2401 540 1
2402 673 1
2331 781 1
2076 800 1
1614 814 1
2037 976 1
2220 1198 1
2403 1223 1
1763 1224 1
2350 1220 1
787 1246 1
2404 17 1
1529 35 1
2016 186 1
1155 11 1
1447 11 1
244 461 1
2279 546 1
2405 577 1
2406 882 1
2407 972 1
2408 972 1
1218 1003 1
1158 1005 1
2409 1072 1
2410 1179 1
1703 29 1
225 41 1
177 41 1
2237 11 1
1031 310 1
680 331 1
1720 429 1
2411 383 1
2318 512 1
135 613 1
2356 802 1
1663 803 1
551 832 1
2320 882 1
2412 931 1
1995 1016 1
2413 1026 1
2414 1057 1
1553 615 1
2415 1247 1
2416 1075 1
2243 1090 1
2390 1117 1
2417 1148 1
1684 1207 1
1832 1224 1
1359 1245 1
2418 1220 1
1502 1248 1
2417 1249 1
2333 1250 1
561 1251 1
1004 1252 1
1617 1009 1
375 1009 1
2419 65 1
2420 11 1
45 276 1
1604 310 1
305 334 1
2421 782 1
279 802 1
2187 836 1
910 954 1
1666 1075 1
2418 1224 1
2422 1253 1
200 292 1
842 464 1
1070 613 1
2423 633 1
2424 1168 1
2367 1218 1
762 1254 1
2425 1255 1
701 212 1
1773 1176 1
2426 14 1
2027 292 1
2285 630 1
1331 667 1
689 726 1
1231 781 1
2427 931 1
2350 998 1
624 1094 1
1640 1057 1
2428 1057 1
1960 1256 1
785 1257 1
2429 1257 1
2430 29 1
2431 1258 1
1194 41 1
2432 159 1
2433 188 1
2434 280 1
2261 310 1
2377 310 1
2435 650 1
2436 755 1
2418 755 1
1430 782 1
1719 888 1
1617 931 1
2435 979 1
2325 1005 1
2437 1005 1
2002 1022 1
2131 1022 1
926 1111 1
2438 1116 1
793 1117 1
2439 1259 1
2390 1260 1
2304 1261 1
1343 1262 1
1649 1263 1
1982 1264 1
2440 1265 1
965 1266 1
2441 489 1
2442 21 1
1710 687 1
2434 290 1
1073 23 1
1346 7 1
1508 106 1
2328 228 1
438 283 1
2000 310 1
1300 579 1
2443 598 1
2444 688 1
2289 726 1
1838 939 1
2172 947 1
2445 954 1
1987 979 1
1201 1014 1
2446 425 1
1972 1071 1
2066 1071 1
2447 1156 1
2211 1228 1
762 1254 1
2448 1267 1
134 21 1
1697 1268 1
2115 833 1
2283 159 1
2250 188 1
769 11 1
2281 464 1
1354 650 1
1186 653 1
2449 1005 1
2450 1094 1
1946 615 1
2325 1112 1
2417 1173 1
2281 1197 1
2127 1197 1
2451 1218 1
676 1269 1
1581 1270 1
2452 1270 1
851 1271 1
1404 1272 1
2453 1229 1
2281 44 1
1002 66 1
220 11 1
2454 331 1
485 370 1
936 461 1
2455 465 1
1724 577 1
2336 781 1
2318 829 1
2363 952 1
2198 1022 1
2320 1083 1
2318 1050 1
898 1055 1
225 1181 1
2456 1218 1
1553 1273 1
2457 1269 1
2418 1274 1
2458 1275 1
2017 139 1
704 181 1
2332 272 1
1136 11 1
2459 624 1
2460 707 1
1183 1060 1
1826 1060 1
2461 1264 1
2462 1276 1
704 1277 1
2463 1042 1
2464 362 1
739 11 1
1031 11 1
1031 310 1
1090 888 1
2465 954 1
2062 1057 1
2466 1204 1
2037 1278 1
2147 1279 1
2062 124 1
1629 66 1
2400 227 1
2371 283 1
2467 283 1
1832 622 1
1782 650 1
1642 653 1
2325 1005 1
1317 1005 1
794 1057 1
1547 1057 1
2468 1090 1
2469 870 1
894 1235 1
2470 1195 1
375 1254 1
2391 1269 1
2471 1280 1
1659 1281 1
1754 41 1
2472 188 1
1193 331 1
2104 370 1
2373 613 1
870 624 1
2328 882 1
2261 888 1
1185 1005 1
2328 1083 1
2473 1083 1
1389 1218 1
2474 1224 1
2475 1226 1
2476 17 1
1968 440 1
2439 1282 1
2477 21 1
2478 45 1
2315 1283 1
2245 642 1
2323 193 1
551 464 1
1408 546 1
2479 906 1
375 1003 1
2480 1005 1
810 1083 1
2481 1030 1
2115 1049 1
2482 1090 1
1617 1254 1
2483 1269 1
1052 1284 1
1654 1285 1
2484 29 1
2485 29 1
2486 23 1
2487 23 1
235 41 1
2488 14 1
1027 1286 1
2489 833 1
1678 310 1
2016 331 1
2117 370 1
2117 512 1
589 630 1
1040 650 1
805 755 1
2490 782 1
2491 820 1
2320 1083 1
917 1083 1
2360 1057 1
1532 1287 1
1809 1287 1
2137 1271 1
1190 1288 1
1380 1289 1
2307 660 1
2488 36 1
1268 1290 1
2492 1291 1
2086 14 1
1469 133 1
2374 310 1
805 331 1
2255 631 1
2356 802 1
553 882 1
1343 466 1
1829 956 1
1531 1083 1
1102 1057 1
2493 1061 1
1084 1117 1
1270 1269 1
2087 1292 1
2032 1293 1
2323 362 1
1854 188 1
305 334 1
535 393 1
1684 992 1
2429 1254 1
2494 76 1
2178 283 1
2173 11 1
2495 11 1
1629 1108 1
2107 1294 1
2496 1245 1
508 1295 1
965 489 1
2497 193 1
1960 11 1
2498 291 1
741 503 1
2419 619 1
683 726 1
1666 782 1
2499 802 1
2062 1057 1
2066 1071 1
2172 1197 1
2500 1197 1
2082 1274 1
1084 660 1
2501 573 1
841 1296 1
2037 1297 1
2318 1298 1
959 1299 1
536 1300 1
2000 41 1
2245 1301 1
1832 76 1
2502 139 1
2503 188 1
1699 193 1
2504 1302 1
2505 272 1
231 292 1
255 310 1
1313 310 1
1389 523 1
2111 630 1
1469 762 1
2318 385 1
2506 889 1
2325 1005 1
1682 1005 1
895 1094 1
970 1060 1
438 1084 1
1308 1098 1
2507 1259 1
2508 1251 1
2381 1271 1
2509 1271 1
210 1303 1
91 1304 1
1195 1305 1
1562 76 1
1446 193 1
1832 310 1
2261 310 1
552 503 1
2510 782 1
2511 888 1
677 906 1
91 1019 1
2512 956 1
470 1005 1
2513 1030 1
503 1259 1
2514 1259 1
2515 1257 1
2516 1269 1
911 1299 1
66 1306 1
520 1307 1
2517 1308 1
1982 1225 1
2307 112 1
1914 272 1
2283 11 1
2518 308 1
2150 650 1
2519 705 1
2520 749 1
2521 762 1
2522 845 1
2389 385 1
2523 1148 1
112 1197 1
2522 1264 1
2524 1273 1
2525 1309 1
634 1310 1
134 1311 1
1604 76 1
1083 188 1
2027 292 1
1719 331 1
375 503 1
2371 631 1
2526 631 1
1562 631 1
2100 781 1
2527 986 1
2528 1005 1
614 1030 1
1935 957 1
2529 1072 1
1743 1197 1
305 471 1
1935 1244 1
1935 1312 1
1935 1313 1
2501 561 1
2530 1314 1
677 911 1
2307 112 1
2531 331 1
2532 683 1
1502 1003 1
1935 1098 1
136 471 1
762 1254 1
2451 1273 1
2533 1289 1
701 1315 1
19 156 1
1554 11 1
1145 11 1
647 295 1
2534 332 1
244 429 1
647 577 1
2535 424 1
2208 624 1
2263 624 1
1223 466 1
1537 1061 1
2424 1168 1
1223 1226 1
647 1277 1
1972 1315 1
1223 1316 1
2536 1317 1
2537 21 1
2538 1318 1
2539 511 1
2540 111 1
1382 168 1
2319 35 1
924 188 1
2541 193 1
2207 331 1
2542 416 1
2485 465 1
2319 512 1
432 304 1
1790 619 1
328 631 1
1763 633 1
1666 782 1
2543 832 1
557 1083 1
1201 1030 1
2062 1057 1
1832 1108 1
2544 1245 1
2545 1269 1
2546 1270 1
2515 1299 1
1196 1319 1
2542 1319 1
2539 1320 1
1960 1321 1
1960 1322 1
1376 1323 1
2547 1324 1
2548 1325 1
2549 1326 1
1269 290 1
1418 1327 1
2062 124 1
2550 1318 1
2551 228 1
527 11 1
2552 393 1
2398 530 1
1231 781 1
2490 782 1
2553 766 1
2554 784 1
1842 888 1
1828 952 1
1842 979 1
2435 979 1
1502 1003 1
2555 1005 1
2131 1022 1
375 1084 1
1483 1119 1
931 1328 1
561 1251 1
2501 1329 1
2556 719 1
2556 719 1
121 23 1
2557 1290 1
2558 847 1
1343 347 1
1748 347 1
2257 11 1
2559 11 1
2181 310 1
2037 308 1
2449 331 1
1577 331 1
2352 446 1
2560 577 1
2561 424 1
2356 1083 1
557 1083 1
2562 1071 1
1020 1197 1
2563 1330 1
112 17 1
2479 1273 1
2561 1271 1
2564 1331 1
783 1332 1
2565 1333 1
2566 1334 1
2318 128 1
2472 188 1
1812 193 1
356 127 1
2331 283 1
2390 308 1
813 308 1
1832 429 1
2567 546 1
1656 577 1
790 631 1
1102 650 1
2568 130 1
2264 766 1
1531 882 1
2318 683 1
924 979 1
1359 1000 1
2238 1049 1
1946 615 1
2238 1076 1
2470 1226 1
1223 1266 1
1065 1299 1
2569 1315 1
2570 29 1
1370 121 1
796 1335 1
2381 446 1
415 546 1
612 652 1
2308 781 1
2571 829 1
2320 1083 1
1684 1055 1
2572 1072 1
701 1084 1
1573 1098 1
2316 1124 1
2314 1197 1
2557 1259 1
2548 1265 1
2573 1269 1
2571 1277 1
2574 1299 1
415 1299 1
2575 1336 1
2576 910 1
2238 1337 1
2114 1338 1
164 31 1
1247 41 1
2577 321 1
667 88 1
2578 139 1
2579 283 1
739 11 1
2580 11 1
2581 292 1
2582 464 1
2583 782 1
2333 385 1
2062 1057 1
1731 1147 1
1643 1197 1
2508 1251 1
1666 1299 1
1968 1339 1
637 29 1
872 41 1
1281 1340 1
2584 109 1
1686 283 1
376 326 1
986 915 1
438 631 1
986 1026 1
1539 1030 1
2585 1091 1
1307 1299 1
1956 1341 1
2586 76 1
680 76 1
975 188 1
2384 188 1
518 280 1
2188 331 1
2587 404 1
785 451 1
2032 1342 1
1389 523 1
2588 624 1
1377 667 1
2220 781 1
1666 782 1
870 802 1
2589 855 1
1385 1343 1
553 882 1
1010 905 1
2320 906 1
1125 952 1
2528 1005 1
2089 1050 1
2571 1050 1
1641 1136 1
413 1197 1
2590 1212 1
2591 1330 1
1309 1344 1
989 1345 1
1581 1346 1
1581 1347 1
1562 1348 1
2592 1349 1
2593 238 1
2594 139 1
1011 11 1
1585 11 1
579 292 1
813 280 1
2338 331 1
305 334 1
1439 461 1
2564 517 1
1107 576 1
2595 766 1
2596 766 1
2597 829 1
2598 814 1
518 1048 1
1458 1197 1
2304 1261 1
971 17 1
2599 1350 1
2600 1296 1
2601 1296 1
2602 1351 1
2603 1352 1
2604 1353 1
923 1354 1
2600 1355 1
785 1356 1
818 1357 1
2570 29 1
872 41 1
1832 464 1
1684 624 1
2605 624 1
1065 632 1
2322 829 1
2102 952 1
2606 1005 1
2588 1072 1
2198 1251 1
2607 1350 1
573 1358 1
134 1359 1
2608 1360 1
2318 1361 1
2609 1362 1
2610 1363 1
2000 29 1
2611 345 1
2606 23 1
1859 67 1
2607 67 1
1604 41 1
93 1318 1
2612 1006 1
2245 967 1
2449 76 1
2037 507 1
2613 127 1
2614 631 1
1581 913 1
761 1005 1
2135 1005 1
2137 1090 1
1907 1167 1
91 1197 1
2371 1254 1
2216 1364 1
1611 1365 1
2615 1366 1
1246 266 1
1145 11 1
2002 292 1
1806 331 1
2616 461 1
1790 619 1
2589 624 1
1530 822 1
2617 956 1
2131 1022 1
1874 1186 1
2618 1186 1
1404 1197 1
2311 1245 1
2427 1296 1
2619 1367 1
851 1368 1
2516 1369 1
2620 1369 1
2621 1370 1
1581 1371 1
2622 121 1
2616 124 1
2623 188 1
2000 331 1
2624 221 1
136 546 1
2453 913 1
2134 1372 1
2625 1057 1
2456 1373 1
1455 1090 1
1176 1152 1
2547 11 1
2626 11 1
322 370 1
943 416 1
2627 413 1
482 631 1
965 1090 1
91 1223 1
1359 1287 1
2403 1350 1
1089 1299 1
2367 1374 1
2245 1375 1
2245 1376 1
2628 416 1
2281 464 1
1102 650 1
1754 855 1
2629 888 1
2595 913 1
2630 1005 1
2631 1034 1
2120 1173 1
1064 1167 1
2120 1226 1
2632 1330 1
2607 1350 1
2633 1269 1
1352 1377 1
917 1378 1
1562 1379 1
420 121 1
177 41 1
2126 692 1
2634 1380 1
1352 61 1
842 61 1
294 181 1
775 188 1
2377 188 1
2518 261 1
2314 11 1
2635 11 1
2636 292 1
2636 331 1
805 331 1
2616 523 1
2637 728 1
2638 954 1
2540 1104 1
2639 1381 1
2640 1382 1
2641 1383 1
2517 1384 1
2642 29 1
712 29 1
1247 41 1
2643 1385 1
2644 1386 1
2645 106 1
1228 239 1
482 266 1
2646 292 1
1832 619 1
2647 622 1
1394 624 1
2248 650 1
2648 755 1
2322 829 1
1811 275 1
2649 1011 1
2320 1083 1
2650 1197 1
2651 1330 1
676 1269 1
2652 1269 1
2653 1269 1
2390 1387 1
2654 1388 1
1911 1389 1
785 1390 1
2570 29 1
73 23 1
1874 940 1
2655 321 1
438 283 1
2594 11 1
2237 310 1
2656 331 1
2657 338 1
31 495 1
2658 755 1
1201 939 1
2659 952 1
1157 956 1
2660 979 1
924 979 1
2031 1083 1
2476 1061 1
1323 1061 1
2605 1072 1
1562 1104 1
2661 1124 1
2381 1133 1
2098 1294 1
755 1183 1
49 1344 1
1044 1391 1
2662 1392 1
385 1393 1
1778 1394 1
2663 29 1
2658 23 1
2664 1395 1
1228 239 1
1832 326 1
1832 310 1
1746 308 1
1604 331 1
2665 474 1
2666 624 1
2667 782 1
2393 800 1
2668 275 1
2220 1396 1
553 906 1
910 954 1
854 1061 1
2431 1072 1
2669 1077 1
1946 1090 1
2572 1197 1
1494 1214 1
1531 1212 1
476 1330 1
2516 1269 1
1666 1397 1
2670 1398 1
2292 1399 1
533 1400 1
1688 1401 1
2671 1402 1
1829 940 1
2672 203 1
1316 249 1
2673 292 1
2674 402 1
395 465 1
1763 782 1
2675 832 1
2676 889 1
2677 615 1
1763 1223 1
1270 1269 1
2610 1269 1
2566 1288 1
2678 1299 1
2679 1403 1
2471 1404 1
2548 1405 1
2595 740 1
231 888 1
231 979 1
1107 1057 1
2680 1111 1
2238 1288 1
2681 1406 1
92 249 1
739 11 1
1050 11 1
92 292 1
305 334 1
1084 509 1
880 650 1
1300 882 1
1946 939 1
2154 1014 1
2312 1030 1
1064 1167 1
2573 1269 1
2682 1299 1
1832 1407 1
2683 1407 1
2684 1408 1
2327 1357 1
2685 1366 1
91 1402 1
2119 1404 1
2641 1409 1
2686 1410 1
2687 1411 1
479 1412 1
1131 1413 1
2688 29 1
2689 120 1
2254 76 1
2658 188 1
182 266 1
2261 310 1
813 380 1
2568 822 1
1531 275 1
2690 906 1
2691 954 1
2692 1181 1
2693 1150 1
1270 1269 1
2693 1269 1
2620 1269 1
2565 1269 1
1832 1377 1
278 1315 1
2694 1315 1
2220 1391 1
1370 1412 1
2497 1414 1
2695 1415 1
2000 32 1
235 41 1
2696 61 1
2086 137 1
2086 18 1
2697 18 1
1444 1145 1
2016 186 1
1281 292 1
2390 308 1
2288 446 1
2698 624 1
2699 631 1
2094 782 1
2616 953 1
1497 1094 1
2700 1049 1
1084 1183 1
1689 1203 1
520 1307 1
1763 1358 1
1581 1389 1
2687 1411 1
1666 1415 1
2332 904 1
2218 904 1
2642 29 1
2519 29 1
2570 29 1
1073 23 1
872 41 1
