2701 18 1
2494 76 1
2579 76 1
420 200 1
2702 203 1
2688 331 1
2703 334 1
552 503 1
1562 631 1
2061 671 1
2704 671 1
1852 671 1
854 671 1
2705 882 1
2706 889 1
2707 952 1
2708 1011 1
2660 1416 1
2563 476 1
2012 1330 1
2340 1273 1
2670 1417 1
2709 1418 1
1431 131 1
2709 29 1
2710 203 1
2670 203 1
2331 283 1
2711 272 1
1832 310 1
451 331 1
2569 465 1
1389 631 1
2712 599 1
1832 855 1
2713 889 1
2710 931 1
2714 1084 1
2715 1168 1
1845 1162 1
2086 1218 1
2710 1150 1
762 1254 1
527 1254 1
874 1287 1
1063 1345 1
2716 1419 1
2234 1420 1
2717 1421 1
792 67 1
2712 1385 1
2599 137 1
2584 266 1
2718 272 1
2719 292 1
1848 310 1
2720 624 1
1832 1072 1
2721 1072 1
2722 1072 1
2052 17 1
2723 1391 1
2250 188 1
1125 283 1
324 11 1
2724 11 1
1122 1197 1
2725 1218 1
315 1422 1
2384 188 1
2726 266 1
2727 624 1
2728 652 1
1102 650 1
1666 782 1
1978 831 1
2729 831 1
2718 906 1
2730 906 1
1044 936 1
328 952 1
2731 1117 1
2259 1168 1
2732 1168 1
2180 1148 1
2052 1254 1
2733 1330 1
2734 1330 1
1002 1345 1
917 1423 1
1044 1391 1
795 1424 1
2377 1425 1
2570 29 1
628 1426 1
2619 1427 1
225 41 1
849 41 1
1498 63 1
2377 188 1
261 188 1
579 292 1
2735 308 1
2736 295 1
2449 331 1
2176 631 1
2737 650 1
2738 466 1
2659 952 1
1695 952 1
971 1003 1
2739 1061 1
2660 1061 1
2263 1072 1
2740 1168 1
109 1181 1
261 1197 1
2608 1333 1
261 1408 1
2566 1428 1
2440 1429 1
2297 24 1
1813 1386 1
2037 213 1
2332 451 1
2741 373 1
1137 906 1
1140 919 1
2742 952 1
2743 954 1
2606 1057 1
134 1075 1
1129 1148 1
2744 1192 1
1787 1197 1
667 1251 1
2745 1350 1
400 1350 1
1522 1371 1
1666 1426 1
1801 1429 1
2746 1430 1
1642 1431 1
1642 1432 1
2659 1433 1
1176 1434 1
2649 1435 1
134 124 1
2746 1436 1
2747 744 1
1044 461 1
2748 650 1
2749 820 1
1675 831 1
2750 888 1
2751 931 1
2291 998 1
167 1192 1
2752 1196 1
2291 1197 1
225 1197 1
1084 1287 1
2620 1269 1
2565 1269 1
2753 1345 1
2015 1437 1
2735 1418 1
2599 1434 1
2754 1438 1
914 1439 1
2024 1079 1
1389 1440 1
2314 67 1
2245 1441 1
52 283 1
1136 11 1
680 331 1
2755 383 1
870 624 1
2756 658 1
2377 782 1
2686 766 1
1158 1011 1
1832 1061 1
2698 1072 1
1743 1072 1
2757 1168 1
2686 1270 1
2758 1295 1
2123 1442 1
2759 1443 1
2760 41 1
2188 76 1
2472 188 1
1011 11 1
2761 650 1
2762 954 1
278 1026 1
2763 615 1
2764 1162 1
2361 1197 1
898 1197 1
2188 1377 1
1554 1444 1
2765 1445 1
2361 188 1
1357 11 1
2766 334 1
2381 466 1
2767 980 1
2768 986 1
842 1223 1
893 1446 1
1247 11 1
2769 11 1
2377 310 1
2770 331 1
2771 474 1
2171 495 1
2772 495 1
2094 782 1
1337 802 1
2773 802 1
2774 831 1
1113 906 1
2775 954 1
2776 1217 1
2777 979 1
2778 1031 1
470 1061 1
1320 1287 1
2779 1269 1
1232 1437 1
219 1426 1
2506 1446 1
2780 1447 1
305 1448 1
2781 1449 1
2782 1450 1
2783 1451 1
2784 1452 1
2318 1453 1
479 1454 1
2308 238 1
2710 1405 1
2785 347 1
2771 113 1
2245 909 1
2012 217 1
2012 127 1
2786 11 1
2787 11 1
190 331 1
2248 650 1
2788 822 1
1842 888 1
2789 979 1
2790 979 1
2528 1005 1
2791 1007 1
2788 1050 1
1443 1061 1
2771 1123 1
1641 1136 1
2257 1197 1
2792 1254 1
2793 1281 1
1763 1408 1
2683 1408 1
315 1422 1
2688 29 1
1379 1434 1
1581 1455 1
2012 1456 1
2794 1457 1
2571 167 1
1790 23 1
659 1458 1
134 119 1
2245 1006 1
2795 11 1
2796 11 1
2797 11 1
2798 11 1
2207 331 1
2799 334 1
2800 685 1
2170 822 1
1102 888 1
134 1011 1
268 12 1
2801 1372 1
859 1060 1
2025 1060 1
1382 1090 1
2742 1197 1
1832 1223 1
2779 1269 1
269 1274 1
1641 1408 1
2802 1426 1
2803 1434 1
2291 1459 1
1404 1460 1
2804 1461 1
872 41 1
1832 88 1
2805 1462 1
711 188 1
2281 11 1
2584 331 1
2786 464 1
924 650 1
2806 650 1
235 834 1
2807 913 1
2808 913 1
2809 954 1
2810 305 1
1611 1090 1
370 1129 1
1666 993 1
971 1197 1
244 1238 1
2258 1400 1
1763 1425 1
2570 29 1
1763 1434 1
2811 1463 1
2771 1464 1
2812 1465 1
2812 1466 1
2813 1255 1
2119 1467 1
2814 847 1
2016 186 1
1123 236 1
2371 283 1
1703 292 1
871 429 1
2798 631 1
610 711 1
1666 832 1
375 953 1
1129 1372 1
965 1090 1
91 1112 1
2815 1173 1
1123 1287 1
2331 1273 1
2172 1434 1
2816 1459 1
2771 1468 1
31 1469 1
2817 1253 1
2818 23 1
2165 41 1
2105 1213 1
2819 1 1
659 1386 1
2771 272 1
434 308 1
482 461 1
2820 630 1
375 952 1
2821 1011 1
1029 1015 1
2398 1061 1
2671 1072 1
1122 1197 1
1309 1344 1
2723 1391 1
1130 1434 1
2822 1470 1
2823 1471 1
2824 188 1
739 11 1
2825 619 1
2698 189 1
573 630 1
1800 855 1
2771 1108 1
2771 1108 1
2771 1108 1
1125 1472 1
2566 1473 1
1813 1386 1
2826 137 1
2827 193 1
2770 331 1
2828 393 1
785 722 1
2829 814 1
2416 972 1
1432 979 1
2830 1083 1
2831 1061 1
135 1223 1
2723 1251 1
2832 1307 1
2770 29 1
840 1459 1
2315 1453 1
1502 1474 1
2833 121 1
881 687 1
2813 321 1
2151 1283 1
2398 146 1
2037 1240 1
2321 11 1
2151 295 1
2834 443 1
2835 461 1
93 383 1
1436 523 1
2836 413 1
711 619 1
2285 630 1
1507 650 1
2837 1083 1
2838 1061 1
2839 1117 1
210 1124 1
2840 1168 1
461 1269 1
2841 1277 1
628 1426 1
2842 1475 1
1259 1476 1
1370 1477 1
2843 1478 1
1896 1479 1
2352 1480 1
1068 1481 1
225 41 1
2844 1386 1
1259 145 1
1871 159 1
2330 335 1
2472 188 1
2414 292 1
2845 685 1
1723 699 1
2302 882 1
2320 1083 1
910 1090 1
1577 1161 1
2846 1197 1
305 471 1
2651 1330 1
2457 1269 1
2019 1369 1
859 1469 1
2847 1479 1
851 1482 1
177 1483 1
2848 1484 1
2849 1485 1
2850 1486 1
1172 1487 1
1813 1386 1
1914 272 1
1842 11 1
2851 383 1
2852 424 1
1961 462 1
210 619 1
1443 624 1
1044 722 1
470 832 1
2853 882 1
2854 1217 1
2772 1217 1
2855 1090 1
1044 1167 1
552 1197 1
244 1248 1
2086 1330 1
676 1269 1
2856 1269 1
2688 29 1
2857 1434 1
134 1459 1
1165 1438 1
2858 1468 1
1531 1479 1
2283 1483 1
1312 1483 1
2859 1483 1
1581 1488 1
2860 1489 1
2861 1490 1
2341 1491 1
289 1492 1
2670 1445 1
1457 153 1
2862 215 1
2863 157 1
438 283 1
2489 566 1
2864 650 1
1259 475 1
1317 952 1
1625 953 1
268 12 1
1957 1005 1
294 1140 1
2865 1148 1
1404 1197 1
1029 1313 1
1259 719 1
854 910 1
2824 29 1
31 29 1
2131 1435 1
2320 1479 1
2416 1483 1
2866 1483 1
2518 1493 1
65 1494 1
554 924 1
739 11 1
2668 432 1
1638 952 1
2825 1060 1
2867 1060 1
2868 1140 1
2869 1173 1
2870 1269 1
446 1495 1
1666 1496 1
858 1497 1
368 45 1
2871 76 1
1145 266 1
908 11 1
2872 11 1
2379 622 1
2873 385 1
2763 882 1
2874 1396 1
790 952 1
1270 1269 1
1666 1497 1
2875 1498 1
2876 266 1
2877 11 1
372 309 1
2698 331 1
2479 579 1
1759 650 1
1950 954 1
2728 1142 1
2311 1287 1
1044 1391 1
2876 1393 1
2873 1414 1
1763 1425 1
1122 1459 1
2878 1473 1
1084 1495 1
2049 1499 1
2463 1500 1
1832 1501 1
2649 1501 1
2879 1502 1
785 1503 1
2873 1504 1
2880 214 1
497 159 1
290 229 1
1152 619 1
1562 631 1
1300 906 1
2881 954 1
2812 1072 1
31 1505 1
479 1090 1
2882 1197 1
1084 1287 1
793 1287 1
2883 1307 1
2884 1307 1
813 1495 1
2885 1482 1
2816 1506 1
2886 1507 1
121 23 1
1477 1508 1
2887 41 1
2142 165 1
2888 266 1
2889 11 1
612 280 1
2434 280 1
2890 331 1
2891 331 1
1204 446 1
851 424 1
2761 650 1
1842 888 1
910 1083 1
600 615 1
1322 1072 1
2740 1168 1
2892 1197 1
2304 1261 1
1196 1287 1
1617 1272 1
2570 29 1
2893 1435 1
19 1459 1
2683 1459 1
2024 1079 1
701 1469 1
2894 1479 1
2895 1489 1
65 1494 1
1011 1509 1
2566 1510 1
2896 1511 1
2844 1386 1
2819 106 1
2245 1145 1
549 188 1
2897 338 1
2698 624 1
2898 768 1
2899 805 1
2775 882 1
2900 972 1
2826 1005 1
1979 1083 1
1443 1061 1
2665 992 1
924 1168 1
2642 1251 1
2901 1269 1
1809 1279 1
1649 1391 1
1684 1434 1
2902 1434 1
2902 1434 1
2902 1434 1
2482 1079 1
1745 1492 1
1832 1496 1
1666 1496 1
2903 1151 1
624 1512 1
311 1513 1
1809 1514 1
2904 687 1
235 41 1
311 1515 1
1842 11 1
2037 509 1
2864 622 1
2130 630 1
9 650 1
2801 775 1
1800 832 1
2261 888 1
2771 615 1
2905 1168 1
2906 1400 1
2745 1434 1
2902 1434 1
2907 1492 1
2813 1516 1
2441 1517 1
851 1518 1
2201 1519 1
1787 31 1
177 41 1
2323 333 1
1115 622 1
2299 631 1
2176 936 1
2908 1014 1
2909 1030 1
870 1072 1
2308 1104 1
2461 1488 1
1666 1520 1
1118 1521 1
167 188 1
2910 333 1
2911 447 1
2761 650 1
2912 882 1
2874 1396 1
2363 953 1
2913 1083 1
1122 1061 1
2914 1254 1
2915 1357 1
2916 1391 1
573 1496 1
595 1520 1
2036 124 1
2917 50 1
311 50 1
1987 76 1
2895 35 1
2918 283 1
1136 11 1
680 331 1
1491 464 1
2853 882 1
2919 931 1
2699 952 1
2920 979 1
2273 979 1
2773 1003 1
2131 1022 1
2921 1030 1
2289 1030 1
40 1061 1
40 1072 1
2922 1077 1
2563 471 1
2922 1281 1
2816 1344 1
2649 1437 1
2923 1435 1
1352 1459 1
1072 1438 1
2924 1483 1
2115 1499 1
2925 1522 1
1982 1523 1
31 1524 1
2490 1525 1
2926 1526 1
2864 24 1
2895 24 1
2927 112 1
1537 1462 1
667 217 1
1447 11 1
1084 280 1
1196 383 1
2822 383 1
965 502 1
2928 613 1
2195 189 1
2259 624 1
2059 882 1
2929 913 1
1649 12 1
2768 1527 1
2726 1003 1
1455 1090 1
2930 1090 1
2931 870 1
2195 1393 1
1196 29 1
2932 29 1
2933 1459 1
1373 1438 1
2934 1440 1
595 1483 1
971 1483 1
2935 1518 1
2566 1528 1
711 1529 1
872 41 1
2936 238 1
1376 847 1
73 11 1
555 280 1
2937 393 1
2825 461 1
2938 505 1
2938 622 1
2939 624 1
2940 624 1
1443 624 1
1102 650 1
851 726 1
555 741 1
2510 782 1
2881 954 1
2941 1217 1
2323 1530 1
2938 1434 1
2942 1438 1
2885 1518 1
2943 1531 1
2944 1532 1
2904 1533 1
73 23 1
2814 847 1
1845 9 1
2945 1445 1
2946 188 1
1812 193 1
2947 11 1
894 280 1
2770 331 1
1137 579 1
2948 598 1
2873 829 1
1701 829 1
2814 913 1
2930 939 1
2949 965 1
2950 1197 1
2951 1281 1
2952 1320 1
751 1530 1
328 29 1
2953 1426 1
2923 1435 1
190 1483 1
177 1483 1
552 1496 1
1809 1534 1
1801 1535 1
65 1536 1
2954 1537 1
1259 1538 1
1761 1539 1
2807 744 1
2955 1283 1
2398 239 1
2956 239 1
2957 272 1
2880 291 1
2207 331 1
1832 429 1
2814 740 1
750 581 1
1830 624 1
2748 650 1
2958 673 1
1051 726 1
2957 802 1
1498 906 1
1044 936 1
1231 12 1
2320 1083 1
1979 1083 1
870 1083 1
1830 1072 1
2882 1197 1
2588 1492 1
1832 1497 1
2959 1540 1
2839 1541 1
1498 1542 1
2075 1543 1
2616 238 1
1251 744 1
727 35 1
1423 906 1
2051 29 1
1122 1524 1
2863 1544 1
2960 345 1
2825 41 1
2698 188 1
739 11 1
741 503 1
1061 624 1
2761 650 1
2497 822 1
2961 972 1
1314 1197 1
2130 1330 1
2962 1443 1
2963 1545 1
2964 41 1
2719 41 1
2606 1462 1
2965 188 1
1561 11 1
2966 822 1
1113 882 1
2340 882 1
2967 882 1
2968 972 1
1232 1011 1
624 1015 1
2969 1072 1
2970 1168 1
2557 1259 1
1044 1391 1
2563 1443 1
2261 1496 1
1666 1497 1
1968 1497 1
1292 1497 1
1530 1504 1
2954 1537 1
1801 1546 1
2807 1547 1
1801 1548 1
2971 1462 1
2972 335 1
1107 188 1
641 283 1
1585 11 1
2973 11 1
1084 291 1
2974 312 1
787 545 1
531 566 1
2786 624 1
2737 650 1
2975 1549 1
1343 466 1
2273 979 1
621 1072 1
2660 1072 1
2976 1072 1
2572 1242 1
461 1269 1
2573 1269 1
2620 1269 1
2972 1281 1
375 1426 1
470 1435 1
2977 1435 1
2978 1443 1
1532 1495 1
1531 1479 1
1443 1483 1
2923 1496 1
2979 1550 1
2422 1253 1
1316 1551 1
2980 1552 1
2981 1553 1
2670 1554 1
2352 1555 1
438 485 1
1832 23 1
745 1340 1
2254 76 1
2250 1462 1
2229 11 1
2982 11 1
2772 2 1
2318 295 1
1666 503 1
2983 631 1
711 781 1
910 954 1
2984 1527 1
2975 1143 1
1632 1168 1
2985 1197 1
2558 1392 1
1557 1440 1
2195 1551 1
2928 1009 1
2983 65 1
872 41 1
2558 758 1
1483 692 1
2986 295 1
680 331 1
861 619 1
2893 619 1
2248 650 1
2497 762 1
2711 954 1
1562 1060 1
1443 1061 1
2308 1104 1
2864 1116 1
2816 1124 1
2934 1168 1
2882 1197 1
2987 1231 1
2688 29 1
2827 1464 1
2131 1483 1
2726 1483 1
861 1536 1
861 1536 1
2988 1539 1
2989 1556 1
31 1557 1
2990 23 1
966 11 1
1389 631 1
33 650 1
1575 693 1
2991 766 1
2912 882 1
2331 954 1
1145 972 1
2992 972 1
711 12 1
1346 1168 1
1326 1287 1
2102 1435 1
204 1443 1
1684 1483 1
2975 1541 1
2975 1253 1
2993 1558 1
2994 1559 1
2895 31 1
2807 1560 1
2995 1340 1
2732 1340 1
2996 498 1
2761 650 1
2959 822 1
438 1022 1
1353 1168 1
1787 1197 1
2846 1197 1
2821 1344 1
1743 1408 1
376 1435 1
2997 1459 1
2998 1479 1
2684 1539 1
1359 1253 1
2422 1253 1
2661 1551 1
2999 1561 1
3000 1141 1
2825 41 1
3001 137 1
748 11 1
1031 310 1
2825 619 1
1845 622 1
2485 993 1
2121 1426 1
989 1459 1
595 1483 1
2902 1340 1
208 479 1
268 144 1
1638 188 1
625 188 1
1955 272 1
2770 292 1
3002 292 1
2770 331 1
2479 579 1
3003 424 1
2698 624 1
2660 624 1
3003 475 1
1837 822 1
2853 882 1
2814 466 1
3003 1045 1
924 1168 1
2970 1168 1
3004 1426 1
2814 1079 1
3005 1443 1
2261 1496 1
1763 1496 1
1761 1539 1
1960 1562 1
1960 1563 1
2814 1564 1
858 1565 1
3006 1565 1
1090 188 1
2920 283 1
714 11 1
2589 624 1
3007 650 1
1928 650 1
2772 711 1
3008 882 1
3009 979 1
2885 1090 1
1343 1262 1
3008 1273 1
2885 1368 1
1790 1435 1
527 1443 1
762 1496 1
2986 1504 1
1960 1556 1
1223 1566 1
1259 1566 1
1084 1567 1
3010 1567 1
2544 1568 1
3011 1340 1
2472 1462 1
3012 11 1
1871 628 1
32 727 1
3013 1022 1
3014 1245 1
651 1330 1
2767 1299 1
400 1426 1
3015 1079 1
3016 1443 1
3017 1553 1
1666 1565 1
375 1565 1
2887 1569 1
1801 1570 1
3018 920 1
2314 11 1
1089 11 1
440 292 1
2688 331 1
2976 474 1
136 546 1
2526 413 1
2912 882 1
608 954 1
750 1119 1
3019 1119 1
3020 1168 1
2816 1197 1
2034 1197 1
1268 1259 1
2688 29 1
229 1443 1
515 1571 1
1294 1479 1
907 1483 1
2988 1539 1
375 1569 1
2948 1572 1
2553 1573 1
518 1574 1
1832 1575 1
501 1576 1
3021 1577 1
3003 1578 1
3022 1579 1
2975 1580 1
2975 1581 1
2863 345 1
3023 24 1
2155 11 1
3024 622 1
91 782 1
1497 956 1
3009 979 1
2606 979 1
2606 1012 1
3025 1030 1
2720 1072 1
2660 1197 1
3026 1402 1
3027 1404 1
1629 1434 1
3009 1443 1
3028 1483 1
701 1524 1
332 1582 1
3029 1583 1
3029 24 1
2307 65 1
2250 188 1
701 266 1
3030 283 1
1416 272 1
1136 11 1
1247 11 1
3031 495 1
2761 650 1
2476 1061 1
2336 1204 1
134 1402 1
2121 1426 1
2051 1442 1
1007 1488 1
2807 1561 1
2993 1584 1
3032 1585 1
220 451 1
2569 781 1
3033 1210 1
228 1330 1
2058 1340 1
805 331 1
305 334 1
1793 503 1
3003 753 1
3034 12 1
52 1022 1
3035 1435 1
3036 1438 1
2970 1586 1
2283 1483 1
1583 1488 1
3037 1492 1
2893 1524 1
49 1524 1
3038 1587 1
2659 1565 1
1666 1565 1
3037 31 1
2971 1569 1
375 1569 1
1960 1588 1
785 1589 1
3039 1590 1
3003 1591 1
1566 1592 1
1874 1593 1
3040 1594 1
3041 1445 1
2472 188 1
2297 11 1
2957 292 1
1709 451 1
2699 631 1
2853 882 1
1665 952 1
600 1012 1
2752 1014 1
2384 1299 1
2807 1392 1
3042 1426 1
3043 1435 1
1790 1435 1
3044 1443 1
2974 1493 1
3024 1518 1
1361 1537 1
2297 1551 1
1832 1565 1
375 1565 1
3021 1577 1
1763 1421 1
3045 1595 1
3046 1596 1
3047 76 1
2016 186 1
1554 11 1
3048 11 1
1491 540 1
1443 624 1
2912 882 1
1721 906 1
3009 1168 1
3049 1330 1
336 1345 1
2314 1345 1
1763 1408 1
3050 29 1
2977 1435 1
3051 1438 1
3052 1483 1
2095 1569 1
3053 1597 1
851 1598 1
3027 1599 1
3054 1600 1
2810 1601 1
1722 1602 1
1376 65 1
600 41 1
2760 41 1
1522 1225 1
762 76 1
476 11 1
2330 343 1
2561 451 1
3055 1221 1
3056 579 1
3057 876 1
470 1011 1
3058 1217 1
520 1307 1
2287 1443 1
2827 1470 1
190 1483 1
244 1520 1
2544 1537 1
3059 1581 1
3039 1590 1
1204 1603 1
2352 1036 1
3060 1604 1
2719 41 1
527 45 1
3061 76 1
527 1515 1
2707 283 1
3043 283 1
527 11 1
31 331 1
3062 581 1
527 619 1
1389 631 1
3063 888 1
1743 1011 1
2726 1084 1
3064 1090 1
2120 1173 1
2067 1259 1
2447 1281 1
2688 29 1
31 29 1
2563 1426 1
1115 1438 1
3065 1524 1
375 1569 1
2447 1605 1
2120 1606 1
638 416 1
2037 545 1
3066 566 1
1460 622 1
2761 650 1
2398 855 1
3067 466 1
2398 1061 1
1800 1072 1
220 1161 1
3068 1299 1
1122 1426 1
1531 1479 1
2676 1479 1
1176 1489 1
2037 1607 1
2037 1608 1
1801 1609 1
1713 1610 1
2192 1611 1
2807 1612 1
789 1613 1
247 159 1
3049 188 1
739 11 1
2872 11 1
105 292 1
2497 483 1
2374 630 1
2374 650 1
1201 667 1
2874 1396 1
3069 1061 1
898 993 1
3070 1287 1
2827 1307 1
573 1587 1
2975 1253 1
3071 1590 1
1539 1592 1
3072 1614 1
3073 1615 1
3073 1616 1
3074 1152 1
625 76 1
2670 1445 1
3075 649 1
2319 822 1
3076 906 1
438 1011 1
3077 1005 1
3078 1060 1
1664 1084 1
3079 1259 1
1960 1322 1
3080 1333 1
3081 1530 1
3082 1426 1
1998 1443 1
2476 1443 1
554 1479 1
3083 1479 1
3084 1488 1
134 1524 1
1960 1535 1
2422 1253 1
2566 1617 1
1218 1618 1
3085 1619 1
3086 1620 1
31 1621 1
3087 1622 1
3086 1623 1
3088 744 1
3089 1405 1
3081 35 1
1530 35 1
2032 280 1
328 334 1
336 503 1
1411 979 1
2335 1012 1
1956 1000 1
415 1072 1
3090 1090 1
3091 1259 1
3092 1245 1
1674 1530 1
3093 1438 1
1443 1443 1
745 1443 1
2663 1483 1
2808 1516 1
2141 1531 1
2012 1551 1
3094 1565 1
3071 1565 1
3009 1569 1
1265 1624 1
2641 1625 1
1790 1626 1
2032 1623 1
2165 41 1
3095 352 1
911 1462 1
617 1462 1
1582 1445 1
1787 35 1
911 188 1
617 188 1
3096 272 1
1447 11 1
1031 310 1
2371 631 1
1102 650 1
2936 693 1
3097 979 1
1443 1061 1
617 1197 1
617 1350 1
461 1269 1
2570 29 1
3098 1434 1
617 1459 1
100 1443 1
617 1443 1
1809 1495 1
2814 1488 1
1832 1524 1
911 1569 1
3099 1582 1
3100 1627 1
2086 1628 1
766 1628 1
3101 1629 1
2988 1630 1
2434 290 1
3102 1631 1
3103 1632 1
3104 76 1
3105 283 1
2283 11 1
3106 11 1
959 433 1
2986 577 1
3107 577 1
1562 631 1
237 888 1
3108 466 1
2102 954 1
711 12 1
1379 992 1
1011 1124 1
3109 1161 1
237 471 1
2825 1391 1
2902 1434 1
2794 1457 1
1957 1483 1
2130 1565 1
2659 1565 1
2649 1633 1
2773 1569 1
3086 1581 1
898 1582 1
3110 1582 1
3088 1634 1
3027 1635 1
1998 1636 1
2825 485 1
1554 485 1
2640 1637 1
872 41 1
711 352 1
3067 959 1
1854 188 1
3111 188 1
3112 283 1
714 11 1
2188 331 1
3067 493 1
1032 12 1
710 1091 1
3113 471 1
1617 1254 1
2955 1530 1
3 1425 1
3104 1438 1
2034 1443 1
3034 1443 1
860 1483 1
3114 687 1
3021 1577 1
2352 1638 1
487 1639 1
3115 1640 1
3116 7 1
3117 1405 1
3118 35 1
3118 577 1
3119 466 1
701 1161 1
762 1254 1
3120 1641 1
3120 1431 1
3120 1432 1
1307 1443 1
617 1443 1
2434 1495 1
3121 1514 1
3094 1565 1
375 1565 1
617 1633 1
434 1623 1
3122 1642 1
2975 1643 1
3123 1644 1
3118 36 1
2970 1462 1
669 310 1
2497 577 1
1198 722 1
2916 964 1
2642 980 1
3124 99 1
3048 1287 1
1665 1345 1
315 1422 1
3125 1443 1
2534 1493 1
617 1524 1
3126 1539 1
2916 892 1
1557 1645 1
3127 7 1
2319 117 1
3128 266 1
2606 266 1
1957 283 1
3129 287 1
805 331 1
2479 579 1
3130 613 1
2816 650 1
762 722 1
3131 782 1
2377 782 1
1880 275 1
3132 954 1
3133 1217 1
3128 1168 1
3134 1231 1
3135 1443 1
1228 31 1
2760 1569 1
1245 1627 1
2323 1585 1
3129 1646 1
745 1647 1
1301 1648 1
1218 1649 1
3136 1152 1
3137 258 1
2314 11 1
1389 523 1
2825 547 1
1830 624 1
1064 1167 1
2975 1245 1
813 1287 1
2786 17 1
2825 1272 1
1064 1426 1
3138 1438 1
2476 1443 1
3088 1455 1
2659 1483 1
1478 1552 1
2986 1585 1
3086 1623 1
1084 1650 1
3139 1651 1
2673 41 1
2577 321 1
3140 1386 1
233 117 1
1660 76 1
1832 310 1
3013 693 1
554 906 1
220 1003 1
2706 1037 1
3026 1223 1
1790 1435 1
2130 1565 1
2800 1617 1
3141 1652 1
3142 1652 1
575 1653 1
1084 1654 1
1183 1152 1
2558 321 1
2991 744 1
1583 1655 1
2312 11 1
2207 331 1
3143 451 1
1246 503 1
2076 579 1
2248 650 1
1832 782 1
2473 836 1
3144 1197 1
3145 1197 1
2979 1150 1
3146 1346 1
1187 1423 1
2719 29 1
3147 1434 1
269 1443 1
1498 1479 1
311 1483 1
3148 1518 1
552 1565 1
1231 1565 1
600 1565 1
3130 1569 1
434 1574 1
3021 1577 1
1218 1582 1
2315 167 1
3149 345 1
1982 1656 1
3150 1657 1
3151 1658 1
3152 1445 1
3153 292 1
1830 310 1
1649 668 1
813 1080 1
3154 1083 1
3155 1057 1
1319 1161 1
971 1223 1
1746 1279 1
1309 1344 1
2768 1382 1
2323 1530 1
2698 1443 1
1966 1518 1
3063 1659 1
1298 1624 1
1298 1624 1
1044 1660 1
3156 1661 1
898 1662 1
3157 1662 1
2813 1663 1
2130 1664 1
3158 1665 1
3159 1666 1
3160 1667 1
2886 7 1
1848 1668 1
235 41 1
3161 266 1
3007 283 1
3056 579 1
3162 979 1
732 1057 1
1836 1414 1
617 1443 1
2825 1470 1
1836 1540 1
3163 1659 1
2125 31 1
98 1569 1
3164 1624 1
3110 1662 1
2975 1669 1
1836 1670 1
3165 758 1
3166 758 1
1854 188 1
2825 429 1
428 446 1
910 579 1
438 1011 1
3167 476 1
3168 1488 1
3169 1539 1
1020 1565 1
3170 31 1
332 1671 1
3171 1671 1
1201 1672 1
554 1673 1
625 76 1
2250 1462 1
1585 11 1
966 11 1
3172 292 1
1304 331 1
396 1011 1
1881 979 1
2816 979 1
3173 1072 1
57 1059 1
1787 1197 1
18 1254 1
3174 29 1
3175 1438 1
476 1443 1
1443 1443 1
3035 1565 1
2569 31 1
3176 1604 1
3072 1614 1
2141 1617 1
2563 1661 1
917 1674 1
1223 1675 1
1697 1676 1
2701 76 1
2972 1445 1
3177 149 1
3178 188 1
3179 237 1
2297 11 1
1112 292 1
2257 292 1
3018 424 1
315 613 1
3180 781 1
3181 802 1
3178 979 1
3173 1032 1
3182 748 1
1152 29 1
223 1443 1
982 1443 1
2676 1479 1
1371 1565 1
3177 31 1
2857 1569 1
999 1669 1
3183 1674 1
3173 1677 1
2060 1677 1
1658 1678 1
3184 778 1
872 41 1
2186 212 1
3174 1340 1
1011 11 1
2647 383 1
3185 711 1
3185 790 1
2273 888 1
2059 906 1
3186 1011 1
2273 979 1
1979 1083 1
3187 1083 1
2572 1061 1
3188 1223 1
3189 1259 1
3144 1330 1
2283 1426 1
2953 1426 1
3190 1550 1
552 1565 1
3191 1421 1
1223 1624 1
2390 1652 1
1270 1679 1
1343 1680 1
1731 1681 1
2999 1682 1
177 41 1
2331 76 1
3192 693 1
3109 727 1
2597 822 1
1064 1167 1
2846 1197 1
2858 1353 1
3123 29 1
2923 1469 1
1531 1479 1
2261 1496 1
3193 1532 1
1666 1565 1
1630 1585 1
567 1683 1
2816 1684 1
3194 1685 1
3195 1686 1
3056 1687 1
2556 1688 1
2683 41 1
2219 909 1
278 76 1
2825 292 1
2237 292 1
617 310 1
1029 653 1
3196 688 1
610 711 1
3185 790 1
3197 829 1
3198 906 1
2528 1005 1
2320 1083 1
617 1032 1
872 1061 1
1307 1443 1
2314 1443 1
2812 1443 1
518 1495 1
3198 1479 1
2820 1539 1
600 1565 1
3199 1569 1
2893 1618 1
2556 1454 1
3200 1689 1
858 1690 1
2332 1691 1
3201 1692 1
3202 1693 1
3203 1694 1
2719 292 1
3204 312 1
438 1011 1
924 979 1
3205 305 1
3206 1077 1
438 1161 1
2869 1173 1
1828 29 1
2484 1426 1
2732 1434 1
2698 1443 1
3162 1659 1
1103 1675 1
1176 1695 1
3207 1696 1
2434 1697 1
1834 1386 1
1813 1458 1
3204 416 1
2761 650 1
3208 1150 1
315 1330 1
24 1392 1
1122 1443 1
3126 1539 1
2976 1565 1
375 1577 1
1531 1619 1
1118 1695 1
3209 55 1
527 188 1
3000 283 1
527 11 1
1384 292 1
3210 1173 1
2067 1259 1
1443 1330 1
2035 1344 1
3211 1435 1
723 1443 1
3052 1483 1
3035 1565 1
2443 1698 1
1268 1671 1
3018 1675 1
1084 1699 1
24 1700 1
3212 1701 1
3031 1702 1
2768 1702 1
1734 1703 1
3213 1704 1
3056 1705 1
2165 41 1
2229 115 1
3214 1462 1
324 11 1
297 324 1
552 433 1
2921 581 1
3007 650 1
1575 693 1
297 711 1
3105 722 1
3215 782 1
3216 782 1
297 832 1
3198 954 1
2890 1011 1
1223 987 1
1946 615 1
427 1124 1
2659 1161 1
3217 1392 1
2570 29 1
101 29 1
1790 1435 1
1191 1479 1
2885 1675 1
3218 1702 1
1960 1706 1
1413 1707 1
311 1708 1
1090 41 1
3217 758 1
1660 76 1
1357 429 1
3219 725 1
3220 725 1
1850 579 1
2450 956 1
2825 1197 1
3120 1332 1
3221 910 1
3222 1399 1
3223 1426 1
2178 1443 1
3224 1443 1
2975 1253 1
3204 1698 1
2560 1585 1
2999 1682 1
3024 1709 1
3225 1710 1
3219 1711 1
1179 1712 1
775 188 1
2032 237 1
1218 283 1
2880 443 1
3222 463 1
2701 796 1
1668 275 1
3226 12 1
1979 1083 1
1657 1060 1
3227 1077 1
1682 1197 1
136 1330 1
859 1345 1
1763 1442 1
3228 1255 1
1038 1479 1
3186 1479 1
470 1565 1
1123 1698 1
3159 1585 1
898 1690 1
3161 1702 1
1821 1707 1
1801 1713 1
3229 1714 1
849 41 1
3230 1715 1
1604 76 1
2316 159 1
1562 283 1
1657 693 1
531 466 1
2331 954 1
785 1091 1
908 29 1
628 1426 1
3231 1443 1
3232 1443 1
617 1443 1
2534 1495 1
1244 1503 1
2857 1565 1
487 1698 1
1630 1585 1
2316 1649 1
1070 1690 1
234 637 1
1049 1716 1
2032 1688 1
3204 1717 1
2316 1335 1
3233 1718 1
3221 1340 1
1982 1655 1
2472 188 1
3116 127 1
1955 272 1
1554 11 1
1247 11 1
1842 11 1
3234 429 1
3013 693 1
294 385 1
3235 1163 1
3236 1345 1
1832 1539 1
2975 1253 1
1832 1719 1
2647 1565 1
3237 1720 1
3221 1702 1
3238 637 1
1196 1721 1
2975 1721 1
98 1722 1
3072 1229 1
2136 283 1
3239 11 1
3240 577 1
3241 413 1
3239 624 1
3242 693 1
209 972 1
3243 1426 1
1734 1565 1
3244 1585 1
3245 1635 1
1604 1723 1
1118 1152 1
3246 1458 1
1530 117 1
617 283 1
2229 11 1
3247 11 1
680 331 1
851 447 1
3248 461 1
2761 650 1
1343 466 1
617 952 1
2445 954 1
3249 954 1
3250 972 1
2320 1083 1
3251 1057 1
315 1072 1
1832 1197 1
3252 1330 1
999 1287 1
989 1345 1
2962 1443 1
261 1443 1
2649 1633 1
375 1582 1
3253 1619 1
1838 1720 1
1372 1713 1
133 1722 1
3248 1529 1
1084 893 1
2901 1724 1
536 1725 1
1580 1726 1
2075 1727 1
872 41 1
617 41 1
2188 76 1
730 193 1
714 11 1
3178 292 1
2574 292 1
2431 433 1
220 451 1
854 189 1
3254 650 1
3056 876 1
711 953 1
617 1011 1
2726 1011 1
2837 1083 1
1151 1223 1
2772 1223 1
2484 1426 1
2658 1426 1
624 1432 1
1151 1459 1
1256 1720 1
854 1723 1
2922 1724 1
1320 1728 1
1320 1729 1
3136 1596 1
1372 1730 1
2016 1731 1
3255 1732 1
3256 1733 1
2814 1734 1
2883 1462 1
400 188 1
2170 193 1
2308 11 1
2188 331 1
711 619 1
3257 727 1
617 782 1
1416 802 1
3143 1005 1
1979 1083 1
3258 1357 1
2688 29 1
3120 1432 1
222 1435 1
1678 1443 1
1507 1443 1
1998 1443 1
2893 1539 1
2857 1565 1
3259 1565 1
3260 1582 1
1123 1623 1
2857 1733 1
2003 1735 1
3261 1736 1
2999 1737 1
3262 1738 1
1123 1739 1
1123 1739 1
1029 1632 1
882 43 1
269 331 1
3143 451 1
2381 446 1
3263 631 1
3263 313 1
851 726 1
3264 463 1
3056 802 1
3218 832 1
3264 956 1
2726 1084 1
135 1204 1
3265 1223 1
3266 1242 1
3091 1259 1
461 1269 1
1593 1277 1
859 1345 1
1309 1348 1
982 1443 1
3267 1443 1
3268 1443 1
3269 1457 1
1531 1479 1
2976 1577 1
3173 1582 1
2038 1630 1
3270 1725 1
3271 1596 1
1674 1740 1
2619 1741 1
1659 203 1
3272 310 1
1585 331 1
3273 503 1
617 503 1
3253 546 1
1787 547 1
1721 274 1
2352 424 1
1832 189 1
1151 782 1
2447 931 1
785 972 1
220 1003 1
3264 1046 1
52 1057 1
667 748 1
109 1197 1
1787 1197 1
762 1254 1
1827 121 1
2671 1742 1
18 1497 1
3274 1539 1
1649 1546 1
3204 1652 1
1809 1654 1
3263 23 1
2556 1454 1
705 1738 1
2195 1743 1
3275 1744 1
1842 1100 1
630 1745 1
3264 778 1
40 1340 1
3231 188 1
1247 11 1
2229 11 1
910 592 1
667 711 1
3162 979 1
3252 1330 1
3276 1401 1
637 29 1
714 1443 1
1089 1659 1
375 1565 1
910 1627 1
2912 1619 1
2584 23 1
3237 1720 1
2921 1454 1
3277 1724 1
3027 1728 1
2975 1746 1
3252 1741 1
3252 1741 1
1502 1747 1
3251 1748 1
1314 1749 1
3278 1750 1
666 292 1
2719 292 1
2972 287 1
3277 287 1
3279 543 1
3280 782 1
866 1112 1
2824 1254 1
3141 1287 1
1307 1459 1
1307 1443 1
3125 1443 1
3281 1443 1
3282 121 1
2049 121 1
666 1483 1
1176 1671 1
1112 1751 1
1361 1752 1
1956 1753 1
3283 65 1
1638 1340 1
3284 1754 1
3285 283 1
1461 11 1
3173 292 1
3143 451 1
136 546 1
2983 631 1
3286 631 1
2824 630 1
2761 650 1
3287 650 1
762 781 1
1815 782 1
1842 888 1
3226 888 1
3288 1217 1
3288 1005 1
1830 1061 1
2698 1072 1
3289 1197 1
3173 1223 1
461 1269 1
3290 1269 1
3291 1269 1
1000 1307 1
2629 1426 1
971 1443 1
115 1443 1
3288 1546 1
3094 1565 1
1815 23 1
2434 1746 1
851 1755 1
1911 1756 1
1815 41 1
3206 1757 1
2319 117 1
2428 283 1
1502 727 1
3292 782 1
3293 766 1
3294 919 1
3143 1005 1
3295 1005 1
2067 1057 1
3296 1197 1
3297 1269 1
3298 1353 1
2745 1443 1
2660 1443 1
2548 1443 1
3299 1443 1
3044 1565 1
375 1577 1
2318 1585 1
2903 1629 1
2416 1689 1
1461 1689 1
2422 1752 1
2575 1728 1
1270 1758 1
3294 1759 1
1320 1760 1
2843 1761 1
3129 1762 1
2813 1763 1
1044 1764 1
2024 1765 1
3298 1766 1
2245 1767 1
3300 165 1
1854 188 1
2955 193 1
3301 11 1
567 433 1
3060 443 1
1209 274 1
3302 619 1
3172 631 1
2208 650 1
2761 650 1
3303 693 1
3304 693 1
1638 711 1
3305 906 1
1086 1112 1
3198 1479 1
440 1479 1
135 1565 1
135 1577 1
1246 23 1
3306 1720 1
1084 1746 1
723 1748 1
3307 1755 1
1312 1768 1
1265 1769 1
3308 1770 1
3309 1771 1
1478 1772 1
3056 1773 1
3209 55 1
3310 201 1
1816 193 1
857 283 1
3204 291 1
3303 461 1
3311 782 1
3198 803 1
476 1011 1
3312 1072 1
3248 1223 1
2496 1287 1
1928 1391 1
3303 1391 1
3313 1426 1
3223 1426 1
1928 1565 1
3314 1633 1
1151 1575 1
1231 1577 1
1530 1585 1
3213 1652 1
745 1671 1
487 1728 1
3315 1596 1
2588 1596 1
1301 1748 1
3213 1774 1
3294 1775 1
2283 1776 1
1928 1777 1
3316 1340 1
3317 149 1
3318 279 1
3319 283 1
739 11 1
3318 382 1
18 461 1
1832 189 1
3320 158 1
3321 645 1
315 1012 1
1979 1083 1
2837 1083 1
787 1287 1
2573 1269 1
2573 1269 1
1047 29 1
1516 1079 1
3317 1443 1
3322 1443 1
3007 1565 1
2121 1565 1
375 1577 1
2440 1665 1
3323 1665 1
3324 1778 1
1223 1779 1
3325 1780 1
3326 1781 1
706 1782 1
3327 1783 1
315 41 1
1572 577 1
2176 972 1
2335 1038 1
3328 1072 1
2119 1287 1
711 1443 1
3162 1565 1
3208 1601 1
1268 1671 1
2912 1674 1
2119 1753 1
2849 1784 1
3329 111 1
2472 188 1
3330 188 1
3331 188 1
1461 11 1
2497 413 1
2761 650 1
3332 781 1
3120 956 1
1125 1011 1
3333 1344 1
3109 1677 1
3334 1677 1
3334 65 1
3329 238 1
327 1785 1
998 1462 1
1604 283 1
2314 11 1
2872 11 1
3335 326 1
680 331 1
583 433 1
3336 433 1
2561 451 1
2561 461 1
1064 693 1
1842 888 1
3337 748 1
428 1173 1
3338 1181 1
2175 1200 1
624 1236 1
2245 1330 1
3339 1353 1
3300 21 1
3340 1467 1
3341 1467 1
3186 1479 1
3168 1488 1
135 1496 1
2922 1502 1
2976 1565 1
3342 1585 1
2094 1671 1
3186 1674 1
3343 1723 1
2258 1752 1
1044 1731 1
790 1731 1
3344 1737 1
3344 1740 1
3321 1786 1
3340 1787 1
225 41 1
3345 279 1
1842 11 1
1306 451 1
3346 495 1
2761 650 1
3347 829 1
2340 882 1
1038 954 1
3348 956 1
103 1039 1
2320 1083 1
1763 1038 1
2374 1061 1
3349 1061 1
3350 1111 1
2470 1119 1
2081 1530 1
3350 1530 1
2745 1443 1
3351 1443 1
3352 1443 1
617 1443 1
1531 1479 1
701 1577 1
375 1689 1
3348 1788 1
3348 1789 1
3348 1790 1
3290 1791 1
3353 1792 1
3354 1793 1
2824 1783 1
1314 1783 1
3346 65 1
1122 137 1
3355 1462 1
2923 283 1
3247 11 1
2207 331 1
3334 334 1
595 356 1
1794 630 1
1960 673 1
3334 755 1
3356 463 1
3265 782 1
924 979 1
1443 1061 1
2172 1408 1
3357 1366 1
3247 1443 1
3358 1493 1
2923 1633 1
3204 1623 1
233 1770 1
2328 1794 1
3359 1795 1
3360 1796 1
934 1783 1
3361 41 1
3362 1560 1
3363 1560 1
1231 283 1
1262 1221 1
1967 274 1
1091 782 1
3159 822 1
2331 954 1
751 955 1
1091 1003 1
3364 1003 1
3349 1039 1
3365 1030 1
3355 1197 1
3366 1287 1
2688 29 1
2816 1426 1
1638 1443 1
400 1443 1
3367 1674 1
3368 1720 1
1443 1689 1
3143 1731 1
2320 1794 1
711 1764 1
3369 1797 1
3370 1798 1
2875 1799 1
3371 1462 1
2708 283 1
490 11 1
2786 11 1
3301 11 1
125 11 1
1887 310 1
1443 356 1
3056 579 1
2431 613 1
2885 726 1
1972 790 1
2506 906 1
1832 1061 1
438 1091 1
228 1330 1
2772 1408 1
1273 1402 1
1790 1435 1
3372 1443 1
228 1443 1
1432 1443 1
2130 1565 1
3295 1565 1
3223 1565 1
2371 1577 1
3021 1577 1
506 1660 1
3099 1661 1
328 1689 1
714 1689 1
3065 1596 1
2335 1733 1
527 1748 1
2619 1800 1
389 1801 1
3274 1802 1
3348 1803 1
3026 1804 1
2299 1783 1
3373 778 1
2328 228 1
2912 882 1
3318 1330 1
438 1633 1
2434 1698 1
706 1584 1
1056 1671 1
2949 1688 1
872 1596 1
427 1731 1
3141 1805 1
861 1783 1
1201 920 1
1049 145 1
2497 133 1
2248 650 1
910 954 1
3315 1091 1
3318 1330 1
1380 1279 1
3374 1345 1
3375 1402 1
3376 1426 1
1307 1443 1
1118 1565 1
2388 1585 1
2766 1661 1
2948 1728 1
3258 1798 1
91 38 1
3377 109 1
3186 228 1
2429 188 1
3378 310 1
1832 356 1
2485 972 1
2968 972 1
1125 1011 1
3379 979 1
195 1003 1
3295 1005 1
2682 25 1
2704 1112 1
98 1197 1
3380 1287 1
269 29 1
247 1426 1
223 1443 1
3381 1443 1
1832 1496 1
3117 1502 1
1343 687 1
621 1539 1
2283 1565 1
1562 1633 1
3213 1698 1
2659 1577 1
3381 1421 1
3382 1670 1
3383 1674 1
1722 1454 1
3384 1728 1
711 1748 1
3164 1769 1
3385 1806 1
3356 1807 1
1642 1808 1
3056 1809 1
2813 1810 1
3186 1152 1
2694 41 1
3386 744 1
621 1340 1
3387 76 1
2874 1462 1
807 11 1
3345 649 1
195 334 1
2983 631 1
3388 652 1
658 650 1
2824 781 1
3186 1011 1
1845 1217 1
3155 1005 1
2238 173 1
3389 1197 1
3387 1330 1
1443 1345 1
3323 1398 1
2181 1426 1
2338 1426 1
1246 1435 1
3390 1443 1
3318 22 1
701 1565 1
3391 1661 1
2319 1811 1
3392 1711 1
2983 1751 1
3284 1747 1
1188 1755 1
487 1787 1
1312 1798 1
1224 1803 1
3354 1812 1
3393 1813 1
3394 1783 1
2165 41 1
1404 245 1
2321 11 1
3256 334 1
3388 443 1
894 443 1
2701 693 1
1439 693 1
3280 782 1
2853 882 1
711 1011 1
3395 986 1
1443 1061 1
1010 1173 1
3396 1345 1
3397 1530 1
3285 1443 1
40 1443 1
3398 1483 1
3307 1518 1
1652 1661 1
3399 1751 1
2975 1721 1
3400 1814 1
1223 1815 1
3340 1739 1
2818 1783 1
3317 115 1
3319 283 1
1539 879 1
2015 1091 1
2846 1197 1
2883 1426 1
1247 1443 1
711 1443 1
1312 1483 1
3401 1500 1
1763 1500 1
3007 1565 1
2283 1565 1
1800 1565 1
2371 1577 1
3402 1577 1
375 1577 1
2352 1624 1
2726 1689 1
2119 1728 1
213 1770 1
3110 1798 1
3403 1816 1
3404 1817 1
3405 1818 1
2238 1819 1
235 41 1
3406 1820 1
1529 35 1
2250 188 1
1585 11 1
3407 276 1
1439 693 1
3025 466 1
3277 931 1
2982 1060 1
235 1072 1
1527 1111 1
3408 1197 1
103 1408 1
2165 1366 1
3409 1426 1
3410 1434 1
332 1443 1
3411 1479 1
1071 1483 1
3411 1686 1
1071 1689 1
1630 1811 1
3412 1775 1
2341 1815 1
18 1821 1
2556 1822 1
1380 1823 1
2328 1824 1
470 1783 1
3413 111 1
3414 1462 1
1089 292 1
3415 310 1
3416 579 1
1317 631 1
2916 964 1
3417 476 1
3418 1033 1
3419 1353 1
3415 1443 1
3420 1479 1
3421 1479 1
2136 1483 1
3422 1483 1
2384 1661 1
2119 1721 1
3415 1733 1
3033 1825 1
1809 1826 1
3415 41 1
3186 41 1
1554 11 1
3002 292 1
2497 955 1
2176 972 1
3423 1217 1
2567 1124 1
3424 1224 1
3425 1330 1
375 1565 1
2178 1633 1
1809 1827 1
624 1828 1
3426 1829 1
3427 1830 1
3428 1831 1
3429 1832 1
647 102 1
647 128 1
647 35 1
2016 186 1
647 193 1
3430 213 1
1887 310 1
3415 356 1
647 483 1
2761 650 1
787 795 1
647 822 1
647 829 1
2340 882 1
1038 954 1
3431 954 1
1337 1083 1
647 1277 1
1527 1453 1
187 1565 1
2819 31 1
2819 31 1
3381 31 1
2291 1609 1
3381 1647 1
3088 1663 1
2130 1748 1
3432 1770 1
3334 7 1
2702 1833 1
3433 1834 1
647 362 1
3434 41 1
3435 188 1
1794 188 1
3436 11 1
3437 276 1
3186 310 1
3438 579 1
1064 693 1
554 882 1
3439 952 1
3440 910 1
1881 1426 1
3441 1565 1
3442 1635 1
1794 23 1
2807 1663 1
1061 1454 1
3208 1758 1
2875 1799 1
1201 1835 1
3443 1739 1
2130 1783 1
3444 778 1
3407 41 1
3445 1462 1
1011 11 1
3446 358 1
2416 461 1
2416 461 1
3447 498 1
1925 566 1
2371 631 1
2659 952 1
3274 952 1
2821 1011 1
711 1011 1
3402 1005 1
3448 1111 1
2421 1197 1
476 1197 1
3290 1269 1
3449 1277 1
2291 1353 1
103 1366 1
3450 1398 1
1232 1472 1
2352 687 1
2983 1577 1
497 23 1
3451 1688 1
2422 1827 1
3452 1833 1
3309 1834 1
3453 1836 1
3446 1837 1
2131 1838 1
2670 1839 1
103 1840 1
3350 1327 1
3454 1841 1
446 1842 1
1240 437 1
3455 11 1
3456 11 1
3056 802 1
3457 1197 1
2226 1150 1
1193 29 1
2500 29 1
2051 1426 1
172 1434 1
2923 1435 1
1228 31 1
1928 1577 1
3141 1837 1
2500 1840 1
2083 1327 1
3318 1843 1
2702 1844 1
2440 1845 1
3458 1846 1
2114 1847 1
3459 1848 1
520 87 1
3460 72 1
907 356 1
555 312 1
2912 699 1
2853 882 1
52 952 1
2331 954 1
3383 954 1
1979 1083 1
2374 1061 1
3162 1061 1
1443 1061 1
2015 1091 1
3461 1197 1
555 1287 1
907 1426 1
2816 1426 1
770 1079 1
2431 1443 1
1763 1500 1
1400 1539 1
555 1698 1
3308 1770 1
1810 1849 1
3462 1850 1
3463 1851 1
872 41 1
1118 292 1
3464 333 1
1311 356 1
3465 370 1
3466 503 1
2302 882 1
1842 888 1
3467 1034 1
269 29 1
617 1443 1
2575 1253 1
2821 1708 1
2422 1721 1
3468 1827 1
2323 1852 1
1549 1853 1
2138 11 1
1357 385 1
438 1084 1
328 1443 1
3281 1443 1
3385 1806 1
3469 1843 1
2168 1783 1
998 1462 1
2297 11 1
2297 11 1
3470 11 1
2207 331 1
3407 331 1
1443 356 1
1763 433 1
3471 766 1
3472 879 1
3472 466 1
3473 1854 1
438 1161 1
3339 1353 1
2430 1426 1
3474 1443 1
3475 1443 1
1117 1443 1
3274 1539 1
438 1565 1
600 1565 1
3476 1601 1
2316 1618 1
2870 1758 1
3208 1855 1
427 1856 1
3191 1857 1
3415 1858 1
2430 65 1
1125 1859 1
3140 1860 1
1617 258 1
3477 149 1
1231 283 1
714 11 1
3456 11 1
3478 11 1
3479 372 1
3479 312 1
667 433 1
2248 650 1
3185 790 1
2607 952 1
2018 952 1
3480 1039 1
3479 1027 1
479 1030 1
762 1254 1
1960 1322 1
1130 1345 1
3481 1861 1
2316 1391 1
3173 1442 1
3482 1565 1
3483 1565 1
2318 167 1
3340 1728 1
446 1728 1
2283 1776 1
3264 1781 1
851 1862 1
2318 1863 1
2744 41 1
239 110 1
3484 909 1
3484 1006 1
3484 1864 1
3423 334 1
674 189 1
3485 636 1
2912 882 1
370 906 1
2968 972 1
3486 972 1
3487 972 1
3488 1865 1
1443 1061 1
2176 1167 1
3489 1197 1
2314 1299 1
2684 1344 1
1183 1366 1
3223 1426 1
2291 1434 1
2745 1443 1
1678 1565 1
177 1565 1
1549 1421 1
2814 1614 1
3274 1802 1
3490 1866 1
244 1830 1
3491 1848 1
2352 1862 1
923 1867 1
3429 1868 1
3423 24 1
3492 41 1
1641 1820 1
3493 1869 1
1413 1870 1
3346 1462 1
3494 1462 1
3495 461 1
2761 650 1
328 781 1
3280 782 1
3423 1217 1
3295 1005 1
3423 1072 1
400 1084 1
52 1091 1
870 1330 1
2307 660 1
3153 1366 1
3496 29 1
3497 1434 1
2923 1435 1
3498 1443 1
115 1443 1
2283 1483 1
3499 1652 1
3039 1671 1
328 1689 1
3500 1713 1
2090 1728 1
1301 1748 1
1666 1802 1
1301 1802 1
229 1802 1
3318 1827 1
3497 1866 1
2516 1844 1
3348 1848 1
1684 1857 1
3282 1871 1
2807 1074 1
3501 283 1
1842 11 1
3453 291 1
3502 331 1
3388 416 1
3503 1011 1
3109 1003 1
3504 1197 1
2733 1197 1
3505 1289 1
2476 1443 1
1301 1575 1
3506 1575 1
3021 1577 1
2575 1635 1
3505 1770 1
3402 1857 1
3086 1872 1
2087 1873 1
3507 1874 1
3508 1875 1
1061 1006 1
3509 763 1
3510 1011 1
531 1030 1
3508 660 1
3511 1345 1
2723 1391 1
755 1623 1
3512 1728 1
2955 1770 1
172 1857 1
1064 1876 1
3513 41 1
3510 1877 1
1118 356 1
1319 1011 1
2476 1061 1
3514 1330 1
438 1443 1
2371 1577 1
1669 1824 1
3174 1340 1
2245 1878 1
3439 283 1
3415 356 1
3431 579 1
2152 630 1
278 790 1
3515 782 1
2986 829 1
3515 947 1
1452 952 1
3503 1011 1
2977 1003 1
2320 1083 1
3460 1061 1
785 1091 1
1787 1197 1
3516 1254 1
3517 1277 1
1790 1322 1
503 1435 1
2866 1483 1
1649 1546 1
1169 1565 1
3518 1565 1
3519 1652 1
434 1667 1
3397 1811 1
858 1802 1
2669 1855 1
1084 1879 1
3520 1880 1
3521 1881 1
3522 1882 1
2555 1883 1
3343 1884 1
2827 137 1
1038 272 1
2283 11 1
1228 711 1
732 722 1
2445 954 1
2680 955 1
2450 558 1
854 1038 1
3523 1854 1
854 1197 1
226 1530 1
3524 1426 1
2953 1426 1
195 1443 1
2195 1546 1
3525 1555 1
3507 31 1
705 1803 1
1060 1885 1
1628 1886 1
3264 1887 1
802 283 1
1247 11 1
2429 11 1
3476 331 1
2176 952 1
1173 558 1
3526 1007 1
802 1038 1
2428 1057 1
3527 1057 1
2398 1061 1
2333 1091 1
3528 1254 1
3529 1317 1
3527 1348 1
2497 1530 1
3505 1530 1
3044 1426 1
2923 1435 1
3530 1443 1
1649 1443 1
3372 1443 1
1960 1255 1
583 1565 1
1743 1565 1
3505 1770 1
2807 1888 1
2827 1857 1
2931 1885 1
1628 1886 1
3531 1889 1
1960 1890 1
3532 1891 1
1763 1745 1
2195 1883 1
3533 41 1
3459 1892 1
3301 11 1
3534 433 1
2316 622 1
3535 650 1
426 882 1
3536 906 1
1232 1011 1
438 1011 1
52 1011 1
1979 1083 1
3537 1060 1
999 1287 1
244 1344 1
2102 1345 1
3026 1402 1
18 1443 1
2363 1443 1
3268 1443 1
1389 1565 1
2800 1617 1
479 1675 1
1443 1689 1
3538 1708 1
3539 1794 1
2114 1835 1
3415 1858 1
2800 1893 1
3423 1894 1
2670 1895 1
3540 1896 1
2146 1897 1
3541 24 1
2152 1783 1
235 41 1
3542 95 1
3543 1445 1
3544 292 1
1346 433 1
40 464 1
3545 648 1
1231 781 1
3546 829 1
2152 906 1
2360 952 1
1346 1299 1
375 1344 1
2545 1398 1
2821 1500 1
2422 1253 1
2974 1698 1
1630 1585 1
3545 1672 1
1044 1731 1
278 1880 1
3120 1887 1
2195 1898 1
1029 1899 1
3547 1900 1
717 1901 1
3056 1902 1
2974 1903 1
737 48 1
1151 326 1
3548 882 1
1690 1014 1
603 1057 1
137 1238 1
1314 1330 1
989 1353 1
3549 1426 1
3550 1565 1
3551 1619 1
3552 1454 1
1581 1612 1
3553 1904 1
3311 188 1
376 188 1
3097 292 1
871 429 1
741 503 1
741 503 1
2813 607 1
3554 650 1
1881 782 1
3056 802 1
1125 952 1
3527 985 1
3423 1112 1
322 1530 1
3555 1443 1
3556 1619 1
1859 1702 1
3557 1770 1
2121 1876 1
3315 1745 1
3318 1905 1
3441 185 1
2719 41 1
3278 240 1
2062 1906 1
3558 164 1
3484 35 1
3559 11 1
2449 331 1
3445 433 1
1972 465 1
3527 523 1
2807 607 1
1668 275 1
2814 913 1
3560 947 1
971 1011 1
3527 1029 1
3561 1084 1
724 1091 1
1735 1091 1
2688 29 1
1443 1443 1
3484 1540 1
3259 1565 1
2649 1633 1
3562 1585 1
1642 1907 1
3563 1618 1
1265 1454 1
2319 1811 1
3564 1702 1
3208 1762 1
3565 1762 1
3251 1798 1
3251 1802 1
3385 1806 1
624 1834 1
3507 1874 1
3282 1908 1
1084 1909 1
2062 1910 1
491 1911 1
2304 1912 1
3103 1913 1
3404 1914 1
1201 1915 1
389 1916 1
872 41 1
1183 1884 1
3566 53 1
3164 145 1
3460 149 1
3567 149 1
3568 159 1
3143 283 1
3471 766 1
1455 831 1
3569 1061 1
2307 1112 1
1982 1228 1
1809 1287 1
3570 1426 1
2754 1438 1
3174 1443 1
3571 1443 1
3453 1467 1
3572 1483 1
427 1546 1
52 1565 1
2767 31 1
2371 1577 1
3573 1577 1
3167 892 1
3574 1702 1
508 1688 1
2307 1850 1
2767 1889 1
3121 1903 1
3575 1917 1
3576 1918 1
3540 1919 1
3219 1920 1
1763 37 1
3577 1783 1
849 1783 1
2500 1340 1
3578 1921 1
1946 228 1
2877 11 1
3376 11 1
269 11 1
3337 292 1
3579 790 1
3580 827 1
3282 831 1
3581 882 1
1357 1022 1
3582 1060 1
2868 1231 1
1056 1426 1
305 1443 1
3351 1443 1
3583 1483 1
552 1500 1
3550 1565 1
2983 1633 1
3213 1654 1
2745 1677 1
555 1746 1
3505 1770 1
332 1802 1
3584 1803 1
470 1857 1
3585 1916 1
3348 1919 1
3213 1922 1
3586 1923 1
2807 1924 1
2165 41 1
3587 1925 1
706 1820 1
2016 1462 1
914 283 1
1554 1926 1
2863 566 1
1562 631 1
3588 882 1
375 1003 1
103 1039 1
3043 1091 1
625 1091 1
3588 1273 1
1389 1390 1
3589 1443 1
3186 1483 1
3213 1253 1
552 1565 1
3590 1633 1
438 1577 1
3591 1585 1
426 1619 1
3337 1689 1
3402 1689 1
1317 1708 1
3592 1596 1
3191 1857 1
1231 1927 1
1223 1928 1
3033 1924 1
3440 1859 1
1960 1929 1
2410 1930 1
376 1921 1
3593 1931 1
1188 833 1
3594 164 1
1842 11 1
1075 310 1
3595 396 1
833 446 1
3596 577 1
3460 790 1
929 782 1
3280 782 1
3362 766 1
1842 888 1
2816 888 1
3597 1011 1
1979 1083 1
2302 615 1
3269 1197 1
2932 29 1
2318 1453 1
2821 31 1
2575 1635 1
3402 1689 1
3027 1721 1
3598 1886 1
3599 1904 1
555 1932 1
1617 1268 1
647 128 1
3600 332 1
184 711 1
3265 782 1
3601 275 1
3503 1003 1
3254 1254 1
1572 1530 1
3527 1435 1
647 1453 1
2838 1565 1
3602 1916 1
813 1922 1
2117 1933 1
3162 1934 1
1125 1935 1
1435 41 1
2391 1445 1
2366 164 1
404 227 1
1557 503 1
3603 1027 1
666 1091 1
3423 1112 1
3604 1353 1
1319 1443 1
3141 1467 1
2391 1553 1
1800 1565 1
3423 1601 1
3605 1711 1
2391 1849 1
3606 1936 1
3607 1937 1
1960 1938 1
2766 1939 1
3608 1940 1
3494 1462 1
210 144 1
2016 186 1
269 188 1
490 11 1
3456 11 1
3609 11 1
3610 11 1
503 11 1
3611 331 1
490 334 1
269 344 1
3462 619 1
3612 1011 1
3613 986 1
3105 1005 1
3614 1140 1
3408 1197 1
235 1330 1
785 1390 1
3567 1435 1
1649 1443 1
3281 1443 1
3372 1443 1
187 1565 1
711 1764 1
2885 1835 1
1218 1876 1
210 1874 1
3065 1886 1
3460 1941 1
3615 1937 1
3453 1942 1
1245 1943 1
1132 1944 1
785 1945 1
1436 523 1
3616 413 1
924 979 1
3581 1083 1
2428 1057 1
2867 1060 1
833 1148 1
3617 1330 1
3186 1344 1
2977 1435 1
3370 1435 1
711 1443 1
3507 1500 1
2817 1253 1
1443 1565 1
3195 1686 1
3402 1689 1
3186 1689 1
3385 1806 1
3282 1835 1
3618 1835 1
3585 1916 1
599 362 1
2391 1946 1
136 1637 1
3423 1947 1
3526 11 1
2886 11 1
833 447 1
3173 630 1
3619 463 1
3431 882 1
2059 882 1
2358 466 1
2018 952 1
3620 954 1
3621 1060 1
220 1084 1
1787 1197 1
3622 1150 1
3623 1271 1
3550 1344 1
3624 1353 1
1301 1390 1
3625 1426 1
1678 1483 1
244 1565 1
1301 1748 1
3213 1787 1
2642 1874 1
1628 1886 1
3626 1898 1
3382 362 1
2090 1948 1
3620 1949 1
2974 1950 1
2813 1951 1
3627 1952 1
1662 1953 1
1641 1820 1
833 1613 1
1813 1268 1
3628 1931 1
617 188 1
3629 304 1
1556 577 1
3630 463 1
508 954 1
3423 1217 1
3213 1287 1
3631 1344 1
3632 1344 1
3633 1391 1
1556 1530 1
2977 1435 1
617 1443 1
1649 1546 1
305 1565 1
1928 1633 1
3634 1577 1
2131 1838 1
3635 1898 1
3299 1927 1
3213 1950 1
2323 1954 1
3636 1955 1
31 1956 1
3637 1957 1
3638 1957 1
3348 1958 1
3348 1959 1
3639 1960 1
2026 65 1
3640 1859 1
2314 2 1
3120 463 1
1979 1083 1
2824 997 1
3641 1038 1
3633 1084 1
3172 1091 1
3642 1398 1
3643 1435 1
2703 1443 1
470 1577 1
2371 1577 1
3494 1577 1
2767 1596 1
3392 1852 1
934 1961 1
741 1962 1
3141 1963 1
2697 1964 1
2703 1965 1
469 1966 1
2814 744 1
3460 72 1
3443 437 1
3388 268 1
3603 268 1
59 272 1
3644 11 1
3645 11 1
59 631 1
3646 463 1
59 882 1
3647 25 1
59 1254 1
2588 1330 1
59 1435 1
2150 1443 1
3648 1469 1
59 1565 1
1095 485 1
59 1798 1
3649 1967 1
3650 1943 1
2328 1953 1
741 1968 1
741 1969 1
715 188 1
3467 867 1
3527 790 1
1218 952 1
1070 1500 1
2640 1596 1
3651 1787 1
3429 1827 1
3652 1327 1
2821 1857 1
907 1668 1
32 1970 1
2192 1971 1
3423 72 1
998 1462 1
3653 228 1
3654 429 1
1389 523 1
3655 545 1
880 650 1
3417 693 1
3610 954 1
3656 979 1
3657 979 1
31 1330 1
1790 1330 1
3658 1390 1
3592 1442 1
3372 1443 1
1240 1698 1
711 1731 1
1630 1770 1
624 1834 1
2766 1939 1
31 1956 1
1326 1972 1
745 1973 1
701 1974 1
31 1975 1
3659 1976 1
2517 1977 1
3660 1978 1
2195 1979 1
415 1980 1
1832 310 1
741 503 1
1231 781 1
1439 781 1
3488 463 1
2276 829 1
2374 1330 1
3550 1565 1
3518 1565 1
1832 1577 1
2371 1577 1
789 1720 1
1832 1689 1
1061 1596 1
3488 1790 1
400 1764 1
3661 1764 1
3662 1824 1
1832 1838 1
1832 1981 1
527 1970 1
400 1973 1
3663 1973 1
2283 1979 1
3664 1982 1
3191 1983 1
311 1984 1
1384 1985 1
504 1985 1
1871 1631 1
3056 1986 1
3488 778 1
2744 188 1
3665 268 1
3666 624 1
1439 693 1
881 831 1
1090 888 1
31 1003 1
1819 1014 1
1443 1061 1
3667 1330 1
3668 1330 1
3174 1391 1
2977 1435 1
510 1443 1
1617 1565 1
701 1565 1
3186 1565 1
3333 1674 1
1359 1827 1
2434 1901 1
244 185 1
2391 1917 1
2195 1973 1
3669 1982 1
3473 1987 1
277 1987 1
2660 1988 1
872 41 1
2264 1989 1
2172 72 1
2374 72 1
1562 283 1
1188 447 1
3670 631 1
2477 650 1
3671 782 1
2773 802 1
893 803 1
3632 25 1
3672 1090 1
3673 1156 1
187 1330 1
2176 29 1
1044 1469 1
2616 1469 1
3632 1565 1
2773 1619 1
3674 1798 1
1223 1815 1
210 1876 1
3675 1990 1
617 1990 1
2332 1991 1
2935 1992 1
1223 1993 1
3348 1994 1
1115 1877 1
1522 1989 1
1522 1995 1
314 137 1
3676 334 1
3667 433 1
3677 313 1
1125 1011 1
1357 1022 1
2283 997 1
587 1090 1
2619 1353 1
2816 1426 1
3571 1443 1
741 1496 1
2976 1565 1
2767 1421 1
2130 1664 1
3198 1674 1
3678 1596 1
785 1731 1
1301 1798 1
3679 1837 1
617 1876 1
3230 1952 1
3466 1956 1
1763 1978 1
3680 1985 1
1090 1996 1
3660 1997 1
2130 1998 1
1263 1999 1
3323 2000 1
2083 2001 1
1125 2002 1
1834 2003 1
2948 2004 1
3681 559 1
3681 416 1
3682 503 1
3683 1253 1
438 1876 1
3684 2005 1
2813 2006 1
710 111 1
1754 1084 1
3685 1884 1
1443 1340 1
3681 291 1
3686 310 1
497 334 1
3340 416 1
3687 446 1
210 619 1
65 782 1
3420 803 1
1455 831 1
1909 978 1
3656 979 1
18 1022 1
3688 1084 1
3307 1090 1
1070 1426 1
2977 1435 1
3329 1443 1
3686 1443 1
3372 1443 1
2132 1443 1
2760 1565 1
3679 1698 1
3442 1698 1
3689 1575 1
3690 1720 1
1911 1612 1
2497 1918 1
438 1990 1
1960 1924 1
1911 1924 1
3691 1943 1
3102 1631 1
1982 2007 1
3692 2008 1
1734 2009 1
297 1462 1
3617 169 1
2322 227 1
3693 283 1
3694 393 1
2180 446 1
1547 523 1
3587 274 1
3695 1234 1
3696 722 1
3332 781 1
2773 882 1
3428 931 1
1077 954 1
3610 954 1
1218 1022 1
1483 1030 1
2484 1330 1
2484 1435 1
75 22 1
1627 1565 1
1627 1565 1
2983 1577 1
1232 1876 1
3697 1887 1
3507 1990 1
3342 1952 1
3698 1968 1
1326 2010 1
3213 2011 1
802 2012 1
2410 2013 1
3699 1884 1
3700 214 1
2739 120 1
1228 120 1
3701 188 1
579 292 1
1809 280 1
1809 291 1
1 433 1
2561 424 1
3702 972 1
3633 1011 1
3703 1060 1
3704 1197 1
2665 1330 1
315 1422 1
2052 1469 1
3679 2014 1
518 1493 1
518 1698 1
3705 1575 1
3706 1601 1
3706 1601 1
3303 892 1
2873 1811 1
518 1746 1
518 2015 1
3532 1909 1
2561 1911 1
2064 1990 1
3110 1956 1
2081 2001 1
1816 2016 1
624 1300 1
3707 2017 1
210 2018 1
3708 46 1
3709 2019 1
1662 2020 1
2814 2021 1
3184 778 1
778 1820 1
3710 2022 1
2264 1995 1
2283 283 1
3186 283 1
1871 277 1
3529 291 1
3711 310 1
1641 393 1
348 461 1
3712 461 1
3006 782 1
3056 802 1
2023 1080 1
2999 913 1
248 1022 1
1957 1057 1
18 1057 1
3143 1084 1
3713 1142 1
2323 1530 1
2121 1443 1
3000 1468 1
1231 1577 1
3714 1585 1
3715 1619 1
3443 1787 1
943 1843 1
427 1962 1
438 1962 1
133 1970 1
555 2023 1
555 2024 1
3716 44 1
3717 2025 1
1982 1989 1
3718 283 1
2076 906 1
3028 952 1
3028 972 1
3341 1721 1
3719 1764 1
1337 2020 1
1316 2026 1
3720 2027 1
3033 2028 1
3721 266 1
103 630 1
3242 693 1
989 1030 1
3722 1330 1
2497 1327 1
3717 2025 1
3723 2029 1
1761 1889 1
1307 1978 1
376 2030 1
3724 133 1
3724 135 1
1204 446 1
3550 650 1
184 711 1
3725 802 1
3726 882 1
1201 939 1
1390 615 1
1443 1061 1
2027 1231 1
2027 1353 1
3727 1500 1
3728 1635 1
3691 1822 1
2718 1824 1
2768 1858 1
3724 1944 1
3160 1950 1
3729 2006 1
3730 2031 1
1364 2025 1
959 2032 1
3731 2029 1
3732 2033 1
3733 2034 1
3112 2035 1
3724 2036 1
1618 1268 1
2864 188 1
3734 546 1
3610 274 1
210 952 1
2739 978 1
1301 1057 1
3735 1307 1
3466 1497 1
1204 1565 1
2130 1876 1
667 1978 1
3736 2031 1
2358 2037 1
910 2021 1
2146 1994 1
3323 2038 1
235 41 1
2563 1766 1
1051 229 1
2743 272 1
1526 581 1
2814 606 1
2107 608 1
1051 424 1
872 624 1
3656 979 1
1713 1003 1
3522 1112 1
1617 1254 1
3737 1330 1
3624 1353 1
3738 121 1
3727 1545 1
3482 1565 1
3739 1565 1
600 1565 1
328 1569 1
438 1577 1
3565 1762 1
2901 1845 1
1246 1962 1
3488 1919 1
2416 1996 1
1604 1996 1
3695 2013 1
3740 2039 1
427 2040 1
3251 2041 1
3513 41 1
2069 238 1
3741 1989 1
1029 1870 1
3742 2042 1
1240 280 1
3743 547 1
3266 630 1
870 699 1
610 711 1
2331 954 1
3744 954 1
3633 1022 1
1937 1030 1
603 1091 1
3745 1102 1
3746 1330 1
2318 1298 1
2316 1366 1
2983 1565 1
3550 1565 1
3453 1698 1
1666 1577 1
3286 1577 1
3747 1585 1
3715 1619 1
1790 23 1
910 2021 1
3488 2043 1
3745 2044 1
91 2045 1
3748 1989 1
3526 1884 1
2801 1386 1
3749 111 1
125 11 1
244 433 1
518 1234 1
2698 624 1
3750 630 1
1531 802 1
2745 1003 1
3751 1197 1
3752 1330 1
3731 1344 1
244 1435 1
3753 1585 1
3556 1619 1
3754 1619 1
3755 1661 1
2151 2046 1
3385 1806 1
1218 1876 1
3144 2045 1
438 1883 1
2016 2047 1
3745 55 1
1642 778 1
3264 778 1
3173 2048 1
1617 110 1
3750 2049 1
3002 292 1
1166 446 1
741 503 1
1502 728 1
3750 855 1
1326 1142 1
3186 1435 1
1400 1492 1
3094 1577 1
3756 1596 1
220 1731 1
2484 1876 1
249 2036 1
3594 2050 1
249 2051 1
3681 261 1
2566 1030 1
3757 1443 1
3758 121 1
485 1811 1
3759 1688 1
2975 1721 1
3760 1770 1
1090 1996 1
3690 2037 1
914 2035 1
3761 2051 1
3762 2052 1
1045 2053 1
762 2054 1
845 87 1
3460 127 1
1462 11 1
579 292 1
2297 277 1
3763 309 1
322 483 1
3682 503 1
1300 274 1
1443 624 1
3105 650 1
3610 781 1
3764 781 1
2018 802 1
1084 828 1
3765 871 1
3766 466 1
3767 1005 1
446 1117 1
807 1330 1
3667 1330 1
1294 1273 1
178 1426 1
1845 1443 1
3768 1443 1
3768 1443 1
3768 1443 1
1763 1500 1
1586 1565 1
3632 1565 1
438 1565 1
3769 1577 1
1625 1661 1
2588 1596 1
2391 1762 1
322 1770 1
2130 1804 1
3729 2006 1
3045 2013 1
3065 2035 1
3348 2055 1
3770 2056 1
446 2057 1
322 2058 1
3771 2059 1
872 41 1
235 71 1
1 87 1
3772 14 1
3773 1445 1
1020 624 1
3774 739 1
1960 984 1
3775 1167 1
3693 1443 1
3776 1443 1
1122 1443 1
2476 1443 1
2978 1443 1
583 1500 1
2371 1577 1
617 1421 1
3774 1624 1
2358 1624 1
3244 1811 1
3777 1731 1
3778 1762 1
3779 1770 1
2181 1962 1
617 1962 1
3506 1916 1
3780 1952 1
244 1956 1
470 2032 1
3781 2037 1
3539 2035 1
3491 2060 1
2858 2061 1
1691 2062 1
3782 2063 1
3783 2064 1
3120 778 1
101 45 1
762 1268 1
3784 1462 1
1920 1445 1
2016 186 1
2237 11 1
3785 277 1
787 280 1
946 451 1
3466 503 1
1070 624 1
2942 624 1
3786 631 1
914 952 1
1125 1011 1
3313 1003 1
1886 1061 1
1815 1072 1
1815 1197 1
3787 1254 1
3198 1273 1
3743 1470 1
3507 1587 1
3550 1569 1
3500 1713 1
555 1963 1
3788 1996 1
3112 2035 1
3585 2035 1
3388 2056 1
3789 2062 1
851 2065 1
2075 2066 1
1960 2067 1
2673 2068 1
3790 2069 1
3506 2070 1
2521 171 1
3791 156 1
1281 292 1
966 331 1
322 302 1
3792 608 1
2130 630 1
3793 630 1
3588 699 1
3185 790 1
3794 766 1
3056 802 1
3795 1195 1
3686 1443 1
356 1443 1
2563 1443 1
244 1469 1
3633 1565 1
2150 1575 1
3733 1635 1
226 1811 1
3204 1752 1
3143 1806 1
3143 1916 1
1432 1916 1
3160 2013 1
3796 2032 1
3709 2055 1
3423 124 1
2943 2071 1
3110 2072 1
2627 2073 1
2627 2074 1
3797 2075 1
3798 2076 1
3782 1152 1
3799 940 1
277 1340 1
235 1340 1
3800 1445 1
372 309 1
3801 304 1
3802 855 1
1038 882 1
2445 954 1
1051 1014 1
1443 1061 1
52 1091 1
314 1197 1
3803 1245 1
3174 1435 1
53 1565 1
1830 1565 1
136 1569 1
3186 1569 1
3804 1585 1
1531 1619 1
3805 1858 1
3806 1876 1
3615 1937 1
813 1972 1
1722 2037 1
3772 2052 1
3807 2065 1
3808 2077 1
3809 2078 1
3810 2079 1
2612 2080 1
1718 11 1
1581 606 1
3362 608 1
3503 1011 1
3811 1443 1
874 1253 1
442 1731 1
1832 1804 1
3812 2029 1
3813 2047 1
1107 2081 1
1309 2082 1
3812 2083 1
2726 41 1
3814 1462 1
3571 1462 1
1531 11 1
3571 631 1
3815 630 1
2825 29 1
453 1468 1
3816 1516 1
368 892 1
3816 1229 1
3817 1874 1
1491 46 1
1522 2084 1
3818 862 1
3174 110 1
3819 120 1
3820 1462 1
1011 11 1
1842 11 1
2914 451 1
741 503 1
3821 668 1
2711 802 1
2881 954 1
1379 1011 1
495 979 1
479 1030 1
1268 1057 1
3133 1197 1
3822 1330 1
1960 1353 1
1165 1438 1
807 1443 1
3475 1443 1
1117 1569 1
2975 893 1
3143 1806 1
1183 1874 1
2703 1978 1
229 1996 1
3086 2013 1
3823 778 1
481 216 1
851 2085 1
3824 1340 1
1813 2079 1
3460 1462 1
3824 188 1
3051 11 1
3825 497 1
332 503 1
3826 579 1
3686 631 1
2248 650 1
1966 726 1
2808 766 1
1721 275 1
1387 913 1
3791 952 1
910 954 1
965 1014 1
3827 1034 1
666 1091 1
3824 1197 1
2016 1330 1
3824 1339 1
2720 1408 1
269 29 1
1602 29 1
2403 1565 1
3828 1565 1
75 1575 1
1231 1577 1
3346 1618 1
3442 1635 1
1270 1679 1
3030 1731 1
752 1770 1
3460 1858 1
1316 1874 1
3382 1914 1
2597 1952 1
3829 1956 1
2484 1985 1
676 2031 1
2130 2086 1
617 2035 1
3729 2084 1
2114 2087 1
3735 1335 1
617 1335 1
2114 973 1
3346 1462 1
2390 372 1
2086 2 1
3830 462 1
2589 624 1
3362 766 1
3831 972 1
2599 1038 1
1455 1121 1
3824 1162 1
1921 1197 1
810 1273 1
1455 1271 1
1191 1364 1
3824 1425 1
2824 1443 1
3832 1443 1
724 1569 1
3833 1577 1
3834 1577 1
3274 1618 1
3198 1619 1
2390 1652 1
3209 1690 1
1320 1752 1
2283 1776 1
3385 1806 1
3835 1822 1
91 1874 1
135 1874 1
438 1962 1
3610 1902 1
1175 37 1
375 1956 1
2814 2006 1
3836 46 1
438 1883 1
3667 2052 1
3143 2072 1
3323 2088 1
1455 2089 1
2807 2090 1
3348 2091 1
3837 2091 1
3348 2092 1
2192 2093 1
2813 2094 1
3782 2095 1
3838 1853 1
3839 2080 1
1720 429 1
898 433 1
1572 483 1
3840 483 1
2081 302 1
910 667 1
1231 781 1
3799 463 1
1531 802 1
2323 829 1
1455 939 1
1498 954 1
802 1038 1
2170 1530 1
3841 1434 1
107 1443 1
400 1443 1
778 1543 1
328 1569 1
3842 1575 1
2323 1585 1
1630 1585 1
3843 1619 1
3081 1811 1
1743 2096 1
428 1822 1
3844 1858 1
434 1950 1
3845 1968 1
1562 1996 1
91 2086 1
2283 2072 1
3846 2097 1
1685 2098 1
3318 2099 1
2234 2100 1
1657 238 1
107 76 1
2155 11 1
1516 292 1
1832 310 1
1709 451 1
3847 500 1
807 546 1
1071 304 1
2076 274 1
3848 599 1
434 828 1
3656 979 1
220 1084 1
1502 1238 1
1443 1345 1
457 1383 1
2688 29 1
3281 1443 1
3849 1587 1
2291 1565 1
2760 1565 1
2983 1577 1
3453 1635 1
1657 485 1
2786 1661 1
2943 1688 1
3143 1806 1
438 1962 1
1516 1612 1
2283 1973 1
3850 1996 1
485 2016 1
2081 2016 1
3340 2062 1
3851 2062 1
676 2101 1
3340 216 1
3824 1335 1
2409 2102 1
2943 2103 1
3736 2104 1
3852 2105 1
2814 2106 1
