2037 214 1
2037 1930 1
2037 258 1
714 11 1
2774 831 1
2150 1091 1
989 1121 1
2338 1345 1
3853 1690 1
3854 1731 1
2037 1837 1
3855 1967 1
3856 1952 1
1130 1979 1
2037 2056 1
2791 2104 1
3857 2104 1
3858 2107 1
1669 2108 1
3854 1462 1
1554 11 1
1604 11 1
2709 372 1
2709 508 1
3280 782 1
3056 802 1
2709 1080 1
1060 939 1
1125 1011 1
2934 1197 1
305 471 1
1188 573 1
807 1443 1
1115 1509 1
495 1577 1
1689 1623 1
1316 1661 1
1937 1688 1
2709 1963 1
2709 2011 1
2709 2062 1
2151 2073 1
2151 2073 1
2791 2104 1
3443 2109 1
832 2110 1
2709 2111 1
3423 2112 1
3859 2113 1
3860 2114 1
3340 214 1
3340 341 1
113 11 1
2314 11 1
3050 11 1
2816 11 1
2201 415 1
3729 606 1
3824 782 1
3416 803 1
2058 832 1
3056 906 1
1343 466 1
3861 947 1
2331 954 1
2773 954 1
2207 972 1
3295 1005 1
370 615 1
1443 1061 1
1379 1072 1
785 1091 1
428 573 1
2614 1390 1
400 1443 1
1376 1516 1
2976 1565 1
3862 1569 1
1806 1569 1
314 1575 1
3050 892 1
3175 1661 1
3402 1689 1
2089 1811 1
3782 637 1
711 1764 1
3813 1961 1
3863 1876 1
3864 1874 1
376 1985 1
3865 2037 1
1223 2037 1
3807 2037 1
3143 2072 1
2089 2074 1
1259 2089 1
3675 2115 1
58 2115 1
40 2116 1
177 2117 1
1911 2118 1
3865 2119 1
3486 238 1
2764 1340 1
1231 283 1
438 283 1
2709 308 1
2709 655 1
2885 447 1
2709 1234 1
2807 607 1
3866 158 1
2709 652 1
2581 130 1
3270 463 1
2086 972 1
1557 972 1
3865 1173 1
3867 1167 1
2709 1245 1
1627 1330 1
2885 573 1
3824 1339 1
3174 1443 1
3296 1443 1
854 1565 1
1323 1565 1
2649 1633 1
1666 1577 1
2371 1577 1
2660 1577 1
2081 1811 1
3824 637 1
3868 637 1
1316 1764 1
2885 1835 1
3306 1835 1
3869 1838 1
1240 2015 1
1804 1897 1
1380 2074 1
2709 2078 1
1223 2087 1
3870 2104 1
1323 2115 1
2342 2115 1
1223 2120 1
990 2121 1
3865 2122 1
2114 2123 1
1960 2106 1
1387 2106 1
3871 1921 1
2848 1445 1
3872 35 1
3460 245 1
3873 283 1
2321 11 1
3874 11 1
3875 292 1
1152 550 1
3057 579 1
851 424 1
2195 888 1
1669 1083 1
2665 1330 1
3876 1435 1
3877 1459 1
3875 1443 1
3872 1453 1
3878 1255 1
2195 1496 1
1323 1719 1
2819 31 1
3388 1698 1
1944 1575 1
3872 2124 1
3307 1835 1
3879 1327 1
1832 1858 1
1218 1876 1
3423 1874 1
3880 1917 1
1944 2032 1
91 2086 1
1323 2086 1
328 65 1
3540 778 1
3881 2102 1
1152 2125 1
1152 2126 1
3879 2127 1
1663 1925 1
3882 53 1
269 188 1
3883 203 1
2825 272 1
3845 277 1
898 277 1
2207 331 1
3884 577 1
3445 631 1
3885 714 1
3886 829 1
3824 1003 1
1051 1014 1
3887 1083 1
1201 690 1
269 29 1
3888 1429 1
711 1443 1
3824 22 1
813 1253 1
3889 1253 1
3269 1565 1
98 637 1
1380 1770 1
3890 1764 1
1265 1822 1
1151 1983 1
3059 2013 1
3891 2086 1
3854 2072 1
2323 2128 1
220 2129 1
2709 2130 1
2203 2131 1
3892 149 1
3824 149 1
3893 149 1
3892 310 1
3824 433 1
1223 714 1
1334 717 1
3894 373 1
3382 822 1
3895 1277 1
1294 1423 1
52 1443 1
2866 1483 1
2821 1500 1
3893 22 1
3892 1719 1
1443 1565 1
1627 1565 1
65 1569 1
2560 1585 1
3303 1661 1
3896 1773 1
3892 1804 1
3385 1806 1
3749 55 1
3897 2052 1
510 2052 1
2283 2072 1
1581 2090 1
3298 1436 1
1201 920 1
2130 119 1
2430 521 1
3898 888 1
3899 1061 1
3186 1061 1
2203 1332 1
1581 1371 1
3892 1443 1
3900 1496 1
3782 32 1
3901 2086 1
3750 2116 1
3892 2116 1
485 2128 1
2032 2132 1
3902 1820 1
3903 238 1
3904 9 1
322 35 1
2287 331 1
375 722 1
3905 832 1
3156 1353 1
184 1443 1
3562 1540 1
1800 1565 1
438 1633 1
3466 1577 1
375 1582 1
3906 1661 1
1132 1811 1
3907 1822 1
375 1838 1
1132 2003 1
1 2115 1
3782 2115 1
3562 2133 1
3453 2134 1
762 2135 1
3908 2136 1
647 35 1
3909 272 1
3910 276 1
2032 291 1
3911 882 1
3912 1083 1
177 1061 1
3887 1147 1
315 1408 1
2953 1426 1
3232 1443 1
3759 1443 1
3913 1483 1
2766 1483 1
2793 1550 1
2422 1253 1
2283 1565 1
3550 1565 1
413 1569 1
3232 1569 1
1337 1619 1
2885 1755 1
226 1770 1
832 1770 1
375 1846 1
3914 185 1
3915 1918 1
1763 1983 1
3916 2035 1
2939 2068 1
3488 778 1
1223 2137 1
3909 2138 1
3488 2139 1
3488 2140 1
3917 2141 1
2203 2142 1
3918 2143 1
1152 458 1
1125 2144 1
3919 214 1
3920 72 1
2744 188 1
3209 245 1
1531 11 1
3921 11 1
1937 497 1
3922 304 1
3923 304 1
3924 313 1
3925 466 1
1443 997 1
3926 1047 1
3913 1057 1
3772 1061 1
3927 1097 1
3824 1339 1
3928 1442 1
2315 1453 1
479 1518 1
2857 1565 1
1743 1565 1
3929 345 1
3930 893 1
3931 1732 1
2535 1755 1
2822 185 1
2864 2035 1
1029 2055 1
3932 2055 1
665 2052 1
3400 778 1
3348 2092 1
3630 2145 1
530 2135 1
1176 2146 1
1824 2147 1
3318 2148 1
3488 2149 1
3931 2150 1
3933 2151 1
3934 239 1
908 11 1
125 11 1
2352 446 1
552 503 1
3935 579 1
2405 577 1
3347 577 1
3936 722 1
711 1011 1
220 1003 1
2352 1030 1
1599 1061 1
3937 1072 1
3936 1167 1
2086 1339 1
1734 1426 1
3938 1435 1
314 1569 1
2965 1569 1
2473 1619 1
3527 1662 1
2801 2152 1
3116 1703 1
2034 637 1
2352 1688 1
3221 46 1
1810 2101 1
923 2147 1
3939 2153 1
3940 2154 1
3745 2155 1
3941 2156 1
2825 64 1
2825 1859 1
1376 847 1
2318 1921 1
3455 11 1
134 433 1
315 503 1
2081 577 1
2283 972 1
3154 1083 1
3942 1098 1
370 1147 1
3547 1156 1
3943 1391 1
2287 1443 1
134 1565 1
3884 167 1
3944 1661 1
741 1703 1
1162 637 1
2403 1764 1
3633 1962 1
3540 1919 1
967 65 1
711 2035 1
2287 2035 1
427 2135 1
235 41 1
3388 2148 1
1326 2157 1
3945 2158 1
1180 2159 1
2814 2106 1
3701 1462 1
1842 11 1
3522 429 1
3946 304 1
1838 424 1
1783 802 1
2302 882 1
1357 1022 1
3270 1098 1
2822 1345 1
3407 1443 1
1070 1500 1
1716 1565 1
3947 1565 1
3689 1569 1
3948 1569 1
3303 1577 1
3949 1713 1
1319 637 1
1044 1731 1
3713 1787 1
3950 44 1
3244 2128 1
3951 2135 1
3415 41 1
2719 41 1
3952 2156 1
414 1560 1
3041 2160 1
3462 1137 1
3934 334 1
3934 396 1
1483 566 1
3953 947 1
2659 952 1
3934 1217 1
3954 1083 1
3955 997 1
3328 992 1
3824 1339 1
3934 22 1
2824 1565 1
3215 1565 1
3892 1662 1
3934 1596 1
3328 1874 1
376 1983 1
3934 2029 1
3956 2104 1
3423 2161 1
3804 2162 1
1522 2163 1
2873 1921 1
239 110 1
244 149 1
3957 292 1
244 334 1
1176 396 1
989 446 1
244 624 1
1122 624 1
3215 630 1
244 790 1
2176 781 1
617 1061 1
2018 1345 1
898 1366 1
807 1443 1
3811 1443 1
617 1496 1
854 1565 1
1557 1776 1
3415 1858 1
3441 185 1
244 1996 1
3892 44 1
2176 2025 1
617 2086 1
3892 2070 1
3215 1335 1
3415 2164 1
2318 2165 1
3958 2165 1
3959 71 1
3959 120 1
2283 283 1
1562 283 1
2773 283 1
1140 540 1
1377 667 1
2858 755 1
1682 782 1
908 955 1
3540 956 1
3767 1005 1
3713 1033 1
3960 1060 1
1323 1061 1
3961 1098 1
2745 1345 1
1972 1408 1
3962 1443 1
3889 1253 1
244 1577 1
3963 1635 1
178 1661 1
982 637 1
3964 637 1
2916 1731 1
3198 1773 1
3474 46 1
1090 2035 1
3965 2065 1
3966 2104 1
3967 2104 1
1804 2145 1
2822 2135 1
3968 41 1
1246 2156 1
2873 2166 1
3847 2167 1
2975 2168 1
3488 2169 1
774 2170 1
3969 2171 1
3970 2172 1
1380 2173 1
3939 940 1
3971 120 1
2825 1462 1
1223 833 1
2607 503 1
2151 577 1
3330 624 1
1439 631 1
3972 463 1
3824 782 1
3056 802 1
3872 884 1
438 952 1
2374 1061 1
1131 1098 1
1404 1197 1
3042 1330 1
3588 1273 1
3973 1345 1
3303 1426 1
1832 1565 1
3026 1795 1
3974 1803 1
2133 1822 1
3087 1836 1
3975 1327 1
3663 1979 1
3976 2055 1
981 2072 1
3977 2072 1
2864 1152 1
2081 2128 1
3244 2128 1
2866 2174 1
3460 2146 1
3918 2143 1
3890 2170 1
859 2171 1
3974 2175 1
3872 2176 1
1084 2177 1
3362 2178 1
3507 2179 1
1970 1445 1
2297 11 1
200 292 1
2414 310 1
3926 956 1
3978 1057 1
3937 1072 1
315 1197 1
3884 1277 1
2291 1565 1
2647 1565 1
3979 1565 1
1627 1565 1
470 1569 1
3980 1569 1
3981 1569 1
2130 1664 1
2949 2152 1
552 1962 1
832 1967 1
3982 2035 1
1657 1883 1
438 1883 1
1972 1152 1
2381 2098 1
2323 2128 1
2097 2135 1
762 2135 1
3983 2135 1
2331 2164 1
667 2170 1
518 2180 1
778 1002 1
2813 2106 1
134 2181 1
134 2182 1
3984 2042 1
1703 217 1
3934 122 1
3985 577 1
2374 650 1
1703 1011 1
2320 1083 1
3043 1091 1
1326 1245 1
133 1366 1
1044 1438 1
1204 1079 1
3986 1443 1
3750 1569 1
2975 1635 1
1703 23 1
3987 1666 1
3024 1688 1
1335 1798 1
3348 1803 1
2597 2183 1
3456 2035 1
3988 2035 1
3989 2052 1
136 2052 1
2318 2074 1
2517 2184 1
375 2135 1
3990 2146 1
2814 2163 1
3939 2185 1
134 2186 1
2873 2187 1
2117 2188 1
2260 2189 1
2838 2189 1
2008 2123 1
2008 792 1
3423 115 1
3991 159 1
2434 268 1
269 11 1
3143 451 1
3804 577 1
1575 693 1
2659 790 1
3423 1217 1
3912 1083 1
3992 1057 1
3141 1245 1
3209 1366 1
3993 1391 1
2430 1426 1
3865 1518 1
1627 1565 1
3994 1569 1
2058 1575 1
2371 1577 1
1123 1752 1
3995 1764 1
3160 1836 1
1231 1838 1
3996 2007 1
3113 2052 1
3997 2062 1
3303 2072 1
872 41 1
2822 2171 1
1152 2190 1
3836 2191 1
2309 2192 1
3749 2193 1
1165 2194 1
3354 2195 1
3998 1386 1
3593 2196 1
3991 159 1
2250 188 1
3999 62 1
3890 245 1
279 292 1
4000 1357 1
3824 1569 1
3892 1575 1
1886 637 1
3532 1827 1
3892 1858 1
2170 362 1
2825 55 1
3681 2078 1
3824 1335 1
3892 41 1
4001 2166 1
4002 2189 1
3890 2194 1
2903 2197 1
3855 2198 1
4003 2199 1
3638 2200 1
1928 2201 1
4004 239 1
2336 245 1
2522 606 1
3056 2202 1
3854 1391 1
184 1443 1
617 1443 1
3854 2203 1
4005 1569 1
711 1962 1
4006 2072 1
4007 2134 1
2916 2135 1
4008 41 1
1056 2189 1
4009 2204 1
2114 2205 1
1312 2206 1
4010 217 1
3105 283 1
4011 272 1
3364 11 1
3281 11 1
4012 277 1
1452 781 1
3436 888 1
4013 954 1
4014 997 1
1018 997 1
1604 993 1
2058 1197 1
3430 1245 1
3284 1353 1
4015 1357 1
4012 29 1
628 1426 1
3422 1483 1
2647 1500 1
3453 1667 1
438 1990 1
1064 2135 1
1312 2135 1
4016 2138 1
3876 2204 1
3453 2207 1
4017 1765 1
3686 2208 1
3041 2209 1
2813 2210 1
2807 2210 1
2873 2211 1
1642 940 1
851 792 1
2873 133 1
971 217 1
3012 11 1
2207 331 1
2248 650 1
971 12 1
4018 12 1
1443 1061 1
3989 748 1
3518 1197 1
428 1334 1
2079 1334 1
3396 1345 1
1550 29 1
555 1253 1
2377 1565 1
2971 1565 1
2824 1569 1
3890 1569 1
2335 1858 1
1982 1612 1
4019 362 1
4020 362 1
1084 2023 1
3143 2035 1
2873 2074 1
4021 2074 1
892 2104 1
2575 2107 1
1960 2184 1
3939 2192 1
555 2212 1
923 2213 1
1828 2214 1
536 940 1
2083 1921 1
4022 1445 1
3508 2215 1
2314 11 1
428 446 1
438 1011 1
1231 12 1
711 12 1
1859 1061 1
213 1125 1
1859 1139 1
2540 1223 1
3703 1443 1
4023 1443 1
103 1539 1
2703 1565 1
4024 31 1
3265 1569 1
2106 1577 1
1871 1584 1
706 1584 1
2903 1584 1
485 1811 1
3791 637 1
4025 7 1
4026 1858 1
1859 1874 1
3388 2015 1
2560 1914 1
2766 1939 1
1859 1983 1
4027 46 1
4028 2035 1
225 41 1
501 2166 1
1380 2173 1
4029 2194 1
2325 2201 1
3348 940 1
1859 2216 1
3045 2217 1
2903 1820 1
4030 2218 1
2547 1462 1
65 1445 1
1187 172 1
3860 257 1
2770 292 1
851 447 1
3546 577 1
4031 432 1
2318 822 1
3507 846 1
3498 1330 1
4012 29 1
571 1426 1
310 1443 1
2770 1443 1
438 1503 1
1346 1520 1
2422 1253 1
2647 1719 1
3441 1565 1
3259 1565 1
1228 31 1
314 1569 1
3643 1569 1
1314 1569 1
3340 1698 1
3241 1585 1
4032 637 1
917 1770 1
3773 2031 1
541 2052 1
1972 2072 1
4031 2164 1
3979 2171 1
4033 2171 1
4002 2204 1
4034 2206 1
813 2212 1
2422 2212 1
1642 940 1
829 940 1
2332 2219 1
3340 2220 1
2814 2221 1
1681 2222 1
2864 2223 1
2405 2224 1
1084 2225 1
1572 2226 1
389 2227 1
2773 2228 1
2016 1757 1
4035 1921 1
3454 1921 1
1337 172 1
3038 245 1
4036 280 1
4037 280 1
4035 725 1
3682 503 1
136 624 1
1562 631 1
4038 650 1
4035 130 1
4016 432 1
4035 822 1
440 906 1
1443 12 1
3912 1083 1
4039 1091 1
4035 1231 1
4040 1391 1
4041 1443 1
765 1443 1
2978 1443 1
1179 1569 1
1790 1569 1
3728 1818 1
910 1835 1
2922 1855 1
2545 2000 1
1669 2108 1
438 2135 1
3198 2229 1
134 2230 1
536 2231 1
4042 2232 1
2075 2233 1
3252 2234 1
3252 2234 1
3252 2235 1
3859 2235 1
3526 1213 1
1669 2228 1
4043 53 1
3934 94 1
4044 137 1
4044 146 1
2472 188 1
595 11 1
123 11 1
2858 650 1
1334 432 1
3081 762 1
3056 802 1
3976 956 1
123 15 1
4044 1072 1
3933 1125 1
2821 1408 1
123 29 1
4045 1576 1
3021 1577 1
4046 1668 1
3934 37 1
123 65 1
3211 41 1
4047 2164 1
4048 2167 1
2176 2206 1
1876 2206 1
389 2227 1
1148 2236 1
3887 2228 1
3892 146 1
1095 331 1
4049 503 1
4050 606 1
1198 693 1
4051 693 1
1013 1034 1
3892 1072 1
2018 1345 1
807 1443 1
4026 637 1
4052 1876 1
1734 2009 1
4053 2035 1
2018 1883 1
1835 2135 1
233 2173 1
4054 2189 1
1316 2237 1
1013 2237 1
4055 2105 1
518 257 1
966 11 1
4056 503 1
3382 543 1
1439 631 1
3824 782 1
4057 831 1
2283 12 1
2283 12 1
1113 1083 1
2760 1197 1
4058 1245 1
1447 1565 1
1586 1565 1
3518 1565 1
1179 1569 1
2314 1569 1
19 1671 1
3308 1952 1
2261 2035 1
434 2062 1
485 2128 1
3415 2164 1
1198 2238 1
1205 2171 1
3621 2171 1
624 2192 1
1165 2194 1
1581 2239 1
1960 2239 1
1157 2240 1
4059 2241 1
4060 2242 1
2959 2243 1
3160 2244 1
2755 2245 1
1152 1002 1
3348 2246 1
4061 2247 1
1854 188 1
741 503 1
3009 979 1
2659 1061 1
2307 1245 1
3534 1254 1
790 1254 1
3303 1345 1
1443 1345 1
1790 1435 1
52 1565 1
2090 1698 1
4062 1601 1
1044 1731 1
4063 362 1
4064 362 1
1090 1996 1
2864 2086 1
4065 41 1
4066 2228 1
4000 2237 1
4067 2248 1
801 2249 1
4068 2250 1
2981 2251 1
3936 2252 1
4069 61 1
1554 11 1
4070 11 1
4069 495 1
4069 521 1
1231 781 1
4048 1022 1
2479 1273 1
2688 29 1
4071 1443 1
3682 1565 1
4012 1569 1
3265 1569 1
2371 1577 1
3415 1858 1
3566 37 1
4072 1967 1
3682 1968 1
368 65 1
3682 2135 1
4073 2135 1
1589 2204 1
724 2206 1
3406 1820 1
2670 2251 1
603 2253 1
1029 2254 1
3936 2255 1
4072 2256 1
2791 1445 1
438 283 1
2283 11 1
3686 310 1
4074 331 1
2479 579 1
3056 274 1
3686 631 1
1387 913 1
3829 1057 1
4075 1072 1
103 1072 1
3296 1254 1
2893 1344 1
3824 1339 1
3829 29 1
244 1438 1
3686 1443 1
40 1569 1
4063 1576 1
3686 1577 1
400 1577 1
244 637 1
3829 1956 1
3705 2086 1
1223 2137 1
4076 2135 1
3057 2164 1
4077 2164 1
4062 2160 1
4078 2257 1
3621 2171 1
3388 2180 1
1928 2189 1
244 2204 1
3630 2231 1
2903 2258 1
2903 2259 1
1063 2260 1
4075 1980 1
3865 2261 1
4079 2262 1
4080 2263 1
4081 159 1
3378 310 1
2248 650 1
2561 781 1
4082 782 1
2567 1197 1
2027 1245 1
2982 1345 1
2932 29 1
3313 1569 1
1550 1569 1
1389 1690 1
552 1962 1
2352 2264 1
2081 2073 1
167 2135 1
3303 2135 1
2565 2265 1
1187 2164 1
2211 2239 1
1554 11 1
546 310 1
1301 310 1
4083 872 1
2732 1242 1
2484 1330 1
2764 1408 1
4084 1426 1
762 1435 1
2732 1443 1
546 1565 1
4085 1565 1
3670 1577 1
2484 637 1
3854 1968 1
4086 2035 1
3900 2052 1
2813 2094 1
3936 2128 1
987 2164 1
4047 2164 1
2814 2163 1
3662 2229 1
4087 292 1
4088 527 1
4089 759 1
268 1057 1
1301 1042 1
1734 1426 1
647 1585 1
135 1874 1
1834 2003 1
1316 10 1
269 188 1
268 331 1
4090 579 1
884 952 1
3056 954 1
9 12 1
1990 1072 1
3013 1254 1
2477 1569 1
617 637 1
617 2086 1
4091 2052 1
1312 2116 1
617 2204 1
3002 2266 1
2522 2267 1
1307 2268 1
3871 1921 1
680 76 1
1664 292 1
1461 334 1
3871 577 1
3008 432 1
2522 766 1
3218 1072 1
4092 1072 1
136 1072 1
4083 1295 1
2374 1565 1
135 1569 1
91 1575 1
4093 2269 1
2813 2007 1
701 2035 1
438 2035 1
4094 2035 1
4095 2150 1
3900 2204 1
1265 2270 1
4096 2271 1
4097 2272 1
4098 2273 1
226 117 1
2155 11 1
908 11 1
778 311 1
4099 693 1
3186 952 1
4100 1076 1
4101 1254 1
4102 2202 1
4103 1426 1
325 1503 1
2130 1876 1
1657 1962 1
1682 1990 1
90 1990 1
1452 2135 1
375 2238 1
1743 2204 1
1312 2206 1
2903 2259 1
3252 2274 1
4100 2275 1
3252 2276 1
4104 2277 1
4031 2278 1
4105 2279 1
813 2273 1
998 1462 1
4106 149 1
385 156 1
1630 35 1
3209 245 1
495 503 1
4107 579 1
2761 650 1
4107 275 1
1029 956 1
1231 12 1
2283 12 1
3912 1083 1
2130 1197 1
4002 1204 1
4101 1254 1
4107 2202 1
3134 1569 1
613 1876 1
2430 2086 1
1312 2086 1
3340 2114 1
2385 2198 1
4108 2234 1
2320 2228 1
1581 2279 1
2463 2280 1
1223 2281 1
2903 2282 1
4107 2283 1
4109 2284 1
268 144 1
3892 292 1
4012 277 1
4110 331 1
1389 523 1
3714 577 1
4111 714 1
3211 979 1
3865 1076 1
1201 1076 1
4112 1076 1
3892 1204 1
1790 1435 1
3892 1565 1
1020 1569 1
4113 1569 1
1550 1569 1
711 1569 1
977 1619 1
2669 1758 1
1231 1838 1
2291 1858 1
573 1876 1
3836 1978 1
3892 2086 1
3892 2045 1
4114 2135 1
1630 2198 1
3892 2245 1
4115 2261 1
2822 2285 1
3836 2286 1
2325 2287 1
2081 2288 1
3348 2289 1
1077 45 1
4106 258 1
3719 156 1
4106 443 1
3884 577 1
3280 782 1
2163 952 1
2130 1072 1
2980 1072 1
667 748 1
2566 1173 1
4116 1434 1
2130 1500 1
2371 1565 1
884 1565 1
3021 1577 1
2566 2152 1
4117 37 1
3633 1883 1
3759 41 1
1960 2279 1
1809 2290 1
4118 2291 1
3936 2292 1
389 2293 1
4104 1142 1
4119 1292 1
4000 1357 1
3759 29 1
4100 1079 1
4120 1569 1
4121 1585 1
1268 1866 1
4122 2104 1
617 2223 1
2067 2292 1
1103 2294 1
4100 2295 1
4123 2296 1
3558 2297 1
2773 72 1
3701 1462 1
3955 11 1
495 503 1
4056 503 1
2352 424 1
2589 624 1
311 802 1
2903 810 1
2332 906 1
4124 931 1
1077 954 1
1125 1011 1
2320 1083 1
2428 1057 1
4125 1173 1
3026 1223 1
2099 29 1
3303 1426 1
3104 1438 1
3558 1255 1
1168 1469 1
220 1469 1
2773 1565 1
438 1569 1
40 1569 1
3782 1569 1
3453 1635 1
2772 637 1
4010 1764 1
438 1990 1
2565 2101 1
2089 2128 1
4126 2135 1
2302 2163 1
3610 2229 1
2813 2210 1
4127 2227 1
706 2258 1
2434 2277 1
2521 2296 1
2315 2298 1
1575 2299 1
1690 2300 1
4128 2301 1
2352 1613 1
438 283 1
714 11 1
1604 310 1
4129 624 1
711 1011 1
136 986 1
2616 1035 1
4101 1057 1
3854 748 1
1643 1197 1
2982 1345 1
3992 29 1
470 1426 1
184 1443 1
924 1443 1
1151 1520 1
3686 1577 1
4130 23 1
3404 1967 1
2616 1970 1
4131 2001 1
1151 2086 1
2203 216 1
3473 1335 1
3042 41 1
2516 2160 1
1084 2302 1
4132 2303 1
3120 2304 1
4133 847 1
3610 579 1
182 650 1
4134 12 1
4106 1034 1
4135 1057 1
1443 1061 1
770 1119 1
3409 1254 1
2688 29 1
911 1443 1
2150 1443 1
4136 1443 1
1070 1500 1
2822 1520 1
3589 1569 1
711 1569 1
2181 1577 1
4137 1619 1
3340 1635 1
4138 1635 1
4042 1835 1
2181 1962 1
4139 2086 1
4140 2035 1
4141 41 1
4142 2171 1
3621 2171 1
1589 2204 1
4143 2105 1
294 2288 1
2858 2303 1
881 2305 1
4144 2306 1
4145 2307 1
4145 2308 1
4146 227 1
2434 257 1
2314 11 1
1713 11 1
4138 291 1
1829 546 1
4146 577 1
1187 1083 1
1790 1435 1
1825 1443 1
1346 1469 1
851 1518 1
2291 1565 1
884 1565 1
503 1569 1
4147 1569 1
2371 1577 1
2170 167 1
4148 7 1
311 2035 1
1572 2128 1
4149 2171 1
4150 2173 1
1301 2206 1
1828 2223 1
4151 2309 1
1007 2105 1
3017 2251 1
1319 2310 1
3518 2310 1
389 2293 1
3252 2311 1
4152 2306 1
4153 2312 1
2245 2313 1
1445 2314 1
2016 186 1
2150 283 1
2773 272 1
3693 11 1
2120 446 1
3211 577 1
495 650 1
3912 1083 1
4154 96 1
3992 1071 1
4155 1072 1
4151 1204 1
3764 1426 1
765 1443 1
3864 1443 1
4156 1255 1
4157 1253 1
3518 1565 1
2031 1619 1
3936 1660 1
2702 1833 1
244 1876 1
2767 1898 1
2081 2016 1
2840 2035 1
4120 2035 1
4158 2035 1
3747 2128 1
4159 41 1
3141 2177 1
3802 2204 1
181 2204 1
3125 2315 1
3252 2316 1
4160 2317 1
2745 188 1
2744 188 1
1051 229 1
4011 272 1
113 11 1
1486 11 1
583 277 1
929 446 1
884 1443 1
1486 1443 1
4161 1543 1
4011 1603 1
854 1795 1
2560 1952 1
3461 1983 1
4161 2043 1
3682 2135 1
4161 2149 1
4161 1002 1
4161 458 1
4162 2318 1
4161 2319 1
4161 2320 1
4161 2321 1
4161 2322 1
2975 2323 1
2989 2324 1
3798 2325 1
4048 227 1
2321 283 1
2719 292 1
2426 884 1
2867 1060 1
1051 573 1
807 1443 1
2978 1443 1
4044 1569 1
4044 1618 1
4163 7 1
3136 1874 1
2719 1983 1
1018 2072 1
4073 2135 1
2263 41 1
4047 2164 1
376 2204 1
4164 2207 1
911 2234 1
849 2105 1
4165 2105 1
4125 2272 1
1191 2326 1
4166 2327 1
4048 2328 1
3423 2329 1
177 1462 1
555 199 1
4154 241 1
4063 512 1
1436 523 1
4112 424 1
2033 385 1
2316 1496 1
4167 1565 1
1443 1565 1
3862 1569 1
555 1623 1
971 1795 1
4168 7 1
53 1876 1
4105 1977 1
3318 2052 1
625 2135 1
3125 2171 1
2934 2171 1
1165 2194 1
1763 2315 1
1982 2330 1
2315 2331 1
911 2332 1
1387 2333 1
2772 2334 1
4105 847 1
1269 199 1
4169 11 1
3143 503 1
4170 523 1
2761 650 1
1387 463 1
1387 956 1
400 1197 1
4171 1292 1
4115 1518 1
1550 1565 1
2665 1569 1
2371 1577 1
4172 1702 1
1152 1786 1
2150 1962 1
2261 2035 1
2726 2035 1
1790 2115 1
4173 2115 1
1443 2171 1
3992 2223 1
4171 2276 1
1007 2279 1
2067 2292 1
2119 2335 1
2184 2336 1
1666 2337 1
3143 2338 1
1960 2339 1
2132 2340 1
4174 2284 1
4154 111 1
3423 89 1
805 331 1
3686 631 1
3856 630 1
2394 979 1
4175 1443 1
1301 1520 1
1314 1565 1
4176 31 1
1486 1569 1
813 1623 1
4177 1671 1
53 1916 1
4063 1952 1
2864 2035 1
4178 2104 1
1597 2128 1
3865 2128 1
225 41 1
3400 2140 1
4155 2173 1
689 2123 1
4179 2328 1
911 2332 1
3340 2341 1
3546 2342 1
3782 2343 1
2814 1995 1
3759 1462 1
4180 89 1
1436 89 1
617 188 1
4181 11 1
3892 331 1
294 549 1
294 549 1
1516 577 1
479 424 1
3892 624 1
3056 802 1
4182 954 1
3063 979 1
2320 1083 1
2772 1197 1
4183 1223 1
4183 910 1
2008 1368 1
495 1390 1
4184 1398 1
4185 1435 1
4186 1500 1
4187 1503 1
2772 1539 1
3213 1253 1
3892 1565 1
1516 1569 1
4129 1569 1
724 1575 1
2772 1618 1
1516 1811 1
1516 2046 1
136 637 1
2772 1858 1
2772 34 1
778 1631 1
857 2035 1
1617 2035 1
4183 2052 1
3400 2060 1
2228 2089 1
2901 2104 1
3913 2135 1
3911 2228 1
2352 2270 1
2772 2310 1
4188 2343 1
3348 2344 1
1956 2345 1
3377 2346 1
389 2347 1
4189 144 1
3928 156 1
1585 11 1
4190 630 1
1183 630 1
1664 781 1
4107 275 1
2885 466 1
2659 952 1
2428 1057 1
503 993 1
3892 1223 1
4191 1353 1
2150 1390 1
4190 1434 1
1307 1443 1
542 1520 1
4190 1569 1
2880 1698 1
3844 1858 1
4190 1874 1
4190 1985 1
4192 1631 1
3415 2086 1
2850 2053 1
59 2053 1
4193 2098 1
762 2135 1
2283 2340 1
612 2348 1
552 2349 1
4179 2350 1
3415 1947 1
4194 2351 1
3931 2352 1
3443 375 1
2873 227 1
4195 241 1
4196 292 1
1608 740 1
2403 613 1
3365 965 1
4197 25 1
1447 1197 1
2130 1520 1
3141 1253 1
2323 1585 1
3682 1883 1
4155 2070 1
2323 2128 1
713 2135 1
1183 41 1
3539 2164 1
4047 2164 1
4198 2167 1
1554 6 1
554 272 1
2870 292 1
4199 829 1
3043 1254 1
3550 1565 1
315 1983 1
4200 2001 1
4201 2035 1
3887 2108 1
1130 2171 1
1221 2123 1
9 2353 1
1834 2331 1
1763 2349 1
3858 2354 1
4202 1921 1
4203 1462 1
2016 186 1
4204 283 1
583 521 1
2703 631 1
2561 781 1
4205 1060 1
495 1084 1
4104 1142 1
4206 1181 1
790 1254 1
807 1443 1
4140 1443 1
220 1469 1
1523 1565 1
617 1569 1
1630 1585 1
98 1671 1
2772 1804 1
2922 1833 1
617 2086 1
438 1883 1
4207 2115 1
2027 2128 1
3610 2164 1
709 2170 1
1589 2204 1
3311 2105 1
2703 2315 1
2033 2342 1
4099 2355 1
4208 2356 1
4209 2357 1
689 2358 1
797 2359 1
4210 2360 1
4211 2361 1
4212 1462 1
3323 1445 1
4190 245 1
1713 11 1
4213 624 1
1102 650 1
1223 666 1
2332 1057 1
3764 1254 1
4214 1390 1
2429 1426 1
3370 1500 1
4215 1968 1
3244 2128 1
783 2149 1
3654 2167 1
1228 2170 1
4127 2227 1
3667 2310 1
1326 2302 1
706 2362 1
4192 2362 1
1931 2363 1
4216 2340 1
2825 2364 1
965 2365 1
1642 2366 1
2119 2367 1
4217 2368 1
4171 2369 1
4171 2370 1
3936 2371 1
923 2372 1
1223 2373 1
4218 2374 1
783 2375 1
3936 2252 1
3796 1757 1
2027 2376 1
4219 1462 1
2659 245 1
3388 257 1
4104 291 1
4049 503 1
4179 577 1
347 650 1
3416 882 1
4220 1060 1
4221 993 1
4141 993 1
1443 1345 1
2607 1443 1
3067 1518 1
4222 1575 1
3686 1577 1
4223 1857 1
4155 362 1
714 2052 1
4224 2104 1
3865 2119 1
2575 2134 1
3522 2167 1
3056 2229 1
3388 2212 1
1498 2105 1
3682 2105 1
1871 2362 1
2323 2371 1
4225 2377 1
3252 2378 1
2081 2379 1
4197 2380 1
3423 2381 1
550 2382 1
3558 1989 1
2264 2383 1
3140 2384 1
4044 137 1
4226 127 1
4181 11 1
4226 277 1
4227 503 1
1314 521 1
3431 882 1
3163 979 1
4228 1391 1
2094 1402 1
3621 1426 1
1246 1426 1
2429 1435 1
1790 1435 1
4229 1443 1
4170 1469 1
4192 1543 1
2458 1569 1
375 1577 1
4044 1618 1
4044 1618 1
2718 1824 1
4226 7 1
1246 1916 1
4230 362 1
2858 1968 1
2858 2035 1
4231 2035 1
4145 2060 1
3198 2164 1
3143 2206 1
4232 2105 1
4233 2308 1
4234 2321 1
3668 2385 1
4063 2386 1
4235 2360 1
2565 2387 1
4236 1462 1
2336 245 1
4237 11 1
2873 543 1
2873 413 1
4238 666 1
4183 952 1
3807 1014 1
4183 1330 1
2923 1435 1
701 1443 1
1443 1443 1
1550 1565 1
4239 1661 1
2873 1952 1
91 2086 1
3479 2062 1
2283 2072 1
4104 2078 1
2873 2133 1
872 41 1
1162 2171 1
4217 2368 1
1763 2381 1
4240 2388 1
2315 2389 1
881 2390 1
2873 2391 1
530 2392 1
3747 2252 1
328 2393 1
4030 2080 1
2138 11 1
528 631 1
4241 906 1
4242 1217 1
3043 1035 1
3186 1057 1
305 471 1
2821 1438 1
1115 1438 1
597 1569 1
503 1569 1
1191 2164 1
100 2204 1
4243 2206 1
332 2223 1
3423 2381 1
332 2394 1
4208 2395 1
1618 2396 1
2767 137 1
235 188 1
3913 331 1
4244 606 1
1188 573 1
1202 1408 1
4245 1443 1
4246 1569 1
2825 1575 1
2484 637 1
3682 1883 1
4247 2052 1
3532 2397 1
259 2105 1
4248 2353 1
617 2381 1
3532 2398 1
4126 283 1
113 11 1
2447 398 1
3028 404 1
3610 579 1
4249 587 1
4250 626 1
4251 631 1
4251 722 1
625 781 1
4252 884 1
4253 466 1
4251 952 1
4107 1083 1
4126 1035 1
4154 1060 1
1404 1197 1
4040 1391 1
1307 1402 1
4254 29 1
807 1443 1
2371 1577 1
101 1731 1
4254 1786 1
3065 1804 1
3191 1983 1
4251 1883 1
4255 2399 1
4069 41 1
4251 2400 1
554 2164 1
3640 1560 1
3802 2204 1
2864 2223 1
701 2223 1
708 2270 1
389 2293 1
3028 2315 1
4256 2368 1
3415 2401 1
4257 2402 1
3252 2403 1
3382 227 1
2207 331 1
1204 446 1
924 650 1
2248 650 1
2308 722 1
3610 882 1
1485 954 1
103 1039 1
2434 1142 1
495 1426 1
2978 1443 1
3989 1469 1
3009 1565 1
3761 2046 1
3009 637 1
4258 2404 1
2575 2405 1
103 2222 1
4018 2223 1
3406 1820 1
4259 2251 1
4260 2340 1
479 2390 1
1063 2406 1
3252 2407 1
4261 2408 1
935 2409 1
4262 2410 1
226 2411 1
4263 2412 1
3889 2413 1
4264 1613 1
4265 2284 1
2873 117 1
1763 324 1
4039 722 1
1122 1197 1
2885 1518 1
1649 1546 1
2647 1565 1
90 1569 1
3590 1569 1
244 1575 1
2873 2046 1
2873 1737 1
3663 1979 1
4266 2035 1
4267 2052 1
583 2167 1
90 2204 1
1956 2207 1
1066 2105 1
1845 2315 1
1956 2345 1
3947 2381 1
4268 2387 1
4269 2414 1
923 2415 1
4270 2416 1
2902 1340 1
3423 14 1
628 2417 1
4271 1445 1
865 630 1
3186 722 1
4272 463 1
3558 766 1
4273 766 1
4274 888 1
4275 954 1
3348 1094 1
1258 993 1
1629 1357 1
3403 1253 1
1479 1569 1
4276 1569 1
1269 1698 1
625 1731 1
4277 2418 1
4007 2405 1
4120 2105 1
2768 1980 1
667 2315 1
510 2419 1
3997 2420 1
552 2421 1
1070 137 1
4278 1462 1
4279 2422 1
4099 952 1
4280 1035 1
4281 1060 1
4203 1072 1
244 1084 1
52 1091 1
244 1223 1
244 1390 1
628 1426 1
4279 1434 1
3718 1660 1
4282 1702 1
4168 7 1
4283 7 1
244 1990 1
1382 362 1
1457 2035 1
3026 2070 1
4284 2104 1
3417 2135 1
272 2265 1
3911 2164 1
4285 1820 1
4286 2411 1
3761 2423 1
1140 2424 1
832 2425 1
4281 2382 1
4108 2426 1
3423 1340 1
1960 2427 1
2821 137 1
4099 461 1
3328 521 1
2814 606 1
4287 631 1
2388 822 1
9 12 1
3887 1083 1
1223 173 1
4288 1112 1
4289 1426 1
1132 1811 1
2319 37 1
3972 778 1
1834 2128 1
1064 2135 1
2307 2397 1
2934 2171 1
4290 2171 1
4288 2245 1
617 2381 1
3240 2391 1
4291 2428 1
2203 2429 1
3141 2430 1
4292 2431 1
4293 2432 1
4294 11 1
4295 11 1
3791 503 1
3580 822 1
4296 956 1
1761 1217 1
315 979 1
184 1223 1
1761 1223 1
4297 1345 1
4191 1345 1
2036 1509 1
3183 1824 1
4298 362 1
1314 2086 1
4191 2171 1
2825 2105 1
2121 2105 1
1307 2253 1
4104 2290 1
3415 2381 1
4299 2433 1
1326 2434 1
4300 2284 1
555 199 1
555 199 1
1136 11 1
2314 11 1
4301 11 1
3415 356 1
617 356 1
1379 521 1
1125 1011 1
1140 1112 1
4302 1112 1
807 1443 1
4303 1443 1
1790 1443 1
187 1565 1
314 1569 1
895 1771 1
3400 1771 1
1452 1916 1
4216 2035 1
4304 2052 1
3244 2128 1
2983 2135 1
530 2135 1
4076 2171 1
2119 2405 1
4305 2105 1
3143 2340 1
3340 2345 1
4306 2360 1
4307 2368 1
1761 2419 1
706 2435 1
2955 2436 1
2081 2437 1
4308 2351 1
3686 2438 1
103 2439 1
3033 2440 1
4105 2441 1
4309 11 1
4101 503 1
4249 587 1
4107 274 1
2761 650 1
98 12 1
989 1173 1
4310 1408 1
4311 1426 1
4183 1443 1
1531 1479 1
1443 1565 1
2410 1698 1
2371 1577 1
4311 637 1
3184 1771 1
1617 1838 1
2659 2442 1
4289 1961 1
229 1883 1
4312 2443 1
3105 2135 1
2614 2167 1
4313 2229 1
2316 2201 1
3887 2228 1
989 2270 1
650 2259 1
4314 2340 1
518 2420 1
1125 2444 1
4315 2445 1
4316 2446 1
4172 2447 1
3824 1340 1
4317 2448 1
3222 2449 1
3270 2449 1
4318 2449 1
2450 2449 1
4319 11 1
4216 331 1
1334 275 1
4320 993 1
4321 1398 1
2570 29 1
4251 1503 1
4251 892 1
4322 362 1
4323 2086 1
3824 1335 1
2565 2104 1
4251 2135 1
235 41 1
3042 2204 1
2067 2292 1
1617 2315 1
3027 2345 1
4324 2360 1
4235 2360 1
3323 2387 1
2708 2444 1
1502 2450 1
1096 2451 1
4288 2452 1
4325 2453 1
4326 2454 1
1813 2431 1
3686 217 1
1011 11 1
2155 11 1
3051 11 1
4278 11 1
4327 310 1
3051 632 1
4328 722 1
4107 803 1
3610 275 1
4011 1083 1
4279 1116 1
2764 1197 1
1794 1197 1
1794 910 1
4329 1414 1
4328 1503 1
1794 1539 1
3285 1719 1
4330 1569 1
3402 1689 1
2283 1776 1
3916 2035 1
3686 2143 1
1227 2164 1
389 2227 1
4050 2279 1
3285 2315 1
4235 2360 1
2500 2455 1
4331 2411 1
790 2444 1
4111 2456 1
3936 2252 1
3936 2457 1
3319 2458 1
4332 2459 1
3638 2460 1
1376 2461 1
2934 1340 1
4174 2462 1
2016 186 1
113 292 1
3407 630 1
1830 630 1
3286 650 1
960 463 1
960 1094 1
3286 1057 1
2688 29 1
2051 1426 1
4205 1443 1
3441 1565 1
3848 1569 1
3755 1661 1
328 2035 1
3466 2340 1
2132 2340 1
4333 2360 1
3252 2378 1
1763 2419 1
935 2456 1
2667 2463 1
4274 2464 1
4334 2465 1
1815 1340 1
638 1921 1
4104 507 1
3713 507 1
1384 245 1
4335 1515 1
4249 587 1
4336 855 1
1334 275 1
1617 12 1
4337 1197 1
1815 1197 1
4191 1353 1
1815 1408 1
4338 1443 1
813 1495 1
3311 1565 1
3021 1577 1
4336 637 1
4336 1795 1
332 2442 1
3135 2442 1
3775 1962 1
4336 34 1
844 65 1
2825 2204 1
1218 2206 1
4339 2466 1
4063 2467 1
4340 2468 1
4341 2284 1
2719 292 1
3056 802 1
4342 879 1
4343 1011 1
1586 1390 1
2675 1426 1
4344 1552 1
3572 2206 1
2394 2315 1
311 2315 1
1326 2345 1
1316 2453 1
1654 2469 1
4345 2470 1
2323 1921 1
3043 283 1
4346 283 1
1531 11 1
4347 11 1
3677 11 1
2394 292 1
971 356 1
3144 624 1
4185 781 1
4185 796 1
4031 954 1
3407 993 1
2665 1390 1
497 1469 1
2816 1552 1
4348 1565 1
90 1569 1
4032 637 1
3388 2052 1
1871 2315 1
706 2315 1
2903 2315 1
3043 2340 1
4190 2360 1
1201 2390 1
706 2435 1
2394 2435 1
2479 2445 1
2550 2453 1
2816 2464 1
2903 2469 1
3935 2471 1
2352 2472 1
1928 2473 1
4349 2474 1
1111 1445 1
1240 257 1
2027 11 1
774 292 1
579 292 1
3466 631 1
3689 630 1
2402 673 1
4350 952 1
4351 986 1
4352 1005 1
4107 615 1
4353 1254 1
3260 910 1
4354 1353 1
2953 1426 1
100 1443 1
2086 1443 1
1294 1479 1
1443 1565 1
2371 1577 1
1231 1577 1
28 1661 1
1794 637 1
3253 1824 1
4355 2035 1
872 41 1
2402 2239 1
2885 2291 1
2824 2315 1
4356 2475 1
4101 2340 1
2283 2340 1
813 2345 1
4357 2346 1
4357 2346 1
2170 2391 1
4344 2406 1
3610 2445 1
2659 2458 1
3198 2471 1
2402 2476 1
2402 2477 1
1960 2478 1
2864 2479 1
706 2480 1
1483 2481 1
2402 2482 1
4358 120 1
268 144 1
4304 188 1
4110 331 1
4359 503 1
4359 505 1
4359 630 1
3823 888 1
103 1011 1
924 1443 1
2649 1633 1
4075 1569 1
136 1569 1
2203 1752 1
4359 1795 1
870 1824 1
4359 1856 1
4359 1874 1
4358 1898 1
2983 2135 1
4359 41 1
4360 2397 1
2824 2362 1
2394 2362 1
1699 2386 1
2934 2455 1
552 2421 1
4361 2445 1
4362 2453 1
1721 2471 1
1638 2483 1
3252 2484 1
2141 1921 1
2237 1462 1
4278 1462 1
4363 1445 1
269 188 1
3693 188 1
3456 11 1
4076 12 1
4364 1005 1
2428 1057 1
4365 1345 1
3643 1390 1
4359 1443 1
4314 1503 1
874 1253 1
617 1565 1
72 1569 1
4366 1618 1
3719 1618 1
3760 1713 1
4339 1898 1
4367 1970 1
325 2135 1
4280 2167 1
4116 2167 1
3553 2371 1
2076 2471 1
3610 2471 1
4368 2485 1
813 2398 1
4369 2486 1
2873 862 1
3936 2487 1
4370 2488 1
113 11 1
400 11 1
4371 11 1
3443 545 1
3804 362 1
4116 2167 1
4142 2171 1
19 2309 1
4372 2389 1
4373 2421 1
1334 2471 1
774 2480 1
1191 2489 1
4374 2490 1
1334 2491 1
4375 2417 1
1183 1462 1
1011 11 1
4106 280 1
4249 587 1
4352 953 1
929 1173 1
4376 1531 1
4377 1569 1
501 1576 1
4378 1671 1
91 2086 1
4205 2167 1
19 2343 1
1337 2492 1
1761 2493 1
4379 1462 1
1064 356 1
617 356 1
3270 463 1
4380 1822 1
4026 1874 1
9 2167 1
3370 2343 1
3931 2346 1
1064 2438 1
1554 238 1
4381 238 1
1516 2284 1
4174 2494 1
2873 102 1
434 2215 1
4382 11 1
2207 331 1
884 356 1
3143 503 1
4383 822 1
3944 952 1
2320 1083 1
2574 1565 1
2873 1576 1
1701 167 1
4384 637 1
4361 1824 1
2873 362 1
4385 362 1
3126 1970 1
3610 1883 1
3790 2069 1
3913 2135 1
4107 2229 1
4386 2204 1
790 2292 1
3252 2311 1
3143 2340 1
4387 2368 1
4304 2381 1
2394 2480 1
832 2495 1
1375 2496 1
3848 2482 1
495 1462 1
2283 1462 1
446 199 1
579 292 1
833 666 1
1455 831 1
4101 952 1
4388 988 1
1455 1090 1
4389 1443 1
1743 1565 1
1688 1758 1
3385 1806 1
4390 1889 1
4391 2086 1
1809 2397 1
3044 2497 1
3665 2207 1
2816 2368 1
3932 2460 1
4352 42 1
971 1877 1
4392 2427 1
1516 2498 1
2642 72 1
1854 188 1
4393 11 1
4261 331 1
2248 650 1
2340 882 1
4394 954 1
3423 1112 1
3306 1121 1
583 1426 1
4012 1443 1
2817 1253 1
3313 1661 1
1231 1838 1
4368 1905 1
4267 1978 1
4395 1985 1
1845 2035 1
52 2035 1
3662 2229 1
924 2204 1
4396 2346 1
2502 2360 1
4397 2374 1
2315 2379 1
1666 2421 1
4313 2445 1
3198 2445 1
4398 2445 1
4399 2499 1
3252 2500 1
4400 2501 1
3228 2502 1
4263 2503 1
1813 2384 1
4401 120 1
1389 1462 1
3050 144 1
4402 11 1
1713 11 1
594 424 1
4313 717 1
3654 953 1
1790 12 1
2016 12 1
3038 1057 1
4403 1060 1
1443 1061 1
4401 1299 1
4374 1518 1
971 1719 1
608 1661 1
1722 2270 1
3798 2325 1
4369 2346 1
4404 2445 1
3638 2460 1
4234 2460 1
4235 2478 1
4257 792 1
4063 2504 1
4131 2505 1
4405 2506 1
4406 2507 1
3578 1989 1
4289 1340 1
4407 2494 1
2825 18 1
1854 1462 1
2955 483 1
4408 483 1
4409 587 1
870 1223 1
2659 1443 1
3232 1469 1
4410 1479 1
3719 1856 1
617 2070 1
2560 2128 1
4411 2135 1
2955 2411 1
322 2508 1
3252 2509 1
4412 2510 1
2807 2511 1
2051 2512 1
3252 2513 1
2176 238 1
376 12 1
4375 471 1
4413 1426 1
184 1569 1
3021 1577 1
3056 1902 1
2209 1916 1
4414 2035 1
4415 2387 1
3936 2438 1
428 2456 1
1334 2471 1
2081 2495 1
1960 2514 1
3607 2515 1
3056 2516 1
917 803 1
3887 803 1
2767 986 1
4379 1005 1
1763 1426 1
4416 1661 1
2719 41 1
4417 2189 1
3186 2206 1
1118 2105 1
4396 2346 1
3423 2381 1
3443 2420 1
4105 847 1
2814 2517 1
907 356 1
1960 705 1
1552 729 1
3143 781 1
1050 781 1
226 829 1
4313 275 1
4086 1057 1
2589 1330 1
4418 573 1
4419 1426 1
1498 1435 1
184 1443 1
807 1443 1
3296 1443 1
4420 1443 1
4075 1569 1
594 1635 1
4421 1670 1
592 637 1
442 1731 1
3013 1731 1
4068 1769 1
4422 1889 1
617 2070 1
4423 2381 1
4269 2460 1
479 2518 1
4424 2519 1
4425 2520 1
4368 2521 1
4269 2522 1
1346 2523 1
4238 2524 1
4174 2462 1
2572 188 1
4352 188 1
4426 239 1
2540 11 1
4427 292 1
1532 655 1
4101 503 1
1334 275 1
3503 1011 1
3887 1083 1
3186 1057 1
4278 1061 1
4352 1339 1
637 29 1
90 1569 1
1029 1771 1
1871 1786 1
19 1804 1
4428 1874 1
4148 34 1
3209 1970 1
2120 2098 1
4429 2135 1
2825 2204 1
4427 2292 1
1931 2525 1
4312 2526 1
4430 2527 1
4431 2528 1
2766 2529 1
2708 2530 1
778 2531 1
4432 2532 1
4433 374 1
4434 240 1
4313 274 1
3135 631 1
2739 650 1
3340 1495 1
802 1520 1
4274 1569 1
4385 1576 1
4418 1663 1
4435 1702 1
4436 1702 1
802 1795 1
1629 1970 1
4401 124 1
1183 41 1
1316 2497 1
802 2533 1
4386 2204 1
135 2337 1
344 2386 1
802 2349 1
802 2381 1
3369 2387 1
1316 2534 1
802 2534 1
1554 2534 1
2864 2528 1
4352 2535 1
4437 2536 1
4418 2537 1
3496 89 1
2016 186 1
235 188 1
714 11 1
2051 310 1
2934 310 1
4435 324 1
1763 626 1
2360 952 1
785 1059 1
1531 1479 1
3518 1565 1
3311 1569 1
4129 1569 1
3997 1623 1
226 1811 1
3997 1963 1
4438 2035 1
1763 2035 1
3997 2078 1
1218 2135 1
2870 2265 1
2283 2497 1
3578 2387 1
552 2421 1
2081 2428 1
4352 2444 1
328 2538 1
1312 2538 1
3186 2538 1
3265 2525 1
1931 2525 1
4439 2524 1
1228 2535 1
4440 2536 1
1790 2539 1
4441 2540 1
2873 2541 1
544 2542 1
4442 149 1
2079 444 1
4443 624 1
3056 802 1
4107 275 1
930 12 1
4444 1094 1
2059 1083 1
4445 1269 1
4446 1353 1
772 1366 1
1162 1426 1
2208 1426 1
2814 1518 1
4447 1546 1
600 1565 1
3378 1569 1
2820 1569 1
4430 1576 1
3936 1661 1
2283 1776 1
4374 1835 1
4101 1970 1
485 2001 1
2121 2086 1
2825 41 1
4445 2387 1
1084 2420 1
4448 2471 1
305 2538 1
2873 2543 1
4063 2544 1
3096 2545 1
4449 2546 1
3977 2547 1
4450 144 1
311 188 1
4451 417 1
664 483 1
4452 599 1
4435 1402 1
2484 1426 1
4453 1585 1
3026 1618 1
4155 362 1
4454 2264 1
4455 2035 1
4456 2098 1
3775 2135 1
4457 41 1
2027 2548 1
4458 2391 1
3186 2444 1
4104 2549 1
4459 2550 1
4433 2551 1
4375 1340 1
3820 71 1
4428 188 1
4460 193 1
4241 193 1
4461 461 1
3443 508 1
4462 1011 1
4462 1633 1
1531 1569 1
701 1569 1
3240 167 1
4463 1758 1
4155 1857 1
3607 2121 1
3729 2210 1
4464 6 1
376 6 1
4462 2444 1
1502 2552 1
1502 2553 1
4264 2554 1
4155 2555 1
2592 87 1
1816 2556 1
3414 72 1
1815 1462 1
1960 2042 1
2592 188 1
2744 188 1
4465 193 1
3640 331 1
4383 483 1
2592 979 1
3043 1091 1
3721 1633 1
4466 1633 1
3686 1577 1
2592 1723 1
4427 2018 1
1326 2397 1
1316 2315 1
2592 2337 1
3013 2547 1
4289 2555 1
3156 2557 1
3967 2558 1
3460 72 1
1443 356 1
1269 443 1
4205 953 1
833 1163 1
2786 1223 1
4467 1223 1
4468 1371 1
765 1443 1
3186 1443 1
4101 1503 1
4469 1518 1
3944 1731 1
2457 1758 1
1218 1876 1
2986 362 1
4470 2135 1
181 41 1
4116 2167 1
4205 2167 1
3143 2497 1
4471 2251 1
4472 2276 1
1666 2315 1
2036 2559 1
4473 2387 1
870 2492 1
1485 2471 1
3935 2471 1
706 2560 1
1259 2561 1
4154 2562 1
4474 2563 1
4467 2564 1
4475 2470 1
1585 11 1
4104 291 1
4476 331 1
4477 822 1
3348 1094 1
4476 1254 1
3254 1254 1
1045 1366 1
1790 1435 1
3324 1569 1
4183 1569 1
1314 1569 1
4348 1569 1
832 2046 1
3800 1758 1
3616 1838 1
3884 362 1
4478 2035 1
4476 2135 1
790 2135 1
195 2565 1
1874 2566 1
4479 2430 1
1179 2567 1
4480 2471 1
723 2538 1
617 2538 1
4160 2557 1
1223 2561 1
2814 2568 1
4418 2569 1
4476 2570 1
947 2571 1
4418 2572 1
832 2573 1
1628 2574 1
4352 2470 1
1677 193 1
3499 257 1
1115 356 1
1301 630 1
2806 766 1
3056 802 1
3827 882 1
2607 952 1
1038 954 1
924 979 1
3513 1223 1
4481 1332 1
4482 1569 1
4012 1601 1
3381 1601 1
3499 290 1
2565 1758 1
193 1874 1
2768 1874 1
1246 1916 1
4482 37 1
1516 1300 1
1604 2035 1
1071 2135 1
4483 2105 1
2016 2292 1
3865 2409 1
2873 2423 1
1334 2471 1
1763 2525 1
4484 2575 1
4415 2576 1
1516 2577 1
3252 2403 1
1029 2578 1
4485 2579 1
990 2580 1
229 2470 1
4486 2581 1
2786 11 1
1730 292 1
4487 668 1
4058 882 1
4253 939 1
4276 1011 1
2597 1111 1
1743 1524 1
1435 1916 1
4488 2206 1
4489 2306 1
1187 2582 1
1187 2583 1
4125 792 1
3285 2535 1
4490 2557 1
4491 2568 1
1642 2577 1
4492 2584 1
1617 188 1
113 11 1
4493 766 1
1723 802 1
4494 1083 1
2064 1197 1
4495 1223 1
2207 1366 1
1070 1520 1
322 1576 1
4496 1916 1
2103 1968 1
4497 2070 1
4498 2135 1
4499 2149 1
4500 2229 1
3244 2428 1
4379 2574 1
479 1613 1
604 2585 1
2825 2586 1
4501 2587 1
4463 2558 1
4502 2488 1
1816 2588 1
4503 577 1
4504 630 1
4114 1353 1
85 1443 1
4191 1569 1
1118 1569 1
485 1576 1
1242 1771 1
1316 1795 1
3989 1916 1
4505 2170 1
3056 2471 1
1761 2525 1
1761 2528 1
3013 2547 1
1316 2589 1
91 2590 1
2394 2470 1
3736 2558 1
4506 2556 1
4507 2591 1
4508 833 1
4509 272 1
555 655 1
3944 503 1
3539 882 1
962 905 1
2873 1063 1
4101 952 1
666 979 1
4510 1083 1
91 1112 1
1443 1345 1
1666 1443 1
2349 1479 1
1071 1569 1
231 1569 1
4511 1603 1
4482 23 1
4512 1811 1
4513 1889 1
1107 1916 1
4514 2026 1
4515 2035 1
595 2035 1
4516 2135 1
4517 2387 1
4518 2430 1
2873 2467 1
4519 2471 1
4364 2473 1
3000 2528 1
2708 2530 1
4065 2535 1
4484 2545 1
4520 2592 1
4352 2593 1
1223 2594 1
4257 2595 1
4269 2596 1
2873 2597 1
4521 2598 1
3928 2470 1
3967 2558 1
4522 193 1
3512 217 1
3010 655 1
2828 393 1
3681 416 1
1562 631 1
4523 714 1
3887 1083 1
3912 1083 1
235 1197 1
2457 1269 1
4485 1353 1
3303 1426 1
3415 1500 1
4524 1670 1
989 1688 1
1270 1758 1
1187 1824 1
2767 1858 1
4482 2035 1
1825 2070 1
3713 2114 1
1649 2135 1
3912 2228 1
1825 2292 1
3020 2292 1
4498 2559 1
4525 2360 1
4415 2387 1
1221 792 1
4374 792 1
4526 2525 1
4527 2535 1
101 2599 1
4528 2600 1
4234 2601 1
4410 2602 1
4482 1757 1
4529 1757 1
2873 2603 1
3423 2604 1
894 2605 1
3578 321 1
603 2587 1
1516 2462 1
3140 2606 1
4530 2607 1
1516 2608 1
1604 2470 1
210 2470 1
4531 2558 1
4502 1305 1
446 280 1
3689 630 1
495 952 1
3693 952 1
4532 12 1
4302 1112 1
1064 1167 1
3764 1469 1
3431 1479 1
4500 1479 1
3382 1504 1
4533 1569 1
4479 1698 1
4123 1811 1
4534 1327 1
244 1916 1
4447 2035 1
3682 1883 1
3936 2252 1
2885 2580 1
3607 2609 1
3369 2610 1
4535 2611 1
3610 2612 1
4155 227 1
432 302 1
4536 302 1
2450 956 1
3686 1035 1
3978 1057 1
4537 1443 1
3526 1443 1
496 1443 1
4538 1443 1
4539 1443 1
4540 1524 1
2521 1327 1
496 2035 1
3892 2070 1
573 2070 1
235 41 1
4541 2158 1
2130 2613 1
4542 2614 1
1855 792 1
1525 2538 1
3892 2525 1
1316 2526 1
3402 2547 1
4467 2564 1
2402 2568 1
4540 2569 1
3892 2604 1
612 2615 1
4543 2616 1
4174 2462 1
4544 2606 1
2873 302 1
4545 304 1
1960 607 1
136 624 1
2133 714 1
1502 728 1
1269 1052 1
4539 29 1
564 1539 1
4539 1577 1
4546 1731 1
1459 1824 1
587 1835 1
4547 1835 1
4548 1889 1
721 1916 1
1934 362 1
4549 2035 1
617 2070 1
3402 2135 1
210 1137 1
2318 2371 1
4414 2455 1
2323 2252 1
4137 2516 1
53 2520 1
3638 2617 1
4550 2545 1
3402 1757 1
2237 1877 1
4418 1877 1
4551 2618 1
924 2619 1
2279 2619 1
1960 2620 1
4552 2621 1
1813 2431 1
1662 272 1
4553 1503 1
4554 1569 1
3989 1731 1
4104 1805 1
257 1952 1
1934 1952 1
4555 2228 1
1575 2299 1
3423 2381 1
4553 2471 1
4556 2547 1
4557 2622 1
4551 2623 1
3745 2624 1
3551 2625 1
1316 69 1
1301 630 1
4452 599 1
4308 1094 1
4555 1214 1
4365 1345 1
3268 1443 1
4540 1469 1
4428 1520 1
97 637 1
4558 2626 1
3253 1824 1
4559 1916 1
4560 2183 1
910 2229 1
3043 2559 1
4561 2582 1
593 2387 1
4526 2525 1
1910 2627 1
4313 2628 1
3190 2629 1
4472 2630 1
4562 2631 1
4563 193 1
4564 11 1
4564 11 1
787 280 1
4565 393 1
4566 503 1
4567 1443 1
1585 1569 1
2360 1569 1
4504 1569 1
1575 892 1
225 637 1
4568 2086 1
3402 2070 1
3944 2072 1
4351 41 1
4569 2632 1
4570 2453 1
1486 2535 1
1628 2574 1
1269 2605 1
4571 1208 1
1372 2633 1
3136 212 1
244 2470 1
4482 11 1
2176 1057 1
109 1333 1
4203 1443 1
4572 1443 1
2682 1520 1
3125 1546 1
4527 1569 1
510 1569 1
870 1569 1
2371 1577 1
4573 1771 1
1498 1970 1
1187 2164 1
4205 2167 1
4574 2634 1
2790 2444 1
2864 2520 1
802 2520 1
3507 2520 1
1763 2520 1
4289 2535 1
4352 2574 1
4107 2602 1
1316 212 1
2565 2635 1
2119 2636 1
2081 2637 1
4575 2638 1
3947 1340 1
4576 2470 1
4577 69 1
4578 239 1
3002 292 1
2707 310 1
1269 545 1
1886 624 1
4579 624 1
4578 832 1
4146 385 1
4580 1011 1
4578 1217 1
1790 12 1
2873 1050 1
4191 1061 1
4578 1061 1
4191 1353 1
1845 1366 1
4581 1371 1
4578 1425 1
167 1443 1
3109 1520 1
4339 1520 1
90 1569 1
4582 1569 1
3381 1577 1
3303 1582 1
2342 1661 1
4578 1702 1
2707 1916 1
4565 1631 1
4578 2086 1
65 2070 1
617 2070 1
4578 2070 1
1010 2098 1
4583 2360 1
4584 2387 1
2825 2567 1
3381 2574 1
3028 212 1
164 2639 1
2437 2640 1
4585 2640 1
4486 2641 1
4586 2642 1
2825 87 1
3254 1462 1
495 283 1
177 283 1
805 331 1
4578 521 1
1812 577 1
103 855 1
4058 882 1
4587 931 1
2659 952 1
226 1111 1
4572 1197 1
2415 1390 1
2688 29 1
2607 1577 1
1685 1822 1
4438 2035 1
3042 41 1
4588 2158 1
617 1137 1
4467 2257 1
3407 2257 1
2597 2391 1
552 2520 1
3847 2570 1
1223 2643 1
1319 2470 1
4589 193 1
4578 127 1
1604 11 1
4498 11 1
4589 577 1
3822 782 1
1682 782 1
3653 1083 1
4590 1163 1
4591 1390 1
2745 1426 1
2978 1443 1
4592 1661 1
3826 1731 1
2261 2035 1
790 2035 1
813 2062 1
4339 2257 1
1966 2279 1
2075 2362 1
4285 2362 1
4593 2360 1
701 2574 1
4583 2352 1
1531 2625 1
2283 2639 1
3494 2639 1
3936 2644 1
4594 2645 1
4595 2646 1
3575 2647 1
923 2648 1
3522 589 1
479 2649 1
4590 2650 1
881 2651 1
4596 2470 1
2245 2652 1
4597 11 1
4452 607 1
4598 1343 1
1516 931 1
1183 1366 1
4599 1569 1
1655 1569 1
4600 1698 1
4601 1585 1
4602 2001 1
1516 2160 1
1516 2209 1
4603 2346 1
3156 2360 1
4604 2387 1
1617 2535 1
1050 2644 1
3056 2653 1
4462 2654 1
4605 2655 1
1029 2656 1
4606 283 1
4607 291 1
3362 607 1
4608 622 1
4608 2657 1
4609 1223 1
1411 1390 1
3281 1435 1
1125 1569 1
4586 1731 1
4610 1771 1
3051 2227 1
4611 2227 1
3416 2471 1
4612 2499 1
4613 2493 1
1223 792 1
4374 792 1
3006 2512 1
4614 2631 1
3186 87 1
2824 2470 1
1247 1462 1
3012 1462 1
1247 188 1
4615 11 1
4248 331 1
4616 832 1
2824 1011 1
744 1125 1
4041 29 1
4617 1434 1
4538 1443 1
2308 1503 1
4041 1546 1
1314 1569 1
225 1569 1
4130 23 1
4032 637 1
4041 1731 1
4468 1732 1
1946 1824 1
745 7 1
3944 1916 1
2873 2073 1
4041 2135 1
4618 2135 1
4619 2138 1
4620 2204 1
4386 2204 1
4035 2224 1
4621 2228 1
4622 2360 1
4578 2520 1
2574 2535 1
4623 2574 1
3009 212 1
4624 2658 1
4625 2659 1
3865 2660 1
4578 2661 1
3362 2662 1
2824 2663 1
2181 2663 1
4626 2664 1
724 2470 1
244 119 1
1877 2488 1
4627 291 1
103 310 1
4245 331 1
3713 416 1
4616 521 1
4238 566 1
4628 955 1
4628 988 1
2870 997 1
2332 1328 1
4428 1197 1
4629 1366 1
3590 1390 1
2572 1434 1
4187 1503 1
1845 1569 1
1845 1689 1
3383 1824 1
3056 1902 1
4630 34 1
4627 1963 1
278 1631 1
2484 2086 1
4460 2128 1
4107 2229 1
4631 2224 1
4632 2385 1
4633 2387 1
1270 2387 1
3997 2499 1
4276 2547 1
278 2584 1
518 2605 1
4531 2610 1
4634 2665 1
4449 2666 1
1084 2667 1
4363 2558 1
1572 35 1
4635 257 1
880 650 1
2873 130 1
4041 997 1
52 997 1
3936 1111 1
4101 1254 1
1343 1262 1
4636 1332 1
4637 1443 1
3012 1443 1
4638 1500 1
4639 1539 1
4640 1569 1
647 1585 1
3402 1689 1
4641 1824 1
3368 2264 1
4628 2001 1
2840 2035 1
1408 2070 1
4528 1152 1
1246 2167 1
832 2173 1
2067 2292 1
4642 1947 1
1525 2538 1
376 2538 1
103 374 1
647 2544 1
647 2597 1
3013 2644 1
4312 2661 1
4635 2667 1
4643 2668 1
4576 2470 1
1011 11 1
3761 130 1
1604 1011 1
4403 1060 1
4628 1111 1
4578 1223 1
3222 1332 1
4352 1443 1
3232 1469 1
4644 1520 1
3324 1569 1
4183 1569 1
1118 1569 1
1498 1661 1
3086 2013 1
328 2035 1
1835 2070 1
3024 792 1
4527 2535 1
2318 2544 1
785 2547 1
3539 2625 1
870 2625 1
164 2639 1
3917 2659 1
3499 2667 1
4645 2669 1
1372 2670 1
2995 1340 1
4502 2671 1
4534 171 1
2873 171 1
4646 35 1
4205 631 1
4647 650 1
4648 882 1
4205 952 1
4649 955 1
3173 1011 1
4418 1022 1
4650 1059 1
4651 1399 1
1825 1443 1
2978 1443 1
4652 1443 1
4101 1503 1
3466 1503 1
2772 1569 1
4653 1698 1
1812 1576 1
2283 1776 1
1189 1804 1
4654 1916 1
3368 2264 1
4291 2183 1
4655 2035 1
4656 2062 1
1642 2566 1
4657 2387 1
1086 2639 1
4489 2672 1
1223 2673 1
4643 2674 1
4658 2675 1
2873 2676 1
4659 2677 1
1376 1995 1
315 1884 1
4660 2470 1
332 2470 1
2203 258 1
2521 171 1
3105 283 1
4661 283 1
376 310 1
4452 673 1
57 1273 1
4662 1500 1
4188 637 1
3213 2013 1
4663 2104 1
3911 2164 1
3388 2204 1
4580 2444 1
4664 2444 1
4352 2545 1
3413 2562 1
3595 2672 1
4610 2678 1
4665 2679 1
4463 2558 1
3213 257 1
3056 802 1
4261 1057 1
4666 1443 1
4619 1619 1
4667 485 1
3682 1916 1
64 2680 1
2203 2681 1
1150 2682 1
3609 2470 1
4668 102 1
2434 358 1
1966 446 1
4669 608 1
4195 781 1
4670 831 1
1411 882 1
924 979 1
4643 1015 1
223 1057 1
4671 1555 1
1960 1663 1
2497 1811 1
4579 637 1
3610 1824 1
2352 34 1
2659 2070 1
3935 2471 1
1967 2471 1
4672 42 1
4668 2676 1
3402 2683 1
1112 2684 1
1201 2685 1
4061 2247 1
3824 1340 1
3862 2470 1
4489 2470 1
4673 2432 1
4674 171 1
4675 11 1
3719 310 1
4101 503 1
4676 462 1
4621 1083 1
980 1443 1
341 1838 1
3110 1916 1
4534 1967 1
2033 2016 1
3186 2025 1
4002 2101 1
3009 2070 1
2427 2104 1
244 2135 1
3766 2205 1
1880 2471 1
4313 2471 1
1061 2568 1
4352 2574 1
1258 2686 1
3252 2687 1
2670 2688 1
1029 2656 1
3184 2656 1
2192 2689 1
4677 2690 1
1377 2691 1
4567 2692 1
4678 2470 1
3274 2470 1
3956 2558 1
998 1462 1
4653 545 1
1301 630 1
231 630 1
1642 1015 1
4642 13 1
3252 1067 1
813 1963 1
294 2187 1
231 2204 1
4679 2249 1
3141 2345 1
1301 2520 1
3109 2520 1
3141 2623 1
4680 212 1
647 2693 1
832 2676 1
2441 2691 1
4431 2694 1
1376 2695 1
1316 2696 1
4170 2470 1
235 2470 1
1050 11 1
3034 11 1
4681 725 1
3546 577 1
3989 953 1
924 1061 1
4579 1434 1
193 1582 1
3402 1689 1
3431 1824 1
4261 1838 1
3209 41 1
4116 2167 1
4681 2173 1
4681 2423 1
4681 2437 1
1191 2445 1
4682 2471 1
2885 792 1
4578 589 1
136 2672 1
1372 2697 1
4428 2698 1
3865 2496 1
4369 2699 1
4683 2700 1
4684 2701 1
3800 2558 1
4685 2702 1
3899 1462 1
4409 587 1
1886 624 1
4686 631 1
4686 1011 1
3364 1345 1
3494 1503 1
3610 1619 1
1763 1689 1
2283 1776 1
1690 1822 1
4687 34 1
4688 1917 1
3788 2035 1
3916 2035 1
617 2070 1
3369 2104 1
3522 2135 1
2352 2205 1
4689 2340 1
4191 2360 1
4690 2703 1
1666 2520 1
2822 2599 1
4690 2704 1
3578 2677 1
2873 2705 1
1388 2706 1
4691 2707 1
4692 2631 1
4551 279 1
2388 829 1
3936 936 1
1452 952 1
3820 1242 1
4074 2035 1
3413 6 1
328 6 1
4551 2420 1
4674 2423 1
2394 2619 1
259 2639 1
4133 2517 1
4693 2708 1
3758 2709 1
3593 642 1
1585 11 1
2825 433 1
2089 829 1
4694 1050 1
2825 1223 1
19 21 1
4313 1479 1
1531 1479 1
2089 1585 1
3070 1752 1
3056 1824 1
4674 1918 1
4155 2070 1
4695 2710 1
4694 2162 1
3413 2299 1
4044 2343 1
4427 6 1
3413 2355 1
2825 2567 1
4313 2471 1
1972 2584 1
4492 2584 1
4492 2584 1
4696 2584 1
4697 2584 1
2394 2680 1
4133 321 1
2521 2705 1
4694 2711 1
727 2556 1
4698 1462 1
3676 1462 1
751 35 1
113 11 1
1825 11 1
4450 11 1
2067 331 1
4699 829 1
3887 1083 1
2067 993 1
3791 1181 1
4700 1426 1
3764 1469 1
3431 1479 1
4642 31 1
4304 2052 1
4701 778 1
3676 41 1
4702 2167 1
1 2315 1
865 2315 1
674 2534 1
2048 792 1
1525 2538 1
4610 2577 1
2320 2625 1
3143 2686 1
4703 2672 1
4234 2695 1
4421 2711 1
851 2712 1
167 2713 1
555 2714 1
4352 2470 1
2516 2558 1
4101 503 1
4702 781 1
4642 986 1
244 1059 1
1379 1181 1
1443 1345 1
1886 1520 1
4482 31 1
3892 1582 1
4352 1582 1
4704 1585 1
3402 1689 1
4705 1773 1
4706 1152 1
1247 41 1
4578 41 1
200 41 1
1809 2397 1
3713 2715 1
3892 2315 1
1871 2362 1
4415 2387 1
4707 2445 1
3198 2703 1
3719 2525 1
4155 2525 1
1628 2574 1
4708 2625 1
3143 2639 1
3553 2711 1
4709 2716 1
4710 2717 1
1309 2718 1
1502 2719 1
1502 2720 1
4579 2470 1
2151 35 1
315 245 1
1136 11 1
4429 11 1
4648 882 1
3671 1039 1
2688 29 1
4711 1443 1
97 1443 1
4566 637 1
3183 1824 1
3844 1858 1
4635 1963 1
1314 2070 1
3086 2397 1
4007 2405 1
4712 2346 1
4561 2582 1
1380 2487 1
2885 1613 1
164 2639 1
2360 2686 1
4713 2672 1
4714 2721 1
1167 2722 1
3610 2722 1
4715 2723 1
4716 2724 1
2489 2725 1
1566 2726 1
4339 2727 1
2521 2541 1
2388 2728 1
4678 2470 1
4520 104 1
3491 2581 1
4482 11 1
4717 577 1
4718 158 1
1682 782 1
1960 766 1
4628 829 1
1459 882 1
4719 979 1
4200 1197 1
2825 1223 1
4476 1223 1
4520 1443 1
1218 1443 1
4720 1443 1
2831 21 1
4698 1577 1
4638 1702 1
4638 1795 1
2719 41 1
4608 2158 1
4721 2226 1
4722 2315 1
4638 2520 1
4352 2545 1
3551 2625 1
4101 2639 1
40 2672 1
4723 2729 1
4724 2695 1
4638 2730 1
3499 2731 1
2959 2732 1
3056 2733 1
4725 1929 1
4726 2470 1
1004 2558 1
4685 2702 1
4515 188 1
4727 577 1
4650 631 1
1354 650 1
4643 860 1
4728 952 1
1827 1018 1
4729 1076 1
3936 1328 1
1903 1197 1
2703 1443 1
3021 1577 1
4628 1585 1
4730 1585 1
3402 1689 1
4676 1811 1
2016 2734 1
1617 1838 1
497 1838 1
4676 2001 1
375 2035 1
1825 2070 1
235 41 1
4676 2173 1
4731 2343 1
4732 2476 1
4733 2538 1
4484 2545 1
4734 2545 1
4735 2717 1
4594 2735 1
1309 2736 1
1642 2737 1
3369 2738 1
4736 2739 1
2083 2740 1
3413 126 1
4733 283 1
4737 631 1
4738 954 1
4733 1011 1
434 1495 1
434 1805 1
2825 2443 1
2597 2187 1
4739 2198 1
2767 2520 1
1202 2526 1
434 2605 1
3348 2741 1
332 2470 1
4227 11 1
4740 1040 1
4741 722 1
3413 796 1
3892 952 1
485 2128 1
3892 41 1
4582 2545 1
1132 2646 1
1734 2718 1
3892 2739 1
3892 2742 1
813 2714 1
1443 2558 1
813 2215 1
4742 283 1
4579 11 1
1713 11 1
2283 722 1
4101 781 1
4729 573 1
4743 29 1
3686 1443 1
4744 1443 1
555 1752 1
3340 1752 1
4361 1824 1
3865 2119 1
226 2128 1
4644 41 1
4745 2204 1
706 1820 1
706 2362 1
4746 2360 1
2873 2428 1
1928 2574 1
2323 2541 1
4624 2541 1
4579 2739 1
3316 2739 1
2893 2470 1
522 283 1
125 11 1
4747 11 1
3681 883 1
2294 1345 1
3186 1496 1
2106 1577 1
4205 1661 1
3402 1689 1
485 1811 1
3345 1752 1
4748 637 1
4749 1596 1
2320 1824 1
4749 67 1
2323 2128 1
3244 2128 1
2323 2187 1
1307 2315 1
4750 2315 1
244 2343 1
4205 6 1
4610 2577 1
2885 2580 1
3182 2586 1
3143 2639 1
3143 2686 1
4191 2743 1
518 2744 1
4749 2745 1
3848 2746 1
4578 2747 1
4506 2556 1
2825 782 1
4420 1443 1
4751 1582 1
3285 2070 1
3137 2387 1
2473 2471 1
1761 2525 1
4752 2545 1
4753 2574 1
4308 2695 1
1783 2722 1
4754 2748 1
3156 2749 1
1223 2750 1
4734 2751 1
625 2752 1
3056 2753 1
1761 2754 1
3388 214 1
1070 137 1
4755 2558 1
98 72 1
376 310 1
3087 655 1
4756 631 1
2248 650 1
666 979 1
1070 1426 1
3838 1470 1
2817 1253 1
2597 1585 1
4757 1783 1
1316 2070 1
4047 2164 1
4047 2164 1
965 2456 1
328 2538 1
4758 2639 1
1301 2718 1
1531 2722 1
2857 1340 1
4649 86 1
327 1166 1
3791 503 1
4759 782 1
2031 1083 1
4760 1197 1
1790 1435 1
3838 1438 1
4740 1495 1
4761 1253 1
3200 1689 1
4762 2069 1
751 2128 1
1666 2204 1
4763 2224 1
4764 2343 1
1928 2574 1
4765 2641 1
3838 1853 1
4766 589 1
4767 2755 1
3675 2756 1
3551 2757 1
3713 2758 1
3936 1022 1
220 1084 1
965 719 1
2943 719 1
2982 1345 1
1816 1585 1
3804 167 1
2131 1838 1
4155 2070 1
617 2070 1
2067 2292 1
4768 2387 1
1118 2048 1
1727 2759 1
4769 2760 1
2825 2470 1
1064 2470 1
3206 2558 1
3010 655 1
1668 275 1
4032 1223 1
4190 1353 1
4032 637 1
4770 1824 1
2897 1824 1
4771 2070 1
446 2761 1
4667 2762 1
1223 2763 1
4772 61 1
520 87 1
2885 2764 1
2652 2558 1
2516 2558 1
4773 1286 1
4774 2765 1
2307 655 1
4101 503 1
3935 579 1
244 587 1
3383 882 1
785 1091 1
105 993 1
4729 29 1
1231 1577 1
3159 1585 1
257 1670 1
1763 1824 1
4074 2035 1
3340 2114 1
2983 2167 1
2959 2386 1
2027 2360 1
2885 792 1
244 2538 1
4775 2630 1
4776 2672 1
4561 2721 1
3348 2656 1
2739 2717 1
3340 2766 1
4777 2767 1
2207 2768 1
1259 2769 1
1642 2770 1
1317 2771 1
257 2772 1
4778 2773 1
2873 2774 1
1201 2775 1
184 2470 1
4668 102 1
2870 2558 1
4506 1286 1
714 11 1
4731 277 1
555 655 1
332 503 1
2561 424 1
4668 1050 1
2332 1328 1
4668 1277 1
4779 1339 1
4780 1079 1
4668 1585 1
813 1639 1
1790 23 1
2283 1776 1
3709 2055 1
4240 2055 1
3689 2070 1
210 1137 1
4781 2167 1
4058 2229 1
3491 940 1
4782 2346 1
291 2433 1
4783 2693 1
2885 2726 1
4740 2761 1
624 2759 1
4759 2776 1
4784 2773 1
3931 2777 1
1259 2778 1
279 2470 1
4785 2470 1
279 579 1
3686 631 1
442 979 1
4786 425 1
269 29 1
1617 1426 1
322 1576 1
279 1619 1
3402 1689 1
2819 1795 1
4787 2025 1
4720 41 1
2864 2223 1
4224 2387 1
244 2444 1
1334 2471 1
4235 2478 1
3686 2538 1
2565 2635 1
3143 2639 1
4616 2672 1
2647 2718 1
1320 2766 1
3675 2756 1
4788 2779 1
1903 2780 1
4789 2781 1
1554 2782 1
2307 2215 1
4790 577 1
4352 619 1
4791 714 1
4792 782 1
4793 1095 1
4794 1181 1
4427 29 1
1379 1443 1
4330 1443 1
4795 22 1
1531 1619 1
4740 1639 1
1531 1824 1
4050 1612 1
3539 2035 1
4594 2362 1
3056 2471 1
2814 2568 1
2307 2766 1
4796 2768 1
4291 2774 1
4642 2783 1
4797 2783 1
4798 71 1
3862 2470 1
4799 2432 1
235 188 1
4800 11 1
4238 446 1
4798 495 1
4798 302 1
4649 577 1
3306 424 1
1137 954 1
2773 954 1
4329 988 1
4656 1052 1
4801 1443 1
3947 1443 1
3081 1576 1
4743 1689 1
4802 1752 1
2773 1824 1
4798 2052 1
4579 1152 1
3288 41 1
4137 2471 1
2287 2538 1
2384 2639 1
4527 2672 1
4803 2776 1
4637 2773 1
4804 2774 1
2561 2784 1
1223 2785 1
4805 2786 1
4806 2787 1
3994 2470 1
3415 2470 1
4205 461 1
4807 424 1
4808 686 1
4809 781 1
4807 1030 1
3043 1059 1
4205 1345 1
3415 1824 1
3415 2070 1
4205 2167 1
3415 2520 1
1270 2635 1
4810 2644 1
2083 2646 1
2394 2788 1
2394 2788 1
3994 2788 1
1928 2789 1
4811 2790 1
4812 2791 1
2203 156 1
4813 11 1
2607 503 1
2825 619 1
1307 626 1
4814 1125 1
4729 1124 1
4815 1353 1
4816 1824 1
1307 6 1
376 2444 1
1202 2526 1
1689 2605 1
4817 1995 1
1689 2766 1
4818 2788 1
1316 2792 1
2203 2793 1
4678 2470 1
1233 2558 1
4819 2556 1
4594 263 1
4215 292 1
4802 655 1
2496 655 1
4451 417 1
2974 741 1
3175 1059 1
744 1125 1
4820 1133 1
4720 1181 1
4821 1079 1
57 1479 1
4187 1503 1
1125 1513 1
870 1619 1
4772 2070 1
1233 2104 1
4739 2104 1
2388 2128 1
4822 41 1
4785 2204 1
4451 2223 1
4063 2428 1
851 2726 1
4656 2766 1
1809 2794 1
4823 2772 1
4820 2795 1
4739 2796 1
368 1340 1
4151 2470 1
4063 1921 1
3578 1921 1
2457 2558 1
4819 2218 1
1029 2581 1
4824 245 1
4151 245 1
4740 655 1
4101 503 1
4825 579 1
3056 802 1
4826 385 1
4825 275 1
3441 882 1
4827 952 1
3887 1083 1
4578 993 1
4642 1181 1
3764 1254 1
4297 1345 1
4828 1253 1
1228 637 1
4829 1858 1
4476 2035 1
4825 2229 1
1233 2387 1
1485 2445 1
4830 2456 1
1835 2547 1
2574 2672 1
2812 2672 1
3084 1995 1
625 2752 1
723 2780 1
1223 2797 1
4164 2798 1
4831 2558 1
3400 2581 1
1854 188 1
3340 655 1
4832 503 1
555 741 1
1231 781 1
1721 275 1
1790 12 1
103 1197 1
1070 1443 1
4330 1443 1
1469 1576 1
1469 1585 1
2607 65 1
4833 2136 1
2647 2381 1
3388 2420 1
832 2437 1
2864 2520 1
1469 2603 1
4656 2742 1
4834 2755 1
115 2789 1
4835 2799 1
4234 2800 1
4836 53 1
4798 1340 1
4837 1921 1
4798 120 1
4798 69 1
4838 241 1
4450 11 1
4839 655 1
4836 433 1
4470 693 1
3097 888 1
4642 1217 1
4798 997 1
4063 1530 1
4801 1443 1
1084 1698 1
19 1702 1
3677 2734 1
4798 637 1
4838 1529 1
1077 1776 1
1361 1805 1
3385 1806 1
4840 1824 1
4798 34 1
4803 1970 1
4720 2519 1
4775 2557 1
935 1613 1
4695 2706 1
4820 2726 1
4841 2768 1
1903 2780 1
2394 2788 1
4838 2792 1
3204 2801 1
3252 2802 1
2027 2803 1
3252 2803 1
4527 2804 1
4143 2804 1
4842 2804 1
4793 2805 1
4793 2806 1
291 2807 1
4576 2470 1
3340 2215 1
2318 295 1
2318 462 1
4313 275 1
3209 1223 1
244 1426 1
1390 1443 1
3867 1443 1
440 1479 1
4843 1737 1
1301 1748 1
1589 2204 1
2318 2252 1
4844 2538 1
4845 2546 1
1322 2808 1
4846 2623 1
4847 2768 1
4848 2809 1
2825 2810 1
3892 53 1
4849 1340 1
3892 310 1
2825 356 1
2268 433 1
4850 136 1
1223 207 1
4533 1197 1
3375 2811 1
4765 2641 1
4851 2641 1
3013 2644 1
4852 2672 1
3892 2810 1
4594 2812 1
1010 2813 1
4853 2182 1
3593 2814 1
3719 193 1
4825 274 1
4704 462 1
587 207 1
4825 275 1
1122 1197 1
1586 1390 1
1469 1530 1
4825 1479 1
4514 1601 1
1469 1811 1
4854 1713 1
3336 637 1
3126 1970 1
4116 2167 1
3423 2204 1
4743 6 1
376 6 1
3936 2252 1
1628 2574 1
4855 2804 1
3443 2815 1
2814 2816 1
4856 2470 1
4720 2470 1
4578 310 1
4743 503 1
2761 650 1
2773 802 1
479 207 1
1301 888 1
103 1217 1
4820 1030 1
2428 1057 1
924 1061 1
4578 1061 1
1029 957 1
4820 1163 1
229 1197 1
2237 1254 1
4857 29 1
184 1443 1
851 1518 1
4374 1518 1
1 23 1
4843 1811 1
2588 1596 1
177 1776 1
4858 1824 1
785 1970 1
1469 2016 1
552 2035 1
1684 2070 1
3865 2119 1
1380 2288 1
4749 2343 1
328 6 1
4616 2381 1
4681 2437 1
3755 2466 1
4859 2579 1
1269 2605 1
1218 2686 1
813 2817 1
4681 2774 1
479 2797 1
3736 2818 1
3120 2819 1
4860 2820 1
750 2821 1
1223 2822 1
1959 2823 1
2565 2824 1
2027 2825 1
4427 2470 1
1384 245 1
4861 310 1
4862 433 1
4056 503 1
3753 462 1
4857 624 1
1443 624 1
3441 882 1
3198 906 1
3764 952 1
244 1339 1
4191 1443 1
1346 1520 1
1231 1577 1
2283 1776 1
1231 1838 1
52 2070 1
1223 1213 1
4374 792 1
666 2538 1
4863 2538 1
2314 2535 1
2283 2639 1
4864 2826 1
1187 2721 1
518 2742 1
1928 2789 1
789 2805 1
3108 2805 1
4786 2818 1
2885 2822 1
518 2827 1
3865 2828 1
4625 2829 1
2873 2830 1
4865 2831 1
4866 2832 1
2500 2833 1
4867 2470 1
4868 2470 1
3324 2470 1
1314 2470 1
4869 2558 1
3593 2834 1
2579 76 1
4870 291 1
187 356 1
4871 462 1
2934 624 1
3482 650 1
4872 882 1
989 1030 1
4101 1057 1
4642 1242 1
3012 1443 1
2579 1552 1
4873 1824 1
1090 1996 1
1247 2086 1
3388 2052 1
617 2070 1
3994 2204 1
2843 940 1
4874 2563 1
4871 2646 1
2873 2646 1
1642 2656 1
446 2761 1
617 2780 1
3348 2835 1
851 2836 1
4875 2837 1
2800 2838 1
1316 2839 1
1457 2840 1
4876 2313 1
4740 2215 1
4832 503 1
1790 619 1
2625 650 1
4877 802 1
552 980 1
4756 1057 1
4205 1057 1
2588 1330 1
4205 1366 1
2100 1390 1
3268 1443 1
4656 1623 1
1364 1776 1
4878 1824 1
4460 2128 1
1187 2229 1
4656 2841 1
4879 2613 1
1270 2635 1
2089 2646 1
1188 2726 1
4880 2541 1
2498 2766 1
1649 2789 1
1815 2793 1
3967 2818 1
4361 2842 1
4291 2728 1
4881 2728 1
624 2843 1
3086 2714 1
4238 2844 1
1326 279 1
4205 283 1
4816 579 1
870 624 1
1372 888 1
3618 1014 1
3802 1083 1
3701 993 1
3824 1339 1
4859 1353 1
4882 1353 1
3407 1366 1
2033 1530 1
4352 1443 1
4330 1443 1
4883 1467 1
1972 1520 1
4883 1253 1
4884 1661 1
3135 1689 1
745 7 1
4261 1838 1
4885 37 1
3186 2035 1
4578 2072 1
4886 2135 1
1972 2167 1
1960 2360 1
1972 2509 1
3186 2639 1
4205 2644 1
3539 2721 1
2381 2726 1
4374 2805 1
2610 2818 1
1314 2845 1
4240 2846 1
1944 2847 1
4174 2848 1
2612 1375 1
4887 2849 1
4888 58 1
103 188 1
4498 356 1
4889 446 1
4302 1112 1
4890 1689 1
1531 1824 1
4891 1824 1
4743 65 1
3994 2204 1
4892 2325 1
3764 6 1
3244 2423 1
3842 2444 1
1944 2520 1
1122 2672 1
4893 2695 1
1944 2718 1
4894 2774 1
1944 2799 1
1623 2824 1
3056 2850 1
4793 2851 1
3252 2852 1
3593 2313 1
3820 310 1
2825 356 1
4586 503 1
4895 577 1
4896 955 1
1201 1014 1
4897 1854 1
376 1359 1
4898 1443 1
4740 1639 1
2176 2547 1
1372 2633 1
3307 2795 1
1004 2824 1
4485 2853 1
1259 2854 1
2016 2855 1
2428 2856 1
4501 1884 1
4899 2182 1
2632 2470 1
4900 2470 1
4901 2558 1
739 11 1
2155 11 1
4485 288 1
4770 951 1
4807 1030 1
235 1061 1
4902 1144 1
2052 1197 1
4903 1435 1
2338 1443 1
4801 1443 1
4904 1479 1
4905 1493 1
4902 1520 1
785 1589 1
1783 1619 1
3843 1619 1
4906 637 1
4907 1731 1
667 1764 1
4069 1858 1
4330 2041 1
4908 1152 1
2323 2128 1
2825 2443 1
1859 1980 1
1682 2634 1
4289 6 1
2870 2387 1
4770 2471 1
2027 2547 1
4896 2826 1
1999 2686 1
2488 2773 1
2983 2780 1
1064 2789 1
4909 2789 1
3044 2799 1
2701 2856 1
4101 2856 1
4910 2857 1
3402 2858 1
770 692 1
4807 692 1
4911 2859 1
2447 2860 1
1136 11 1
851 424 1
3822 1197 1
4912 1197 1
4883 660 1
1375 1443 1
807 1443 1
4913 1479 1
4628 167 1
4914 1661 1
4912 637 1
4778 1764 1
4168 7 1
4915 2016 1
4438 2035 1
1249 1152 1
4642 2634 1
1845 2535 1
4291 2676 1
2099 2861 1
4916 2862 1
4917 2862 1
3972 2819 1
4582 2845 1
2789 2856 1
2447 2863 1
2402 2864 1
4918 2865 1
4594 2866 1
1880 2867 1
4907 2868 1
2242 2869 1
2873 2870 1
4374 2871 1
4749 2872 1
4919 310 1
4101 503 1
4873 802 1
4920 1011 1
1848 1434 1
4921 1443 1
4922 1479 1
2058 1500 1
3909 1619 1
4923 1732 1
4924 1824 1
4925 1612 1
4900 1997 1
2825 2070 1
4926 2074 1
872 41 1
4116 2167 1
4702 2204 1
4642 2385 1
4527 2535 1
1240 2605 1
4772 2686 1
3909 2721 1
4740 2798 1
3690 2805 1
4244 2816 1
555 2714 1
3860 2873 1
4927 1884 1
4928 1884 1
3208 2874 1
2670 2875 1
3892 2876 1
4929 2877 1
3264 2878 1
4930 2879 1
2665 1340 1
4876 2880 1
4635 2215 1
4656 237 1
4564 11 1
1833 291 1
2061 310 1
4056 503 1
2761 650 1
2597 385 1
2659 952 1
895 956 1
1944 980 1
4642 980 1
4931 1016 1
3784 1197 1
1617 1435 1
4932 1443 1
1294 1479 1
4635 1623 1
4816 1824 1
4031 1824 1
4931 362 1
1761 2086 1
3824 2070 1
453 2135 1
4933 1137 1
3935 2471 1
2912 2721 1
3860 2731 1
4635 2766 1
2307 2794 1
3621 2768 1
1307 2789 1
3125 2789 1
4041 2881 1
4115 2795 1
2670 2818 1
4635 2827 1
4858 2842 1
213 2728 1
4934 2845 1
1307 2882 1
2133 2883 1
3096 2884 1
4485 2885 1
1413 2886 1
2885 2844 1
2767 1340 1
4935 2887 1
3824 2888 1
2824 2470 1
2195 2470 1
4936 2558 1
4937 1305 1
4937 1594 1
1604 11 1
4635 291 1
1115 356 1
4635 655 1
813 652 1
4938 829 1
3349 855 1
4939 931 1
4778 952 1
4940 1083 1
4941 1223 1
2309 1332 1
4942 29 1
4904 1479 1
4941 1492 1
2910 1811 1
4943 1811 1
4038 1713 1
4944 1824 1
4941 2889 1
1361 2397 1
485 2423 1
1223 2490 1
4945 2676 1
328 2789 1
3494 2789 1
4883 2798 1
2807 2816 1
4946 2871 1
4947 2883 1
4948 2890 1
4949 2891 1
4950 2892 1
1684 71 1
4951 2888 1
1136 650 1
4952 693 1
3936 722 1
4058 882 1
4868 1057 1
2910 1057 1
4953 1366 1
208 1426 1
4711 1443 1
4676 1713 1
4047 1824 1
647 2128 1
4047 2164 1
4770 2229 1
583 2204 1
4620 2204 1
2910 2379 1
4676 2687 1
2055 2893 1
4954 1884 1
4955 2886 1
3252 2894 1
4463 2558 1
3288 1462 1
4956 188 1
65 782 1
2824 888 1
4957 1057 1
4758 993 1
2051 1426 1
4793 1079 1
2978 1443 1
4740 1623 1
915 1824 1
4205 1838 1
3719 1997 1
2497 2001 1
4743 2035 1
4137 2135 1
4205 2538 1
3288 2639 1
4958 2672 1
4959 2895 1
4324 692 1
4960 2871 1
1944 2876 1
4961 2876 1
3184 2878 1
4374 2883 1
4962 2896 1
4963 2897 1
3864 2898 1
376 2899 1
4964 2900 1
2959 2900 1
197 2901 1
851 2902 1
1516 2903 1
4926 1921 1
4876 2904 1
1011 11 1
1145 11 1
4965 11 1
4832 503 1
1790 619 1
4324 709 1
4385 385 1
4807 1030 1
4125 1030 1
3466 1059 1
4949 1253 1
3110 1748 1
4966 1824 1
4967 24 1
2697 1916 1
4968 2070 1
4427 2135 1
2135 41 1
4324 2360 1
666 2538 1
235 2545 1
4324 2557 1
446 2766 1
1928 2789 1
3870 2818 1
332 2845 1
4969 2858 1
1223 2871 1
3967 2875 1
3689 2898 1
4970 2905 1
4261 2906 1
4971 2907 1
4971 2908 1
4972 2909 1
4972 2910 1
3933 2911 1
935 2912 1
4586 2913 1
3892 1340 1
136 1340 1
2516 2558 1
3484 2904 1
4883 2215 1
4656 279 1
908 11 1
3892 396 1
4642 396 1
1452 503 1
4973 503 1
3303 619 1
315 624 1
2248 650 1
4484 16 1
1346 1197 1
4302 1197 1
2437 1434 1
4974 1443 1
4975 1811 1
3385 1806 1
1187 1824 1
2653 2104 1
4143 2105 1
4976 2261 1
1006 2613 1
2132 2340 1
4279 2381 1
4977 2480 1
4279 2520 1
4642 2535 1
4978 1757 1
1816 2676 1
1376 847 1
1630 2739 1
3944 2780 1
3044 2789 1
4124 2818 1
2516 2818 1
2545 2818 1
4979 1405 1
4980 2842 1
4981 2842 1
3978 2856 1
4982 2867 1
4793 386 1
2814 2914 1
4418 2915 1
4418 920 1
2739 2916 1
1809 2917 1
332 2470 1
4876 1239 1
4502 2814 1
564 11 1
2889 11 1
4871 577 1
4868 650 1
4418 939 1
2445 954 1
531 1030 1
3865 1076 1
2016 993 1
9 1345 1
4967 1434 1
3918 1443 1
2155 1443 1
4904 1479 1
4972 1584 1
4983 1649 1
485 1811 1
3539 1824 1
4410 1824 1
469 2055 1
4928 1883 1
4041 2135 1
1326 2397 1
1809 2290 1
4984 2343 1
1790 6 1
4041 2538 1
4985 2538 1
1270 2635 1
4986 2782 1
4041 2789 1
4835 2799 1
4768 2818 1
4858 2842 1
226 2728 1
4374 2871 1
4987 2875 1
167 2906 1
4988 2918 1
3348 2919 1
2141 110 1
4586 110 1
4989 241 1
4656 257 1
4450 11 1
1075 310 1
2574 356 1
3036 356 1
2698 630 1
2279 979 1
4989 1035 1
4988 1035 1
4990 1060 1
923 1328 1
3972 1332 1
2338 1345 1
4991 1345 1
4673 1426 1
4992 1688 1
103 1804 1
4993 1824 1
4642 1898 1
1684 1916 1
1075 1965 1
621 2183 1
4041 1883 1
4994 2135 1
4995 2167 1
1642 940 1
2323 2423 1
2767 2520 1
4996 2538 1
4729 1613 1
3013 2644 1
4997 2676 1
1251 847 1
