1 2 5
1 3 5
1 5 5
1 36 5
1 71 5
1 80 5
1 106 5
1 118 5
1 151 5
1 181 5
1 247 5
1 257 5
1 275 5
1 294 5
1 302 5
1 329 5
1 331 5
1 334 5
1 363 5
1 365 5
1 394 5
1 400 5
1 401 5
2 4 5
2 6 5
2 7 5
2 88 5
2 95 5
2 104 5
2 135 5
2 151 5
2 165 5
2 193 5
2 234 5
2 301 5
2 302 5
2 308 5
2 330 5
2 332 5
2 363 5
2 364 5
2 399 5
2 400 5
2 401 5
3 7 5
3 39 5
3 47 5
3 52 5
3 81 5
3 100 5
3 176 5
3 258 5
3 270 5
3 273 5
3 301 5
3 302 5
3 325 5
3 401 5
4 9 5
4 114 5
4 123 5
4 125 5
4 220 5
4 233 5
4 316 5
4 365 5
4 400 5
5 12 5
5 16 5
5 21 5
5 43 5
5 53 5
5 85 5
5 144 5
5 226 5
6 10 5
6 22 5
6 45 5
6 87 5
6 106 5
6 110 5
6 168 5
6 199 5
6 258 5
7 9 5
7 11 5
7 55 5
7 111 5
7 136 5
7 180 5
7 191 5
7 328 5
7 345 5
8 9 5
8 10 5
8 26 5
8 39 5
8 85 5
8 130 5
9 11 5
9 12 5
9 20 5
9 41 5
9 105 5
9 108 5
9 109 5
9 223 5
10 12 5
10 150 5
10 206 5
10 216 5
10 285 5
11 12 5
11 13 5
11 15 5
11 56 5
11 147 5
11 197 5
11 220 5
11 269 5
11 296 5
12 16 5
12 17 5
12 66 5
12 154 5
12 170 5
12 195 5
12 235 5
13 14 5
13 15 5
13 16 5
13 18 5
13 132 5
14 15 5
14 18 5
14 81 5
14 155 5
14 179 5
14 306 5
14 313 5
14 391 5
15 18 5
15 20 5
15 22 5
15 36 5
15 74 5
15 237 5
15 353 5
16 24 5
16 26 5
16 57 5
16 79 5
16 242 5
16 303 5
17 18 5
17 21 5
17 120 5
17 125 5
17 193 5
17 222 5
18 19 5
18 22 5
18 23 5
18 94 5
18 106 5
18 293 5
19 27 5
19 51 5
19 199 5
19 222 5
19 225 5
19 227 5
19 341 5
20 52 5
20 100 5
20 102 5
20 106 5
20 154 5
20 159 5
20 213 5
21 24 5
21 25 5
21 70 5
21 128 5
21 235 5
21 246 5
22 26 5
22 28 5
22 98 5
22 123 5
22 329 5
22 397 5
23 28 5
23 40 5
23 276 5
23 298 5
24 28 5
24 59 5
24 80 5
24 106 5
24 129 5
24 143 5
24 161 5
24 224 5
24 375 5
24 377 5
25 29 5
25 36 5
25 50 5
25 56 5
25 102 5
25 133 5
25 364 5
26 28 5
26 210 5
26 267 5
26 397 5
27 29 5
27 241 5
27 252 5
27 274 5
27 329 5
28 29 5
28 30 5
28 207 5
28 212 5
28 391 5
29 31 5
29 39 5
29 85 5
29 182 5
29 220 5
29 385 5
30 31 5
30 32 5
30 33 5
30 177 5
31 32 5
31 33 5
31 65 5
31 135 5
31 140 5
31 189 5
32 35 5
32 36 5
32 113 5
32 218 5
32 273 5
32 372 5
33 34 5
33 45 5
33 58 5
33 110 5
33 122 5
33 222 5
33 247 5
33 259 5
33 273 5
33 297 5
34 37 5
34 39 5
34 46 5
34 85 5
34 103 5
34 256 5
34 344 5
35 37 5
35 38 5
35 127 5
35 251 5
35 293 5
36 40 5
36 43 5
36 83 5
36 132 5
36 160 5
36 184 5
36 268 5
37 56 5
37 78 5
37 89 5
37 112 5
37 241 5
37 272 5
37 289 5
37 292 5
37 313 5
37 365 5
37 367 5
37 380 5
37 382 5
38 39 5
38 40 5
38 43 5
38 82 5
38 164 5
38 247 5
38 360 5
39 40 5
39 150 5
40 41 5
40 42 5
40 82 5
40 117 5
40 146 5
40 283 5
40 318 5
40 334 5
40 360 5
40 373 5
41 76 5
41 90 5
41 94 5
41 168 5
41 314 5
41 356 5
41 401 5
42 46 5
42 69 5
42 190 5
42 195 5
42 274 5
43 48 5
43 84 5
43 114 5
43 126 5
43 161 5
43 195 5
43 289 5
43 329 5
43 350 5
44 45 5
44 48 5
44 75 5
44 103 5
44 111 5
44 133 5
44 263 5
44 273 5
44 309 5
45 49 5
45 63 5
45 118 5
45 126 5
45 145 5
45 268 5
45 307 5
46 47 5
46 49 5
46 99 5
46 215 5
46 238 5
46 362 5
46 368 5
47 49 5
47 50 5
47 92 5
47 102 5
47 127 5
47 157 5
48 49 5
48 50 5
48 52 5
48 113 5
48 143 5
48 213 5
48 267 5
48 271 5
49 52 5
49 53 5
49 165 5
49 186 5
49 201 5
50 52 5
50 80 5
50 330 5
50 363 5
51 53 5
51 109 5
51 152 5
51 167 5
51 176 5
51 188 5
51 249 5
51 327 5
52 56 5
52 192 5
52 201 5
52 278 5
52 359 5
53 54 5
53 55 5
53 91 5
53 213 5
53 236 5
53 397 5
54 56 5
54 59 5
54 71 5
54 174 5
54 179 5
54 219 5
55 56 5
55 59 5
55 124 5
55 172 5
55 282 5
56 57 5
56 58 5
56 101 5
56 209 5
56 278 5
56 354 5
57 58 5
57 127 5
57 169 5
57 177 5
57 206 5
57 298 5
57 319 5
57 324 5
57 350 5
58 59 5
58 98 5
58 322 5
58 331 5
59 63 5
59 64 5
59 117 5
59 281 5
60 61 5
60 90 5
60 154 5
60 205 5
60 226 5
60 249 5
60 369 5
61 64 5
61 65 5
61 66 5
61 152 5
61 159 5
61 173 5
61 275 5
61 300 5
62 64 5
62 66 5
62 76 5
62 77 5
62 92 5
62 154 5
62 289 5
63 66 5
63 247 5
63 275 5
64 66 5
64 68 5
64 116 5
64 126 5
64 154 5
64 186 5
64 239 5
64 311 5
64 317 5
65 66 5
65 136 5
65 170 5
65 221 5
65 360 5
66 68 5
66 70 5
66 79 5
66 127 5
66 213 5
66 324 5
66 378 5
67 68 5
67 179 5
67 209 5
67 212 5
67 220 5
67 237 5
67 303 5
67 308 5
68 157 5
68 166 5
68 173 5
68 185 5
69 72 5
69 136 5
69 145 5
69 153 5
69 181 5
70 71 5
70 93 5
70 148 5
70 202 5
70 244 5
70 305 5
70 352 5
70 375 5
71 73 5
71 106 5
71 135 5
71 183 5
71 246 5
71 327 5
72 73 5
72 76 5
72 77 5
72 118 5
72 128 5
73 137 5
73 142 5
73 157 5
73 176 5
73 233 5
73 238 5
74 76 5
74 77 5
74 78 5
74 119 5
74 371 5
75 76 5
75 79 5
75 80 5
75 240 5
75 274 5
75 293 5
75 295 5
76 77 5
76 81 5
76 144 5
76 205 5
76 323 5
77 106 5
77 168 5
77 286 5
77 330 5
77 363 5
78 80 5
78 121 5
79 81 5
79 104 5
79 119 5
79 258 5
79 273 5
79 347 5
80 84 5
80 172 5
80 249 5
81 82 5
81 83 5
81 86 5
81 124 5
81 223 5
81 317 5
82 83 5
82 84 5
82 86 5
82 87 5
82 99 5
82 100 5
83 84 5
83 137 5
84 86 5
84 88 5
84 108 5
84 149 5
84 192 5
84 238 5
85 90 5
85 109 5
85 212 5
85 239 5
85 284 5
85 316 5
85 330 5
85 353 5
86 89 5
86 120 5
86 210 5
86 237 5
86 334 5
87 116 5
87 121 5
87 236 5
87 280 5
87 317 5
87 325 5
88 90 5
88 93 5
88 121 5
88 212 5
88 233 5
88 274 5
89 93 5
89 169 5
89 263 5
89 291 5
89 323 5
89 394 5
90 95 5
90 145 5
90 278 5
90 324 5
90 355 5
90 384 5
91 92 5
91 94 5
91 95 5
91 112 5
91 125 5
91 155 5
91 180 5
91 250 5
92 93 5
92 94 5
92 171 5
92 262 5
93 97 5
93 195 5
93 278 5
94 95 5
94 96 5
94 99 5
94 282 5
94 310 5
95 97 5
95 99 5
95 101 5
95 332 5
95 368 5
96 98 5
96 101 5
96 136 5
96 202 5
96 272 5
97 100 5
97 112 5
97 128 5
97 166 5
97 241 5
98 101 5
98 102 5
98 150 5
98 275 5
98 304 5
98 313 5
99 101 5
99 148 5
99 179 5
100 139 5
100 150 5
100 219 5
100 226 5
100 262 5
101 104 5
101 105 5
101 165 5
101 332 5
102 103 5
102 173 5
102 207 5
102 277 5
102 296 5
102 331 5
102 360 5
103 105 5
103 120 5
103 142 5
103 186 5
103 195 5
103 275 5
103 299 5
104 106 5
104 108 5
104 170 5
104 304 5
105 106 5
105 110 5
105 281 5
105 383 5
106 120 5
106 127 5
106 162 5
106 349 5
107 110 5
107 112 5
107 151 5
107 225 5
107 254 5
107 361 5
108 109 5
108 112 5
108 149 5
109 113 5
109 127 5
109 157 5
109 211 5
109 237 5
109 338 5
110 114 5
110 244 5
110 327 5
111 115 5
111 194 5
111 242 5
111 299 5
112 116 5
112 173 5
112 316 5
113 115 5
113 117 5
113 257 5
113 321 5
113 344 5
114 117 5
114 119 5
114 231 5
115 116 5
115 117 5
115 297 5
115 307 5
116 136 5
116 179 5
116 310 5
117 168 5
117 192 5
117 212 5
117 234 5
117 325 5
118 121 5
118 123 5
118 205 5
118 314 5
118 343 5
119 135 5
119 141 5
119 147 5
119 182 5
119 236 5
119 250 5
119 328 5
119 334 5
119 348 5
120 121 5
120 130 5
120 150 5
120 162 5
120 329 5
121 123 5
121 124 5
121 125 5
121 223 5
121 324 5
122 123 5
122 127 5
122 243 5
122 296 5
123 128 5
123 139 5
123 272 5
123 319 5
123 361 5
123 396 5
124 167 5
124 203 5
124 371 5
125 129 5
125 289 5
125 302 5
125 386 5
126 129 5
126 165 5
126 241 5
126 393 5
127 131 5
127 176 5
127 264 5
128 129 5
128 130 5
128 131 5
128 167 5
128 257 5
128 360 5
129 130 5
129 131 5
129 133 5
129 178 5
130 134 5
130 152 5
130 172 5
130 190 5
130 193 5
130 241 5
130 317 5
131 135 5
131 170 5
131 195 5
131 201 5
131 342 5
131 358 5
132 203 5
132 238 5
132 277 5
133 134 5
133 137 5
133 251 5
133 287 5
134 135 5
134 136 5
134 138 5
134 215 5
134 254 5
134 287 5
135 136 5
135 138 5
135 342 5
136 137 5
136 142 5
136 184 5
136 223 5
136 328 5
137 138 5
137 139 5
137 141 5
137 144 5
138 142 5
138 143 5
138 229 5
138 286 5
138 327 5
139 144 5
139 147 5
139 252 5
139 255 5
140 141 5
140 148 5
140 164 5
140 191 5
140 199 5
140 208 5
140 241 5
140 256 5
140 287 5
141 144 5
141 146 5
141 219 5
141 330 5
142 143 5
142 146 5
142 154 5
142 231 5
142 344 5
143 145 5
143 146 5
143 207 5
143 285 5
143 343 5
144 147 5
144 241 5
144 284 5
144 387 5
145 149 5
145 257 5
145 300 5
145 316 5
146 149 5
146 150 5
146 151 5
146 248 5
147 172 5
147 308 5
148 348 5
148 357 5
149 151 5
149 154 5
150 174 5
150 183 5
150 196 5
150 206 5
150 209 5
151 152 5
151 153 5
151 184 5
151 230 5
153 154 5
153 203 5
154 156 5
155 157 5
155 159 5
155 195 5
155 198 5
156 159 5
156 231 5
156 326 5
157 237 5
157 249 5
157 321 5
157 346 5
158 159 5
158 160 5
158 161 5
158 189 5
159 161 5
159 163 5
159 349 5
160 161 5
160 164 5
160 356 5
161 176 5
161 191 5
161 197 5
162 203 5
162 228 5
162 271 5
163 167 5
163 168 5
163 171 5
164 165 5
164 166 5
164 167 5
164 363 5
165 189 5
165 306 5
166 167 5
166 168 5
166 170 5
168 170 5
168 204 5
168 345 5
169 171 5
169 173 5
169 174 5
169 175 5
169 205 5
170 173 5
170 384 5
171 175 5
171 186 5
171 243 5
172 176 5
172 177 5
172 239 5
172 309 5
172 319 5
173 177 5
173 192 5
173 213 5
173 235 5
173 242 5
173 330 5
174 176 5
174 177 5
174 178 5
174 185 5
174 189 5
174 219 5
175 178 5
175 207 5
175 208 5
175 369 5
176 178 5
176 180 5
176 181 5
176 228 5
176 253 5
177 182 5
177 302 5
178 180 5
178 181 5
178 210 5
178 223 5
179 183 5
179 184 5
179 204 5
179 301 5
180 185 5
180 238 5
180 271 5
180 283 5
180 310 5
180 328 5
181 186 5
181 314 5
181 392 5
182 183 5
182 186 5
182 254 5
183 198 5
183 260 5
183 270 5
183 312 5
183 360 5
184 188 5
184 189 5
184 234 5
184 342 5
185 187 5
185 339 5
185 390 5
186 190 5
186 312 5
186 314 5
187 188 5
187 189 5
187 190 5
187 191 5
188 193 5
188 322 5
188 333 5
188 360 5
189 191 5
189 225 5
189 281 5
190 191 5
190 192 5
190 223 5
190 225 5
190 326 5
191 195 5
191 230 5
192 194 5
192 196 5
192 197 5
192 198 5
192 266 5
192 285 5
193 195 5
193 197 5
193 258 5
193 363 5
194 195 5
194 196 5
194 290 5
194 313 5
194 336 5
195 197 5
195 200 5
196 200 5
196 221 5
196 240 5
196 244 5
196 316 5
197 200 5
197 202 5
198 315 5
198 352 5
198 366 5
199 200 5
199 201 5
199 204 5
199 233 5
200 215 5
200 275 5
200 300 5
200 323 5
201 203 5
201 282 5
201 357 5
202 203 5
202 204 5
202 206 5
202 249 5
203 205 5
203 207 5
203 295 5
204 208 5
204 218 5
204 320 5
205 210 5
205 259 5
206 207 5
206 399 5
207 327 5
207 370 5
208 209 5
208 213 5
208 263 5
209 210 5
209 211 5
210 214 5
210 256 5
210 266 5
210 371 5
211 213 5
211 214 5
211 216 5
211 249 5
211 259 5
211 279 5
212 214 5
212 217 5
212 300 5
212 307 5
214 215 5
214 217 5
214 218 5
214 226 5
214 338 5
215 216 5
215 218 5
215 219 5
215 322 5
216 218 5
216 220 5
216 362 5
217 221 5
217 322 5
217 361 5
218 220 5
218 379 5
219 220 5
219 223 5
219 269 5
220 221 5
220 223 5
220 224 5
221 286 5
221 366 5
222 223 5
222 224 5
222 225 5
222 262 5
222 337 5
222 389 5
223 224 5
223 226 5
223 228 5
224 225 5
224 226 5
224 228 5
224 287 5
225 286 5
226 227 5
226 230 5
226 231 5
226 257 5
227 229 5
227 230 5
227 231 5
229 231 5
229 232 5
230 234 5
230 275 5
230 368 5
231 250 5
232 236 5
232 237 5
232 282 5
233 235 5
233 237 5
233 238 5
233 323 5
233 352 5
233 357 5
234 236 5
234 237 5
234 238 5
235 236 5
235 276 5
235 309 5
236 238 5
236 241 5
238 242 5
238 243 5
238 263 5
239 241 5
239 245 5
240 241 5
240 339 5
241 244 5
241 258 5
242 246 5
242 252 5
243 244 5
243 245 5
243 247 5
243 248 5
244 247 5
244 248 5
244 299 5
244 389 5
245 246 5
245 249 5
245 362 5
246 248 5
247 252 5
247 260 5
247 271 5
247 335 5
247 384 5
248 251 5
248 252 5
249 253 5
249 310 5
250 251 5
250 254 5
251 253 5
251 275 5
251 329 5
252 257 5
252 348 5
253 254 5
253 255 5
253 258 5
253 331 5
253 334 5
254 256 5
254 333 5
255 256 5
255 257 5
255 258 5
255 263 5
256 257 5
256 260 5
256 307 5
257 261 5
257 395 5
258 260 5
258 262 5
259 264 5
261 262 5
261 263 5
261 265 5
261 283 5
261 321 5
262 266 5
262 278 5
262 304 5
263 267 5
263 268 5
263 333 5
264 266 5
264 267 5
264 268 5
265 266 5
265 267 5
265 270 5
266 267 5
266 268 5
266 269 5
266 398 5
267 268 5
268 270 5
268 272 5
268 273 5
268 302 5
269 271 5
270 271 5
270 298 5
271 275 5
272 274 5
272 275 5
272 276 5
273 277 5
274 275 5
274 277 5
274 278 5
275 276 5
276 277 5
276 279 5
276 280 5
276 317 5
277 278 5
278 280 5
278 357 5
279 282 5
279 320 5
280 283 5
280 284 5
280 318 5
280 330 5
281 313 5
282 286 5
282 344 5
283 284 5
283 285 5
283 287 5
284 286 5
284 288 5
285 287 5
285 290 5
285 306 5
286 287 5
286 288 5
286 318 5
287 289 5
287 290 5
287 358 5
287 387 5
288 290 5
288 291 5
289 290 5
290 291 5
290 293 5
290 294 5
291 292 5
291 293 5
291 295 5
291 337 5
292 295 5
292 316 5
293 295 5
294 296 5
294 297 5
294 299 5
294 352 5
295 297 5
295 300 5
295 389 5
296 297 5
296 299 5
296 339 5
297 298 5
297 299 5
297 301 5
297 302 5
297 311 5
298 299 5
298 302 5
299 300 5
300 301 5
300 305 5
301 302 5
301 303 5
301 313 5
302 303 5
302 304 5
302 306 5
302 357 5
303 304 5
303 305 5
303 307 5
303 320 5
304 306 5
304 307 5
304 363 5
305 309 5
305 310 5
305 352 5
306 307 5
306 308 5
306 309 5
306 310 5
307 308 5
307 309 5
307 356 5
308 311 5
308 312 5
308 318 5
309 311 5
309 312 5
310 312 5
310 313 5
310 314 5
311 314 5
311 315 5
312 313 5
312 315 5
312 317 5
313 315 5
313 316 5
314 318 5
314 319 5
315 317 5
315 318 5
316 318 5
316 319 5
316 320 5
317 322 5
317 381 5
319 322 5
320 323 5
320 324 5
320 325 5
321 326 5
321 389 5
322 324 5
322 327 5
323 325 5
323 328 5
324 326 5
324 327 5
324 329 5
324 366 5
325 326 5
325 327 5
325 328 5
325 330 5
326 327 5
326 328 5
326 330 5
327 328 5
327 329 5
327 331 5
327 356 5
328 388 5
329 330 5
329 331 5
331 333 5
331 335 5
332 333 5
332 334 5
332 335 5
332 336 5
333 334 5
333 335 5
333 338 5
334 335 5
335 337 5
336 337 5
336 338 5
337 338 5
337 339 5
337 340 5
337 341 5
338 341 5
338 355 5
339 340 5
339 342 5
340 341 5
340 342 5
340 398 5
341 342 5
341 343 5
341 344 5
341 346 5
342 344 5
342 347 5
343 344 5
343 345 5
343 346 5
343 347 5
344 346 5
344 348 5
345 346 5
346 348 5
346 349 5
347 348 5
347 349 5
347 350 5
347 351 5
348 350 5
348 351 5
348 353 5
349 351 5
349 352 5
350 351 5
350 352 5
350 353 5
350 354 5
351 352 5
351 353 5
351 354 5
352 355 5
353 354 5
354 355 5
354 356 5
355 356 5
355 358 5
355 359 5
356 358 5
356 359 5
356 361 5
356 369 5
357 359 5
358 359 5
358 361 5
359 360 5
359 361 5
359 363 5
360 361 5
361 364 5
361 365 5
362 363 5
362 364 5
362 366 5
363 364 5
363 365 5
363 366 5
363 394 5
364 365 5
364 366 5
364 367 5
364 368 5
365 366 5
365 367 5
365 368 5
365 369 5
366 368 5
366 369 5
367 368 5
367 369 5
367 370 5
367 371 5
367 372 5
368 370 5
368 371 5
369 371 5
369 372 5
369 373 5
369 395 5
370 371 5
370 372 5
370 373 5
370 374 5
371 372 5
371 373 5
372 373 5
372 374 5
372 375 5
372 377 5
373 374 5
373 375 5
373 376 5
373 378 5
374 375 5
374 376 5
374 377 5
374 378 5
375 376 5
375 377 5
375 379 5
376 377 5
376 378 5
376 379 5
376 380 5
377 379 5
377 380 5
377 381 5
377 382 5
378 379 5
378 380 5
378 382 5
378 391 5
379 380 5
379 381 5
379 382 5
379 383 5
380 381 5
380 382 5
380 383 5
380 384 5
380 400 5
381 382 5
381 383 5
381 384 5
381 385 5
381 389 5
382 383 5
382 385 5
382 386 5
383 384 5
383 385 5
383 386 5
383 387 5
384 385 5
384 387 5
384 388 5
385 386 5
385 387 5
385 388 5
385 389 5
385 390 5
386 387 5
386 388 5
386 390 5
387 388 5
387 389 5
387 390 5
387 391 5
388 389 5
388 390 5
388 391 5
388 392 5
389 392 5
390 391 5
390 392 5
390 393 5
390 394 5
390 398 5
391 392 5
391 393 5
392 393 5
392 394 5
392 395 5
392 396 5
393 394 5
393 395 5
393 396 5
393 397 5
394 397 5
394 398 5
395 396 5
395 398 5
395 399 5
396 397 5
396 398 5
396 399 5
396 400 5
397 398 5
397 400 5
398 399 5
398 400 5
399 400 5
399 401 5
