39 113 1
39 113 1
29 120 1
79 123 1
211 778 1
79 123 1
273 778 1
79 123 1
79 123 1
268 778 1
79 123 1
79 123 1
79 123 1
79 123 1
79 123 1
79 123 1
79 123 1
778 804 1
79 123 1
778 804 1
79 123 1
79 123 1
79 123 1
79 123 1
39 113 1
39 113 1
113 120 1
79 123 1
29 39 1
39 113 1
39 113 1
79 123 1
79 123 1
273 778 1
273 778 1
29 120 1
273 778 1
29 120 1
79 123 1
29 120 1
39 113 1
39 113 1
39 113 1
120 494 1
39 113 1
39 113 1
39 113 1
39 113 1
265 826 1
39 113 1
211 265 1
184 265 1
120 196 1
29 662 1
120 172 1
29 662 1
120 172 1
29 662 1
29 662 1
29 662 1
481 709 1
268 778 1
778 826 1
50 826 1
131 184 1
150 209 1
50 335 1
50 771 1
184 268 1
50 335 1
150 709 1
118 268 1
184 804 1
50 771 1
184 268 1
184 804 1
209 804 1
268 804 1
184 268 1
184 845 1
184 268 1
184 268 1
184 268 1
118 184 1
184 268 1
184 268 1
275 845 1
184 268 1
275 804 1
275 845 1
184 268 1
211 778 1
184 268 1
184 268 1
118 184 1
184 268 1
184 268 1
275 804 1
275 845 1
492 601 1
492 601 1
492 601 1
50 771 1
492 601 1
492 601 1
118 184 1
275 804 1
153 709 1
275 804 1
804 845 1
153 448 1
275 804 1
804 845 1
211 778 1
211 778 1
275 804 1
205 223 1
211 778 1
275 804 1
205 223 1
211 778 1
211 778 1
268 804 1
211 778 1
205 223 1
211 778 1
211 778 1
211 778 1
211 778 1
118 184 1
211 778 1
118 184 1
211 778 1
211 778 1
211 778 1
211 778 1
118 184 1
205 223 1
211 778 1
118 184 1
211 778 1
118 184 1
211 778 1
211 778 1
211 778 1
211 778 1
211 778 1
205 223 1
211 778 1
211 778 1
205 223 1
211 778 1
211 778 1
211 778 1
211 778 1
15 123 1
15 123 1
275 804 1
211 222 1
751 778 1
273 778 1
275 845 1
751 778 1
273 778 1
273 778 1
17 101 1
17 101 1
153 492 1
15 123 1
275 804 1
275 804 1
265 826 1
265 826 1
265 826 1
804 845 1
116 211 1
118 184 1
116 211 1
118 184 1
273 778 1
273 778 1
804 845 1
116 265 1
804 845 1
120 172 1
804 845 1
15 123 1
118 184 1
15 123 1
15 123 1
273 778 1
184 268 1
275 845 1
118 804 1
184 268 1
184 804 1
275 804 1
184 268 1
15 123 1
15 123 1
15 123 1
15 123 1
15 123 1
273 778 1
15 123 1
35 804 1
184 268 1
273 778 1
751 778 1
17 50 1
105 113 1
105 113 1
105 113 1
105 113 1
39 79 1
105 113 1
211 778 1
105 113 1
105 113 1
105 113 1
95 116 1
105 113 1
21 101 1
116 778 1
105 113 1
105 113 1
105 113 1
105 113 1
105 113 1
105 113 1
105 113 1
105 113 1
105 113 1
105 113 1
153 492 1
105 113 1
105 113 1
105 113 1
105 113 1
105 113 1
105 113 1
105 113 1
105 113 1
105 113 1
105 113 1
105 113 1
105 113 1
105 113 1
105 113 1
105 113 1
105 113 1
105 113 1
105 113 1
105 113 1
105 113 1
105 113 1
105 113 1
105 113 1
105 113 1
105 113 1
105 113 1
105 113 1
15 123 1
778 845 1
804 845 1
804 845 1
804 845 1
105 113 1
804 845 1
105 113 1
105 113 1
105 113 1
105 113 1
105 113 1
105 113 1
120 172 1
120 172 1
120 172 1
120 172 1
120 172 1
778 845 1
105 113 1
120 172 1
105 113 1
105 113 1
105 113 1
105 113 1
105 113 1
105 113 1
105 113 1
105 113 1
105 113 1
105 113 1
105 113 1
105 113 1
778 845 1
105 113 1
105 113 1
184 751 1
105 113 1
105 113 1
105 113 1
105 113 1
105 113 1
105 113 1
184 751 1
105 113 1
21 101 1
105 113 1
105 113 1
21 101 1
105 113 1
105 113 1
184 751 1
63 709 1
205 939 1
184 751 1
205 939 1
205 939 1
184 751 1
184 751 1
184 751 1
205 939 1
184 751 1
205 939 1
184 751 1
205 939 1
105 113 1
184 751 1
205 939 1
105 113 1
184 751 1
105 113 1
105 113 1
105 113 1
105 113 1
105 113 1
105 113 1
120 172 1
778 845 1
105 113 1
105 113 1
105 113 1
105 113 1
120 172 1
105 113 1
105 113 1
172 196 1
172 196 1
105 113 1
105 113 1
105 113 1
265 826 1
105 113 1
105 113 1
778 845 1
105 113 1
105 113 1
105 113 1
105 113 1
63 481 1
105 113 1
105 113 1
153 448 1
222 267 1
105 113 1
105 113 1
105 113 1
105 113 1
105 113 1
63 709 1
63 709 1
63 481 1
150 153 1
153 601 1
17 50 1
17 50 1
17 50 1
179 335 1
50 209 1
50 209 1
17 209 1
50 209 1
21 80 1
311 662 1
80 662 1
311 662 1
496 662 1
335 771 1
335 771 1
335 771 1
335 771 1
80 311 1
335 771 1
311 662 1
335 771 1
335 771 1
335 771 1
335 771 1
335 771 1
63 481 1
63 499 1
481 709 1
63 709 1
79 804 1
63 481 1
63 709 1
63 481 1
63 709 1
481 709 1
63 709 1
63 709 1
184 265 1
265 826 1
63 709 1
265 804 1
63 709 1
79 222 1
79 222 1
79 222 1
63 481 1
79 222 1
79 222 1
79 222 1
79 222 1
79 222 1
153 492 1
63 709 1
153 492 1
153 492 1
63 709 1
63 709 1
63 709 1
63 709 1
63 481 1
63 481 1
63 709 1
63 481 1
29 95 1
29 95 1
50 265 1
21 101 1
21 101 1
21 101 1
153 492 1
21 179 1
63 481 1
63 709 1
265 751 1
63 481 1
63 481 1
63 709 1
63 709 1
335 771 1
311 826 1
662 826 1
101 662 1
311 335 1
311 771 1
662 751 1
662 771 1
335 771 1
265 751 1
751 826 1
209 751 1
118 209 1
63 709 1
21 101 1
222 601 1
222 601 1
222 601 1
63 709 1
63 481 1
63 481 1
63 481 1
119 335 1
119 335 1
119 335 1
119 335 1
119 335 1
63 116 1
63 116 1
63 116 1
63 116 1
63 481 1
481 709 1
63 116 1
63 709 1
63 116 1
63 481 1
63 709 1
116 709 1
63 116 1
116 709 1
63 116 1
63 116 1
63 709 1
223 496 1
63 116 1
63 709 1
63 709 1
63 709 1
63 116 1
63 709 1
116 709 1
63 116 1
63 709 1
63 709 1
63 709 1
63 709 1
63 709 1
63 116 1
63 709 1
265 751 1
63 709 1
179 875 1
179 875 1
17 771 1
116 211 1
116 211 1
116 211 1
116 211 1
116 265 1
311 662 1
63 116 1
481 709 1
481 709 1
63 709 1
63 116 1
63 709 1
116 709 1
63 709 1
481 709 1
63 481 1
29 95 1
63 481 1
63 709 1
29 95 1
63 709 1
29 222 1
63 709 1
481 499 1
79 222 1
153 492 1
79 222 1
153 492 1
153 492 1
153 492 1
21 101 1
63 709 1
153 492 1
153 492 1
63 709 1
448 492 1
63 709 1
63 154 1
63 154 1
153 492 1
153 481 1
492 499 1
63 153 1
481 709 1
153 492 1
153 492 1
153 492 1
29 39 1
29 39 1
29 39 1
29 39 1
153 492 1
153 492 1
153 492 1
63 153 1
29 39 1
29 39 1
29 39 1
63 154 1
29 39 1
29 39 1
29 39 1
29 39 1
29 39 1
63 601 1
63 601 1
29 39 1
63 150 1
63 601 1
29 39 1
29 39 1
15 223 1
29 39 1
153 492 1
29 39 1
153 492 1
29 39 1
17 771 1
153 492 1
153 492 1
153 492 1
153 492 1
153 492 1
153 492 1
153 492 1
153 492 1
153 492 1
153 492 1
153 492 1
153 492 1
29 39 1
265 875 1
153 709 1
29 39 1
153 709 1
153 709 1
29 39 1
153 709 1
265 826 1
29 39 1
29 39 1
153 709 1
153 709 1
63 481 1
63 481 1
63 481 1
153 492 1
63 481 1
63 481 1
153 492 1
153 492 1
116 709 1
153 492 1
275 804 1
153 492 1
153 492 1
275 804 1
153 492 1
153 492 1
265 826 1
265 826 1
265 826 1
153 492 1
153 492 1
153 492 1
265 826 1
265 826 1
153 492 1
153 492 1
153 492 1
63 709 1
153 492 1
29 116 1
63 95 1
116 211 1
116 211 1
29 95 1
29 95 1
29 95 1
492 601 1
492 601 1
492 601 1
492 601 1
492 601 1
492 601 1
492 601 1
492 601 1
492 601 1
492 601 1
492 601 1
492 601 1
492 601 1
492 601 1
492 601 1
492 601 1
492 601 1
492 601 1
492 601 1
492 601 1
492 601 1
492 601 1
63 709 1
492 601 1
492 601 1
492 601 1
268 826 1
268 826 1
223 496 1
223 496 1
223 496 1
223 496 1
150 709 1
223 496 1
150 709 1
153 601 1
223 496 1
150 709 1
153 601 1
223 496 1
29 95 1
150 709 1
153 601 1
223 496 1
29 95 1
150 709 1
223 496 1
29 95 1
119 804 1
223 496 1
223 496 1
153 601 1
223 496 1
153 601 1
223 496 1
153 601 1
17 771 1
223 496 1
153 601 1
223 496 1
153 601 1
223 496 1
223 496 1
223 496 1
223 496 1
223 496 1
223 496 1
223 496 1
223 496 1
275 826 1
804 826 1
223 496 1
275 804 1
223 496 1
223 496 1
184 751 1
223 496 1
184 751 1
223 496 1
223 496 1
223 496 1
184 751 1
223 496 1
184 751 1
223 496 1
223 496 1
223 496 1
223 496 1
184 751 1
184 751 1
184 751 1
116 150 1
184 751 1
184 751 1
184 268 1
184 751 1
268 751 1
184 751 1
184 751 1
79 222 1
131 826 1
184 751 1
184 751 1
184 751 1
184 751 1
184 751 1
268 751 1
184 268 1
184 751 1
268 751 1
184 751 1
268 751 1
184 751 1
184 751 1
268 751 1
184 751 1
184 268 1
184 751 1
268 751 1
184 751 1
268 751 1
184 751 1
268 751 1
268 751 1
184 268 1
184 268 1
116 709 1
268 751 1
184 751 1
184 268 1
184 268 1
50 265 1
481 709 1
184 751 1
184 751 1
184 751 1
184 751 1
184 751 1
123 222 1
123 222 1
123 222 1
123 222 1
123 222 1
153 492 1
265 826 1
172 819 1
265 826 1
153 492 1
265 826 1
265 826 1
265 826 1
29 513 1
153 492 1
153 492 1
95 222 1
95 222 1
95 222 1
95 120 1
95 120 1
95 120 1
95 120 1
95 120 1
95 120 1
95 120 1
95 120 1
95 120 1
95 120 1
95 120 1
95 120 1
95 120 1
95 120 1
95 120 1
95 120 1
95 120 1
95 120 1
95 120 1
95 120 1
95 120 1
95 120 1
102 131 1
268 845 1
