150 499 1
150 533 1
240 938 1
150 533 1
56 102 1
119 804 1
119 804 1
119 804 1
39 819 1
150 533 1
119 804 1
119 804 1
39 779 1
39 779 1
39 779 1
39 779 1
39 779 1
39 779 1
113 779 1
39 113 1
273 826 1
39 662 1
39 819 1
779 819 1
779 819 1
662 779 1
662 779 1
779 819 1
779 819 1
779 819 1
153 271 1
779 819 1
153 271 1
205 662 1
779 819 1
779 819 1
113 194 1
779 819 1
113 194 1
113 194 1
779 819 1
184 273 1
113 194 1
113 194 1
113 194 1
50 102 1
56 132 1
113 194 1
56 132 1
39 123 1
95 939 1
39 123 1
56 132 1
95 939 1
56 132 1
56 132 1
56 132 1
63 481 1
194 939 1
56 132 1
63 481 1
95 194 1
56 132 1
35 265 1
87 265 1
56 132 1
87 265 1
87 265 1
50 285 1
56 132 1
172 779 1
56 132 1
56 132 1
63 481 1
56 132 1
56 132 1
56 132 1
63 481 1
268 804 1
56 132 1
63 481 1
268 804 1
63 481 1
268 804 1
56 132 1
63 481 1
268 804 1
56 132 1
63 481 1
268 804 1
56 132 1
63 481 1
56 132 1
63 481 1
63 481 1
63 481 1
63 481 1
63 481 1
63 481 1
63 481 1
63 481 1
56 132 1
63 481 1
63 481 1
63 481 1
63 481 1
63 481 1
63 481 1
63 481 1
119 804 1
63 481 1
63 481 1
63 481 1
63 481 1
63 481 1
63 481 1
63 481 1
63 481 1
63 481 1
63 481 1
184 751 1
63 481 1
63 481 1
184 751 1
184 751 1
184 751 1
184 751 1
184 751 1
184 751 1
184 751 1
184 751 1
184 751 1
184 751 1
184 751 1
184 751 1
63 481 1
184 751 1
311 939 1
184 751 1
311 939 1
184 751 1
311 939 1
184 751 1
184 751 1
285 431 1
63 481 1
184 751 1
80 102 1
184 751 1
184 751 1
285 875 1
184 751 1
184 751 1
285 875 1
285 875 1
285 875 1
285 875 1
481 709 1
285 875 1
184 751 1
265 826 1
285 875 1
184 751 1
122 154 1
265 826 1
122 154 1
285 875 1
122 154 1
265 826 1
285 875 1
122 154 1
285 875 1
113 939 1
240 804 1
113 939 1
265 431 1
265 431 1
285 875 1
113 939 1
285 875 1
113 939 1
285 875 1
113 939 1
285 875 1
113 939 1
113 939 1
113 939 1
265 285 1
122 154 1
122 154 1
122 154 1
63 481 1
265 826 1
184 751 1
184 751 1
184 751 1
184 751 1
184 751 1
184 751 1
184 751 1
184 751 1
184 751 1
184 751 1
273 826 1
63 499 1
123 172 1
39 123 1
63 87 1
285 431 1
39 123 1
39 496 1
39 496 1
39 496 1
63 481 1
29 39 1
113 194 1
79 123 1
123 253 1
123 253 1
63 153 1
63 153 1
123 253 1
79 253 1
79 253 1
63 153 1
134 784 1
134 784 1
134 784 1
134 784 1
134 784 1
134 784 1
35 778 1
134 784 1
134 784 1
134 784 1
134 784 1
134 784 1
285 875 1
134 784 1
134 784 1
134 784 1
63 153 1
134 784 1
63 153 1
134 784 1
134 784 1
285 875 1
63 153 1
63 153 1
79 253 1
134 784 1
63 153 1
134 784 1
63 153 1
63 153 1
285 875 1
63 153 1
63 153 1
79 253 1
63 153 1
79 253 1
123 253 1
285 875 1
63 153 1
285 875 1
743 826 1
285 875 1
285 875 1
285 875 1
285 875 1
285 875 1
79 253 1
79 123 1
79 123 1
29 39 1
79 123 1
79 123 1
79 123 1
79 123 1
79 123 1
123 253 1
123 253 1
123 253 1
123 253 1
123 253 1
123 253 1
123 253 1
123 253 1
123 253 1
123 253 1
123 253 1
123 253 1
123 253 1
123 253 1
132 603 1
123 253 1
123 253 1
123 253 1
123 253 1
123 253 1
153 271 1
123 253 1
153 271 1
123 253 1
153 271 1
123 253 1
153 271 1
184 751 1
123 253 1
153 271 1
184 751 1
123 253 1
123 253 1
123 253 1
123 253 1
184 751 1
123 253 1
184 751 1
123 253 1
35 743 1
123 253 1
123 253 1
184 751 1
123 253 1
184 751 1
123 253 1
184 751 1
123 253 1
184 751 1
123 253 1
184 751 1
123 253 1
184 751 1
123 253 1
184 751 1
123 253 1
184 751 1
123 253 1
184 751 1
123 253 1
184 751 1
123 253 1
184 751 1
123 253 1
184 751 1
123 253 1
184 751 1
123 253 1
184 751 1
123 253 1
184 751 1
240 804 1
240 804 1
184 751 1
240 804 1
184 751 1
184 751 1
123 253 1
184 751 1
123 253 1
119 804 1
123 253 1
119 804 1
123 253 1
105 779 1
123 253 1
184 751 1
123 253 1
184 751 1
184 751 1
184 751 1
123 253 1
184 751 1
123 253 1
123 253 1
123 253 1
119 804 1
123 253 1
123 253 1
123 253 1
123 253 1
273 778 1
123 253 1
273 778 1
123 253 1
273 778 1
123 253 1
273 778 1
123 253 1
273 778 1
123 253 1
273 778 1
123 253 1
123 253 1
123 253 1
123 253 1
123 253 1
123 253 1
123 253 1
123 253 1
123 253 1
119 240 1
123 253 1
119 240 1
119 240 1
119 240 1
123 253 1
119 240 1
123 253 1
123 253 1
119 240 1
123 253 1
132 164 1
751 778 1
123 253 1
132 164 1
751 778 1
123 253 1
132 164 1
119 240 1
123 253 1
123 253 1
119 132 1
123 253 1
119 132 1
132 164 1
123 253 1
123 253 1
255 778 1
123 253 1
123 253 1
123 253 1
123 253 1
123 253 1
123 253 1
123 253 1
123 253 1
123 253 1
123 253 1
132 164 1
123 253 1
123 253 1
123 253 1
123 253 1
123 253 1
123 253 1
123 253 1
123 253 1
184 751 1
123 253 1
123 253 1
132 164 1
184 751 1
123 253 1
184 751 1
194 987 1
123 253 1
184 751 1
123 253 1
184 751 1
123 253 1
184 751 1
123 253 1
123 253 1
123 253 1
123 253 1
123 253 1
123 253 1
123 253 1
123 253 1
184 751 1
123 253 1
184 751 1
123 253 1
123 253 1
123 253 1
123 253 1
123 253 1
153 271 1
123 253 1
123 253 1
123 253 1
123 253 1
778 826 1
778 826 1
778 826 1
123 253 1
123 253 1
778 826 1
778 826 1
123 253 1
240 804 1
778 826 1
240 804 1
778 826 1
123 253 1
240 804 1
778 826 1
123 253 1
240 804 1
123 253 1
240 804 1
743 778 1
123 253 1
743 778 1
123 253 1
123 253 1
240 804 1
123 253 1
240 804 1
123 253 1
240 804 1
240 804 1
240 804 1
240 804 1
240 804 1
240 804 1
240 804 1
240 804 1
240 804 1
123 253 1
123 253 1
123 253 1
123 253 1
240 804 1
123 253 1
240 804 1
39 205 1
240 804 1
123 253 1
123 253 1
153 271 1
240 804 1
63 164 1
123 253 1
240 804 1
123 253 1
56 804 1
123 253 1
123 253 1
123 253 1
123 253 1
123 253 1
123 253 1
164 987 1
123 253 1
164 987 1
123 253 1
164 987 1
499 533 1
164 987 1
164 987 1
172 875 1
63 154 1
29 194 1
39 181 1
39 194 1
154 181 1
122 154 1
50 134 1
134 875 1
50 134 1
134 875 1
50 134 1
50 875 1
134 875 1
39 194 1
50 875 1
134 875 1
181 194 1
39 181 1
39 194 1
50 875 1
134 875 1
50 875 1
134 875 1
50 875 1
134 875 1
134 875 1
134 875 1
50 875 1
134 875 1
134 875 1
134 875 1
134 765 1
50 134 1
134 311 1
134 765 1
311 765 1
50 285 1
50 134 1
134 311 1
120 265 1
122 153 1
122 153 1
255 743 1
153 271 1
134 285 1
134 431 1
50 134 1
134 285 1
134 285 1
134 285 1
50 134 1
134 285 1
150 448 1
285 431 1
50 134 1
134 285 1
50 134 1
134 285 1
285 431 1
50 134 1
134 285 1
134 285 1
50 134 1
134 285 1
50 134 1
134 285 1
50 134 1
50 134 1
134 285 1
50 134 1
134 285 1
134 285 1
285 431 1
285 431 1
123 223 1
285 431 1
48 209 1
255 826 1
48 209 1
205 819 1
205 819 1
132 779 1
164 311 1
56 132 1
779 987 1
164 172 1
164 172 1
164 172 1
164 172 1
123 253 1
743 784 1
743 784 1
743 784 1
743 784 1
39 194 1
39 194 1
63 481 1
39 87 1
743 784 1
39 87 1
39 194 1
39 194 1
39 194 1
39 194 1
39 743 1
39 194 1
39 743 1
123 253 1
39 194 1
63 481 1
39 194 1
123 765 1
123 253 1
123 743 1
123 253 1
123 253 1
123 253 1
123 743 1
63 709 1
123 253 1
39 194 1
39 194 1
39 194 1
39 194 1
123 164 1
39 194 1
123 164 1
39 194 1
123 164 1
39 194 1
123 164 1
164 253 1
164 253 1
164 253 1
123 164 1
164 253 1
123 164 1
164 253 1
123 164 1
164 253 1
123 164 1
164 253 1
123 164 1
123 253 1
164 253 1
123 164 1
123 253 1
164 253 1
123 164 1
123 253 1
164 253 1
63 481 1
123 164 1
164 253 1
63 481 1
123 164 1
164 253 1
63 481 1
123 164 1
63 481 1
123 164 1
123 253 1
164 253 1
123 164 1
123 253 1
164 253 1
123 164 1
123 253 1
164 253 1
123 164 1
123 253 1
123 164 1
164 253 1
123 253 1
164 253 1
123 164 1
123 253 1
164 253 1
603 791 1
123 164 1
123 253 1
164 253 1
118 164 1
123 164 1
123 253 1
164 253 1
603 791 1
123 164 1
164 253 1
123 164 1
123 253 1
164 253 1
603 791 1
123 164 1
123 253 1
164 253 1
123 164 1
164 253 1
123 164 1
123 164 1
164 253 1
123 164 1
164 253 1
123 164 1
123 164 1
123 164 1
123 164 1
164 253 1
123 164 1
123 164 1
164 253 1
123 164 1
123 164 1
164 253 1
123 164 1
164 253 1
123 164 1
784 875 1
134 751 1
134 751 1
95 662 1
134 184 1
134 751 1
184 751 1
134 184 1
134 751 1
184 751 1
123 253 1
184 751 1
95 181 1
134 751 1
134 751 1
95 819 1
134 751 1
134 751 1
164 533 1
95 819 1
122 164 1
122 533 1
122 533 1
122 533 1
134 751 1
134 751 1
95 819 1
134 751 1
95 819 1
134 751 1
134 751 1
134 751 1
134 751 1
134 751 1
134 751 1
134 751 1
95 819 1
134 751 1
134 751 1
134 751 1
87 265 1
80 285 1
87 265 1
134 751 1
80 285 1
134 751 1
223 448 1
80 285 1
87 265 1
134 751 1
63 223 1
63 481 1
80 285 1
87 265 1
95 123 1
134 751 1
80 285 1
134 751 1
134 751 1
223 791 1
134 751 1
80 285 1
265 743 1
80 285 1
134 751 1
265 743 1
80 285 1
134 751 1
80 285 1
265 743 1
63 533 1
63 533 1
63 533 1
63 533 1
63 533 1
63 533 1
779 819 1
265 743 1
481 533 1
63 499 1
265 743 1
63 481 1
153 271 1
63 481 1
265 743 1
63 481 1
63 481 1
63 481 1
63 481 1
265 743 1
63 481 1
265 743 1
311 662 1
63 481 1
265 743 1
311 662 1
63 481 1
265 743 1
311 662 1
265 743 1
311 662 1
311 662 1
311 662 1
311 662 1
311 662 1
311 662 1
311 662 1
311 662 1
311 662 1
311 662 1
311 662 1
311 662 1
154 499 1
311 662 1
154 499 1
265 743 1
63 499 1
63 481 1
311 662 1
311 662 1
154 271 1
311 662 1
311 662 1
779 819 1
311 819 1
311 819 1
779 819 1
223 791 1
273 778 1
311 662 1
265 743 1
172 779 1
194 311 1
194 311 1
153 533 1
194 311 1
271 533 1
153 271 1
265 743 1
194 311 1
194 311 1
194 311 1
63 709 1
153 271 1
153 271 1
153 271 1
285 875 1
63 481 1
153 271 1
153 271 1
153 271 1
265 743 1
153 271 1
153 271 1
153 271 1
268 826 1
153 271 1
153 271 1
153 271 1
153 271 1
153 271 1
153 271 1
285 875 1
153 271 1
153 271 1
285 875 1
63 481 1
153 271 1
63 481 1
153 271 1
63 481 1
153 271 1
194 311 1
63 481 1
153 271 1
194 311 1
63 481 1
153 271 1
63 481 1
153 271 1
63 481 1
153 271 1
63 481 1
153 271 1
265 743 1
153 271 1
265 743 1
153 271 1
265 743 1
153 271 1
153 271 1
153 271 1
153 271 1
153 271 1
223 791 1
153 271 1
265 743 1
153 271 1
265 743 1
153 271 1
265 743 1
153 271 1
265 743 1
50 80 1
153 271 1
153 271 1
153 271 1
153 271 1
223 791 1
265 743 1
153 271 1
153 271 1
153 271 1
223 791 1
153 271 1
223 791 1
153 271 1
223 791 1
153 271 1
273 778 1
273 778 1
273 778 1
153 271 1
153 533 1
273 778 1
273 778 1
273 778 1
273 778 1
273 778 1
273 778 1
119 875 1
265 743 1
273 778 1
87 875 1
265 743 1
273 778 1
273 778 1
273 778 1
273 778 1
63 481 1
223 791 1
273 778 1
223 791 1
273 778 1
273 778 1
273 778 1
153 533 1
273 778 1
273 778 1
273 778 1
273 778 1
273 778 1
113 181 1
265 743 1
273 778 1
265 743 1
273 778 1
119 499 1
265 743 1
273 778 1
119 499 1
273 778 1
285 431 1
273 778 1
273 778 1
265 743 1
273 778 1
273 778 1
273 778 1
265 743 1
271 533 1
273 778 1
153 533 1
265 743 1
63 481 1
153 533 1
265 743 1
63 481 1
63 481 1
153 533 1
273 778 1
153 533 1
265 743 1
273 778 1
265 743 1
273 778 1
153 271 1
273 778 1
153 271 1
265 743 1
273 778 1
265 743 1
273 778 1
273 778 1
265 743 1
271 533 1
273 778 1
265 743 1
271 533 1
273 778 1
265 743 1
271 533 1
273 778 1
273 778 1
273 778 1
273 778 1
39 662 1
265 743 1
273 778 1
39 662 1
273 778 1
273 778 1
273 778 1
273 778 1
271 533 1
265 743 1
63 481 1
63 709 1
105 113 1
265 743 1
63 709 1
105 113 1
63 709 1
105 113 1
63 709 1
105 113 1
63 709 1
105 113 1
105 113 1
105 113 1
105 113 1
271 533 1
105 113 1
271 533 1
271 533 1
63 481 1
271 533 1
265 743 1
265 743 1
265 743 1
265 743 1
265 743 1
265 743 1
265 743 1
265 743 1
271 533 1
265 743 1
265 743 1
265 743 1
271 533 1
265 743 1
265 743 1
56 132 1
265 743 1
265 743 1
271 533 1
153 271 1
265 743 1
265 743 1
265 743 1
265 743 1
265 743 1
29 791 1
265 743 1
265 743 1
265 743 1
265 743 1
265 743 1
265 743 1
265 743 1
265 743 1
265 743 1
265 743 1
265 743 1
63 709 1
265 743 1
63 481 1
56 132 1
265 743 1
311 662 1
779 819 1
181 804 1
779 819 1
265 743 1
194 804 1
311 804 1
194 804 1
194 804 1
194 804 1
194 804 1
265 743 1
194 804 1
265 743 1
265 743 1
255 826 1
255 826 1
194 804 1
181 804 1
184 751 1
181 804 1
751 826 1
181 804 1
184 265 1
181 804 1
265 826 1
181 804 1
184 751 1
181 804 1
184 751 1
181 804 1
184 751 1
181 804 1
184 751 1
181 804 1
184 751 1
181 804 1
184 751 1
181 804 1
184 751 1
181 804 1
181 804 1
181 804 1
184 751 1
181 804 1
181 804 1
181 804 1
273 743 1
181 804 1
273 743 1
181 804 1
181 804 1
181 804 1
181 804 1
181 804 1
184 751 1
511 804 1
511 804 1
511 804 1
63 499 1
63 499 1
15 123 1
122 153 1
153 154 1
39 181 1
15 123 1
39 181 1
122 153 1
39 181 1
15 123 1
122 153 1
122 153 1
273 743 1
273 743 1
273 743 1
273 743 1
273 743 1
265 826 1
223 311 1
265 826 1
273 743 1
273 743 1
15 123 1
273 743 1
273 743 1
273 743 1
273 743 1
273 743 1
273 743 1
184 255 1
273 743 1
273 743 1
273 743 1
273 743 1
273 743 1
273 743 1
48 209 1
273 743 1
48 209 1
48 209 1
48 209 1
48 209 1
63 481 1
153 271 1
17 134 1
17 50 1
50 134 1
153 271 1
17 134 1
50 134 1
153 271 1
153 271 1
153 271 1
153 271 1
153 271 1
95 194 1
122 154 1
95 311 1
122 154 1
122 154 1
95 194 1
122 154 1
95 194 1
122 154 1
95 194 1
95 311 1
122 154 1
120 987 1
196 779 1
819 987 1
122 154 1
196 987 1
122 154 1
122 154 1
113 194 1
113 194 1
122 154 1
285 431 1
285 431 1
285 431 1
172 987 1
15 123 1
15 123 1
172 987 1
15 123 1
172 987 1
285 431 1
