268 826 1
35 826 1
273 743 1
273 743 1
273 743 1
209 875 1
209 875 1
273 743 1
80 102 1
134 784 1
265 826 1
265 826 1
265 826 1
205 285 1
205 285 1
271 499 1
285 431 1
285 431 1
285 431 1
95 223 1
50 784 1
265 826 1
63 709 1
255 709 1
255 709 1
285 431 1
63 709 1
63 709 1
63 481 1
63 481 1
63 481 1
63 481 1
267 603 1
17 80 1
39 223 1
63 709 1
63 481 1
63 481 1
17 80 1
17 80 1
17 80 1
63 481 1
63 481 1
63 481 1
39 79 1
39 662 1
150 533 1
150 533 1
150 533 1
150 533 1
223 496 1
150 533 1
150 533 1
150 533 1
150 533 1
150 533 1
150 533 1
194 786 1
102 804 1
150 533 1
194 765 1
194 765 1
194 786 1
184 265 1
194 786 1
194 786 1
172 196 1
150 533 1
150 533 1
150 533 1
194 786 1
150 533 1
194 786 1
150 533 1
194 786 1
150 533 1
194 786 1
150 533 1
194 786 1
150 533 1
194 786 1
150 533 1
194 786 1
150 533 1
194 786 1
150 533 1
194 786 1
150 533 1
222 267 1
105 513 1
150 533 1
194 786 1
222 267 1
150 533 1
194 786 1
194 786 1
222 267 1
153 271 1
153 271 1
153 271 1
153 271 1
153 271 1
153 271 1
153 271 1
153 271 1
153 271 1
150 533 1
153 271 1
150 533 1
153 271 1
153 271 1
222 267 1
153 271 1
153 271 1
153 271 1
153 271 1
222 267 1
153 271 1
153 271 1
153 271 1
153 271 1
222 267 1
153 271 1
194 786 1
222 267 1
153 271 1
222 267 1
153 271 1
153 271 1
153 271 1
153 271 1
153 271 1
153 271 1
153 271 1
153 271 1
153 271 1
150 533 1
153 271 1
153 271 1
153 271 1
153 271 1
153 271 1
153 271 1
153 271 1
153 271 1
153 271 1
153 271 1
153 271 1
153 271 1
153 271 1
153 271 1
153 271 1
153 271 1
153 271 1
153 271 1
153 271 1
153 271 1
153 271 1
153 271 1
153 271 1
153 271 1
153 271 1
153 271 1
153 271 1
153 271 1
153 271 1
153 271 1
153 271 1
153 271 1
153 271 1
153 271 1
153 271 1
153 271 1
153 271 1
153 271 1
153 271 1
153 271 1
153 271 1
255 826 1
255 265 1
255 265 1
255 826 1
255 826 1
153 271 1
153 271 1
194 804 1
134 709 1
194 804 1
194 804 1
153 271 1
153 271 1
194 804 1
153 271 1
194 804 1
153 271 1
194 804 1
153 271 1
194 804 1
153 271 1
194 804 1
311 804 1
153 271 1
194 804 1
153 271 1
184 255 1
194 804 1
153 271 1
184 255 1
194 804 1
153 271 1
194 804 1
153 271 1
194 804 1
153 271 1
194 804 1
153 271 1
194 804 1
153 271 1
194 804 1
153 271 1
194 804 1
153 271 1
194 804 1
153 271 1
194 804 1
153 271 1
122 154 1
153 271 1
122 154 1
153 154 1
153 271 1
122 154 1
153 271 1
122 154 1
153 271 1
153 271 1
153 271 1
153 271 1
153 271 1
222 267 1
153 271 1
153 271 1
153 271 1
213 223 1
153 271 1
184 268 1
222 267 1
153 271 1
122 154 1
153 271 1
153 271 1
153 271 1
153 271 1
743 826 1
153 271 1
268 826 1
153 271 1
285 431 1
153 271 1
184 255 1
153 271 1
153 271 1
153 271 1
153 271 1
153 271 1
105 513 1
285 431 1
285 431 1
285 431 1
105 513 1
153 271 1
153 271 1
153 271 1
153 271 1
153 271 1
56 791 1
153 271 1
56 791 1
153 271 1
222 267 1
222 267 1
222 267 1
222 267 1
95 222 1
222 267 1
222 267 1
29 662 1
222 267 1
29 791 1
29 213 1
153 271 1
153 271 1
153 271 1
50 80 1
153 271 1
50 80 1
153 271 1
153 271 1
153 271 1
153 271 1
153 271 1
153 271 1
153 271 1
153 271 1
153 271 1
153 271 1
153 271 1
153 271 1
153 271 1
153 271 1
153 271 1
153 271 1
153 271 1
153 271 1
153 271 1
123 150 1
153 271 1
123 150 1
153 271 1
123 150 1
153 271 1
153 271 1
273 743 1
762 784 1
123 150 1
153 271 1
273 743 1
762 784 1
123 150 1
153 271 1
273 743 1
762 784 1
123 150 1
153 271 1
123 150 1
123 150 1
123 150 1
123 150 1
123 150 1
123 150 1
123 150 1
123 150 1
123 150 1
123 150 1
123 150 1
105 804 1
153 271 1
123 150 1
153 271 1
123 150 1
153 271 1
123 150 1
153 271 1
123 150 1
63 709 1
63 709 1
153 271 1
153 271 1
153 271 1
153 271 1
153 271 1
153 271 1
153 271 1
153 271 1
132 268 1
50 875 1
50 875 1
21 875 1
209 804 1
209 875 1
804 875 1
95 223 1
29 123 1
123 153 1
123 153 1
123 271 1
153 271 1
222 267 1
123 150 1
222 267 1
222 267 1
222 267 1
222 267 1
222 267 1
222 267 1
222 267 1
222 267 1
184 751 1
222 267 1
184 751 1
222 267 1
184 751 1
222 267 1
184 751 1
222 267 1
222 267 1
222 267 1
222 267 1
222 267 1
311 496 1
255 804 1
765 804 1
765 804 1
765 804 1
80 765 1
80 804 1
132 172 1
132 172 1
132 172 1
285 431 1
132 172 1
132 172 1
132 172 1
79 132 1
79 132 1
79 132 1
79 132 1
79 132 1
79 132 1
79 132 1
79 132 1
79 132 1
79 132 1
79 132 1
79 132 1
79 132 1
184 751 1
79 132 1
184 751 1
79 132 1
79 132 1
184 751 1
79 132 1
79 132 1
79 132 1
79 132 1
79 132 1
79 132 1
79 132 1
48 209 1
48 209 1
50 102 1
80 213 1
240 285 1
184 751 1
184 255 1
39 194 1
184 751 1
39 95 1
511 804 1
511 804 1
511 804 1
511 804 1
511 804 1
123 533 1
150 533 1
150 533 1
496 987 1
150 153 1
196 205 1
35 268 1
194 765 1
194 765 1
196 205 1
196 205 1
196 205 1
56 132 1
153 601 1
153 601 1
56 132 1
153 601 1
153 601 1
153 601 1
153 601 1
56 132 1
153 601 1
153 601 1
153 601 1
150 533 1
153 601 1
222 267 1
222 267 1
222 267 1
153 601 1
153 601 1
153 601 1
153 601 1
153 601 1
153 601 1
153 601 1
153 601 1
153 601 1
153 601 1
153 601 1
153 601 1
153 601 1
153 601 1
153 601 1
153 601 1
153 601 1
153 601 1
153 601 1
153 601 1
153 601 1
39 95 1
153 601 1
153 601 1
153 601 1
153 601 1
222 267 1
153 601 1
222 267 1
153 601 1
153 601 1
153 601 1
153 601 1
153 601 1
153 601 1
153 601 1
153 601 1
153 601 1
222 267 1
153 601 1
222 267 1
39 222 1
79 222 1
79 222 1
150 533 1
153 271 1
153 271 1
153 271 1
35 255 1
285 875 1
153 271 1
153 271 1
153 271 1
153 271 1
153 271 1
153 271 1
153 271 1
153 271 1
481 533 1
153 271 1
153 271 1
194 311 1
194 311 1
153 271 1
153 271 1
153 271 1
150 481 1
150 153 1
153 271 1
153 271 1
153 271 1
153 271 1
153 271 1
268 826 1
153 271 1
268 826 1
153 271 1
268 826 1
153 271 1
153 271 1
153 271 1
153 271 1
153 271 1
153 271 1
153 271 1
153 271 1
153 271 1
153 271 1
153 271 1
153 271 1
153 271 1
153 271 1
153 271 1
153 271 1
153 271 1
153 271 1
153 271 1
153 271 1
153 271 1
153 271 1
153 271 1
153 271 1
153 271 1
153 271 1
153 271 1
153 271 1
153 271 1
153 271 1
153 271 1
153 271 1
153 271 1
153 271 1
153 271 1
123 223 1
153 271 1
153 271 1
123 223 1
153 271 1
153 271 1
153 271 1
222 267 1
153 271 1
222 267 1
153 271 1
153 271 1
153 271 1
153 271 1
194 311 1
153 271 1
194 311 1
194 311 1
194 311 1
194 311 1
194 311 1
194 311 1
194 311 1
153 271 1
194 311 1
194 311 1
194 311 1
194 311 1
222 267 1
194 311 1
194 311 1
194 311 1
123 223 1
153 271 1
194 311 1
194 311 1
153 271 1
194 311 1
153 271 1
194 311 1
153 271 1
194 311 1
194 311 1
153 271 1
194 311 1
153 271 1
194 311 1
222 267 1
153 271 1
194 311 1
222 267 1
511 762 1
194 311 1
222 267 1
194 311 1
153 271 1
153 271 1
153 271 1
153 271 1
194 311 1
194 311 1
194 311 1
194 311 1
153 271 1
153 271 1
194 311 1
194 311 1
194 311 1
194 311 1
194 311 1
39 95 1
63 481 1
194 311 1
194 311 1
39 95 1
39 95 1
222 223 1
39 95 1
39 95 1
39 95 1
194 311 1
39 95 1
194 311 1
194 311 1
153 271 1
153 271 1
533 601 1
153 271 1
153 271 1
153 271 1
153 271 1
240 938 1
240 938 1
194 311 1
222 267 1
184 268 1
875 938 1
222 267 1
194 311 1
194 311 1
194 804 1
196 205 1
150 601 1
150 601 1
56 132 1
150 601 1
150 601 1
150 601 1
150 601 1
150 601 1
150 601 1
150 601 1
150 601 1
