1 297 5
3 122 5
4 205 5
4 214 5
4 313 5
5 245 5
6 22 5
6 159 5
6 251 5
6 256 5
7 103 5
7 215 5
7 227 5
7 302 5
8 96 5
8 135 5
8 167 5
8 228 5
8 246 5
9 201 5
9 221 5
9 229 5
10 205 5
11 291 5
12 24 5
12 148 5
12 192 5
12 212 5
12 256 5
13 352 5
14 64 5
14 112 5
14 113 5
14 256 5
14 302 5
14 315 5
15 43 5
15 49 5
15 130 5
15 147 5
15 219 5
16 65 5
16 120 5
17 133 5
17 232 5
17 253 5
18 121 5
18 128 5
18 164 5
18 192 5
18 223 5
18 234 5
18 241 5
18 350 5
19 45 5
19 75 5
19 116 5
19 159 5
19 181 5
19 201 5
19 205 5
19 256 5
19 280 5
19 325 5
20 77 5
20 103 5
20 106 5
20 130 5
20 163 5
20 256 5
21 66 5
21 105 5
21 159 5
21 269 5
22 159 5
22 256 5
23 117 5
23 147 5
23 178 5
24 118 5
24 144 5
24 173 5
25 133 5
26 179 5
26 349 5
27 145 5
27 221 5
28 52 5
28 96 5
28 256 5
28 261 5
28 272 5
28 281 5
29 107 5
29 133 5
29 210 5
29 306 5
29 315 5
30 303 5
31 159 5
32 69 5
32 107 5
32 221 5
32 266 5
34 48 5
34 103 5
34 227 5
34 255 5
34 302 5
35 111 5
35 178 5
36 130 5
36 251 5
37 155 5
38 46 5
38 85 5
38 103 5
38 203 5
38 227 5
38 288 5
38 357 5
39 156 5
39 227 5
40 62 5
40 63 5
40 125 5
40 141 5
40 170 5
40 177 5
40 191 5
40 199 5
40 233 5
40 263 5
41 280 5
41 302 5
43 49 5
43 364 5
44 205 5
44 248 5
44 256 5
44 285 5
44 331 5
45 256 5
46 61 5
46 144 5
46 147 5
46 188 5
46 273 5
46 352 5
47 159 5
47 302 5
47 359 5
50 171 5
50 256 5
50 261 5
50 323 5
51 121 5
51 159 5
51 259 5
52 59 5
52 71 5
53 70 5
53 75 5
53 156 5
53 200 5
54 159 5
54 166 5
54 261 5
54 275 5
55 201 5
56 133 5
56 273 5
57 135 5
57 188 5
57 235 5
57 358 5
58 140 5
58 325 5
59 199 5
60 133 5
60 159 5
60 317 5
61 154 5
62 107 5
62 221 5
62 265 5
63 275 5
65 159 5
67 123 5
67 136 5
67 225 5
67 275 5
68 122 5
68 256 5
68 293 5
68 324 5
69 105 5
69 120 5
69 214 5
69 247 5
69 318 5
70 217 5
71 113 5
71 121 5
71 125 5
71 268 5
73 120 5
74 265 5
74 272 5
75 108 5
75 160 5
75 169 5
75 216 5
75 219 5
75 256 5
75 295 5
76 159 5
76 256 5
77 124 5
77 133 5
77 159 5
78 187 5
79 314 5
80 248 5
80 264 5
80 293 5
81 121 5
81 231 5
81 261 5
81 346 5
82 147 5
82 255 5
83 294 5
83 296 5
83 304 5
84 101 5
84 151 5
84 156 5
84 277 5
85 89 5
85 140 5
85 222 5
85 256 5
85 306 5
86 253 5
86 261 5
87 128 5
88 161 5
88 177 5
88 270 5
89 193 5
89 235 5
89 256 5
90 121 5
90 353 5
91 144 5
91 216 5
91 267 5
92 121 5
92 222 5
93 301 5
95 254 5
95 268 5
96 105 5
96 159 5
96 193 5
96 248 5
97 159 5
97 292 5
100 218 5
100 303 5
101 306 5
103 130 5
103 184 5
103 224 5
103 256 5
104 107 5
104 127 5
104 162 5
104 178 5
104 212 5
104 265 5
104 352 5
105 107 5
105 159 5
105 193 5
105 209 5
105 231 5
107 114 5
107 148 5
107 159 5
107 183 5
107 324 5
107 362 5
107 365 5
108 122 5
108 159 5
108 242 5
108 357 5
109 353 5
110 155 5
110 223 5
111 114 5
111 133 5
111 144 5
111 228 5
111 234 5
111 238 5
111 244 5
111 254 5
111 278 5
111 295 5
112 123 5
112 159 5
112 269 5
113 121 5
113 177 5
114 302 5
115 162 5
115 224 5
116 265 5
116 348 5
118 201 5
118 227 5
120 133 5
120 147 5
120 150 5
121 129 5
121 190 5
121 200 5
121 322 5
121 339 5
122 159 5
122 256 5
123 159 5
123 213 5
123 239 5
123 341 5
124 205 5
124 226 5
124 274 5
125 128 5
125 159 5
125 286 5
125 340 5
128 178 5
128 229 5
128 230 5
128 246 5
130 133 5
130 182 5
131 140 5
131 159 5
131 189 5
131 234 5
131 302 5
132 133 5
132 159 5
132 242 5
132 284 5
133 136 5
133 138 5
133 140 5
133 148 5
133 149 5
133 154 5
133 157 5
133 172 5
133 175 5
133 178 5
133 228 5
133 231 5
133 244 5
133 247 5
133 252 5
133 257 5
133 258 5
133 264 5
133 265 5
133 280 5
133 281 5
133 284 5
133 294 5
133 312 5
133 324 5
133 325 5
133 338 5
133 347 5
133 351 5
134 147 5
135 159 5
136 256 5
137 159 5
137 163 5
137 256 5
138 150 5
139 221 5
140 158 5
140 168 5
140 173 5
140 175 5
140 195 5
140 197 5
140 198 5
140 200 5
140 211 5
140 235 5
140 253 5
140 269 5
140 322 5
140 338 5
140 354 5
142 261 5
143 178 5
143 221 5
143 225 5
143 289 5
144 151 5
144 159 5
144 167 5
144 173 5
144 192 5
144 276 5
144 285 5
144 344 5
145 171 5
145 256 5
147 163 5
147 167 5
147 169 5
147 186 5
147 224 5
147 270 5
147 277 5
147 297 5
147 313 5
147 350 5
148 159 5
148 160 5
148 222 5
148 232 5
148 269 5
148 325 5
149 196 5
149 319 5
150 159 5
150 265 5
151 292 5
152 159 5
152 234 5
152 236 5
153 159 5
153 190 5
153 271 5
154 284 5
156 178 5
156 195 5
156 248 5
156 278 5
156 365 5
157 239 5
157 269 5
158 199 5
158 256 5
158 298 5
159 162 5
159 164 5
159 165 5
159 166 5
159 167 5
159 170 5
159 179 5
159 186 5
159 188 5
159 193 5
159 196 5
159 199 5
159 203 5
159 205 5
159 208 5
159 210 5
159 211 5
159 215 5
159 220 5
159 221 5
159 226 5
159 230 5
159 237 5
159 238 5
159 242 5
159 243 5
159 250 5
159 254 5
159 256 5
159 261 5
159 265 5
159 266 5
159 277 5
159 279 5
159 281 5
159 284 5
159 288 5
159 289 5
159 292 5
159 293 5
159 294 5
159 300 5
159 302 5
159 304 5
159 306 5
159 311 5
159 324 5
159 328 5
159 344 5
159 353 5
159 354 5
159 355 5
159 356 5
159 360 5
160 265 5
161 177 5
161 264 5
162 264 5
163 182 5
163 222 5
165 322 5
166 235 5
171 173 5
171 302 5
172 271 5
172 316 5
173 177 5
174 256 5
176 246 5
177 224 5
177 256 5
177 339 5
178 188 5
178 331 5
180 201 5
180 350 5
182 256 5
183 265 5
184 196 5
184 238 5
186 200 5
187 256 5
188 198 5
188 202 5
188 251 5
188 299 5
189 246 5
189 250 5
190 265 5
193 216 5
193 324 5
195 331 5
196 256 5
197 284 5
198 256 5
198 259 5
198 292 5
198 317 5
198 334 5
200 234 5
201 216 5
201 256 5
201 262 5
201 357 5
202 325 5
204 265 5
205 238 5
205 256 5
205 265 5
206 256 5
208 273 5
209 256 5
210 214 5
210 230 5
210 288 5
212 215 5
212 256 5
214 230 5
214 358 5
217 257 5
217 276 5
218 256 5
218 265 5
218 268 5
218 282 5
220 265 5
221 242 5
221 261 5
221 330 5
223 305 5
224 256 5
224 302 5
225 301 5
227 356 5
228 236 5
230 260 5
230 309 5
231 232 5
231 274 5
231 323 5
234 275 5
234 291 5
235 256 5
236 252 5
236 256 5
237 275 5
239 283 5
240 256 5
242 256 5
243 315 5
246 265 5
250 264 5
250 280 5
252 256 5
253 256 5
255 357 5
256 258 5
256 262 5
256 271 5
256 275 5
256 277 5
256 287 5
256 289 5
256 295 5
256 297 5
256 306 5
256 307 5
256 310 5
256 311 5
256 344 5
257 337 5
259 280 5
261 270 5
261 325 5
264 294 5
265 307 5
265 347 5
268 299 5
271 315 5
272 281 5
275 283 5
276 346 5
289 296 5
297 334 5
299 310 5
302 360 5
305 308 5
311 325 5
312 332 5
315 352 5
317 338 5
339 354 5
159 182 5
6 315 5
191 302 5
231 269 5
78 248 5
85 328 5
39 371 5
40 64 5
133 220 5
71 369 5
97 119 5
159 401 5
77 256 5
266 302 5
195 332 5
147 173 5
72 334 5
142 159 5
28 97 5
15 21 5
18 181 5
119 360 5
277 344 5
38 107 5
70 353 5
168 218 5
201 268 5
66 125 5
256 333 5
43 85 5
133 366 5
159 285 5
313 323 5
110 121 5
113 281 5
24 389 5
51 148 5
282 364 5
71 112 5
46 198 5
11 86 5
81 133 5
242 302 5
94 325 5
165 256 5
203 205 5
111 121 5
159 396 5
256 321 5
3 256 5
51 90 5
179 269 5
179 263 5
24 159 5
159 173 5
188 212 5
107 198 5
15 92 5
236 246 5
11 256 5
311 339 5
55 256 5
133 320 5
41 256 5
133 155 5
20 105 5
95 227 5
177 178 5
13 184 5
221 257 5
159 381 5
140 157 5
146 256 5
8 209 5
86 155 5
81 256 5
47 54 5
206 312 5
156 371 5
131 350 5
8 205 5
125 168 5
24 360 5
115 240 5
177 184 5
114 159 5
159 347 5
213 352 5
24 333 5
284 386 5
175 223 5
285 299 5
6 237 5
30 159 5
86 188 5
256 371 5
133 278 5
321 373 5
7 240 5
70 168 5
42 159 5
106 347 5
159 200 5
159 185 5
121 336 5
256 267 5
92 140 5
105 368 5
121 375 5
144 359 5
79 111 5
190 200 5
71 332 5
201 364 5
50 265 5
159 378 5
253 370 5
107 222 5
256 372 5
157 247 5
71 328 5
15 372 5
271 380 5
38 51 5
223 388 5
246 335 5
159 255 5
154 291 5
156 256 5
94 107 5
256 309 5
159 161 5
32 219 5
92 221 5
133 168 5
142 275 5
142 221 5
159 385 5
92 333 5
98 159 5
9 370 5
40 81 5
285 398 5
199 334 5
143 160 5
38 193 5
285 399 5
133 282 5
133 355 5
32 143 5
183 331 5
137 302 5
219 349 5
232 265 5
159 297 5
3 154 5
144 169 5
64 385 5
268 372 5
47 133 5
256 374 5
57 226 5
71 139 5
263 330 5
168 275 5
58 256 5
43 159 5
133 173 5
134 302 5
74 133 5
109 200 5
133 153 5
221 266 5
177 208 5
54 162 5
155 181 5
261 311 5
55 276 5
100 144 5
8 274 5
21 297 5
120 256 5
67 294 5
13 188 5
152 228 5
159 195 5
144 379 5
129 302 5
113 142 5
133 327 5
44 264 5
70 159 5
14 142 5
199 275 5
133 139 5
159 217 5
177 278 5
269 348 5
47 91 5
50 159 5
110 265 5
203 340 5
54 307 5
111 329 5
88 261 5
6 11 5
141 148 5
331 373 5
291 395 5
38 99 5
201 343 5
78 205 5
52 159 5
188 244 5
150 256 5
79 142 5
80 128 5
17 121 5
107 276 5
160 210 5
226 367 5
121 308 5
248 256 5
156 212 5
11 354 5
49 295 5
144 196 5
311 375 5
148 356 5
109 309 5
11 234 5
6 190 5
123 133 5
68 254 5
195 202 5
146 201 5
208 256 5
121 335 5
159 245 5
144 375 5
56 217 5
121 269 5
107 311 5
53 256 5
246 390 5
68 85 5
43 173 5
40 336 5
119 159 5
49 278 5
12 246 5
68 236 5
221 342 5
150 394 5
250 256 5
109 159 5
104 276 5
29 310 5
71 242 5
44 315 5
159 260 5
121 240 5
64 232 5
16 256 5
139 143 5
163 386 5
206 388 5
45 51 5
178 287 5
316 352 5
63 86 5
253 296 5
133 183 5
31 195 5
28 328 5
144 319 5
29 371 5
169 235 5
147 200 5
113 329 5
22 261 5
147 199 5
107 379 5
86 300 5
42 346 5
140 159 5
51 387 5
138 227 5
195 307 5
279 297 5
32 207 5
26 122 5
159 386 5
68 121 5
8 159 5
25 269 5
21 182 5
193 256 5
140 384 5
31 256 5
131 181 5
4 59 5
29 224 5
160 198 5
131 256 5
188 256 5
163 381 5
69 157 5
174 261 5
177 210 5
148 178 5
18 81 5
265 315 5
72 144 5
256 391 5
148 244 5
75 137 5
359 372 5
159 327 5
19 321 5
32 133 5
179 252 5
159 172 5
36 133 5
85 147 5
159 307 5
11 278 5
133 348 5
53 352 5
14 159 5
140 165 5
87 374 5
264 302 5
165 206 5
55 85 5
274 329 5
173 394 5
187 205 5
4 140 5
32 44 5
161 256 5
198 309 5
159 264 5
159 365 5
111 391 5
124 155 5
175 186 5
107 395 5
76 261 5
84 183 5
112 157 5
132 243 5
183 219 5
69 367 5
105 154 5
141 206 5
243 272 5
108 198 5
156 303 5
90 188 5
92 387 5
34 233 5
256 396 5
133 309 5
169 241 5
148 215 5
8 373 5
19 184 5
85 133 5
157 159 5
125 163 5
171 256 5
81 233 5
45 59 5
261 314 5
159 248 5
57 334 5
43 133 5
67 121 5
231 348 5
59 107 5
25 159 5
38 293 5
50 216 5
242 268 5
80 132 5
133 322 5
142 311 5
107 368 5
155 289 5
256 393 5
22 288 5
133 214 5
140 272 5
40 241 5
75 133 5
25 121 5
51 364 5
42 338 5
113 268 5
140 245 5
60 188 5
145 159 5
50 178 5
256 291 5
38 378 5
107 380 5
256 356 5
51 83 5
147 188 5
236 305 5
234 365 5
117 147 5
7 303 5
44 265 5
115 292 5
46 256 5
325 353 5
184 329 5
43 376 5
41 148 5
159 286 5
111 263 5
38 119 5
38 153 5
44 101 5
200 337 5
256 395 5
28 228 5
211 343 5
16 67 5
102 210 5
40 294 5
103 240 5
111 224 5
43 142 5
13 25 5
110 256 5
50 291 5
153 373 5
121 306 5
65 256 5
128 159 5
4 177 5
221 224 5
18 278 5
256 400 5
46 122 5
19 42 5
62 159 5
240 385 5
90 308 5
47 78 5
133 386 5
212 302 5
16 341 5
15 31 5
227 237 5
140 349 5
257 324 5
19 346 5
146 159 5
151 208 5
4 133 5
121 207 5
44 159 5
210 338 5
23 315 5
181 330 5
109 290 5
133 288 5
46 371 5
136 144 5
279 337 5
66 209 5
139 256 5
170 277 5
209 235 5
54 95 5
73 133 5
105 121 5
13 392 5
133 352 5
75 159 5
148 230 5
147 252 5
295 351 5
147 371 5
173 329 5
133 394 5
195 337 5
149 284 5
159 368 5
25 48 5
32 110 5
236 339 5
105 362 5
14 120 5
25 320 5
159 299 5
84 197 5
8 336 5
23 377 5
138 159 5
261 304 5
149 201 5
126 302 5
185 356 5
210 390 5
121 123 5
51 382 5
107 173 5
101 332 5
199 387 5
323 331 5
1 261 5
11 255 5
51 74 5
54 294 5
28 263 5
161 350 5
85 130 5
159 296 5
333 373 5
197 213 5
159 252 5
256 286 5
353 369 5
18 86 5
256 336 5
161 269 5
148 245 5
102 177 5
16 159 5
159 339 5
119 302 5
103 378 5
3 46 5
11 127 5
9 148 5
36 125 5
83 111 5
214 332 5
292 315 5
168 334 5
159 194 5
105 224 5
80 195 5
127 288 5
42 113 5
210 394 5
140 385 5
50 179 5
150 282 5
68 294 5
32 380 5
315 334 5
144 256 5
71 310 5
79 325 5
175 290 5
221 244 5
70 175 5
178 197 5
269 284 5
120 260 5
105 295 5
231 253 5
133 234 5
5 133 5
68 337 5
151 351 5
256 385 5
159 234 5
110 158 5
171 293 5
155 270 5
99 133 5
107 399 5
176 256 5
29 141 5
133 379 5
117 372 5
3 331 5
38 114 5
46 386 5
159 219 5
50 340 5
102 140 5
25 256 5
124 256 5
55 200 5
133 160 5
256 292 5
15 312 5
308 333 5
231 354 5
163 286 5
81 85 5
44 361 5
71 212 5
153 316 5
302 316 5
103 159 5
244 371 5
226 378 5
337 377 5
40 159 5
100 312 5
67 146 5
191 193 5
256 340 5
125 133 5
133 201 5
140 366 5
46 215 5
13 83 5
14 278 5
13 331 5
216 292 5
249 371 5
238 244 5
82 102 5
206 401 5
94 312 5
34 148 5
261 374 5
159 374 5
159 218 5
44 95 5
54 302 5
133 374 5
256 387 5
21 196 5
17 159 5
256 308 5
72 179 5
79 329 5
46 204 5
44 312 5
40 281 5
159 160 5
1 147 5
110 177 5
88 133 5
33 171 5
24 345 5
74 131 5
113 299 5
104 263 5
163 215 5
243 372 5
63 84 5
193 381 5
310 325 5
38 360 5
54 119 5
48 155 5
111 314 5
347 364 5
18 360 5
307 376 5
83 355 5
192 339 5
236 343 5
72 377 5
36 110 5
8 378 5
132 161 5
157 373 5
212 374 5
33 223 5
115 375 5
12 159 5
232 335 5
350 384 5
53 201 5
261 302 5
175 360 5
16 230 5
231 355 5
335 342 5
50 348 5
175 344 5
18 359 5
87 264 5
107 357 5
298 373 5
84 373 5
76 206 5
53 261 5
46 242 5
84 103 5
12 373 5
16 135 5
107 313 5
204 374 5
156 255 5
50 332 5
159 395 5
206 259 5
110 387 5
332 378 5
278 342 5
82 159 5
159 280 5
88 205 5
133 268 5
1 277 5
34 43 5
252 367 5
196 299 5
148 390 5
104 226 5
50 148 5
153 256 5
335 364 5
63 75 5
47 52 5
155 297 5
161 343 5
182 189 5
186 250 5
109 152 5
159 380 5
178 329 5
71 304 5
67 96 5
159 389 5
198 345 5
284 312 5
113 163 5
4 11 5
66 269 5
107 162 5
45 278 5
131 211 5
159 336 5
256 346 5
217 338 5
333 385 5
28 280 5
255 256 5
16 147 5
152 256 5
122 394 5
170 280 5
10 144 5
131 357 5
48 295 5
71 272 5
159 310 5
99 294 5
45 133 5
19 199 5
124 140 5
46 201 5
292 312 5
38 180 5
37 41 5
43 334 5
175 302 5
104 159 5
159 322 5
237 256 5
161 257 5
147 259 5
32 82 5
150 307 5
312 329 5
21 221 5
281 310 5
302 380 5
256 350 5
83 342 5
159 209 5
46 301 5
101 194 5
121 158 5
256 323 5
134 256 5
4 227 5
234 273 5
62 130 5
44 85 5
236 340 5
103 243 5
159 253 5
187 264 5
159 342 5
159 359 5
36 85 5
47 372 5
194 284 5
67 75 5
10 133 5
256 313 5
47 256 5
121 331 5
159 298 5
210 349 5
94 156 5
75 326 5
116 387 5
240 314 5
173 263 5
4 291 5
133 313 5
72 76 5
120 124 5
150 219 5
172 183 5
147 281 5
95 159 5
59 276 5
85 223 5
256 373 5
160 305 5
159 190 5
15 159 5
157 292 5
128 283 5
141 178 5
123 238 5
111 159 5
236 356 5
16 394 5
159 192 5
109 256 5
192 199 5
20 249 5
63 310 5
133 321 5
11 158 5
122 133 5
159 273 5
299 364 5
19 207 5
112 249 5
77 92 5
133 207 5
120 343 5
160 349 5
66 133 5
9 320 5
107 157 5
71 218 5
102 219 5
27 111 5
36 58 5
144 366 5
24 265 5
150 367 5
132 390 5
207 256 5
61 373 5
277 302 5
96 200 5
133 346 5
44 195 5
350 367 5
198 377 5
59 229 5
256 305 5
90 163 5
255 293 5
40 308 5
166 280 5
233 256 5
198 365 5
157 262 5
159 276 5
133 384 5
159 361 5
167 392 5
51 293 5
15 133 5
320 370 5
52 216 5
159 384 5
233 268 5
133 152 5
38 354 5
200 395 5
32 344 5
74 257 5
219 371 5
23 121 5
108 218 5
40 285 5
40 388 5
262 364 5
146 309 5
111 256 5
248 344 5
104 344 5
12 302 5
44 139 5
197 256 5
113 262 5
161 194 5
138 156 5
160 264 5
177 313 5
306 326 5
62 189 5
46 314 5
135 350 5
224 343 5
289 300 5
141 205 5
284 289 5
133 304 5
19 337 5
207 399 5
265 292 5
181 190 5
86 165 5
217 264 5
90 257 5
118 264 5
159 358 5
47 180 5
256 325 5
121 219 5
3 268 5
265 385 5
159 240 5
155 314 5
96 369 5
159 376 5
125 370 5
159 337 5
159 323 5
32 325 5
105 201 5
80 121 5
133 159 5
83 94 5
111 271 5
101 353 5
46 137 5
148 228 5
19 176 5
147 380 5
188 213 5
84 213 5
268 340 5
159 229 5
23 133 5
256 260 5
