9 341 4
84 212 4
35 76 4
322 365 4
215 246 4
113 319 4
122 244 4
120 358 4
251 339 4
300 346 4
103 175 4
208 354 4
91 266 4
214 326 4
203 335 4
311 336 4
211 239 4
86 287 4
99 274 4
123 343 4
36 90 4
76 336 4
125 268 4
91 299 4
10 25 4
169 279 4
199 267 4
68 289 4
28 224 4
193 194 4
222 231 4
76 195 4
95 337 4
3 54 4
70 88 4
105 125 4
177 257 4
76 137 4
16 166 4
70 83 4
40 247 4
137 308 4
68 363 4
60 221 4
95 310 4
17 48 4
166 300 4
150 261 4
260 271 4
33 263 4
80 348 4
137 216 4
269 336 4
44 352 4
113 126 4
7 183 4
152 182 4
143 149 4
249 259 4
36 61 4
166 204 4
61 109 4
100 315 4
62 321 4
210 276 4
151 192 4
345 355 4
17 42 4
86 248 4
9 117 4
255 356 4
15 99 4
173 215 4
113 304 4
108 365 4
3 205 4
165 314 4
64 321 4
76 263 4
74 164 4
225 351 4
32 355 4
89 204 4
49 86 4
120 151 4
213 223 4
77 275 4
72 214 4
189 236 4
29 213 4
69 239 4
34 359 4
24 353 4
69 97 4
55 152 4
13 198 4
143 216 4
191 286 4
208 359 4
105 144 4
317 328 4
1 294 4
28 129 4
142 273 4
46 365 4
295 358 4
26 114 4
137 288 4
71 356 4
222 291 4
102 303 4
111 245 4
89 154 4
127 204 4
231 296 4
39 315 4
40 239 4
244 323 4
20 225 4
224 231 4
66 223 4
153 236 4
132 306 4
8 11 4
123 298 4
281 289 4
34 292 4
137 160 4
122 344 4
53 340 4
14 266 4
2 140 4
110 245 4
97 334 4
19 322 4
79 250 4
37 299 4
239 314 4
226 321 4
306 348 4
229 310 4
294 320 4
115 262 4
19 65 4
40 150 4
50 71 4
110 129 4
246 276 4
35 66 4
22 244 4
53 128 4
100 351 4
48 222 4
82 281 4
61 221 4
62 121 4
75 141 4
38 355 4
112 246 4
30 56 4
183 208 4
137 317 4
3 17 4
68 227 4
51 162 4
89 104 4
245 347 4
146 260 4
119 350 4
33 45 4
31 153 4
163 172 4
210 284 4
165 209 4
163 251 4
22 195 4
171 197 4
89 96 4
146 265 4
45 250 4
288 306 4
144 347 4
182 331 4
214 262 4
67 292 4
58 286 4
155 342 4
55 130 4
85 198 4
10 140 4
261 304 4
109 219 4
93 314 4
49 197 4
94 139 4
35 150 4
61 188 4
235 243 4
131 153 4
148 276 4
114 206 4
197 326 4
18 239 4
15 71 4
82 103 4
98 267 4
120 342 4
126 207 4
38 68 4
219 231 4
73 176 4
237 310 4
179 260 4
105 171 4
309 318 4
15 114 4
215 268 4
74 88 4
146 286 4
80 215 4
117 227 4
177 203 4
75 236 4
329 361 4
113 251 4
214 345 4
158 323 4
218 273 4
135 336 4
322 336 4
28 88 4
141 359 4
272 296 4
82 273 4
52 353 4
44 278 4
104 220 4
32 172 4
135 352 4
84 99 4
21 297 4
135 343 4
43 146 4
116 252 4
177 208 4
143 321 4
236 340 4
223 315 4
88 246 4
130 297 4
75 173 4
236 266 4
73 84 4
70 324 4
99 264 4
225 341 4
30 360 4
175 319 4
94 262 4
327 347 4
105 181 4
155 346 4
36 254 4
18 68 4
24 199 4
247 290 4
126 330 4
54 141 4
92 317 4
239 316 4
293 325 4
2 303 4
134 152 4
172 199 4
114 303 4
44 88 4
199 334 4
125 222 4
192 291 4
6 296 4
82 177 4
208 295 4
199 348 4
40 290 4
279 357 4
284 297 4
238 299 4
64 221 4
54 85 4
255 292 4
49 336 4
74 342 4
101 226 4
151 296 4
283 349 4
123 156 4
95 143 4
330 350 4
61 182 4
173 274 4
205 339 4
148 269 4
3 195 4
280 332 4
114 315 4
169 219 4
203 285 4
145 292 4
279 360 4
36 352 4
197 200 4
158 348 4
179 342 4
215 332 4
239 297 4
80 270 4
193 227 4
23 173 4
196 287 4
92 302 4
145 162 4
122 310 4
236 364 4
51 323 4
2 207 4
86 95 4
201 300 4
134 234 4
113 157 4
83 351 4
88 162 4
280 312 4
81 119 4
2 359 4
6 295 4
93 151 4
37 149 4
204 329 4
286 329 4
227 254 4
31 287 4
179 321 4
89 330 4
47 134 4
187 245 4
24 120 4
40 123 4
120 361 4
242 354 4
121 247 4
270 341 4
89 124 4
52 306 4
30 273 4
8 188 4
201 360 4
17 187 4
290 346 4
150 283 4
111 326 4
151 306 4
84 301 4
325 327 4
83 290 4
263 322 4
80 350 4
98 152 4
3 181 4
62 190 4
57 246 4
82 124 4
63 73 4
216 345 4
240 342 4
58 323 4
19 278 4
259 282 4
158 236 4
202 215 4
279 351 4
66 243 4
140 245 4
202 303 4
126 240 4
208 315 4
79 363 4
103 327 4
306 357 4
10 231 4
67 339 4
188 251 4
142 161 4
201 357 4
32 107 4
2 193 4
70 149 4
124 289 4
6 119 4
125 131 4
131 358 4
48 338 4
209 299 4
200 207 4
216 296 4
66 270 4
253 339 4
172 212 4
49 105 4
137 163 4
47 211 4
52 138 4
116 262 4
121 340 4
72 156 4
64 309 4
281 286 4
168 186 4
9 272 4
20 259 4
85 281 4
163 254 4
30 67 4
78 118 4
171 280 4
73 271 4
43 327 4
124 134 4
155 361 4
67 312 4
2 255 4
188 287 4
227 355 4
107 133 4
56 184 4
84 336 4
268 303 4
282 354 4
4 34 4
66 231 4
5 28 4
23 361 4
71 176 4
123 157 4
23 160 4
24 247 4
49 69 4
3 332 4
115 166 4
157 170 4
240 349 4
198 309 4
171 177 4
238 297 4
55 261 4
160 265 4
82 155 4
209 288 4
23 136 4
45 332 4
213 295 4
35 68 4
70 281 4
1 87 4
157 236 4
276 314 4
88 146 4
219 265 4
8 151 4
194 268 4
262 353 4
224 343 4
200 203 4
187 222 4
153 338 4
266 324 4
25 365 4
50 337 4
51 95 4
22 115 4
63 264 4
297 352 4
272 308 4
50 136 4
174 311 4
33 123 4
288 322 4
109 292 4
235 322 4
135 318 4
9 280 4
22 160 4
37 311 4
129 152 4
24 27 4
12 214 4
70 114 4
12 219 4
20 268 4
194 204 4
213 327 4
193 283 4
266 340 4
210 358 4
222 311 4
36 194 4
11 252 4
48 215 4
197 343 4
199 220 4
61 104 4
131 232 4
142 217 4
199 237 4
38 45 4
122 314 4
56 96 4
30 198 4
191 361 4
275 296 4
193 332 4
103 203 4
218 317 4
107 250 4
140 294 4
326 354 4
244 249 4
152 176 4
10 83 4
80 184 4
47 201 4
102 132 4
22 353 4
41 188 4
119 212 4
96 315 4
52 142 4
51 298 4
60 240 4
157 353 4
14 175 4
33 314 4
115 209 4
101 197 4
180 275 4
15 321 4
73 204 4
114 117 4
225 358 4
128 157 4
111 163 4
223 309 4
212 271 4
330 360 4
86 208 4
157 317 4
105 189 4
250 262 4
20 159 4
92 134 4
171 206 4
295 341 4
14 211 4
171 333 4
136 338 4
25 252 4
79 296 4
98 130 4
184 260 4
30 269 4
32 46 4
136 310 4
251 291 4
90 311 4
101 223 4
37 328 4
23 63 4
76 303 4
233 270 4
262 303 4
97 328 4
148 176 4
302 315 4
266 362 4
26 120 4
169 208 4
129 170 4
54 344 4
55 68 4
56 212 4
92 290 4
44 174 4
168 171 4
38 176 4
73 171 4
169 299 4
81 190 4
36 139 4
33 75 4
39 251 4
115 265 4
94 243 4
69 72 4
181 354 4
44 196 4
27 177 4
193 201 4
277 363 4
3 87 4
36 132 4
26 257 4
81 358 4
85 164 4
238 276 4
174 315 4
123 289 4
214 216 4
223 339 4
211 344 4
154 231 4
181 255 4
42 139 4
73 318 4
132 136 4
97 228 4
45 264 4
254 313 4
109 183 4
32 93 4
206 346 4
99 103 4
4 186 4
11 43 4
343 354 4
188 254 4
200 220 4
3 318 4
30 132 4
165 328 4
59 264 4
85 219 4
30 160 4
166 342 4
138 254 4
127 175 4
94 225 4
279 334 4
286 344 4
14 320 4
267 333 4
142 244 4
158 202 4
187 196 4
158 333 4
43 231 4
184 273 4
68 84 4
213 306 4
42 44 4
170 195 4
87 185 4
7 316 4
163 329 4
187 326 4
159 287 4
65 136 4
318 360 4
14 328 4
56 110 4
18 250 4
26 240 4
85 144 4
185 331 4
186 217 4
47 93 4
133 254 4
204 334 4
189 196 4
213 224 4
10 202 4
6 132 4
1 337 4
84 350 4
20 250 4
97 269 4
28 324 4
100 294 4
172 317 4
49 285 4
168 331 4
113 198 4
155 167 4
8 42 4
231 355 4
56 254 4
124 316 4
95 187 4
8 327 4
27 136 4
233 269 4
227 296 4
260 281 4
123 327 4
232 303 4
92 228 4
61 325 4
114 204 4
212 227 4
155 273 4
100 134 4
258 328 4
50 207 4
44 58 4
225 237 4
128 141 4
104 128 4
47 55 4
8 44 4
235 332 4
97 310 4
58 269 4
74 132 4
165 285 4
39 355 4
19 59 4
125 247 4
322 348 4
181 239 4
72 219 4
1 14 4
47 199 4
125 242 4
54 359 4
55 266 4
148 323 4
15 53 4
88 276 4
75 185 4
64 280 4
65 139 4
3 338 4
263 294 4
194 350 4
110 260 4
110 265 4
98 330 4
90 213 4
32 266 4
140 297 4
12 344 4
26 311 4
32 222 4
170 216 4
233 296 4
52 130 4
6 103 4
55 325 4
88 96 4
153 254 4
109 356 4
55 320 4
264 267 4
101 352 4
224 298 4
235 283 4
276 285 4
307 317 4
121 141 4
72 157 4
45 344 4
107 123 4
138 234 4
124 225 4
276 330 4
12 114 4
77 225 4
23 340 4
124 127 4
326 350 4
56 300 4
277 331 4
219 228 4
41 178 4
85 123 4
156 302 4
249 293 4
7 171 4
135 210 4
15 339 4
50 146 4
168 239 4
81 365 4
41 291 4
38 42 4
32 318 4
61 251 4
25 180 4
277 302 4
59 202 4
50 54 4
302 360 4
165 342 4
243 308 4
281 299 4
136 257 4
23 188 4
103 304 4
244 286 4
201 285 4
16 232 4
76 294 4
166 174 4
110 157 4
77 358 4
130 225 4
42 220 4
66 76 4
65 76 4
67 318 4
38 267 4
60 202 4
89 197 4
24 219 4
54 175 4
190 309 4
294 343 4
151 322 4
94 113 4
171 318 4
105 177 4
204 357 4
88 115 4
164 336 4
179 345 4
216 287 4
123 246 4
26 332 4
12 243 4
107 186 4
50 296 4
10 330 4
35 331 4
116 129 4
68 135 4
239 356 4
39 244 4
134 332 4
153 161 4
187 332 4
108 141 4
78 239 4
263 287 4
161 298 4
140 267 4
8 241 4
42 92 4
263 264 4
32 227 4
23 217 4
323 328 4
96 256 4
100 346 4
167 257 4
89 123 4
331 362 4
166 253 4
316 326 4
147 242 4
52 284 4
273 291 4
56 292 4
190 333 4
11 194 4
33 221 4
103 183 4
48 50 4
28 336 4
149 284 4
195 272 4
7 160 4
229 325 4
104 332 4
247 346 4
113 165 4
32 77 4
91 323 4
115 190 4
204 257 4
60 365 4
159 290 4
29 299 4
208 269 4
49 56 4
244 307 4
12 250 4
28 102 4
171 262 4
51 52 4
163 242 4
273 330 4
296 363 4
120 288 4
169 183 4
12 169 4
242 358 4
233 327 4
78 227 4
133 193 4
72 332 4
35 75 4
13 233 4
62 183 4
112 129 4
63 291 4
199 331 4
27 261 4
6 196 4
57 73 4
141 189 4
122 225 4
190 243 4
267 354 4
104 182 4
91 127 4
165 253 4
161 265 4
89 279 4
140 218 4
25 65 4
47 337 4
263 363 4
151 365 4
4 129 4
207 249 4
123 269 4
5 150 4
359 365 4
108 161 4
198 232 4
119 287 4
83 363 4
75 86 4
271 361 4
78 360 4
331 336 4
181 233 4
21 180 4
75 81 4
281 308 4
268 329 4
38 333 4
52 95 4
18 159 4
249 255 4
176 357 4
46 59 4
191 258 4
188 311 4
96 240 4
66 80 4
205 260 4
282 356 4
75 122 4
17 362 4
38 325 4
132 342 4
28 293 4
2 226 4
172 187 4
235 251 4
1 348 4
297 337 4
159 191 4
287 299 4
13 33 4
44 295 4
91 273 4
39 211 4
213 265 4
112 307 4
88 224 4
73 208 4
116 356 4
210 359 4
152 219 4
152 256 4
190 343 4
106 123 4
139 321 4
136 364 4
100 125 4
27 90 4
138 302 4
249 291 4
207 300 4
7 337 4
49 144 4
54 315 4
137 273 4
56 101 4
3 354 4
108 287 4
303 304 4
119 297 4
38 78 4
146 232 4
71 128 4
5 115 4
86 334 4
69 75 4
179 229 4
57 81 4
143 182 4
169 308 4
126 171 4
104 353 4
156 336 4
37 273 4
25 151 4
27 245 4
103 229 4
111 230 4
48 226 4
74 235 4
3 303 4
148 289 4
173 285 4
316 345 4
101 149 4
283 315 4
11 302 4
21 346 4
57 150 4
311 357 4
29 82 4
237 241 4
257 347 4
105 304 4
264 339 4
12 324 4
216 333 4
198 247 4
136 226 4
148 293 4
66 154 4
134 211 4
147 288 4
171 296 4
37 116 4
175 288 4
201 216 4
50 92 4
211 254 4
88 153 4
156 242 4
168 266 4
49 64 4
98 256 4
302 331 4
89 240 4
90 142 4
222 237 4
65 84 4
158 224 4
203 257 4
92 332 4
53 73 4
241 307 4
283 328 4
151 159 4
175 318 4
60 295 4
58 157 4
23 185 4
94 117 4
111 240 4
24 258 4
111 322 4
108 335 4
171 364 4
137 172 4
147 282 4
22 209 4
184 280 4
41 65 4
273 342 4
74 93 4
188 202 4
79 307 4
92 210 4
13 195 4
87 331 4
77 93 4
101 257 4
103 271 4
312 331 4
94 100 4
247 365 4
115 161 4
183 213 4
217 282 4
47 120 4
309 321 4
234 250 4
91 136 4
285 341 4
148 307 4
64 297 4
75 221 4
189 234 4
126 192 4
199 282 4
81 285 4
92 282 4
156 241 4
215 304 4
7 115 4
8 261 4
70 187 4
161 257 4
290 322 4
137 161 4
200 288 4
92 362 4
55 337 4
230 238 4
120 164 4
140 211 4
127 200 4
133 288 4
226 340 4
39 346 4
32 299 4
102 353 4
120 302 4
76 319 4
90 226 4
148 236 4
20 347 4
36 201 4
122 356 4
211 330 4
176 241 4
133 351 4
273 359 4
322 333 4
191 360 4
6 222 4
50 293 4
15 105 4
333 351 4
237 268 4
115 165 4
96 107 4
184 364 4
188 231 4
120 210 4
53 77 4
20 62 4
70 242 4
26 198 4
38 216 4
100 192 4
144 149 4
135 337 4
112 209 4
94 283 4
65 201 4
70 248 4
199 257 4
11 113 4
158 246 4
63 177 4
307 361 4
304 333 4
193 341 4
76 240 4
4 75 4
223 308 4
148 280 4
49 316 4
143 180 4
233 301 4
302 343 4
233 240 4
44 250 4
43 243 4
290 362 4
231 276 4
214 357 4
241 255 4
130 189 4
8 320 4
133 316 4
235 337 4
287 340 4
158 287 4
154 174 4
150 151 4
24 147 4
32 76 4
74 356 4
7 349 4
279 363 4
198 225 4
78 296 4
303 354 4
90 179 4
310 324 4
150 288 4
72 355 4
137 164 4
282 286 4
6 64 4
81 309 4
11 95 4
91 225 4
58 97 4
208 336 4
94 97 4
81 253 4
232 241 4
19 321 4
20 111 4
261 336 4
308 325 4
24 79 4
180 362 4
186 365 4
117 365 4
211 266 4
67 356 4
125 127 4
27 144 4
152 295 4
39 123 4
10 46 4
85 337 4
1 82 4
105 336 4
34 104 4
114 353 4
167 239 4
111 295 4
227 352 4
295 310 4
130 361 4
256 357 4
120 136 4
329 339 4
65 154 4
2 74 4
30 199 4
200 216 4
12 112 4
202 227 4
115 271 4
45 316 4
61 73 4
116 340 4
326 344 4
117 165 4
166 321 4
56 133 4
86 301 4
57 96 4
154 239 4
73 187 4
37 184 4
329 352 4
105 247 4
188 219 4
138 153 4
264 282 4
255 295 4
89 291 4
255 263 4
90 210 4
63 202 4
34 55 4
186 288 4
168 218 4
32 354 4
272 290 4
83 310 4
187 258 4
137 192 4
36 98 4
53 332 4
9 221 4
97 347 4
203 293 4
293 359 4
113 194 4
129 228 4
108 224 4
26 105 4
136 326 4
15 307 4
42 154 4
252 356 4
32 135 4
128 129 4
94 170 4
178 238 4
6 219 4
209 331 4
17 203 4
32 136 4
129 321 4
316 353 4
55 64 4
24 70 4
84 191 4
289 330 4
273 294 4
280 326 4
42 99 4
89 268 4
192 327 4
137 197 4
103 237 4
75 97 4
119 232 4
163 304 4
113 188 4
308 348 4
53 167 4
23 49 4
193 352 4
30 122 4
1 317 4
82 358 4
