120 186 1
208 247 1
208 211 1
168 208 1
193 208 1
134 208 1
9 208 1
26 186 1
9 179 1
35 208 1
4 247 1
182 208 1
50 186 1
186 235 1
64 208 1
20 208 1
51 208 1
133 208 1
9 81 1
208 245 1
120 223 1
55 208 1
208 227 1
30 208 1
9 210 1
159 208 1
147 186 1
1 210 1
120 193 1
89 186 1
113 208 1
9 236 1
208 250 1
208 253 1
169 208 1
68 208 1
97 113 1
121 208 1
31 208 1
186 216 1
66 129 1
120 204 1
9 232 1
22 208 1
41 223 1
95 208 1
9 25 1
131 208 1
235 252 1
60 235 1
216 235 1
18 208 1
20 151 1
3 210 1
81 86 1
31 88 1
250 272 1
188 208 1
108 232 1
210 240 1
111 208 1
249 253 1
186 205 1
72 240 1
88 226 1
51 60 1
171 208 1
210 238 1
186 252 1
251 252 1
142 208 1
81 95 1
131 161 1
32 186 1
186 198 1
109 250 1
86 193 1
107 113 1
175 208 1
86 208 1
25 112 1
50 127 1
187 208 1
16 250 1
134 250 1
182 232 1
78 208 1
31 209 1
37 161 1
86 160 1
232 273 1
134 171 1
134 244 1
53 186 1
120 159 1
66 186 1
68 193 1
121 250 1
208 267 1
138 249 1
97 101 1
31 245 1
76 186 1
57 131 1
48 250 1
22 134 1
19 216 1
120 208 1
208 275 1
115 208 1
185 208 1
50 160 1
210 212 1
186 271 1
159 167 1
190 275 1
56 208 1
66 182 1
208 222 1
120 134 1
214 232 1
8 187 1
45 208 1
210 257 1
39 50 1
208 242 1
226 252 1
116 138 1
91 208 1
150 250 1
104 208 1
9 267 1
249 252 1
96 208 1
87 210 1
9 187 1
137 240 1
57 213 1
134 218 1
106 113 1
38 81 1
48 208 1
51 216 1
54 208 1
40 208 1
178 208 1
190 235 1
162 193 1
50 150 1
64 220 1
139 186 1
47 150 1
99 232 1
102 249 1
38 182 1
208 274 1
209 219 1
69 182 1
51 100 1
132 208 1
70 99 1
82 208 1
106 235 1
78 210 1
28 250 1
1 251 1
50 262 1
72 132 1
133 186 1
50 151 1
134 136 1
50 143 1
187 271 1
39 187 1
7 66 1
33 208 1
186 217 1
47 198 1
31 178 1
141 208 1
9 85 1
51 225 1
77 178 1
31 242 1
97 134 1
91 213 1
72 106 1
31 232 1
107 232 1
86 250 1
208 223 1
147 275 1
203 208 1
208 237 1
102 208 1
208 254 1
152 186 1
57 190 1
3 31 1
119 252 1
86 121 1
7 165 1
208 252 1
120 149 1
157 208 1
154 186 1
119 208 1
154 250 1
137 208 1
193 210 1
25 232 1
97 186 1
186 238 1
167 208 1
9 126 1
3 245 1
195 208 1
171 193 1
207 235 1
6 50 1
208 257 1
31 97 1
44 242 1
55 148 1
77 192 1
16 198 1
25 235 1
26 187 1
208 266 1
13 187 1
58 186 1
232 238 1
106 208 1
208 271 1
172 208 1
57 88 1
50 208 1
48 246 1
120 174 1
136 208 1
12 208 1
137 254 1
106 267 1
87 271 1
130 208 1
33 232 1
36 186 1
50 229 1
109 230 1
9 127 1
34 174 1
13 186 1
31 257 1
98 186 1
87 240 1
232 263 1
83 208 1
8 222 1
48 186 1
237 251 1
110 249 1
250 264 1
43 208 1
213 232 1
18 192 1
120 177 1
168 232 1
136 269 1
31 186 1
224 235 1
31 217 1
206 210 1
53 136 1
31 269 1
44 108 1
88 220 1
126 208 1
175 235 1
42 272 1
217 238 1
48 178 1
9 94 1
112 208 1
212 235 1
135 208 1
113 132 1
12 267 1
73 186 1
116 120 1
57 237 1
100 208 1
193 235 1
89 267 1
163 182 1
110 208 1
22 232 1
48 252 1
15 119 1
55 221 1
65 108 1
95 221 1
2 209 1
82 235 1
37 186 1
186 261 1
32 121 1
87 208 1
250 251 1
75 120 1
74 119 1
59 254 1
90 240 1
186 226 1
50 192 1
9 28 1
70 272 1
156 235 1
110 211 1
86 149 1
13 208 1
56 165 1
102 150 1
95 125 1
47 208 1
180 208 1
186 250 1
72 248 1
33 262 1
56 187 1
205 232 1
31 135 1
128 208 1
123 235 1
25 136 1
254 271 1
66 127 1
88 129 1
14 210 1
169 186 1
52 82 1
46 208 1
54 238 1
56 186 1
28 208 1
56 95 1
36 87 1
23 48 1
62 208 1
25 134 1
76 116 1
60 186 1
116 208 1
9 271 1
7 267 1
54 252 1
176 186 1
3 179 1
79 186 1
132 186 1
31 179 1
67 208 1
154 187 1
81 155 1
36 121 1
105 208 1
165 190 1
6 31 1
33 66 1
186 247 1
208 220 1
93 208 1
38 186 1
50 220 1
136 230 1
162 186 1
107 200 1
135 272 1
213 235 1
48 215 1
131 232 1
167 271 1
27 133 1
25 115 1
50 267 1
139 254 1
134 266 1
81 252 1
50 172 1
134 167 1
40 82 1
86 216 1
151 167 1
166 235 1
186 196 1
160 208 1
23 208 1
101 208 1
12 48 1
75 208 1
195 253 1
208 251 1
121 122 1
27 161 1
9 250 1
12 21 1
34 186 1
81 106 1
56 72 1
52 186 1
208 256 1
169 235 1
41 208 1
7 249 1
64 89 1
227 266 1
212 266 1
9 204 1
199 235 1
5 81 1
42 239 1
136 179 1
132 275 1
205 208 1
7 133 1
147 208 1
199 208 1
204 232 1
208 212 1
131 255 1
208 216 1
120 272 1
88 139 1
2 21 1
54 273 1
41 132 1
131 225 1
132 267 1
225 272 1
58 154 1
134 182 1
57 130 1
103 208 1
20 119 1
79 250 1
81 174 1
192 265 1
143 208 1
22 46 1
51 177 1
40 66 1
2 31 1
71 193 1
50 196 1
168 218 1
19 31 1
6 208 1
77 186 1
44 186 1
8 198 1
86 124 1
122 136 1
186 256 1
205 250 1
139 262 1
120 167 1
2 235 1
31 156 1
228 254 1
208 263 1
88 230 1
35 246 1
161 186 1
6 265 1
23 31 1
198 201 1
18 31 1
115 188 1
159 215 1
166 182 1
98 267 1
72 252 1
80 235 1
54 172 1
9 266 1
65 249 1
237 240 1
141 143 1
48 57 1
31 34 1
27 156 1
9 24 1
31 35 1
23 46 1
119 232 1
241 266 1
141 186 1
230 248 1
128 178 1
186 231 1
49 102 1
20 137 1
131 185 1
48 207 1
152 269 1
14 208 1
97 169 1
186 241 1
60 164 1
73 198 1
186 201 1
22 186 1
9 151 1
108 165 1
23 147 1
75 216 1
124 129 1
10 250 1
86 135 1
128 240 1
136 158 1
65 208 1
58 232 1
86 247 1
202 249 1
31 270 1
5 186 1
1 187 1
22 103 1
208 228 1
132 177 1
9 108 1
140 186 1
169 249 1
196 238 1
159 186 1
48 138 1
36 208 1
9 19 1
119 172 1
252 269 1
139 249 1
113 186 1
167 183 1
26 127 1
166 272 1
67 86 1
183 251 1
38 131 1
84 108 1
45 106 1
60 177 1
24 208 1
46 135 1
81 272 1
136 207 1
11 187 1
54 134 1
51 186 1
127 156 1
51 224 1
29 81 1
186 269 1
26 119 1
63 235 1
1 134 1
126 232 1
98 208 1
33 272 1
129 130 1
26 43 1
179 186 1
9 201 1
50 187 1
208 248 1
186 262 1
82 267 1
56 128 1
32 87 1
186 203 1
183 238 1
64 129 1
203 213 1
25 65 1
208 239 1
50 148 1
91 237 1
116 182 1
86 142 1
19 210 1
208 224 1
190 208 1
111 269 1
209 250 1
60 165 1
160 169 1
42 81 1
65 219 1
160 164 1
45 92 1
49 134 1
94 198 1
28 119 1
167 203 1
50 107 1
240 244 1
35 103 1
95 188 1
199 250 1
227 232 1
129 134 1
137 246 1
204 208 1
10 186 1
56 248 1
43 252 1
29 48 1
122 240 1
46 232 1
25 250 1
240 246 1
50 212 1
144 208 1
158 210 1
150 208 1
186 208 1
3 267 1
81 231 1
3 50 1
50 182 1
95 240 1
136 186 1
191 208 1
17 208 1
41 120 1
50 230 1
90 235 1
95 104 1
12 50 1
86 268 1
103 186 1
209 235 1
103 227 1
105 240 1
187 236 1
132 209 1
74 251 1
235 253 1
34 275 1
126 251 1
186 192 1
186 190 1
31 229 1
92 210 1
80 252 1
82 103 1
175 242 1
244 252 1
117 206 1
114 244 1
95 139 1
163 211 1
150 258 1
145 208 1
76 134 1
226 240 1
208 233 1
201 256 1
81 230 1
229 250 1
54 139 1
79 208 1
210 217 1
186 202 1
30 50 1
186 273 1
11 60 1
158 250 1
77 139 1
47 232 1
32 148 1
74 268 1
121 198 1
189 200 1
210 232 1
101 112 1
132 249 1
9 106 1
116 222 1
206 231 1
81 221 1
84 208 1
102 270 1
179 208 1
48 187 1
90 111 1
54 186 1
196 198 1
166 232 1
48 217 1
68 207 1
53 167 1
9 140 1
116 134 1
27 186 1
60 228 1
31 231 1
208 232 1
44 208 1
31 275 1
232 239 1
9 145 1
103 244 1
186 210 1
16 254 1
182 190 1
37 208 1
26 132 1
58 116 1
1 115 1
106 210 1
152 256 1
150 192 1
96 186 1
23 272 1
106 193 1
82 186 1
44 260 1
32 108 1
154 218 1
117 223 1
123 169 1
205 238 1
53 221 1
31 165 1
208 265 1
2 250 1
221 267 1
186 246 1
9 155 1
103 106 1
33 235 1
3 96 1
87 267 1
79 179 1
250 273 1
21 275 1
136 209 1
111 172 1
48 144 1
237 271 1
102 272 1
61 179 1
119 251 1
114 232 1
36 120 1
18 210 1
