1 187 2
1 210 2
1 251 2
2 21 2
2 209 2
3 31 2
3 210 2
3 245 2
4 247 2
6 31 2
6 50 2
6 208 2
6 265 2
7 165 2
7 249 2
8 187 2
8 198 2
9 19 2
9 28 2
9 81 2
9 140 2
9 155 2
9 179 2
9 187 2
9 201 2
9 204 2
9 208 2
9 210 2
9 266 2
9 267 2
9 271 2
10 186 2
10 250 2
12 48 2
13 186 2
13 208 2
14 208 2
16 198 2
16 250 2
18 192 2
18 210 2
19 31 2
20 151 2
20 208 2
22 46 2
22 103 2
22 134 2
23 31 2
23 48 2
23 208 2
25 65 2
25 115 2
25 235 2
26 43 2
26 127 2
26 132 2
27 161 2
27 186 2
28 208 2
29 81 2
30 208 2
31 34 2
31 35 2
31 88 2
31 156 2
31 179 2
31 186 2
31 208 2
31 229 2
31 231 2
31 242 2
31 245 2
31 257 2
31 269 2
32 87 2
32 108 2
33 208 2
33 232 2
33 262 2
33 272 2
34 186 2
34 275 2
35 103 2
35 246 2
36 87 2
36 120 2
36 121 2
36 186 2
36 208 2
37 186 2
38 182 2
39 50 2
40 66 2
40 82 2
41 132 2
41 208 2
42 272 2
43 208 2
44 108 2
44 242 2
45 92 2
45 106 2
45 208 2
46 135 2
47 208 2
47 232 2
48 138 2
48 178 2
48 186 2
48 208 2
48 215 2
49 134 2
50 151 2
50 172 2
50 182 2
50 186 2
50 192 2
50 208 2
50 220 2
50 230 2
50 267 2
51 60 2
51 177 2
51 186 2
51 216 2
51 224 2
53 221 2
54 134 2
54 186 2
55 148 2
55 221 2
56 128 2
56 186 2
56 187 2
56 208 2
56 248 2
57 88 2
58 186 2
58 232 2
59 254 2
60 177 2
60 186 2
60 228 2
64 129 2
65 108 2
65 219 2
66 127 2
66 129 2
67 86 2
68 193 2
68 208 2
71 193 2
72 132 2
72 240 2
72 248 2
72 252 2
73 186 2
73 198 2
74 119 2
74 251 2
75 120 2
75 208 2
77 139 2
77 178 2
78 208 2
79 186 2
80 235 2
81 86 2
81 95 2
81 106 2
81 155 2
81 174 2
81 221 2
81 230 2
81 252 2
81 272 2
82 186 2
82 208 2
86 121 2
86 135 2
86 142 2
86 149 2
86 160 2
86 208 2
86 216 2
87 208 2
87 267 2
88 129 2
88 220 2
89 186 2
89 267 2
90 111 2
90 235 2
90 240 2
91 208 2
91 213 2
94 198 2
95 188 2
95 208 2
96 186 2
97 101 2
97 113 2
97 134 2
97 169 2
98 186 2
99 232 2
100 208 2
101 208 2
102 272 2
103 106 2
103 186 2
103 208 2
104 208 2
106 113 2
106 210 2
106 235 2
106 267 2
107 232 2
109 250 2
110 208 2
111 208 2
111 269 2
114 232 2
114 244 2
115 188 2
116 120 2
116 134 2
116 138 2
116 182 2
116 222 2
119 172 2
119 252 2
120 134 2
120 186 2
120 193 2
120 223 2
121 122 2
121 198 2
122 136 2
123 169 2
126 208 2
126 251 2
127 156 2
129 130 2
130 208 2
131 185 2
131 208 2
131 225 2
132 186 2
132 208 2
132 209 2
132 249 2
132 267 2
133 186 2
134 136 2
134 171 2
134 218 2
134 250 2
136 158 2
136 208 2
136 230 2
136 269 2
137 254 2
138 249 2
139 186 2
139 262 2
140 186 2
141 143 2
141 186 2
144 208 2
145 208 2
147 208 2
150 192 2
150 208 2
150 250 2
152 186 2
154 218 2
156 235 2
157 208 2
158 210 2
159 208 2
160 169 2
160 208 2
161 186 2
163 182 2
163 211 2
166 235 2
167 183 2
168 208 2
169 186 2
172 208 2
175 208 2
175 235 2
175 242 2
176 186 2
178 208 2
179 186 2
179 208 2
182 190 2
182 208 2
182 232 2
186 192 2
186 196 2
186 198 2
186 203 2
186 205 2
186 208 2
186 217 2
186 231 2
186 235 2
186 238 2
186 241 2
186 261 2
186 262 2
186 269 2
186 271 2
187 236 2
188 208 2
189 200 2
190 235 2
190 275 2
192 265 2
193 208 2
193 210 2
195 208 2
196 198 2
199 208 2
199 235 2
199 250 2
202 249 2
205 208 2
205 232 2
205 238 2
206 210 2
208 211 2
208 216 2
208 222 2
208 223 2
208 227 2
208 228 2
208 237 2
208 248 2
208 250 2
208 252 2
208 256 2
208 266 2
208 275 2
209 235 2
210 212 2
210 217 2
210 232 2
210 238 2
210 257 2
212 235 2
227 232 2
227 266 2
228 254 2
229 250 2
232 238 2
232 263 2
235 252 2
235 253 2
237 240 2
237 251 2
240 246 2
244 252 2
250 251 2
250 264 2
254 271 2
183 269 2
41 270 2
137 252 2
82 96 2
208 295 2
105 208 2
84 250 2
89 131 2
210 259 2
51 208 2
149 194 2
177 208 2
151 210 2
208 210 2
59 272 2
187 208 2
157 186 2
245 285 2
186 293 2
41 210 2
186 302 2
75 134 2
72 242 2
80 179 2
9 178 2
31 261 2
63 136 2
32 271 2
208 263 2
51 94 2
199 267 2
173 179 2
190 208 2
94 186 2
74 208 2
9 138 2
21 208 2
231 233 2
223 249 2
21 167 2
98 115 2
14 229 2
183 280 2
136 249 2
31 97 2
103 296 2
137 231 2
171 265 2
56 247 2
130 217 2
208 221 2
70 186 2
83 220 2
44 260 2
191 208 2
45 254 2
256 261 2
29 208 2
208 241 2
75 243 2
115 290 2
64 190 2
158 182 2
28 60 2
13 72 2
42 142 2
272 280 2
27 235 2
182 187 2
48 154 2
178 299 2
27 208 2
177 275 2
97 141 2
210 274 2
208 236 2
232 256 2
32 168 2
72 215 2
51 55 2
72 188 2
158 217 2
27 254 2
121 204 2
50 228 2
63 81 2
50 232 2
61 108 2
141 205 2
152 210 2
94 120 2
199 291 2
36 177 2
210 287 2
80 86 2
53 208 2
9 203 2
156 186 2
8 160 2
186 278 2
169 253 2
30 272 2
192 244 2
49 208 2
86 93 2
214 266 2
12 41 2
93 208 2
208 291 2
47 198 2
13 187 2
116 206 2
138 178 2
35 235 2
50 150 2
92 249 2
186 283 2
86 101 2
208 286 2
208 297 2
106 186 2
46 90 2
208 209 2
99 127 2
115 208 2
124 186 2
194 249 2
157 291 2
27 297 2
8 210 2
154 208 2
235 269 2
106 165 2
137 193 2
38 287 2
178 235 2
208 234 2
52 186 2
252 282 2
116 133 2
188 210 2
37 210 2
9 282 2
189 216 2
228 245 2
204 208 2
164 235 2
186 220 2
130 229 2
55 208 2
208 220 2
9 159 2
173 186 2
98 209 2
79 209 2
74 215 2
177 216 2
74 89 2
255 267 2
121 186 2
272 295 2
31 135 2
33 250 2
32 187 2
9 124 2
60 119 2
261 282 2
73 165 2
155 220 2
10 132 2
97 110 2
54 190 2
81 214 2
116 288 2
48 234 2
168 265 2
44 186 2
12 201 2
11 208 2
3 270 2
208 232 2
92 98 2
31 129 2
256 271 2
184 228 2
208 214 2
95 186 2
9 31 2
44 208 2
117 186 2
74 221 2
208 255 2
50 211 2
186 201 2
65 199 2
140 158 2
40 278 2
186 233 2
5 97 2
198 220 2
81 201 2
174 190 2
116 214 2
121 177 2
234 258 2
25 134 2
14 178 2
60 168 2
81 225 2
208 296 2
160 188 2
208 301 2
38 198 2
198 268 2
30 48 2
188 245 2
166 168 2
208 213 2
74 93 2
31 197 2
208 283 2
41 45 2
52 205 2
144 186 2
80 263 2
161 217 2
51 157 2
208 265 2
89 275 2
208 235 2
188 239 2
42 250 2
132 178 2
106 295 2
49 211 2
13 259 2
114 208 2
80 110 2
253 266 2
81 244 2
6 96 2
77 105 2
115 292 2
208 246 2
51 218 2
9 106 2
109 228 2
9 152 2
146 208 2
42 86 2
40 208 2
186 253 2
278 289 2
250 283 2
185 208 2
90 173 2
4 137 2
87 250 2
55 232 2
155 188 2
131 138 2
127 208 2
175 286 2
159 198 2
118 208 2
45 224 2
81 193 2
20 31 2
22 225 2
179 236 2
98 199 2
235 245 2
10 67 2
179 210 2
58 235 2
31 64 2
90 252 2
49 235 2
124 244 2
48 279 2
162 177 2
26 31 2
31 78 2
47 155 2
152 208 2
198 300 2
57 222 2
116 285 2
11 225 2
25 34 2
158 184 2
31 289 2
8 232 2
220 256 2
11 16 2
186 282 2
47 262 2
208 271 2
19 115 2
97 276 2
103 109 2
173 208 2
69 217 2
138 208 2
3 179 2
178 197 2
101 155 2
208 272 2
186 299 2
9 92 2
252 298 2
135 179 2
50 234 2
74 283 2
4 293 2
75 186 2
128 229 2
31 228 2
19 168 2
177 237 2
208 240 2
247 268 2
249 268 2
189 208 2
47 261 2
222 247 2
17 208 2
18 208 2
55 127 2
133 182 2
44 121 2
22 176 2
19 227 2
21 209 2
72 186 2
31 216 2
128 208 2
9 146 2
218 278 2
135 282 2
48 302 2
92 109 2
9 233 2
166 208 2
31 234 2
50 203 2
36 265 2
6 24 2
235 294 2
86 224 2
81 269 2
37 208 2
85 208 2
11 72 2
50 89 2
131 209 2
134 157 2
59 120 2
157 281 2
50 109 2
178 245 2
98 208 2
120 301 2
87 228 2
80 131 2
31 192 2
49 271 2
135 287 2
186 237 2
169 281 2
45 232 2
149 202 2
41 87 2
86 164 2
54 208 2
220 231 2
72 250 2
9 168 2
170 208 2
140 194 2
195 210 2
65 235 2
102 171 2
55 301 2
93 146 2
72 263 2
24 208 2
232 269 2
158 186 2
65 237 2
192 274 2
132 252 2
17 134 2
189 210 2
120 190 2
185 268 2
36 221 2
198 240 2
199 210 2
166 286 2
134 189 2
86 162 2
9 33 2
92 140 2
126 250 2
14 230 2
65 93 2
179 223 2
31 239 2
217 279 2
5 182 2
109 289 2
134 261 2
199 200 2
53 217 2
208 269 2
135 229 2
86 239 2
9 86 2
129 294 2
64 267 2
137 257 2
151 208 2
83 231 2
30 86 2
146 186 2
51 172 2
10 81 2
50 68 2
202 228 2
69 73 2
31 188 2
164 208 2
172 197 2
81 121 2
252 286 2
73 210 2
70 144 2
65 208 2
107 229 2
101 106 2
31 201 2
182 186 2
250 298 2
238 291 2
86 219 2
111 168 2
106 208 2
39 41 2
71 175 2
65 279 2
41 66 2
64 208 2
9 129 2
66 163 2
183 186 2
38 186 2
224 237 2
106 286 2
76 169 2
239 250 2
9 251 2
75 250 2
155 269 2
142 278 2
10 208 2
50 170 2
9 131 2
55 218 2
31 301 2
13 254 2
81 232 2
15 128 2
163 224 2
189 238 2
208 242 2
6 191 2
170 179 2
150 231 2
31 66 2
208 293 2
50 212 2
106 156 2
6 63 2
41 170 2
45 263 2
106 136 2
97 224 2
45 186 2
180 186 2
120 268 2
42 204 2
196 280 2
53 106 2
154 182 2
24 163 2
227 244 2
39 208 2
74 273 2
11 186 2
113 208 2
156 250 2
31 275 2
58 182 2
116 238 2
29 74 2
169 215 2
106 260 2
249 283 2
36 189 2
184 208 2
300 301 2
51 145 2
186 209 2
48 169 2
103 145 2
48 93 2
1 208 2
31 131 2
9 213 2
183 245 2
208 292 2
79 156 2
5 235 2
196 277 2
14 47 2
29 103 2
118 230 2
45 260 2
187 237 2
210 263 2
58 278 2
168 186 2
134 167 2
25 275 2
62 120 2
84 208 2
179 203 2
117 188 2
57 208 2
122 235 2
149 242 2
208 260 2
