1 208 3
1 251 3
3 31 3
3 179 3
3 210 3
3 270 3
4 137 3
4 293 3
5 97 3
5 182 3
5 235 3
6 50 3
6 63 3
6 265 3
7 165 3
7 249 3
8 198 3
9 81 3
9 86 3
9 124 3
9 146 3
9 152 3
9 155 3
9 159 3
9 201 3
9 203 3
9 204 3
9 210 3
9 213 3
9 233 3
9 271 3
9 282 3
10 81 3
10 132 3
10 186 3
10 250 3
11 16 3
11 186 3
11 208 3
12 41 3
12 48 3
13 72 3
13 186 3
13 187 3
13 254 3
14 178 3
14 208 3
14 230 3
18 192 3
18 208 3
20 31 3
20 151 3
21 167 3
21 209 3
22 134 3
24 208 3
25 115 3
25 235 3
25 275 3
26 31 3
26 43 3
26 132 3
27 161 3
27 186 3
27 208 3
27 254 3
27 297 3
29 208 3
30 48 3
30 86 3
30 272 3
31 34 3
31 35 3
31 131 3
31 135 3
31 156 3
31 179 3
31 186 3
31 192 3
31 201 3
31 216 3
31 228 3
31 231 3
31 239 3
31 242 3
31 257 3
31 261 3
31 275 3
32 87 3
32 108 3
33 272 3
34 186 3
34 275 3
36 120 3
36 121 3
36 221 3
36 265 3
37 208 3
37 210 3
38 186 3
38 198 3
38 287 3
39 50 3
39 208 3
40 82 3
40 208 3
41 45 3
41 132 3
41 170 3
41 270 3
42 86 3
42 250 3
42 272 3
44 108 3
44 260 3
45 92 3
45 106 3
45 186 3
45 224 3
45 232 3
45 254 3
45 260 3
45 263 3
46 90 3
47 155 3
47 198 3
47 261 3
47 262 3
48 93 3
48 178 3
48 208 3
48 234 3
48 302 3
49 235 3
49 271 3
50 109 3
50 150 3
50 151 3
50 170 3
50 172 3
50 182 3
50 186 3
50 203 3
50 230 3
50 232 3
50 234 3
51 55 3
51 94 3
51 145 3
51 186 3
51 208 3
51 216 3
51 218 3
51 224 3
53 106 3
54 134 3
54 186 3
54 208 3
55 148 3
55 208 3
55 218 3
55 232 3
55 301 3
56 128 3
56 187 3
56 208 3
56 247 3
57 208 3
58 182 3
59 120 3
59 254 3
59 272 3
60 119 3
60 168 3
60 186 3
60 228 3
61 108 3
64 129 3
64 208 3
65 93 3
65 237 3
66 127 3
67 86 3
68 193 3
68 208 3
69 73 3
70 186 3
71 175 3
72 132 3
72 188 3
72 242 3
72 248 3
72 252 3
73 165 3
73 186 3
73 198 3
74 89 3
74 93 3
74 208 3
74 221 3
74 251 3
74 283 3
75 186 3
75 208 3
75 243 3
75 250 3
77 105 3
77 178 3
78 208 3
79 156 3
79 186 3
80 86 3
80 179 3
80 235 3
81 95 3
81 174 3
81 221 3
81 230 3
81 232 3
81 244 3
81 269 3
82 96 3
82 208 3
83 231 3
84 208 3
84 250 3
86 101 3
86 121 3
86 142 3
86 149 3
86 160 3
86 162 3
86 164 3
86 208 3
86 216 3
86 219 3
87 208 3
87 228 3
87 267 3
88 129 3
88 220 3
89 275 3
90 111 3
90 235 3
91 208 3
91 213 3
92 109 3
92 140 3
92 249 3
93 208 3
94 198 3
95 186 3
95 188 3
96 186 3
97 113 3
97 141 3
97 276 3
98 115 3
98 186 3
98 209 3
99 232 3
100 208 3
101 106 3
101 155 3
103 106 3
103 109 3
103 145 3
103 186 3
103 208 3
104 208 3
105 208 3
106 136 3
106 156 3
106 165 3
106 186 3
106 208 3
106 235 3
106 260 3
106 286 3
107 229 3
107 232 3
109 289 3
111 168 3
114 244 3
115 208 3
115 290 3
115 292 3
116 120 3
116 138 3
116 182 3
116 206 3
116 222 3
116 288 3
117 188 3
119 172 3
119 252 3
120 186 3
120 190 3
120 193 3
120 223 3
121 186 3
122 136 3
122 235 3
123 169 3
124 186 3
124 244 3
126 208 3
126 250 3
126 251 3
127 156 3
127 208 3
128 208 3
129 294 3
131 138 3
131 185 3
131 225 3
132 208 3
132 252 3
133 182 3
133 186 3
134 136 3
134 157 3
134 167 3
134 171 3
134 189 3
135 229 3
135 282 3
135 287 3
136 208 3
136 230 3
136 249 3
136 269 3
137 231 3
137 254 3
138 249 3
139 186 3
140 158 3
140 186 3
141 186 3
141 205 3
144 208 3
145 208 3
146 186 3
149 194 3
149 202 3
149 242 3
150 208 3
150 250 3
151 208 3
151 210 3
152 208 3
152 210 3
154 208 3
154 218 3
156 186 3
158 184 3
160 169 3
160 188 3
161 186 3
161 217 3
162 177 3
163 211 3
164 208 3
166 168 3
166 208 3
166 235 3
166 286 3
168 186 3
168 208 3
169 215 3
169 253 3
175 235 3
176 186 3
177 216 3
177 237 3
177 275 3
178 197 3
178 235 3
178 245 3
178 299 3
179 186 3
179 203 3
179 208 3
180 186 3
182 187 3
182 190 3
182 208 3
182 232 3
183 280 3
186 196 3
186 198 3
186 201 3
186 205 3
186 208 3
186 209 3
186 220 3
186 231 3
186 233 3
186 235 3
186 241 3
186 253 3
186 261 3
186 278 3
186 282 3
186 293 3
186 302 3
188 208 3
188 210 3
188 239 3
189 200 3
189 216 3
189 238 3
190 275 3
192 265 3
193 208 3
194 249 3
195 208 3
196 277 3
198 220 3
198 240 3
198 300 3
199 200 3
199 208 3
199 210 3
199 235 3
199 250 3
199 267 3
205 208 3
205 232 3
205 238 3
208 210 3
208 214 3
208 216 3
208 221 3
208 222 3
208 223 3
208 227 3
208 232 3
208 242 3
208 246 3
208 248 3
208 255 3
208 260 3
208 271 3
208 275 3
208 283 3
208 286 3
208 293 3
208 296 3
208 297 3
208 301 3
209 235 3
210 212 3
210 217 3
210 263 3
210 274 3
217 279 3
220 231 3
222 247 3
224 237 3
227 232 3
228 245 3
229 250 3
231 233 3
232 263 3
232 269 3
235 252 3
235 253 3
235 269 3
235 294 3
237 240 3
237 251 3
239 250 3
249 268 3
250 264 3
252 286 3
252 298 3
253 266 3
255 267 3
256 261 3
272 295 3
300 301 3
157 276 3
67 269 3
33 186 3
6 60 3
194 208 3
240 317 3
20 208 3
269 278 3
50 88 3
178 229 3
26 208 3
23 208 3
56 272 3
21 219 3
115 186 3
46 231 3
135 208 3
208 261 3
155 281 3
138 145 3
45 217 3
179 180 3
185 306 3
227 306 3
45 85 3
169 229 3
9 36 3
51 171 3
97 106 3
105 210 3
127 309 3
149 205 3
98 233 3
31 321 3
306 325 3
36 186 3
31 313 3
186 285 3
125 126 3
86 152 3
24 111 3
70 93 3
10 25 3
42 232 3
3 110 3
73 182 3
25 330 3
30 184 3
135 186 3
9 45 3
72 146 3
51 306 3
36 80 3
287 329 3
4 31 3
191 252 3
189 254 3
31 154 3
56 227 3
186 286 3
158 322 3
51 241 3
102 209 3
36 234 3
85 100 3
89 195 3
208 235 3
105 106 3
32 235 3
34 306 3
15 54 3
15 250 3
20 100 3
86 266 3
12 177 3
188 308 3
47 55 3
37 186 3
231 268 3
28 186 3
135 239 3
21 265 3
188 296 3
162 168 3
239 275 3
134 150 3
137 235 3
196 208 3
32 227 3
90 209 3
208 315 3
73 195 3
111 229 3
60 218 3
25 68 3
6 249 3
7 231 3
25 318 3
50 282 3
210 279 3
208 228 3
219 277 3
51 147 3
135 153 3
86 133 3
153 179 3
178 238 3
284 294 3
208 288 3
110 137 3
186 291 3
9 273 3
114 256 3
106 189 3
208 298 3
80 148 3
9 133 3
139 168 3
97 244 3
167 208 3
186 298 3
31 91 3
109 162 3
54 135 3
139 232 3
188 236 3
9 272 3
145 173 3
156 257 3
13 330 3
257 280 3
21 24 3
231 305 3
208 306 3
269 309 3
224 264 3
85 275 3
21 31 3
139 275 3
93 112 3
208 231 3
95 159 3
131 210 3
29 244 3
154 314 3
221 295 3
31 133 3
134 218 3
186 308 3
162 186 3
31 208 3
62 250 3
69 218 3
52 295 3
16 300 3
208 213 3
290 332 3
21 325 3
191 231 3
178 186 3
41 186 3
84 239 3
7 213 3
6 129 3
141 232 3
168 218 3
72 195 3
231 317 3
36 297 3
139 265 3
177 208 3
133 175 3
40 186 3
159 304 3
81 186 3
208 226 3
37 50 3
52 186 3
95 146 3
137 225 3
50 225 3
224 258 3
8 9 3
25 215 3
31 87 3
27 293 3
145 175 3
162 244 3
45 184 3
208 274 3
28 195 3
31 300 3
190 237 3
95 132 3
100 135 3
115 159 3
100 124 3
75 188 3
143 145 3
98 310 3
159 232 3
226 272 3
36 316 3
130 297 3
3 291 3
229 324 3
186 255 3
106 311 3
50 240 3
138 260 3
2 254 3
53 266 3
18 129 3
208 318 3
152 310 3
60 296 3
210 232 3
101 123 3
100 232 3
86 127 3
152 234 3
142 208 3
165 192 3
107 186 3
44 232 3
131 269 3
151 186 3
36 201 3
117 152 3
173 186 3
49 134 3
51 137 3
48 326 3
73 120 3
198 308 3
95 235 3
192 252 3
186 332 3
208 243 3
142 319 3
74 146 3
45 206 3
178 316 3
48 269 3
32 62 3
6 208 3
186 193 3
221 312 3
71 232 3
211 231 3
229 280 3
56 135 3
33 287 3
3 227 3
7 266 3
154 168 3
124 309 3
155 208 3
50 62 3
177 241 3
6 16 3
81 169 3
51 280 3
31 234 3
86 141 3
4 44 3
43 250 3
232 310 3
155 205 3
134 148 3
143 216 3
45 235 3
25 255 3
29 145 3
82 235 3
212 234 3
25 309 3
195 225 3
188 289 3
148 186 3
5 186 3
137 184 3
55 188 3
134 315 3
172 240 3
31 120 3
219 225 3
133 319 3
44 186 3
234 307 3
91 172 3
203 252 3
72 225 3
168 323 3
118 252 3
235 328 3
179 250 3
225 235 3
100 251 3
25 193 3
197 260 3
47 214 3
13 284 3
208 245 3
4 103 3
72 267 3
106 167 3
156 238 3
170 180 3
248 252 3
26 246 3
77 186 3
96 115 3
86 172 3
31 136 3
186 214 3
9 191 3
235 270 3
104 253 3
20 250 3
112 235 3
182 300 3
18 86 3
19 262 3
52 208 3
57 288 3
137 303 3
263 324 3
133 235 3
122 186 3
152 295 3
119 271 3
36 169 3
186 299 3
90 196 3
145 203 3
152 288 3
84 186 3
118 137 3
31 139 3
53 188 3
81 194 3
186 320 3
31 124 3
27 115 3
160 208 3
9 222 3
9 137 3
62 135 3
95 222 3
33 260 3
102 232 3
259 269 3
139 208 3
201 217 3
3 322 3
132 200 3
3 293 3
145 186 3
61 186 3
115 221 3
108 247 3
42 183 3
210 248 3
9 254 3
31 174 3
272 278 3
10 200 3
50 171 3
9 313 3
41 103 3
8 282 3
189 203 3
123 186 3
131 250 3
186 281 3
208 305 3
128 235 3
28 237 3
38 260 3
149 176 3
36 59 3
120 256 3
27 178 3
208 239 3
190 216 3
147 186 3
200 319 3
166 331 3
75 164 3
26 228 3
95 109 3
101 221 3
91 108 3
131 255 3
5 135 3
174 186 3
160 329 3
92 323 3
229 316 3
244 310 3
185 217 3
193 283 3
163 193 3
115 309 3
178 200 3
197 235 3
131 147 3
56 235 3
25 43 3
82 127 3
281 327 3
58 222 3
67 193 3
119 199 3
175 270 3
86 166 3
178 324 3
53 81 3
79 297 3
50 199 3
77 234 3
46 217 3
9 256 3
186 264 3
180 235 3
78 232 3
68 186 3
115 129 3
31 112 3
104 231 3
119 269 3
35 45 3
102 250 3
251 300 3
308 326 3
9 162 3
208 320 3
9 207 3
134 196 3
113 230 3
167 174 3
170 244 3
151 189 3
25 214 3
74 220 3
137 292 3
186 318 3
49 208 3
77 254 3
28 162 3
13 270 3
81 114 3
25 110 3
131 280 3
77 102 3
109 240 3
37 184 3
208 252 3
92 270 3
69 186 3
148 157 3
59 308 3
45 199 3
46 111 3
106 133 3
109 323 3
9 330 3
66 208 3
131 208 3
44 86 3
163 272 3
68 217 3
183 239 3
56 193 3
12 200 3
186 216 3
96 150 3
179 182 3
4 106 3
78 189 3
67 161 3
38 221 3
322 325 3
151 170 3
6 7 3
47 237 3
177 250 3
9 96 3
179 243 3
221 227 3
27 85 3
156 224 3
91 252 3
86 325 3
197 208 3
83 157 3
135 269 3
83 218 3
132 308 3
186 258 3
208 321 3
86 276 3
52 203 3
112 244 3
198 247 3
191 199 3
198 266 3
69 118 3
184 295 3
167 232 3
132 228 3
260 267 3
119 264 3
258 260 3
60 247 3
33 254 3
119 298 3
126 232 3
70 232 3
198 217 3
27 253 3
7 135 3
109 328 3
152 184 3
251 294 3
186 202 3
83 208 3
208 277 3
2 273 3
114 152 3
208 215 3
30 285 3
308 314 3
31 67 3
89 235 3
21 208 3
101 159 3
82 186 3
18 81 3
121 294 3
205 235 3
28 227 3
93 185 3
267 269 3
216 306 3
180 194 3
22 225 3
308 310 3
274 325 3
25 208 3
19 41 3
231 246 3
207 272 3
250 271 3
13 53 3
231 314 3
80 208 3
22 208 3
86 328 3
50 55 3
1 184 3
90 159 3
10 12 3
26 79 3
36 144 3
98 146 3
68 237 3
75 131 3
177 186 3
178 227 3
234 250 3
213 226 3
152 247 3
145 261 3
31 147 3
70 208 3
22 41 3
208 282 3
35 51 3
23 281 3
86 198 3
106 271 3
1 161 3
39 186 3
135 235 3
10 245 3
98 170 3
53 186 3
145 289 3
32 148 3
170 238 3
28 309 3
161 232 3
168 283 3
220 239 3
21 169 3
223 237 3
53 274 3
86 148 3
183 232 3
50 118 3
36 275 3
293 318 3
25 151 3
2 235 3
117 184 3
156 223 3
91 194 3
9 101 3
9 144 3
86 298 3
157 294 3
269 291 3
144 234 3
113 260 3
134 232 3
15 36 3
170 208 3
75 235 3
