1 161 4
1 184 4
1 208 4
2 273 4
3 179 4
3 210 4
3 227 4
3 270 4
3 293 4
3 322 4
4 31 4
4 103 4
4 106 4
4 293 4
5 97 4
5 135 4
5 186 4
6 7 4
6 50 4
6 60 4
6 265 4
7 165 4
7 213 4
7 231 4
7 249 4
8 282 4
9 45 4
9 81 4
9 86 4
9 96 4
9 124 4
9 137 4
9 152 4
9 155 4
9 201 4
9 213 4
9 222 4
9 254 4
9 256 4
9 271 4
9 272 4
9 282 4
9 313 4
10 12 4
10 81 4
10 186 4
10 245 4
10 250 4
11 16 4
11 208 4
12 48 4
12 177 4
12 200 4
13 72 4
13 186 4
13 187 4
13 270 4
13 284 4
16 300 4
18 81 4
18 208 4
19 41 4
19 262 4
20 151 4
20 208 4
21 167 4
21 169 4
21 208 4
21 209 4
21 265 4
21 325 4
22 41 4
22 225 4
23 208 4
23 281 4
24 111 4
24 208 4
25 43 4
25 68 4
25 110 4
25 151 4
25 208 4
25 215 4
25 255 4
25 275 4
25 309 4
25 330 4
26 43 4
26 208 4
26 246 4
27 85 4
27 178 4
27 208 4
27 253 4
27 254 4
27 293 4
28 195 4
28 227 4
29 244 4
30 86 4
30 184 4
31 34 4
31 67 4
31 87 4
31 91 4
31 112 4
31 120 4
31 133 4
31 139 4
31 147 4
31 192 4
31 208 4
31 228 4
31 231 4
31 234 4
31 239 4
31 242 4
31 261 4
31 313 4
31 321 4
32 62 4
32 87 4
32 108 4
32 148 4
32 227 4
32 235 4
33 260 4
34 186 4
35 51 4
36 80 4
36 144 4
37 186 4
37 208 4
37 210 4
38 186 4
38 198 4
38 287 4
39 208 4
40 82 4
40 186 4
40 208 4
41 103 4
41 132 4
41 170 4
42 232 4
44 86 4
44 108 4
44 186 4
44 260 4
45 92 4
45 106 4
45 206 4
45 232 4
45 235 4
47 155 4
47 198 4
47 214 4
47 237 4
47 261 4
48 178 4
48 208 4
48 234 4
48 269 4
48 302 4
49 134 4
50 62 4
50 109 4
50 118 4
50 150 4
50 151 4
50 186 4
50 199 4
50 203 4
50 232 4
50 282 4
51 94 4
51 145 4
51 147 4
51 171 4
51 186 4
51 208 4
51 224 4
52 203 4
52 208 4
53 188 4
53 266 4
53 274 4
54 134 4
55 208 4
55 218 4
55 301 4
56 187 4
56 208 4
56 227 4
56 247 4
57 208 4
57 288 4
58 222 4
59 120 4
59 272 4
59 308 4
60 119 4
60 186 4
60 218 4
60 247 4
60 296 4
62 250 4
64 129 4
65 93 4
66 208 4
67 161 4
67 193 4
67 269 4
68 186 4
68 193 4
69 73 4
69 186 4
69 218 4
70 93 4
70 186 4
70 232 4
71 175 4
72 132 4
72 225 4
72 252 4
72 267 4
73 182 4
73 186 4
74 89 4
74 93 4
74 220 4
74 251 4
74 283 4
75 164 4
75 186 4
75 188 4
75 208 4
75 235 4
75 250 4
77 105 4
77 178 4
78 189 4
79 156 4
79 297 4
80 86 4
80 148 4
80 179 4
81 221 4
81 230 4
81 269 4
82 96 4
82 127 4
82 235 4
83 208 4
83 218 4
85 100 4
86 101 4
86 127 4
86 142 4
86 148 4
86 149 4
86 160 4
86 162 4
86 164 4
86 166 4
86 172 4
86 208 4
86 216 4
86 219 4
86 266 4
86 276 4
86 328 4
87 267 4
88 129 4
88 220 4
89 275 4
90 111 4
90 159 4
90 196 4
91 172 4
91 194 4
91 208 4
91 213 4
91 252 4
92 109 4
92 270 4
92 323 4
93 185 4
93 208 4
94 198 4
95 132 4
95 146 4
95 188 4
95 235 4
96 115 4
96 150 4
97 106 4
97 141 4
97 244 4
98 186 4
98 209 4
98 233 4
98 310 4
100 124 4
100 232 4
101 106 4
101 123 4
101 159 4
101 221 4
102 209 4
102 232 4
103 106 4
103 145 4
103 208 4
104 231 4
105 208 4
106 136 4
106 165 4
106 167 4
106 186 4
106 189 4
106 208 4
106 271 4
106 311 4
107 232 4
109 162 4
109 323 4
109 328 4
112 235 4
112 244 4
113 260 4
114 244 4
114 256 4
115 159 4
115 186 4
115 208 4
115 221 4
115 290 4
115 292 4
115 309 4
116 120 4
116 206 4
116 222 4
116 288 4
117 184 4
117 188 4
118 137 4
118 252 4
119 271 4
120 186 4
120 190 4
120 193 4
120 256 4
121 186 4
122 186 4
124 244 4
126 232 4
126 250 4
126 251 4
127 156 4
128 235 4
130 297 4
131 147 4
131 185 4
131 250 4
131 280 4
132 200 4
132 228 4
132 252 4
133 175 4
133 182 4
134 136 4
134 150 4
134 167 4
134 189 4
134 218 4
135 186 4
135 208 4
135 235 4
135 269 4
136 208 4
136 249 4
137 184 4
137 231 4
137 235 4
137 303 4
138 145 4
138 249 4
138 260 4
139 208 4
139 232 4
139 265 4
139 275 4
140 158 4
140 186 4
141 186 4
141 205 4
144 208 4
144 234 4
145 173 4
145 175 4
145 203 4
145 289 4
147 186 4
148 157 4
148 186 4
149 176 4
149 205 4
149 242 4
150 250 4
151 189 4
151 208 4
151 210 4
152 247 4
153 179 4
154 168 4
154 208 4
155 205 4
155 208 4
156 186 4
156 257 4
157 276 4
159 232 4
159 304 4
161 217 4
162 168 4
163 211 4
163 272 4
164 208 4
165 192 4
166 208 4
166 235 4
166 286 4
167 174 4
167 208 4
167 232 4
168 186 4
168 208 4
168 218 4
168 323 4
169 229 4
169 253 4
170 180 4
170 238 4
172 240 4
173 186 4
175 235 4
175 270 4
177 208 4
177 237 4
177 241 4
177 275 4
178 227 4
178 229 4
178 235 4
178 238 4
178 245 4
178 299 4
178 316 4
179 180 4
179 182 4
179 186 4
179 203 4
179 208 4
179 243 4
180 186 4
182 208 4
183 232 4
183 280 4
185 306 4
186 193 4
186 198 4
186 209 4
186 220 4
186 231 4
186 241 4
186 253 4
186 255 4
186 278 4
186 282 4
186 286 4
186 291 4
186 302 4
186 308 4
186 318 4
186 320 4
188 236 4
188 289 4
188 296 4
189 203 4
189 238 4
190 237 4
191 231 4
192 252 4
192 265 4
194 249 4
195 225 4
198 240 4
198 247 4
199 200 4
199 208 4
199 210 4
199 235 4
199 267 4
201 217 4
205 208 4
205 232 4
205 235 4
207 272 4
208 213 4
208 223 4
208 227 4
208 231 4
208 232 4
208 235 4
208 239 4
208 243 4
208 245 4
208 248 4
208 271 4
208 283 4
208 293 4
208 297 4
208 298 4
208 301 4
208 306 4
208 315 4
208 318 4
208 320 4
208 321 4
210 217 4
210 279 4
212 234 4
216 306 4
219 225 4
220 231 4
220 239 4
221 295 4
221 312 4
222 247 4
223 237 4
224 237 4
224 258 4
225 235 4
228 245 4
229 280 4
229 324 4
231 317 4
232 263 4
232 310 4
234 307 4
235 252 4
235 253 4
235 269 4
235 294 4
235 328 4
237 240 4
239 275 4
240 317 4
244 310 4
248 252 4
250 271 4
251 300 4
252 286 4
253 266 4
255 267 4
256 261 4
267 269 4
269 309 4
272 295 4
274 325 4
281 327 4
287 329 4
308 314 4
97 145 4
165 285 4
88 114 4
111 178 4
208 272 4
174 179 4
89 237 4
87 208 4
110 165 4
62 186 4
51 89 4
72 321 4
95 232 4
11 178 4
157 175 4
120 274 4
25 210 4
43 50 4
223 271 4
327 333 4
196 208 4
105 150 4
192 208 4
78 175 4
208 312 4
74 326 4
152 166 4
227 247 4
78 303 4
159 276 4
4 208 4
186 239 4
112 256 4
172 282 4
16 324 4
131 229 4
208 256 4
72 334 4
235 287 4
208 329 4
31 292 4
170 186 4
245 352 4
190 338 4
31 342 4
55 295 4
94 208 4
88 208 4
28 261 4
9 145 4
186 233 4
181 285 4
86 124 4
132 140 4
49 103 4
230 276 4
109 302 4
123 208 4
38 208 4
79 186 4
178 340 4
186 341 4
161 208 4
58 72 4
86 282 4
25 188 4
292 295 4
17 151 4
16 198 4
186 332 4
118 178 4
50 217 4
91 164 4
21 71 4
166 316 4
66 360 4
86 177 4
245 264 4
208 265 4
74 140 4
321 332 4
225 305 4
78 224 4
208 262 4
103 185 4
178 274 4
208 336 4
221 273 4
255 276 4
193 357 4
158 186 4
83 177 4
60 76 4
181 314 4
23 199 4
120 208 4
138 139 4
222 232 4
135 221 4
90 178 4
198 208 4
139 252 4
110 217 4
162 234 4
85 235 4
159 216 4
199 229 4
3 29 4
182 247 4
9 50 4
50 165 4
201 208 4
9 341 4
26 227 4
186 265 4
44 66 4
193 307 4
195 240 4
68 91 4
157 189 4
59 261 4
80 173 4
120 152 4
149 186 4
194 208 4
148 203 4
128 193 4
147 352 4
223 256 4
50 158 4
186 230 4
292 335 4
162 206 4
100 208 4
92 221 4
237 260 4
208 362 4
45 208 4
95 244 4
31 81 4
286 352 4
231 311 4
98 178 4
9 208 4
196 319 4
153 275 4
9 253 4
208 276 4
50 102 4
235 341 4
208 291 4
31 106 4
247 362 4
126 208 4
13 207 4
244 256 4
36 178 4
208 281 4
81 184 4
208 305 4
251 315 4
210 274 4
67 336 4
31 290 4
232 275 4
218 312 4
26 106 4
92 335 4
116 179 4
145 308 4
134 186 4
40 168 4
100 327 4
129 208 4
159 186 4
186 201 4
48 360 4
31 113 4
120 154 4
72 78 4
54 307 4
186 317 4
14 137 4
19 169 4
239 315 4
193 264 4
9 246 4
47 86 4
178 221 4
72 169 4
56 275 4
33 164 4
256 294 4
154 232 4
71 218 4
63 154 4
106 209 4
37 163 4
91 128 4
121 159 4
18 176 4
21 118 4
208 218 4
120 300 4
208 287 4
159 248 4
208 224 4
114 208 4
208 209 4
88 264 4
32 194 4
86 353 4
12 50 4
89 244 4
48 316 4
7 229 4
84 163 4
114 232 4
70 339 4
75 194 4
13 129 4
30 67 4
134 327 4
51 104 4
129 253 4
145 148 4
135 247 4
106 207 4
168 339 4
235 258 4
107 179 4
106 304 4
152 186 4
102 220 4
115 349 4
9 220 4
203 333 4
104 168 4
218 221 4
217 239 4
172 215 4
107 208 4
178 273 4
98 341 4
184 208 4
186 194 4
89 208 4
255 272 4
73 244 4
210 357 4
102 206 4
237 357 4
186 234 4
62 222 4
162 186 4
208 303 4
208 270 4
120 318 4
186 350 4
182 255 4
102 343 4
130 208 4
28 208 4
163 232 4
47 169 4
79 274 4
35 88 4
252 323 4
34 269 4
252 273 4
56 125 4
19 231 4
111 129 4
101 166 4
23 40 4
45 186 4
162 275 4
90 306 4
31 204 4
78 354 4
192 306 4
208 323 4
186 333 4
82 143 4
3 124 4
28 232 4
186 300 4
63 208 4
9 16 4
31 223 4
235 304 4
91 293 4
7 186 4
193 312 4
190 232 4
36 300 4
12 208 4
9 179 4
56 194 4
36 172 4
42 190 4
123 186 4
40 81 4
252 270 4
188 208 4
226 253 4
16 145 4
215 218 4
22 159 4
232 283 4
198 259 4
231 300 4
7 273 4
6 194 4
136 209 4
37 261 4
68 69 4
128 244 4
236 251 4
120 161 4
186 323 4
106 256 4
94 250 4
259 276 4
151 186 4
59 338 4
251 270 4
209 350 4
80 152 4
22 233 4
48 165 4
67 148 4
76 82 4
31 40 4
25 323 4
9 234 4
166 173 4
110 186 4
169 208 4
76 120 4
97 107 4
206 275 4
32 208 4
235 249 4
150 296 4
1 155 4
178 301 4
208 349 4
179 305 4
136 219 4
208 216 4
164 309 4
198 327 4
211 234 4
323 352 4
36 244 4
52 124 4
102 111 4
9 78 4
6 128 4
87 186 4
61 100 4
60 134 4
218 342 4
16 51 4
31 178 4
63 306 4
58 164 4
151 319 4
31 207 4
158 240 4
141 166 4
68 302 4
31 62 4
40 248 4
87 269 4
145 294 4
206 235 4
203 336 4
31 243 4
14 235 4
300 330 4
109 115 4
3 72 4
149 274 4
131 199 4
99 203 4
145 208 4
86 278 4
240 279 4
80 296 4
155 180 4
54 186 4
57 81 4
165 186 4
9 350 4
100 120 4
86 324 4
186 190 4
41 245 4
209 324 4
302 309 4
50 142 4
31 171 4
20 232 4
97 215 4
137 243 4
13 115 4
44 111 4
69 208 4
234 254 4
50 208 4
138 290 4
199 215 4
68 220 4
249 282 4
219 275 4
47 212 4
27 65 4
31 169 4
113 235 4
48 136 4
106 289 4
40 282 4
27 297 4
116 332 4
67 286 4
61 208 4
40 243 4
126 148 4
186 266 4
217 314 4
4 297 4
209 238 4
63 313 4
48 177 4
208 261 4
32 139 4
170 296 4
148 289 4
76 153 4
69 343 4
209 268 4
56 59 4
7 331 4
82 242 4
142 203 4
106 127 4
25 139 4
25 168 4
146 261 4
11 128 4
120 255 4
262 265 4
89 198 4
142 192 4
146 186 4
100 217 4
85 208 4
9 70 4
66 334 4
149 220 4
90 189 4
159 273 4
80 235 4
245 281 4
73 208 4
18 316 4
186 267 4
76 189 4
169 237 4
81 181 4
31 122 4
25 77 4
86 103 4
84 141 4
57 287 4
194 213 4
41 77 4
208 340 4
16 183 4
134 144 4
241 293 4
81 101 4
74 297 4
50 308 4
144 353 4
63 207 4
208 363 4
208 322 4
219 283 4
232 301 4
84 161 4
31 154 4
233 286 4
136 215 4
208 214 4
46 244 4
125 134 4
201 213 4
120 232 4
72 208 4
117 145 4
42 323 4
9 332 4
97 225 4
90 145 4
119 297 4
203 327 4
117 208 4
28 92 4
149 203 4
109 191 4
2 208 4
194 363 4
27 35 4
210 221 4
30 37 4
50 312 4
212 282 4
101 273 4
78 93 4
145 193 4
80 191 4
208 274 4
232 321 4
100 180 4
25 241 4
117 168 4
2 234 4
17 86 4
124 221 4
132 323 4
208 304 4
132 330 4
103 343 4
86 363 4
25 106 4
58 255 4
145 195 4
128 232 4
82 360 4
48 52 4
192 234 4
208 310 4
27 236 4
25 144 4
37 318 4
182 344 4
104 220 4
125 302 4
134 241 4
162 200 4
232 281 4
208 350 4
62 206 4
221 330 4
94 244 4
167 188 4
90 97 4
2 98 4
101 234 4
25 98 4
208 219 4
208 269 4
46 269 4
198 269 4
186 218 4
50 206 4
46 208 4
86 310 4
212 245 4
9 229 4
174 201 4
70 208 4
186 263 4
106 133 4
2 195 4
110 205 4
252 364 4
112 229 4
145 185 4
214 295 4
255 326 4
96 206 4
186 309 4
71 199 4
31 123 4
223 244 4
51 191 4
191 239 4
76 208 4
184 186 4
12 239 4
37 300 4
186 228 4
186 259 4
67 186 4
175 208 4
206 208 4
165 346 4
8 170 4
71 208 4
182 190 4
180 220 4
24 330 4
86 221 4
65 120 4
36 208 4
144 210 4
174 186 4
19 221 4
46 296 4
221 336 4
100 253 4
51 242 4
279 306 4
192 203 4
69 72 4
67 156 4
115 253 4
186 331 4
77 124 4
89 121 4
69 92 4
208 326 4
103 339 4
75 201 4
27 100 4
180 272 4
60 110 4
142 280 4
186 277 4
72 291 4
228 244 4
149 159 4
163 208 4
69 236 4
162 279 4
77 175 4
9 51 4
148 188 4
210 353 4
40 251 4
106 356 4
86 297 4
268 273 4
86 269 4
11 270 4
63 130 4
6 235 4
206 226 4
164 235 4
231 256 4
60 145 4
8 196 4
69 122 4
144 355 4
245 298 4
103 186 4
135 218 4
302 320 4
232 236 4
15 59 4
29 90 4
244 318 4
128 198 4
208 357 4
194 309 4
8 180 4
149 343 4
88 217 4
218 278 4
113 186 4
49 76 4
8 208 4
136 218 4
63 227 4
51 351 4
178 210 4
9 214 4
64 323 4
61 235 4
306 339 4
229 297 4
186 246 4
26 166 4
269 306 4
3 232 4
27 184 4
72 355 4
90 222 4
253 331 4
53 313 4
96 277 4
128 162 4
65 208 4
291 301 4
208 211 4
184 191 4
178 264 4
185 261 4
35 152 4
32 341 4
36 257 4
4 80 4
133 265 4
178 212 4
244 326 4
77 186 4
208 346 4
134 310 4
86 176 4
101 206 4
52 213 4
277 281 4
45 324 4
48 188 4
47 136 4
106 263 4
208 313 4
172 208 4
120 301 4
110 115 4
79 174 4
115 194 4
252 288 4
137 186 4
101 276 4
114 293 4
141 235 4
75 265 4
183 253 4
276 330 4
232 245 4
238 302 4
84 365 4
111 211 4
186 347 4
177 186 4
86 354 4
217 240 4
294 339 4
41 355 4
210 338 4
9 251 4
90 322 4
149 345 4
192 262 4
54 205 4
43 74 4
106 179 4
35 208 4
208 255 4
63 239 4
225 259 4
59 208 4
143 186 4
