32 232 2
32 222 2
130 232 2
102 222 2
114 232 2
211 222 2
81 232 2
30 211 2
77 194 2
162 232 2
194 265 2
30 216 2
30 164 2
114 147 2
124 194 2
194 259 2
81 210 2
232 296 2
30 284 2
114 265 2
124 217 2
20 266 2
20 253 2
233 265 2
211 246 2
111 194 2
42 102 2
183 220 2
162 211 2
190 211 2
134 232 2
7 265 2
246 280 2
56 124 2
124 230 2
100 265 2
20 179 2
25 253 2
30 215 2
42 244 2
52 211 2
30 242 2
116 162 2
32 89 2
195 232 2
45 194 2
56 292 2
134 257 2
124 229 2
77 178 2
245 253 2
124 158 2
124 152 2
20 50 2
99 265 2
85 211 2
1 257 2
90 211 2
194 281 2
18 217 2
32 257 2
25 65 2
114 250 2
23 114 2
54 124 2
245 261 2
20 56 2
211 241 2
75 124 2
89 172 2
102 204 2
124 197 2
32 252 2
16 25 2
150 162 2
30 41 2
20 85 2
2 81 2
114 222 2
42 56 2
194 202 2
211 219 2
134 274 2
30 89 2
82 194 2
91 257 2
77 117 2
234 265 2
78 178 2
211 217 2
25 42 2
164 171 2
171 273 2
30 209 2
65 253 2
39 217 2
211 236 2
211 258 2
265 282 2
172 267 2
30 47 2
56 266 2
129 194 2
10 202 2
142 211 2
70 194 2
11 232 2
114 210 2
202 300 2
182 232 2
124 288 2
114 202 2
126 232 2
62 284 2
229 273 2
16 260 2
72 217 2
211 257 2
124 201 2
222 290 2
38 232 2
32 147 2
43 178 2
188 194 2
88 100 2
50 240 2
30 292 2
242 266 2
114 245 2
152 272 2
242 267 2
113 265 2
10 32 2
42 154 2
147 184 2
17 273 2
200 253 2
181 194 2
90 172 2
43 56 2
241 253 2
23 287 2
78 277 2
211 302 2
8 232 2
51 89 2
194 299 2
262 265 2
86 124 2
20 113 2
100 148 2
198 265 2
124 176 2
124 301 2
232 244 2
162 223 2
91 178 2
224 281 2
47 120 2
199 250 2
32 267 2
144 202 2
211 283 2
30 56 2
27 273 2
105 245 2
104 229 2
12 194 2
135 178 2
11 217 2
112 265 2
30 124 2
194 268 2
27 211 2
158 194 2
56 245 2
124 280 2
148 175 2
28 211 2
25 88 2
25 194 2
45 80 2
130 194 2
167 194 2
194 243 2
260 298 2
20 120 2
30 194 2
204 227 2
169 210 2
98 245 2
201 245 2
31 56 2
32 217 2
194 198 2
23 253 2
11 141 2
13 20 2
36 265 2
25 161 2
147 203 2
158 232 2
30 261 2
124 141 2
23 243 2
102 217 2
184 193 2
204 224 2
60 204 2
34 253 2
30 201 2
265 285 2
30 279 2
61 222 2
30 65 2
2 203 2
124 273 2
25 71 2
122 211 2
117 177 2
95 194 2
20 184 2
194 208 2
124 220 2
265 268 2
4 222 2
19 30 2
77 237 2
283 288 2
14 56 2
51 265 2
141 232 2
16 275 2
10 265 2
163 211 2
152 194 2
246 265 2
68 102 2
207 211 2
124 149 2
140 194 2
217 230 2
145 201 2
5 194 2
54 114 2
20 201 2
65 90 2
37 265 2
124 216 2
194 249 2
8 124 2
60 164 2
22 253 2
36 245 2
226 265 2
38 130 2
240 244 2
28 114 2
61 265 2
29 201 2
30 134 2
116 174 2
202 222 2
214 250 2
173 232 2
114 242 2
16 159 2
171 256 2
8 77 2
181 253 2
42 129 2
30 35 2
86 253 2
265 271 2
114 186 2
20 69 2
149 217 2
29 163 2
1 194 2
40 232 2
3 20 2
234 281 2
11 194 2
61 229 2
56 277 2
30 33 2
177 178 2
117 124 2
217 248 2
136 292 2
9 30 2
212 245 2
66 194 2
9 178 2
31 216 2
136 222 2
111 285 2
211 290 2
194 289 2
108 244 2
124 183 2
37 152 2
25 176 2
20 93 2
11 253 2
25 264 2
32 53 2
186 288 2
87 124 2
125 194 2
160 172 2
253 283 2
78 256 2
15 152 2
32 142 2
35 130 2
110 232 2
26 61 2
206 217 2
67 232 2
30 54 2
219 277 2
80 211 2
7 20 2
99 171 2
1 158 2
24 124 2
25 191 2
124 199 2
27 42 2
25 186 2
124 172 2
56 91 2
69 114 2
15 35 2
76 134 2
188 202 2
204 301 2
40 211 2
114 270 2
9 232 2
198 202 2
69 217 2
194 266 2
62 88 2
120 152 2
250 290 2
174 290 2
152 219 2
197 229 2
96 224 2
181 197 2
25 153 2
202 257 2
116 202 2
124 190 2
11 121 2
43 232 2
232 275 2
180 211 2
91 124 2
18 283 2
30 293 2
45 124 2
158 217 2
20 211 2
9 25 2
194 219 2
32 140 2
232 263 2
211 214 2
30 34 2
173 188 2
30 203 2
20 104 2
64 81 2
124 167 2
103 178 2
8 16 2
172 259 2
275 281 2
25 166 2
211 270 2
168 211 2
108 301 2
55 301 2
56 164 2
80 88 2
1 18 2
155 194 2
244 255 2
124 195 2
115 194 2
20 238 2
27 258 2
233 253 2
9 194 2
178 236 2
120 194 2
120 181 2
122 217 2
49 233 2
232 274 2
69 159 2
20 227 2
177 194 2
133 266 2
36 124 2
90 265 2
12 129 2
144 194 2
172 176 2
10 85 2
194 215 2
122 194 2
190 222 2
23 56 2
228 232 2
232 259 2
194 225 2
31 211 2
202 219 2
80 99 2
72 194 2
124 155 2
194 217 2
8 284 2
87 114 2
46 194 2
196 292 2
116 194 2
217 293 2
137 282 2
3 25 2
89 222 2
180 194 2
56 170 2
222 268 2
55 114 2
91 194 2
241 245 2
123 217 2
226 301 2
222 253 2
47 253 2
114 274 2
25 28 2
155 232 2
10 191 2
244 257 2
99 152 2
181 246 2
81 242 2
211 273 2
218 232 2
41 79 2
53 265 2
152 275 2
87 193 2
253 274 2
158 234 2
178 194 2
149 211 2
25 106 2
27 117 2
25 137 2
66 265 2
90 214 2
68 222 2
178 215 2
124 130 2
231 232 2
210 300 2
211 268 2
173 253 2
81 152 2
49 217 2
113 217 2
1 29 2
113 117 2
249 265 2
18 190 2
112 211 2
30 96 2
94 191 2
59 265 2
124 225 2
23 211 2
99 194 2
23 71 2
124 252 2
30 181 2
185 290 2
181 263 2
245 296 2
200 202 2
15 30 2
35 218 2
119 266 2
36 222 2
8 152 2
194 235 2
113 198 2
25 211 2
135 253 2
127 265 2
222 288 2
213 217 2
48 125 2
209 232 2
174 297 2
36 195 2
20 49 2
154 241 2
24 147 2
90 171 2
23 198 2
1 21 2
41 232 2
36 270 2
194 244 2
288 291 2
8 143 2
46 83 2
56 288 2
27 151 2
89 296 2
202 235 2
72 181 2
159 179 2
268 290 2
185 265 2
84 174 2
48 256 2
125 184 2
111 129 2
91 208 2
88 202 2
57 194 2
211 238 2
58 222 2
131 274 2
89 134 2
57 265 2
141 144 2
124 173 2
114 196 2
194 262 2
25 189 2
122 158 2
157 164 2
48 56 2
40 265 2
36 279 2
103 232 2
111 215 2
39 78 2
115 232 2
171 217 2
18 194 2
56 103 2
101 120 2
173 277 2
131 273 2
36 56 2
63 194 2
42 88 2
201 232 2
1 264 2
9 274 2
194 291 2
18 206 2
13 56 2
179 232 2
149 232 2
30 260 2
120 279 2
58 214 2
124 135 2
60 124 2
9 197 2
30 159 2
98 265 2
204 231 2
11 265 2
138 188 2
197 269 2
144 165 2
217 264 2
11 107 2
124 228 2
194 302 2
114 288 2
124 295 2
81 85 2
117 211 2
30 154 2
30 144 2
183 299 2
194 201 2
78 124 2
30 90 2
185 194 2
22 154 2
120 222 2
96 211 2
49 211 2
157 224 2
43 82 2
1 92 2
90 273 2
134 170 2
194 292 2
211 269 2
75 265 2
124 246 2
62 211 2
42 157 2
38 155 2
53 127 2
124 237 2
133 211 2
30 285 2
157 204 2
114 157 2
79 288 2
10 27 2
178 211 2
139 211 2
194 257 2
25 277 2
90 215 2
154 278 2
20 240 2
58 202 2
150 201 2
26 99 2
175 250 2
182 256 2
8 280 2
76 222 2
246 269 2
211 299 2
34 194 2
96 124 2
56 145 2
124 175 2
232 295 2
110 215 2
25 270 2
232 262 2
93 134 2
56 134 2
7 211 2
7 219 2
42 259 2
28 55 2
18 200 2
61 169 2
30 186 2
257 271 2
20 66 2
29 88 2
165 265 2
107 194 2
115 159 2
244 280 2
57 90 2
210 211 2
207 245 2
105 155 2
28 217 2
155 253 2
147 225 2
56 214 2
103 262 2
63 274 2
194 213 2
81 265 2
56 62 2
63 273 2
27 217 2
81 280 2
162 218 2
101 194 2
20 44 2
10 278 2
194 280 2
194 226 2
64 232 2
118 253 2
5 120 2
33 278 2
185 204 2
181 195 2
138 154 2
65 266 2
175 220 2
158 175 2
36 211 2
114 284 2
21 211 2
34 232 2
114 144 2
6 56 2
56 73 2
113 129 2
175 282 2
30 48 2
30 245 2
162 194 2
278 289 2
83 217 2
20 96 2
48 178 2
20 80 2
152 211 2
12 104 2
7 56 2
55 82 2
37 90 2
56 194 2
173 262 2
13 195 2
25 43 2
24 30 2
131 247 2
192 211 2
125 127 2
71 194 2
145 265 2
232 284 2
124 268 2
173 275 2
25 294 2
172 266 2
55 133 2
12 291 2
83 265 2
159 265 2
57 280 2
56 97 2
32 163 2
194 269 2
194 276 2
8 25 2
19 194 2
191 194 2
240 274 2
12 222 2
73 194 2
38 111 2
13 100 2
47 217 2
11 182 2
25 54 2
134 201 2
172 194 2
1 266 2
211 276 2
99 133 2
121 211 2
81 93 2
192 194 2
8 11 2
166 268 2
133 216 2
34 123 2
52 122 2
51 194 2
147 176 2
181 211 2
124 178 2
154 211 2
81 270 2
36 209 2
82 244 2
99 103 2
164 265 2
187 211 2
119 240 2
244 249 2
56 166 2
37 66 2
28 66 2
21 30 2
45 229 2
55 211 2
139 194 2
70 274 2
56 109 2
43 98 2
110 265 2
99 222 2
194 261 2
92 232 2
97 203 2
149 161 2
181 288 2
65 295 2
25 247 2
194 222 2
182 267 2
50 211 2
42 80 2
114 191 2
28 32 2
103 153 2
20 229 2
110 149 2
10 194 2
65 181 2
25 246 2
265 293 2
46 288 2
160 265 2
151 232 2
70 178 2
107 291 2
16 24 2
105 193 2
13 144 2
113 202 2
126 175 2
34 216 2
87 89 2
172 232 2
259 290 2
99 273 2
23 136 2
112 261 2
30 196 2
217 219 2
139 172 2
232 269 2
7 124 2
211 227 2
237 301 2
30 218 2
103 234 2
25 85 2
24 211 2
222 265 2
54 94 2
30 98 2
201 267 2
80 184 2
47 55 2
66 219 2
25 91 2
94 175 2
24 190 2
26 229 2
81 262 2
30 44 2
84 265 2
83 124 2
2 120 2
117 262 2
20 284 2
12 232 2
246 253 2
53 204 2
230 273 2
24 216 2
156 172 2
46 261 2
215 223 2
23 174 2
253 255 2
23 48 2
122 273 2
45 280 2
17 194 2
151 194 2
2 56 2
248 280 2
49 236 2
42 194 2
90 300 2
20 123 2
38 261 2
30 302 2
109 180 2
17 246 2
30 268 2
76 83 2
43 84 2
136 255 2
42 188 2
232 237 2
130 269 2
217 225 2
77 219 2
211 295 2
207 225 2
57 124 2
198 291 2
8 107 2
194 205 2
41 217 2
56 123 2
98 237 2
265 283 2
193 194 2
41 194 2
87 133 2
30 83 2
154 198 2
124 286 2
30 85 2
20 138 2
