17 91 2
51 262 2
8 251 2
140 215 2
35 281 2
7 244 2
228 270 2
82 293 2
217 301 2
142 279 2
96 117 2
72 183 2
117 296 2
8 281 2
202 285 2
228 299 2
276 291 2
239 258 2
95 283 2
149 259 2
88 127 2
51 265 2
42 56 2
41 52 2
17 258 2
50 191 2
132 260 2
123 232 2
73 210 2
53 131 2
56 108 2
49 96 2
3 29 2
7 30 2
95 178 2
222 265 2
227 263 2
14 270 2
8 267 2
65 222 2
25 256 2
154 269 2
198 211 2
276 283 2
33 211 2
82 159 2
2 185 2
31 82 2
176 191 2
153 206 2
93 166 2
60 76 2
38 180 2
68 242 2
90 257 2
193 224 2
102 243 2
117 214 2
82 220 2
16 115 2
126 172 2
127 194 2
55 275 2
155 243 2
58 148 2
92 239 2
165 222 2
97 296 2
59 202 2
36 156 2
148 229 2
77 86 2
28 194 2
109 298 2
11 109 2
223 235 2
112 182 2
59 234 2
84 212 2
173 230 2
264 269 2
164 186 2
126 157 2
25 282 2
16 216 2
59 180 2
244 255 2
143 269 2
138 144 2
75 252 2
148 296 2
25 184 2
105 241 2
187 257 2
127 150 2
112 114 2
88 275 2
211 300 2
129 279 2
42 235 2
110 292 2
99 231 2
60 241 2
197 203 2
76 270 2
153 221 2
34 261 2
61 245 2
197 272 2
119 247 2
21 56 2
106 233 2
28 228 2
14 155 2
202 246 2
192 194 2
52 292 2
111 120 2
13 230 2
3 12 2
162 282 2
223 240 2
164 193 2
163 298 2
56 243 2
77 279 2
207 296 2
20 182 2
132 194 2
32 174 2
65 137 2
188 221 2
38 53 2
282 297 2
4 50 2
27 283 2
165 201 2
53 264 2
62 260 2
116 215 2
190 198 2
191 192 2
69 92 2
208 224 2
77 262 2
95 253 2
142 169 2
194 282 2
206 276 2
171 254 2
151 277 2
139 278 2
50 240 2
109 192 2
102 195 2
90 224 2
111 289 2
79 278 2
180 184 2
137 300 2
248 260 2
97 231 2
114 209 2
15 288 2
157 180 2
155 266 2
5 242 2
52 291 2
177 178 2
69 161 2
80 280 2
158 264 2
133 191 2
40 66 2
14 37 2
202 272 2
129 284 2
66 95 2
33 52 2
110 210 2
73 206 2
62 208 2
10 49 2
186 260 2
118 226 2
201 252 2
107 195 2
83 163 2
202 238 2
148 249 2
46 237 2
174 282 2
9 204 2
31 116 2
111 234 2
171 186 2
139 194 2
96 219 2
77 142 2
25 211 2
39 104 2
131 201 2
64 186 2
30 98 2
11 32 2
75 226 2
246 248 2
205 256 2
147 233 2
67 257 2
164 250 2
1 125 2
39 141 2
96 216 2
3 179 2
217 240 2
66 106 2
115 289 2
130 212 2
16 138 2
88 244 2
61 187 2
31 266 2
138 177 2
196 204 2
56 130 2
149 252 2
56 290 2
149 291 2
167 203 2
138 151 2
79 256 2
193 203 2
30 241 2
100 256 2
39 167 2
42 226 2
70 225 2
60 189 2
80 247 2
74 261 2
108 135 2
21 188 2
9 93 2
35 295 2
173 183 2
128 251 2
28 135 2
73 139 2
56 239 2
24 222 2
63 275 2
145 198 2
29 133 2
75 255 2
107 214 2
146 239 2
17 166 2
109 125 2
157 175 2
43 99 2
37 226 2
171 294 2
4 243 2
64 267 2
37 224 2
25 64 2
157 232 2
93 184 2
199 231 2
72 93 2
107 135 2
238 257 2
108 215 2
9 111 2
148 150 2
139 232 2
14 181 2
257 267 2
26 184 2
105 219 2
60 243 2
169 291 2
96 259 2
22 171 2
153 263 2
94 285 2
27 68 2
240 280 2
46 134 2
281 289 2
191 218 2
116 205 2
80 94 2
159 278 2
73 103 2
78 163 2
11 244 2
106 149 2
17 198 2
48 126 2
217 278 2
31 41 2
243 268 2
16 74 2
9 302 2
50 200 2
165 216 2
7 102 2
242 258 2
43 282 2
28 58 2
36 203 2
47 299 2
140 195 2
62 265 2
35 240 2
179 270 2
75 117 2
88 233 2
188 242 2
88 237 2
137 301 2
100 238 2
5 37 2
193 285 2
77 218 2
40 279 2
34 251 2
24 88 2
83 228 2
48 164 2
117 224 2
129 189 2
38 60 2
225 276 2
59 299 2
133 158 2
57 255 2
60 66 2
256 291 2
42 66 2
79 171 2
40 117 2
61 112 2
36 205 2
143 252 2
199 259 2
25 172 2
145 209 2
82 117 2
76 130 2
175 287 2
208 230 2
237 273 2
225 289 2
28 224 2
90 288 2
26 106 2
207 215 2
86 109 2
227 248 2
56 144 2
183 225 2
24 167 2
132 248 2
140 259 2
10 22 2
227 241 2
175 239 2
196 223 2
97 117 2
83 248 2
51 207 2
106 111 2
189 264 2
209 217 2
113 270 2
49 294 2
193 215 2
15 20 2
152 158 2
177 278 2
159 214 2
94 102 2
86 295 2
14 180 2
107 260 2
11 260 2
8 63 2
119 269 2
33 252 2
60 176 2
224 301 2
51 191 2
63 134 2
210 291 2
183 212 2
69 166 2
94 265 2
160 179 2
171 257 2
56 61 2
12 128 2
70 134 2
72 186 2
21 100 2
219 273 2
79 215 2
129 192 2
23 103 2
10 190 2
12 99 2
175 192 2
165 285 2
22 135 2
87 159 2
193 212 2
16 145 2
214 223 2
149 295 2
98 249 2
11 12 2
89 217 2
107 226 2
24 216 2
103 129 2
33 138 2
201 222 2
10 64 2
142 202 2
56 83 2
228 275 2
71 267 2
188 291 2
135 284 2
77 178 2
81 188 2
86 296 2
7 275 2
100 186 2
30 228 2
60 288 2
64 184 2
71 279 2
178 247 2
28 213 2
136 231 2
196 300 2
206 286 2
79 186 2
119 256 2
197 262 2
44 139 2
109 190 2
50 289 2
80 294 2
213 277 2
137 274 2
114 159 2
40 103 2
250 289 2
128 218 2
84 124 2
107 187 2
172 223 2
130 138 2
118 276 2
3 173 2
81 220 2
70 290 2
198 299 2
45 134 2
169 203 2
208 245 2
1 231 2
129 156 2
146 237 2
252 254 2
54 223 2
93 138 2
88 220 2
90 247 2
25 90 2
7 75 2
2 92 2
136 272 2
133 138 2
36 75 2
37 42 2
1 195 2
147 163 2
110 129 2
49 98 2
163 234 2
135 139 2
56 206 2
150 222 2
8 143 2
148 172 2
82 264 2
52 147 2
95 279 2
131 187 2
49 226 2
49 165 2
25 118 2
195 246 2
134 291 2
293 294 2
127 222 2
123 125 2
42 183 2
21 273 2
49 140 2
129 168 2
178 194 2
62 288 2
20 34 2
184 288 2
83 101 2
206 275 2
35 45 2
33 261 2
26 178 2
148 159 2
37 301 2
190 271 2
58 238 2
106 223 2
64 205 2
233 239 2
94 218 2
113 301 2
250 284 2
28 296 2
82 197 2
124 300 2
231 259 2
156 254 2
11 134 2
100 130 2
47 289 2
96 102 2
202 222 2
23 284 2
102 253 2
195 220 2
166 218 2
5 111 2
197 298 2
138 277 2
134 192 2
98 120 2
88 252 2
71 219 2
170 260 2
4 47 2
142 154 2
74 106 2
41 126 2
55 142 2
74 274 2
34 239 2
36 188 2
48 80 2
31 183 2
54 222 2
14 150 2
37 99 2
99 108 2
16 54 2
62 275 2
57 127 2
160 203 2
198 242 2
252 283 2
54 79 2
111 221 2
106 291 2
34 146 2
177 186 2
216 237 2
94 228 2
84 131 2
24 180 2
37 236 2
208 233 2
98 290 2
30 299 2
145 227 2
124 238 2
12 174 2
93 177 2
122 163 2
196 266 2
77 196 2
108 138 2
12 231 2
31 95 2
52 59 2
275 292 2
89 205 2
184 196 2
190 223 2
31 180 2
113 146 2
17 154 2
26 125 2
107 244 2
1 187 2
80 207 2
42 77 2
88 185 2
213 273 2
27 183 2
153 265 2
17 49 2
53 210 2
232 241 2
110 130 2
271 275 2
120 222 2
42 292 2
96 145 2
29 286 2
94 188 2
107 171 2
230 289 2
198 256 2
136 200 2
160 222 2
236 286 2
37 206 2
135 143 2
273 275 2
242 243 2
160 243 2
60 232 2
201 202 2
24 182 2
115 229 2
33 68 2
285 295 2
17 239 2
188 214 2
70 107 2
52 71 2
39 276 2
86 181 2
58 107 2
46 149 2
90 298 2
53 205 2
17 102 2
38 254 2
180 283 2
46 153 2
133 210 2
38 227 2
69 223 2
137 138 2
28 207 2
64 188 2
178 271 2
244 284 2
26 89 2
21 28 2
176 230 2
73 192 2
22 29 2
8 228 2
78 200 2
53 107 2
89 210 2
29 277 2
9 167 2
34 109 2
69 294 2
97 246 2
37 262 2
228 285 2
123 253 2
1 298 2
73 180 2
185 207 2
92 110 2
214 291 2
185 266 2
91 96 2
50 122 2
59 63 2
171 288 2
52 90 2
162 185 2
119 298 2
41 101 2
99 169 2
34 44 2
171 218 2
250 260 2
24 159 2
208 249 2
40 121 2
170 296 2
56 161 2
145 226 2
14 226 2
83 196 2
189 198 2
114 199 2
105 297 2
152 273 2
93 185 2
15 261 2
98 262 2
119 219 2
119 163 2
23 239 2
16 202 2
60 104 2
28 72 2
202 295 2
41 94 2
74 236 2
272 282 2
45 85 2
196 267 2
53 55 2
65 76 2
14 173 2
25 230 2
141 292 2
12 90 2
75 289 2
25 178 2
44 96 2
203 246 2
87 241 2
37 160 2
14 174 2
129 218 2
91 98 2
109 149 2
146 184 2
157 213 2
55 235 2
42 82 2
73 171 2
51 145 2
75 157 2
19 200 2
171 221 2
141 257 2
160 177 2
29 112 2
191 240 2
247 286 2
27 51 2
132 170 2
41 235 2
22 289 2
103 275 2
26 44 2
76 273 2
125 188 2
150 206 2
16 22 2
125 163 2
270 282 2
35 79 2
8 225 2
15 252 2
41 207 2
1 34 2
208 235 2
74 229 2
45 219 2
29 244 2
88 301 2
15 273 2
123 162 2
142 177 2
178 299 2
143 302 2
35 278 2
222 283 2
234 257 2
159 233 2
233 274 2
179 193 2
165 264 2
79 103 2
6 131 2
20 93 2
32 127 2
64 247 2
193 238 2
66 84 2
84 234 2
207 209 2
116 128 2
68 187 2
59 117 2
28 227 2
45 117 2
204 207 2
4 76 2
82 285 2
132 302 2
174 258 2
31 235 2
202 224 2
168 283 2
99 289 2
64 193 2
1 177 2
16 186 2
72 245 2
169 300 2
283 300 2
56 247 2
230 301 2
128 137 2
7 227 2
83 258 2
239 282 2
105 177 2
161 263 2
22 201 2
52 200 2
67 199 2
83 141 2
80 139 2
5 235 2
120 287 2
65 231 2
173 292 2
53 216 2
133 177 2
113 171 2
43 111 2
69 215 2
114 204 2
90 253 2
11 288 2
15 91 2
124 151 2
128 170 2
82 288 2
10 110 2
50 146 2
39 234 2
16 286 2
192 254 2
117 121 2
225 302 2
163 215 2
62 293 2
24 80 2
10 32 2
122 185 2
173 291 2
9 254 2
118 274 2
21 261 2
193 263 2
57 276 2
7 174 2
163 290 2
127 163 2
212 287 2
73 200 2
45 96 2
54 280 2
39 127 2
76 248 2
223 247 2
231 234 2
198 206 2
45 157 2
3 224 2
45 279 2
218 279 2
139 285 2
107 204 2
111 299 2
69 89 2
9 133 2
162 286 2
185 288 2
22 258 2
231 242 2
161 202 2
96 169 2
64 213 2
250 285 2
213 294 2
189 261 2
209 241 2
24 108 2
20 43 2
132 219 2
87 227 2
248 262 2
142 208 2
229 232 2
96 160 2
166 297 2
18 32 2
79 90 2
35 242 2
