191 243 3
296 306 3
139 194 3
127 247 3
13 52 3
50 96 3
120 187 3
119 300 3
118 279 3
109 255 3
61 263 3
70 286 3
34 53 3
64 215 3
157 180 3
90 257 3
230 267 3
53 73 3
12 220 3
63 119 3
152 168 3
79 271 3
274 298 3
221 309 3
83 231 3
14 329 3
203 211 3
3 245 3
66 175 3
127 275 3
52 142 3
32 328 3
5 201 3
68 212 3
106 144 3
275 295 3
193 273 3
135 153 3
129 238 3
275 321 3
191 280 3
78 254 3
61 256 3
156 322 3
117 322 3
51 98 3
49 88 3
47 288 3
88 196 3
30 60 3
78 252 3
230 302 3
207 306 3
248 279 3
115 226 3
36 107 3
87 303 3
213 292 3
201 242 3
7 249 3
171 256 3
56 217 3
28 211 3
171 298 3
144 230 3
221 247 3
69 136 3
43 119 3
65 263 3
45 290 3
210 316 3
81 100 3
71 292 3
148 160 3
239 330 3
71 294 3
135 202 3
225 321 3
132 167 3
2 42 3
110 273 3
59 137 3
67 152 3
43 110 3
112 252 3
93 112 3
83 271 3
71 171 3
150 315 3
221 318 3
57 67 3
121 182 3
90 178 3
12 13 3
54 142 3
13 82 3
70 164 3
60 315 3
102 136 3
12 167 3
25 273 3
198 211 3
107 188 3
9 301 3
5 287 3
72 229 3
263 330 3
108 192 3
88 125 3
39 149 3
178 304 3
150 261 3
41 209 3
96 164 3
175 230 3
170 183 3
48 119 3
146 300 3
236 269 3
154 160 3
51 143 3
73 151 3
263 300 3
55 100 3
55 138 3
123 152 3
29 272 3
69 81 3
148 164 3
45 165 3
258 267 3
45 134 3
22 234 3
110 137 3
263 290 3
100 217 3
233 287 3
92 201 3
111 217 3
175 191 3
218 248 3
11 277 3
11 157 3
225 265 3
17 174 3
99 189 3
283 323 3
63 185 3
12 172 3
221 241 3
23 45 3
255 320 3
331 332 3
43 216 3
109 138 3
276 327 3
5 23 3
140 179 3
73 267 3
28 323 3
9 180 3
46 212 3
109 170 3
64 101 3
200 224 3
222 321 3
228 269 3
65 188 3
27 146 3
254 323 3
164 317 3
106 197 3
241 257 3
175 205 3
195 249 3
122 257 3
42 168 3
131 136 3
119 196 3
63 231 3
139 263 3
119 205 3
189 286 3
99 306 3
135 296 3
20 219 3
137 201 3
109 324 3
61 196 3
204 309 3
311 325 3
20 153 3
160 209 3
151 275 3
301 327 3
177 258 3
50 108 3
295 313 3
188 238 3
80 292 3
99 152 3
178 272 3
155 170 3
48 135 3
171 285 3
31 263 3
164 184 3
203 243 3
21 312 3
186 226 3
111 241 3
71 268 3
33 160 3
249 317 3
221 328 3
276 292 3
14 122 3
89 231 3
83 223 3
37 254 3
120 266 3
25 136 3
4 30 3
76 135 3
149 316 3
219 245 3
252 324 3
168 252 3
60 308 3
83 252 3
96 271 3
89 293 3
91 184 3
286 327 3
93 242 3
26 248 3
29 192 3
161 311 3
115 156 3
113 263 3
140 278 3
150 311 3
269 321 3
146 245 3
148 300 3
84 238 3
243 296 3
15 326 3
54 199 3
9 146 3
29 176 3
57 92 3
172 287 3
69 287 3
68 328 3
135 251 3
13 320 3
113 281 3
178 228 3
113 195 3
196 325 3
20 155 3
13 79 3
52 89 3
97 132 3
160 198 3
192 209 3
136 146 3
48 91 3
43 134 3
78 305 3
90 97 3
129 292 3
108 290 3
306 323 3
218 302 3
106 322 3
185 293 3
49 254 3
236 305 3
21 66 3
132 257 3
229 268 3
197 323 3
44 278 3
23 159 3
256 268 3
32 228 3
52 241 3
255 278 3
224 231 3
5 83 3
43 133 3
189 307 3
12 92 3
157 279 3
33 79 3
1 181 3
243 266 3
45 211 3
204 287 3
222 233 3
47 264 3
18 37 3
172 291 3
71 215 3
103 298 3
235 327 3
103 260 3
19 209 3
76 114 3
66 95 3
96 154 3
87 247 3
6 211 3
212 297 3
2 117 3
22 48 3
48 58 3
139 318 3
200 269 3
39 129 3
123 165 3
93 193 3
225 322 3
7 31 3
65 126 3
138 324 3
141 238 3
66 224 3
37 108 3
38 278 3
224 299 3
6 191 3
276 323 3
212 329 3
110 126 3
170 195 3
31 248 3
141 207 3
237 272 3
4 67 3
58 282 3
10 141 3
216 284 3
76 172 3
273 311 3
129 202 3
134 159 3
60 102 3
44 56 3
154 314 3
71 181 3
16 17 3
21 142 3
77 292 3
46 63 3
215 248 3
40 275 3
175 257 3
226 252 3
14 204 3
143 192 3
270 325 3
52 196 3
40 160 3
28 273 3
128 233 3
11 168 3
32 144 3
140 309 3
22 243 3
126 202 3
189 242 3
34 68 3
84 214 3
98 285 3
5 65 3
160 330 3
2 23 3
293 301 3
102 248 3
2 233 3
44 164 3
107 169 3
115 145 3
25 247 3
87 116 3
70 275 3
138 277 3
29 228 3
101 271 3
46 195 3
85 125 3
6 192 3
81 147 3
169 299 3
119 328 3
170 291 3
7 282 3
64 66 3
71 232 3
89 157 3
78 267 3
20 212 3
215 247 3
73 160 3
15 205 3
99 268 3
47 329 3
63 105 3
47 323 3
43 151 3
109 321 3
59 253 3
238 247 3
42 317 3
50 57 3
142 324 3
81 128 3
123 262 3
282 327 3
3 262 3
74 190 3
28 322 3
52 236 3
283 304 3
123 294 3
71 245 3
85 111 3
25 49 3
90 323 3
9 47 3
70 140 3
187 290 3
80 150 3
65 116 3
29 38 3
102 326 3
227 273 3
11 131 3
245 315 3
1 206 3
105 165 3
215 276 3
244 249 3
2 87 3
61 206 3
157 163 3
226 247 3
243 282 3
191 290 3
203 320 3
213 214 3
144 223 3
56 264 3
184 205 3
229 261 3
16 125 3
111 185 3
36 189 3
11 289 3
136 276 3
20 269 3
103 219 3
129 165 3
53 123 3
40 239 3
119 325 3
56 253 3
105 262 3
54 111 3
288 292 3
4 313 3
76 291 3
86 170 3
113 248 3
104 222 3
52 108 3
207 216 3
156 179 3
258 314 3
171 218 3
21 58 3
226 282 3
5 162 3
3 38 3
205 216 3
219 261 3
4 186 3
23 177 3
9 12 3
55 150 3
106 116 3
177 242 3
241 332 3
8 167 3
225 234 3
5 254 3
150 202 3
123 284 3
74 125 3
289 321 3
169 330 3
175 183 3
20 172 3
125 180 3
179 283 3
66 250 3
94 204 3
32 227 3
14 234 3
118 247 3
42 46 3
192 290 3
119 265 3
2 27 3
142 251 3
195 316 3
21 286 3
145 255 3
53 206 3
243 302 3
34 191 3
6 64 3
77 318 3
103 159 3
205 323 3
78 145 3
4 40 3
78 287 3
188 288 3
24 329 3
127 138 3
147 233 3
91 155 3
143 212 3
42 280 3
33 59 3
96 328 3
64 313 3
92 222 3
2 83 3
14 227 3
79 305 3
33 150 3
50 258 3
73 240 3
254 286 3
154 210 3
101 220 3
229 232 3
96 283 3
273 315 3
154 268 3
78 137 3
89 248 3
27 251 3
90 292 3
145 168 3
215 265 3
120 314 3
140 279 3
307 313 3
104 233 3
135 253 3
283 324 3
152 274 3
12 46 3
200 256 3
253 280 3
4 115 3
9 282 3
18 33 3
98 242 3
105 174 3
224 312 3
39 75 3
90 301 3
19 242 3
64 162 3
23 233 3
69 257 3
100 245 3
188 192 3
111 272 3
200 226 3
259 313 3
217 222 3
24 321 3
255 315 3
132 309 3
141 293 3
278 311 3
18 51 3
52 132 3
1 326 3
33 177 3
62 277 3
169 276 3
56 215 3
280 281 3
2 260 3
127 218 3
69 70 3
206 303 3
257 324 3
204 279 3
65 224 3
115 183 3
154 161 3
81 247 3
147 199 3
129 257 3
120 143 3
118 297 3
164 254 3
255 318 3
91 113 3
79 140 3
102 265 3
49 94 3
189 248 3
174 297 3
59 67 3
208 220 3
122 140 3
207 220 3
145 240 3
3 50 3
184 219 3
87 106 3
51 73 3
28 61 3
88 105 3
140 206 3
20 108 3
129 219 3
23 104 3
82 222 3
150 221 3
108 219 3
24 46 3
26 172 3
24 96 3
102 244 3
129 214 3
76 94 3
198 275 3
2 163 3
103 324 3
109 130 3
52 151 3
40 153 3
133 243 3
136 273 3
60 274 3
83 300 3
140 320 3
3 28 3
83 191 3
104 211 3
73 118 3
15 206 3
235 289 3
16 226 3
44 59 3
129 276 3
95 96 3
147 168 3
223 258 3
87 317 3
55 165 3
152 319 3
114 266 3
74 196 3
125 177 3
197 326 3
199 294 3
131 197 3
75 146 3
10 133 3
189 205 3
181 204 3
16 301 3
18 226 3
105 239 3
131 323 3
37 79 3
112 142 3
135 223 3
15 307 3
300 311 3
131 193 3
86 261 3
161 309 3
74 238 3
182 213 3
62 111 3
53 331 3
323 329 3
144 155 3
15 194 3
93 145 3
206 231 3
41 204 3
8 98 3
55 239 3
185 317 3
19 322 3
113 247 3
106 150 3
152 283 3
182 207 3
260 264 3
100 180 3
170 244 3
3 184 3
105 147 3
196 255 3
67 273 3
280 295 3
84 269 3
68 106 3
121 124 3
57 153 3
38 127 3
110 258 3
133 329 3
260 291 3
59 312 3
27 149 3
29 222 3
252 326 3
96 115 3
36 169 3
51 101 3
184 235 3
9 320 3
108 251 3
132 227 3
170 181 3
21 106 3
199 269 3
77 158 3
57 116 3
55 143 3
125 276 3
44 171 3
190 266 3
26 158 3
221 258 3
124 328 3
109 315 3
132 279 3
11 183 3
94 191 3
34 272 3
138 216 3
42 303 3
86 215 3
18 269 3
143 228 3
67 213 3
252 264 3
141 267 3
109 262 3
184 218 3
235 245 3
84 255 3
85 177 3
25 33 3
211 248 3
162 181 3
209 296 3
186 227 3
82 233 3
33 289 3
62 68 3
22 319 3
245 288 3
22 47 3
137 150 3
49 159 3
52 242 3
137 223 3
7 175 3
137 161 3
91 242 3
219 237 3
90 126 3
26 33 3
171 241 3
158 310 3
251 303 3
135 145 3
111 126 3
156 262 3
261 314 3
231 312 3
41 144 3
36 70 3
116 216 3
206 226 3
26 30 3
112 151 3
65 119 3
96 210 3
305 325 3
35 195 3
99 163 3
208 330 3
130 153 3
57 58 3
55 287 3
118 289 3
245 328 3
131 187 3
28 312 3
24 305 3
135 261 3
43 47 3
58 199 3
92 176 3
50 131 3
132 286 3
149 283 3
7 278 3
64 104 3
78 255 3
132 270 3
195 265 3
44 301 3
63 71 3
6 200 3
128 296 3
6 61 3
94 259 3
64 270 3
33 270 3
224 320 3
136 165 3
91 174 3
82 197 3
4 154 3
92 274 3
56 135 3
98 276 3
24 259 3
143 169 3
52 264 3
270 324 3
32 57 3
120 171 3
108 221 3
73 208 3
157 331 3
11 93 3
12 247 3
69 289 3
151 268 3
80 322 3
23 206 3
88 150 3
176 201 3
133 292 3
150 227 3
44 283 3
181 214 3
321 323 3
242 315 3
116 160 3
46 139 3
53 252 3
58 129 3
41 325 3
120 279 3
72 314 3
63 321 3
141 263 3
21 164 3
58 315 3
27 170 3
261 270 3
160 171 3
69 178 3
153 293 3
229 291 3
6 68 3
63 263 3
196 304 3
62 307 3
91 209 3
54 153 3
194 197 3
4 281 3
134 318 3
258 303 3
12 186 3
160 172 3
5 276 3
96 160 3
217 308 3
223 306 3
44 237 3
159 205 3
100 208 3
218 221 3
228 274 3
39 92 3
55 294 3
189 292 3
218 279 3
79 211 3
71 239 3
267 302 3
129 163 3
282 300 3
25 256 3
68 190 3
80 314 3
207 226 3
34 81 3
92 308 3
50 307 3
282 320 3
11 279 3
138 210 3
164 216 3
88 155 3
42 309 3
9 125 3
25 290 3
49 92 3
133 201 3
36 212 3
182 262 3
86 183 3
98 215 3
78 110 3
65 147 3
59 78 3
196 264 3
15 287 3
294 331 3
97 270 3
85 294 3
55 96 3
11 187 3
46 296 3
65 319 3
227 324 3
110 247 3
89 325 3
139 156 3
197 309 3
233 240 3
107 312 3
175 310 3
68 263 3
5 270 3
28 274 3
2 298 3
37 228 3
108 252 3
94 194 3
88 317 3
86 151 3
94 117 3
143 255 3
40 249 3
39 69 3
18 199 3
41 175 3
242 248 3
105 304 3
166 251 3
47 52 3
3 172 3
140 175 3
41 159 3
46 148 3
184 229 3
59 292 3
27 228 3
65 331 3
197 296 3
83 139 3
158 250 3
49 300 3
22 134 3
68 219 3
58 105 3
51 323 3
4 165 3
111 296 3
243 258 3
9 139 3
29 320 3
18 55 3
16 215 3
120 178 3
122 133 3
210 236 3
39 124 3
60 258 3
144 177 3
48 281 3
121 290 3
124 331 3
29 122 3
88 284 3
16 286 3
10 315 3
217 289 3
76 295 3
95 315 3
117 218 3
75 224 3
149 261 3
105 135 3
102 212 3
53 332 3
52 59 3
100 124 3
80 131 3
286 303 3
146 312 3
69 188 3
144 259 3
142 285 3
140 187 3
176 236 3
128 325 3
251 253 3
53 196 3
26 328 3
74 78 3
132 327 3
38 49 3
49 151 3
121 168 3
2 234 3
20 109 3
199 302 3
172 174 3
8 231 3
163 281 3
75 273 3
210 325 3
193 326 3
45 218 3
38 321 3
216 315 3
89 264 3
21 239 3
108 312 3
233 279 3
218 261 3
230 261 3
4 101 3
263 324 3
272 331 3
73 94 3
132 223 3
65 324 3
29 216 3
130 204 3
13 66 3
74 187 3
127 196 3
176 312 3
154 178 3
83 328 3
257 316 3
232 319 3
25 143 3
23 250 3
82 263 3
16 133 3
153 332 3
37 125 3
29 174 3
14 240 3
14 186 3
60 319 3
144 214 3
85 140 3
68 216 3
115 316 3
8 306 3
143 258 3
259 282 3
217 325 3
60 146 3
104 217 3
102 245 3
261 277 3
50 178 3
265 275 3
18 254 3
162 172 3
