132 240 4
202 240 4
177 202 4
21 240 4
21 200 4
132 173 4
240 266 4
202 306 4
240 357 4
15 240 4
240 365 4
132 352 4
240 302 4
132 203 4
240 343 4
121 240 4
173 295 4
104 177 4
200 313 4
132 145 4
79 132 4
200 362 4
173 353 4
11 132 4
26 132 4
306 323 4
32 104 4
213 352 4
118 352 4
44 50 4
202 322 4
240 350 4
192 240 4
95 202 4
43 240 4
92 240 4
306 332 4
74 240 4
26 143 4
132 304 4
132 234 4
36 132 4
240 256 4
63 240 4
202 332 4
202 307 4
205 306 4
132 301 4
192 267 4
256 306 4
125 256 4
105 132 4
185 240 4
29 352 4
352 353 4
201 343 4
97 352 4
116 266 4
138 240 4
156 202 4
69 97 4
132 272 4
256 270 4
1 304 4
144 352 4
47 240 4
153 173 4
304 340 4
146 185 4
208 272 4
91 352 4
205 291 4
202 284 4
40 240 4
256 360 4
40 175 4
197 240 4
181 352 4
226 332 4
18 240 4
132 193 4
95 186 4
73 97 4
9 352 4
312 322 4
47 256 4
202 352 4
221 267 4
97 275 4
280 295 4
265 272 4
132 174 4
200 226 4
89 352 4
146 240 4
97 127 4
11 202 4
83 352 4
26 231 4
132 300 4
96 193 4
132 190 4
178 240 4
312 341 4
58 202 4
242 295 4
256 261 4
95 230 4
240 253 4
91 119 4
129 240 4
173 352 4
111 266 4
110 240 4
145 202 4
31 174 4
137 202 4
9 132 4
138 205 4
7 132 4
116 233 4
257 352 4
41 242 4
21 335 4
97 341 4
95 315 4
231 240 4
138 357 4
226 276 4
249 352 4
240 326 4
18 25 4
202 358 4
173 189 4
97 231 4
11 282 4
200 267 4
1 132 4
173 312 4
299 352 4
206 240 4
114 202 4
20 202 4
261 306 4
102 185 4
132 350 4
79 352 4
104 281 4
124 272 4
50 240 4
145 365 4
247 353 4
132 282 4
97 298 4
240 310 4
92 315 4
24 266 4
263 267 4
145 159 4
122 240 4
147 315 4
146 215 4
108 132 4
21 141 4
129 337 4
104 365 4
40 139 4
256 282 4
3 132 4
132 180 4
19 240 4
83 154 4
46 97 4
53 97 4
97 106 4
256 266 4
3 184 4
132 196 4
202 239 4
106 237 4
26 202 4
132 324 4
30 322 4
19 352 4
105 252 4
217 275 4
205 354 4
275 361 4
340 352 4
26 341 4
226 243 4
1 202 4
186 293 4
132 228 4
211 240 4
88 226 4
142 240 4
3 290 4
178 181 4
252 256 4
172 272 4
102 132 4
140 203 4
240 313 4
315 361 4
103 185 4
193 353 4
181 202 4
361 363 4
132 224 4
132 276 4
37 240 4
122 331 4
94 341 4
37 105 4
135 202 4
128 132 4
206 231 4
57 180 4
240 346 4
138 159 4
177 284 4
63 209 4
132 322 4
203 299 4
226 253 4
24 240 4
84 209 4
55 95 4
38 116 4
294 304 4
218 352 4
192 272 4
240 322 4
69 200 4
240 264 4
63 326 4
250 256 4
116 131 4
13 153 4
84 260 4
132 147 4
256 300 4
233 352 4
1 352 4
132 225 4
146 289 4
79 242 4
111 132 4
240 335 4
9 282 4
282 312 4
8 50 4
97 326 4
8 202 4
1 141 4
237 339 4
116 160 4
132 164 4
240 261 4
99 240 4
129 217 4
132 354 4
254 352 4
132 287 4
329 341 4
351 357 4
59 362 4
2 240 4
85 202 4
201 237 4
132 183 4
240 364 4
40 87 4
21 151 4
272 311 4
91 237 4
132 153 4
202 328 4
24 353 4
282 317 4
247 314 4
173 191 4
207 352 4
91 109 4
68 202 4
97 311 4
84 311 4
256 348 4
202 208 4
128 202 4
304 352 4
105 310 4
65 129 4
95 130 4
312 354 4
21 122 4
243 256 4
147 163 4
130 266 4
312 331 4
256 320 4
157 240 4
164 282 4
95 318 4
172 264 4
40 91 4
170 311 4
132 246 4
240 249 4
267 327 4
57 240 4
223 300 4
154 226 4
186 297 4
132 217 4
170 352 4
132 148 4
125 143 4
167 240 4
197 275 4
226 295 4
190 208 4
151 240 4
82 312 4
132 334 4
235 314 4
1 119 4
132 179 4
9 138 4
121 173 4
53 240 4
170 310 4
137 275 4
22 122 4
39 282 4
226 249 4
196 220 4
196 204 4
132 348 4
59 256 4
50 352 4
240 328 4
359 360 4
18 352 4
26 308 4
116 256 4
151 311 4
18 215 4
70 132 4
303 353 4
46 71 4
202 363 4
21 78 4
136 360 4
203 284 4
5 226 4
146 192 4
256 358 4
202 243 4
185 202 4
25 105 4
15 104 4
227 312 4
37 352 4
154 232 4
8 282 4
220 266 4
38 97 4
202 313 4
55 151 4
221 250 4
93 116 4
179 275 4
2 352 4
26 360 4
277 315 4
82 258 4
9 20 4
18 45 4
90 275 4
44 97 4
240 245 4
40 164 4
202 304 4
116 316 4
129 334 4
240 285 4
91 354 4
91 137 4
40 160 4
246 253 4
132 302 4
142 352 4
1 173 4
83 124 4
190 269 4
151 241 4
22 240 4
68 97 4
192 245 4
140 240 4
155 275 4
73 122 4
193 310 4
111 204 4
207 354 4
208 267 4
56 240 4
45 256 4
345 359 4
73 350 4
45 354 4
114 181 4
34 55 4
240 351 4
38 132 4
141 240 4
8 256 4
197 267 4
52 260 4
65 226 4
105 200 4
139 192 4
105 267 4
44 61 4
12 240 4
40 330 4
143 240 4
240 284 4
192 357 4
132 289 4
67 311 4
109 332 4
35 350 4
196 296 4
91 343 4
240 294 4
282 331 4
362 365 4
71 226 4
202 245 4
240 300 4
2 192 4
52 237 4
57 148 4
107 200 4
184 202 4
57 120 4
150 202 4
122 192 4
39 132 4
240 296 4
256 350 4
80 350 4
17 104 4
115 260 4
165 240 4
240 282 4
186 268 4
28 184 4
25 90 4
197 296 4
346 359 4
60 337 4
62 303 4
51 249 4
240 332 4
151 242 4
168 311 4
202 308 4
65 318 4
134 201 4
76 261 4
266 282 4
324 354 4
306 310 4
121 352 4
148 151 4
164 359 4
200 260 4
97 123 4
300 340 4
135 352 4
259 266 4
97 119 4
161 341 4
132 166 4
88 121 4
136 192 4
157 306 4
302 352 4
99 132 4
218 359 4
59 132 4
348 352 4
192 319 4
218 240 4
30 267 4
173 306 4
249 331 4
71 343 4
69 202 4
323 340 4
48 354 4
50 202 4
293 346 4
26 184 4
59 188 4
267 314 4
31 267 4
96 192 4
276 305 4
2 185 4
89 202 4
81 259 4
28 129 4
281 317 4
242 266 4
90 261 4
59 82 4
237 356 4
39 335 4
46 53 4
79 355 4
68 120 4
132 214 4
302 361 4
290 341 4
42 266 4
95 240 4
186 281 4
97 316 4
248 275 4
66 281 4
27 281 4
11 105 4
260 322 4
97 132 4
189 352 4
259 273 4
187 242 4
332 349 4
65 173 4
1 241 4
117 236 4
165 231 4
132 195 4
132 261 4
132 138 4
125 354 4
285 354 4
39 101 4
52 302 4
186 303 4
331 357 4
23 350 4
186 205 4
208 286 4
118 250 4
218 264 4
104 173 4
202 299 4
3 97 4
200 321 4
55 185 4
121 256 4
60 71 4
116 117 4
226 240 4
229 313 4
132 353 4
31 278 4
330 341 4
25 191 4
202 321 4
192 278 4
39 88 4
110 168 4
228 350 4
208 349 4
72 284 4
83 97 4
62 220 4
101 311 4
154 283 4
108 272 4
83 354 4
184 276 4
237 257 4
118 228 4
171 256 4
22 132 4
34 164 4
47 202 4
40 188 4
71 256 4
95 285 4
80 95 4
240 330 4
1 35 4
73 198 4
117 272 4
29 91 4
266 284 4
163 275 4
325 352 4
50 340 4
267 362 4
132 305 4
205 340 4
25 150 4
95 132 4
24 297 4
77 256 4
164 167 4
185 280 4
95 152 4
234 248 4
202 252 4
132 238 4
254 334 4
22 256 4
171 354 4
138 349 4
41 249 4
45 340 4
136 352 4
207 289 4
5 273 4
233 242 4
88 275 4
202 210 4
136 297 4
260 310 4
13 335 4
137 348 4
202 345 4
166 241 4
195 298 4
202 219 4
348 349 4
312 336 4
255 322 4
19 284 4
345 352 4
132 319 4
1 170 4
247 324 4
352 354 4
207 240 4
132 357 4
86 359 4
240 341 4
87 341 4
199 352 4
118 314 4
73 306 4
200 220 4
202 242 4
69 240 4
173 319 4
144 192 4
55 358 4
53 341 4
29 354 4
2 85 4
202 286 4
40 202 4
56 302 4
223 226 4
1 237 4
38 357 4
92 263 4
154 341 4
219 272 4
212 302 4
3 354 4
132 336 4
173 181 4
339 355 4
26 220 4
18 167 4
297 305 4
106 132 4
221 275 4
132 204 4
74 256 4
240 299 4
169 240 4
106 263 4
3 103 4
15 352 4
143 266 4
50 358 4
305 353 4
1 151 4
137 203 4
240 359 4
285 308 4
5 132 4
74 122 4
313 354 4
88 258 4
26 59 4
170 202 4
91 317 4
4 132 4
200 303 4
114 132 4
191 350 4
323 341 4
122 352 4
103 134 4
1 207 4
11 40 4
76 267 4
226 323 4
219 306 4
277 295 4
38 92 4
108 200 4
50 365 4
2 229 4
205 362 4
255 256 4
172 354 4
220 272 4
44 363 4
74 116 4
202 327 4
146 163 4
46 55 4
125 161 4
173 341 4
132 365 4
240 262 4
192 361 4
1 124 4
219 312 4
223 240 4
215 237 4
6 272 4
73 124 4
226 320 4
117 300 4
91 288 4
108 258 4
170 357 4
38 238 4
31 240 4
95 226 4
266 296 4
119 316 4
155 240 4
77 116 4
215 310 4
202 323 4
97 162 4
50 158 4
74 155 4
107 202 4
51 97 4
236 275 4
256 278 4
95 337 4
194 237 4
95 312 4
132 141 4
93 322 4
130 132 4
173 197 4
103 243 4
1 348 4
110 169 4
66 267 4
225 267 4
132 137 4
132 323 4
3 171 4
70 325 4
116 140 4
22 316 4
242 275 4
351 352 4
40 323 4
2 295 4
173 348 4
240 337 4
234 354 4
84 256 4
41 359 4
182 354 4
144 240 4
202 235 4
117 352 4
103 109 4
240 316 4
26 40 4
132 328 4
239 304 4
171 267 4
200 241 4
102 207 4
10 79 4
343 352 4
203 352 4
113 359 4
242 323 4
8 263 4
1 154 4
220 240 4
61 282 4
77 97 4
138 172 4
93 284 4
5 240 4
58 88 4
240 324 4
248 266 4
263 321 4
76 332 4
132 232 4
163 240 4
49 322 4
182 240 4
3 261 4
112 310 4
68 294 4
132 306 4
240 247 4
3 353 4
45 218 4
50 110 4
183 284 4
226 256 4
149 202 4
4 120 4
124 171 4
52 312 4
132 161 4
238 352 4
1 144 4
100 354 4
7 335 4
90 251 4
126 215 4
50 184 4
24 226 4
238 274 4
172 240 4
285 336 4
234 240 4
220 256 4
98 311 4
91 283 4
80 240 4
1 240 4
54 240 4
77 240 4
173 225 4
240 339 4
202 360 4
159 309 4
129 239 4
40 326 4
42 146 4
116 295 4
132 312 4
140 202 4
65 192 4
97 124 4
135 193 4
5 59 4
158 221 4
256 327 4
270 284 4
225 357 4
1 36 4
217 295 4
189 202 4
2 323 4
167 173 4
171 340 4
196 274 4
102 105 4
143 245 4
5 29 4
267 272 4
12 261 4
166 247 4
24 362 4
33 132 4
152 318 4
122 132 4
180 192 4
205 266 4
69 132 4
86 341 4
117 250 4
22 266 4
113 131 4
320 360 4
132 346 4
68 352 4
26 260 4
188 240 4
80 274 4
102 225 4
238 304 4
91 102 4
214 353 4
107 154 4
1 315 4
48 311 4
266 321 4
98 312 4
132 325 4
50 117 4
179 353 4
161 192 4
36 282 4
232 240 4
114 306 4
164 346 4
132 317 4
232 324 4
32 240 4
7 357 4
253 284 4
72 192 4
114 207 4
53 267 4
121 132 4
355 358 4
101 240 4
28 145 4
74 146 4
132 262 4
117 279 4
123 267 4
22 352 4
271 275 4
221 295 4
202 320 4
12 226 4
311 318 4
222 341 4
30 94 4
267 329 4
256 308 4
55 305 4
40 46 4
213 266 4
123 167 4
63 132 4
149 240 4
152 352 4
22 75 4
274 352 4
67 202 4
122 206 4
10 256 4
28 212 4
14 132 4
4 55 4
65 352 4
10 352 4
140 232 4
132 162 4
178 202 4
166 240 4
245 352 4
166 352 4
166 328 4
3 63 4
112 232 4
82 263 4
132 255 4
28 87 4
193 349 4
243 341 4
20 295 4
132 296 4
116 336 4
67 266 4
260 292 4
140 305 4
98 201 4
193 213 4
100 177 4
46 132 4
97 140 4
330 343 4
34 228 4
126 202 4
3 99 4
111 160 4
240 243 4
196 202 4
224 240 4
175 284 4
1 203 4
59 163 4
112 193 4
170 324 4
279 284 4
217 303 4
192 250 4
25 351 4
86 100 4
89 133 4
40 319 4
190 321 4
78 132 4
117 159 4
155 256 4
202 319 4
74 192 4
63 147 4
112 240 4
26 189 4
28 45 4
1 227 4
45 235 4
196 226 4
9 329 4
1 51 4
151 195 4
10 247 4
309 352 4
54 79 4
234 328 4
38 202 4
183 225 4
107 117 4
315 342 4
63 67 4
24 117 4
72 237 4
243 280 4
90 240 4
82 318 4
85 221 4
261 299 4
54 299 4
178 341 4
188 343 4
1 224 4
31 242 4
17 125 4
123 240 4
163 297 4
91 132 4
275 349 4
126 323 4
132 209 4
311 350 4
254 341 4
3 326 4
45 282 4
139 253 4
164 311 4
109 341 4
156 240 4
240 255 4
3 101 4
281 347 4
116 249 4
240 319 4
144 203 4
198 266 4
52 272 4
1 46 4
180 332 4
240 258 4
116 148 4
15 335 4
341 365 4
27 240 4
25 193 4
148 202 4
202 356 4
91 208 4
177 240 4
120 132 4
3 232 4
293 308 4
240 252 4
19 150 4
210 312 4
81 135 4
168 203 4
26 88 4
86 249 4
12 120 4
26 53 4
47 352 4
35 240 4
36 352 4
128 240 4
193 273 4
142 336 4
197 313 4
97 165 4
122 200 4
1 358 4
177 266 4
20 352 4
18 257 4
83 311 4
132 307 4
240 361 4
36 202 4
176 178 4
98 192 4
39 53 4
75 361 4
3 89 4
237 251 4
53 306 4
140 149 4
146 160 4
88 271 4
130 138 4
253 301 4
55 256 4
81 117 4
246 282 4
120 239 4
204 282 4
50 109 4
163 267 4
91 95 4
279 323 4
105 229 4
17 240 4
266 289 4
239 332 4
170 362 4
92 362 4
183 324 4
215 349 4
112 192 4
25 63 4
205 256 4
40 239 4
95 348 4
65 202 4
1 365 4
171 201 4
65 240 4
121 244 4
80 334 4
127 240 4
352 355 4
1 79 4
57 124 4
162 352 4
73 202 4
240 334 4
29 240 4
132 205 4
145 259 4
211 319 4
260 296 4
8 352 4
169 202 4
65 295 4
56 132 4
200 335 4
178 357 4
93 312 4
132 256 4
170 220 4
243 273 4
45 108 4
82 132 4
81 190 4
305 354 4
202 297 4
142 207 4
1 246 4
267 280 4
132 320 4
214 240 4
53 202 4
173 278 4
225 351 4
146 305 4
17 20 4
51 360 4
88 206 4
94 267 4
109 131 4
194 240 4
152 267 4
114 240 4
26 253 4
25 217 4
115 272 4
202 238 4
36 268 4
219 240 4
202 221 4
72 263 4
275 309 4
162 266 4
227 352 4
217 350 4
69 171 4
240 267 4
33 83 4
93 299 4
164 256 4
26 217 4
117 302 4
68 268 4
172 365 4
24 91 4
237 336 4
114 237 4
105 272 4
171 303 4
82 289 4
147 250 4
99 171 4
142 308 4
8 113 4
73 259 4
83 282 4
170 231 4
132 266 4
151 163 4
184 256 4
118 200 4
217 273 4
35 193 4
21 309 4
73 80 4
202 247 4
132 298 4
48 240 4
226 277 4
31 209 4
133 249 4
267 296 4
192 206 4
22 40 4
43 328 4
191 240 4
88 132 4
11 116 4
5 354 4
52 146 4
5 181 4
60 132 4
207 329 4
48 104 4
106 229 4
146 364 4
157 220 4
115 151 4
14 128 4
119 174 4
89 217 4
76 352 4
330 357 4
171 305 4
132 316 4
170 223 4
66 298 4
30 234 4
147 316 4
49 80 4
76 132 4
132 277 4
267 330 4
174 193 4
19 312 4
50 100 4
215 316 4
132 206 4
185 319 4
3 288 4
69 126 4
51 202 4
57 122 4
228 250 4
228 240 4
131 132 4
116 263 4
50 333 4
208 258 4
189 353 4
113 326 4
256 322 4
3 346 4
55 350 4
240 268 4
2 132 4
5 223 4
79 308 4
137 356 4
65 69 4
76 358 4
132 259 4
207 223 4
74 263 4
301 354 4
266 275 4
199 266 4
289 352 4
240 309 4
323 352 4
149 253 4
8 104 4
150 240 4
155 202 4
26 155 4
108 278 4
202 236 4
261 332 4
54 272 4
63 283 4
26 339 4
240 263 4
95 122 4
207 323 4
80 282 4
205 241 4
197 202 4
