1 2 1
1 3 1
1 4 1
1 55 1
1 246 1
1 273 1
2 3 1
2 4 1
2 14 1
2 33 1
2 230 1
2 274 1
2 275 1
3 4 1
3 5 1
3 6 1
4 5 1
4 6 1
4 200 1
5 6 1
5 7 1
5 8 1
5 147 1
6 7 1
6 8 1
6 9 1
7 9 1
7 222 1
8 10 1
8 11 1
8 68 1
9 10 1
9 11 1
10 11 1
10 12 1
10 13 1
11 12 1
11 13 1
11 14 1
11 138 1
11 148 1
11 161 1
12 13 1
12 14 1
12 238 1
13 14 1
13 16 1
13 191 1
14 15 1
14 16 1
14 53 1
14 86 1
15 16 1
15 17 1
16 17 1
16 18 1
16 19 1
16 22 1
17 19 1
17 20 1
17 114 1
18 19 1
18 20 1
18 21 1
18 32 1
18 178 1
18 221 1
19 20 1
19 21 1
20 21 1
20 22 1
20 23 1
21 22 1
21 23 1
21 62 1
22 25 1
22 123 1
23 24 1
23 25 1
23 26 1
24 25 1
24 26 1
24 27 1
25 26 1
25 27 1
26 27 1
26 28 1
26 29 1
26 198 1
27 28 1
27 29 1
27 30 1
28 29 1
28 30 1
28 31 1
28 83 1
28 106 1
29 30 1
29 31 1
29 32 1
30 31 1
30 32 1
30 33 1
31 34 1
31 95 1
31 181 1
32 147 1
32 163 1
32 166 1
33 34 1
33 35 1
34 35 1
34 37 1
34 220 1
35 36 1
35 38 1
35 261 1
36 37 1
36 38 1
36 39 1
37 38 1
37 39 1
37 40 1
38 39 1
38 40 1
39 40 1
39 41 1
39 42 1
39 53 1
40 41 1
40 42 1
40 43 1
40 86 1
41 42 1
41 55 1
41 69 1
41 109 1
42 43 1
42 44 1
42 45 1
43 44 1
43 45 1
43 46 1
44 47 1
44 55 1
44 92 1
44 181 1
45 46 1
45 47 1
45 48 1
46 47 1
46 48 1
46 49 1
46 159 1
46 220 1
47 49 1
47 132 1
48 49 1
48 50 1
49 50 1
49 51 1
49 52 1
50 51 1
50 52 1
50 56 1
51 53 1
51 70 1
51 139 1
51 140 1
52 53 1
52 54 1
52 55 1
52 148 1
53 54 1
53 138 1
54 55 1
54 56 1
54 57 1
55 56 1
55 57 1
55 179 1
56 57 1
56 112 1
56 118 1
57 58 1
57 59 1
57 151 1
58 59 1
58 61 1
58 76 1
58 210 1
59 60 1
59 61 1
59 62 1
59 82 1
59 123 1
60 61 1
60 62 1
60 101 1
60 182 1
61 62 1
61 63 1
62 63 1
62 92 1
62 168 1
63 65 1
63 66 1
63 80 1
64 65 1
64 66 1
65 66 1
65 67 1
65 68 1
65 111 1
66 67 1
66 68 1
66 69 1
67 69 1
67 70 1
67 216 1
68 70 1
68 71 1
68 111 1
68 162 1
69 70 1
69 71 1
69 176 1
70 72 1
70 110 1
70 141 1
70 182 1
71 72 1
71 73 1
71 74 1
71 131 1
71 156 1
72 74 1
72 102 1
73 75 1
73 76 1
73 93 1
74 75 1
74 76 1
74 77 1
74 168 1
75 76 1
75 77 1
76 77 1
76 79 1
77 78 1
77 79 1
78 79 1
78 80 1
78 81 1
78 166 1
79 80 1
79 81 1
79 82 1
79 83 1
79 209 1
80 81 1
80 82 1
80 83 1
81 82 1
81 83 1
81 185 1
82 83 1
82 85 1
82 149 1
83 86 1
84 85 1
84 86 1
84 87 1
85 86 1
85 87 1
85 88 1
86 87 1
87 88 1
87 89 1
87 153 1
88 89 1
88 162 1
89 90 1
89 92 1
89 180 1
90 91 1
90 92 1
91 92 1
91 93 1
91 94 1
92 95 1
92 166 1
93 94 1
93 95 1
94 95 1
94 96 1
94 97 1
95 96 1
95 97 1
96 98 1
96 99 1
96 169 1
96 257 1
97 98 1
97 100 1
97 158 1
98 99 1
98 271 1
99 100 1
99 101 1
99 102 1
99 236 1
100 101 1
100 102 1
101 102 1
101 103 1
102 103 1
102 104 1
103 104 1
103 105 1
103 106 1
104 105 1
104 106 1
104 107 1
105 106 1
105 107 1
105 157 1
105 172 1
105 270 1
106 107 1
106 108 1
106 172 1
107 109 1
107 110 1
107 189 1
107 229 1
107 257 1
108 109 1
108 110 1
108 111 1
109 110 1
109 112 1
109 188 1
109 250 1
110 221 1
112 113 1
112 115 1
112 224 1
112 267 1
113 114 1
113 115 1
114 115 1
114 116 1
114 117 1
115 116 1
115 122 1
115 231 1
115 264 1
116 117 1
116 118 1
116 119 1
117 119 1
117 120 1
117 212 1
118 120 1
118 207 1
119 120 1
119 121 1
119 122 1
120 121 1
120 122 1
121 122 1
121 123 1
121 126 1
122 124 1
123 125 1
123 126 1
124 125 1
124 127 1
124 209 1
124 251 1
125 127 1
125 167 1
125 230 1
126 128 1
126 227 1
127 128 1
127 129 1
127 130 1
128 129 1
128 130 1
128 259 1
129 130 1
129 131 1
129 132 1
130 131 1
130 132 1
130 133 1
131 132 1
131 133 1
131 255 1
132 133 1
132 134 1
133 134 1
133 135 1
133 136 1
134 135 1
134 136 1
134 137 1
135 136 1
135 137 1
135 138 1
135 155 1
136 137 1
136 138 1
136 139 1
137 138 1
137 140 1
137 272 1
139 142 1
139 165 1
140 142 1
140 143 1
141 143 1
141 144 1
141 164 1
141 175 1
142 143 1
142 144 1
142 145 1
143 144 1
143 145 1
143 205 1
143 240 1
144 145 1
144 146 1
144 147 1
145 146 1
145 147 1
145 148 1
146 147 1
146 148 1
146 149 1
147 149 1
147 150 1
147 184 1
147 202 1
148 237 1
149 150 1
149 151 1
149 268 1
150 151 1
150 152 1
150 153 1
150 215 1
151 152 1
151 153 1
152 153 1
152 154 1
152 155 1
152 183 1
153 154 1
153 155 1
153 156 1
154 157 1
154 160 1
154 228 1
154 238 1
155 157 1
155 166 1
156 158 1
156 264 1
157 158 1
157 159 1
157 167 1
158 159 1
158 161 1
158 204 1
159 161 1
159 162 1
160 161 1
160 163 1
160 164 1
160 186 1
161 162 1
161 163 1
162 163 1
162 164 1
163 165 1
164 165 1
165 166 1
165 167 1
165 168 1
165 181 1
166 167 1
166 168 1
167 168 1
168 171 1
168 204 1
168 206 1
169 171 1
169 172 1
170 171 1
170 172 1
171 172 1
171 173 1
171 174 1
173 174 1
173 175 1
174 175 1
174 176 1
175 177 1
175 260 1
176 177 1
177 178 1
177 180 1
177 225 1
178 180 1
178 181 1
179 180 1
180 181 1
180 182 1
181 183 1
181 184 1
182 183 1
182 184 1
182 185 1
183 184 1
183 185 1
183 214 1
184 185 1
184 187 1
184 269 1
185 215 1
186 187 1
186 188 1
186 189 1
187 188 1
187 189 1
187 190 1
188 190 1
188 191 1
189 191 1
189 192 1
190 191 1
190 192 1
190 193 1
191 192 1
191 193 1
192 193 1
192 194 1
192 195 1
193 194 1
193 195 1
193 196 1
193 199 1
194 195 1
194 196 1
195 196 1
195 197 1
195 198 1
195 215 1
196 198 1
196 199 1
196 233 1
197 199 1
197 266 1
198 200 1
198 275 1
199 200 1
199 201 1
200 201 1
200 202 1
201 202 1
201 203 1
201 204 1
202 203 1
203 204 1
203 205 1
203 239 1
203 268 1
204 206 1
204 229 1
204 232 1
205 206 1
205 207 1
206 207 1
206 209 1
207 208 1
207 209 1
207 210 1
208 209 1
208 210 1
208 211 1
209 210 1
209 211 1
210 211 1
210 212 1
210 224 1
211 212 1
211 213 1
212 213 1
212 214 1
212 215 1
213 214 1
213 215 1
213 216 1
214 216 1
214 217 1
215 217 1
215 218 1
216 217 1
216 218 1
216 219 1
217 219 1
217 220 1
217 258 1
218 219 1
218 220 1
218 221 1
219 220 1
219 221 1
219 222 1
220 221 1
220 223 1
221 222 1
221 223 1
222 223 1
222 224 1
222 225 1
223 224 1
223 225 1
223 226 1
224 225 1
224 226 1
224 227 1
225 226 1
225 249 1
226 227 1
226 228 1
226 229 1
227 228 1
227 229 1
227 230 1
227 242 1
228 229 1
229 231 1
230 231 1
230 232 1
231 232 1
231 233 1
231 234 1
232 233 1
232 234 1
232 235 1
233 234 1
233 235 1
233 236 1
234 235 1
234 236 1
234 237 1
235 236 1
235 237 1
236 238 1
236 239 1
237 238 1
237 239 1
237 240 1
238 240 1
238 241 1
239 240 1
239 241 1
240 242 1
240 243 1
241 242 1
241 243 1
241 244 1
242 243 1
242 245 1
243 244 1
243 246 1
243 253 1
244 245 1
244 246 1
244 247 1
245 246 1
245 248 1
245 257 1
246 247 1
246 248 1
247 248 1
247 249 1
247 250 1
248 249 1
248 250 1
248 251 1
249 250 1
249 251 1
249 252 1
250 251 1
250 252 1
250 253 1
251 252 1
251 253 1
252 253 1
252 254 1
253 254 1
253 255 1
253 256 1
254 255 1
254 256 1
255 256 1
255 258 1
256 257 1
256 258 1
256 259 1
257 258 1
257 259 1
257 260 1
258 260 1
258 261 1
259 260 1
259 261 1
260 261 1
260 262 1
260 263 1
261 262 1
261 263 1
261 264 1
262 263 1
262 264 1
263 264 1
263 265 1
263 266 1
264 265 1
264 266 1
265 266 1
265 267 1
266 267 1
266 268 1
266 269 1
267 269 1
267 270 1
268 271 1
269 270 1
270 272 1
270 273 1
271 272 1
271 273 1
271 274 1
272 273 1
272 274 1
272 275 1
273 274 1
273 275 1
274 275 1
