1 3 2
1 4 2
1 95 2
1 141 2
1 155 2
1 162 2
1 246 2
1 273 2
1 301 2
1 302 2
2 4 2
2 14 2
2 33 2
2 230 2
2 243 2
2 274 2
2 275 2
2 301 2
2 302 2
3 6 2
3 7 2
3 134 2
3 164 2
3 295 2
3 302 2
4 5 2
4 6 2
4 37 2
4 200 2
4 222 2
5 6 2
5 47 2
5 135 2
5 145 2
5 147 2
5 259 2
5 273 2
6 7 2
6 8 2
6 9 2
6 12 2
6 17 2
6 241 2
7 9 2
7 222 2
8 38 2
8 68 2
8 198 2
8 215 2
9 10 2
9 11 2
9 18 2
9 60 2
10 11 2
10 12 2
10 13 2
11 12 2
11 14 2
11 15 2
11 148 2
11 161 2
11 196 2
11 264 2
12 14 2
12 238 2
13 14 2
13 17 2
13 239 2
13 261 2
14 15 2
14 16 2
14 53 2
14 86 2
15 16 2
15 17 2
15 62 2
16 17 2
16 18 2
16 19 2
16 22 2
16 33 2
16 127 2
17 19 2
17 246 2
18 20 2
18 21 2
18 32 2
18 76 2
18 178 2
18 221 2
19 21 2
19 132 2
19 205 2
20 21 2
20 22 2
20 23 2
20 24 2
21 22 2
21 23 2
21 208 2
21 243 2
22 123 2
22 172 2
23 24 2
23 25 2
23 26 2
24 25 2
24 26 2
24 27 2
24 128 2
25 26 2
25 27 2
25 217 2
26 27 2
26 28 2
26 30 2
26 98 2
26 170 2
26 241 2
26 243 2
27 28 2
27 29 2
27 30 2
28 29 2
28 31 2
28 32 2
28 45 2
28 51 2
28 106 2
28 168 2
28 282 2
29 30 2
29 31 2
29 32 2
29 278 2
30 31 2
30 32 2
30 131 2
31 34 2
31 124 2
31 181 2
32 147 2
32 163 2
32 166 2
32 218 2
33 34 2
33 37 2
34 35 2
34 37 2
34 220 2
35 36 2
35 38 2
35 261 2
36 38 2
36 39 2
36 40 2
36 172 2
37 39 2
37 40 2
38 40 2
38 42 2
38 145 2
39 40 2
39 41 2
39 42 2
39 53 2
39 183 2
39 211 2
40 41 2
40 42 2
40 43 2
40 46 2
40 86 2
41 45 2
41 55 2
41 69 2
41 109 2
41 173 2
41 270 2
42 43 2
42 44 2
42 45 2
42 46 2
43 44 2
43 45 2
43 46 2
44 47 2
44 55 2
44 92 2
44 181 2
45 47 2
45 48 2
45 205 2
46 48 2
46 50 2
46 159 2
46 190 2
46 220 2
47 51 2
47 214 2
48 49 2
48 50 2
49 50 2
49 51 2
49 52 2
50 51 2
50 63 2
50 115 2
51 70 2
51 140 2
51 141 2
51 293 2
52 53 2
52 54 2
52 55 2
52 148 2
53 54 2
53 138 2
54 55 2
54 56 2
54 57 2
55 56 2
55 57 2
55 59 2
55 162 2
55 168 2
56 57 2
56 112 2
56 118 2
57 58 2
57 59 2
57 151 2
57 254 2
58 59 2
58 61 2
58 76 2
58 210 2
59 60 2
59 62 2
59 82 2
59 123 2
59 173 2
59 277 2
60 61 2
60 99 2
60 145 2
61 62 2
61 63 2
62 66 2
62 92 2
62 168 2
63 65 2
63 66 2
63 80 2
63 187 2
64 65 2
64 66 2
65 66 2
65 67 2
65 69 2
65 111 2
65 297 2
66 67 2
66 68 2
66 189 2
67 69 2
67 70 2
67 216 2
68 70 2
68 71 2
68 111 2
68 137 2
68 162 2
69 70 2
69 71 2
69 169 2
69 176 2
70 72 2
70 110 2
70 141 2
70 182 2
71 73 2
71 74 2
71 103 2
71 121 2
71 131 2
71 156 2
72 102 2
72 170 2
72 204 2
73 75 2
73 76 2
73 93 2
74 76 2
74 77 2
74 96 2
74 168 2
75 76 2
75 77 2
76 77 2
76 80 2
76 161 2
77 78 2
77 79 2
77 81 2
78 79 2
78 80 2
78 81 2
78 166 2
79 81 2
79 82 2
79 83 2
79 205 2
79 209 2
80 81 2
80 83 2
80 140 2
80 209 2
81 82 2
81 163 2
81 185 2
81 277 2
82 83 2
82 85 2
82 149 2
82 198 2
82 280 2
83 86 2
83 134 2
83 250 2
84 85 2
84 86 2
84 87 2
85 86 2
85 87 2
85 285 2
86 172 2
86 246 2
87 88 2
87 89 2
87 254 2
87 260 2
88 162 2
88 226 2
88 253 2
89 90 2
89 92 2
89 180 2
89 195 2
90 92 2
90 132 2
90 264 2
91 92 2
91 93 2
91 94 2
91 95 2
92 95 2
92 166 2
92 189 2
93 94 2
93 275 2
94 95 2
94 96 2
94 97 2
95 96 2
95 108 2
96 98 2
96 99 2
96 169 2
96 254 2
97 100 2
97 128 2
97 158 2
97 183 2
98 99 2
98 209 2
98 271 2
99 100 2
99 101 2
99 194 2
99 236 2
99 275 2
100 102 2
100 174 2
101 103 2
101 141 2
102 103 2
102 104 2
103 104 2
103 105 2
103 106 2
103 137 2
104 106 2
104 107 2
104 178 2
104 210 2
104 285 2
105 106 2
105 107 2
105 109 2
105 172 2
105 247 2
105 270 2
106 107 2
106 108 2
106 110 2
106 172 2
107 109 2
107 110 2
107 189 2
107 229 2
107 257 2
107 289 2
108 110 2
108 111 2
108 275 2
109 110 2
109 112 2
109 188 2
109 250 2
110 114 2
110 221 2
110 271 2
112 113 2
112 115 2
112 224 2
112 267 2
113 115 2
113 134 2
114 115 2
114 116 2
114 117 2
114 215 2
115 116 2
115 119 2
115 122 2
115 231 2
115 264 2
116 117 2
116 118 2
116 119 2
117 119 2
117 120 2
117 212 2
117 288 2
118 120 2
118 207 2
119 120 2
119 121 2
119 122 2
120 121 2
120 122 2
120 124 2
121 122 2
121 123 2
121 126 2
122 243 2
123 125 2
123 126 2
124 125 2
124 127 2
124 253 2
124 273 2
125 167 2
125 230 2
125 289 2
126 128 2
126 227 2
127 128 2
127 129 2
127 130 2
127 131 2
128 129 2
128 259 2
129 130 2
129 131 2
129 132 2
129 219 2
130 131 2
130 133 2
130 178 2
130 260 2
130 275 2
131 132 2
131 176 2
131 255 2
132 134 2
132 136 2
133 134 2
133 136 2
133 176 2
134 135 2
134 136 2
135 136 2
135 137 2
135 138 2
135 155 2
136 137 2
136 139 2
136 140 2
136 243 2
136 263 2
137 138 2
137 244 2
138 147 2
139 142 2
139 165 2
140 142 2
140 143 2
140 224 2
141 143 2
141 144 2
141 164 2
141 175 2
142 143 2
142 144 2
142 145 2
142 180 2
143 144 2
143 165 2
143 205 2
143 240 2
144 145 2
144 146 2
144 147 2
145 147 2
145 148 2
146 147 2
146 149 2
146 246 2
146 261 2
147 148 2
147 149 2
147 150 2
147 165 2
148 237 2
149 150 2
149 151 2
149 268 2
150 151 2
150 153 2
150 199 2
150 267 2
151 152 2
151 153 2
151 210 2
152 153 2
152 154 2
152 155 2
152 183 2
153 154 2
153 155 2
153 156 2
154 157 2
154 160 2
154 228 2
154 238 2
155 157 2
155 166 2
156 158 2
156 264 2
157 158 2
157 159 2
157 216 2
158 159 2
158 161 2
158 204 2
159 161 2
159 162 2
160 163 2
160 164 2
160 186 2
160 260 2
161 162 2
161 163 2
162 163 2
162 164 2
163 165 2
163 167 2
164 165 2
165 166 2
165 168 2
165 181 2
166 167 2
166 168 2
166 249 2
167 168 2
168 171 2
168 206 2
169 172 2
170 172 2
170 174 2
171 172 2
171 173 2
171 174 2
173 175 2
174 175 2
174 176 2
174 190 2
175 177 2
175 260 2
175 261 2
176 177 2
177 178 2
177 180 2
177 203 2
177 225 2
178 181 2
179 290 2
180 181 2
180 226 2
181 183 2
181 184 2
182 183 2
182 184 2
182 185 2
183 185 2
183 247 2
184 185 2
184 187 2
184 269 2
185 189 2
185 215 2
186 187 2
186 188 2
186 189 2
186 190 2
187 188 2
187 190 2
188 190 2
188 191 2
188 192 2
188 277 2
189 191 2
189 192 2
189 267 2
190 192 2
190 193 2
191 192 2
191 193 2
191 195 2
191 295 2
192 193 2
192 194 2
192 214 2
193 195 2
193 199 2
193 214 2
193 299 2
194 195 2
194 196 2
195 196 2
195 197 2
195 199 2
195 215 2
196 198 2
196 199 2
196 233 2
196 239 2
197 199 2
197 266 2
197 281 2
198 203 2
198 275 2
198 299 2
199 200 2
199 201 2
200 201 2
200 202 2
200 246 2
201 202 2
201 203 2
201 204 2
202 203 2
202 206 2
203 204 2
203 205 2
203 207 2
204 208 2
204 229 2
204 232 2
205 207 2
206 207 2
206 209 2
206 300 2
207 208 2
207 209 2
207 210 2
207 211 2
208 210 2
208 211 2
209 275 2
210 211 2
210 212 2
211 212 2
211 233 2
212 213 2
212 214 2
212 215 2
212 234 2
213 214 2
213 215 2
213 216 2
213 242 2
214 216 2
214 217 2
214 218 2
215 217 2
216 217 2
216 219 2
216 236 2
217 220 2
217 301 2
218 219 2
218 220 2
218 222 2
219 220 2
219 222 2
220 221 2
220 223 2
221 222 2
221 262 2
222 223 2
222 224 2
222 225 2
222 226 2
223 224 2
223 225 2
223 226 2
223 288 2
224 225 2
224 226 2
225 226 2
225 249 2
226 228 2
226 229 2
227 228 2
227 229 2
227 230 2
227 242 2
228 247 2
229 231 2
230 231 2
230 232 2
231 232 2
231 233 2
231 234 2
232 233 2
232 234 2
232 235 2
233 236 2
233 299 2
234 236 2
234 237 2
235 236 2
235 237 2
236 239 2
236 240 2
237 238 2
237 239 2
237 240 2
238 240 2
238 241 2
239 288 2
239 293 2
240 242 2
240 243 2
240 244 2
241 243 2
241 244 2
241 245 2
241 256 2
242 245 2
242 265 2
243 246 2
244 247 2
244 248 2
244 278 2
244 295 2
245 246 2
245 248 2
245 257 2
246 266 2
247 248 2
247 249 2
247 250 2
248 249 2
248 250 2
248 251 2
249 250 2
249 252 2
249 253 2
250 252 2
250 253 2
251 252 2
251 253 2
252 253 2
252 254 2
252 256 2
252 301 2
253 255 2
253 256 2
254 255 2
255 256 2
255 258 2
255 259 2
256 257 2
256 259 2
257 258 2
257 259 2
257 260 2
258 260 2
258 261 2
259 261 2
260 262 2
260 263 2
261 262 2
261 263 2
261 264 2
261 265 2
262 263 2
262 264 2
263 264 2
263 265 2
263 266 2
264 265 2
264 266 2
265 266 2
265 267 2
266 267 2
266 268 2
266 270 2
267 270 2
268 271 2
269 270 2
270 273 2
271 273 2
271 274 2
271 294 2
272 273 2
272 274 2
272 275 2
273 274 2
273 275 2
273 276 2
274 275 2
274 276 2
274 277 2
275 278 2
276 277 2
276 278 2
276 279 2
277 279 2
277 280 2
278 280 2
278 289 2
279 280 2
279 281 2
279 282 2
280 281 2
280 282 2
281 282 2
281 283 2
282 283 2
282 285 2
282 295 2
283 284 2
283 285 2
283 290 2
284 285 2
284 286 2
284 287 2
285 286 2
285 288 2
286 287 2
286 288 2
286 289 2
286 290 2
287 288 2
287 289 2
287 290 2
288 290 2
289 290 2
290 291 2
290 292 2
290 293 2
290 294 2
291 292 2
291 293 2
291 294 2
292 293 2
292 294 2
292 295 2
292 296 2
293 294 2
293 296 2
293 297 2
294 295 2
294 297 2
295 297 2
296 297 2
296 298 2
296 299 2
297 298 2
297 299 2
297 300 2
298 299 2
298 300 2
298 301 2
299 300 2
299 302 2
300 301 2
