1 4 3
1 5 3
1 23 3
1 114 3
1 141 3
1 155 3
1 162 3
1 180 3
1 246 3
1 273 3
1 302 3
1 330 3
1 331 3
1 332 3
2 4 3
2 14 3
2 33 3
2 192 3
2 230 3
2 243 3
2 274 3
2 275 3
2 301 3
2 302 3
2 330 3
2 331 3
2 332 3
3 6 3
3 30 3
3 51 3
3 58 3
3 64 3
3 295 3
3 302 3
3 305 3
3 331 3
3 332 3
4 5 3
4 6 3
4 18 3
4 37 3
4 200 3
4 222 3
5 9 3
5 35 3
5 135 3
5 145 3
5 147 3
5 187 3
5 273 3
5 305 3
5 325 3
6 7 3
6 8 3
6 17 3
6 213 3
6 241 3
6 295 3
6 326 3
7 9 3
7 292 3
8 63 3
8 91 3
8 118 3
8 198 3
8 215 3
9 10 3
9 11 3
9 13 3
9 51 3
9 60 3
9 254 3
9 303 3
10 11 3
10 12 3
10 13 3
11 12 3
11 14 3
11 37 3
11 66 3
11 151 3
11 187 3
11 196 3
11 264 3
12 14 3
12 112 3
12 238 3
13 14 3
13 17 3
13 239 3
13 261 3
14 15 3
14 16 3
14 53 3
14 86 3
14 122 3
14 222 3
15 16 3
15 17 3
15 62 3
15 197 3
15 220 3
16 17 3
16 18 3
16 22 3
16 33 3
16 127 3
16 258 3
17 19 3
17 21 3
17 138 3
18 20 3
18 21 3
18 76 3
18 178 3
18 221 3
18 273 3
19 21 3
19 132 3
19 205 3
19 232 3
20 21 3
20 23 3
20 24 3
20 185 3
21 22 3
21 23 3
21 208 3
21 243 3
22 252 3
22 280 3
23 24 3
23 25 3
23 26 3
23 75 3
23 312 3
24 25 3
24 26 3
24 27 3
24 118 3
24 128 3
25 26 3
25 27 3
25 217 3
26 30 3
26 94 3
26 98 3
26 118 3
26 170 3
26 177 3
26 243 3
27 28 3
27 29 3
27 30 3
27 154 3
28 31 3
28 32 3
28 51 3
28 72 3
28 166 3
28 168 3
28 251 3
28 269 3
29 30 3
29 31 3
29 33 3
29 192 3
29 278 3
30 32 3
30 131 3
30 290 3
31 35 3
31 181 3
31 223 3
31 280 3
32 36 3
32 142 3
32 163 3
32 166 3
32 252 3
33 34 3
33 37 3
34 35 3
34 37 3
34 220 3
35 38 3
35 179 3
35 249 3
35 261 3
36 38 3
36 39 3
36 40 3
36 172 3
37 39 3
37 40 3
38 40 3
38 42 3
38 145 3
39 40 3
39 42 3
39 51 3
39 70 3
39 132 3
39 183 3
39 211 3
40 41 3
40 42 3
40 43 3
40 44 3
40 46 3
40 164 3
40 273 3
41 45 3
41 69 3
41 109 3
41 119 3
41 173 3
41 263 3
41 286 3
42 43 3
42 44 3
42 45 3
42 46 3
43 44 3
43 45 3
43 46 3
44 47 3
44 55 3
44 57 3
44 92 3
44 138 3
45 47 3
45 48 3
45 78 3
45 205 3
46 48 3
46 50 3
46 159 3
46 190 3
46 220 3
47 51 3
47 92 3
48 49 3
48 50 3
48 52 3
48 116 3
48 153 3
49 50 3
49 52 3
49 100 3
49 201 3
50 51 3
50 63 3
50 68 3
50 115 3
50 277 3
51 55 3
51 239 3
52 54 3
52 55 3
52 148 3
52 238 3
53 54 3
53 138 3
54 56 3
54 57 3
54 98 3
54 141 3
54 249 3
55 56 3
55 57 3
55 59 3
55 162 3
55 168 3
56 57 3
56 112 3
56 118 3
56 276 3
57 58 3
57 61 3
57 178 3
57 254 3
57 314 3
58 61 3
58 76 3
58 115 3
58 210 3
58 219 3
58 258 3
58 326 3
59 60 3
59 63 3
59 70 3
59 82 3
59 95 3
59 123 3
59 131 3
59 249 3
59 277 3
59 324 3
60 61 3
60 99 3
60 145 3
60 229 3
61 62 3
61 63 3
61 105 3
62 66 3
62 92 3
62 130 3
62 168 3
63 65 3
63 66 3
63 80 3
63 187 3
64 65 3
64 66 3
65 66 3
65 69 3
65 111 3
65 189 3
65 323 3
66 67 3
66 331 3
67 69 3
67 70 3
67 275 3
68 70 3
68 111 3
68 137 3
68 162 3
69 70 3
69 128 3
69 169 3
69 176 3
69 243 3
70 72 3
70 74 3
70 141 3
70 163 3
71 74 3
71 103 3
71 117 3
71 121 3
71 146 3
71 156 3
71 264 3
71 322 3
71 323 3
72 102 3
72 145 3
72 271 3
73 75 3
73 76 3
73 77 3
73 93 3
73 154 3
74 76 3
74 77 3
74 78 3
74 96 3
74 168 3
75 281 3
76 161 3
76 255 3
76 260 3
77 78 3
77 79 3
77 81 3
78 79 3
78 80 3
78 81 3
79 81 3
79 82 3
79 83 3
79 122 3
79 297 3
80 81 3
80 83 3
80 140 3
80 209 3
81 82 3
81 163 3
81 185 3
81 277 3
82 83 3
82 85 3
82 149 3
82 163 3
82 165 3
82 280 3
82 329 3
83 134 3
83 250 3
83 293 3
84 86 3
84 87 3
84 88 3
84 144 3
85 86 3
85 87 3
85 283 3
85 285 3
86 90 3
86 97 3
86 172 3
86 219 3
87 88 3
87 89 3
87 183 3
87 195 3
87 254 3
88 92 3
88 162 3
88 219 3
88 253 3
88 306 3
89 90 3
89 92 3
89 93 3
89 180 3
89 195 3
90 92 3
90 132 3
90 264 3
91 92 3
91 186 3
91 266 3
92 95 3
92 124 3
92 194 3
92 273 3
93 94 3
93 97 3
93 272 3
93 275 3
94 97 3
94 131 3
94 306 3
95 96 3
95 99 3
95 108 3
96 98 3
96 99 3
96 100 3
96 169 3
96 254 3
96 263 3
97 100 3
97 128 3
97 158 3
97 183 3
98 99 3
98 271 3
99 100 3
99 101 3
99 194 3
99 236 3
99 275 3
100 174 3
100 241 3
101 103 3
101 105 3
101 141 3
102 103 3
102 104 3
102 222 3
103 104 3
103 105 3
103 106 3
103 107 3
103 137 3
103 286 3
104 106 3
104 178 3
104 240 3
104 285 3
105 106 3
105 129 3
105 156 3
105 172 3
105 247 3
105 325 3
106 107 3
106 108 3
106 110 3
106 172 3
107 109 3
107 110 3
107 111 3
107 163 3
107 229 3
107 257 3
107 289 3
108 110 3
108 111 3
108 112 3
108 230 3
108 275 3
108 294 3
109 110 3
109 112 3
109 188 3
109 207 3
109 229 3
109 250 3
110 114 3
110 221 3
110 271 3
111 200 3
112 113 3
112 115 3
112 224 3
113 115 3
113 134 3
114 115 3
114 116 3
114 117 3
114 118 3
114 215 3
115 119 3
115 122 3
115 167 3
115 204 3
115 277 3
116 117 3
116 119 3
117 120 3
117 212 3
117 288 3
118 122 3
118 201 3
118 207 3
119 120 3
119 121 3
119 122 3
119 123 3
120 121 3
120 122 3
120 124 3
121 122 3
121 123 3
121 126 3
121 297 3
122 143 3
123 126 3
123 127 3
123 169 3
124 128 3
124 170 3
124 253 3
124 273 3
125 129 3
125 167 3
125 195 3
125 230 3
125 289 3
126 128 3
126 130 3
126 227 3
127 128 3
127 130 3
127 131 3
127 214 3
128 129 3
128 156 3
128 259 3
129 130 3
129 131 3
129 141 3
129 295 3
130 131 3
130 134 3
130 260 3
130 275 3
130 302 3
131 132 3
131 169 3
131 176 3
131 255 3
132 134 3
132 136 3
133 134 3
133 136 3
133 176 3
133 300 3
133 310 3
134 135 3
134 136 3
134 138 3
135 136 3
135 137 3
135 139 3
135 155 3
135 228 3
136 137 3
136 140 3
136 159 3
136 243 3
136 263 3
137 138 3
137 244 3
138 142 3
138 147 3
139 142 3
139 165 3
139 207 3
140 142 3
140 143 3
140 191 3
140 224 3
140 328 3
141 144 3
141 164 3
141 175 3
141 209 3
142 143 3
142 144 3
142 180 3
142 184 3
142 230 3
143 144 3
143 156 3
143 165 3
143 205 3
143 207 3
143 240 3
144 145 3
144 146 3
144 147 3
144 148 3
144 150 3
145 147 3
145 148 3
145 304 3
145 325 3
146 147 3
146 149 3
146 246 3
147 148 3
147 150 3
147 165 3
147 175 3
147 199 3
148 237 3
149 150 3
149 151 3
149 268 3
150 151 3
150 154 3
150 267 3
150 321 3
151 152 3
151 153 3
151 210 3
152 153 3
152 154 3
152 183 3
152 302 3
153 154 3
153 206 3
153 211 3
153 220 3
154 160 3
154 228 3
154 298 3
155 157 3
155 166 3
156 158 3
156 160 3
157 158 3
157 159 3
157 216 3
158 159 3
158 161 3
158 204 3
159 161 3
159 162 3
160 163 3
160 164 3
160 186 3
160 260 3
161 162 3
161 163 3
161 189 3
162 163 3
162 164 3
163 165 3
163 323 3
164 165 3
164 274 3
165 166 3
165 181 3
166 167 3
166 168 3
166 197 3
166 249 3
167 168 3
167 174 3
167 188 3
168 171 3
168 206 3
169 172 3
170 172 3
170 174 3
171 172 3
171 173 3
171 174 3
172 227 3
172 239 3
173 175 3
174 176 3
174 178 3
174 264 3
174 295 3
175 248 3
175 260 3
176 177 3
176 180 3
177 178 3
177 180 3
177 181 3
177 203 3
177 225 3
178 181 3
178 320 3
179 290 3
180 181 3
180 226 3
181 183 3
181 184 3
182 183 3
182 184 3
182 185 3
183 185 3
184 185 3
184 187 3
184 212 3
185 189 3
185 215 3
186 188 3
186 189 3
186 195 3
186 217 3
186 290 3
187 188 3
188 190 3
188 192 3
188 277 3
188 296 3
189 191 3
189 205 3
189 267 3
190 192 3
190 193 3
190 309 3
191 192 3
191 193 3
191 195 3
192 193 3
192 214 3
193 195 3
193 199 3
193 214 3
193 299 3
194 195 3
194 196 3
195 197 3
195 215 3
195 224 3
196 198 3
196 199 3
196 233 3
196 239 3
197 281 3
198 203 3
198 275 3
198 299 3
199 200 3
199 201 3
199 252 3
200 201 3
200 250 3
201 203 3
201 242 3
202 203 3
202 206 3
203 204 3
203 205 3
203 207 3
204 208 3
204 229 3
204 232 3
205 207 3
205 209 3
206 209 3
206 210 3
206 300 3
207 210 3
208 210 3
208 212 3
208 313 3
208 330 3
209 228 3
210 211 3
210 212 3
210 255 3
210 295 3
210 328 3
211 233 3
212 213 3
212 214 3
212 215 3
212 234 3
212 287 3
213 214 3
213 215 3
213 242 3
214 216 3
214 217 3
214 218 3
215 217 3
215 243 3
216 217 3
216 219 3
216 224 3
216 236 3
217 220 3
217 301 3
218 219 3
218 220 3
218 222 3
219 222 3
220 221 3
221 222 3
221 262 3
222 224 3
222 225 3
222 226 3
223 224 3
223 225 3
223 226 3
223 227 3
223 288 3
224 226 3
224 263 3
224 315 3
225 226 3
225 229 3
225 233 3
225 249 3
226 228 3
226 229 3
226 230 3
227 228 3
227 229 3
227 238 3
227 301 3
227 308 3
228 247 3
228 319 3
229 233 3
230 294 3
231 232 3
231 233 3
231 234 3
232 233 3
232 235 3
233 236 3
233 237 3
234 236 3
234 237 3
234 238 3
235 236 3
235 237 3
236 239 3
236 240 3
237 238 3
237 239 3
237 240 3
238 240 3
238 242 3
238 256 3
239 243 3
239 293 3
240 242 3
240 243 3
240 244 3
241 244 3
241 245 3
241 256 3
241 307 3
241 329 3
242 245 3
242 265 3
243 246 3
243 303 3
244 247 3
244 248 3
244 278 3
244 295 3
245 246 3
245 248 3
245 257 3
246 266 3
247 248 3
247 249 3
247 250 3
248 249 3
248 250 3
248 251 3
248 289 3
249 250 3
249 252 3
249 253 3
250 252 3
250 253 3
251 252 3
251 253 3
252 253 3
252 254 3
252 301 3
253 255 3
253 256 3
253 282 3
253 325 3
254 255 3
255 256 3
255 259 3
256 259 3
256 312 3
256 319 3
257 258 3
257 259 3
257 260 3
258 260 3
259 261 3
260 262 3
260 263 3
260 264 3
261 262 3
261 263 3
261 264 3
261 265 3
262 263 3
262 264 3
262 266 3
263 266 3
264 265 3
264 266 3
265 266 3
265 267 3
266 267 3
266 268 3
266 270 3
267 270 3
268 271 3
269 273 3
269 313 3
270 273 3
271 273 3
271 274 3
271 294 3
272 274 3
272 275 3
272 276 3
272 319 3
272 326 3
273 276 3
274 275 3
274 277 3
275 307 3
276 277 3
276 279 3
277 280 3
278 280 3
278 289 3
279 280 3
279 281 3
279 282 3
280 281 3
280 282 3
281 282 3
281 283 3
282 283 3
282 295 3
283 284 3
283 290 3
284 285 3
284 286 3
284 287 3
285 286 3
285 288 3
285 289 3
286 287 3
286 288 3
286 289 3
287 288 3
287 289 3
287 290 3
288 290 3
288 292 3
290 291 3
290 293 3
290 294 3
291 292 3
291 293 3
291 294 3
291 295 3
292 293 3
292 294 3
292 295 3
292 296 3
293 294 3
293 296 3
293 297 3
294 295 3
294 298 3
296 297 3
296 298 3
296 300 3
297 298 3
297 299 3
297 300 3
298 299 3
298 300 3
298 301 3
299 300 3
299 302 3
300 301 3
300 303 3
301 304 3
302 303 3
302 304 3
302 305 3
302 306 3
302 308 3
303 305 3
304 306 3
304 307 3
305 306 3
305 307 3
305 308 3
305 318 3
306 307 3
306 309 3
307 309 3
307 310 3
308 309 3
308 310 3
309 310 3
309 311 3
310 311 3
310 313 3
311 312 3
311 313 3
311 314 3
311 315 3
312 313 3
313 314 3
313 315 3
314 315 3
314 316 3
314 317 3
315 316 3
315 318 3
316 317 3
316 318 3
316 319 3
316 320 3
317 318 3
317 319 3
317 320 3
318 320 3
318 321 3
318 322 3
319 320 3
320 321 3
320 322 3
320 323 3
321 322 3
321 323 3
321 324 3
322 324 3
322 325 3
323 324 3
323 325 3
323 326 3
323 327 3
324 325 3
324 327 3
325 327 3
326 328 3
326 329 3
327 328 3
327 329 3
327 330 3
328 330 3
329 332 3
330 331 3
330 332 3
331 332 3
