1 14 2
1 34 2
1 143 2
2 143 2
3 143 2
3 172 2
5 143 2
5 200 2
6 28 2
6 93 2
7 116 2
7 143 2
7 273 2
8 40 2
9 143 2
10 34 2
11 195 2
12 114 2
12 173 2
12 250 2
13 39 2
13 55 2
14 47 2
14 70 2
14 101 2
14 136 2
14 187 2
14 248 2
15 50 2
15 254 2
16 39 2
16 81 2
16 143 2
17 34 2
18 114 2
19 167 2
19 198 2
20 213 2
21 84 2
21 86 2
21 143 2
21 246 2
21 251 2
22 41 2
23 34 2
23 39 2
23 244 2
24 39 2
25 39 2
27 91 2
27 143 2
28 39 2
28 154 2
29 262 2
30 106 2
31 39 2
32 72 2
34 39 2
34 61 2
34 75 2
34 82 2
34 83 2
34 91 2
34 92 2
34 94 2
34 95 2
34 99 2
34 106 2
34 113 2
34 115 2
34 127 2
34 136 2
34 148 2
34 158 2
34 167 2
34 169 2
34 189 2
34 191 2
34 208 2
34 214 2
34 234 2
34 243 2
34 251 2
34 254 2
34 258 2
34 260 2
34 263 2
34 268 2
34 274 2
35 143 2
36 84 2
36 92 2
36 259 2
37 57 2
37 82 2
37 167 2
37 195 2
37 220 2
38 39 2
39 40 2
39 42 2
39 43 2
39 54 2
39 76 2
39 81 2
39 84 2
39 85 2
39 92 2
39 94 2
39 95 2
39 96 2
39 97 2
39 98 2
39 100 2
39 106 2
39 110 2
39 116 2
39 120 2
39 124 2
39 125 2
39 126 2
39 128 2
39 139 2
39 145 2
39 147 2
39 155 2
39 157 2
39 159 2
39 161 2
39 162 2
39 167 2
39 169 2
39 170 2
39 171 2
39 172 2
39 173 2
39 177 2
39 189 2
39 190 2
39 201 2
39 209 2
39 212 2
39 213 2
39 218 2
39 219 2
39 221 2
39 232 2
39 233 2
39 239 2
39 240 2
39 241 2
39 247 2
39 250 2
39 261 2
39 269 2
39 270 2
39 273 2
40 133 2
40 136 2
40 169 2
41 62 2
44 92 2
45 48 2
45 57 2
46 85 2
46 90 2
46 107 2
46 143 2
46 202 2
46 232 2
47 257 2
48 52 2
48 64 2
48 143 2
48 161 2
48 200 2
48 270 2
51 97 2
51 205 2
51 253 2
53 97 2
54 126 2
54 129 2
54 172 2
54 183 2
54 193 2
55 248 2
56 90 2
56 136 2
58 246 2
60 97 2
61 132 2
61 236 2
61 252 2
62 67 2
62 101 2
62 123 2
62 124 2
62 194 2
62 195 2
62 199 2
62 235 2
62 252 2
63 87 2
63 143 2
63 250 2
63 253 2
64 143 2
65 117 2
66 120 2
66 145 2
67 143 2
67 213 2
68 98 2
68 167 2
69 236 2
70 143 2
71 133 2
72 114 2
72 145 2
72 167 2
72 218 2
73 180 2
74 84 2
74 215 2
79 194 2
80 198 2
81 114 2
81 148 2
82 137 2
82 143 2
82 240 2
83 143 2
83 189 2
84 95 2
84 221 2
84 230 2
84 257 2
86 251 2
87 136 2
88 230 2
88 246 2
89 99 2
89 251 2
90 146 2
90 239 2
91 137 2
91 143 2
91 156 2
91 185 2
91 186 2
91 247 2
92 143 2
92 197 2
92 274 2
93 145 2
93 255 2
94 119 2
94 157 2
94 218 2
96 137 2
96 143 2
96 154 2
97 103 2
98 114 2
98 167 2
100 177 2
101 143 2
101 195 2
101 231 2
101 255 2
103 185 2
104 143 2
106 222 2
107 143 2
107 155 2
108 213 2
111 143 2
112 182 2
112 225 2
112 230 2
112 268 2
114 143 2
114 148 2
114 216 2
114 217 2
114 228 2
115 143 2
116 178 2
116 241 2
118 143 2
119 134 2
119 266 2
122 208 2
122 234 2
124 195 2
124 258 2
124 263 2
125 143 2
126 263 2
127 200 2
128 238 2
128 275 2
129 145 2
129 161 2
129 181 2
129 241 2
130 143 2
131 143 2
132 143 2
132 186 2
132 210 2
132 228 2
132 272 2
133 250 2
134 145 2
135 152 2
135 269 2
137 143 2
139 143 2
139 185 2
139 215 2
141 143 2
142 143 2
142 203 2
142 234 2
142 260 2
143 151 2
143 152 2
143 160 2
143 162 2
143 166 2
143 169 2
143 178 2
143 183 2
143 186 2
143 188 2
143 190 2
143 195 2
143 199 2
143 205 2
143 214 2
143 215 2
143 216 2
143 222 2
143 228 2
143 232 2
143 233 2
143 235 2
143 237 2
143 239 2
143 240 2
143 241 2
143 244 2
143 246 2
143 249 2
143 256 2
143 261 2
143 266 2
145 172 2
145 263 2
148 228 2
151 248 2
152 188 2
155 172 2
157 181 2
157 250 2
162 185 2
166 274 2
169 198 2
169 250 2
170 181 2
171 184 2
174 198 2
176 272 2
180 224 2
183 191 2
188 193 2
189 197 2
199 259 2
200 231 2
200 251 2
212 272 2
218 274 2
222 230 2
240 251 2
241 248 2
250 251 2
251 256 2
252 274 2
256 274 2
50 95 2
235 267 2
234 298 2
25 231 2
1 84 2
163 275 2
143 250 2
39 229 2
47 195 2
75 205 2
39 266 2
93 99 2
109 186 2
143 145 2
230 299 2
14 20 2
54 166 2
39 192 2
139 229 2
73 253 2
124 143 2
116 188 2
54 203 2
92 296 2
84 194 2
165 256 2
218 294 2
50 128 2
62 91 2
39 225 2
22 240 2
39 80 2
39 235 2
12 158 2
165 218 2
34 210 2
166 222 2
143 189 2
45 195 2
4 98 2
126 195 2
57 142 2
143 243 2
34 121 2
39 53 2
106 235 2
123 143 2
169 256 2
143 192 2
143 293 2
34 98 2
7 196 2
39 163 2
40 147 2
71 82 2
84 205 2
34 241 2
102 169 2
143 236 2
11 34 2
4 143 2
222 242 2
143 179 2
36 48 2
124 222 2
7 145 2
143 300 2
34 80 2
7 84 2
143 286 2
54 94 2
32 97 2
231 272 2
54 241 2
186 223 2
42 98 2
108 266 2
34 130 2
39 143 2
172 215 2
149 167 2
13 34 2
108 286 2
58 250 2
66 143 2
3 161 2
37 143 2
167 269 2
215 294 2
43 173 2
47 201 2
163 194 2
164 251 2
143 170 2
13 216 2
62 278 2
48 234 2
41 107 2
86 233 2
71 122 2
73 172 2
195 246 2
30 36 2
128 205 2
39 275 2
165 179 2
95 255 2
143 171 2
129 187 2
39 146 2
178 293 2
69 93 2
143 187 2
18 128 2
39 264 2
42 272 2
39 61 2
5 55 2
34 265 2
34 149 2
63 274 2
114 276 2
147 299 2
252 272 2
121 135 2
243 296 2
34 110 2
96 182 2
45 143 2
91 171 2
98 186 2
154 209 2
39 70 2
183 251 2
39 130 2
167 277 2
6 39 2
143 289 2
203 250 2
14 74 2
41 59 2
77 132 2
175 218 2
1 94 2
107 281 2
99 140 2
12 286 2
80 143 2
171 177 2
156 251 2
14 284 2
97 154 2
71 230 2
39 148 2
34 216 2
61 243 2
83 107 2
72 143 2
97 165 2
7 302 2
99 143 2
63 77 2
42 48 2
19 39 2
78 98 2
127 144 2
95 300 2
141 294 2
124 138 2
10 188 2
114 213 2
23 25 2
62 230 2
215 234 2
39 286 2
28 62 2
62 234 2
179 243 2
135 238 2
124 188 2
143 193 2
82 178 2
41 111 2
50 143 2
97 143 2
82 167 2
33 135 2
61 108 2
34 256 2
80 92 2
169 267 2
27 92 2
39 268 2
85 143 2
143 201 2
38 98 2
73 136 2
124 243 2
119 169 2
10 39 2
39 285 2
143 191 2
54 222 2
82 140 2
21 72 2
5 63 2
22 286 2
7 189 2
216 274 2
34 44 2
62 116 2
145 297 2
251 255 2
154 270 2
21 162 2
5 259 2
39 301 2
39 256 2
143 263 2
195 257 2
18 274 2
148 184 2
46 212 2
36 217 2
47 61 2
39 122 2
39 158 2
54 285 2
9 234 2
51 218 2
167 194 2
93 143 2
77 143 2
14 51 2
62 196 2
39 282 2
34 250 2
21 204 2
113 256 2
44 143 2
189 204 2
29 178 2
34 50 2
120 216 2
88 218 2
154 240 2
108 288 2
51 81 2
38 93 2
39 197 2
143 185 2
254 270 2
67 224 2
46 208 2
34 188 2
82 176 2
147 250 2
69 280 2
255 275 2
36 143 2
39 242 2
143 204 2
227 247 2
85 126 2
39 284 2
124 217 2
94 143 2
39 289 2
116 168 2
39 134 2
88 143 2
112 278 2
21 276 2
65 94 2
62 96 2
148 230 2
91 175 2
126 154 2
36 269 2
114 202 2
14 173 2
119 143 2
39 302 2
169 231 2
96 211 2
39 78 2
45 253 2
28 237 2
39 57 2
216 249 2
240 278 2
21 179 2
63 292 2
39 115 2
235 272 2
41 247 2
40 170 2
57 107 2
40 143 2
44 46 2
168 251 2
124 252 2
27 145 2
28 130 2
82 109 2
135 209 2
115 217 2
34 62 2
39 164 2
34 139 2
122 236 2
39 86 2
109 289 2
90 159 2
101 156 2
226 302 2
220 274 2
213 290 2
40 227 2
162 298 2
39 58 2
167 220 2
62 127 2
39 90 2
69 186 2
40 167 2
5 271 2
6 34 2
26 72 2
183 234 2
39 244 2
1 189 2
98 159 2
143 198 2
91 226 2
46 301 2
166 295 2
39 111 2
143 163 2
95 126 2
28 193 2
39 236 2
34 266 2
54 87 2
41 143 2
61 150 2
255 287 2
140 184 2
39 271 2
95 124 2
55 272 2
34 295 2
16 169 2
48 226 2
39 296 2
13 190 2
64 222 2
19 34 2
192 296 2
39 109 2
18 120 2
152 214 2
105 236 2
34 293 2
143 149 2
48 248 2
83 282 2
55 167 2
94 246 2
5 12 2
27 167 2
82 134 2
39 195 2
143 156 2
131 216 2
34 190 2
90 202 2
14 104 2
201 263 2
28 57 2
159 263 2
100 143 2
169 254 2
195 273 2
39 254 2
24 80 2
46 119 2
34 146 2
182 248 2
34 116 2
108 233 2
123 282 2
98 127 2
153 192 2
97 256 2
39 193 2
222 234 2
39 210 2
50 188 2
84 245 2
241 254 2
143 279 2
189 215 2
205 216 2
17 39 2
269 284 2
169 246 2
116 150 2
62 179 2
92 189 2
12 143 2
34 298 2
72 116 2
148 265 2
56 143 2
99 148 2
34 68 2
53 218 2
84 256 2
126 255 2
100 274 2
6 97 2
274 291 2
143 207 2
143 287 2
34 282 2
183 189 2
127 143 2
95 279 2
42 143 2
39 62 2
21 27 2
90 154 2
48 197 2
41 274 2
108 256 2
68 132 2
62 108 2
157 223 2
106 203 2
62 267 2
226 273 2
48 274 2
143 213 2
43 218 2
172 190 2
41 72 2
54 206 2
47 85 2
93 270 2
97 132 2
9 241 2
3 13 2
39 272 2
22 131 2
39 251 2
39 295 2
51 143 2
176 236 2
72 287 2
143 301 2
46 71 2
95 143 2
104 107 2
34 177 2
14 191 2
81 103 2
34 119 2
84 204 2
39 166 2
21 92 2
129 195 2
7 131 2
225 234 2
39 260 2
36 61 2
143 157 2
12 281 2
24 43 2
62 227 2
33 283 2
176 273 2
7 176 2
114 137 2
34 228 2
248 272 2
216 248 2
34 51 2
92 287 2
21 77 2
8 230 2
167 226 2
94 195 2
4 94 2
225 230 2
113 214 2
143 155 2
73 91 2
39 165 2
39 87 2
143 225 2
6 131 2
143 147 2
62 112 2
34 238 2
39 230 2
81 170 2
39 226 2
132 222 2
52 204 2
124 147 2
159 252 2
18 75 2
100 141 2
34 272 2
20 139 2
143 211 2
143 295 2
132 144 2
39 283 2
35 64 2
