28 4880 1
28 4905 1
28 4906 1
29 350 1
29 350 1
29 911 1
60 151 1
62 63 1
62 63 1
62 63 1
62 151 1
62 158 1
63 151 1
63 158 1
145 148 1
145 149 1
145 153 1
145 153 1
145 154 1
145 154 1
145 154 1
145 154 1
145 154 1
145 154 1
145 154 1
145 154 1
145 154 1
145 154 1
145 154 1
145 154 1
145 154 1
145 154 1
145 156 1
145 156 1
145 156 1
145 156 1
145 158 1
145 159 1
145 159 1
145 159 1
145 159 1
145 159 1
145 159 1
145 160 1
145 160 1
145 160 1
145 162 1
145 162 1
145 219 1
145 3049 1
145 3049 1
145 3049 1
145 3299 1
145 3320 1
145 4009 1
145 4009 1
145 4009 1
145 4009 1
145 4009 1
145 4041 1
145 4041 1
145 4041 1
145 4042 1
145 4082 1
145 4082 1
145 4082 1
145 4096 1
145 4106 1
145 4124 1
145 4124 1
145 4124 1
145 4124 1
145 4125 1
145 4125 1
145 4125 1
145 4125 1
145 4125 1
145 4125 1
145 4125 1
145 4909 1
145 4909 1
146 3156 1
147 350 1
148 149 1
148 149 1
148 149 1
148 149 1
148 149 1
148 149 1
148 149 1
148 149 1
148 149 1
148 149 1
148 149 1
148 149 1
148 149 1
148 149 1
148 149 1
148 149 1
148 149 1
148 149 1
148 149 1
148 149 1
148 149 1
148 149 1
148 149 1
148 149 1
148 149 1
148 149 1
148 149 1
148 149 1
148 149 1
148 149 1
148 149 1
148 151 1
148 153 1
148 153 1
148 153 1
148 153 1
148 153 1
148 153 1
148 153 1
148 153 1
148 153 1
148 153 1
148 153 1
148 153 1
148 158 1
148 158 1
148 488 1
148 488 1
148 488 1
148 554 1
148 555 1
148 954 1
148 954 1
148 954 1
148 3076 1
148 3188 1
148 3188 1
148 3299 1
148 3320 1
148 3402 1
148 3442 1
148 3442 1
148 3944 1
148 3944 1
148 3952 1
148 4009 1
148 4082 1
148 4099 1
148 4106 1
148 4106 1
148 4155 1
148 4155 1
148 4156 1
148 4156 1
148 4156 1
148 4156 1
148 4156 1
148 4156 1
148 4163 1
148 4163 1
148 4166 1
148 4908 1
148 4908 1
148 4908 1
149 151 1
149 153 1
149 153 1
149 153 1
149 153 1
149 153 1
149 153 1
149 153 1
149 153 1
149 153 1
149 153 1
149 153 1
149 153 1
149 158 1
149 158 1
149 488 1
149 488 1
149 488 1
149 554 1
149 954 1
149 954 1
149 3076 1
149 3188 1
149 3299 1
149 3320 1
149 3402 1
149 3442 1
149 3944 1
149 3944 1
149 3952 1
149 4009 1
149 4082 1
149 4099 1
149 4106 1
149 4106 1
149 4155 1
149 4155 1
149 4156 1
149 4156 1
149 4156 1
149 4156 1
149 4156 1
149 4163 1
149 4163 1
149 4908 1
149 4908 1
151 158 1
153 154 1
153 158 1
153 158 1
153 488 1
153 488 1
153 954 1
153 3188 1
153 3290 1
153 3299 1
153 3320 1
153 3320 1
153 3320 1
153 3402 1
153 3944 1
153 3944 1
153 3952 1
153 4009 1
153 4082 1
153 4082 1
153 4099 1
153 4106 1
153 4106 1
153 4124 1
153 4156 1
153 4156 1
153 4163 1
154 156 1
154 156 1
154 156 1
154 156 1
154 159 1
154 159 1
154 159 1
154 159 1
154 159 1
154 159 1
154 160 1
154 160 1
154 160 1
154 160 1
154 162 1
154 162 1
154 3049 1
154 3049 1
154 3320 1
154 4009 1
154 4009 1
154 4009 1
154 4009 1
154 4009 1
154 4041 1
154 4041 1
154 4041 1
154 4082 1
154 4082 1
154 4082 1
154 4082 1
154 4082 1
154 4082 1
154 4098 1
154 4124 1
154 4124 1
154 4124 1
154 4124 1
154 4124 1
154 4125 1
154 4125 1
154 4125 1
154 4125 1
154 4125 1
154 4125 1
154 4126 1
154 4909 1
154 4909 1
154 4909 1
155 4102 1
155 4106 1
155 4107 1
156 159 1
156 159 1
156 159 1
156 159 1
156 160 1
156 160 1
156 160 1
156 160 1
156 162 1
156 162 1
156 219 1
156 4009 1
156 4009 1
156 4009 1
156 4041 1
156 4041 1
156 4082 1
156 4124 1
156 4124 1
156 4125 1
156 4126 1
156 4909 1
158 488 1
158 954 1
158 3188 1
158 3299 1
158 4106 1
158 4156 1
159 160 1
159 160 1
159 160 1
159 160 1
159 162 1
159 162 1
159 3049 1
159 4009 1
159 4009 1
159 4041 1
159 4042 1
159 4082 1
159 4124 1
159 4125 1
159 4125 1
159 4126 1
159 4909 1
160 162 1
160 162 1
160 4009 1
160 4009 1
160 4041 1
160 4082 1
160 4124 1
160 4124 1
160 4125 1
160 4909 1
161 4100 1
161 4909 1
162 4125 1
219 4009 1
219 4009 1
219 4041 1
219 4041 1
219 4041 1
219 4041 1
219 4041 1
219 4082 1
219 4082 1
219 4082 1
219 4098 1
219 4124 1
219 4880 1
219 4909 1
219 4909 1
220 776 1
220 778 1
220 779 1
220 780 1
220 783 1
220 892 1
220 3394 1
220 3395 1
220 3399 1
220 3400 1
220 3401 1
220 3402 1
220 3403 1
220 3404 1
220 3406 1
220 3409 1
220 3410 1
220 3424 1
344 4082 1
344 4904 1
344 4907 1
350 911 1
361 395 1
361 395 1
361 445 1
361 890 1
361 890 1
361 890 1
361 893 1
361 893 1
361 893 1
361 894 1
361 894 1
361 894 1
361 894 1
361 911 1
361 4922 1
395 445 1
395 890 1
395 893 1
395 893 1
395 894 1
395 894 1
395 911 1
395 911 1
395 4922 1
445 890 1
445 890 1
445 893 1
445 893 1
445 893 1
445 894 1
445 894 1
445 911 1
445 4922 1
450 773 1
488 954 1
488 3188 1
488 3944 1
488 4156 1
488 4156 1
488 4908 1
488 4908 1
552 3157 1
554 3156 1
554 3156 1
554 3156 1
554 3156 1
554 3156 1
773 777 1
773 784 1
773 785 1
773 3857 1
774 3156 1
776 778 1
776 779 1
776 779 1
776 779 1
776 780 1
776 783 1
776 783 1
776 789 1
776 892 1
776 892 1
777 784 1
777 785 1
778 779 1
778 779 1
778 780 1
778 780 1
778 783 1
778 892 1
778 892 1
778 4156 1
779 780 1
779 780 1
779 783 1
779 783 1
779 789 1
779 892 1
779 892 1
779 892 1
779 911 1
779 4156 1
780 783 1
780 892 1
780 892 1
780 892 1
780 4156 1
781 790 1
783 789 1
783 892 1
784 785 1
890 893 1
890 893 1
890 893 1
890 894 1
890 894 1
890 894 1
890 894 1
890 4922 1
891 893 1
892 4156 1
893 894 1
893 894 1
893 894 1
893 894 1
893 911 1
893 911 1
893 4922 1
894 911 1
894 4922 1
911 3930 1
911 3975 1
925 927 1
925 3556 1
925 3557 1
925 3557 1
925 3558 1
925 3592 1
925 3628 1
925 3954 1
927 3556 1
927 3557 1
927 3558 1
927 3954 1
928 3399 1
928 3932 1
928 3943 1
928 3944 1
928 3952 1
928 4173 1
954 3076 1
954 3188 1
954 3442 1
954 3442 1
954 3442 1
954 3442 1
954 3442 1
954 4155 1
954 4155 1
954 4155 1
954 4156 1
954 4156 1
954 4156 1
954 4156 1
954 4156 1
954 4164 1
954 4908 1
954 4908 1
3049 4125 1
3049 4125 1
3049 4125 1
3049 4880 1
3076 3442 1
3076 4155 1
3076 4156 1
3076 4908 1
3188 4156 1
3188 4166 1
3228 3394 1
3228 3399 1
3228 3399 1
3228 3399 1
3228 3399 1
3228 3400 1
3228 3400 1
3228 3400 1
3228 3400 1
3228 3401 1
3228 3401 1
3228 3401 1
3228 3401 1
3228 3402 1
3228 3403 1
3228 4405 1
3228 4405 1
3228 4405 1
3228 4405 1
3289 4880 1
3290 3291 1
3290 3320 1
3291 4100 1
3299 4106 1
3320 4009 1
3320 4082 1
3320 4124 1
3394 3395 1
3394 3395 1
3394 3399 1
3394 3399 1
3394 3399 1
3394 3399 1
3394 3399 1
3394 3400 1
3394 3400 1
3394 3400 1
3394 3400 1
3394 3400 1
3394 3400 1
3394 3400 1
3394 3401 1
3394 3401 1
3394 3401 1
3394 3401 1
3394 3401 1
3394 3402 1
3394 3402 1
3394 3402 1
3394 3402 1
3394 3403 1
3394 3403 1
3394 3404 1
3394 3404 1
3394 3406 1
3394 3409 1
3394 3410 1
3394 3424 1
3394 4405 1
3395 3399 1
3395 3399 1
3395 3400 1
3395 3400 1
3395 3400 1
3395 3401 1
3395 3401 1
3395 3401 1
3395 3402 1
3395 3403 1
3395 3403 1
3395 3403 1
3395 3404 1
3395 3404 1
3395 3406 1
3395 3406 1
3395 3409 1
3395 3410 1
3395 3424 1
3395 4405 1
3399 3400 1
3399 3400 1
3399 3400 1
3399 3400 1
3399 3400 1
3399 3400 1
3399 3400 1
3399 3400 1
3399 3400 1
3399 3400 1
3399 3400 1
3399 3400 1
3399 3400 1
3399 3400 1
3399 3400 1
3399 3401 1
3399 3401 1
3399 3401 1
3399 3401 1
3399 3401 1
3399 3401 1
3399 3401 1
3399 3401 1
3399 3401 1
3399 3402 1
3399 3402 1
3399 3403 1
3399 3403 1
3399 3403 1
3399 3403 1
3399 3404 1
3399 3404 1
3399 3405 1
3399 3406 1
3399 3409 1
3399 3409 1
3399 3410 1
3399 3424 1
3399 3932 1
3399 3943 1
3399 3944 1
3399 3952 1
3399 4173 1
3399 4405 1
3399 4405 1
3399 4405 1
3399 4405 1
3399 4405 1
3400 3401 1
3400 3401 1
3400 3401 1
3400 3401 1
3400 3401 1
3400 3401 1
3400 3401 1
3400 3401 1
3400 3401 1
3400 3401 1
3400 3401 1
3400 3401 1
3400 3401 1
3400 3402 1
3400 3402 1
3400 3402 1
3400 3403 1
3400 3403 1
3400 3403 1
3400 3403 1
3400 3403 1
3400 3403 1
3400 3403 1
3400 3403 1
3400 3403 1
3400 3403 1
3400 3404 1
3400 3404 1
3400 3404 1
3400 3404 1
3400 3405 1
3400 3405 1
3400 3406 1
3400 3409 1
3400 3409 1
3400 3409 1
3400 3410 1
3400 3424 1
3400 3424 1
3400 3424 1
3400 4405 1
3400 4405 1
3400 4405 1
3400 4405 1
3400 4405 1
3400 4405 1
3400 4405 1
3400 4405 1
3400 4405 1
3401 3402 1
3401 3402 1
3401 3402 1
3401 3403 1
3401 3403 1
3401 3403 1
3401 3403 1
3401 3403 1
3401 3404 1
3401 3404 1
3401 3404 1
3401 3406 1
3401 3409 1
3401 3410 1
3401 3424 1
3401 4405 1
3401 4405 1
3401 4405 1
3401 4405 1
3401 4405 1
3401 4405 1
3401 4405 1
3401 4405 1
3402 3403 1
3402 3404 1
3402 3406 1
3402 3409 1
3402 3410 1
3402 3424 1
3402 3451 1
3402 4156 1
3402 4163 1
3402 4405 1
3403 3404 1
3403 3404 1
3403 3404 1
3403 3404 1
3403 3405 1
3403 3405 1
3403 3405 1
3403 3406 1
3403 3409 1
3403 3409 1
3403 3409 1
3403 3409 1
3403 3410 1
3403 3424 1
3403 3424 1
3403 4374 1
3403 4376 1
3403 4405 1
3403 4405 1
3403 4405 1
3403 4405 1
3404 3406 1
3404 3409 1
3404 3409 1
3404 3410 1
3404 3424 1
3404 4405 1
3405 3409 1
3405 3409 1
3406 3409 1
3406 3410 1
3406 3424 1
3409 3410 1
3409 3424 1
3410 3424 1
3442 4155 1
3442 4155 1
3442 4155 1
3442 4155 1
3442 4155 1
3442 4156 1
3442 4156 1
3442 4156 1
3442 4156 1
3442 4156 1
3442 4156 1
3442 4164 1
3442 4908 1
3442 4908 1
3556 3557 1
3556 3557 1
3556 3558 1
3556 3954 1
3557 3558 1
3557 3558 1
3557 3592 1
3557 3593 1
3557 3628 1
3557 3954 1
3558 3593 1
3558 3954 1
3582 3589 1
3582 3844 1
3589 3590 1
3589 3844 1
3589 3844 1
3589 3844 1
3590 3844 1
3590 3844 1
3592 3628 1
3623 4638 1
3844 4173 1
3858 3931 1
3858 3974 1
3858 4638 1
3858 4807 1
3858 4917 1
3930 3931 1
3932 3943 1
3932 3944 1
3932 3952 1
3932 4173 1
3943 3944 1
3943 3952 1
3943 4173 1
3944 3945 1
3944 3952 1
3944 3952 1
3944 3952 1
3944 4173 1
3945 3951 1
3952 4173 1
3955 3975 1
4009 4041 1
4009 4041 1
4009 4041 1
4009 4041 1
4009 4041 1
4009 4041 1
4009 4041 1
4009 4042 1
4009 4042 1
4009 4082 1
4009 4082 1
4009 4082 1
4009 4082 1
4009 4082 1
4009 4082 1
4009 4082 1
4009 4098 1
4009 4099 1
4009 4124 1
4009 4124 1
4009 4124 1
4009 4909 1
4009 4909 1
4009 4909 1
4009 4909 1
4009 4909 1
4009 4909 1
4009 4909 1
4009 4909 1
4009 4909 1
4041 4042 1
4041 4042 1
4041 4042 1
4041 4042 1
4041 4042 1
4041 4042 1
4041 4082 1
4041 4082 1
4041 4082 1
4041 4082 1
4041 4082 1
4041 4082 1
4041 4082 1
4041 4082 1
4041 4082 1
4041 4082 1
4041 4098 1
4041 4098 1
4041 4098 1
4041 4099 1
4041 4109 1
4041 4124 1
4041 4124 1
4041 4124 1
4041 4880 1
4041 4905 1
4041 4905 1
4041 4905 1
4041 4905 1
4041 4906 1
4041 4906 1
4041 4906 1
4041 4906 1
4041 4906 1
4041 4907 1
4041 4907 1
4041 4908 1
4041 4909 1
4041 4909 1
4041 4909 1
4041 4909 1
4041 4909 1
4041 4910 1
4041 4910 1
4041 4911 1
4041 4911 1
4041 4914 1
4041 4915 1
4041 4918 1
4042 4082 1
4042 4082 1
4042 4880 1
4042 4905 1
4042 4906 1
4042 4907 1
4042 4908 1
4042 4909 1
4042 4910 1
4042 4918 1
4082 4098 1
4082 4099 1
4082 4099 1
4082 4100 1
4082 4100 1
4082 4124 1
4082 4124 1
4082 4904 1
4082 4905 1
4082 4906 1
4082 4906 1
4082 4907 1
4082 4907 1
4082 4909 1
4082 4909 1
4082 4909 1
4082 4909 1
4082 4911 1
4082 4911 1
4082 4918 1
4096 4125 1
4098 4124 1
4098 4905 1
4098 4906 1
4098 4909 1
4098 4914 1
4098 4915 1
4098 4922 1
4099 4100 1
4099 4909 1
4100 4909 1
4102 4106 1
4102 4107 1
4106 4107 1
4124 4125 1
4155 4156 1
4155 4156 1
4155 4156 1
4155 4156 1
4155 4156 1
4155 4156 1
4155 4164 1
4155 4908 1
4156 4163 1
4156 4163 1
4156 4164 1
4156 4164 1
4156 4908 1
4156 4908 1
4373 4374 1
4373 4374 1
4373 4376 1
4373 4376 1
4373 4376 1
4373 4379 1
4373 4528 1
4374 4375 1
4374 4376 1
4374 4376 1
4374 4376 1
4374 4379 1
4376 4379 1
4377 4405 1
4807 4917 1
4880 4905 1
4880 4906 1
4880 4907 1
4881 4905 1
4904 4907 1
4905 4906 1
4905 4906 1
4905 4906 1
4905 4906 1
4905 4906 1
4905 4906 1
4905 4906 1
4905 4906 1
4905 4906 1
4905 4907 1
4905 4908 1
4905 4908 1
4905 4908 1
4905 4908 1
4905 4908 1
4905 4910 1
4905 4910 1
4905 4910 1
4905 4910 1
4905 4911 1
4905 4914 1
4905 4915 1
4906 4907 1
4906 4908 1
4906 4908 1
4906 4908 1
4906 4908 1
4906 4908 1
4906 4910 1
4906 4910 1
4906 4910 1
4906 4910 1
4906 4911 1
4906 4914 1
4906 4915 1
4907 4911 1
4908 4910 1
4908 4910 1
4908 4910 1
4910 4914 1
4910 4915 1
4914 4915 1
4914 4922 1
4916 4917 1
4916 4920 1
4916 4923 1
4917 4920 1
4917 4923 1
4920 4923 1
