1 4051 1
12 20 1
12 20 1
12 20 1
12 29 1
12 29 1
12 447 1
16 4253 1
20 29 1
20 30 1
20 350 1
20 355 1
20 361 1
20 778 1
20 3658 1
20 4041 1
20 4041 1
20 4551 1
28 3231 1
28 4215 1
28 4880 1
28 4880 1
28 4881 1
28 4881 1
28 4905 1
28 4906 1
28 4908 1
29 30 1
29 778 1
30 361 1
30 3658 1
48 107 1
48 107 1
48 108 1
48 108 1
48 109 1
48 109 1
48 182 1
48 3052 1
59 60 1
59 61 1
59 62 1
59 62 1
59 62 1
59 63 1
59 158 1
59 158 1
59 165 1
59 176 1
60 61 1
60 61 1
60 61 1
60 61 1
60 61 1
60 61 1
60 61 1
60 61 1
60 61 1
60 62 1
60 62 1
60 62 1
60 62 1
60 62 1
60 62 1
60 62 1
60 63 1
60 63 1
60 63 1
60 63 1
60 64 1
60 64 1
60 64 1
60 64 1
60 64 1
60 64 1
60 64 1
60 64 1
60 64 1
60 107 1
60 108 1
60 145 1
60 148 1
60 148 1
60 149 1
60 149 1
60 151 1
60 151 1
60 152 1
60 153 1
60 153 1
60 158 1
60 158 1
60 158 1
60 166 1
60 167 1
60 172 1
60 172 1
60 176 1
60 176 1
60 186 1
60 186 1
60 220 1
60 221 1
60 350 1
60 354 1
60 445 1
60 899 1
60 3050 1
60 3050 1
60 3050 1
60 3051 1
60 3051 1
60 3051 1
60 3051 1
60 3273 1
60 3289 1
60 3289 1
60 3291 1
60 3299 1
60 3320 1
60 3321 1
60 4125 1
60 4236 1
61 62 1
61 62 1
61 62 1
61 62 1
61 62 1
61 62 1
61 62 1
61 63 1
61 63 1
61 63 1
61 63 1
61 64 1
61 64 1
61 64 1
61 64 1
61 64 1
61 64 1
61 108 1
61 145 1
61 148 1
61 149 1
61 151 1
61 151 1
61 152 1
61 153 1
61 153 1
61 158 1
61 158 1
61 158 1
61 166 1
61 167 1
61 172 1
61 172 1
61 176 1
61 176 1
61 186 1
61 186 1
61 220 1
61 221 1
61 350 1
61 354 1
61 445 1
61 899 1
61 3050 1
61 3051 1
61 3273 1
61 3291 1
61 3299 1
61 3320 1
61 3321 1
61 4125 1
61 4236 1
62 63 1
62 63 1
62 63 1
62 63 1
62 63 1
62 63 1
62 63 1
62 63 1
62 63 1
62 63 1
62 63 1
62 64 1
62 64 1
62 64 1
62 64 1
62 64 1
62 64 1
62 64 1
62 64 1
62 65 1
62 107 1
62 107 1
62 108 1
62 108 1
62 145 1
62 145 1
62 146 1
62 148 1
62 149 1
62 151 1
62 151 1
62 152 1
62 152 1
62 153 1
62 153 1
62 154 1
62 156 1
62 157 1
62 158 1
62 158 1
62 158 1
62 158 1
62 158 1
62 159 1
62 160 1
62 161 1
62 161 1
62 162 1
62 164 1
62 164 1
62 165 1
62 166 1
62 167 1
62 167 1
62 172 1
62 176 1
62 176 1
62 176 1
62 177 1
62 178 1
62 186 1
62 219 1
62 220 1
62 220 1
62 221 1
62 221 1
62 324 1
62 324 1
62 350 1
62 354 1
62 445 1
62 554 1
62 899 1
62 3049 1
62 3050 1
62 3273 1
62 3291 1
62 3299 1
62 3320 1
62 3321 1
62 4009 1
62 4010 1
62 4041 1
62 4042 1
62 4082 1
62 4109 1
62 4109 1
62 4125 1
62 4125 1
63 64 1
63 64 1
63 64 1
63 64 1
63 65 1
63 107 1
63 107 1
63 107 1
63 107 1
63 108 1
63 108 1
63 108 1
63 108 1
63 145 1
63 146 1
63 148 1
63 149 1
63 151 1
63 152 1
63 152 1
63 154 1
63 156 1
63 157 1
63 157 1
63 158 1
63 158 1
63 158 1
63 159 1
63 160 1
63 161 1
63 161 1
63 162 1
63 164 1
63 164 1
63 167 1
63 167 1
63 172 1
63 177 1
63 186 1
63 219 1
63 220 1
63 220 1
63 221 1
63 221 1
63 324 1
63 324 1
63 344 1
63 350 1
63 354 1
63 448 1
63 554 1
63 557 1
63 558 1
63 774 1
63 893 1
63 899 1
63 3049 1
63 3049 1
63 3050 1
63 3320 1
63 3321 1
63 3589 1
63 3844 1
63 4009 1
63 4010 1
63 4041 1
63 4042 1
63 4049 1
63 4082 1
63 4109 1
63 4109 1
63 4109 1
63 4109 1
63 4109 1
63 4125 1
64 107 1
64 108 1
64 145 1
64 148 1
64 148 1
64 149 1
64 149 1
64 151 1
64 151 1
64 153 1
64 153 1
64 158 1
64 158 1
64 158 1
64 166 1
64 172 1
64 172 1
64 176 1
64 176 1
64 178 1
64 186 1
64 186 1
64 350 1
64 354 1
64 445 1
64 899 1
64 3049 1
64 3049 1
64 3050 1
64 3050 1
64 3050 1
64 3050 1
64 3051 1
64 3051 1
64 3051 1
64 3051 1
64 3273 1
64 3289 1
64 3289 1
64 3290 1
64 3291 1
64 3291 1
64 3292 1
64 3299 1
64 3320 1
64 3321 1
64 4125 1
64 4125 1
64 4926 1
65 155 1
65 181 1
65 4033 1
107 108 1
107 108 1
107 108 1
107 108 1
107 108 1
107 108 1
107 108 1
107 109 1
107 109 1
107 182 1
107 220 1
107 324 1
107 324 1
107 344 1
107 557 1
107 558 1
107 3049 1
107 3051 1
107 3051 1
107 3051 1
107 4109 1
107 4109 1
107 4109 1
107 4109 1
108 109 1
108 109 1
108 175 1
108 182 1
108 182 1
108 220 1
108 221 1
108 324 1
108 324 1
108 344 1
108 557 1
108 557 1
108 558 1
108 558 1
108 3049 1
108 3050 1
108 3051 1
108 3051 1
108 4109 1
108 4109 1
108 4109 1
108 4109 1
109 182 1
145 148 1
145 149 1
145 151 1
145 153 1
145 154 1
145 154 1
145 154 1
145 154 1
145 154 1
145 154 1
145 154 1
145 154 1
145 154 1
145 154 1
145 154 1
145 154 1
145 154 1
145 154 1
145 154 1
145 154 1
145 154 1
145 154 1
145 154 1
145 154 1
145 154 1
145 154 1
145 154 1
145 154 1
145 154 1
145 155 1
145 156 1
145 156 1
145 156 1
145 156 1
145 156 1
145 156 1
145 156 1
145 156 1
145 156 1
145 156 1
145 156 1
145 156 1
145 156 1
145 156 1
145 156 1
145 156 1
145 156 1
145 156 1
145 156 1
145 156 1
145 156 1
145 158 1
145 158 1
145 159 1
145 159 1
145 159 1
145 159 1
145 159 1
145 159 1
145 159 1
145 159 1
145 159 1
145 159 1
145 159 1
145 159 1
145 159 1
145 159 1
145 159 1
145 159 1
145 159 1
145 159 1
145 159 1
145 159 1
145 159 1
145 159 1
145 159 1
145 160 1
145 160 1
145 160 1
145 160 1
145 160 1
145 160 1
145 160 1
145 160 1
145 160 1
145 160 1
145 160 1
145 160 1
145 160 1
145 160 1
145 160 1
145 160 1
145 161 1
145 161 1
145 161 1
145 161 1
145 161 1
145 161 1
145 161 1
145 161 1
145 162 1
145 162 1
145 162 1
145 162 1
145 162 1
145 162 1
145 162 1
145 162 1
145 162 1
145 162 1
145 166 1
145 169 1
145 169 1
145 169 1
145 169 1
145 169 1
145 170 1
145 170 1
145 170 1
145 170 1
145 170 1
145 170 1
145 170 1
145 170 1
145 170 1
145 173 1
145 173 1
145 173 1
145 173 1
145 173 1
145 173 1
145 174 1
145 174 1
145 174 1
145 174 1
145 174 1
145 176 1
145 178 1
145 180 1
145 180 1
145 181 1
145 181 1
145 183 1
145 183 1
145 183 1
145 189 1
145 189 1
145 190 1
145 190 1
145 193 1
145 193 1
145 195 1
145 219 1
145 296 1
145 364 1
145 364 1
145 364 1
145 364 1
145 364 1
145 364 1
145 364 1
145 364 1
145 364 1
145 364 1
145 364 1
145 364 1
145 364 1
145 365 1
145 365 1
145 365 1
145 365 1
145 365 1
145 365 1
145 365 1
145 365 1
145 365 1
145 365 1
145 3049 1
145 3049 1
145 3050 1
145 3291 1
145 3338 1
145 3338 1
145 3338 1
145 3338 1
145 3338 1
145 3338 1
145 3339 1
145 4003 1
145 4003 1
145 4003 1
145 4009 1
145 4009 1
145 4009 1
145 4009 1
145 4009 1
145 4009 1
145 4009 1
145 4010 1
145 4010 1
145 4010 1
145 4010 1
145 4010 1
145 4010 1
145 4011 1
145 4011 1
145 4013 1
145 4041 1
145 4041 1
145 4041 1
145 4041 1
145 4042 1
145 4042 1
145 4042 1
145 4043 1
145 4043 1
145 4043 1
145 4049 1
145 4049 1
145 4049 1
145 4049 1
145 4049 1
145 4071 1
145 4071 1
145 4072 1
145 4072 1
145 4072 1
145 4072 1
145 4082 1
145 4082 1
145 4082 1
145 4082 1
145 4082 1
145 4082 1
145 4082 1
145 4082 1
145 4083 1
145 4083 1
145 4089 1
145 4089 1
145 4089 1
145 4093 1
145 4093 1
145 4093 1
145 4093 1
145 4093 1
145 4093 1
145 4094 1
145 4094 1
145 4095 1
145 4096 1
145 4124 1
145 4125 1
145 4125 1
145 4125 1
145 4125 1
145 4125 1
145 4125 1
145 4125 1
145 4125 1
145 4125 1
145 4125 1
145 4125 1
145 4125 1
145 4125 1
145 4125 1
145 4126 1
145 4126 1
145 4126 1
145 4126 1
145 4126 1
145 4127 1
145 4127 1
145 4127 1
145 4130 1
145 4141 1
145 4151 1
145 4914 1
145 4914 1
145 4916 1
145 4917 1
145 4920 1
146 147 1
146 152 1
146 152 1
146 157 1
146 161 1
146 164 1
146 221 1
146 221 1
146 221 1
146 554 1
147 152 1
148 149 1
148 149 1
148 149 1
148 149 1
148 149 1
148 149 1
148 149 1
148 149 1
148 149 1
148 149 1
148 149 1
148 149 1
148 149 1
148 149 1
148 149 1
148 149 1
148 149 1
148 149 1
148 149 1
148 149 1
148 149 1
148 149 1
148 149 1
148 149 1
148 149 1
148 149 1
148 151 1
148 151 1
148 151 1
148 151 1
148 153 1
148 153 1
148 153 1
148 153 1
148 153 1
148 153 1
148 153 1
148 153 1
148 153 1
148 153 1
148 153 1
148 153 1
148 153 1
148 153 1
148 153 1
148 153 1
148 154 1
148 156 1
148 158 1
148 158 1
148 158 1
148 158 1
148 158 1
148 158 1
148 158 1
148 159 1
148 166 1
148 168 1
148 169 1
148 171 1
148 171 1
148 171 1
148 173 1
148 176 1
148 186 1
148 344 1
148 344 1
148 344 1
148 345 1
148 345 1
148 364 1
148 365 1
148 400 1
148 402 1
148 445 1
148 448 1
148 488 1
148 488 1
148 554 1
148 554 1
148 554 1
148 554 1
148 554 1
148 557 1
148 773 1
148 774 1
148 774 1
148 784 1
148 785 1
148 791 1
148 899 1
148 3049 1
148 3049 1
148 3050 1
148 3050 1
148 3050 1
148 3051 1
148 3051 1
148 3144 1
148 3150 1
148 3156 1
148 3156 1
148 3157 1
148 3158 1
148 3273 1
148 3273 1
148 3273 1
148 3289 1
148 3289 1
148 3290 1
148 3291 1
148 3298 1
148 3298 1
148 3298 1
148 3298 1
148 3299 1
148 3299 1
148 3299 1
148 3299 1
148 3300 1
148 3304 1
148 3304 1
148 3304 1
148 3320 1
148 3320 1
148 3320 1
148 3321 1
148 3321 1
148 3338 1
148 3411 1
148 3415 1
148 3582 1
148 3589 1
148 3589 1
148 3590 1
148 3844 1
148 3844 1
148 4009 1
148 4049 1
148 4049 1
148 4082 1
148 4106 1
148 4106 1
148 4126 1
148 4127 1
149 151 1
149 151 1
149 151 1
149 153 1
149 153 1
149 153 1
149 153 1
149 153 1
149 153 1
149 153 1
149 153 1
149 153 1
149 153 1
149 153 1
149 153 1
149 153 1
149 153 1
149 154 1
149 156 1
149 158 1
149 158 1
149 158 1
149 158 1
149 158 1
149 159 1
149 166 1
149 168 1
149 171 1
149 171 1
149 171 1
149 173 1
149 176 1
149 186 1
149 344 1
149 344 1
149 345 1
149 364 1
149 365 1
149 400 1
149 402 1
149 445 1
149 448 1
149 488 1
149 554 1
149 554 1
149 554 1
149 557 1
149 773 1
149 774 1
149 774 1
149 784 1
149 785 1
149 899 1
149 3049 1
149 3049 1
149 3050 1
149 3050 1
149 3050 1
149 3051 1
149 3051 1
149 3144 1
149 3150 1
149 3156 1
149 3156 1
149 3157 1
149 3158 1
149 3273 1
149 3273 1
149 3273 1
149 3289 1
149 3289 1
149 3290 1
149 3291 1
149 3298 1
149 3298 1
149 3298 1
149 3299 1
149 3299 1
149 3299 1
149 3300 1
149 3304 1
149 3304 1
149 3304 1
149 3320 1
149 3320 1
149 3320 1
149 3321 1
149 3321 1
149 3338 1
149 3415 1
149 3582 1
149 3589 1
149 3589 1
149 3590 1
149 3844 1
149 3844 1
149 4009 1
149 4049 1
149 4049 1
149 4082 1
149 4106 1
149 4106 1
149 4126 1
149 4127 1
151 153 1
151 153 1
151 153 1
151 153 1
151 153 1
151 153 1
151 158 1
151 158 1
151 158 1
151 158 1
151 158 1
151 158 1
151 158 1
151 163 1
151 163 1
151 163 1
151 165 1
151 166 1
151 166 1
151 166 1
151 171 1
151 171 1
151 172 1
151 172 1
151 176 1
151 176 1
151 185 1
151 186 1
151 186 1
151 350 1
151 354 1
151 791 1
151 3087 1
151 3291 1
151 3291 1
151 3298 1
151 3298 1
151 3299 1
151 3299 1
151 3299 1
151 3301 1
151 3301 1
151 3302 1
151 3411 1
151 4125 1
152 157 1
152 157 1
152 161 1
152 164 1
152 167 1
152 167 1
152 220 1
152 220 1
152 221 1
152 221 1
152 221 1
152 221 1
152 221 1
152 554 1
153 158 1
153 158 1
153 158 1
153 158 1
153 158 1
153 158 1
153 158 1
153 163 1
153 163 1
153 165 1
153 166 1
153 166 1
153 166 1
153 166 1
153 168 1
153 171 1
153 171 1
153 171 1
153 171 1
153 171 1
153 171 1
153 172 1
153 176 1
153 176 1
153 176 1
153 185 1
153 186 1
153 400 1
153 445 1
153 488 1
153 488 1
153 488 1
153 791 1
153 791 1
153 791 1
153 791 1
153 899 1
153 3081 1
153 3087 1
153 3150 1
153 3188 1
153 3273 1
153 3273 1
153 3291 1
153 3298 1
153 3298 1
153 3298 1
153 3298 1
153 3298 1
153 3298 1
153 3299 1
153 3299 1
153 3299 1
153 3299 1
153 3299 1
153 3299 1
153 3299 1
153 3299 1
153 3300 1
153 3301 1
153 3301 1
153 3302 1
153 3304 1
153 3304 1
153 3304 1
153 3320 1
153 3320 1
153 3321 1
153 3339 1
153 3411 1
153 3411 1
153 3411 1
153 3415 1
153 3582 1
153 3589 1
153 3590 1
153 3844 1
153 4125 1
154 155 1
154 156 1
154 156 1
154 156 1
154 156 1
154 156 1
154 156 1
154 156 1
154 156 1
154 156 1
154 156 1
154 156 1
154 156 1
154 156 1
154 156 1
154 156 1
154 156 1
154 156 1
154 156 1
154 156 1
154 156 1
154 156 1
154 156 1
154 156 1
154 156 1
154 156 1
154 156 1
154 158 1
154 159 1
154 159 1
154 159 1
154 159 1
154 159 1
154 159 1
154 159 1
154 159 1
154 159 1
154 159 1
154 159 1
154 159 1
154 159 1
154 159 1
154 159 1
154 159 1
154 159 1
154 159 1
154 159 1
154 159 1
154 159 1
154 159 1
154 159 1
154 159 1
154 159 1
154 159 1
154 159 1
154 159 1
154 159 1
154 159 1
154 159 1
154 159 1
154 159 1
154 159 1
154 159 1
154 159 1
154 160 1
154 160 1
154 160 1
154 160 1
154 160 1
154 160 1
154 160 1
154 160 1
154 160 1
154 160 1
154 160 1
154 160 1
154 160 1
154 160 1
154 160 1
154 160 1
154 160 1
154 160 1
154 160 1
154 160 1
154 160 1
154 161 1
154 161 1
154 161 1
154 161 1
154 161 1
154 161 1
154 161 1
154 161 1
154 162 1
154 162 1
154 162 1
154 162 1
154 162 1
154 162 1
154 162 1
154 162 1
154 162 1
154 162 1
154 162 1
154 162 1
154 162 1
154 169 1
154 169 1
154 170 1
154 170 1
154 170 1
154 170 1
154 170 1
154 170 1
154 170 1
154 173 1
154 173 1
154 173 1
154 173 1
154 173 1
154 173 1
154 173 1
154 174 1
154 174 1
154 174 1
154 174 1
154 174 1
154 174 1
154 174 1
154 174 1
154 178 1
154 181 1
154 181 1
154 183 1
154 183 1
154 189 1
154 189 1
154 190 1
154 193 1
154 197 1
154 219 1
154 296 1
154 364 1
154 364 1
154 364 1
154 364 1
154 364 1
154 364 1
154 364 1
154 364 1
154 364 1
154 364 1
154 364 1
154 365 1
154 365 1
154 365 1
154 365 1
154 365 1
154 365 1
154 365 1
154 365 1
154 537 1
154 537 1
154 537 1
154 559 1
154 559 1
154 3049 1
154 3050 1
154 3338 1
154 3338 1
154 3338 1
154 3338 1
154 3338 1
154 3338 1
154 3338 1
154 3338 1
154 3338 1
154 3339 1
154 3836 1
154 4003 1
154 4003 1
154 4003 1
154 4009 1
154 4009 1
154 4009 1
154 4009 1
154 4009 1
154 4009 1
154 4009 1
154 4009 1
154 4009 1
154 4009 1
154 4009 1
154 4009 1
154 4010 1
154 4010 1
154 4010 1
154 4010 1
154 4010 1
154 4010 1
154 4010 1
154 4010 1
154 4010 1
154 4011 1
154 4011 1
154 4011 1
154 4012 1
154 4012 1
154 4013 1
154 4041 1
154 4041 1
154 4041 1
154 4041 1
154 4042 1
154 4042 1
154 4042 1
154 4043 1
154 4043 1
154 4043 1
154 4049 1
154 4049 1
154 4049 1
154 4050 1
154 4050 1
154 4070 1
154 4070 1
154 4071 1
154 4071 1
154 4072 1
154 4072 1
154 4072 1
154 4072 1
154 4082 1
154 4082 1
154 4082 1
154 4082 1
154 4082 1
154 4082 1
154 4082 1
154 4082 1
154 4082 1
154 4082 1
154 4083 1
154 4089 1
154 4089 1
154 4093 1
154 4093 1
154 4093 1
154 4094 1
154 4094 1
154 4094 1
154 4095 1
154 4096 1
154 4100 1
154 4124 1
154 4124 1
154 4125 1
154 4125 1
154 4125 1
154 4125 1
154 4125 1
154 4125 1
154 4125 1
154 4125 1
154 4126 1
154 4126 1
154 4126 1
154 4126 1
154 4126 1
154 4126 1
154 4126 1
154 4126 1
154 4127 1
154 4127 1
154 4127 1
154 4127 1
154 4127 1
154 4130 1
154 4141 1
154 4151 1
154 4151 1
154 4151 1
154 4152 1
154 4905 1
154 4906 1
154 4908 1
154 4909 1
154 4914 1
155 181 1
155 181 1
155 189 1
155 189 1
155 189 1
155 193 1
155 193 1
155 200 1
155 219 1
155 296 1
155 364 1
155 364 1
155 364 1
155 365 1
155 365 1
155 365 1
155 3289 1
155 4009 1
155 4033 1
155 4041 1
155 4043 1
155 4043 1
155 4061 1
155 4082 1
155 4083 1
155 4093 1
155 4094 1
155 4094 1
155 4094 1
155 4096 1
155 4108 1
155 4110 1
155 4125 1
155 4130 1
155 4130 1
155 4208 1
155 4236 1
155 4880 1
155 4881 1
155 4916 1
155 4917 1
155 4928 1
155 4934 1
155 4936 1
155 4937 1
155 4944 1
156 158 1
156 159 1
156 159 1
156 159 1
156 159 1
156 159 1
156 159 1
156 159 1
156 159 1
156 159 1
156 159 1
156 159 1
156 159 1
156 159 1
156 159 1
156 159 1
156 159 1
156 159 1
156 159 1
156 159 1
156 159 1
156 159 1
156 159 1
156 159 1
156 159 1
156 159 1
156 159 1
156 160 1
156 160 1
156 160 1
156 160 1
156 160 1
156 160 1
156 160 1
156 160 1
156 160 1
156 160 1
156 160 1
156 160 1
156 160 1
156 160 1
156 160 1
156 160 1
156 160 1
156 160 1
156 160 1
156 161 1
156 161 1
156 161 1
156 161 1
156 161 1
156 161 1
156 161 1
156 161 1
156 161 1
156 162 1
156 162 1
156 162 1
156 162 1
156 162 1
156 162 1
156 162 1
156 162 1
156 162 1
156 162 1
156 162 1
156 162 1
156 169 1
156 169 1
156 169 1
156 170 1
156 170 1
156 170 1
156 170 1
156 170 1
156 170 1
156 170 1
156 170 1
156 173 1
156 173 1
156 173 1
156 173 1
156 173 1
156 173 1
156 173 1
156 174 1
156 174 1
156 174 1
156 174 1
156 174 1
156 174 1
156 174 1
156 178 1
156 179 1
156 181 1
156 183 1
156 183 1
156 189 1
156 190 1
156 197 1
156 219 1
156 296 1
156 349 1
156 364 1
156 364 1
156 364 1
156 364 1
156 364 1
156 364 1
156 364 1
156 364 1
156 364 1
156 364 1
156 365 1
156 365 1
156 365 1
156 365 1
156 365 1
156 365 1
156 365 1
156 537 1
156 3049 1
156 3338 1
156 3338 1
156 3338 1
156 3338 1
156 3338 1
156 3338 1
156 3338 1
156 3338 1
156 3338 1
156 3339 1
156 4003 1
156 4003 1
156 4003 1
156 4009 1
156 4009 1
156 4009 1
156 4009 1
156 4009 1
156 4009 1
156 4009 1
156 4009 1
156 4009 1
156 4009 1
156 4009 1
156 4010 1
156 4010 1
156 4010 1
156 4010 1
156 4010 1
156 4010 1
156 4010 1
156 4010 1
156 4011 1
156 4011 1
156 4013 1
156 4041 1
156 4041 1
156 4041 1
156 4041 1
156 4042 1
156 4042 1
156 4043 1
156 4043 1
156 4049 1
156 4049 1
156 4049 1
156 4049 1
156 4070 1
156 4071 1
156 4071 1
156 4072 1
156 4072 1
156 4072 1
156 4072 1
156 4082 1
156 4082 1
156 4082 1
156 4082 1
156 4082 1
156 4082 1
156 4082 1
156 4082 1
156 4089 1
156 4093 1
156 4093 1
156 4093 1
156 4094 1
156 4094 1
156 4095 1
156 4100 1
156 4124 1
156 4124 1
156 4125 1
156 4125 1
156 4125 1
156 4125 1
156 4125 1
156 4125 1
156 4126 1
156 4126 1
156 4126 1
156 4126 1
156 4126 1
156 4126 1
156 4126 1
156 4126 1
156 4127 1
156 4127 1
156 4127 1
156 4127 1
156 4127 1
156 4141 1
156 4151 1
156 4151 1
156 4151 1
156 4914 1
156 4914 1
157 161 1
157 164 1
157 167 1
157 220 1
157 221 1
157 221 1
157 554 1
157 4109 1
158 159 1
158 160 1
158 161 1
158 162 1
158 163 1
158 165 1
158 165 1
158 165 1
158 166 1
158 166 1
158 170 1
158 171 1
158 171 1
158 171 1
158 172 1
158 172 1
158 172 1
158 176 1
158 176 1
158 176 1
158 176 1
158 185 1
158 186 1
158 186 1
158 186 1
158 219 1
158 344 1
158 345 1
158 350 1
158 354 1
158 448 1
158 554 1
158 554 1
158 774 1
158 791 1
158 3049 1
158 3081 1
158 3087 1
158 3290 1
158 3291 1
158 3291 1
158 3291 1
158 3291 1
158 3292 1
158 3298 1
158 3299 1
158 3299 1
158 3301 1
158 3304 1
158 3320 1
158 3321 1
158 3411 1
158 3589 1
158 3844 1
158 4009 1
158 4010 1
158 4041 1
158 4042 1
158 4049 1
158 4082 1
158 4125 1
158 4926 1
159 160 1
159 160 1
159 160 1
159 160 1
159 160 1
159 160 1
159 160 1
159 160 1
159 160 1
159 160 1
159 160 1
159 160 1
159 160 1
159 160 1
159 160 1
159 160 1
159 160 1
159 160 1
159 160 1
159 160 1
159 160 1
159 160 1
159 160 1
159 161 1
159 161 1
159 161 1
159 161 1
159 161 1
159 161 1
159 161 1
159 161 1
159 161 1
159 161 1
159 162 1
159 162 1
159 162 1
159 162 1
159 162 1
159 162 1
159 162 1
159 162 1
159 162 1
159 162 1
159 162 1
159 162 1
159 162 1
159 169 1
159 169 1
159 170 1
159 170 1
159 170 1
159 170 1
159 170 1
159 170 1
159 170 1
159 170 1
159 173 1
159 173 1
159 173 1
159 173 1
159 173 1
159 173 1
159 173 1
159 174 1
159 174 1
159 174 1
159 174 1
159 174 1
159 174 1
159 178 1
159 181 1
159 183 1
159 183 1
159 189 1
159 190 1
159 197 1
159 219 1
159 296 1
159 364 1
159 364 1
159 364 1
159 364 1
159 364 1
159 364 1
159 364 1
159 364 1
159 364 1
159 365 1
159 365 1
159 365 1
159 365 1
159 365 1
159 365 1
159 365 1
159 537 1
159 537 1
159 537 1
159 537 1
159 559 1
159 559 1
159 3049 1
159 3050 1
159 3338 1
159 3338 1
159 3338 1
159 3338 1
159 3338 1
159 3338 1
159 3338 1
159 3338 1
159 3338 1
159 3339 1
159 3836 1
159 4003 1
159 4003 1
159 4003 1
159 4009 1
159 4009 1
159 4009 1
159 4009 1
159 4009 1
159 4009 1
159 4009 1
159 4009 1
159 4009 1
159 4009 1
159 4010 1
159 4010 1
159 4010 1
159 4010 1
159 4010 1
159 4010 1
159 4010 1
159 4010 1
159 4010 1
159 4011 1
159 4011 1
159 4013 1
159 4041 1
159 4041 1
159 4041 1
159 4041 1
159 4042 1
159 4042 1
159 4042 1
159 4043 1
159 4043 1
159 4049 1
159 4049 1
159 4049 1
159 4070 1
159 4071 1
159 4071 1
159 4072 1
159 4072 1
159 4072 1
159 4082 1
159 4082 1
159 4082 1
159 4082 1
159 4082 1
159 4082 1
159 4082 1
159 4082 1
159 4082 1
159 4082 1
159 4089 1
159 4089 1
159 4089 1
159 4093 1
159 4093 1
159 4094 1
159 4094 1
159 4095 1
159 4100 1
159 4124 1
159 4124 1
159 4125 1
159 4125 1
159 4125 1
159 4125 1
159 4125 1
159 4125 1
159 4125 1
159 4126 1
159 4126 1
159 4126 1
159 4126 1
159 4126 1
159 4126 1
159 4126 1
159 4126 1
159 4127 1
159 4127 1
159 4127 1
159 4127 1
159 4127 1
159 4141 1
159 4151 1
159 4151 1
159 4151 1
159 4905 1
159 4906 1
159 4908 1
159 4909 1
159 4914 1
159 4914 1
160 161 1
160 161 1
160 161 1
160 161 1
160 161 1
160 161 1
160 161 1
160 161 1
160 162 1
160 162 1
160 162 1
160 162 1
160 162 1
160 162 1
160 162 1
160 162 1
160 162 1
160 169 1
160 169 1
160 170 1
160 170 1
160 170 1
160 170 1
160 170 1
160 170 1
160 170 1
160 170 1
160 173 1
160 173 1
160 174 1
160 174 1
160 178 1
160 183 1
160 197 1
160 219 1
160 364 1
160 364 1
160 364 1
160 364 1
160 364 1
160 365 1
160 365 1
160 365 1
160 537 1
160 3338 1
160 3338 1
160 3338 1
160 3338 1
160 3338 1
160 3338 1
160 3339 1
160 4003 1
160 4003 1
160 4009 1
160 4009 1
160 4009 1
160 4009 1
160 4009 1
160 4010 1
160 4010 1
160 4010 1
160 4010 1
160 4010 1
160 4010 1
160 4011 1
160 4041 1
160 4041 1
160 4042 1
160 4042 1
160 4043 1
160 4049 1
160 4049 1
160 4071 1
160 4071 1
160 4072 1
160 4072 1
160 4082 1
160 4082 1
160 4082 1
160 4082 1
160 4082 1
160 4089 1
160 4093 1
160 4093 1
160 4094 1
160 4100 1
160 4124 1
160 4125 1
160 4125 1
160 4125 1
160 4125 1
160 4125 1
160 4126 1
160 4126 1
160 4126 1
160 4126 1
160 4127 1
160 4127 1
160 4141 1
160 4151 1
160 4914 1
160 4914 1
161 162 1
161 162 1
161 162 1
161 162 1
161 162 1
161 162 1
161 164 1
161 169 1
161 169 1
161 169 1
161 169 1
161 170 1
161 170 1
161 170 1
161 170 1
161 170 1
161 173 1
161 173 1
161 174 1
161 174 1
161 174 1
161 180 1
161 197 1
161 219 1
161 221 1
161 364 1
161 364 1
161 364 1
161 364 1
161 364 1
161 365 1
161 365 1
161 365 1
161 365 1
161 537 1
161 554 1
161 3049 1
161 3338 1
161 3338 1
161 3338 1
161 4003 1
161 4003 1
161 4009 1
161 4009 1
161 4010 1
161 4010 1
161 4010 1
161 4010 1
161 4011 1
161 4041 1
161 4042 1
161 4049 1
161 4049 1
161 4049 1
161 4049 1
161 4071 1
161 4072 1
161 4072 1
161 4082 1
161 4082 1
161 4082 1
161 4082 1
161 4082 1
161 4082 1
161 4089 1
161 4089 1
161 4093 1
161 4093 1
161 4093 1
161 4094 1
161 4124 1
161 4125 1
161 4125 1
161 4125 1
161 4126 1
161 4126 1
161 4127 1
162 169 1
162 170 1
162 170 1
162 170 1
162 170 1
162 173 1
162 173 1
162 173 1
162 173 1
162 173 1
162 174 1
162 174 1
162 174 1
162 174 1
162 178 1
162 181 1
162 183 1
162 183 1
162 189 1
162 190 1
162 219 1
162 296 1
162 364 1
162 364 1
162 364 1
162 364 1
162 364 1
162 365 1
162 365 1
162 365 1
162 365 1
162 365 1
162 3338 1
162 3338 1
162 3338 1
162 3338 1
162 3338 1
162 3338 1
162 3339 1
162 4003 1
162 4003 1
162 4009 1
162 4009 1
162 4009 1
162 4009 1
162 4009 1
162 4010 1
162 4010 1
162 4010 1
162 4010 1
162 4010 1
162 4010 1
162 4011 1
162 4013 1
162 4041 1
162 4041 1
162 4041 1
162 4041 1
162 4042 1
162 4042 1
162 4043 1
162 4043 1
162 4049 1
162 4071 1
162 4071 1
162 4072 1
162 4072 1
162 4082 1
162 4082 1
162 4082 1
162 4082 1
162 4082 1
162 4082 1
162 4082 1
162 4089 1
162 4093 1
162 4093 1
162 4094 1
162 4094 1
162 4095 1
162 4124 1
162 4124 1
162 4125 1
162 4125 1
162 4126 1
162 4126 1
162 4126 1
162 4126 1
162 4126 1
162 4126 1
162 4127 1
162 4127 1
162 4127 1
162 4127 1
162 4141 1
163 165 1
163 166 1
163 166 1
163 171 1
163 171 1
163 172 1
163 176 1
163 185 1
163 186 1
163 3087 1
163 3298 1
163 3299 1
163 3299 1
163 3301 1
163 3301 1
163 3302 1
164 167 1
164 177 1
164 221 1
164 554 1
165 166 1
165 171 1
165 172 1
165 176 1
165 176 1
165 185 1
165 3087 1
165 3299 1
165 3301 1
166 171 1
166 171 1
166 171 1
166 172 1
166 176 1
166 176 1
166 185 1
166 186 1
166 400 1
166 3087 1
166 3291 1
166 3298 1
166 3298 1
166 3299 1
166 3299 1
166 3299 1
166 3301 1
166 3301 1
166 3302 1
166 3304 1
166 3415 1
166 4125 1
167 177 1
167 177 1
167 179 1
167 179 1
167 220 1
167 220 1
167 221 1
167 221 1
167 221 1
167 296 1
167 324 1
167 4932 1
167 4932 1
168 554 1
168 3156 1
168 3338 1
169 170 1
169 170 1
169 173 1
169 174 1
169 174 1
169 180 1
169 344 1
169 345 1
169 364 1
169 364 1
169 364 1
169 364 1
169 365 1
169 365 1
169 365 1
169 554 1
169 3049 1
169 3338 1
169 4003 1
169 4003 1
169 4010 1
169 4010 1
169 4011 1
169 4049 1
169 4049 1
169 4049 1
169 4049 1
169 4071 1
169 4072 1
169 4082 1
169 4089 1
169 4093 1
169 4093 1
169 4124 1
169 4125 1
170 173 1
170 173 1
170 174 1
170 174 1
170 178 1
170 180 1
170 183 1
170 183 1
170 190 1
170 193 1
170 195 1
170 364 1
170 364 1
170 364 1
170 364 1
170 364 1
170 365 1
170 365 1
170 365 1
170 3338 1
170 3338 1
170 3338 1
170 3338 1
170 4003 1
170 4003 1
170 4010 1
170 4010 1
170 4010 1
170 4011 1
170 4043 1
170 4049 1
170 4049 1
170 4071 1
170 4071 1
170 4072 1
170 4072 1
170 4082 1
170 4082 1
170 4083 1
170 4089 1
170 4093 1
170 4093 1
170 4124 1
170 4125 1
170 4125 1
170 4125 1
170 4125 1
170 4126 1
170 4126 1
170 4126 1
170 4127 1
170 4141 1
170 4141 1
170 4906 1
170 4914 1
171 172 1
171 176 1
171 185 1
171 186 1
171 186 1
171 344 1
171 345 1
171 400 1
171 488 1
171 554 1
171 3087 1
171 3298 1
171 3298 1
171 3298 1
171 3299 1
171 3299 1
171 3299 1
171 3299 1
171 3300 1
171 3301 1
171 3301 1
171 3302 1
171 3304 1
171 3304 1
171 3304 1
171 3415 1
171 4639 1
172 176 1
172 185 1
172 186 1
172 186 1
172 350 1
172 354 1
172 3299 1
172 3301 1
173 174 1
173 174 1
173 174 1
173 174 1
173 174 1
173 174 1
173 181 1
173 183 1
173 189 1
173 190 1
173 296 1
173 364 1
173 364 1
173 364 1
173 364 1
173 365 1
173 365 1
173 365 1
173 365 1
173 365 1
173 365 1
173 3338 1
173 3338 1
173 3338 1
173 4003 1
173 4003 1
173 4009 1
173 4009 1
173 4009 1
173 4009 1
173 4010 1
173 4010 1
173 4010 1
173 4010 1
173 4010 1
173 4010 1
173 4010 1
173 4011 1
173 4011 1
173 4013 1
173 4041 1
173 4041 1
173 4043 1
173 4049 1
173 4049 1
173 4071 1
173 4072 1
173 4072 1
173 4072 1
173 4072 1
173 4072 1
173 4082 1
173 4082 1
173 4082 1
173 4082 1
173 4083 1
173 4089 1
173 4094 1
173 4095 1
173 4124 1
173 4124 1
173 4125 1
173 4126 1
173 4126 1
173 4126 1
173 4127 1
173 4127 1
173 4127 1
173 4128 1
173 4914 1
174 181 1
174 183 1
174 189 1
174 190 1
174 296 1
174 364 1
174 364 1
174 364 1
174 364 1
174 364 1
174 365 1
174 365 1
174 365 1
174 365 1
174 365 1
174 3338 1
174 4003 1
174 4003 1
174 4003 1
174 4009 1
174 4009 1
174 4009 1
174 4010 1
174 4010 1
174 4010 1
174 4010 1
174 4010 1
174 4010 1
174 4011 1
174 4011 1
174 4012 1
174 4013 1
174 4041 1
174 4043 1
174 4049 1
174 4049 1
174 4050 1
174 4071 1
174 4072 1
174 4072 1
174 4072 1
174 4072 1
174 4082 1
174 4082 1
174 4083 1
174 4089 1
174 4094 1
174 4095 1
174 4124 1
174 4126 1
174 4127 1
174 4128 1
174 4152 1
175 182 1
175 221 1
176 185 1
176 189 1
176 445 1
176 899 1
176 3050 1
176 3273 1
176 3290 1
176 3291 1
176 3291 1
176 3292 1
176 3299 1
176 3299 1
176 3301 1
176 3307 1
176 3320 1
176 3321 1
176 4125 1
176 4932 1
176 4945 1
177 221 1
178 183 1
178 364 1
178 365 1
178 3338 1
178 4043 1
178 4071 1
178 4093 1
178 4126 1
178 4127 1
179 296 1
179 324 1
179 349 1
179 350 1
179 365 1
179 787 1
179 787 1
179 3049 1
179 3289 1
179 3290 1
179 3290 1
179 3290 1
179 3291 1
179 4093 1
179 4880 1
179 4905 1
179 4906 1
179 4908 1
179 4922 1
179 4932 1
179 4932 1
179 4932 1
179 4939 1
180 183 1
180 190 1
180 193 1
180 195 1
180 364 1
180 364 1
180 365 1
180 365 1
180 4049 1
180 4083 1
180 4093 1
180 4093 1
181 183 1
181 189 1
181 189 1
181 189 1
181 190 1
181 193 1
181 193 1
181 200 1
181 296 1
181 296 1
181 364 1
181 364 1
181 364 1
181 365 1
181 365 1
181 365 1
181 4009 1
181 4009 1
181 4041 1
181 4043 1
181 4043 1
181 4043 1
181 4083 1
181 4093 1
181 4094 1
181 4094 1
181 4094 1
181 4095 1
181 4096 1
181 4125 1
181 4130 1
181 4130 1
181 4208 1
182 221 1
183 189 1
183 190 1
183 190 1
183 193 1
183 195 1
183 296 1
183 364 1
183 364 1
183 364 1
183 365 1
183 365 1
183 365 1
183 3338 1
183 4009 1
183 4041 1
183 4043 1
183 4043 1
183 4071 1
183 4083 1
183 4093 1
183 4093 1
183 4094 1
183 4095 1
183 4126 1
183 4127 1
185 3299 1
185 3301 1
186 344 1
186 345 1
186 350 1
186 354 1
186 554 1
186 554 1
186 3049 1
186 3087 1
186 3144 1
186 3290 1
186 3291 1
186 3292 1
186 3298 1
186 3299 1
186 3301 1
186 3302 1
186 4926 1
188 4106 1
189 190 1
189 193 1
189 193 1
189 200 1
189 296 1
189 296 1
189 364 1
189 364 1
189 364 1
189 365 1
189 365 1
189 365 1
189 3307 1
189 3338 1
189 4009 1
189 4009 1
189 4041 1
189 4043 1
189 4043 1
189 4043 1
189 4083 1
189 4093 1
189 4094 1
189 4094 1
189 4094 1
189 4095 1
189 4096 1
189 4125 1
189 4126 1
189 4127 1
189 4130 1
189 4130 1
189 4208 1
189 4932 1
189 4945 1
190 193 1
190 195 1
190 296 1
190 364 1
190 364 1
190 365 1
190 365 1
190 4009 1
190 4041 1
190 4043 1
190 4083 1
190 4093 1
190 4094 1
190 4095 1
193 195 1
193 200 1
193 296 1
193 364 1
193 364 1
193 364 1
193 364 1
193 365 1
193 365 1
193 365 1
193 365 1
193 4009 1
193 4043 1
193 4043 1
193 4083 1
193 4083 1
193 4093 1
193 4093 1
193 4093 1
193 4094 1
193 4094 1
193 4096 1
193 4096 1
193 4125 1
193 4130 1
193 4130 1
193 4208 1
195 364 1
195 365 1
195 4083 1
195 4093 1
197 537 1
197 3338 1
200 296 1
200 364 1
200 365 1
200 4009 1
200 4043 1
200 4094 1
200 4130 1
200 4208 1
219 296 1
219 296 1
219 296 1
219 364 1
219 365 1
219 365 1
219 4009 1
219 4009 1
219 4009 1
219 4009 1
219 4010 1
219 4041 1
219 4042 1
219 4061 1
219 4082 1
219 4094 1
219 4103 1
219 4236 1
219 4904 1
219 4909 1
219 4911 1
219 4911 1
219 4920 1
219 4928 1
220 221 1
220 221 1
220 323 1
220 323 1
220 323 1
220 323 1
220 324 1
220 447 1
220 488 1
220 877 1
220 877 1
220 877 1
220 930 1
220 954 1
220 954 1
220 954 1
220 955 1
220 3076 1
220 3076 1
220 3144 1
220 3151 1
220 3158 1
220 3228 1
220 3373 1
220 3394 1
220 3395 1
220 3395 1
220 3395 1
220 3396 1
220 3396 1
220 3396 1
220 3397 1
220 3397 1
220 3397 1
220 3397 1
220 3399 1
220 3399 1
220 3399 1
220 3399 1
220 3400 1
220 3400 1
220 3400 1
220 3400 1
220 3400 1
220 3400 1
220 3400 1
220 3400 1
220 3400 1
220 3400 1
220 3400 1
220 3400 1
220 3400 1
220 3402 1
220 3402 1
220 3402 1
220 3402 1
220 3403 1
220 3403 1
220 3403 1
220 3403 1
220 3403 1
220 3403 1
220 3403 1
220 3404 1
220 3404 1
220 3404 1
220 3405 1
220 3405 1
220 3405 1
220 3406 1
220 3406 1
220 3406 1
220 3407 1
220 3408 1
220 3408 1
220 3409 1
220 3409 1
220 3409 1
220 3409 1
220 3409 1
220 3409 1
220 3409 1
220 3409 1
220 3410 1
220 3410 1
220 3424 1
220 3424 1
220 3439 1
220 3439 1
220 3440 1
220 3442 1
220 3442 1
220 4109 1
220 4187 1
220 4405 1
220 4405 1
220 4539 1
221 554 1
296 324 1
296 364 1
296 364 1
296 364 1
296 365 1
296 365 1
296 365 1
296 365 1
296 4009 1
296 4009 1
296 4009 1
296 4009 1
296 4009 1
296 4009 1
296 4041 1
296 4041 1
296 4041 1
296 4042 1
296 4043 1
296 4043 1
296 4094 1
296 4094 1
296 4094 1
296 4095 1
296 4095 1
296 4130 1
296 4208 1
296 4909 1
296 4909 1
296 4911 1
296 4911 1
296 4918 1
296 4918 1
296 4932 1
323 3395 1
323 3396 1
323 3396 1
323 3396 1
323 3399 1
323 3399 1
323 3400 1
323 3400 1
323 3400 1
323 3400 1
323 3400 1
323 3403 1
323 3403 1
323 3404 1
323 3404 1
323 3405 1
323 3406 1
323 3407 1
323 3408 1
323 3409 1
323 3409 1
323 3410 1
323 3424 1
323 3440 1
323 4539 1
324 4109 1
324 4109 1
324 4932 1
325 3290 1
325 3307 1
325 4113 1
344 345 1
344 345 1
344 345 1
344 345 1
344 345 1
344 554 1
344 554 1
344 554 1
344 554 1
344 554 1
344 3156 1
344 3157 1
344 3158 1
344 4109 1
345 554 1
345 554 1
345 554 1
345 554 1
349 350 1
349 350 1
349 352 1
349 352 1
349 354 1
349 354 1
349 355 1
349 356 1
349 357 1
350 352 1
350 352 1
350 352 1
350 354 1
350 354 1
350 354 1
350 354 1
350 354 1
350 354 1
350 355 1
350 356 1
350 357 1
350 787 1
350 4550 1
350 4880 1
350 4905 1
350 4906 1
350 4908 1
350 4922 1
352 354 1
352 354 1
352 354 1
352 355 1
352 356 1
352 357 1
354 355 1
354 356 1
354 357 1
355 356 1
355 357 1
355 4551 1
356 357 1
361 395 1
361 395 1
361 447 1
361 449 1
361 778 1
361 890 1
361 890 1
361 891 1
361 891 1
361 892 1
361 893 1
361 893 1
361 893 1
361 894 1
361 894 1
361 895 1
361 896 1
361 897 1
361 898 1
361 898 1
361 899 1
361 899 1
361 900 1
361 911 1
361 3658 1
364 365 1
364 365 1
364 365 1
364 365 1
364 365 1
364 365 1
364 365 1
364 365 1
364 365 1
364 365 1
364 365 1
364 365 1
364 365 1
364 365 1
364 365 1
364 365 1
364 365 1
364 537 1
364 559 1
364 3049 1
364 3338 1
364 3338 1
364 3338 1
364 3622 1
364 3623 1
364 3835 1
364 3836 1
364 3836 1
364 3859 1
364 3919 1
364 4003 1
364 4003 1
364 4003 1
364 4009 1
364 4009 1
364 4009 1
364 4010 1
364 4010 1
364 4010 1
364 4011 1
364 4013 1
364 4041 1
364 4041 1
364 4041 1
364 4042 1
364 4043 1
364 4043 1
364 4043 1
364 4043 1
364 4049 1
364 4049 1
364 4049 1
364 4049 1
364 4049 1
364 4061 1
364 4071 1
364 4071 1
364 4072 1
364 4072 1
364 4082 1
364 4082 1
364 4082 1
364 4083 1
364 4083 1
364 4089 1
364 4093 1
364 4093 1
364 4093 1
364 4093 1
364 4093 1
364 4093 1
364 4093 1
364 4093 1
364 4094 1
364 4094 1
364 4094 1
364 4094 1
364 4094 1
364 4094 1
364 4095 1
364 4095 1
364 4096 1
364 4096 1
364 4124 1
364 4125 1
364 4125 1
364 4126 1
364 4126 1
364 4127 1
364 4127 1
364 4130 1
364 4130 1
364 4205 1
364 4208 1
364 4209 1
364 4219 1
364 4236 1
364 4236 1
364 4918 1
364 4928 1
365 537 1
365 559 1
365 3049 1
365 3338 1
365 3338 1
365 3338 1
365 3622 1
365 3623 1
365 3835 1
365 3836 1
365 3836 1
365 3859 1
365 3919 1
365 4003 1
365 4003 1
365 4009 1
365 4009 1
365 4009 1
365 4009 1
365 4010 1
365 4010 1
365 4010 1
365 4010 1
365 4011 1
365 4013 1
365 4041 1
365 4041 1
365 4042 1
365 4043 1
365 4043 1
365 4043 1
365 4043 1
365 4049 1
365 4049 1
365 4049 1
365 4049 1
365 4061 1
365 4071 1
365 4071 1
365 4072 1
365 4072 1
365 4082 1
365 4082 1
365 4082 1
365 4083 1
365 4083 1
365 4083 1
365 4089 1
365 4093 1
365 4093 1
365 4093 1
365 4093 1
365 4093 1
365 4093 1
365 4093 1
365 4093 1
365 4093 1
365 4094 1
365 4094 1
365 4094 1
365 4094 1
365 4094 1
365 4094 1
365 4095 1
365 4095 1
365 4096 1
365 4096 1
365 4124 1
365 4125 1
365 4125 1
365 4126 1
365 4126 1
365 4127 1
365 4127 1
365 4128 1
365 4130 1
365 4130 1
365 4208 1
365 4219 1
365 4236 1
365 4918 1
365 4928 1
383 397 1
383 445 1
383 447 1
383 893 1
383 911 1
383 3274 1
395 445 1
395 445 1
395 447 1
395 447 1
395 447 1
395 449 1
395 454 1
395 778 1
395 778 1
395 890 1
395 890 1
395 891 1
395 891 1
395 892 1
395 892 1
395 893 1
395 893 1
395 893 1
395 893 1
395 893 1
395 894 1
395 895 1
395 896 1
395 896 1
395 897 1
395 898 1
395 898 1
395 899 1
395 899 1
395 899 1
395 900 1
395 911 1
395 911 1
395 911 1
395 911 1
395 927 1
395 928 1
395 954 1
395 3171 1
395 3320 1
395 3442 1
395 3878 1
395 3933 1
395 3934 1
395 3943 1
395 3945 1
395 3951 1
395 3951 1
395 3951 1
395 3952 1
395 3953 1
395 3954 1
395 3955 1
395 3956 1
395 3957 1
395 3958 1
395 3959 1
395 3960 1
395 3961 1
395 3962 1
395 3963 1
395 3964 1
395 3965 1
395 3966 1
395 3967 1
395 3968 1
395 4156 1
396 397 1
396 3969 1
397 445 1
397 445 1
397 893 1
397 911 1
397 3274 1
397 3969 1
397 3969 1
397 3982 1
398 3921 1
400 445 1
400 448 1
400 455 1
400 455 1
400 457 1
400 554 1
400 557 1
400 558 1
400 560 1
400 562 1
400 773 1
400 774 1
400 774 1
400 776 1
400 779 1
400 789 1
400 791 1
400 797 1
400 934 1
400 934 1
400 3021 1
400 3086 1
400 3188 1
400 3190 1
400 3298 1
400 3298 1
400 3299 1
400 3300 1
400 3303 1
400 3304 1
400 3305 1
400 3306 1
400 3306 1
400 3308 1
400 3411 1
400 3415 1
400 3415 1
400 3589 1
400 3626 1
400 3857 1
400 3980 1
400 3981 1
400 4167 1
402 557 1
402 773 1
402 774 1
402 784 1
402 785 1
419 958 1
419 3188 1
419 3190 1
428 449 1
428 927 1
428 928 1
428 3171 1
428 3961 1
428 3963 1
445 447 1
445 447 1
445 448 1
445 448 1
445 448 1
445 449 1
445 454 1
445 455 1
445 774 1
445 774 1
445 776 1
445 779 1
445 789 1
445 893 1
445 893 1
445 893 1
445 893 1
445 893 1
445 893 1
445 894 1
445 899 1
445 911 1
445 911 1
445 911 1
445 911 1
445 934 1
445 3188 1
445 3273 1
445 3274 1
445 3299 1
445 3320 1
445 3321 1
445 3589 1
445 3858 1
445 3937 1
445 3969 1
445 3973 1
445 3975 1
445 3980 1
445 3980 1
445 3981 1
445 3981 1
446 457 1
446 553 1
446 556 1
446 562 1
446 877 1
447 448 1
447 448 1
447 454 1
447 454 1
447 778 1
447 877 1
447 892 1
447 893 1
447 894 1
447 911 1
447 911 1
447 911 1
447 3320 1
447 3400 1
447 3951 1
447 3951 1
448 449 1
448 455 1
448 455 1
448 455 1
448 455 1
448 455 1
448 455 1
448 455 1
448 488 1
448 774 1
448 774 1
448 774 1
448 774 1
448 774 1
448 774 1
448 774 1
448 774 1
448 774 1
448 774 1
448 774 1
448 774 1
448 774 1
448 776 1
448 776 1
448 776 1
448 779 1
448 779 1
448 779 1
448 779 1
448 780 1
448 781 1
448 783 1
448 789 1
448 789 1
448 789 1
448 789 1
448 789 1
448 789 1
448 789 1
448 789 1
448 790 1
448 792 1
448 792 1
448 792 1
448 794 1
448 797 1
448 927 1
448 934 1
448 954 1
448 3086 1
448 3171 1
448 3188 1
448 3300 1
448 3320 1
448 3321 1
448 3337 1
448 3340 1
448 3411 1
448 3589 1
448 3589 1
448 3844 1
448 3951 1
448 3963 1
448 3980 1
448 3980 1
448 3981 1
448 3981 1
448 3981 1
448 4049 1
448 4167 1
449 454 1
449 454 1
449 488 1
449 488 1
449 490 1
449 774 1
449 774 1
449 778 1
449 789 1
449 793 1
449 793 1
449 793 1
449 793 1
449 793 1
449 793 1
449 890 1
449 891 1
449 892 1
449 893 1
449 894 1
449 894 1
449 895 1
449 896 1
449 897 1
449 898 1
449 899 1
449 900 1
449 911 1
449 911 1
449 911 1
449 927 1
449 927 1
449 927 1
449 927 1
449 927 1
449 928 1
449 928 1
449 928 1
449 930 1
449 954 1
449 954 1
449 3086 1
449 3150 1
449 3150 1
449 3171 1
449 3171 1
449 3171 1
449 3171 1
449 3171 1
449 3172 1
449 3300 1
449 3930 1
449 3932 1
449 3934 1
449 3943 1
449 3944 1
449 3944 1
449 3951 1
449 3951 1
449 3951 1
449 3954 1
449 3954 1
449 3961 1
449 3961 1
449 3963 1
449 3963 1
449 3963 1
449 3963 1
449 3963 1
449 3964 1
449 3965 1
449 3975 1
449 3981 1
449 4163 1
450 557 1
450 788 1
451 452 1
451 3858 1
452 3858 1
452 3858 1
452 4215 1
452 4777 1
453 3983 1
453 3984 1
454 894 1
454 895 1
454 895 1
454 911 1
454 911 1
454 911 1
454 911 1
454 3951 1
454 3951 1
454 3965 1
454 3965 1
454 3965 1
454 3967 1
455 457 1
455 554 1
455 557 1
455 558 1
455 562 1
455 773 1
455 774 1
455 774 1
455 774 1
455 774 1
455 774 1
455 774 1
455 774 1
455 774 1
455 774 1
455 774 1
455 776 1
455 776 1
455 776 1
455 777 1
455 779 1
455 779 1
455 779 1
455 779 1
455 780 1
455 780 1
455 781 1
455 783 1
455 783 1
455 789 1
455 789 1
455 789 1
455 789 1
455 789 1
455 790 1
455 792 1
455 792 1
455 792 1
455 794 1
455 797 1
455 797 1
455 934 1
455 3188 1
455 3337 1
455 3340 1
455 3589 1
455 3616 1
455 3857 1
455 3980 1
455 3980 1
455 3981 1
455 3981 1
456 3944 1
456 3981 1
457 553 1
457 554 1
457 556 1
457 557 1
457 558 1
457 562 1
457 562 1
457 773 1
457 774 1
457 797 1
457 877 1
457 3857 1
488 553 1
488 557 1
488 558 1
488 774 1
488 774 1
488 789 1
488 791 1
488 793 1
488 877 1
488 927 1
488 927 1
488 954 1
488 954 1
488 954 1
488 954 1
488 955 1
488 3086 1
488 3086 1
488 3150 1
488 3151 1
488 3171 1
488 3171 1
488 3187 1
488 3188 1
488 3300 1
488 3373 1
488 3395 1
488 3395 1
488 3397 1
488 3583 1
488 3589 1
488 3590 1
488 3591 1
488 3844 1
488 3930 1
488 3932 1
488 3943 1
488 3944 1
488 3944 1
488 3945 1
488 3951 1
488 3952 1
488 3963 1
488 3976 1
488 3981 1
488 4639 1
488 4639 1
490 566 1
490 793 1
537 559 1
537 559 1
537 559 1
537 559 1
537 3338 1
537 3836 1
537 3836 1
537 3836 1
537 3836 1
553 556 1
553 557 1
553 558 1
553 562 1
553 877 1
554 557 1
554 558 1
554 562 1
554 773 1
554 774 1
554 797 1
554 3144 1
554 3144 1
554 3144 1
554 3156 1
554 3156 1
554 3156 1
554 3156 1
554 3156 1
554 3156 1
554 3157 1
554 3158 1
554 3857 1
554 4915 1
556 562 1
556 877 1
556 877 1
556 3956 1
557 558 1
557 558 1
557 558 1
557 558 1
557 558 1
557 558 1
557 558 1
557 558 1
557 562 1
557 773 1
557 773 1
557 773 1
557 773 1
557 773 1
557 774 1
557 774 1
557 774 1
557 784 1
557 784 1
557 785 1
557 788 1
557 791 1
557 797 1
557 3411 1
557 3857 1
557 3857 1
557 3857 1
557 3857 1
557 4109 1
558 562 1
558 773 1
558 773 1
558 773 1
558 773 1
558 774 1
558 774 1
558 784 1
558 791 1
558 797 1
558 3411 1
558 3616 1
558 3857 1
558 3857 1
558 3857 1
558 3857 1
558 3858 1
558 4109 1
559 3836 1
559 3836 1
559 3836 1
560 791 1
560 934 1
560 958 1
560 3021 1
560 3150 1
560 3150 1
560 3150 1
560 3190 1
560 3300 1
560 3303 1
560 3411 1
560 3415 1
560 3626 1
560 3944 1
560 3944 1
560 3944 1
562 773 1
562 774 1
562 797 1
562 877 1
562 3857 1
730 934 1
730 954 1
730 954 1
730 3086 1
730 3150 1
730 3150 1
730 3188 1
730 3188 1
730 3300 1
730 3411 1
730 3589 1
730 3590 1
730 3844 1
730 4156 1
730 4156 1
732 3406 1
732 3408 1
732 3444 1
773 774 1
773 774 1
773 774 1
773 784 1
773 784 1
773 784 1
773 785 1
773 791 1
773 797 1
773 3411 1
773 3857 1
773 3857 1
773 3857 1
774 776 1
774 776 1
774 776 1
774 776 1
774 777 1
774 779 1
774 779 1
774 779 1
774 779 1
774 779 1
774 779 1
774 780 1
774 780 1
774 781 1
774 783 1
774 783 1
774 784 1
774 784 1
774 785 1
774 789 1
774 789 1
774 789 1
774 789 1
774 789 1
774 789 1
774 789 1
774 789 1
774 791 1
774 792 1
774 792 1
774 792 1
774 793 1
774 797 1
774 797 1
774 927 1
774 934 1
774 954 1
774 954 1
774 3086 1
774 3171 1
774 3188 1
774 3300 1
774 3320 1
774 3321 1
774 3337 1
774 3340 1
774 3411 1
774 3589 1
774 3589 1
774 3616 1
774 3844 1
774 3857 1
774 3937 1
774 3951 1
774 3963 1
774 3980 1
774 3980 1
774 3980 1
774 3981 1
774 3981 1
774 3981 1
774 3981 1
774 4049 1
775 786 1
775 786 1
775 795 1
776 777 1
776 779 1
776 779 1
776 779 1
776 779 1
776 780 1
776 780 1
776 781 1
776 781 1
776 783 1
776 783 1
776 783 1
776 789 1
776 789 1
776 789 1
776 789 1
776 792 1
776 797 1
776 934 1
776 3188 1
776 3589 1
776 3616 1
776 3980 1
776 3981 1
777 779 1
777 780 1
777 783 1
777 3616 1
778 890 1
778 891 1
778 892 1
778 892 1
778 893 1
778 894 1
778 895 1
778 896 1
778 897 1
778 898 1
778 899 1
778 900 1
778 3320 1
779 780 1
779 781 1
779 783 1
779 783 1
779 789 1
779 789 1
779 789 1
779 789 1
779 792 1
779 797 1
779 934 1
779 3188 1
779 3589 1
779 3616 1
779 3980 1
779 3980 1
779 3981 1
779 3981 1
780 781 1
780 783 1
780 783 1
780 789 1
780 789 1
780 792 1
780 3616 1
781 783 1
781 783 1
781 789 1
781 789 1
781 790 1
781 792 1
781 794 1
781 797 1
782 789 1
783 789 1
783 789 1
783 792 1
783 797 1
783 934 1
783 3616 1
784 785 1
784 789 1
784 791 1
784 3411 1
786 795 1
787 3290 1
787 3320 1
787 3321 1
787 4100 1
787 4111 1
787 4112 1
787 4880 1
787 4905 1
787 4905 1
787 4906 1
787 4906 1
787 4906 1
787 4906 1
787 4908 1
787 4910 1
787 4915 1
787 4922 1
787 4929 1
787 4939 1
787 4940 1
787 4940 1
787 4941 1
787 4942 1
789 792 1
789 792 1
789 792 1
789 797 1
789 927 1
789 934 1
789 954 1
789 3171 1
789 3188 1
789 3300 1
789 3589 1
789 3951 1
789 3963 1
789 3980 1
789 3980 1
789 3980 1
789 3981 1
789 3981 1
789 3981 1
790 794 1
790 3591 1
790 3751 1
790 3931 1
791 934 1
791 934 1
791 934 1
791 954 1
791 3021 1
791 3188 1
791 3188 1
791 3188 1
791 3188 1
791 3188 1
791 3189 1
791 3189 1
791 3190 1
791 3190 1
791 3298 1
791 3299 1
791 3299 1
791 3299 1
791 3300 1
791 3300 1
791 3300 1
791 3300 1
791 3300 1
791 3303 1
791 3363 1
791 3411 1
791 3411 1
791 3411 1
791 3411 1
791 3411 1
791 3411 1
791 3411 1
791 3411 1
791 3415 1
791 3415 1
791 3446 1
791 3626 1
791 3752 1
791 4155 1
791 4156 1
792 797 1
793 911 1
793 911 1
793 927 1
793 928 1
793 954 1
793 3086 1
793 3150 1
793 3171 1
793 3172 1
793 3930 1
793 3934 1
793 3943 1
793 3944 1
793 3951 1
793 3954 1
793 3963 1
793 3964 1
793 3975 1
793 4163 1
797 3857 1
877 927 1
877 3157 1
877 3171 1
877 3400 1
877 3930 1
877 3956 1
877 3956 1
877 4254 1
877 4639 1
890 891 1
890 891 1
890 892 1
890 893 1
890 893 1
890 894 1
890 895 1
890 896 1
890 897 1
890 898 1
890 898 1
890 899 1
890 899 1
890 900 1
891 892 1
891 893 1
891 893 1
891 894 1
891 895 1
891 896 1
891 897 1
891 898 1
891 898 1
891 899 1
891 899 1
891 900 1
892 893 1
892 894 1
892 895 1
892 896 1
892 897 1
892 898 1
892 899 1
892 900 1
892 3320 1
893 894 1
893 894 1
893 894 1
893 895 1
893 896 1
893 896 1
893 897 1
893 898 1
893 898 1
893 899 1
893 899 1
893 899 1
893 899 1
893 900 1
893 911 1
893 911 1
893 911 1
893 911 1
893 3274 1
893 3858 1
893 3973 1
893 3975 1
894 895 1
894 896 1
894 896 1
894 897 1
894 898 1
894 899 1
894 900 1
894 911 1
894 911 1
894 911 1
894 3985 1
895 896 1
895 897 1
895 898 1
895 899 1
895 900 1
895 3965 1
895 3965 1
895 3967 1
896 897 1
896 898 1
896 899 1
896 900 1
896 911 1
896 911 1
896 927 1
896 928 1
896 3171 1
896 3878 1
896 3933 1
896 3934 1
896 3943 1
896 3945 1
896 3951 1
896 3952 1
896 3953 1
896 3954 1
896 3955 1
896 3956 1
896 3957 1
896 3958 1
896 3959 1
896 3960 1
896 3961 1
896 3962 1
896 3963 1
896 3964 1
896 3965 1
896 3966 1
896 3967 1
896 3968 1
897 898 1
897 899 1
897 900 1
898 899 1
898 899 1
898 900 1
899 900 1
899 3273 1
899 3299 1
899 3320 1
899 3321 1
911 927 1
911 928 1
911 3150 1
911 3171 1
911 3274 1
911 3878 1
911 3930 1
911 3933 1
911 3934 1
911 3943 1
911 3945 1
911 3951 1
911 3951 1
911 3951 1
911 3952 1
911 3953 1
911 3954 1
911 3955 1
911 3956 1
911 3957 1
911 3958 1
911 3959 1
911 3960 1
911 3961 1
911 3962 1
911 3963 1
911 3964 1
911 3965 1
911 3966 1
911 3967 1
911 3968 1
911 4163 1
925 929 1
925 3556 1
925 3557 1
925 3557 1
925 3558 1
925 3559 1
925 3577 1
925 3577 1
925 3592 1
925 3592 1
925 3593 1
925 3593 1
925 3628 1
925 3628 1
926 930 1
926 930 1
927 928 1
927 928 1
927 928 1
927 928 1
927 928 1
927 954 1
927 3171 1
927 3171 1
927 3171 1
927 3171 1
927 3171 1
927 3171 1
927 3171 1
927 3171 1
927 3171 1
927 3172 1
927 3300 1
927 3878 1
927 3930 1
927 3933 1
927 3933 1
927 3934 1
927 3934 1
927 3934 1
927 3943 1
927 3943 1
927 3945 1
927 3951 1
927 3951 1
927 3951 1
927 3951 1
927 3951 1
927 3952 1
927 3952 1
927 3953 1
927 3954 1
927 3954 1
927 3954 1
927 3954 1
927 3955 1
927 3956 1
927 3957 1
927 3957 1
927 3958 1
927 3959 1
927 3960 1
927 3961 1
927 3961 1
927 3962 1
927 3963 1
927 3963 1
927 3963 1
927 3963 1
927 3963 1
927 3963 1
927 3963 1
927 3964 1
927 3964 1
927 3965 1
927 3966 1
927 3967 1
927 3968 1
927 3973 1
927 3977 1
927 3981 1
927 4639 1
928 3171 1
928 3171 1
928 3171 1
928 3171 1
928 3171 1
928 3172 1
928 3878 1
928 3933 1
928 3933 1
928 3934 1
928 3934 1
928 3934 1
928 3943 1
928 3943 1
928 3945 1
928 3951 1
928 3951 1
928 3952 1
928 3952 1
928 3953 1
928 3954 1
928 3954 1
928 3955 1
928 3956 1
928 3957 1
928 3957 1
928 3958 1
928 3959 1
928 3960 1
928 3961 1
928 3961 1
928 3962 1
928 3963 1
928 3963 1
928 3963 1
928 3963 1
928 3963 1
928 3964 1
928 3964 1
928 3965 1
928 3966 1
928 3967 1
928 3968 1
928 3973 1
928 3977 1
929 931 1
929 3556 1
929 3556 1
929 3556 1
929 3557 1
929 3557 1
929 3557 1
929 3558 1
929 3558 1
929 3559 1
929 3559 1
929 3559 1
929 3577 1
929 3577 1
929 3592 1
929 3592 1
929 3592 1
929 3593 1
929 3593 1
929 3593 1
929 3628 1
929 3628 1
929 3628 1
929 3864 1
929 3864 1
929 4641 1
929 4641 1
934 954 1
934 3021 1
934 3086 1
934 3150 1
934 3188 1
934 3188 1
934 3188 1
934 3189 1
934 3190 1
934 3190 1
934 3300 1
934 3300 1
934 3300 1
934 3300 1
934 3300 1
934 3300 1
934 3300 1
934 3302 1
934 3302 1
934 3303 1
934 3411 1
934 3411 1
934 3411 1
934 3411 1
934 3411 1
934 3411 1
934 3411 1
934 3412 1
934 3415 1
934 3589 1
934 3589 1
934 3590 1
934 3626 1
934 3626 1
934 3844 1
934 3980 1
934 3981 1
934 4156 1
954 955 1
954 3076 1
954 3076 1
954 3076 1
954 3086 1
954 3086 1
954 3150 1
954 3150 1
954 3150 1
954 3151 1
954 3171 1
954 3188 1
954 3188 1
954 3188 1
954 3188 1
954 3300 1
954 3300 1
954 3373 1
954 3395 1
954 3395 1
954 3397 1
954 3397 1
954 3397 1
954 3402 1
954 3402 1
954 3406 1
954 3406 1
954 3408 1
954 3408 1
954 3410 1
954 3410 1
954 3411 1
954 3411 1
954 3415 1
954 3439 1
954 3439 1
954 3442 1
954 3442 1
954 3442 1
954 3442 1
954 3442 1
954 3442 1
954 3446 1
954 3589 1
954 3590 1
954 3752 1
954 3844 1
954 3951 1
954 3963 1
954 3981 1
954 4155 1
954 4155 1
954 4156 1
954 4156 1
954 4156 1
954 4156 1
954 4156 1
954 4156 1
954 4156 1
954 4156 1
954 4156 1
954 4173 1
955 3150 1
955 3151 1
955 3373 1
955 3397 1
955 4168 1
958 3150 1
958 3188 1
958 3190 1
3021 3190 1
3021 3300 1
3021 3303 1
3021 3411 1
3021 3415 1
3021 3626 1
3049 3050 1
3049 3050 1
3049 3050 1
3049 3050 1
3049 3050 1
3049 3050 1
3049 3051 1
3049 3273 1
3049 3290 1
3049 3290 1
3049 3290 1
3049 3291 1
3049 3292 1
3049 4049 1
3049 4093 1
3049 4106 1
3049 4106 1
3049 4113 1
3049 4125 1
3049 4125 1
3049 4125 1
3049 4125 1
3049 4880 1
3049 4926 1
3050 3051 1
3050 3051 1
3050 3051 1
3050 3051 1
3050 3273 1
3050 3289 1
3050 3289 1
3050 3289 1
3050 3290 1
3050 3290 1
3050 3290 1
3050 3292 1
3050 4106 1
3050 4106 1
3050 4106 1
3050 4113 1
3050 4125 1
3050 4125 1
3050 4880 1
3050 4880 1
3050 4880 1
3050 4880 1
3050 4880 1
3050 4880 1
3050 4881 1
3050 4905 1
3050 4906 1
3050 4907 1
3050 4908 1
3050 4908 1
3050 4925 1
3051 3289 1
3051 3289 1
3051 3289 1
3076 3395 1
3076 3395 1
3076 3397 1
3076 3397 1
3076 3402 1
3076 3402 1
3076 3406 1
3076 3406 1
3076 3408 1
3076 3408 1
3076 3410 1
3076 3410 1
3076 3439 1
3076 3439 1
3076 3439 1
3076 3442 1
3076 3442 1
3076 3442 1
3076 3442 1
3076 4155 1
3086 3150 1
3086 3188 1
3086 3298 1
3086 3300 1
3086 3300 1
3086 3306 1
3086 3411 1
3086 3411 1
3086 3589 1
3086 3589 1
3086 3590 1
3086 3590 1
3086 3844 1
3086 3844 1
3086 3858 1
3086 4156 1
3086 4166 1
3086 4166 1
3086 4167 1
3086 4167 1
3086 4167 1
3087 3188 1
3087 3298 1
3087 3299 1
3087 3301 1
3087 3302 1
3144 3156 1
3144 3158 1
3150 3188 1
3150 3188 1
3150 3300 1
3150 3411 1
3150 3589 1
3150 3590 1
3150 3844 1
3150 3930 1
3150 3944 1
3150 3944 1
3150 4156 1
3150 4156 1
3150 4163 1
3151 3373 1
3151 3397 1
3156 3157 1
3156 3158 1
3156 4915 1
3157 3158 1
3161 3943 1
3171 3172 1
3171 3300 1
3171 3878 1
3171 3930 1
3171 3933 1
3171 3933 1
3171 3934 1
3171 3934 1
3171 3934 1
3171 3943 1
3171 3943 1
3171 3945 1
3171 3951 1
3171 3951 1
3171 3951 1
3171 3951 1
3171 3951 1
3171 3952 1
3171 3952 1
3171 3953 1
3171 3954 1
3171 3954 1
3171 3954 1
3171 3954 1
3171 3955 1
3171 3956 1
3171 3957 1
3171 3957 1
3171 3958 1
3171 3959 1
3171 3960 1
3171 3961 1
3171 3961 1
3171 3962 1
3171 3963 1
3171 3963 1
3171 3963 1
3171 3963 1
3171 3963 1
3171 3963 1
3171 3963 1
3171 3964 1
3171 3964 1
3171 3965 1
3171 3966 1
3171 3967 1
3171 3968 1
3171 3973 1
3171 3977 1
3171 3981 1
3171 4639 1
3172 3934 1
3172 3943 1
3172 3951 1
3172 3954 1
3172 3963 1
3172 3964 1
3187 3188 1
3187 3411 1
3188 3190 1
3188 3190 1
3188 3190 1
3188 3299 1
3188 3300 1
3188 3300 1
3188 3300 1
3188 3302 1
3188 3411 1
3188 3411 1
3188 3411 1
3188 3411 1
3188 3415 1
3188 3446 1
3188 3589 1
3188 3589 1
3188 3590 1
3188 3752 1
3188 3844 1
3188 3980 1
3188 3981 1
3188 4155 1
3188 4156 1
3188 4156 1
3188 4156 1
3188 4156 1
3189 3190 1
3189 3300 1
3189 3411 1
3190 3300 1
3190 3300 1
3190 3303 1
3190 3411 1
3190 3411 1
3190 3415 1
3190 3626 1
3217 3218 1
3218 3231 1
3218 3231 1
3218 3231 1
3218 3233 1
3218 3233 1
3218 3490 1
3218 4937 1
3219 3232 1
3228 3231 1
3228 3400 1
3228 3403 1
3228 3403 1
3231 3233 1
3231 3233 1
3231 3490 1
3231 3490 1
3231 3750 1
3231 4937 1
3233 3490 1
3273 3290 1
3273 3299 1
3273 3320 1
3273 3320 1
3273 3321 1
3273 4106 1
3283 4906 1
3283 4906 1
3283 4913 1
3283 4930 1
3283 4940 1
3283 4940 1
3283 4942 1
3283 4942 1
3283 4948 1
3289 3290 1
3289 3291 1
3289 4880 1
3289 4881 1
3290 3291 1
3290 3291 1
3290 3292 1
3290 3292 1
3290 3292 1
3290 3292 1
3290 3307 1
3290 4106 1
3290 4106 1
3290 4113 1
3290 4113 1
3290 4880 1
3290 4880 1
3290 4880 1
3290 4880 1
3290 4905 1
3290 4905 1
3290 4905 1
3290 4906 1
3290 4906 1
3290 4906 1
3290 4907 1
3290 4908 1
3290 4911 1
3290 4924 1
3290 4924 1
3290 4926 1
3290 4926 1
3290 4929 1
3290 4932 1
3290 4940 1
3290 4940 1
3290 4941 1
3290 4942 1
3291 3292 1
3291 4125 1
3291 4926 1
3292 4880 1
3292 4905 1
3292 4906 1
3292 4924 1
3292 4924 1
3292 4926 1
3298 3299 1
3298 3299 1
3298 3299 1
3298 3299 1
3298 3299 1
3298 3299 1
3298 3299 1
3298 3300 1
3298 3301 1
3298 3302 1
3298 3304 1
3298 3304 1
3298 3306 1
3298 3363 1
3298 3411 1
3298 3415 1
3298 3590 1
3298 3590 1
3298 3590 1
3298 3591 1
3298 3844 1
3298 3844 1
3298 3844 1
3298 3976 1
3298 3976 1
3298 4167 1
3299 3300 1
3299 3301 1
3299 3301 1
3299 3302 1
3299 3304 1
3299 3304 1
3299 3320 1
3299 3321 1
3299 3411 1
3299 3411 1
3299 3411 1
3299 3415 1
3299 3590 1
3299 3590 1
3299 3590 1
3299 3591 1
3299 3844 1
3299 3844 1
3299 3844 1
3299 3976 1
3299 3976 1
3300 3302 1
3300 3302 1
3300 3303 1
3300 3304 1
3300 3411 1
3300 3411 1
3300 3411 1
3300 3411 1
3300 3411 1
3300 3411 1
3300 3411 1
3300 3412 1
3300 3415 1
3300 3583 1
3300 3584 1
3300 3589 1
3300 3589 1
3300 3589 1
3300 3590 1
3300 3590 1
3300 3590 1
3300 3591 1
3300 3626 1
3300 3626 1
3300 3844 1
3300 3844 1
3300 3844 1
3300 3858 1
3300 3951 1
3300 3963 1
3300 3976 1
3300 3981 1
3300 4156 1
3301 3302 1
3302 3411 1
3302 3412 1
3302 3626 1
3303 3411 1
3303 3415 1
3303 3626 1
3304 3415 1
3305 3306 1
3305 3306 1
3305 3308 1
3305 3308 1
3306 3308 1
3306 3308 1
3306 4167 1
3307 4113 1
3307 4932 1
3307 4945 1
3320 3321 1
3320 3321 1
3320 3321 1
3320 3589 1
3320 3844 1
3320 4049 1
3320 4906 1
3320 4915 1
3321 3589 1
3321 3844 1
3321 4049 1
3321 4906 1
3321 4915 1
3338 3339 1
3338 3339 1
3338 4003 1
3338 4009 1
3338 4009 1
3338 4009 1
3338 4010 1
3338 4010 1
3338 4011 1
3338 4011 1
3338 4041 1
3338 4043 1
3338 4049 1
3338 4049 1
3338 4071 1
3338 4071 1
3338 4072 1
3338 4082 1
3338 4082 1
3338 4082 1
3338 4082 1
3338 4089 1
3338 4093 1
3338 4124 1
3338 4124 1
3338 4125 1
3338 4125 1
3338 4126 1
3338 4126 1
3338 4126 1
3338 4126 1
3338 4126 1
3338 4126 1
3338 4126 1
3338 4126 1
3338 4127 1
3338 4127 1
3338 4127 1
3338 4127 1
3338 4127 1
3338 4141 1
3338 4151 1
3338 4253 1
3339 4126 1
3339 4127 1
3339 4253 1
3373 3397 1
3394 3395 1
3394 3395 1
3394 3397 1
3394 3399 1
3394 3399 1
3394 3400 1
3394 3400 1
3394 3402 1
3394 3403 1
3394 3404 1
3394 3405 1
3394 3405 1
3394 3409 1
3394 3424 1
3395 3397 1
3395 3397 1
3395 3397 1
3395 3399 1
3395 3399 1
3395 3400 1
3395 3400 1
3395 3400 1
3395 3402 1
3395 3402 1
3395 3402 1
3395 3403 1
3395 3403 1
3395 3404 1
3395 3404 1
3395 3405 1
3395 3405 1
3395 3405 1
3395 3406 1
3395 3406 1
3395 3408 1
3395 3408 1
3395 3409 1
3395 3409 1
3395 3410 1
3395 3410 1
3395 3424 1
3395 3424 1
3395 3439 1
3395 3439 1
3395 3442 1
3395 3442 1
3396 3400 1
3396 3400 1
3396 3403 1
3396 3407 1
3396 3409 1
3396 3440 1
3396 4539 1
3397 3399 1
3397 3400 1
3397 3402 1
3397 3402 1
3397 3402 1
3397 3404 1
3397 3405 1
3397 3406 1
3397 3406 1
3397 3408 1
3397 3408 1
3397 3409 1
3397 3410 1
3397 3410 1
3397 3424 1
3397 3439 1
3397 3439 1
3397 3442 1
3397 3442 1
3399 3400 1
3399 3400 1
3399 3400 1
3399 3400 1
3399 3400 1
3399 3400 1
3399 3400 1
3399 3402 1
3399 3402 1
3399 3403 1
3399 3404 1
3399 3404 1
3399 3405 1
3399 3405 1
3399 3409 1
3399 3424 1
3400 3402 1
3400 3402 1
3400 3402 1
3400 3403 1
3400 3403 1
3400 3403 1
3400 3403 1
3400 3403 1
3400 3403 1
3400 3403 1
3400 3403 1
3400 3403 1
3400 3403 1
3400 3403 1
3400 3404 1
3400 3404 1
3400 3404 1
3400 3404 1
3400 3404 1
3400 3404 1
3400 3405 1
3400 3405 1
3400 3405 1
3400 3405 1
3400 3405 1
3400 3405 1
3400 3405 1
3400 3406 1
3400 3407 1
3400 3408 1
3400 3409 1
3400 3409 1
3400 3409 1
3400 3409 1
3400 3409 1
3400 3409 1
3400 3409 1
3400 3409 1
3400 3409 1
3400 3409 1
3400 3410 1
3400 3424 1
3400 3424 1
3400 3424 1
3400 3424 1
3400 3424 1
3400 3439 1
3400 4405 1
3400 4405 1
3400 4539 1
3401 3403 1
3401 3403 1
3401 3403 1
3401 3409 1
3401 3409 1
3401 3409 1
3401 3413 1
3401 3424 1
3401 3425 1
3401 4539 1
3402 3403 1
3402 3404 1
3402 3405 1
3402 3405 1
3402 3406 1
3402 3406 1
3402 3408 1
3402 3408 1
3402 3409 1
3402 3410 1
3402 3410 1
3402 3424 1
3402 3439 1
3402 3439 1
3402 3439 1
3402 3442 1
3402 3442 1
3403 3404 1
3403 3404 1
3403 3404 1
3403 3404 1
3403 3404 1
3403 3404 1
3403 3405 1
3403 3405 1
3403 3405 1
3403 3405 1
3403 3405 1
3403 3405 1
3403 3405 1
3403 3405 1
3403 3406 1
3403 3407 1
3403 3407 1
3403 3408 1
3403 3409 1
3403 3409 1
3403 3409 1
3403 3409 1
3403 3409 1
3403 3409 1
3403 3409 1
3403 3409 1
3403 3409 1
3403 3409 1
3403 3409 1
3403 3409 1
3403 3409 1
3403 3409 1
3403 3410 1
3403 3413 1
3403 3424 1
3403 3424 1
3403 3424 1
3403 3424 1
3403 3424 1
3403 3424 1
3403 3424 1
3403 3425 1
3403 3425 1
3403 3425 1
3403 4294 1
3403 4315 1
3403 4316 1
3403 4356 1
3403 4356 1
3403 4356 1
3403 4356 1
3403 4369 1
3403 4373 1
3403 4373 1
3403 4374 1
3403 4376 1
3403 4379 1
3403 4379 1
3403 4380 1
3403 4381 1
3403 4381 1
3403 4383 1
3403 4405 1
3403 4405 1
3403 4405 1
3403 4405 1
3403 4405 1
3403 4405 1
3403 4416 1
3403 4539 1
3403 4539 1
3403 4539 1
3404 3405 1
3404 3405 1
3404 3405 1
3404 3406 1
3404 3407 1
3404 3408 1
3404 3409 1
3404 3409 1
3404 3409 1
3404 3409 1
3404 3409 1
3404 3409 1
3404 3410 1
3404 3424 1
3404 3424 1
3404 3424 1
3404 3424 1
3404 3425 1
3404 4356 1
3404 4356 1
3404 4356 1
3404 4405 1
3404 4405 1
3404 4539 1
3405 3406 1
3405 3408 1
3405 3409 1
3405 3409 1
3405 3409 1
3405 3409 1
3405 3409 1
3405 3410 1
3405 3424 1
3405 3424 1
3405 3424 1
3405 3424 1
3405 3425 1
3405 4405 1
3405 4405 1
3406 3408 1
3406 3408 1
3406 3408 1
3406 3409 1
3406 3410 1
3406 3410 1
3406 3424 1
3406 3439 1
3406 3439 1
3406 3442 1
3406 3442 1
3407 3409 1
3407 3409 1
3407 3424 1
3407 3425 1
3407 4356 1
3407 4539 1
3407 4539 1
3408 3409 1
3408 3410 1
3408 3410 1
3408 3424 1
3408 3439 1
3408 3439 1
3408 3442 1
3408 3442 1
3409 3410 1
3409 3413 1
3409 3424 1
3409 3424 1
3409 3424 1
3409 3424 1
3409 3424 1
3409 3424 1
3409 3424 1
3409 3424 1
3409 3424 1
3409 3424 1
3409 3425 1
3409 3425 1
3409 3425 1
3409 4356 1
3409 4405 1
3409 4405 1
3409 4405 1
3409 4539 1
3409 4539 1
3409 4539 1
3410 3424 1
3410 3439 1
3410 3439 1
3410 3442 1
3410 3442 1
3411 3412 1
3411 3415 1
3411 3415 1
3411 3446 1
3411 3589 1
3411 3590 1
3411 3626 1
3411 3626 1
3411 3752 1
3411 3844 1
3411 4155 1
3411 4156 1
3411 4156 1
3411 4167 1
3412 3626 1
3413 3425 1
3413 4539 1
3415 3446 1
3415 3626 1
3415 3752 1
3415 4155 1
3415 4156 1
3424 3425 1
3424 3425 1
3424 4356 1
3424 4405 1
3424 4539 1
3425 4356 1
3425 4539 1
3425 4539 1
3439 3442 1
3439 3442 1
3439 3442 1
3440 4209 1
3440 4215 1
3440 4236 1
3442 4155 1
3442 4156 1
3442 4156 1
3442 4156 1
3442 4173 1
3446 3752 1
3446 4155 1
3446 4156 1
3455 3456 1
3455 3496 1
3456 3496 1
3467 3496 1
3489 3491 1
3493 3494 1
3556 3557 1
3556 3557 1
3556 3557 1
3556 3557 1
3556 3558 1
3556 3558 1
3556 3558 1
3556 3559 1
3556 3559 1
3556 3559 1
3556 3559 1
3556 3559 1
3556 3559 1
3556 3577 1
3556 3577 1
3556 3592 1
3556 3592 1
3556 3592 1
3556 3592 1
3556 3593 1
3556 3593 1
3556 3593 1
3556 3628 1
3556 3628 1
3556 3628 1
3556 3628 1
3556 3864 1
3556 3864 1
3556 3864 1
3556 4641 1
3556 4641 1
3557 3558 1
3557 3558 1
3557 3558 1
3557 3558 1
3557 3559 1
3557 3559 1
3557 3559 1
3557 3559 1
3557 3560 1
3557 3577 1
3557 3577 1
3557 3577 1
3557 3577 1
3557 3577 1
3557 3592 1
3557 3592 1
3557 3592 1
3557 3592 1
3557 3592 1
3557 3593 1
3557 3593 1
3557 3593 1
3557 3593 1
3557 3628 1
3557 3628 1
3557 3628 1
3557 3628 1
3557 3864 1
3557 3864 1
3557 3864 1
3557 3864 1
3557 3864 1
3557 4215 1
3557 4641 1
3557 4641 1
3557 4641 1
3558 3559 1
3558 3559 1
3558 3559 1
3558 3577 1
3558 3577 1
3558 3592 1
3558 3592 1
3558 3593 1
3558 3593 1
3558 3628 1
3558 3628 1
3558 3750 1
3558 3858 1
3558 3864 1
3558 3864 1
3558 3864 1
3558 3864 1
3558 4641 1
3559 3577 1
3559 3577 1
3559 3592 1
3559 3592 1
3559 3592 1
3559 3592 1
3559 3593 1
3559 3593 1
3559 3593 1
3559 3628 1
3559 3628 1
3559 3628 1
3559 3628 1
3559 3864 1
3559 3864 1
3559 3864 1
3559 4641 1
3559 4641 1
3560 3577 1
3560 3592 1
3560 3864 1
3560 4641 1
3577 3592 1
3577 3592 1
3577 3592 1
3577 3592 1
3577 3593 1
3577 3593 1
3577 3593 1
3577 3628 1
3577 3628 1
3577 3628 1
3577 3864 1
3577 3864 1
3577 4641 1
3577 4641 1
3582 3589 1
3582 3589 1
3582 3590 1
3582 3844 1
3583 3584 1
3583 3589 1
3583 3589 1
3583 3589 1
3583 3590 1
3583 3590 1
3583 3590 1
3583 3591 1
3583 3630 1
3583 3844 1
3583 3844 1
3583 3844 1
3583 3976 1
3583 3976 1
3583 4167 1
3584 3589 1
3584 3590 1
3584 3844 1
3584 3976 1
3589 3590 1
3589 3590 1
3589 3590 1
3589 3590 1
3589 3590 1
3589 3590 1
3589 3590 1
3589 3590 1
3589 3590 1
3589 3590 1
3589 3591 1
3589 3591 1
3589 3844 1
3589 3844 1
3589 3844 1
3589 3844 1
3589 3844 1
3589 3844 1
3589 3844 1
3589 3844 1
3589 3844 1
3589 3844 1
3589 3844 1
3589 3858 1
3589 3858 1
3589 3858 1
3589 3976 1
3589 3976 1
3589 3980 1
3589 3981 1
3589 4049 1
3589 4156 1
3590 3591 1
3590 3591 1
3590 3591 1
3590 3844 1
3590 3844 1
3590 3844 1
3590 3844 1
3590 3844 1
3590 3844 1
3590 3844 1
3590 3844 1
3590 3844 1
3590 3844 1
3590 3844 1
3590 3844 1
3590 3844 1
3590 3844 1
3590 3858 1
3590 3976 1
3590 3976 1
3590 3976 1
3590 3976 1
3590 3976 1
3590 4156 1
3591 3751 1
3591 3844 1
3591 3844 1
3591 3844 1
3591 3931 1
3591 3976 1
3591 3976 1
3592 3593 1
3592 3593 1
3592 3593 1
3592 3593 1
3592 3628 1
3592 3628 1
3592 3628 1
3592 3628 1
3592 3628 1
3592 3864 1
3592 3864 1
3592 3864 1
3592 4641 1
3592 4641 1
3592 4641 1
3593 3628 1
3593 3628 1
3593 3628 1
3593 3628 1
3593 3864 1
3593 3864 1
3593 4641 1
3593 4641 1
3622 3623 1
3622 3623 1
3622 3835 1
3622 3836 1
3622 3859 1
3622 3919 1
3623 3835 1
3623 3835 1
3623 3836 1
3623 3859 1
3623 3919 1
3623 3919 1
3628 3864 1
3628 3864 1
3628 4641 1
3628 4641 1
3630 3631 1
3630 4167 1
3675 3736 1
3675 3736 1
3675 4215 1
3701 3723 1
3701 3759 1
3701 3781 1
3701 3783 1
3701 3812 1
3701 3813 1
3723 3759 1
3723 3781 1
3723 3783 1
3723 3812 1
3723 3813 1
3731 3762 1
3731 3762 1
3731 3762 1
3731 3776 1
3736 3858 1
3736 3858 1
3736 4215 1
3736 4215 1
3736 4215 1
3736 4778 1
3736 4778 1
3736 4789 1
3736 4789 1
3743 3776 1
3750 3751 1
3750 3753 1
3750 3753 1
3750 3761 1
3750 3858 1
3750 3931 1
3751 3753 1
3751 3931 1
3752 4155 1
3752 4156 1
3759 3781 1
3759 3783 1
3759 3812 1
3759 3813 1
3761 3931 1
3762 3776 1
3762 3776 1
3781 3783 1
3781 3812 1
3781 3813 1
3782 4638 1
3783 3812 1
3783 3812 1
3783 3813 1
3812 3813 1
3835 3836 1
3835 3859 1
3835 3919 1
3836 3859 1
3836 3919 1
3844 3858 1
3844 3858 1
3844 3976 1
3844 3976 1
3844 3976 1
3844 3976 1
3844 3976 1
3844 4049 1
3844 4156 1
3858 3864 1
3858 3864 1
3858 3930 1
3858 4103 1
3858 4215 1
3858 4215 1
3858 4777 1
3858 4777 1
3858 4778 1
3858 4917 1
3858 4920 1
3858 4923 1
3858 4927 1
3859 3919 1
3864 3930 1
3864 4215 1
3864 4641 1
3864 4641 1
3864 4641 1
3864 4777 1
3878 3879 1
3878 3880 1
3878 3881 1
3878 3933 1
3878 3934 1
3878 3943 1
3878 3945 1
3878 3951 1
3878 3952 1
3878 3953 1
3878 3954 1
3878 3955 1
3878 3956 1
3878 3957 1
3878 3958 1
3878 3959 1
3878 3960 1
3878 3961 1
3878 3962 1
3878 3963 1
3878 3964 1
3878 3965 1
3878 3966 1
3878 3967 1
3878 3968 1
3878 3973 1
3878 3975 1
3879 3880 1
3879 3880 1
3879 3880 1
3879 3881 1
3879 3881 1
3879 3921 1
3880 3881 1
3880 3881 1
3880 3921 1
3930 4163 1
3930 4639 1
3930 4777 1
3932 3944 1
3932 3944 1
3932 3945 1
3932 3952 1
3932 3961 1
3932 3973 1
3932 4157 1
3933 3934 1
3933 3934 1
3933 3943 1
3933 3945 1
3933 3951 1
3933 3952 1
3933 3952 1
3933 3953 1
3933 3954 1
3933 3955 1
3933 3956 1
3933 3956 1
3933 3957 1
3933 3957 1
3933 3958 1
3933 3959 1
3933 3960 1
3933 3961 1
3933 3962 1
3933 3963 1
3933 3963 1
3933 3964 1
3933 3965 1
3933 3966 1
3933 3967 1
3933 3968 1
3933 3973 1
3933 3977 1
3934 3943 1
3934 3943 1
3934 3945 1
3934 3951 1
3934 3951 1
3934 3952 1
3934 3952 1
3934 3953 1
3934 3954 1
3934 3954 1
3934 3955 1
3934 3956 1
3934 3957 1
3934 3957 1
3934 3958 1
3934 3959 1
3934 3960 1
3934 3961 1
3934 3962 1
3934 3963 1
3934 3963 1
3934 3963 1
3934 3964 1
3934 3964 1
3934 3965 1
3934 3966 1
3934 3967 1
3934 3968 1
3934 3973 1
3934 3977 1
3937 3980 1
3937 3981 1
3943 3944 1
3943 3945 1
3943 3951 1
3943 3951 1
3943 3952 1
3943 3953 1
3943 3954 1
3943 3954 1
3943 3955 1
3943 3956 1
3943 3957 1
3943 3958 1
3943 3959 1
3943 3960 1
3943 3961 1
3943 3962 1
3943 3963 1
3943 3963 1
3943 3964 1
3943 3964 1
3943 3965 1
3943 3966 1
3943 3967 1
3943 3968 1
3944 3945 1
3944 3945 1
3944 3952 1
3944 3961 1
3944 3975 1
3944 3981 1
3945 3951 1
3945 3952 1
3945 3952 1
3945 3953 1
3945 3954 1
3945 3955 1
3945 3956 1
3945 3957 1
3945 3958 1
3945 3959 1
3945 3960 1
3945 3961 1
3945 3962 1
3945 3963 1
3945 3964 1
3945 3965 1
3945 3966 1
3945 3967 1
3945 3968 1
3951 3952 1
3951 3953 1
3951 3954 1
3951 3954 1
3951 3954 1
3951 3954 1
3951 3955 1
3951 3956 1
3951 3957 1
3951 3958 1
3951 3959 1
3951 3960 1
3951 3961 1
3951 3962 1
3951 3963 1
3951 3963 1
3951 3963 1
3951 3963 1
3951 3964 1
3951 3964 1
3951 3965 1
3951 3966 1
3951 3967 1
3951 3968 1
3951 3981 1
3952 3953 1
3952 3954 1
3952 3955 1
3952 3956 1
3952 3957 1
3952 3957 1
3952 3958 1
3952 3959 1
3952 3960 1
3952 3961 1
3952 3962 1
3952 3963 1
3952 3963 1
3952 3964 1
3952 3965 1
3952 3966 1
3952 3967 1
3952 3968 1
3952 3973 1
3952 3977 1
3953 3954 1
3953 3955 1
3953 3956 1
3953 3957 1
3953 3958 1
3953 3959 1
3953 3960 1
3953 3961 1
3953 3962 1
3953 3963 1
3953 3964 1
3953 3965 1
3953 3966 1
3953 3967 1
3953 3968 1
3954 3955 1
3954 3956 1
3954 3957 1
3954 3958 1
3954 3959 1
3954 3960 1
3954 3961 1
3954 3962 1
3954 3963 1
3954 3963 1
3954 3963 1
3954 3964 1
3954 3964 1
3954 3965 1
3954 3966 1
3954 3967 1
3954 3968 1
3955 3956 1
3955 3957 1
3955 3958 1
3955 3959 1
3955 3960 1
3955 3961 1
3955 3962 1
3955 3963 1
3955 3964 1
3955 3965 1
3955 3966 1
3955 3967 1
3955 3968 1
3956 3957 1
3956 3958 1
3956 3959 1
3956 3960 1
3956 3961 1
3956 3962 1
3956 3963 1
3956 3964 1
3956 3965 1
3956 3966 1
3956 3967 1
3956 3968 1
3956 4254 1
3957 3958 1
3957 3959 1
3957 3960 1
3957 3961 1
3957 3962 1
3957 3963 1
3957 3963 1
3957 3964 1
3957 3965 1
3957 3966 1
3957 3967 1
3957 3968 1
3957 3973 1
3957 3977 1
3958 3959 1
3958 3960 1
3958 3961 1
3958 3962 1
3958 3963 1
3958 3964 1
3958 3965 1
3958 3966 1
3958 3967 1
3958 3968 1
3959 3960 1
3959 3961 1
3959 3962 1
3959 3963 1
3959 3964 1
3959 3965 1
3959 3966 1
3959 3967 1
3959 3968 1
3960 3961 1
3960 3962 1
3960 3963 1
3960 3964 1
3960 3965 1
3960 3966 1
3960 3967 1
3960 3968 1
3961 3962 1
3961 3963 1
3961 3963 1
3961 3964 1
3961 3965 1
3961 3966 1
3961 3967 1
3961 3968 1
3962 3963 1
3962 3964 1
3962 3965 1
3962 3966 1
3962 3967 1
3962 3967 1
3962 3968 1
3963 3964 1
3963 3964 1
3963 3965 1
3963 3966 1
3963 3967 1
3963 3968 1
3963 3973 1
3963 3977 1
3963 3981 1
3964 3965 1
3964 3966 1
3964 3967 1
3964 3968 1
3965 3966 1
3965 3967 1
3965 3967 1
3965 3968 1
3966 3967 1
3966 3968 1
3967 3968 1
3973 3975 1
3973 3975 1
3973 3977 1
3973 4157 1
3975 4157 1
3975 4165 1
3980 3981 1
3980 3981 1
3980 3981 1
3980 3981 1
3980 3982 1
3980 3983 1
3980 3984 1
3980 3985 1
3981 3982 1
3981 3983 1
3981 3984 1
3981 3985 1
3982 3983 1
3982 3984 1
3982 3985 1
3982 3985 1
3982 4163 1
3983 3984 1
3983 3984 1
3983 3984 1
3983 3985 1
3984 3985 1
4003 4010 1
4003 4010 1
4003 4010 1
4003 4011 1
4003 4013 1
4003 4049 1
4003 4049 1
4003 4071 1
4003 4072 1
4003 4082 1
4003 4089 1
4003 4124 1
4009 4010 1
4009 4010 1
4009 4010 1
4009 4010 1
4009 4011 1
4009 4041 1
4009 4041 1
4009 4041 1
4009 4041 1
4009 4042 1
4009 4042 1
4009 4043 1
4009 4043 1
4009 4049 1
4009 4070 1
4009 4072 1
4009 4082 1
4009 4082 1
4009 4082 1
4009 4082 1
4009 4082 1
4009 4082 1
4009 4094 1
4009 4094 1
4009 4095 1
4009 4100 1
4009 4124 1
4009 4125 1
4009 4126 1
4009 4126 1
4009 4126 1
4009 4126 1
4009 4127 1
4009 4127 1
4009 4127 1
4009 4130 1
4009 4151 1
4009 4208 1
4009 4909 1
4009 4909 1
4009 4911 1
4009 4911 1
4009 4914 1
4010 4011 1
4010 4013 1
4010 4041 1
4010 4041 1
4010 4041 1
4010 4042 1
4010 4042 1
4010 4049 1
4010 4049 1
4010 4071 1
4010 4072 1
4010 4072 1
4010 4072 1
4010 4072 1
4010 4082 1
4010 4082 1
4010 4082 1
4010 4082 1
4010 4082 1
4010 4083 1
4010 4089 1
4010 4124 1
4010 4124 1
4010 4126 1
4010 4126 1
4010 4127 1
4010 4127 1
4010 4128 1
4010 4914 1
4011 4012 1
4011 4049 1
4011 4050 1
4011 4071 1
4011 4072 1
4011 4072 1
4011 4082 1
4011 4089 1
4011 4124 1
4011 4125 1
4011 4126 1
4011 4151 1
4011 4152 1
4012 4050 1
4012 4050 1
4012 4152 1
4041 4042 1
4041 4042 1
4041 4042 1
4041 4043 1
4041 4082 1
4041 4082 1
4041 4082 1
4041 4082 1
4041 4082 1
4041 4094 1
4041 4094 1
4041 4095 1
4041 4095 1
4041 4098 1
4041 4124 1
4041 4126 1
4041 4127 1
4041 4905 1
4041 4906 1
4041 4906 1
4041 4908 1
4041 4910 1
4041 4918 1
4041 4918 1
4042 4082 1
4042 4082 1
4042 4082 1
4042 4089 1
4042 4094 1
4042 4095 1
4042 4125 1
4042 4918 1
4043 4071 1
4043 4083 1
4043 4093 1
4043 4093 1
4043 4094 1
4043 4094 1
4043 4094 1
4043 4095 1
4043 4096 1
4043 4125 1
4043 4126 1
4043 4127 1
4043 4130 1
4043 4130 1
4043 4208 1
4049 4071 1
4049 4072 1
4049 4082 1
4049 4082 1
4049 4082 1
4049 4089 1
4049 4093 1
4049 4093 1
4049 4124 1
4049 4125 1
4049 4126 1
4049 4127 1
4050 4152 1
4061 4094 1
4061 4236 1
4061 4928 1
4070 4108 1
4070 4151 1
4070 4204 1
4070 4916 1
4070 4916 1
4070 4916 1
4070 4917 1
4070 4917 1
4070 4920 1
4070 4920 1
4070 4920 1
4070 4920 1
4070 4923 1
4070 4923 1
4070 4923 1
4070 4927 1
4070 4937 1
4071 4072 1
4071 4082 1
4071 4089 1
4071 4093 1
4071 4124 1
4071 4126 1
4071 4127 1
4072 4082 1
4072 4082 1
4072 4083 1
4072 4089 1
4072 4124 1
4072 4125 1
4072 4126 1
4072 4127 1
4072 4128 1
4072 4914 1
4082 4089 1
4082 4089 1
4082 4089 1
4082 4093 1
4082 4094 1
4082 4124 1
4082 4124 1
4082 4125 1
4082 4125 1
4082 4126 1
4082 4126 1
4082 4126 1
4082 4126 1
4082 4127 1
4082 4127 1
4082 4127 1
4082 4909 1
4083 4093 1
4083 4093 1
4083 4094 1
4083 4096 1
4083 4125 1
4083 4128 1
4083 4130 1
4089 4100 1
4089 4124 1
4089 4124 1
4089 4125 1
4093 4094 1
4093 4094 1
4093 4096 1
4093 4096 1
4093 4125 1
4093 4125 1
4093 4126 1
4093 4127 1
4093 4130 1
4093 4219 1
4094 4095 1
4094 4095 1
4094 4096 1
4094 4125 1
4094 4130 1
4094 4130 1
4094 4208 1
4094 4236 1
4094 4918 1
4094 4928 1
4095 4918 1
4096 4125 1
4096 4130 1
4098 4906 1
4098 4910 1
4100 4111 1
4100 4112 1
4100 4124 1
4100 4905 1
4100 4906 1
4100 4906 1
4100 4908 1
4100 4910 1
4100 4924 1
4100 4940 1
4100 4942 1
4103 4107 1
4103 4904 1
4103 4916 1
4103 4917 1
4103 4920 1
4103 4920 1
4103 4920 1
4103 4923 1
4103 4923 1
4103 4927 1
4103 4931 1
4103 4931 1
4103 4943 1
4106 4880 1
4106 4880 1
4106 4881 1
4106 4911 1
4106 4926 1
4108 4916 1
4108 4916 1
4108 4917 1
4108 4917 1
4108 4920 1
4108 4923 1
4108 4927 1
4108 4934 1
4108 4936 1
4108 4937 1
4108 4937 1
4108 4944 1
4109 4111 1
4111 4112 1
4111 4880 1
4111 4906 1
4111 4910 1
4111 4940 1
4111 4942 1
4112 4906 1
4112 4910 1
4112 4940 1
4112 4942 1
4113 4880 1
4124 4126 1
4124 4127 1
4125 4126 1
4125 4126 1
4125 4130 1
4125 4141 1
4125 4151 1
4125 4916 1
4125 4917 1
4125 4920 1
4126 4127 1
4126 4127 1
4126 4127 1
4126 4127 1
4126 4127 1
4126 4127 1
4126 4141 1
4126 4151 1
4130 4208 1
4155 4156 1
4156 4173 1
4157 4165 1
4157 4165 1
4157 4165 1
4166 4167 1
4187 4188 1
4187 4188 1
4205 4209 1
4205 4236 1
4209 4215 1
4209 4215 1
4209 4215 1
4209 4215 1
4209 4236 1
4209 4236 1
4215 4236 1
4215 4789 1
4236 4928 1
4253 4254 1
4294 4356 1
4294 4373 1
4294 4379 1
4294 4381 1
4294 4405 1
4315 4316 1
4356 4373 1
4356 4373 1
4356 4374 1
4356 4376 1
4356 4379 1
4356 4379 1
4356 4380 1
4356 4381 1
4356 4381 1
4356 4383 1
4356 4405 1
4356 4405 1
4356 4416 1
4356 4539 1
4369 4405 1
4373 4374 1
4373 4374 1
4373 4374 1
4373 4376 1
4373 4379 1
4373 4379 1
4373 4379 1
4373 4379 1
4373 4379 1
4373 4380 1
4373 4381 1
4373 4381 1
4373 4383 1
4373 4405 1
4373 4405 1
4373 4405 1
4373 4409 1
4373 4409 1
4373 4416 1
4374 4375 1
4374 4376 1
4374 4378 1
4374 4379 1
4374 4379 1
4374 4379 1
4374 4380 1
4374 4381 1
4374 4383 1
4374 4405 1
4374 4409 1
4374 4409 1
4374 4416 1
4375 4378 1
4376 4379 1
4376 4380 1
4376 4381 1
4376 4383 1
4376 4405 1
4376 4416 1
4377 4380 1
4377 4380 1
4377 4382 1
4377 4408 1
4377 4408 1
4377 4408 1
4377 4413 1
4377 4413 1
4377 4414 1
4377 4416 1
4377 4416 1
4379 4380 1
4379 4381 1
4379 4381 1
4379 4383 1
4379 4405 1
4379 4405 1
4379 4409 1
4379 4409 1
4379 4416 1
4380 4381 1
4380 4383 1
4380 4405 1
4380 4408 1
4380 4413 1
4380 4413 1
4380 4414 1
4380 4416 1
4380 4416 1
4380 4416 1
4381 4383 1
4381 4405 1
4381 4405 1
4381 4416 1
4382 4408 1
4383 4405 1
4383 4416 1
4405 4416 1
4408 4414 1
4408 4416 1
4413 4414 1
4413 4416 1
4414 4416 1
4473 4474 1
4473 4475 1
4474 4475 1
4475 4899 1
4528 4539 1
4549 4555 1
4549 4555 1
4550 4551 1
4778 4789 1
4807 4916 1
4807 4917 1
4807 4927 1
4807 4934 1
4880 4881 1
4880 4881 1
4880 4881 1
4880 4881 1
4880 4881 1
4880 4881 1
4880 4905 1
4880 4905 1
4880 4905 1
4880 4905 1
4880 4906 1
4880 4906 1
4880 4906 1
4880 4906 1
4880 4907 1
4880 4907 1
4880 4908 1
4880 4908 1
4880 4908 1
4880 4908 1
4880 4922 1
4880 4924 1
4880 4924 1
4880 4925 1
4880 4940 1
4880 4942 1
4881 4905 1
4881 4905 1
4881 4906 1
4881 4908 1
4881 4940 1
4881 4943 1
4904 4918 1
4904 4919 1
4904 4920 1
4905 4906 1
4905 4906 1
4905 4906 1
4905 4906 1
4905 4906 1
4905 4906 1
4905 4906 1
4905 4906 1
4905 4906 1
4905 4906 1
4905 4906 1
4905 4906 1
4905 4907 1
4905 4908 1
4905 4908 1
4905 4908 1
4905 4908 1
4905 4908 1
4905 4908 1
4905 4908 1
4905 4908 1
4905 4908 1
4905 4908 1
4905 4909 1
4905 4910 1
4905 4913 1
4905 4914 1
4905 4915 1
4905 4922 1
4905 4922 1
4905 4924 1
4905 4924 1
4905 4924 1
4905 4925 1
4905 4929 1
4905 4930 1
4905 4940 1
4905 4940 1
4905 4940 1
4905 4941 1
4905 4942 1
4905 4943 1
4906 4907 1
4906 4908 1
4906 4908 1
4906 4908 1
4906 4908 1
4906 4908 1
4906 4908 1
4906 4908 1
4906 4908 1
4906 4908 1
4906 4908 1
4906 4909 1
4906 4910 1
4906 4910 1
4906 4910 1
4906 4913 1
4906 4913 1
4906 4914 1
4906 4915 1
4906 4915 1
4906 4922 1
4906 4922 1
4906 4924 1
4906 4924 1
4906 4924 1
4906 4925 1
4906 4929 1
4906 4930 1
4906 4930 1
4906 4940 1
4906 4940 1
4906 4940 1
4906 4940 1
4906 4940 1
4906 4941 1
4906 4942 1
4906 4942 1
4906 4942 1
4906 4942 1
4906 4948 1
4907 4908 1
4907 4925 1
4908 4909 1
4908 4922 1
4908 4924 1
4908 4924 1
4908 4924 1
4908 4925 1
4908 4940 1
4908 4942 1
4909 4911 1
4910 4913 1
4910 4913 1
4910 4914 1
4910 4915 1
4910 4922 1
4910 4925 1
4910 4930 1
4910 4940 1
4910 4942 1
4911 4926 1
4913 4914 1
4913 4915 1
4913 4922 1
4913 4925 1
4913 4930 1
4913 4940 1
4913 4942 1
4914 4915 1
4914 4922 1
4914 4930 1
4915 4922 1
4915 4930 1
4916 4917 1
4916 4917 1
4916 4917 1
4916 4917 1
4916 4917 1
4916 4917 1
4916 4917 1
4916 4917 1
4916 4917 1
4916 4917 1
4916 4917 1
4916 4917 1
4916 4917 1
4916 4917 1
4916 4917 1
4916 4917 1
4916 4920 1
4916 4920 1
4916 4920 1
4916 4920 1
4916 4920 1
4916 4920 1
4916 4920 1
4916 4920 1
4916 4920 1
4916 4920 1
4916 4920 1
4916 4923 1
4916 4923 1
4916 4923 1
4916 4923 1
4916 4923 1
4916 4927 1
4916 4927 1
4916 4927 1
4916 4934 1
4916 4934 1
4916 4936 1
4916 4936 1
4916 4937 1
4916 4937 1
4916 4937 1
4916 4937 1
4916 4943 1
4916 4944 1
4916 4944 1
4916 4944 1
4916 4944 1
4917 4920 1
4917 4920 1
4917 4920 1
4917 4920 1
4917 4920 1
4917 4923 1
4917 4923 1
4917 4923 1
4917 4927 1
4917 4927 1
4917 4927 1
4917 4933 1
4917 4934 1
4917 4934 1
4917 4934 1
4917 4936 1
4917 4936 1
4917 4936 1
4917 4937 1
4917 4937 1
4917 4937 1
4917 4937 1
4917 4937 1
4917 4944 1
4917 4944 1
4917 4944 1
4917 4944 1
4917 4944 1
4917 4944 1
4917 4944 1
4917 4949 1
4918 4919 1
4920 4923 1
4920 4923 1
4920 4923 1
4920 4923 1
4920 4923 1
4920 4923 1
4920 4927 1
4920 4927 1
4920 4927 1
4920 4937 1
4920 4943 1
4922 4930 1
4923 4927 1
4923 4927 1
4923 4937 1
4923 4943 1
4924 4940 1
4924 4940 1
4924 4941 1
4924 4942 1
4924 4942 1
4924 4942 1
4927 4934 1
4927 4937 1
4929 4940 1
4929 4941 1
4930 4940 1
4930 4942 1
4930 4948 1
4932 4945 1
4933 4934 1
4933 4936 1
4933 4937 1
4933 4944 1
4933 4949 1
4934 4936 1
4934 4936 1
4934 4937 1
4934 4937 1
4934 4944 1
4934 4944 1
4934 4949 1
4936 4937 1
4936 4937 1
4936 4937 1
4936 4944 1
4936 4944 1
4936 4949 1
4937 4944 1
4937 4944 1
4937 4944 1
4937 4944 1
4937 4949 1
4940 4941 1
4940 4941 1
4940 4942 1
4940 4942 1
4940 4942 1
4940 4942 1
4940 4942 1
4940 4943 1
4940 4948 1
4941 4942 1
4942 4948 1
4944 4949 1
