1 135 3
1 158 3
1 169 3
1 229 3
1 252 3
1 290 3
2 24 3
2 203 3
3 85 3
4 43 3
4 153 3
4 181 3
5 39 3
5 200 3
6 53 3
6 156 3
6 163 3
7 92 3
7 96 3
7 97 3
8 47 3
8 54 3
8 73 3
8 120 3
9 111 3
9 157 3
9 223 3
10 16 3
10 120 3
10 147 3
10 166 3
10 179 3
12 102 3
12 129 3
13 68 3
13 155 3
14 80 3
15 103 3
15 262 3
16 39 3
16 106 3
16 129 3
16 259 3
16 269 3
17 59 3
18 93 3
18 178 3
19 190 3
19 226 3
19 232 3
20 164 3
20 174 3
21 228 3
22 30 3
22 171 3
22 264 3
22 299 3
23 94 3
24 92 3
24 195 3
25 30 3
25 94 3
25 111 3
25 114 3
25 134 3
25 257 3
26 58 3
26 102 3
26 210 3
27 215 3
27 249 3
28 55 3
28 134 3
28 239 3
29 51 3
29 91 3
29 289 3
30 57 3
30 103 3
30 120 3
30 238 3
30 269 3
30 284 3
30 301 3
31 93 3
31 142 3
31 187 3
32 57 3
32 297 3
33 140 3
33 165 3
34 53 3
34 196 3
34 243 3
34 283 3
35 52 3
35 64 3
35 89 3
35 263 3
36 118 3
36 124 3
36 191 3
36 207 3
36 232 3
37 43 3
37 59 3
37 73 3
37 144 3
37 211 3
38 79 3
38 221 3
39 168 3
39 170 3
39 197 3
39 266 3
40 126 3
40 240 3
41 45 3
41 57 3
41 117 3
41 126 3
41 241 3
41 252 3
42 61 3
42 125 3
42 201 3
43 142 3
44 153 3
44 201 3
45 57 3
45 213 3
45 249 3
45 269 3
45 296 3
46 130 3
46 281 3
48 80 3
49 100 3
49 115 3
49 273 3
50 88 3
50 108 3
50 164 3
50 167 3
50 196 3
50 212 3
50 251 3
51 75 3
51 199 3
51 220 3
51 272 3
52 160 3
52 291 3
53 100 3
53 107 3
53 144 3
54 77 3
54 124 3
54 212 3
54 234 3
54 296 3
55 170 3
55 178 3
55 180 3
55 302 3
56 84 3
56 147 3
56 148 3
56 207 3
56 214 3
57 106 3
57 212 3
57 220 3
57 253 3
57 255 3
58 228 3
60 104 3
60 180 3
60 261 3
61 147 3
61 179 3
62 124 3
62 173 3
62 219 3
63 92 3
63 170 3
64 158 3
64 175 3
64 272 3
65 222 3
65 257 3
67 223 3
68 81 3
68 275 3
68 280 3
69 140 3
69 223 3
70 219 3
71 190 3
72 199 3
74 177 3
76 81 3
76 165 3
76 267 3
77 86 3
77 103 3
77 123 3
77 196 3
78 143 3
78 190 3
78 296 3
79 124 3
79 265 3
80 139 3
80 147 3
80 156 3
80 248 3
80 250 3
81 177 3
81 193 3
81 258 3
82 117 3
82 150 3
82 238 3
83 159 3
83 244 3
85 95 3
85 196 3
85 229 3
85 271 3
86 108 3
86 169 3
86 178 3
86 220 3
86 238 3
87 119 3
87 258 3
88 167 3
88 187 3
89 114 3
89 153 3
89 245 3
89 278 3
90 91 3
90 119 3
90 231 3
91 110 3
91 112 3
91 169 3
91 264 3
92 101 3
92 238 3
93 94 3
93 255 3
94 100 3
94 114 3
94 116 3
94 196 3
94 261 3
95 111 3
95 118 3
95 160 3
95 197 3
95 212 3
96 245 3
97 123 3
98 188 3
98 205 3
98 230 3
99 257 3
100 154 3
100 213 3
100 269 3
102 191 3
102 204 3
102 229 3
102 265 3
103 238 3
103 263 3
104 204 3
104 272 3
105 202 3
105 208 3
105 258 3
106 198 3
107 115 3
107 119 3
107 180 3
107 226 3
107 241 3
108 129 3
108 179 3
108 209 3
108 250 3
108 252 3
108 301 3
109 117 3
109 133 3
109 182 3
109 195 3
110 183 3
110 212 3
111 169 3
111 201 3
111 214 3
111 250 3
113 237 3
113 296 3
114 128 3
114 257 3
115 218 3
116 124 3
116 274 3
116 276 3
117 144 3
117 264 3
118 185 3
119 196 3
119 211 3
120 152 3
120 237 3
120 261 3
121 224 3
121 232 3
122 203 3
122 221 3
123 202 3
124 169 3
124 220 3
124 225 3
126 248 3
127 196 3
127 233 3
127 273 3
128 131 3
129 165 3
129 171 3
129 210 3
130 249 3
132 237 3
132 277 3
134 187 3
134 195 3
135 226 3
135 239 3
136 173 3
136 226 3
136 245 3
137 141 3
137 172 3
137 190 3
137 206 3
137 249 3
138 227 3
138 255 3
141 181 3
141 198 3
142 154 3
142 230 3
142 244 3
144 231 3
144 240 3
145 205 3
145 266 3
145 269 3
146 237 3
147 183 3
147 196 3
147 285 3
148 150 3
149 160 3
149 238 3
149 255 3
150 237 3
151 161 3
151 164 3
151 166 3
151 250 3
151 263 3
153 247 3
154 250 3
155 186 3
155 230 3
155 249 3
158 253 3
159 190 3
159 207 3
159 262 3
160 196 3
161 198 3
165 211 3
165 229 3
165 234 3
166 216 3
168 256 3
168 263 3
170 258 3
172 236 3
174 279 3
175 219 3
175 291 3
176 200 3
176 254 3
178 184 3
179 199 3
179 202 3
179 247 3
180 247 3
181 258 3
182 198 3
183 207 3
183 288 3
185 196 3
187 205 3
187 217 3
187 275 3
193 198 3
195 240 3
197 215 3
199 262 3
200 269 3
200 292 3
201 208 3
201 211 3
202 236 3
203 249 3
204 214 3
204 233 3
206 259 3
206 288 3
210 215 3
210 231 3
213 229 3
215 242 3
216 261 3
217 248 3
217 301 3
219 254 3
223 227 3
225 226 3
225 254 3
227 275 3
231 232 3
231 261 3
233 250 3
234 272 3
235 262 3
239 267 3
242 268 3
243 271 3
243 279 3
246 273 3
247 249 3
247 275 3
249 265 3
249 284 3
250 271 3
252 254 3
253 263 3
254 256 3
255 260 3
260 276 3
262 274 3
262 290 3
263 264 3
268 282 3
270 290 3
271 281 3
274 283 3
275 302 3
281 285 3
285 287 3
287 296 3
297 300 3
95 101 3
4 172 3
125 279 3
62 329 3
230 306 3
34 109 3
88 106 3
119 269 3
204 272 3
65 187 3
132 324 3
212 327 3
235 312 3
147 291 3
105 322 3
197 200 3
10 36 3
54 203 3
119 234 3
115 131 3
12 143 3
84 118 3
230 273 3
102 156 3
212 221 3
208 263 3
202 212 3
34 142 3
102 208 3
206 324 3
189 197 3
73 126 3
144 195 3
46 99 3
214 233 3
24 180 3
174 282 3
40 105 3
195 251 3
70 325 3
101 124 3
191 242 3
158 292 3
117 149 3
166 234 3
158 257 3
69 279 3
46 273 3
34 173 3
129 259 3
5 202 3
228 286 3
267 295 3
157 311 3
185 223 3
146 205 3
5 267 3
92 114 3
151 296 3
49 160 3
52 85 3
127 250 3
67 73 3
106 295 3
141 159 3
154 164 3
11 50 3
37 225 3
267 316 3
89 302 3
78 115 3
12 293 3
119 327 3
3 103 3
145 182 3
51 116 3
97 186 3
33 178 3
163 328 3
242 283 3
105 136 3
66 73 3
29 74 3
57 291 3
216 260 3
145 293 3
26 294 3
81 304 3
20 326 3
3 164 3
53 95 3
199 281 3
150 231 3
126 232 3
226 329 3
141 282 3
21 133 3
94 267 3
82 225 3
70 297 3
72 215 3
34 257 3
160 228 3
34 179 3
36 141 3
8 128 3
77 183 3
26 229 3
172 309 3
37 145 3
41 165 3
90 307 3
171 178 3
120 247 3
111 135 3
49 59 3
144 208 3
97 206 3
14 306 3
132 235 3
60 168 3
271 282 3
136 228 3
32 167 3
231 319 3
27 321 3
63 78 3
160 253 3
248 292 3
302 326 3
71 295 3
90 153 3
64 231 3
86 282 3
218 253 3
9 168 3
111 145 3
277 315 3
176 301 3
164 175 3
157 247 3
87 161 3
76 236 3
47 230 3
117 297 3
192 244 3
250 281 3
64 148 3
69 264 3
98 150 3
26 242 3
20 237 3
139 170 3
217 266 3
107 311 3
17 273 3
56 178 3
27 291 3
173 325 3
108 138 3
109 219 3
49 279 3
33 88 3
14 19 3
31 101 3
88 262 3
57 244 3
226 282 3
50 166 3
76 79 3
96 144 3
199 268 3
193 215 3
33 78 3
185 207 3
90 316 3
59 72 3
159 182 3
91 195 3
97 111 3
105 226 3
41 282 3
16 322 3
175 318 3
75 174 3
61 138 3
269 329 3
129 257 3
2 211 3
5 81 3
91 106 3
97 320 3
89 149 3
175 239 3
272 284 3
17 177 3
44 309 3
126 311 3
218 220 3
292 296 3
25 61 3
98 249 3
22 273 3
71 297 3
46 275 3
48 75 3
56 315 3
145 204 3
71 239 3
178 298 3
118 141 3
243 275 3
120 160 3
3 51 3
31 120 3
27 137 3
219 280 3
78 244 3
209 272 3
209 284 3
264 319 3
51 266 3
55 256 3
84 290 3
55 278 3
50 63 3
116 324 3
155 226 3
151 196 3
157 190 3
104 226 3
173 246 3
322 323 3
5 199 3
133 262 3
70 169 3
255 317 3
39 139 3
16 178 3
43 123 3
71 172 3
26 106 3
163 171 3
233 260 3
34 84 3
11 259 3
107 256 3
20 97 3
24 167 3
96 215 3
76 284 3
60 184 3
206 323 3
99 303 3
6 221 3
14 328 3
291 312 3
21 62 3
129 280 3
162 294 3
224 284 3
58 88 3
107 148 3
74 314 3
50 288 3
126 329 3
159 181 3
185 284 3
91 203 3
16 175 3
91 108 3
70 264 3
66 284 3
131 194 3
13 152 3
30 236 3
80 303 3
57 74 3
26 284 3
201 281 3
28 151 3
256 301 3
59 311 3
126 153 3
137 326 3
257 260 3
126 245 3
129 177 3
106 200 3
48 189 3
12 222 3
221 330 3
54 315 3
186 294 3
163 331 3
54 70 3
22 190 3
88 245 3
290 332 3
241 326 3
88 94 3
140 170 3
26 316 3
5 92 3
226 326 3
23 323 3
5 35 3
296 328 3
191 214 3
78 164 3
267 283 3
186 195 3
23 105 3
153 183 3
18 166 3
108 190 3
110 305 3
208 245 3
56 250 3
49 299 3
143 322 3
177 291 3
174 246 3
93 104 3
6 188 3
25 293 3
47 200 3
65 272 3
3 149 3
6 106 3
78 110 3
22 116 3
171 206 3
172 271 3
2 219 3
81 97 3
98 327 3
110 270 3
18 324 3
205 280 3
224 329 3
117 165 3
150 270 3
86 308 3
81 152 3
11 261 3
79 126 3
202 284 3
61 216 3
22 43 3
124 314 3
79 118 3
55 118 3
135 189 3
56 299 3
8 295 3
92 279 3
136 331 3
241 307 3
141 312 3
151 307 3
160 305 3
30 197 3
80 176 3
10 219 3
102 323 3
47 69 3
177 194 3
101 160 3
28 232 3
42 98 3
120 293 3
153 280 3
267 293 3
161 260 3
32 87 3
54 228 3
36 229 3
45 307 3
115 328 3
35 44 3
24 215 3
10 328 3
111 200 3
20 155 3
58 116 3
37 177 3
76 190 3
45 262 3
70 304 3
91 101 3
58 144 3
94 328 3
223 292 3
58 327 3
13 218 3
20 290 3
36 300 3
155 267 3
9 330 3
55 94 3
125 131 3
152 200 3
196 240 3
130 309 3
140 167 3
78 144 3
283 325 3
157 162 3
135 215 3
156 273 3
114 227 3
182 212 3
81 147 3
4 330 3
18 155 3
52 199 3
68 203 3
67 307 3
66 196 3
152 283 3
3 280 3
205 296 3
40 193 3
34 327 3
190 254 3
68 187 3
249 303 3
133 173 3
207 220 3
190 271 3
74 257 3
62 140 3
47 231 3
101 255 3
177 199 3
82 301 3
161 301 3
2 121 3
75 295 3
111 182 3
1 30 3
248 279 3
223 300 3
110 119 3
174 228 3
247 301 3
30 152 3
302 306 3
148 328 3
194 322 3
290 324 3
195 292 3
38 236 3
33 214 3
198 244 3
214 227 3
49 165 3
55 93 3
16 131 3
85 109 3
26 305 3
177 276 3
249 254 3
66 249 3
56 65 3
31 308 3
225 265 3
268 303 3
48 69 3
245 255 3
56 312 3
60 144 3
72 104 3
39 119 3
123 203 3
147 228 3
90 95 3
268 325 3
58 259 3
184 323 3
33 134 3
218 298 3
27 153 3
188 326 3
110 141 3
121 239 3
165 218 3
184 188 3
289 302 3
79 226 3
92 292 3
106 307 3
50 219 3
41 228 3
145 276 3
138 229 3
23 278 3
194 224 3
96 301 3
218 236 3
44 330 3
24 82 3
181 208 3
57 269 3
82 97 3
109 136 3
30 41 3
10 134 3
95 248 3
111 237 3
42 239 3
7 104 3
120 317 3
88 133 3
85 315 3
96 259 3
166 276 3
22 54 3
150 252 3
55 103 3
64 178 3
84 312 3
73 251 3
74 230 3
30 232 3
191 288 3
3 175 3
76 250 3
83 174 3
157 302 3
168 317 3
3 253 3
56 260 3
180 275 3
125 297 3
154 303 3
28 158 3
21 202 3
76 275 3
25 250 3
28 174 3
96 313 3
203 308 3
44 266 3
58 235 3
120 145 3
122 220 3
66 67 3
8 97 3
142 166 3
240 304 3
32 252 3
65 233 3
140 272 3
95 109 3
165 268 3
65 136 3
6 283 3
40 216 3
17 302 3
9 39 3
162 178 3
51 227 3
147 164 3
154 330 3
45 208 3
157 239 3
221 296 3
139 235 3
233 280 3
32 263 3
67 88 3
96 291 3
55 324 3
94 213 3
72 132 3
222 233 3
229 272 3
47 61 3
6 200 3
214 310 3
134 244 3
40 128 3
22 99 3
282 301 3
213 331 3
1 7 3
16 279 3
190 297 3
58 323 3
62 71 3
110 292 3
6 214 3
151 260 3
66 156 3
43 127 3
289 290 3
176 329 3
85 117 3
35 95 3
6 13 3
6 167 3
113 271 3
235 273 3
263 302 3
213 292 3
244 322 3
125 251 3
69 247 3
52 233 3
145 178 3
21 275 3
39 136 3
140 269 3
155 283 3
80 174 3
8 296 3
85 154 3
40 278 3
57 262 3
128 189 3
40 221 3
60 98 3
12 164 3
128 216 3
164 192 3
107 313 3
