24 362 5
97 377 5
76 280 5
270 295 5
162 199 5
169 222 5
49 101 5
13 64 5
171 178 5
198 327 5
288 386 5
58 296 5
16 136 5
63 234 5
77 195 5
37 302 5
70 218 5
12 169 5
218 355 5
16 62 5
115 230 5
236 310 5
330 373 5
179 249 5
215 247 5
101 377 5
231 344 5
231 367 5
31 366 5
107 272 5
159 173 5
48 144 5
228 315 5
132 216 5
181 277 5
220 295 5
128 178 5
130 180 5
50 172 5
358 386 5
5 296 5
158 198 5
20 388 5
51 236 5
107 352 5
182 230 5
352 373 5
229 265 5
43 273 5
52 396 5
287 319 5
19 95 5
13 148 5
184 347 5
270 304 5
164 241 5
381 398 5
361 401 5
56 196 5
6 50 5
352 375 5
187 325 5
14 397 5
188 268 5
56 256 5
46 319 5
141 337 5
154 214 5
156 159 5
9 24 5
134 250 5
114 260 5
220 246 5
113 302 5
87 235 5
133 380 5
185 239 5
56 180 5
243 325 5
53 119 5
37 170 5
98 311 5
45 384 5
63 274 5
144 215 5
297 348 5
156 393 5
133 311 5
47 245 5
206 284 5
151 335 5
8 338 5
172 393 5
169 260 5
307 379 5
76 221 5
87 391 5
58 131 5
120 374 5
3 260 5
336 373 5
206 328 5
127 339 5
246 310 5
192 255 5
50 78 5
59 198 5
158 370 5
16 123 5
28 137 5
29 394 5
152 176 5
18 233 5
63 283 5
24 358 5
322 360 5
1 200 5
127 359 5
210 267 5
44 136 5
93 130 5
213 327 5
224 370 5
346 368 5
58 176 5
46 123 5
204 294 5
275 295 5
126 229 5
29 222 5
23 258 5
180 259 5
210 222 5
30 57 5
101 148 5
238 277 5
50 266 5
89 276 5
91 242 5
106 221 5
90 151 5
344 366 5
44 217 5
242 332 5
44 361 5
62 301 5
315 383 5
231 276 5
123 288 5
271 378 5
214 388 5
219 325 5
93 336 5
85 99 5
7 191 5
169 319 5
261 341 5
56 133 5
64 76 5
192 297 5
31 96 5
150 165 5
345 395 5
24 139 5
73 281 5
81 340 5
286 373 5
264 294 5
64 348 5
143 392 5
210 309 5
223 311 5
116 169 5
278 317 5
247 252 5
181 347 5
277 345 5
168 293 5
10 191 5
103 291 5
257 336 5
220 302 5
228 237 5
112 291 5
175 257 5
65 106 5
15 83 5
287 324 5
164 203 5
53 312 5
82 91 5
30 399 5
107 238 5
117 322 5
27 96 5
34 79 5
352 380 5
178 254 5
37 289 5
141 144 5
246 285 5
208 367 5
94 333 5
135 362 5
272 330 5
83 187 5
35 258 5
112 141 5
94 105 5
194 257 5
7 200 5
151 227 5
152 387 5
347 401 5
140 262 5
89 145 5
57 296 5
62 183 5
61 216 5
62 196 5
54 86 5
144 193 5
255 384 5
150 334 5
262 359 5
15 231 5
269 314 5
53 327 5
52 65 5
272 399 5
32 265 5
215 394 5
69 327 5
54 60 5
284 322 5
41 121 5
338 376 5
30 234 5
166 191 5
179 222 5
99 193 5
39 124 5
106 176 5
37 243 5
300 381 5
236 313 5
11 126 5
10 229 5
194 282 5
69 76 5
203 262 5
189 250 5
21 271 5
134 279 5
130 259 5
355 358 5
150 322 5
68 99 5
105 325 5
223 341 5
84 252 5
131 168 5
49 359 5
250 315 5
312 391 5
62 186 5
34 121 5
271 386 5
129 254 5
114 280 5
85 107 5
28 225 5
24 206 5
218 329 5
85 319 5
48 142 5
190 325 5
78 173 5
177 390 5
162 238 5
84 174 5
87 281 5
277 358 5
129 338 5
85 123 5
80 242 5
180 229 5
66 203 5
194 397 5
150 210 5
146 241 5
71 319 5
247 318 5
78 380 5
84 152 5
161 170 5
37 104 5
113 126 5
238 283 5
235 391 5
123 136 5
169 261 5
44 241 5
309 326 5
147 310 5
117 149 5
188 292 5
139 281 5
33 117 5
116 358 5
190 342 5
117 286 5
83 226 5
136 230 5
38 63 5
125 233 5
198 366 5
92 111 5
81 89 5
91 390 5
208 308 5
211 271 5
21 67 5
99 150 5
106 138 5
151 288 5
245 369 5
193 267 5
168 400 5
36 401 5
197 231 5
100 269 5
162 360 5
283 315 5
121 374 5
27 377 5
186 253 5
319 371 5
119 206 5
15 89 5
298 376 5
165 265 5
104 292 5
129 291 5
129 271 5
173 326 5
266 398 5
231 346 5
227 298 5
17 145 5
193 272 5
116 123 5
85 378 5
113 255 5
202 277 5
173 270 5
106 249 5
109 140 5
237 282 5
102 225 5
37 99 5
34 397 5
13 365 5
261 337 5
80 240 5
110 350 5
64 272 5
306 321 5
17 222 5
97 175 5
116 291 5
139 342 5
49 294 5
175 351 5
124 285 5
71 395 5
66 222 5
100 258 5
35 79 5
117 391 5
138 188 5
131 172 5
149 202 5
51 95 5
166 298 5
128 191 5
85 131 5
252 288 5
208 297 5
10 367 5
201 232 5
105 373 5
88 256 5
7 278 5
245 267 5
14 88 5
288 397 5
46 237 5
74 382 5
15 244 5
172 201 5
46 139 5
222 297 5
98 117 5
108 177 5
83 377 5
11 260 5
21 171 5
27 114 5
30 47 5
134 293 5
117 361 5
25 93 5
74 79 5
93 171 5
44 390 5
35 338 5
158 182 5
3 279 5
179 347 5
58 101 5
68 228 5
248 360 5
72 239 5
347 358 5
101 311 5
163 291 5
256 270 5
315 348 5
158 329 5
113 390 5
49 201 5
96 382 5
99 279 5
224 332 5
62 350 5
176 325 5
129 283 5
39 95 5
27 40 5
200 397 5
22 158 5
89 292 5
76 85 5
12 311 5
95 233 5
32 74 5
169 216 5
85 166 5
88 267 5
289 390 5
149 386 5
63 278 5
231 340 5
366 389 5
270 384 5
165 365 5
214 326 5
255 298 5
237 401 5
305 383 5
4 128 5
8 219 5
92 296 5
235 385 5
45 253 5
122 401 5
29 257 5
350 368 5
86 338 5
5 28 5
242 393 5
278 392 5
166 318 5
239 248 5
153 302 5
142 156 5
28 150 5
47 323 5
30 314 5
156 165 5
74 350 5
165 175 5
186 206 5
214 291 5
122 218 5
114 391 5
58 381 5
63 224 5
297 310 5
61 122 5
210 275 5
277 310 5
96 396 5
9 305 5
24 59 5
170 173 5
9 81 5
16 286 5
195 230 5
248 316 5
46 238 5
101 177 5
217 237 5
186 400 5
132 145 5
27 307 5
78 255 5
174 336 5
239 250 5
182 346 5
26 371 5
123 188 5
35 203 5
7 229 5
31 327 5
150 216 5
163 317 5
52 326 5
152 397 5
237 369 5
127 142 5
277 395 5
2 68 5
49 317 5
230 313 5
262 355 5
121 256 5
76 363 5
155 323 5
26 190 5
4 81 5
175 316 5
99 393 5
216 367 5
94 202 5
184 293 5
15 250 5
83 168 5
290 324 5
71 309 5
4 191 5
118 335 5
10 124 5
79 119 5
237 268 5
144 390 5
318 345 5
305 336 5
88 270 5
224 254 5
6 144 5
145 158 5
328 385 5
313 324 5
56 273 5
63 231 5
132 164 5
180 256 5
246 332 5
155 374 5
189 198 5
141 143 5
46 105 5
149 192 5
316 372 5
44 58 5
49 261 5
48 288 5
273 317 5
262 371 5
200 328 5
131 397 5
36 248 5
281 386 5
30 178 5
34 376 5
250 291 5
188 395 5
8 295 5
258 282 5
51 374 5
11 99 5
306 372 5
147 222 5
116 243 5
155 242 5
150 389 5
23 372 5
29 397 5
174 376 5
82 131 5
21 221 5
80 331 5
87 297 5
161 345 5
178 211 5
261 390 5
295 310 5
128 231 5
72 188 5
14 316 5
376 386 5
29 163 5
231 398 5
45 57 5
3 187 5
199 296 5
201 280 5
48 367 5
169 208 5
346 383 5
17 371 5
279 399 5
108 337 5
196 198 5
113 253 5
209 237 5
87 371 5
157 265 5
201 394 5
274 276 5
144 253 5
131 244 5
344 364 5
96 111 5
77 170 5
129 259 5
6 120 5
55 257 5
126 186 5
37 324 5
131 238 5
347 398 5
174 210 5
46 226 5
98 276 5
127 394 5
241 309 5
256 257 5
25 271 5
39 366 5
101 166 5
293 371 5
244 299 5
20 29 5
23 343 5
65 334 5
10 72 5
318 330 5
154 293 5
167 363 5
28 324 5
236 293 5
148 336 5
90 206 5
127 172 5
317 346 5
286 293 5
208 310 5
183 329 5
206 236 5
270 301 5
14 211 5
139 310 5
201 331 5
365 366 5
39 287 5
65 331 5
194 400 5
151 283 5
204 395 5
81 193 5
45 339 5
77 248 5
253 333 5
87 175 5
117 210 5
19 59 5
130 369 5
132 230 5
193 241 5
169 353 5
151 233 5
282 344 5
31 305 5
107 298 5
25 50 5
35 372 5
95 121 5
19 355 5
52 202 5
105 334 5
164 318 5
119 352 5
180 204 5
116 323 5
44 164 5
67 267 5
21 396 5
282 299 5
51 251 5
78 148 5
121 300 5
66 256 5
209 241 5
84 292 5
9 262 5
224 399 5
97 247 5
116 300 5
38 98 5
87 214 5
201 227 5
79 268 5
247 360 5
239 370 5
209 389 5
108 190 5
44 108 5
246 349 5
252 330 5
261 312 5
190 208 5
258 286 5
46 126 5
224 257 5
15 156 5
28 109 5
188 314 5
159 368 5
146 205 5
27 201 5
265 390 5
207 373 5
32 51 5
356 393 5
52 376 5
241 288 5
145 182 5
198 381 5
126 263 5
17 276 5
214 384 5
44 126 5
10 170 5
358 389 5
230 288 5
87 151 5
218 293 5
195 322 5
15 186 5
67 276 5
163 234 5
14 380 5
250 380 5
66 314 5
47 341 5
260 330 5
45 324 5
58 92 5
87 127 5
86 152 5
238 316 5
132 237 5
103 129 5
125 217 5
362 400 5
194 283 5
234 261 5
280 285 5
197 229 5
198 285 5
160 280 5
217 315 5
41 372 5
195 303 5
199 217 5
32 34 5
20 233 5
144 210 5
48 170 5
216 330 5
121 363 5
263 314 5
5 43 5
258 274 5
215 344 5
103 144 5
57 93 5
136 392 5
97 367 5
296 331 5
182 362 5
1 275 5
193 283 5
90 314 5
51 305 5
85 242 5
98 176 5
175 399 5
292 328 5
47 234 5
141 190 5
8 234 5
247 400 5
15 41 5
365 371 5
218 383 5
3 56 5
91 269 5
254 338 5
61 181 5
94 157 5
218 327 5
215 270 5
100 160 5
142 220 5
65 355 5
8 146 5
260 327 5
144 301 5
14 180 5
68 270 5
69 273 5
196 233 5
140 206 5
85 393 5
266 314 5
82 85 5
240 354 5
339 370 5
183 185 5
157 323 5
136 238 5
67 396 5
236 283 5
295 322 5
134 236 5
202 390 5
180 257 5
106 392 5
61 190 5
383 399 5
67 176 5
14 153 5
92 121 5
24 277 5
254 376 5
110 271 5
163 337 5
104 398 5
70 291 5
23 392 5
306 380 5
84 297 5
2 235 5
75 369 5
56 264 5
38 366 5
117 195 5
124 287 5
148 310 5
162 284 5
31 73 5
66 235 5
39 242 5
1 304 5
294 312 5
96 216 5
345 392 5
252 372 5
45 65 5
1 219 5
174 183 5
38 368 5
162 373 5
253 354 5
86 382 5
126 310 5
47 189 5
300 360 5
288 335 5
198 300 5
301 395 5
85 244 5
56 386 5
94 122 5
173 312 5
18 122 5
167 233 5
211 386 5
66 310 5
46 236 5
217 396 5
244 256 5
263 275 5
150 155 5
53 208 5
19 107 5
47 104 5
23 104 5
116 232 5
76 298 5
19 100 5
94 339 5
151 324 5
221 389 5
59 128 5
106 126 5
345 349 5
279 382 5
135 222 5
100 101 5
119 260 5
281 379 5
295 303 5
81 198 5
17 51 5
189 273 5
69 366 5
64 199 5
18 115 5
51 247 5
146 156 5
162 372 5
24 176 5
39 397 5
139 231 5
90 169 5
48 330 5
67 223 5
221 350 5
19 39 5
271 291 5
11 227 5
25 329 5
74 115 5
115 124 5
333 361 5
4 352 5
93 126 5
27 205 5
194 258 5
15 362 5
19 344 5
9 85 5
238 358 5
256 305 5
68 174 5
218 295 5
218 257 5
330 392 5
178 333 5
125 365 5
75 110 5
275 368 5
67 273 5
65 151 5
165 324 5
99 342 5
107 180 5
16 98 5
2 136 5
204 271 5
161 248 5
104 170 5
233 378 5
105 382 5
9 230 5
191 346 5
312 377 5
138 249 5
288 378 5
313 373 5
83 125 5
304 386 5
83 189 5
320 398 5
157 262 5
3 200 5
21 41 5
71 179 5
273 284 5
51 281 5
185 396 5
144 160 5
281 380 5
7 356 5
167 393 5
291 401 5
74 385 5
267 336 5
66 185 5
222 332 5
45 203 5
139 298 5
148 316 5
187 209 5
30 259 5
139 287 5
254 282 5
46 232 5
125 161 5
259 401 5
189 258 5
336 363 5
52 343 5
11 346 5
129 274 5
220 243 5
134 267 5
74 390 5
92 320 5
130 332 5
257 378 5
11 95 5
160 171 5
18 293 5
153 243 5
205 348 5
160 334 5
31 101 5
115 386 5
118 331 5
243 337 5
108 172 5
69 233 5
60 254 5
184 324 5
190 374 5
113 273 5
67 272 5
31 115 5
358 362 5
184 309 5
161 343 5
241 264 5
43 298 5
227 292 5
70 169 5
310 399 5
303 324 5
42 225 5
107 231 5
197 292 5
175 337 5
162 289 5
123 367 5
222 245 5
77 103 5
15 164 5
279 341 5
313 390 5
110 211 5
281 351 5
182 260 5
274 301 5
52 78 5
203 348 5
343 377 5
103 283 5
264 321 5
181 298 5
142 400 5
87 269 5
255 399 5
36 331 5
208 210 5
160 387 5
159 245 5
31 341 5
91 217 5
18 82 5
37 96 5
66 392 5
1 199 5
168 384 5
124 181 5
110 240 5
26 50 5
380 396 5
135 275 5
120 261 5
19 34 5
36 374 5
122 325 5
63 204 5
172 342 5
79 299 5
162 169 5
79 145 5
9 333 5
248 341 5
113 114 5
163 245 5
211 239 5
215 345 5
74 112 5
136 145 5
165 244 5
118 287 5
167 253 5
162 180 5
24 132 5
185 258 5
337 374 5
1 382 5
341 342 5
53 228 5
71 126 5
288 336 5
174 382 5
92 353 5
160 248 5
11 237 5
3 26 5
169 370 5
130 351 5
349 374 5
205 335 5
231 307 5
213 304 5
225 287 5
186 317 5
41 350 5
237 329 5
49 382 5
9 73 5
72 329 5
232 381 5
12 307 5
53 78 5
28 75 5
95 183 5
73 189 5
372 376 5
94 257 5
52 352 5
80 267 5
29 310 5
310 381 5
101 338 5
290 346 5
33 173 5
76 347 5
13 30 5
55 163 5
82 202 5
263 337 5
296 336 5
124 266 5
217 383 5
194 333 5
268 274 5
249 272 5
251 375 5
157 311 5
118 351 5
195 328 5
151 273 5
236 343 5
375 397 5
56 398 5
197 260 5
164 392 5
115 267 5
102 248 5
3 295 5
253 344 5
196 240 5
191 213 5
45 348 5
67 122 5
64 122 5
287 334 5
66 348 5
40 121 5
16 118 5
95 285 5
49 158 5
48 315 5
222 272 5
234 275 5
85 115 5
27 217 5
79 280 5
239 397 5
33 98 5
135 162 5
140 227 5
120 292 5
87 241 5
102 331 5
30 97 5
78 386 5
105 255 5
198 392 5
224 326 5
113 144 5
32 382 5
139 333 5
49 111 5
1 208 5
135 154 5
41 380 5
161 348 5
33 271 5
73 273 5
102 207 5
42 191 5
179 369 5
169 296 5
165 293 5
64 382 5
4 117 5
12 142 5
49 122 5
122 264 5
16 330 5
42 329 5
68 275 5
202 338 5
274 380 5
185 282 5
323 375 5
225 376 5
290 343 5
65 127 5
129 234 5
118 245 5
51 366 5
313 314 5
159 314 5
2 87 5
69 355 5
33 229 5
12 78 5
174 359 5
196 221 5
243 354 5
44 315 5
109 184 5
17 113 5
219 310 5
226 327 5
9 377 5
21 363 5
306 364 5
104 213 5
86 181 5
224 260 5
91 211 5
79 236 5
195 334 5
116 223 5
303 335 5
205 211 5
130 153 5
36 234 5
106 299 5
140 226 5
130 392 5
102 171 5
278 388 5
146 383 5
57 278 5
77 340 5
228 368 5
175 300 5
21 397 5
88 397 5
2 292 5
206 227 5
21 314 5
59 199 5
275 338 5
12 111 5
44 72 5
98 388 5
116 290 5
366 375 5
127 341 5
192 301 5
285 313 5
369 400 5
43 280 5
158 290 5
269 383 5
70 328 5
180 354 5
189 283 5
227 295 5
299 343 5
38 358 5
39 327 5
12 145 5
272 364 5
24 227 5
8 244 5
110 285 5
62 79 5
327 369 5
194 219 5
22 288 5
120 202 5
2 313 5
211 390 5
361 369 5
78 225 5
263 390 5
76 134 5
38 347 5
4 43 5
247 264 5
45 50 5
129 203 5
106 128 5
169 324 5
190 322 5
113 284 5
63 268 5
114 125 5
78 154 5
84 302 5
145 231 5
237 306 5
182 278 5
15 281 5
297 351 5
19 200 5
1 396 5
173 220 5
202 388 5
122 169 5
51 249 5
234 312 5
20 391 5
35 67 5
191 246 5
41 149 5
277 335 5
126 285 5
130 141 5
99 237 5
90 108 5
117 157 5
109 336 5
310 330 5
170 395 5
103 242 5
8 220 5
209 225 5
27 332 5
273 349 5
61 194 5
20 201 5
9 145 5
84 211 5
320 358 5
120 309 5
24 27 5
208 276 5
31 277 5
24 189 5
45 291 5
337 339 5
162 298 5
218 398 5
93 238 5
286 342 5
298 361 5
85 306 5
177 241 5
115 207 5
96 160 5
259 326 5
192 273 5
65 223 5
222 253 5
319 339 5
215 256 5
184 275 5
17 164 5
180 182 5
120 401 5
139 370 5
152 297 5
1 347 5
133 136 5
207 368 5
204 228 5
19 225 5
75 362 5
296 314 5
213 231 5
99 307 5
86 180 5
175 283 5
15 61 5
28 87 5
166 254 5
4 55 5
73 134 5
4 270 5
205 283 5
105 309 5
85 133 5
93 108 5
200 379 5
10 105 5
76 168 5
30 357 5
342 371 5
41 91 5
56 344 5
183 207 5
19 340 5
23 328 5
132 281 5
262 378 5
62 309 5
103 394 5
158 294 5
92 283 5
208 292 5
270 357 5
132 225 5
145 386 5
75 195 5
186 323 5
90 392 5
109 178 5
2 104 5
204 356 5
180 308 5
216 288 5
281 314 5
279 390 5
110 344 5
43 391 5
308 312 5
38 346 5
135 330 5
1 182 5
77 367 5
29 173 5
19 104 5
222 349 5
58 329 5
74 346 5
59 215 5
277 298 5
6 338 5
219 380 5
68 125 5
12 363 5
96 162 5
14 344 5
90 170 5
165 382 5
10 401 5
9 19 5
186 357 5
240 243 5
357 386 5
171 260 5
44 156 5
234 337 5
31 302 5
65 134 5
295 386 5
160 399 5
310 329 5
160 364 5
160 165 5
45 173 5
178 230 5
89 202 5
71 157 5
2 147 5
190 400 5
117 230 5
135 315 5
17 126 5
108 259 5
81 93 5
225 240 5
163 207 5
241 323 5
4 169 5
81 213 5
250 331 5
41 50 5
91 184 5
237 279 5
258 278 5
98 159 5
11 66 5
264 293 5
27 401 5
107 121 5
18 165 5
19 327 5
297 332 5
137 248 5
7 401 5
256 349 5
2 61 5
166 378 5
256 317 5
1 246 5
132 172 5
3 270 5
182 295 5
133 282 5
326 367 5
60 130 5
78 343 5
129 311 5
48 81 5
46 88 5
66 121 5
122 343 5
126 320 5
114 287 5
174 361 5
31 378 5
33 131 5
246 385 5
50 401 5
265 366 5
376 398 5
168 390 5
74 296 5
155 300 5
15 345 5
10 256 5
208 330 5
247 288 5
92 395 5
24 320 5
49 141 5
57 59 5
106 129 5
42 108 5
93 155 5
38 333 5
144 185 5
42 300 5
315 339 5
58 252 5
67 121 5
49 179 5
98 348 5
9 341 5
262 328 5
2 36 5
92 377 5
60 154 5
220 240 5
195 386 5
306 395 5
137 390 5
89 289 5
99 251 5
275 308 5
22 395 5
47 200 5
43 394 5
51 370 5
5 231 5
40 50 5
98 305 5
205 364 5
96 251 5
118 275 5
80 268 5
22 69 5
3 110 5
29 326 5
208 303 5
229 233 5
296 352 5
10 100 5
69 344 5
20 133 5
183 372 5
59 275 5
263 280 5
203 310 5
31 183 5
110 320 5
50 341 5
125 251 5
49 352 5
50 329 5
253 355 5
156 221 5
305 328 5
303 320 5
35 396 5
38 339 5
69 290 5
168 312 5
4 220 5
34 370 5
2 361 5
