180 314 3
47 249 3
67 234 3
133 313 3
87 281 3
52 246 3
57 164 3
115 205 3
33 141 3
169 235 3
161 241 3
110 261 3
117 144 3
217 254 3
31 77 3
134 210 3
59 100 3
45 126 3
1 179 3
25 87 3
47 328 3
104 252 3
35 159 3
112 308 3
130 175 3
200 256 3
38 229 3
101 104 3
25 266 3
296 317 3
102 119 3
94 160 3
139 218 3
139 204 3
149 317 3
225 284 3
64 65 3
55 143 3
19 282 3
193 254 3
79 121 3
140 269 3
56 202 3
41 84 3
166 185 3
79 179 3
216 264 3
56 317 3
222 274 3
167 204 3
173 267 3
147 151 3
169 329 3
96 250 3
94 281 3
290 317 3
49 227 3
44 104 3
16 127 3
64 101 3
62 232 3
163 279 3
198 264 3
9 153 3
225 325 3
43 276 3
139 272 3
154 211 3
110 160 3
247 319 3
64 295 3
107 133 3
149 318 3
50 153 3
52 249 3
111 196 3
215 308 3
20 127 3
115 199 3
29 259 3
191 224 3
249 302 3
163 180 3
70 192 3
7 236 3
70 179 3
198 231 3
96 183 3
152 216 3
263 300 3
79 102 3
125 158 3
122 192 3
150 243 3
101 119 3
41 88 3
123 269 3
187 258 3
114 235 3
1 161 3
183 278 3
199 231 3
48 278 3
115 200 3
2 161 3
50 159 3
104 127 3
203 225 3
113 239 3
25 294 3
2 133 3
32 321 3
44 218 3
246 278 3
74 331 3
102 278 3
177 271 3
300 318 3
2 42 3
105 122 3
3 74 3
26 280 3
70 201 3
107 170 3
131 182 3
51 234 3
2 52 3
96 222 3
135 219 3
41 138 3
128 239 3
66 159 3
46 83 3
44 303 3
47 76 3
165 301 3
32 69 3
189 327 3
101 164 3
202 215 3
215 265 3
103 266 3
266 324 3
73 281 3
126 242 3
130 253 3
148 208 3
150 238 3
208 253 3
193 219 3
25 203 3
187 192 3
56 101 3
48 76 3
185 263 3
67 277 3
47 195 3
49 252 3
38 201 3
41 83 3
90 110 3
255 257 3
160 297 3
74 137 3
266 287 3
23 78 3
129 210 3
185 269 3
230 316 3
82 260 3
204 246 3
29 68 3
170 319 3
207 329 3
107 289 3
209 216 3
46 131 3
60 262 3
53 290 3
66 164 3
8 238 3
115 241 3
136 177 3
285 299 3
146 161 3
286 326 3
21 269 3
22 106 3
260 270 3
232 286 3
108 226 3
170 191 3
149 238 3
115 120 3
105 202 3
107 279 3
112 187 3
142 168 3
28 284 3
32 120 3
74 174 3
25 110 3
14 299 3
136 193 3
35 236 3
50 147 3
143 236 3
240 300 3
52 280 3
83 173 3
52 281 3
84 280 3
9 55 3
6 251 3
36 38 3
37 129 3
111 314 3
45 159 3
280 294 3
103 237 3
51 248 3
152 310 3
286 312 3
6 278 3
259 280 3
178 310 3
45 228 3
202 313 3
231 305 3
9 208 3
164 269 3
57 299 3
145 215 3
12 263 3
96 168 3
12 115 3
186 218 3
92 321 3
165 186 3
17 91 3
114 133 3
280 321 3
79 221 3
51 150 3
120 277 3
59 308 3
28 116 3
93 194 3
125 250 3
14 104 3
138 292 3
25 97 3
265 324 3
76 188 3
119 124 3
87 171 3
238 327 3
119 316 3
188 215 3
2 34 3
13 52 3
79 229 3
91 128 3
171 297 3
215 275 3
94 310 3
254 332 3
190 243 3
187 298 3
305 319 3
73 89 3
63 326 3
181 319 3
201 229 3
263 288 3
7 123 3
19 275 3
86 322 3
29 176 3
243 286 3
38 184 3
4 38 3
105 114 3
211 280 3
79 186 3
87 103 3
166 258 3
1 164 3
229 266 3
33 222 3
75 159 3
21 148 3
13 153 3
42 262 3
136 329 3
204 286 3
128 319 3
11 323 3
191 241 3
222 239 3
44 324 3
245 302 3
77 245 3
11 53 3
62 85 3
152 220 3
79 219 3
92 161 3
40 90 3
53 288 3
145 256 3
131 241 3
232 303 3
62 131 3
90 283 3
37 53 3
194 202 3
22 191 3
114 327 3
175 201 3
79 272 3
78 315 3
63 158 3
117 169 3
72 141 3
72 217 3
64 313 3
35 267 3
132 328 3
85 141 3
42 198 3
193 312 3
135 243 3
170 276 3
129 290 3
39 127 3
149 273 3
204 306 3
3 292 3
91 326 3
82 100 3
84 210 3
62 65 3
38 113 3
60 122 3
173 178 3
163 286 3
73 77 3
88 246 3
136 269 3
123 307 3
182 271 3
247 306 3
244 249 3
185 254 3
242 285 3
4 40 3
288 317 3
24 325 3
3 18 3
34 190 3
117 180 3
143 256 3
150 189 3
45 89 3
205 211 3
19 55 3
69 265 3
280 313 3
101 132 3
154 263 3
4 157 3
222 291 3
62 245 3
79 203 3
157 247 3
15 268 3
273 331 3
49 270 3
68 279 3
94 273 3
112 157 3
226 247 3
194 297 3
126 317 3
199 245 3
247 249 3
56 276 3
5 127 3
250 300 3
3 135 3
74 270 3
14 149 3
86 188 3
256 314 3
32 75 3
109 116 3
30 107 3
254 323 3
143 299 3
55 307 3
142 165 3
108 223 3
18 197 3
85 112 3
114 267 3
219 260 3
35 304 3
79 193 3
40 174 3
2 324 3
37 169 3
100 195 3
273 318 3
128 185 3
79 239 3
71 103 3
220 245 3
5 179 3
210 262 3
9 116 3
227 244 3
43 135 3
155 181 3
213 220 3
135 329 3
165 211 3
91 230 3
77 279 3
131 170 3
204 328 3
209 226 3
17 67 3
139 165 3
273 320 3
281 294 3
24 205 3
95 318 3
259 275 3
60 141 3
82 137 3
114 293 3
204 221 3
110 167 3
200 280 3
13 195 3
181 297 3
23 29 3
13 221 3
11 307 3
34 169 3
99 183 3
19 278 3
125 159 3
5 207 3
118 215 3
23 87 3
116 321 3
109 269 3
315 325 3
178 260 3
224 258 3
26 286 3
167 291 3
95 177 3
130 283 3
34 148 3
158 228 3
152 227 3
29 284 3
38 269 3
52 178 3
80 154 3
56 114 3
41 325 3
153 250 3
179 184 3
18 123 3
57 217 3
114 241 3
68 243 3
101 111 3
259 311 3
125 258 3
78 130 3
153 267 3
87 124 3
112 160 3
124 145 3
116 216 3
36 105 3
33 208 3
134 155 3
190 226 3
40 259 3
18 27 3
129 170 3
68 127 3
55 304 3
52 192 3
101 264 3
188 318 3
17 308 3
99 267 3
150 161 3
185 214 3
166 186 3
61 239 3
206 240 3
97 199 3
114 132 3
221 225 3
19 162 3
136 288 3
67 323 3
11 188 3
93 251 3
118 226 3
30 53 3
190 244 3
125 202 3
295 307 3
23 210 3
117 214 3
148 230 3
279 316 3
208 263 3
13 168 3
43 147 3
57 148 3
30 255 3
67 280 3
16 105 3
45 173 3
84 157 3
154 278 3
36 128 3
5 173 3
54 58 3
41 205 3
203 276 3
53 72 3
152 159 3
65 298 3
201 213 3
22 230 3
8 135 3
70 97 3
112 269 3
34 188 3
188 272 3
67 134 3
223 306 3
201 323 3
279 284 3
69 325 3
64 227 3
121 298 3
142 186 3
183 263 3
124 318 3
40 80 3
132 177 3
110 163 3
113 143 3
19 305 3
152 250 3
61 291 3
45 202 3
181 323 3
93 153 3
59 299 3
77 99 3
218 265 3
115 204 3
148 189 3
228 239 3
229 290 3
72 258 3
104 120 3
138 320 3
76 158 3
209 287 3
138 253 3
156 238 3
163 228 3
141 330 3
74 194 3
46 240 3
111 292 3
81 107 3
220 239 3
116 254 3
196 325 3
235 293 3
17 200 3
12 293 3
169 277 3
82 298 3
10 121 3
172 319 3
268 317 3
130 313 3
58 140 3
95 269 3
175 250 3
137 296 3
81 217 3
172 196 3
52 130 3
99 146 3
59 252 3
157 196 3
123 147 3
76 198 3
163 184 3
19 168 3
68 88 3
66 148 3
162 207 3
2 44 3
5 297 3
85 181 3
102 272 3
201 231 3
299 324 3
44 163 3
11 278 3
143 162 3
87 245 3
174 247 3
254 263 3
78 241 3
115 319 3
159 241 3
78 163 3
125 178 3
168 226 3
36 118 3
29 124 3
87 254 3
111 198 3
207 308 3
119 214 3
280 285 3
130 307 3
206 215 3
113 207 3
34 249 3
21 327 3
116 145 3
172 283 3
39 209 3
82 238 3
157 159 3
169 267 3
276 295 3
72 243 3
250 281 3
118 205 3
153 180 3
247 278 3
42 62 3
58 231 3
78 327 3
110 225 3
143 316 3
181 313 3
113 138 3
182 269 3
18 297 3
124 240 3
70 231 3
104 154 3
187 306 3
21 283 3
251 264 3
229 314 3
162 308 3
6 116 3
210 238 3
216 322 3
43 66 3
7 178 3
3 221 3
155 167 3
65 174 3
224 327 3
88 330 3
220 290 3
139 270 3
222 252 3
287 303 3
227 260 3
197 232 3
296 326 3
57 99 3
100 235 3
80 84 3
7 106 3
192 301 3
62 161 3
257 304 3
12 57 3
196 221 3
158 222 3
111 254 3
77 208 3
1 304 3
56 117 3
123 271 3
100 110 3
12 37 3
41 199 3
12 304 3
47 232 3
84 127 3
213 260 3
18 189 3
191 238 3
53 80 3
306 315 3
60 110 3
111 182 3
157 283 3
147 325 3
95 257 3
51 92 3
188 290 3
91 119 3
57 182 3
265 270 3
103 151 3
40 192 3
7 50 3
277 311 3
50 180 3
159 285 3
54 239 3
4 210 3
21 304 3
113 260 3
22 35 3
33 322 3
74 91 3
9 11 3
112 275 3
54 81 3
88 151 3
16 24 3
66 73 3
115 270 3
21 231 3
88 323 3
49 120 3
69 91 3
91 270 3
33 101 3
91 304 3
45 317 3
181 325 3
124 308 3
24 56 3
63 200 3
30 49 3
144 272 3
91 318 3
84 229 3
132 178 3
120 279 3
205 221 3
96 311 3
215 311 3
61 79 3
36 207 3
122 151 3
11 299 3
74 245 3
86 274 3
122 278 3
5 27 3
36 88 3
133 175 3
111 219 3
6 68 3
57 192 3
146 287 3
124 287 3
15 89 3
203 215 3
302 324 3
33 313 3
210 277 3
54 216 3
95 138 3
142 161 3
41 116 3
136 229 3
35 248 3
166 235 3
142 293 3
14 106 3
16 300 3
104 150 3
235 272 3
204 318 3
19 183 3
184 313 3
157 215 3
196 273 3
171 276 3
82 132 3
231 311 3
146 187 3
20 185 3
48 65 3
161 313 3
91 176 3
240 280 3
102 199 3
281 306 3
77 122 3
5 261 3
124 154 3
244 277 3
278 319 3
43 297 3
96 229 3
110 201 3
77 168 3
248 265 3
23 309 3
91 257 3
209 262 3
28 278 3
61 171 3
182 309 3
157 168 3
106 321 3
201 302 3
152 187 3
168 195 3
72 263 3
11 101 3
99 131 3
98 316 3
14 74 3
6 25 3
188 250 3
196 233 3
213 215 3
34 111 3
63 201 3
88 188 3
56 109 3
58 261 3
162 225 3
43 233 3
75 305 3
206 254 3
19 71 3
5 189 3
12 114 3
29 262 3
261 301 3
104 125 3
78 142 3
124 134 3
199 321 3
131 307 3
188 296 3
46 155 3
117 332 3
75 198 3
90 119 3
80 200 3
57 308 3
69 84 3
32 89 3
310 330 3
42 293 3
22 81 3
119 134 3
65 237 3
43 195 3
6 132 3
286 303 3
51 222 3
71 249 3
80 296 3
163 287 3
12 79 3
58 163 3
80 147 3
77 194 3
74 124 3
118 124 3
15 156 3
257 331 3
61 299 3
114 192 3
4 225 3
65 195 3
55 225 3
31 189 3
134 318 3
213 271 3
295 328 3
63 76 3
72 106 3
70 109 3
4 229 3
73 184 3
3 164 3
36 40 3
184 275 3
8 39 3
46 263 3
62 329 3
39 116 3
230 314 3
230 248 3
130 146 3
208 225 3
205 216 3
194 313 3
129 324 3
95 198 3
120 201 3
160 259 3
155 201 3
11 113 3
208 309 3
190 295 3
254 305 3
225 286 3
140 151 3
103 216 3
91 313 3
210 323 3
121 175 3
119 292 3
135 319 3
147 153 3
77 182 3
265 309 3
53 147 3
166 277 3
68 310 3
138 150 3
117 252 3
21 225 3
31 246 3
43 206 3
48 273 3
59 83 3
7 218 3
5 298 3
32 198 3
47 157 3
9 108 3
24 81 3
155 189 3
25 143 3
167 175 3
203 280 3
14 221 3
96 180 3
251 301 3
192 222 3
225 268 3
170 194 3
55 110 3
198 307 3
22 86 3
22 114 3
45 282 3
24 114 3
138 153 3
166 239 3
34 232 3
30 166 3
45 174 3
13 92 3
154 265 3
200 203 3
46 293 3
61 75 3
15 258 3
21 50 3
199 323 3
134 148 3
247 287 3
27 91 3
177 304 3
124 266 3
210 215 3
51 289 3
259 301 3
62 191 3
122 185 3
88 310 3
145 290 3
79 162 3
131 135 3
1 99 3
41 152 3
68 327 3
66 158 3
22 290 3
2 207 3
1 131 3
9 289 3
101 187 3
83 177 3
45 218 3
267 274 3
225 331 3
55 231 3
285 329 3
96 185 3
226 285 3
247 272 3
140 233 3
17 81 3
110 271 3
110 207 3
215 321 3
90 318 3
69 82 3
33 92 3
219 278 3
112 226 3
44 276 3
166 192 3
270 328 3
200 287 3
83 122 3
139 143 3
76 274 3
51 223 3
14 98 3
2 80 3
65 232 3
11 221 3
66 102 3
173 284 3
47 67 3
242 315 3
110 148 3
102 106 3
6 308 3
8 225 3
32 97 3
38 150 3
41 107 3
40 88 3
58 87 3
209 293 3
151 304 3
97 136 3
73 270 3
70 256 3
33 281 3
50 138 3
58 63 3
26 283 3
42 70 3
140 234 3
260 332 3
87 180 3
157 219 3
94 179 3
244 285 3
50 150 3
48 143 3
55 239 3
162 182 3
44 50 3
114 181 3
20 92 3
163 297 3
153 294 3
6 115 3
5 292 3
59 294 3
12 180 3
105 215 3
26 167 3
96 268 3
136 235 3
158 294 3
209 259 3
43 253 3
77 308 3
21 247 3
168 184 3
49 211 3
4 137 3
163 215 3
44 141 3
72 273 3
