89 152 3
89 120 3
89 253 3
89 125 3
93 253 3
89 285 3
120 183 3
285 315 3
23 89 3
195 315 3
89 198 3
120 282 3
234 285 3
89 271 3
173 236 3
120 324 3
183 196 3
89 216 3
66 315 3
89 330 3
47 120 3
68 89 3
203 324 3
125 305 3
125 189 3
68 319 3
242 285 3
89 191 3
54 89 3
120 232 3
89 295 3
89 320 3
204 285 3
89 137 3
89 222 3
89 136 3
45 305 3
89 181 3
89 274 3
89 273 3
89 223 3
5 222 3
26 66 3
180 195 3
89 301 3
89 202 3
89 108 3
89 317 3
23 295 3
75 89 3
42 315 3
12 89 3
29 125 3
1 305 3
270 285 3
89 219 3
120 146 3
89 281 3
232 305 3
222 309 3
89 95 3
34 89 3
233 320 3
125 202 3
31 120 3
95 253 3
89 272 3
120 330 3
99 198 3
183 292 3
286 330 3
89 167 3
314 320 3
198 247 3
154 285 3
222 241 3
89 154 3
89 110 3
100 234 3
109 203 3
90 203 3
120 255 3
51 167 3
129 183 3
89 270 3
136 203 3
36 90 3
218 285 3
89 246 3
88 89 3
89 115 3
89 325 3
175 285 3
48 223 3
45 66 3
89 171 3
29 46 3
136 188 3
23 223 3
12 23 3
90 140 3
89 314 3
90 316 3
33 189 3
133 314 3
201 330 3
226 255 3
85 188 3
209 285 3
89 112 3
83 120 3
132 330 3
71 222 3
89 211 3
129 265 3
37 314 3
89 173 3
6 89 3
5 300 3
16 222 3
173 263 3
41 66 3
5 256 3
222 273 3
24 309 3
129 245 3
89 195 3
289 305 3
47 48 3
59 203 3
245 314 3
66 89 3
89 99 3
225 255 3
89 302 3
213 315 3
77 285 3
89 210 3
54 309 3
89 196 3
226 270 3
89 212 3
120 135 3
89 316 3
54 158 3
120 168 3
84 89 3
120 290 3
120 132 3
89 106 3
89 170 3
9 203 3
89 282 3
90 106 3
89 308 3
36 89 3
120 242 3
89 107 3
32 89 3
15 270 3
136 305 3
36 293 3
182 273 3
89 329 3
89 309 3
192 226 3
24 288 3
109 315 3
272 315 3
32 220 3
86 89 3
51 90 3
89 312 3
89 94 3
40 173 3
51 332 3
173 241 3
136 144 3
89 305 3
36 187 3
37 120 3
89 148 3
89 138 3
47 208 3
89 199 3
21 89 3
128 255 3
89 248 3
89 165 3
30 89 3
86 332 3
33 89 3
9 89 3
152 229 3
89 280 3
89 203 3
226 309 3
66 198 3
89 326 3
89 193 3
237 315 3
26 89 3
51 88 3
89 230 3
89 214 3
89 245 3
89 297 3
3 233 3
34 97 3
139 165 3
216 252 3
89 286 3
66 331 3
189 226 3
176 273 3
111 272 3
177 315 3
35 36 3
106 320 3
216 263 3
46 310 3
105 120 3
56 89 3
100 117 3
205 285 3
136 251 3
43 89 3
178 226 3
178 203 3
131 270 3
91 152 3
27 138 3
63 89 3
173 229 3
89 292 3
89 261 3
74 112 3
54 166 3
90 108 3
89 307 3
74 252 3
48 125 3
36 281 3
190 195 3
24 324 3
82 89 3
173 254 3
1 54 3
7 273 3
115 120 3
78 89 3
89 189 3
89 310 3
174 245 3
54 199 3
15 137 3
90 145 3
36 233 3
15 32 3
54 315 3
89 113 3
33 83 3
203 246 3
18 89 3
75 260 3
89 122 3
91 198 3
12 285 3
270 315 3
90 229 3
36 178 3
58 89 3
51 277 3
89 135 3
89 269 3
112 138 3
35 330 3
275 282 3
60 89 3
80 89 3
173 295 3
90 179 3
89 141 3
54 311 3
215 315 3
89 162 3
14 89 3
89 111 3
85 89 3
200 292 3
135 270 3
70 216 3
89 131 3
111 125 3
89 252 3
90 102 3
120 194 3
40 165 3
12 224 3
60 273 3
89 278 3
120 300 3
203 217 3
120 172 3
125 187 3
89 155 3
89 114 3
7 36 3
261 272 3
66 264 3
25 125 3
270 318 3
89 227 3
66 263 3
33 145 3
125 283 3
89 204 3
183 286 3
37 66 3
100 212 3
205 315 3
27 90 3
52 89 3
89 221 3
136 152 3
1 125 3
98 193 3
66 149 3
252 324 3
167 279 3
122 313 3
90 239 3
203 283 3
150 285 3
89 101 3
89 251 3
1 114 3
167 214 3
37 158 3
89 144 3
60 315 3
240 295 3
89 127 3
39 181 3
83 89 3
64 89 3
51 89 3
106 195 3
36 96 3
47 224 3
89 276 3
89 259 3
19 89 3
47 284 3
58 295 3
50 216 3
8 305 3
89 116 3
226 294 3
124 191 3
102 246 3
248 255 3
20 272 3
49 270 3
20 177 3
194 320 3
89 200 3
61 89 3
270 319 3
153 199 3
184 314 3
28 176 3
57 109 3
126 222 3
7 169 3
255 264 3
89 119 3
10 89 3
1 208 3
140 285 3
54 136 3
54 233 3
89 109 3
89 130 3
89 146 3
89 117 3
89 267 3
66 289 3
125 282 3
125 226 3
16 125 3
25 89 3
47 75 3
89 288 3
89 161 3
120 320 3
47 255 3
63 255 3
89 169 3
87 89 3
89 240 3
188 320 3
91 159 3
82 194 3
125 139 3
173 302 3
249 270 3
84 86 3
195 267 3
89 284 3
89 186 3
120 150 3
85 120 3
125 137 3
54 286 3
89 233 3
52 178 3
136 191 3
55 309 3
89 103 3
74 89 3
12 203 3
120 171 3
114 226 3
79 89 3
147 168 3
89 319 3
53 89 3
138 224 3
89 266 3
69 89 3
30 167 3
178 326 3
73 226 3
240 312 3
45 270 3
245 272 3
89 238 3
285 325 3
4 202 3
145 222 3
120 210 3
104 201 3
42 89 3
131 284 3
1 65 3
96 324 3
283 287 3
208 324 3
61 195 3
38 54 3
47 258 3
44 89 3
40 125 3
89 247 3
113 255 3
89 150 3
73 324 3
93 216 3
89 291 3
120 326 3
90 120 3
89 140 3
225 314 3
89 187 3
246 292 3
186 216 3
120 288 3
284 285 3
89 104 3
156 237 3
54 70 3
39 89 3
89 157 3
1 40 3
54 167 3
167 256 3
2 320 3
17 285 3
100 148 3
89 294 3
89 133 3
51 228 3
89 160 3
89 96 3
214 318 3
89 190 3
8 320 3
5 330 3
36 54 3
27 89 3
89 323 3
65 283 3
228 309 3
89 121 3
98 283 3
117 272 3
54 138 3
78 240 3
125 147 3
214 305 3
44 139 3
54 170 3
23 301 3
131 222 3
89 254 3
89 182 3
54 184 3
180 282 3
125 204 3
85 326 3
50 89 3
19 178 3
32 141 3
212 315 3
55 89 3
176 330 3
89 321 3
46 91 3
123 285 3
136 201 3
24 89 3
89 168 3
12 302 3
89 206 3
173 264 3
19 255 3
120 182 3
33 35 3
185 195 3
66 329 3
89 237 3
70 89 3
96 120 3
89 262 3
61 63 3
216 282 3
13 89 3
94 203 3
71 307 3
3 226 3
89 145 3
129 239 3
89 158 3
89 290 3
90 319 3
1 72 3
269 292 3
276 323 3
7 120 3
32 299 3
54 304 3
146 233 3
96 249 3
121 320 3
216 306 3
97 297 3
3 90 3
170 279 3
54 295 3
16 268 3
212 320 3
58 242 3
200 222 3
51 149 3
89 188 3
60 265 3
224 291 3
23 66 3
89 260 3
89 277 3
103 211 3
89 207 3
203 256 3
14 125 3
120 138 3
59 295 3
174 314 3
57 125 3
167 284 3
122 185 3
47 271 3
205 319 3
33 103 3
89 201 3
107 112 3
89 159 3
40 89 3
62 189 3
240 269 3
89 102 3
89 180 3
75 294 3
34 36 3
100 208 3
102 125 3
69 255 3
275 323 3
87 284 3
265 270 3
106 155 3
167 273 3
89 215 3
61 285 3
319 328 3
180 207 3
125 190 3
185 241 3
189 295 3
33 60 3
30 125 3
89 287 3
223 285 3
89 298 3
90 152 3
195 283 3
32 295 3
146 250 3
89 241 3
128 240 3
82 100 3
89 234 3
131 150 3
140 164 3
171 329 3
54 230 3
10 204 3
95 178 3
112 330 3
172 327 3
74 247 3
246 308 3
83 140 3
25 43 3
120 186 3
120 199 3
253 285 3
1 89 3
283 285 3
16 149 3
72 89 3
89 91 3
91 145 3
54 289 3
90 268 3
29 89 3
89 296 3
120 291 3
181 198 3
159 318 3
77 89 3
106 145 3
167 278 3
245 319 3
135 273 3
22 89 3
141 211 3
5 54 3
210 295 3
120 302 3
209 226 3
120 296 3
120 187 3
89 183 3
108 120 3
55 178 3
233 311 3
178 331 3
120 220 3
125 192 3
321 323 3
17 82 3
54 188 3
89 279 3
285 327 3
120 176 3
96 317 3
178 322 3
58 66 3
2 54 3
89 134 3
121 171 3
54 182 3
89 143 3
36 59 3
197 220 3
189 322 3
96 300 3
319 327 3
81 89 3
9 279 3
11 102 3
132 265 3
103 203 3
2 315 3
53 240 3
122 306 3
89 185 3
54 247 3
120 230 3
131 174 3
282 303 3
23 321 3
5 89 3
1 210 3
204 302 3
67 181 3
6 138 3
208 314 3
4 89 3
89 132 3
120 148 3
26 125 3
61 314 3
30 203 3
131 299 3
231 309 3
61 127 3
12 321 3
120 247 3
324 332 3
9 101 3
63 245 3
63 95 3
181 330 3
89 129 3
1 195 3
125 235 3
6 154 3
200 217 3
54 185 3
66 72 3
82 248 3
220 277 3
154 282 3
89 311 3
170 295 3
66 111 3
197 309 3
123 176 3
241 285 3
83 328 3
89 142 3
212 254 3
120 252 3
66 328 3
252 329 3
60 120 3
19 220 3
187 220 3
137 314 3
89 257 3
121 330 3
15 226 3
59 91 3
89 264 3
106 330 3
54 277 3
130 185 3
114 139 3
112 238 3
179 216 3
58 306 3
18 324 3
36 66 3
219 308 3
92 140 3
112 189 3
176 243 3
3 98 3
61 66 3
81 120 3
111 223 3
2 125 3
188 290 3
93 203 3
34 134 3
18 220 3
66 200 3
47 107 3
2 285 3
278 307 3
201 273 3
120 294 3
6 255 3
42 232 3
59 134 3
157 226 3
136 258 3
120 309 3
46 89 3
8 314 3
61 140 3
89 156 3
45 90 3
45 89 3
86 171 3
12 183 3
183 251 3
51 140 3
142 285 3
229 247 3
83 87 3
12 176 3
120 272 3
264 306 3
270 290 3
89 213 3
120 238 3
294 311 3
54 209 3
60 125 3
89 255 3
54 269 3
88 125 3
54 157 3
136 244 3
30 286 3
6 34 3
62 232 3
54 254 3
38 258 3
124 195 3
88 220 3
118 265 3
3 89 3
38 89 3
193 195 3
311 324 3
63 304 3
51 63 3
75 104 3
89 322 3
140 269 3
90 123 3
149 302 3
4 125 3
69 226 3
115 314 3
47 247 3
47 89 3
66 326 3
63 151 3
33 70 3
120 151 3
217 309 3
7 56 3
6 203 3
195 257 3
23 116 3
64 285 3
23 200 3
218 254 3
243 290 3
316 324 3
97 305 3
42 66 3
125 269 3
61 237 3
285 320 3
24 168 3
136 222 3
54 196 3
89 194 3
66 151 3
9 247 3
164 320 3
87 315 3
71 287 3
139 302 3
117 138 3
107 178 3
147 285 3
120 253 3
302 319 3
136 195 3
251 255 3
28 54 3
51 124 3
151 171 3
17 36 3
167 307 3
44 273 3
125 240 3
181 269 3
66 125 3
134 203 3
161 189 3
125 134 3
65 315 3
89 332 3
12 188 3
215 255 3
16 274 3
24 64 3
121 216 3
254 266 3
32 187 3
148 256 3
103 154 3
12 213 3
194 264 3
62 89 3
270 331 3
248 282 3
146 203 3
75 128 3
89 178 3
66 281 3
222 260 3
188 274 3
80 305 3
188 324 3
34 167 3
115 295 3
195 243 3
16 55 3
58 302 3
226 280 3
126 203 3
89 124 3
90 110 3
62 226 3
54 326 3
226 283 3
42 65 3
11 145 3
89 205 3
74 285 3
21 33 3
36 285 3
89 231 3
16 45 3
89 209 3
63 70 3
75 213 3
273 277 3
195 228 3
188 273 3
89 239 3
22 203 3
33 108 3
31 289 3
91 121 3
89 151 3
75 143 3
31 37 3
7 242 3
109 121 3
142 167 3
216 244 3
33 63 3
88 250 3
250 273 3
120 189 3
221 241 3
255 256 3
213 314 3
90 274 3
89 242 3
31 82 3
34 242 3
86 284 3
54 190 3
142 329 3
226 254 3
141 255 3
145 240 3
257 285 3
46 54 3
90 116 3
100 106 3
62 138 3
100 331 3
6 153 3
48 89 3
255 325 3
202 206 3
178 213 3
54 226 3
112 268 3
83 137 3
66 173 3
187 201 3
251 316 3
85 305 3
148 201 3
285 329 3
23 57 3
234 241 3
124 162 3
120 328 3
113 284 3
4 54 3
125 247 3
14 47 3
92 214 3
80 315 3
198 264 3
110 285 3
174 207 3
73 254 3
129 167 3
178 219 3
89 306 3
277 295 3
89 175 3
75 230 3
10 255 3
246 285 3
89 228 3
18 125 3
36 44 3
41 81 3
34 139 3
183 295 3
27 120 3
30 209 3
23 26 3
137 198 3
167 250 3
178 245 3
54 253 3
152 249 3
270 317 3
66 180 3
171 285 3
101 125 3
22 265 3
204 292 3
178 300 3
248 258 3
55 133 3
148 193 3
167 325 3
46 119 3
93 319 3
89 217 3
50 125 3
54 189 3
120 211 3
33 140 3
147 267 3
107 255 3
230 264 3
75 303 3
63 104 3
89 315 3
199 203 3
120 163 3
5 283 3
8 273 3
273 317 3
105 136 3
56 285 3
66 157 3
18 216 3
119 303 3
10 61 3
202 316 3
90 273 3
89 128 3
125 148 3
105 255 3
81 272 3
31 189 3
169 320 3
6 58 3
82 246 3
170 248 3
57 89 3
89 293 3
199 292 3
203 315 3
106 120 3
34 54 3
86 256 3
19 91 3
34 124 3
125 214 3
27 282 3
33 158 3
128 203 3
54 85 3
112 179 3
92 93 3
17 207 3
272 302 3
13 27 3
147 284 3
253 320 3
198 324 3
17 89 3
91 164 3
14 186 3
202 273 3
61 251 3
125 258 3
40 269 3
229 295 3
6 50 3
290 297 3
