1 2 4
1 3 4
1 5 4
1 9 4
1 18 4
1 39 4
1 57 4
1 93 4
1 141 4
1 217 4
1 218 4
1 231 4
1 235 4
1 274 4
1 275 4
1 299 4
1 301 4
1 332 4
1 362 4
1 364 4
1 365 4
2 3 4
2 5 4
2 32 4
2 60 4
2 64 4
2 86 4
2 152 4
2 215 4
2 252 4
2 275 4
2 332 4
2 348 4
2 363 4
2 364 4
3 33 4
3 123 4
3 128 4
3 139 4
3 152 4
3 239 4
3 275 4
3 297 4
3 305 4
3 364 4
3 365 4
4 7 4
4 10 4
4 21 4
4 57 4
4 185 4
4 208 4
4 209 4
4 289 4
4 302 4
4 344 4
4 365 4
5 7 4
5 9 4
5 143 4
5 163 4
5 174 4
5 274 4
5 333 4
6 8 4
6 10 4
6 12 4
6 26 4
6 55 4
6 63 4
7 9 4
7 11 4
7 76 4
7 139 4
8 9 4
8 10 4
8 277 4
8 283 4
8 339 4
9 12 4
9 13 4
9 34 4
9 85 4
9 177 4
9 178 4
9 281 4
10 12 4
10 14 4
10 71 4
10 79 4
10 91 4
10 123 4
10 178 4
10 181 4
10 256 4
11 12 4
11 15 4
11 82 4
11 86 4
11 113 4
11 178 4
11 265 4
12 15 4
12 16 4
12 91 4
12 135 4
12 157 4
12 211 4
12 233 4
12 310 4
13 14 4
13 16 4
13 17 4
13 125 4
13 273 4
14 18 4
14 23 4
14 184 4
14 289 4
14 311 4
14 318 4
14 351 4
15 16 4
15 17 4
15 19 4
15 27 4
15 43 4
15 138 4
16 19 4
16 24 4
16 81 4
16 105 4
16 117 4
16 261 4
16 266 4
16 295 4
16 311 4
17 19 4
17 90 4
18 19 4
18 21 4
18 200 4
18 286 4
19 23 4
19 88 4
19 148 4
19 240 4
19 300 4
19 303 4
20 21 4
20 284 4
20 285 4
20 328 4
20 330 4
21 79 4
21 286 4
21 293 4
21 324 4
22 23 4
22 26 4
22 145 4
22 201 4
22 204 4
22 237 4
22 253 4
23 26 4
23 127 4
23 140 4
23 348 4
23 355 4
24 27 4
24 34 4
24 37 4
24 60 4
24 69 4
24 79 4
25 29 4
25 194 4
25 200 4
25 220 4
26 30 4
26 92 4
26 143 4
26 144 4
26 168 4
26 276 4
27 31 4
27 232 4
28 29 4
28 32 4
28 91 4
28 155 4
28 157 4
28 225 4
29 48 4
29 49 4
29 60 4
29 62 4
29 113 4
29 120 4
29 147 4
29 224 4
29 306 4
30 31 4
30 56 4
30 120 4
30 217 4
30 266 4
31 41 4
31 86 4
31 124 4
31 142 4
31 233 4
32 34 4
32 60 4
32 73 4
32 100 4
33 37 4
33 137 4
33 190 4
33 243 4
34 104 4
34 105 4
34 331 4
35 36 4
35 38 4
35 39 4
35 231 4
36 38 4
36 40 4
36 100 4
36 117 4
36 131 4
36 260 4
37 41 4
37 157 4
37 184 4
37 307 4
38 40 4
38 42 4
38 50 4
38 175 4
38 273 4
39 40 4
39 41 4
39 42 4
39 43 4
39 180 4
39 323 4
40 42 4
40 43 4
40 44 4
40 96 4
40 114 4
40 247 4
41 42 4
41 104 4
41 135 4
41 143 4
41 150 4
41 289 4
41 334 4
42 43 4
42 61 4
42 179 4
42 238 4
43 60 4
43 68 4
43 192 4
43 204 4
43 290 4
43 354 4
44 146 4
44 211 4
44 222 4
44 306 4
44 327 4
45 46 4
45 47 4
45 49 4
45 66 4
45 194 4
45 251 4
45 298 4
46 50 4
46 204 4
46 255 4
46 290 4
46 337 4
47 48 4
47 50 4
47 51 4
47 82 4
47 120 4
47 146 4
47 215 4
47 273 4
48 51 4
48 52 4
48 64 4
48 154 4
48 194 4
48 249 4
49 51 4
49 121 4
49 160 4
49 269 4
50 54 4
50 72 4
50 106 4
50 160 4
50 204 4
51 52 4
51 53 4
51 56 4
51 71 4
52 56 4
52 63 4
52 173 4
52 182 4
52 219 4
52 242 4
53 57 4
53 62 4
53 102 4
53 137 4
53 312 4
54 57 4
54 58 4
54 105 4
54 146 4
54 153 4
55 56 4
55 57 4
55 59 4
55 100 4
55 107 4
55 165 4
55 171 4
56 58 4
56 218 4
56 295 4
57 59 4
57 60 4
57 61 4
57 246 4
57 310 4
57 321 4
58 61 4
58 62 4
58 223 4
58 255 4
59 63 4
59 90 4
59 109 4
59 118 4
59 317 4
60 64 4
60 120 4
61 62 4
61 63 4
61 98 4
61 266 4
62 64 4
62 122 4
62 157 4
62 213 4
63 64 4
63 65 4
63 66 4
63 229 4
63 242 4
64 66 4
64 68 4
64 115 4
64 122 4
64 236 4
64 251 4
65 68 4
65 69 4
65 70 4
65 120 4
65 241 4
65 285 4
65 314 4
66 68 4
67 68 4
67 70 4
67 71 4
67 110 4
67 187 4
67 292 4
68 72 4
68 152 4
68 167 4
68 216 4
68 242 4
68 257 4
68 334 4
69 73 4
69 115 4
69 178 4
69 250 4
70 72 4
70 74 4
70 78 4
70 330 4
71 74 4
71 75 4
71 250 4
71 259 4
72 98 4
72 227 4
72 287 4
73 74 4
73 76 4
73 95 4
73 125 4
73 197 4
73 280 4
73 316 4
74 75 4
74 77 4
74 78 4
74 243 4
74 277 4
75 76 4
75 79 4
75 101 4
75 252 4
76 78 4
76 80 4
76 98 4
76 122 4
76 311 4
77 78 4
77 92 4
77 141 4
77 288 4
78 79 4
78 80 4
78 82 4
78 115 4
78 165 4
78 216 4
78 287 4
79 80 4
79 162 4
79 182 4
79 202 4
79 278 4
80 81 4
80 82 4
80 88 4
80 152 4
80 164 4
80 237 4
80 293 4
81 82 4
81 84 4
81 121 4
81 140 4
81 302 4
82 83 4
82 84 4
82 122 4
82 282 4
83 84 4
83 85 4
83 87 4
83 158 4
84 85 4
84 86 4
84 131 4
85 86 4
85 88 4
85 89 4
85 189 4
85 239 4
86 90 4
86 311 4
87 89 4
87 91 4
87 114 4
87 213 4
88 89 4
88 156 4
88 220 4
88 294 4
89 90 4
89 91 4
89 93 4
89 108 4
89 151 4
89 200 4
89 205 4
90 91 4
90 92 4
90 94 4
90 217 4
91 93 4
91 116 4
91 152 4
91 185 4
92 93 4
92 95 4
92 96 4
92 103 4
92 146 4
92 147 4
92 173 4
92 217 4
93 164 4
93 307 4
93 330 4
94 95 4
94 97 4
94 98 4
94 149 4
94 326 4
94 348 4
95 97 4
95 99 4
95 301 4
96 97 4
96 98 4
96 100 4
96 247 4
97 99 4
97 231 4
97 337 4
98 169 4
98 213 4
98 221 4
99 100 4
99 102 4
99 103 4
99 109 4
99 230 4
100 131 4
100 168 4
101 102 4
101 105 4
101 221 4
102 106 4
102 190 4
102 252 4
102 318 4
102 343 4
103 105 4
103 107 4
103 134 4
104 105 4
104 106 4
104 107 4
104 108 4
104 236 4
104 350 4
105 106 4
105 109 4
105 198 4
105 312 4
106 107 4
106 109 4
106 117 4
106 167 4
106 263 4
107 108 4
107 109 4
107 110 4
108 112 4
108 117 4
108 280 4
109 110 4
109 148 4
109 155 4
109 164 4
110 111 4
110 116 4
110 121 4
110 164 4
110 250 4
111 113 4
111 114 4
111 115 4
111 160 4
112 113 4
112 115 4
112 226 4
112 320 4
113 114 4
113 115 4
113 210 4
114 144 4
114 260 4
114 348 4
115 119 4
115 224 4
115 243 4
116 264 4
117 121 4
117 154 4
117 226 4
117 241 4
117 292 4
117 360 4
118 119 4
118 120 4
118 121 4
118 149 4
118 209 4
119 122 4
119 123 4
119 209 4
119 214 4
119 220 4
119 260 4
120 292 4
120 341 4
121 125 4
121 180 4
121 193 4
121 197 4
121 205 4
122 124 4
122 126 4
122 133 4
122 208 4
123 124 4
123 125 4
123 126 4
123 127 4
124 128 4
124 137 4
124 177 4
124 263 4
125 126 4
125 127 4
125 128 4
125 130 4
126 127 4
126 128 4
126 129 4
126 130 4
127 129 4
127 130 4
127 131 4
127 137 4
127 255 4
128 131 4
128 132 4
128 185 4
128 211 4
128 265 4
129 131 4
129 132 4
129 133 4
129 203 4
129 236 4
129 280 4
129 314 4
130 131 4
130 132 4
130 133 4
130 211 4
130 250 4
130 279 4
131 135 4
131 142 4
131 185 4
132 134 4
132 251 4
133 135 4
133 159 4
133 205 4
133 237 4
133 291 4
134 135 4
134 136 4
134 138 4
135 136 4
135 137 4
135 177 4
135 264 4
136 201 4
136 239 4
136 261 4
137 225 4
137 346 4
138 139 4
138 140 4
138 142 4
139 141 4
139 142 4
139 143 4
139 213 4
139 231 4
139 237 4
140 142 4
140 259 4
141 142 4
141 200 4
142 146 4
142 162 4
142 226 4
142 298 4
143 146 4
143 147 4
143 205 4
143 238 4
143 307 4
143 324 4
144 145 4
144 147 4
144 153 4
144 324 4
145 147 4
145 149 4
145 260 4
146 148 4
146 190 4
146 212 4
146 286 4
147 149 4
147 281 4
147 288 4
148 150 4
148 151 4
148 209 4
148 272 4
148 333 4
149 150 4
149 153 4
149 165 4
149 199 4
149 231 4
149 349 4
150 152 4
150 154 4
150 189 4
150 218 4
150 262 4
151 152 4
151 154 4
151 155 4
152 153 4
152 154 4
152 259 4
152 355 4
153 189 4
153 225 4
153 328 4
154 156 4
154 204 4
154 298 4
154 320 4
155 156 4
155 157 4
155 158 4
155 159 4
155 179 4
156 158 4
156 159 4
157 171 4
157 177 4
157 268 4
158 221 4
158 269 4
159 160 4
159 162 4
159 163 4
160 164 4
160 211 4
160 239 4
160 338 4
161 162 4
161 165 4
161 168 4
162 163 4
162 164 4
162 179 4
162 210 4
162 224 4
163 164 4
163 167 4
163 180 4
163 219 4
164 168 4
164 207 4
164 287 4
165 167 4
165 168 4
165 169 4
165 187 4
166 167 4
166 168 4
166 195 4
166 222 4
166 300 4
166 301 4
167 170 4
167 216 4
167 268 4
167 326 4
168 172 4
168 219 4
169 171 4
169 172 4
169 173 4
169 228 4
169 243 4
169 343 4
170 171 4
170 172 4
170 174 4
170 216 4
171 172 4
171 173 4
171 175 4
171 230 4
172 173 4
172 174 4
172 354 4
173 175 4
173 177 4
173 189 4
174 175 4
174 176 4
174 177 4
174 178 4
175 176 4
175 177 4
176 177 4
176 294 4
176 318 4
176 326 4
177 180 4
177 269 4
178 180 4
178 182 4
179 182 4
179 183 4
179 313 4
180 181 4
180 183 4
180 184 4
180 317 4
181 182 4
181 183 4
181 191 4
181 207 4
181 271 4
182 184 4
182 185 4
182 237 4
183 185 4
183 186 4
183 201 4
183 204 4
183 234 4
183 272 4
184 185 4
184 186 4
184 187 4
184 188 4
184 253 4
185 186 4
185 187 4
185 189 4
186 187 4
186 188 4
186 190 4
186 332 4
187 191 4
187 302 4
188 189 4
188 190 4
188 269 4
189 300 4
190 192 4
191 194 4
191 195 4
191 234 4
191 268 4
192 199 4
192 219 4
192 234 4
192 312 4
193 195 4
193 197 4
193 201 4
194 198 4
194 239 4
195 196 4
195 198 4
196 197 4
196 199 4
196 206 4
196 208 4
196 223 4
196 231 4
196 275 4
197 230 4
197 243 4
198 199 4
198 200 4
198 201 4
198 202 4
198 225 4
198 288 4
199 200 4
199 201 4
199 203 4
199 248 4
199 270 4
200 204 4
200 235 4
200 254 4
201 204 4
202 204 4
202 206 4
203 204 4
203 205 4
203 206 4
203 260 4
205 207 4
205 212 4
205 356 4
206 234 4
206 302 4
207 211 4
208 210 4
208 212 4
208 288 4
209 210 4
210 211 4
211 273 4
211 291 4
212 232 4
212 269 4
212 299 4
213 217 4
213 250 4
213 253 4
214 248 4
214 295 4
215 217 4
215 262 4
216 219 4
217 282 4
217 292 4
218 220 4
218 322 4
219 221 4
219 223 4
220 222 4
220 223 4
221 228 4
221 245 4
221 261 4
222 224 4
222 225 4
222 344 4
223 225 4
223 227 4
223 284 4
224 226 4
224 227 4
224 228 4
224 253 4
225 228 4
225 229 4
226 227 4
226 229 4
226 230 4
227 229 4
227 231 4
227 275 4
227 303 4
228 230 4
228 231 4
228 330 4
229 231 4
229 290 4
229 342 4
230 231 4
230 260 4
230 267 4
231 234 4
231 257 4
231 298 4
231 325 4
232 233 4
232 236 4
233 234 4
233 236 4
233 237 4
234 236 4
234 238 4
235 236 4
235 238 4
235 239 4
235 358 4
236 238 4
237 239 4
237 241 4
237 250 4
238 242 4
238 246 4
238 336 4
239 240 4
240 241 4
240 244 4
240 254 4
240 303 4
241 245 4
242 246 4
242 321 4
243 244 4
243 302 4
244 246 4
244 248 4
244 293 4
244 301 4
245 246 4
245 247 4
245 249 4
245 257 4
246 248 4
246 250 4
246 327 4
246 352 4
247 250 4
247 251 4
248 249 4
248 250 4
248 305 4
249 260 4
249 362 4
250 251 4
251 255 4
251 326 4
251 332 4
252 254 4
252 255 4
252 256 4
253 255 4
254 256 4
254 348 4
255 256 4
255 259 4
255 271 4
256 257 4
256 293 4
257 260 4
257 283 4
257 345 4
258 259 4
258 283 4
258 347 4
259 304 4
260 261 4
260 264 4
261 264 4
262 263 4
262 264 4
262 266 4
263 266 4
263 267 4
263 304 4
264 267 4
264 268 4
265 267 4
265 269 4
266 267 4
266 268 4
266 270 4
266 316 4
267 268 4
267 269 4
267 270 4
267 281 4
267 285 4
267 318 4
268 269 4
268 271 4
268 272 4
269 271 4
270 271 4
270 274 4
271 274 4
272 273 4
272 276 4
273 274 4
273 275 4
273 277 4
273 285 4
274 277 4
274 291 4
274 314 4
275 278 4
275 296 4
276 277 4
276 278 4
276 279 4
276 280 4
277 279 4
277 280 4
277 281 4
278 280 4
278 282 4
279 280 4
279 281 4
279 283 4
280 281 4
280 282 4
281 282 4
281 283 4
281 285 4
282 283 4
282 284 4
282 286 4
283 284 4
284 286 4
284 287 4
284 288 4
285 287 4
285 289 4
285 290 4
286 290 4
287 289 4
288 291 4
289 290 4
291 293 4
291 294 4
291 295 4
292 293 4
292 294 4
292 295 4
292 296 4
293 294 4
293 297 4
294 296 4
294 297 4
294 298 4
295 297 4
295 305 4
296 297 4
296 298 4
296 299 4
297 298 4
297 299 4
297 300 4
297 301 4
299 302 4
299 303 4
299 310 4
299 321 4
300 302 4
300 303 4
300 304 4
301 303 4
301 304 4
302 303 4
302 306 4
302 320 4
302 354 4
303 304 4
303 307 4
304 306 4
304 307 4
305 306 4
305 308 4
305 332 4
306 307 4
307 309 4
308 309 4
308 310 4
308 311 4
308 312 4
309 310 4
309 311 4
309 312 4
310 311 4
310 312 4
311 312 4
311 314 4
311 315 4
312 313 4
312 314 4
312 316 4
313 314 4
313 315 4
314 317 4
314 319 4
315 316 4
315 317 4
315 318 4
315 319 4
316 319 4
317 320 4
317 321 4
318 320 4
318 321 4
318 322 4
318 351 4
319 321 4
319 322 4
320 322 4
320 323 4
320 324 4
321 322 4
321 324 4
321 325 4
322 324 4
322 325 4
323 324 4
323 325 4
323 326 4
324 326 4
324 328 4
325 326 4
325 327 4
325 329 4
326 327 4
326 330 4
327 328 4
327 329 4
327 360 4
328 331 4
329 330 4
329 331 4
329 332 4
329 333 4
330 331 4
330 332 4
330 333 4
331 333 4
331 334 4
332 333 4
332 334 4
332 336 4
333 334 4
333 335 4
333 337 4
334 335 4
334 336 4
334 338 4
335 336 4
335 337 4
335 338 4
335 339 4
336 337 4
336 339 4
336 340 4
337 338 4
338 340 4
338 341 4
338 342 4
339 340 4
339 341 4
339 342 4
340 341 4
340 342 4
340 343 4
340 344 4
341 343 4
341 344 4
342 343 4
342 344 4
342 345 4
342 346 4
343 344 4
343 345 4
343 346 4
344 346 4
344 347 4
345 346 4
345 347 4
345 348 4
345 349 4
346 348 4
346 349 4
347 348 4
347 349 4
347 350 4
347 351 4
348 349 4
348 351 4
348 353 4
349 351 4
349 352 4
349 353 4
350 351 4
350 353 4
350 354 4
351 352 4
351 353 4
351 354 4
352 353 4
352 354 4
353 354 4
353 356 4
354 356 4
354 357 4
355 356 4
355 358 4
355 359 4
356 357 4
356 358 4
356 359 4
356 360 4
357 358 4
357 359 4
357 360 4
358 359 4
358 361 4
359 360 4
359 361 4
359 362 4
359 363 4
360 362 4
360 363 4
361 362 4
361 363 4
361 364 4
362 363 4
362 364 4
362 365 4
363 364 4
363 365 4
364 365 4
