1 2 5
1 3 5
1 5 5
1 9 5
1 18 5
1 39 5
1 42 5
1 57 5
1 93 5
1 119 5
1 141 5
1 171 5
1 217 5
1 218 5
1 235 5
1 274 5
1 275 5
1 299 5
1 301 5
1 332 5
1 362 5
1 364 5
1 398 5
1 399 5
1 400 5
1 401 5
2 3 5
2 4 5
2 5 5
2 7 5
2 32 5
2 60 5
2 64 5
2 152 5
2 159 5
2 215 5
2 252 5
2 275 5
2 314 5
2 332 5
2 336 5
2 348 5
2 363 5
2 364 5
2 399 5
2 400 5
3 33 5
3 92 5
3 123 5
3 139 5
3 152 5
3 231 5
3 239 5
3 275 5
3 297 5
3 307 5
3 364 5
3 365 5
3 398 5
3 400 5
4 7 5
4 10 5
4 21 5
4 57 5
4 111 5
4 185 5
4 208 5
4 289 5
4 302 5
4 344 5
4 365 5
4 401 5
5 7 5
5 9 5
5 10 5
5 61 5
5 230 5
5 274 5
5 287 5
5 333 5
5 384 5
6 10 5
6 26 5
6 55 5
6 63 5
6 93 5
6 108 5
6 134 5
6 168 5
6 279 5
7 9 5
7 11 5
7 12 5
7 139 5
7 363 5
8 9 5
8 10 5
8 13 5
8 163 5
8 173 5
8 283 5
8 339 5
9 12 5
9 13 5
9 14 5
9 34 5
9 85 5
9 177 5
9 178 5
9 276 5
9 281 5
10 14 5
10 15 5
10 40 5
10 71 5
10 79 5
10 91 5
10 123 5
10 124 5
10 181 5
10 201 5
10 256 5
11 12 5
11 15 5
11 82 5
11 86 5
11 113 5
11 114 5
11 178 5
11 265 5
12 14 5
12 15 5
12 16 5
12 91 5
12 157 5
12 211 5
12 233 5
12 275 5
12 310 5
13 14 5
13 16 5
13 47 5
13 125 5
13 273 5
13 337 5
14 18 5
14 23 5
14 174 5
14 184 5
14 289 5
14 311 5
14 318 5
15 16 5
15 17 5
15 19 5
15 43 5
15 138 5
15 241 5
16 24 5
16 81 5
16 94 5
16 105 5
16 117 5
16 124 5
16 203 5
16 261 5
16 266 5
16 271 5
16 311 5
17 19 5
17 22 5
17 72 5
17 90 5
17 379 5
17 392 5
18 23 5
18 29 5
18 76 5
18 200 5
18 286 5
18 351 5
19 26 5
19 88 5
19 103 5
19 148 5
19 240 5
19 300 5
19 303 5
19 397 5
20 25 5
20 78 5
20 284 5
20 285 5
20 328 5
20 330 5
20 358 5
21 79 5
21 198 5
21 286 5
21 293 5
21 324 5
22 139 5
22 145 5
22 175 5
22 180 5
22 200 5
22 201 5
22 204 5
22 237 5
22 253 5
22 279 5
22 376 5
23 26 5
23 28 5
23 127 5
23 140 5
23 348 5
23 355 5
23 370 5
24 27 5
24 34 5
24 37 5
24 79 5
24 188 5
24 387 5
25 29 5
25 30 5
25 194 5
25 200 5
25 220 5
26 84 5
26 92 5
26 143 5
26 144 5
26 235 5
26 276 5
26 331 5
26 344 5
26 389 5
27 31 5
27 32 5
27 339 5
28 29 5
28 32 5
28 51 5
28 91 5
28 155 5
28 225 5
29 60 5
29 62 5
29 74 5
29 78 5
29 183 5
29 224 5
29 238 5
29 253 5
29 256 5
29 348 5
30 56 5
30 120 5
30 217 5
30 266 5
30 315 5
30 346 5
31 124 5
31 142 5
31 228 5
31 243 5
31 331 5
31 361 5
32 34 5
32 37 5
32 60 5
32 73 5
32 185 5
32 295 5
33 38 5
33 137 5
33 190 5
33 243 5
33 394 5
34 39 5
34 104 5
34 224 5
34 256 5
35 36 5
35 38 5
35 39 5
35 183 5
36 41 5
36 95 5
36 100 5
36 109 5
36 129 5
36 131 5
36 266 5
37 41 5
37 157 5
37 223 5
37 307 5
38 40 5
38 42 5
38 43 5
38 50 5
38 175 5
38 273 5
39 40 5
39 41 5
39 42 5
39 43 5
39 180 5
39 323 5
40 42 5
40 96 5
40 114 5
40 161 5
40 270 5
40 321 5
41 42 5
41 104 5
41 135 5
41 143 5
41 150 5
41 289 5
41 334 5
42 43 5
42 47 5
42 61 5
42 146 5
42 179 5
42 262 5
43 48 5
43 60 5
43 68 5
43 192 5
43 204 5
43 290 5
43 354 5
44 115 5
44 146 5
44 211 5
44 222 5
44 306 5
44 327 5
45 46 5
45 47 5
45 49 5
45 50 5
45 194 5
45 222 5
45 251 5
45 292 5
46 50 5
46 204 5
46 255 5
46 290 5
46 337 5
47 48 5
47 50 5
47 51 5
47 52 5
47 82 5
47 120 5
47 215 5
47 273 5
47 282 5
48 51 5
48 52 5
48 64 5
48 70 5
48 154 5
48 249 5
49 51 5
49 121 5
49 160 5
49 198 5
49 222 5
49 269 5
50 62 5
50 106 5
50 160 5
50 204 5
50 295 5
50 302 5
51 52 5
51 53 5
51 56 5
51 71 5
51 380 5
52 56 5
52 63 5
52 139 5
52 173 5
52 182 5
52 219 5
52 288 5
53 62 5
53 104 5
53 112 5
53 137 5
53 232 5
53 312 5
54 57 5
54 58 5
54 59 5
54 146 5
54 149 5
54 153 5
54 244 5
55 59 5
55 60 5
55 100 5
55 107 5
55 165 5
55 278 5
55 304 5
55 330 5
56 58 5
56 141 5
56 173 5
56 218 5
56 295 5
57 59 5
57 61 5
57 134 5
57 246 5
57 310 5
57 321 5
58 61 5
58 209 5
58 223 5
58 255 5
59 63 5
59 90 5
59 109 5
59 118 5
59 317 5
60 70 5
60 80 5
60 94 5
60 103 5
60 120 5
60 184 5
61 63 5
61 66 5
61 172 5
61 361 5
62 67 5
62 122 5
62 157 5
62 213 5
62 320 5
63 64 5
63 65 5
63 66 5
63 303 5
63 326 5
64 115 5
64 236 5
64 251 5
64 285 5
64 298 5
64 308 5
64 312 5
64 375 5
65 68 5
65 69 5
65 70 5
65 120 5
65 241 5
65 285 5
65 314 5
66 68 5
66 71 5
67 68 5
67 70 5
67 71 5
67 104 5
67 110 5
67 187 5
67 393 5
68 72 5
68 73 5
68 152 5
68 167 5
68 236 5
68 242 5
68 257 5
68 334 5
69 73 5
69 178 5
69 250 5
69 336 5
69 398 5
70 72 5
70 78 5
70 163 5
71 74 5
71 75 5
71 76 5
71 81 5
71 109 5
72 94 5
72 98 5
72 287 5
72 354 5
73 74 5
73 76 5
73 95 5
73 125 5
73 143 5
73 197 5
73 316 5
73 331 5
74 75 5
74 77 5
74 78 5
74 186 5
74 243 5
74 277 5
75 76 5
75 77 5
75 101 5
75 155 5
76 78 5
76 80 5
76 98 5
76 122 5
76 380 5
77 78 5
77 92 5
77 207 5
77 288 5
78 80 5
78 82 5
78 115 5
78 287 5
78 303 5
79 80 5
79 84 5
79 99 5
79 162 5
79 182 5
79 200 5
79 202 5
79 278 5
80 81 5
80 82 5
80 88 5
80 164 5
80 193 5
80 237 5
80 293 5
80 341 5
81 82 5
81 84 5
81 121 5
81 302 5
81 378 5
82 83 5
82 84 5
82 122 5
82 282 5
82 380 5
83 84 5
83 85 5
83 88 5
83 302 5
83 339 5
84 85 5
84 91 5
84 131 5
84 202 5
85 86 5
85 88 5
85 89 5
85 124 5
85 239 5
86 90 5
86 244 5
87 89 5
87 91 5
87 92 5
87 114 5
87 213 5
88 89 5
88 156 5
88 171 5
88 220 5
88 294 5
89 90 5
89 91 5
89 93 5
89 108 5
89 200 5
89 205 5
89 325 5
90 91 5
90 92 5
90 95 5
90 99 5
91 93 5
91 116 5
91 152 5
92 93 5
92 95 5
92 96 5
92 103 5
92 147 5
92 173 5
92 217 5
92 314 5
93 184 5
93 330 5
94 97 5
94 233 5
94 326 5
94 348 5
95 99 5
95 203 5
95 301 5
96 98 5
96 100 5
96 240 5
96 247 5
97 99 5
97 231 5
97 337 5
98 169 5
98 213 5
98 221 5
99 100 5
99 102 5
99 104 5
99 109 5
99 230 5
100 112 5
100 131 5
100 168 5
101 102 5
101 105 5
101 221 5
102 106 5
102 135 5
102 190 5
102 252 5
102 318 5
102 342 5
103 105 5
103 253 5
104 105 5
104 106 5
104 107 5
104 108 5
104 125 5
104 169 5
104 236 5
104 350 5
105 106 5
105 109 5
105 110 5
105 198 5
105 312 5
106 107 5
106 109 5
106 111 5
106 117 5
106 167 5
106 233 5
107 108 5
107 169 5
107 276 5
107 364 5
108 117 5
108 280 5
109 110 5
109 148 5
109 155 5
109 164 5
110 111 5
110 116 5
110 153 5
110 164 5
110 250 5
110 266 5
111 113 5
111 114 5
111 115 5
111 160 5
111 276 5
112 113 5
112 115 5
112 127 5
112 230 5
112 320 5
113 114 5
113 115 5
113 118 5
113 210 5
114 144 5
114 348 5
115 119 5
115 243 5
115 364 5
115 395 5
116 264 5
116 277 5
117 154 5
117 224 5
117 226 5
117 269 5
117 292 5
117 360 5
118 119 5
118 120 5
118 123 5
118 149 5
118 209 5
118 260 5
118 331 5
119 122 5
119 209 5
119 214 5
119 220 5
119 260 5
119 273 5
120 292 5
120 383 5
121 125 5
121 180 5
121 193 5
121 197 5
121 205 5
121 281 5
121 337 5
122 126 5
122 128 5
122 133 5
122 203 5
122 208 5
122 364 5
123 124 5
123 125 5
123 126 5
123 127 5
123 387 5
124 128 5
124 129 5
124 177 5
124 263 5
124 389 5
125 126 5
125 127 5
125 130 5
126 127 5
126 128 5
126 129 5
126 146 5
126 237 5
127 130 5
127 131 5
127 255 5
127 305 5
127 355 5
128 132 5
128 185 5
128 211 5
128 265 5
129 131 5
129 132 5
129 133 5
129 134 5
129 203 5
129 236 5
129 280 5
129 314 5
130 131 5
130 132 5
130 133 5
130 211 5
130 250 5
130 279 5
130 378 5
131 135 5
131 142 5
131 185 5
131 188 5
132 134 5
132 139 5
132 251 5
132 267 5
133 138 5
133 159 5
133 205 5
133 280 5
133 291 5
133 378 5
134 135 5
134 136 5
134 138 5
135 136 5
135 177 5
135 264 5
136 141 5
136 239 5
136 261 5
136 268 5
136 316 5
136 385 5
137 142 5
137 222 5
137 225 5
137 346 5
138 139 5
138 140 5
138 268 5
138 346 5
139 144 5
139 213 5
139 231 5
139 237 5
140 142 5
140 259 5
141 142 5
141 200 5
142 146 5
142 162 5
142 226 5
142 298 5
143 146 5
143 147 5
143 205 5
143 307 5
143 324 5
144 147 5
144 153 5
144 324 5
144 338 5
144 385 5
145 252 5
145 260 5
145 380 5
146 148 5
146 212 5
146 286 5
147 149 5
147 281 5
147 288 5
148 150 5
148 209 5
148 272 5
148 333 5
148 334 5
149 154 5
149 165 5
149 199 5
149 231 5
149 257 5
149 349 5
150 152 5
150 154 5
150 189 5
150 218 5
150 262 5
150 283 5
151 152 5
151 154 5
151 155 5
152 153 5
152 154 5
152 259 5
152 355 5
153 189 5
153 225 5
153 285 5
153 328 5
154 173 5
154 298 5
154 320 5
154 342 5
155 156 5
155 157 5
155 158 5
155 159 5
155 179 5
156 158 5
156 159 5
156 304 5
156 369 5
157 171 5
157 177 5
157 268 5
158 221 5
158 269 5
159 160 5
159 162 5
159 163 5
159 376 5
160 164 5
160 211 5
160 239 5
160 338 5
160 345 5
160 396 5
161 162 5
161 165 5
161 168 5
161 184 5
162 163 5
162 164 5
162 210 5
162 224 5
162 240 5
163 164 5
163 167 5
163 180 5
163 219 5
164 168 5
164 169 5
164 178 5
164 217 5
164 332 5
165 167 5
165 168 5
165 169 5
165 187 5
165 350 5
166 168 5
166 195 5
166 222 5
166 235 5
166 237 5
166 300 5
167 170 5
167 172 5
167 216 5
167 268 5
167 326 5
168 172 5
169 171 5
169 172 5
169 174 5
169 243 5
170 171 5
170 172 5
170 174 5
170 216 5
171 172 5
171 173 5
171 175 5
172 173 5
172 174 5
172 177 5
172 377 5
173 177 5
173 189 5
174 175 5
174 176 5
174 178 5
174 181 5
174 213 5
175 176 5
175 177 5
175 180 5
176 177 5
176 181 5
176 193 5
176 294 5
176 318 5
176 363 5
176 382 5
177 180 5
177 182 5
177 269 5
177 332 5
178 180 5
178 182 5
179 182 5
179 183 5
179 313 5
180 181 5
180 317 5
180 360 5
181 182 5
181 183 5
181 191 5
181 207 5
181 271 5
182 184 5
182 185 5
182 187 5
182 237 5
183 185 5
183 201 5
183 204 5
183 234 5
183 400 5
184 187 5
184 188 5
184 253 5
185 186 5
185 187 5
185 189 5
185 190 5
185 349 5
186 187 5
186 190 5
186 196 5
186 332 5
187 191 5
187 192 5
187 302 5
187 380 5
188 227 5
188 268 5
188 269 5
189 194 5
189 300 5
190 192 5
190 346 5
190 377 5
191 194 5
191 195 5
191 234 5
191 274 5
192 197 5
192 199 5
192 219 5
192 234 5
192 302 5
192 312 5
193 197 5
193 201 5
194 198 5
194 199 5
194 239 5
195 196 5
195 198 5
195 255 5
196 197 5
196 199 5
196 206 5
196 208 5
196 223 5
196 275 5
197 230 5
197 243 5
198 200 5
198 202 5
198 203 5
198 225 5
198 234 5
199 200 5
199 201 5
199 203 5
199 211 5
199 248 5
200 204 5
200 254 5
201 204 5
201 302 5
201 351 5
202 204 5
203 204 5
203 205 5
203 206 5
204 209 5
205 210 5
205 212 5
205 229 5
205 298 5
205 369 5
206 284 5
206 302 5
207 211 5
207 312 5
208 210 5
208 212 5
208 288 5
209 210 5
210 211 5
211 216 5
211 273 5
212 221 5
212 232 5
212 269 5
212 299 5
212 333 5
213 217 5
213 253 5
213 318 5
214 248 5
214 295 5
215 217 5
215 220 5
215 262 5
216 219 5
217 292 5
218 220 5
218 223 5
218 322 5
219 223 5
219 244 5
219 338 5
219 373 5
220 222 5
220 223 5
221 226 5
221 228 5
221 261 5
221 318 5
222 225 5
222 312 5
223 227 5
223 228 5
223 235 5
223 284 5
224 226 5
224 227 5
224 228 5
224 253 5
225 228 5
225 229 5
226 227 5
226 230 5
226 359 5
226 378 5
227 231 5
227 232 5
227 275 5
227 303 5
228 230 5
228 231 5
228 330 5
228 344 5
228 371 5
229 231 5
229 290 5
230 231 5
230 267 5
230 365 5
231 234 5
231 236 5
231 257 5
231 298 5
231 325 5
232 233 5
232 236 5
232 237 5
233 234 5
233 237 5
233 238 5
233 252 5
234 236 5
234 238 5
235 236 5
235 239 5
235 358 5
236 238 5
237 239 5
237 241 5
237 388 5
238 242 5
238 246 5
238 336 5
239 240 5
240 241 5
240 244 5
240 254 5
240 303 5
241 245 5
242 246 5
242 321 5
243 244 5
243 302 5
244 248 5
244 293 5
244 301 5
245 246 5
245 247 5
245 249 5
245 250 5
245 257 5
246 248 5
246 250 5
246 251 5
246 302 5
246 327 5
247 250 5
247 251 5
247 377 5
247 385 5
248 249 5
248 250 5
248 305 5
248 311 5
248 373 5
249 260 5
249 362 5
249 376 5
250 251 5
251 255 5
251 326 5
251 332 5
251 390 5
252 254 5
252 256 5
253 255 5
254 256 5
254 348 5
255 259 5
255 260 5
255 394 5
256 257 5
256 293 5
257 260 5
257 262 5
257 283 5
257 345 5
257 358 5
258 259 5
258 283 5
258 347 5
259 304 5
260 261 5
261 264 5
262 263 5
262 388 5
263 266 5
263 267 5
263 304 5
264 267 5
264 268 5
265 267 5
265 269 5
266 267 5
266 270 5
266 316 5
267 268 5
267 270 5
267 272 5
267 285 5
267 306 5
267 318 5
268 271 5
268 272 5
269 271 5
270 271 5
270 274 5
271 274 5
272 273 5
272 386 5
273 274 5
273 275 5
273 277 5
274 277 5
274 279 5
274 291 5
274 314 5
275 278 5
275 296 5
276 277 5
276 279 5
277 279 5
277 280 5
277 281 5
277 308 5
278 280 5
278 282 5
279 283 5
279 314 5
280 281 5
280 309 5
281 282 5
281 285 5
282 283 5
282 328 5
283 284 5
284 286 5
284 287 5
284 288 5
285 289 5
286 290 5
286 291 5
287 289 5
288 291 5
288 293 5
289 290 5
290 295 5
291 293 5
291 294 5
291 347 5
292 293 5
292 294 5
292 295 5
292 296 5
293 294 5
293 297 5
294 296 5
294 297 5
294 298 5
294 395 5
295 297 5
295 305 5
296 298 5
296 299 5
296 307 5
297 298 5
297 299 5
297 300 5
297 301 5
299 302 5
299 303 5
299 310 5
299 321 5
300 302 5
300 303 5
300 304 5
301 303 5
301 304 5
301 306 5
302 306 5
303 304 5
303 307 5
304 306 5
304 307 5
304 393 5
305 306 5
305 308 5
305 310 5
305 332 5
305 387 5
306 307 5
307 309 5
308 309 5
308 310 5
308 312 5
308 313 5
309 310 5
309 311 5
309 312 5
310 311 5
310 312 5
310 391 5
311 312 5
311 315 5
312 313 5
312 385 5
313 314 5
313 315 5
313 318 5
313 329 5
314 319 5
315 316 5
315 318 5
315 319 5
317 320 5
317 321 5
318 320 5
318 351 5
319 321 5
319 322 5
320 322 5
320 323 5
320 324 5
320 325 5
320 373 5
321 322 5
321 324 5
321 325 5
321 326 5
322 324 5
322 325 5
323 324 5
323 325 5
323 326 5
324 326 5
324 328 5
324 329 5
325 326 5
325 327 5
325 329 5
326 327 5
326 330 5
327 328 5
327 329 5
327 332 5
327 360 5
328 331 5
329 331 5
329 332 5
329 333 5
329 334 5
330 331 5
330 332 5
330 333 5
331 334 5
331 336 5
332 334 5
332 336 5
332 337 5
333 334 5
333 337 5
334 335 5
334 336 5
334 338 5
335 336 5
335 337 5
335 339 5
335 376 5
336 337 5
336 391 5
338 340 5
338 342 5
339 340 5
339 341 5
339 342 5
340 341 5
340 342 5
340 344 5
340 366 5
341 344 5
342 343 5
342 344 5
342 345 5
342 346 5
343 344 5
343 345 5
343 346 5
344 346 5
344 349 5
345 347 5
345 348 5
345 349 5
346 355 5
347 348 5
347 349 5
347 350 5
347 351 5
348 349 5
348 351 5
348 353 5
348 396 5
349 351 5
349 352 5
350 351 5
350 353 5
350 354 5
351 353 5
351 354 5
352 353 5
352 354 5
353 354 5
353 356 5
354 357 5
355 356 5
355 371 5
356 357 5
356 358 5
356 359 5
356 360 5
356 361 5
357 358 5
357 359 5
357 360 5
358 361 5
358 363 5
359 360 5
359 361 5
359 363 5
360 362 5
360 390 5
361 362 5
361 363 5
361 364 5
362 363 5
362 364 5
362 365 5
362 366 5
362 367 5
363 365 5
363 366 5
363 367 5
363 368 5
364 366 5
364 367 5
364 368 5
365 367 5
365 368 5
365 369 5
365 370 5
366 367 5
366 368 5
366 369 5
366 370 5
367 368 5
367 369 5
367 370 5
367 371 5
368 369 5
368 370 5
368 371 5
368 372 5
369 370 5
369 372 5
369 373 5
370 371 5
370 372 5
370 374 5
370 375 5
371 372 5
371 374 5
371 375 5
371 376 5
372 373 5
372 374 5
372 375 5
372 376 5
373 375 5
373 376 5
373 378 5
374 375 5
374 376 5
374 377 5
374 378 5
374 379 5
375 376 5
375 377 5
375 379 5
376 379 5
377 379 5
377 380 5
377 381 5
378 379 5
378 380 5
378 381 5
378 382 5
379 381 5
379 382 5
379 383 5
380 383 5
380 385 5
381 382 5
381 383 5
381 384 5
381 385 5
382 383 5
382 385 5
382 386 5
383 384 5
383 385 5
383 386 5
383 387 5
384 385 5
384 386 5
384 387 5
384 388 5
385 388 5
385 389 5
385 390 5
386 387 5
386 388 5
386 389 5
386 390 5
387 390 5
387 391 5
387 392 5
388 389 5
388 390 5
388 391 5
388 392 5
388 393 5
389 391 5
389 393 5
390 391 5
390 393 5
390 394 5
390 395 5
391 392 5
391 394 5
391 395 5
392 393 5
392 394 5
392 395 5
393 394 5
393 396 5
393 397 5
393 398 5
394 395 5
394 396 5
394 397 5
394 398 5
394 399 5
395 396 5
395 398 5
395 399 5
396 397 5
396 398 5
396 400 5
397 398 5
397 399 5
397 400 5
397 401 5
398 399 5
398 401 5
399 400 5
399 401 5
400 401 5
