48 158 1
150 219 1
22 164 1
68 221 1
21 141 1
106 210 1
142 243 1
84 173 1
36 84 1
62 131 1
99 269 1
4 130 1
116 121 1
56 95 1
53 170 1
91 204 1
117 252 1
17 147 1
15 91 1
35 237 1
48 231 1
75 141 1
38 190 1
158 273 1
165 225 1
48 212 1
66 159 1
4 203 1
23 182 1
211 228 1
26 227 1
156 203 1
20 27 1
34 97 1
58 270 1
69 225 1
106 209 1
172 177 1
59 123 1
46 72 1
224 257 1
259 272 1
48 76 1
106 139 1
74 250 1
58 201 1
213 251 1
6 270 1
102 116 1
29 110 1
97 159 1
141 212 1
113 182 1
181 189 1
171 235 1
252 271 1
93 125 1
131 140 1
201 269 1
122 175 1
179 219 1
195 253 1
258 268 1
66 109 1
94 236 1
95 271 1
31 67 1
14 125 1
143 202 1
30 191 1
159 161 1
63 254 1
8 194 1
85 270 1
64 269 1
8 137 1
49 114 1
42 202 1
144 248 1
150 208 1
115 121 1
181 203 1
152 216 1
19 183 1
20 212 1
57 86 1
149 247 1
132 187 1
67 182 1
130 216 1
52 77 1
14 100 1
67 92 1
39 141 1
167 236 1
75 246 1
13 51 1
132 164 1
39 143 1
59 162 1
128 145 1
219 251 1
130 170 1
107 236 1
48 188 1
239 242 1
1 133 1
68 216 1
81 224 1
106 184 1
125 229 1
135 137 1
156 267 1
23 177 1
112 182 1
62 186 1
5 133 1
27 162 1
11 268 1
76 262 1
106 192 1
191 193 1
131 238 1
63 260 1
212 242 1
61 247 1
195 258 1
74 75 1
249 250 1
33 250 1
36 238 1
96 218 1
104 192 1
79 122 1
249 261 1
154 165 1
70 91 1
82 205 1
200 218 1
13 267 1
115 185 1
225 256 1
23 98 1
208 223 1
149 182 1
112 255 1
75 94 1
162 207 1
55 205 1
28 240 1
190 271 1
157 193 1
151 217 1
86 141 1
94 230 1
3 31 1
69 132 1
43 135 1
67 155 1
180 266 1
122 125 1
168 218 1
73 99 1
128 256 1
29 221 1
95 155 1
93 224 1
34 252 1
62 100 1
51 70 1
16 81 1
224 237 1
83 213 1
4 244 1
146 150 1
148 151 1
41 268 1
65 94 1
16 74 1
69 196 1
101 171 1
16 263 1
49 267 1
21 25 1
72 205 1
98 246 1
29 194 1
59 118 1
154 214 1
28 238 1
111 237 1
55 229 1
28 148 1
170 195 1
99 239 1
146 268 1
8 64 1
134 264 1
31 151 1
166 232 1
136 254 1
54 160 1
207 264 1
2 85 1
80 240 1
41 264 1
43 227 1
131 269 1
40 68 1
166 202 1
155 194 1
36 218 1
46 201 1
84 228 1
77 126 1
55 185 1
238 261 1
192 214 1
93 104 1
153 183 1
141 209 1
37 223 1
93 184 1
167 251 1
9 93 1
18 164 1
12 53 1
89 258 1
66 99 1
52 194 1
103 191 1
54 258 1
74 217 1
122 197 1
166 275 1
99 104 1
140 203 1
12 200 1
20 178 1
29 52 1
69 147 1
69 158 1
51 274 1
97 124 1
42 269 1
25 61 1
7 21 1
80 236 1
36 122 1
16 112 1
97 128 1
108 219 1
53 115 1
104 162 1
20 34 1
50 88 1
48 68 1
139 191 1
21 132 1
45 109 1
6 69 1
183 203 1
120 160 1
20 155 1
6 131 1
170 255 1
135 265 1
87 187 1
105 249 1
124 168 1
159 217 1
89 226 1
104 141 1
19 161 1
112 127 1
82 180 1
9 133 1
87 129 1
45 258 1
8 51 1
54 265 1
30 125 1
44 268 1
36 148 1
80 118 1
1 148 1
113 173 1
38 227 1
216 245 1
52 75 1
33 248 1
232 257 1
42 195 1
86 110 1
117 178 1
13 167 1
48 194 1
16 91 1
64 204 1
115 181 1
139 160 1
58 182 1
10 252 1
192 247 1
199 254 1
103 121 1
229 231 1
85 149 1
148 194 1
112 202 1
1 188 1
94 235 1
195 261 1
50 258 1
41 189 1
40 226 1
179 221 1
32 160 1
107 131 1
101 237 1
206 221 1
65 162 1
149 174 1
187 198 1
23 219 1
125 131 1
24 218 1
90 218 1
16 80 1
77 146 1
116 208 1
96 112 1
214 255 1
20 45 1
120 262 1
7 193 1
71 217 1
231 267 1
96 142 1
39 190 1
39 165 1
170 188 1
133 136 1
7 212 1
29 235 1
234 236 1
54 227 1
72 165 1
33 244 1
20 87 1
240 245 1
89 182 1
44 192 1
12 173 1
185 239 1
74 202 1
154 248 1
138 163 1
21 109 1
137 252 1
132 210 1
84 97 1
46 264 1
125 173 1
88 166 1
130 192 1
5 57 1
188 248 1
200 238 1
110 136 1
63 201 1
60 80 1
35 75 1
20 119 1
95 247 1
33 104 1
7 30 1
18 64 1
65 204 1
94 190 1
153 259 1
100 209 1
13 140 1
59 65 1
194 250 1
51 175 1
110 256 1
131 168 1
61 250 1
33 64 1
97 221 1
136 250 1
76 255 1
144 183 1
59 140 1
17 153 1
194 252 1
58 103 1
161 264 1
115 274 1
49 79 1
167 212 1
36 174 1
96 104 1
148 167 1
5 246 1
119 220 1
89 92 1
26 232 1
24 55 1
217 248 1
32 227 1
151 172 1
27 112 1
68 164 1
55 227 1
4 262 1
107 228 1
235 253 1
150 239 1
15 223 1
167 256 1
10 72 1
36 132 1
28 155 1
153 242 1
248 273 1
104 124 1
47 93 1
150 210 1
101 160 1
141 163 1
93 240 1
146 199 1
172 222 1
39 46 1
19 186 1
196 213 1
221 243 1
108 147 1
101 226 1
24 73 1
5 101 1
73 147 1
97 99 1
233 256 1
200 250 1
20 41 1
42 219 1
116 166 1
154 213 1
1 211 1
25 50 1
73 169 1
180 246 1
40 223 1
64 130 1
172 230 1
220 245 1
193 253 1
68 87 1
50 144 1
61 69 1
5 184 1
110 176 1
55 257 1
47 256 1
119 159 1
6 149 1
65 175 1
182 228 1
124 128 1
13 224 1
143 245 1
38 141 1
190 229 1
58 167 1
135 242 1
48 121 1
94 142 1
73 168 1
91 227 1
205 262 1
87 230 1
138 267 1
20 96 1
24 196 1
86 220 1
189 248 1
228 265 1
161 180 1
101 191 1
4 25 1
22 37 1
81 270 1
95 222 1
48 176 1
11 85 1
131 229 1
149 150 1
49 221 1
50 268 1
22 31 1
59 135 1
12 38 1
68 70 1
170 198 1
201 258 1
171 195 1
100 189 1
194 251 1
12 24 1
97 246 1
34 101 1
59 202 1
127 250 1
5 177 1
187 243 1
75 178 1
47 238 1
116 215 1
15 182 1
42 162 1
81 92 1
191 212 1
147 188 1
158 261 1
88 232 1
121 131 1
57 209 1
61 180 1
61 184 1
28 114 1
188 247 1
170 205 1
21 28 1
10 209 1
35 49 1
4 250 1
64 129 1
152 194 1
180 251 1
187 215 1
13 42 1
60 221 1
116 251 1
158 159 1
53 271 1
25 186 1
61 267 1
71 240 1
81 164 1
76 173 1
6 25 1
11 79 1
88 149 1
163 215 1
53 74 1
154 217 1
213 267 1
119 163 1
197 206 1
154 258 1
193 216 1
130 159 1
207 230 1
94 96 1
143 187 1
171 192 1
126 167 1
202 254 1
89 274 1
193 204 1
39 223 1
31 145 1
161 184 1
149 243 1
28 106 1
175 225 1
109 243 1
63 274 1
24 126 1
71 141 1
42 185 1
196 243 1
40 194 1
209 233 1
122 247 1
57 144 1
2 94 1
28 52 1
61 157 1
55 163 1
56 174 1
148 236 1
102 210 1
111 125 1
129 212 1
38 115 1
77 220 1
30 186 1
184 186 1
2 243 1
52 155 1
61 104 1
182 274 1
113 137 1
70 161 1
12 33 1
18 119 1
55 115 1
34 146 1
32 60 1
26 128 1
136 211 1
158 199 1
48 166 1
38 103 1
28 97 1
101 164 1
209 261 1
97 110 1
17 18 1
87 136 1
186 201 1
190 208 1
98 111 1
136 267 1
127 226 1
71 260 1
50 67 1
20 92 1
114 209 1
141 195 1
20 30 1
181 239 1
158 168 1
175 212 1
23 184 1
188 246 1
100 254 1
178 211 1
77 169 1
71 179 1
142 172 1
40 222 1
59 85 1
190 198 1
109 267 1
174 215 1
6 272 1
14 163 1
164 225 1
214 224 1
125 126 1
194 224 1
248 257 1
159 210 1
141 230 1
38 113 1
152 248 1
136 209 1
50 87 1
131 230 1
36 222 1
128 193 1
95 141 1
80 136 1
170 243 1
84 92 1
155 173 1
40 154 1
76 127 1
88 145 1
30 77 1
154 182 1
105 194 1
87 191 1
94 243 1
145 155 1
150 192 1
11 72 1
15 28 1
146 257 1
75 107 1
225 247 1
261 265 1
2 264 1
65 241 1
133 246 1
42 191 1
1 23 1
87 109 1
90 229 1
111 180 1
108 248 1
57 260 1
152 258 1
84 129 1
10 158 1
97 129 1
7 101 1
42 85 1
12 13 1
10 12 1
119 187 1
1 250 1
31 72 1
56 112 1
3 96 1
112 260 1
124 196 1
134 265 1
101 230 1
93 236 1
70 74 1
36 242 1
111 214 1
130 274 1
16 103 1
15 162 1
11 136 1
82 167 1
3 43 1
15 45 1
126 251 1
99 181 1
171 198 1
30 232 1
148 201 1
222 265 1
108 270 1
105 257 1
198 263 1
26 103 1
3 264 1
14 192 1
1 83 1
43 247 1
213 239 1
145 264 1
36 186 1
145 192 1
215 216 1
70 81 1
162 217 1
20 189 1
46 111 1
7 26 1
10 13 1
166 204 1
44 175 1
146 164 1
86 126 1
9 202 1
63 272 1
