1 148 2
1 188 2
1 211 2
2 85 2
2 243 2
2 264 2
3 43 2
3 96 2
3 264 2
4 262 2
5 57 2
5 133 2
5 177 2
6 131 2
6 272 2
7 21 2
7 26 2
7 30 2
7 212 2
8 64 2
8 194 2
9 133 2
9 202 2
10 12 2
10 13 2
10 158 2
11 79 2
11 85 2
11 136 2
12 13 2
12 24 2
13 51 2
13 140 2
13 224 2
14 100 2
14 125 2
14 163 2
14 192 2
15 91 2
15 162 2
15 223 2
16 80 2
16 81 2
16 91 2
16 103 2
16 112 2
17 18 2
18 64 2
18 119 2
18 164 2
19 161 2
19 186 2
20 27 2
20 41 2
20 45 2
20 92 2
20 178 2
20 189 2
20 212 2
21 28 2
21 141 2
22 31 2
22 37 2
23 182 2
23 184 2
24 55 2
24 126 2
24 196 2
25 50 2
25 61 2
26 227 2
26 232 2
27 112 2
27 162 2
28 114 2
28 148 2
28 155 2
28 240 2
29 221 2
30 77 2
30 191 2
30 232 2
31 72 2
31 151 2
32 227 2
33 64 2
33 104 2
33 244 2
33 248 2
34 101 2
34 146 2
36 84 2
36 122 2
36 132 2
36 148 2
36 222 2
36 238 2
38 113 2
38 115 2
38 141 2
38 190 2
39 141 2
39 143 2
39 165 2
40 194 2
41 264 2
41 268 2
42 185 2
42 195 2
43 135 2
43 227 2
43 247 2
44 175 2
46 72 2
46 111 2
47 93 2
47 256 2
48 68 2
48 76 2
48 121 2
48 166 2
48 176 2
48 188 2
48 194 2
49 114 2
50 67 2
50 258 2
50 268 2
51 70 2
51 274 2
52 77 2
53 115 2
53 271 2
54 160 2
54 258 2
54 265 2
55 185 2
55 205 2
55 227 2
56 174 2
57 86 2
57 209 2
57 260 2
58 182 2
58 201 2
58 270 2
59 65 2
59 123 2
59 135 2
59 140 2
59 202 2
61 157 2
61 180 2
61 184 2
61 267 2
62 186 2
63 201 2
63 254 2
63 272 2
63 274 2
64 129 2
64 130 2
65 94 2
65 175 2
65 204 2
65 241 2
66 109 2
67 155 2
67 182 2
68 216 2
68 221 2
69 147 2
69 158 2
69 196 2
69 225 2
70 74 2
70 81 2
70 91 2
70 161 2
71 217 2
71 260 2
72 165 2
72 205 2
73 99 2
73 147 2
73 168 2
73 169 2
74 217 2
75 246 2
76 127 2
76 255 2
77 126 2
77 146 2
77 220 2
80 118 2
80 136 2
80 236 2
81 164 2
82 167 2
82 180 2
82 205 2
83 213 2
84 92 2
84 97 2
84 129 2
84 173 2
84 228 2
85 149 2
86 141 2
86 220 2
87 129 2
88 145 2
88 149 2
89 182 2
89 226 2
89 274 2
90 218 2
91 204 2
93 104 2
94 230 2
94 235 2
94 243 2
95 247 2
95 271 2
97 99 2
97 110 2
97 124 2
97 128 2
97 129 2
97 159 2
98 111 2
98 246 2
99 104 2
99 269 2
100 209 2
101 160 2
101 171 2
101 191 2
102 116 2
102 210 2
103 191 2
104 124 2
104 162 2
105 249 2
106 139 2
106 192 2
107 131 2
108 248 2
108 270 2
110 256 2
111 125 2
112 202 2
112 255 2
113 137 2
113 182 2
114 209 2
115 121 2
116 121 2
116 208 2
116 215 2
116 251 2
117 252 2
119 220 2
122 175 2
122 247 2
124 128 2
124 168 2
125 126 2
125 131 2
126 251 2
127 226 2
127 250 2
128 145 2
130 192 2
131 230 2
131 238 2
131 269 2
133 136 2
133 246 2
134 264 2
135 242 2
136 211 2
136 250 2
136 267 2
138 267 2
139 160 2
139 191 2
140 203 2
141 163 2
141 212 2
141 230 2
142 243 2
143 187 2
143 245 2
144 183 2
145 155 2
145 192 2
145 264 2
146 150 2
146 164 2
147 188 2
148 167 2
148 194 2
148 201 2
148 236 2
149 182 2
149 243 2
150 239 2
151 172 2
152 194 2
152 216 2
152 248 2
152 258 2
155 173 2
155 194 2
156 203 2
157 193 2
158 168 2
158 261 2
158 273 2
159 161 2
161 180 2
161 264 2
162 207 2
162 217 2
163 215 2
166 204 2
166 232 2
167 212 2
167 236 2
167 251 2
170 188 2
170 195 2
170 205 2
171 192 2
171 195 2
171 198 2
171 235 2
172 177 2
172 230 2
178 211 2
179 219 2
179 221 2
180 246 2
181 189 2
181 203 2
181 239 2
182 274 2
183 203 2
184 186 2
185 239 2
186 201 2
187 198 2
187 243 2
188 247 2
188 248 2
190 208 2
190 229 2
191 193 2
191 212 2
192 247 2
193 204 2
193 253 2
194 224 2
194 252 2
195 258 2
197 206 2
200 218 2
200 238 2
200 250 2
201 258 2
201 269 2
205 262 2
206 221 2
207 230 2
208 223 2
209 233 2
209 261 2
211 228 2
213 239 2
213 267 2
214 224 2
214 255 2
215 216 2
216 245 2
217 248 2
219 251 2
220 245 2
221 243 2
222 265 2
224 257 2
225 247 2
228 265 2
229 231 2
231 267 2
233 256 2
235 253 2
238 261 2
239 242 2
240 245 2
248 273 2
249 250 2
249 261 2
258 268 2
261 265 2
198 250 2
34 276 2
38 194 2
20 116 2
91 292 2
78 250 2
39 215 2
3 119 2
228 297 2
26 157 2
73 96 2
17 158 2
244 278 2
2 150 2
90 215 2
4 108 2
36 278 2
140 229 2
11 159 2
41 101 2
148 290 2
179 184 2
200 297 2
186 195 2
38 220 2
13 220 2
73 108 2
29 49 2
28 46 2
198 261 2
117 200 2
64 152 2
175 203 2
79 185 2
59 119 2
206 285 2
104 159 2
1 85 2
153 270 2
68 193 2
3 110 2
78 110 2
104 181 2
157 226 2
50 131 2
182 248 2
246 249 2
97 119 2
146 173 2
203 301 2
284 289 2
88 104 2
138 189 2
87 289 2
154 279 2
54 157 2
85 132 2
264 265 2
118 235 2
66 168 2
7 112 2
7 101 2
150 231 2
229 272 2
152 208 2
42 44 2
38 128 2
81 104 2
43 188 2
5 210 2
141 150 2
32 122 2
202 287 2
95 206 2
97 101 2
2 23 2
251 296 2
155 227 2
145 268 2
182 196 2
93 223 2
70 196 2
1 113 2
80 211 2
115 227 2
49 234 2
248 258 2
50 219 2
13 151 2
148 152 2
33 94 2
121 281 2
45 87 2
133 231 2
10 24 2
100 108 2
175 246 2
245 293 2
70 287 2
97 151 2
197 295 2
29 250 2
142 247 2
290 298 2
143 257 2
137 289 2
236 257 2
18 267 2
96 301 2
6 246 2
51 117 2
59 103 2
94 226 2
1 208 2
149 161 2
3 151 2
31 43 2
99 182 2
94 275 2
169 229 2
3 236 2
168 213 2
175 260 2
183 256 2
127 268 2
83 260 2
58 177 2
100 141 2
139 149 2
4 6 2
6 287 2
27 156 2
34 254 2
6 206 2
43 72 2
232 277 2
72 140 2
27 140 2
12 20 2
278 281 2
146 236 2
19 58 2
196 293 2
116 140 2
32 119 2
14 145 2
122 298 2
38 155 2
243 248 2
158 290 2
10 85 2
81 262 2
99 222 2
108 232 2
86 119 2
207 262 2
17 262 2
7 280 2
94 155 2
144 184 2
212 286 2
30 197 2
234 282 2
182 227 2
36 172 2
181 214 2
120 174 2
38 261 2
64 270 2
86 269 2
147 173 2
46 163 2
23 130 2
168 282 2
9 114 2
24 163 2
55 295 2
232 286 2
153 196 2
107 267 2
31 83 2
278 289 2
120 246 2
51 86 2
27 195 2
70 256 2
56 81 2
91 223 2
60 204 2
220 229 2
221 225 2
274 275 2
190 255 2
83 205 2
105 169 2
135 188 2
161 251 2
68 119 2
102 169 2
129 151 2
60 102 2
113 196 2
182 286 2
31 241 2
188 259 2
108 158 2
127 176 2
63 81 2
77 285 2
144 181 2
29 149 2
11 98 2
130 189 2
163 291 2
10 296 2
51 115 2
8 111 2
163 293 2
193 292 2
175 231 2
85 150 2
23 282 2
60 211 2
83 288 2
40 226 2
164 189 2
173 252 2
139 284 2
142 300 2
125 291 2
151 237 2
40 262 2
202 242 2
231 250 2
93 178 2
103 240 2
169 260 2
40 140 2
152 178 2
11 264 2
62 213 2
41 183 2
49 180 2
171 182 2
29 169 2
105 208 2
45 288 2
105 235 2
197 273 2
72 108 2
66 134 2
89 152 2
232 291 2
81 129 2
90 164 2
91 225 2
274 302 2
47 265 2
143 149 2
13 217 2
18 169 2
154 218 2
21 60 2
30 84 2
189 217 2
47 101 2
252 254 2
133 183 2
239 261 2
98 261 2
46 50 2
21 46 2
19 283 2
90 165 2
2 121 2
178 289 2
17 93 2
76 138 2
113 221 2
26 104 2
106 204 2
57 70 2
152 202 2
86 238 2
159 196 2
183 204 2
201 245 2
247 261 2
34 180 2
122 300 2
34 299 2
50 285 2
87 120 2
126 198 2
37 229 2
142 221 2
128 288 2
198 277 2
131 187 2
41 58 2
25 241 2
245 267 2
137 187 2
14 226 2
45 219 2
10 252 2
39 294 2
125 299 2
111 122 2
18 145 2
46 238 2
172 286 2
180 223 2
106 146 2
8 204 2
32 146 2
86 140 2
274 299 2
220 271 2
187 286 2
262 295 2
134 298 2
130 286 2
92 118 2
237 295 2
71 220 2
164 294 2
6 95 2
95 103 2
207 238 2
42 132 2
22 126 2
13 292 2
41 298 2
174 300 2
5 288 2
271 295 2
111 132 2
61 79 2
244 295 2
12 72 2
210 233 2
1 3 2
95 236 2
103 140 2
29 232 2
50 179 2
56 190 2
37 96 2
185 208 2
94 171 2
84 210 2
39 137 2
194 195 2
118 135 2
93 145 2
117 143 2
49 95 2
195 236 2
186 264 2
63 124 2
11 179 2
45 252 2
132 273 2
62 250 2
157 300 2
135 145 2
37 195 2
8 25 2
169 212 2
9 194 2
2 9 2
94 152 2
55 85 2
240 288 2
46 107 2
54 302 2
249 286 2
96 254 2
43 79 2
13 74 2
157 199 2
89 208 2
191 233 2
56 97 2
140 290 2
64 139 2
213 296 2
48 230 2
213 297 2
38 286 2
17 283 2
91 300 2
186 230 2
4 249 2
226 261 2
77 120 2
114 283 2
2 209 2
46 55 2
117 290 2
182 282 2
27 109 2
22 25 2
8 17 2
33 59 2
148 291 2
29 216 2
29 277 2
217 255 2
234 291 2
45 72 2
269 278 2
99 278 2
220 264 2
99 213 2
239 241 2
205 265 2
221 258 2
15 271 2
252 257 2
160 278 2
168 188 2
82 250 2
140 181 2
68 210 2
35 225 2
183 267 2
159 209 2
61 127 2
118 273 2
56 223 2
124 209 2
16 165 2
40 286 2
177 289 2
34 238 2
103 264 2
212 219 2
55 184 2
90 252 2
142 284 2
190 277 2
35 300 2
12 113 2
5 233 2
166 211 2
54 182 2
71 91 2
163 247 2
78 99 2
39 278 2
195 199 2
81 248 2
36 249 2
28 208 2
7 44 2
18 47 2
43 196 2
50 206 2
52 153 2
17 134 2
185 260 2
29 196 2
56 275 2
50 273 2
152 249 2
49 87 2
32 139 2
83 127 2
65 152 2
108 290 2
32 158 2
49 125 2
74 172 2
227 252 2
83 223 2
181 241 2
134 267 2
207 240 2
177 187 2
37 287 2
71 123 2
83 259 2
103 209 2
39 167 2
26 58 2
213 275 2
58 95 2
129 259 2
209 265 2
51 185 2
289 291 2
61 256 2
120 267 2
5 193 2
142 177 2
39 262 2
121 246 2
46 219 2
27 257 2
82 210 2
180 281 2
34 292 2
160 235 2
154 211 2
115 143 2
