1 4 5
1 195 5
1 259 5
2 27 5
2 44 5
2 148 5
2 149 5
3 185 5
3 297 5
4 6 5
4 17 5
4 26 5
4 28 5
4 41 5
4 45 5
4 49 5
4 61 5
4 73 5
4 82 5
4 84 5
4 88 5
4 90 5
4 95 5
4 97 5
4 104 5
4 108 5
4 119 5
4 129 5
4 134 5
4 135 5
4 136 5
4 142 5
4 148 5
4 153 5
4 157 5
4 159 5
4 160 5
4 170 5
4 172 5
4 176 5
4 189 5
4 198 5
4 203 5
4 250 5
4 256 5
4 259 5
4 261 5
4 273 5
4 274 5
4 291 5
4 294 5
4 296 5
4 297 5
4 301 5
4 315 5
4 316 5
4 319 5
4 329 5
4 330 5
4 361 5
5 55 5
5 146 5
5 255 5
6 256 5
7 117 5
7 127 5
7 184 5
8 73 5
8 83 5
8 242 5
8 342 5
9 27 5
9 32 5
9 97 5
9 111 5
9 114 5
9 143 5
9 194 5
9 211 5
9 275 5
9 306 5
10 203 5
10 261 5
10 275 5
11 27 5
12 64 5
12 203 5
12 235 5
12 253 5
13 27 5
13 154 5
13 203 5
13 205 5
14 16 5
14 27 5
14 115 5
14 251 5
14 278 5
15 27 5
15 175 5
16 37 5
16 115 5
16 172 5
16 211 5
16 228 5
16 263 5
16 281 5
16 297 5
16 309 5
17 219 5
17 234 5
17 236 5
17 310 5
17 341 5
18 27 5
18 28 5
18 129 5
18 135 5
18 213 5
18 273 5
19 71 5
19 191 5
20 50 5
20 63 5
20 97 5
20 181 5
22 35 5
22 113 5
22 175 5
22 262 5
22 300 5
22 323 5
22 324 5
22 365 5
23 138 5
23 168 5
23 175 5
23 250 5
24 27 5
24 94 5
24 330 5
25 143 5
25 170 5
25 182 5
26 27 5
26 217 5
26 345 5
27 31 5
27 32 5
27 39 5
27 41 5
27 44 5
27 46 5
27 61 5
27 73 5
27 80 5
27 87 5
27 88 5
27 90 5
27 92 5
27 93 5
27 100 5
27 102 5
27 103 5
27 110 5
27 113 5
27 116 5
27 129 5
27 142 5
27 145 5
27 147 5
27 153 5
27 157 5
27 168 5
27 181 5
27 182 5
27 187 5
27 188 5
27 208 5
27 210 5
27 211 5
27 224 5
27 227 5
27 229 5
27 237 5
27 248 5
27 250 5
27 255 5
27 256 5
27 259 5
27 260 5
27 263 5
27 265 5
27 267 5
27 269 5
27 271 5
27 274 5
27 277 5
27 288 5
27 296 5
27 301 5
27 304 5
27 306 5
27 310 5
27 323 5
27 331 5
27 332 5
28 47 5
28 109 5
28 256 5
28 266 5
32 200 5
32 209 5
32 263 5
32 266 5
32 294 5
32 297 5
33 260 5
34 97 5
35 51 5
35 52 5
35 67 5
35 76 5
35 120 5
35 146 5
35 155 5
35 175 5
35 229 5
35 255 5
35 313 5
36 113 5
36 133 5
36 165 5
36 253 5
37 172 5
37 191 5
37 314 5
37 317 5
37 324 5
37 333 5
38 356 5
39 181 5
40 114 5
40 116 5
40 193 5
40 217 5
40 317 5
41 117 5
41 137 5
41 218 5
41 226 5
41 310 5
42 198 5
43 61 5
43 89 5
43 135 5
43 172 5
43 234 5
43 283 5
44 85 5
44 203 5
44 234 5
45 52 5
45 60 5
45 96 5
45 119 5
45 185 5
45 188 5
45 246 5
45 341 5
45 350 5
46 59 5
46 133 5
46 182 5
46 203 5
46 211 5
46 218 5
46 270 5
46 363 5
47 353 5
48 270 5
50 232 5
50 364 5
51 168 5
51 233 5
51 235 5
51 243 5
51 300 5
51 343 5
52 55 5
52 100 5
52 132 5
52 179 5
52 195 5
52 242 5
52 281 5
52 328 5
52 341 5
53 232 5
53 252 5
54 199 5
55 248 5
55 253 5
55 260 5
56 191 5
56 248 5
56 322 5
57 88 5
57 155 5
57 205 5
57 233 5
58 289 5
59 84 5
59 103 5
59 149 5
59 159 5
59 172 5
59 260 5
60 167 5
60 305 5
61 114 5
61 218 5
61 230 5
62 147 5
62 302 5
63 276 5
64 236 5
65 214 5
66 85 5
66 94 5
66 138 5
66 198 5
66 359 5
67 242 5
68 110 5
68 314 5
69 182 5
69 260 5
70 93 5
70 242 5
70 290 5
71 208 5
71 225 5
71 283 5
71 338 5
72 91 5
72 302 5
73 203 5
73 233 5
74 91 5
74 256 5
75 135 5
75 187 5
76 114 5
79 101 5
79 165 5
79 175 5
81 130 5
81 253 5
82 126 5
82 142 5
82 147 5
82 229 5
82 274 5
83 216 5
84 177 5
84 203 5
84 204 5
84 205 5
85 91 5
85 358 5
86 210 5
88 203 5
89 97 5
89 128 5
89 284 5
90 344 5
91 101 5
91 303 5
91 359 5
92 215 5
92 260 5
94 231 5
95 159 5
96 173 5
96 195 5
97 154 5
97 187 5
97 203 5
97 224 5
97 233 5
97 264 5
100 159 5
100 266 5
100 312 5
101 113 5
101 281 5
101 358 5
102 138 5
103 281 5
104 223 5
104 243 5
104 250 5
105 181 5
105 242 5
106 142 5
106 213 5
107 129 5
107 191 5
111 114 5
111 260 5
113 278 5
113 308 5
114 145 5
114 336 5
115 155 5
115 259 5
117 182 5
117 210 5
117 254 5
117 257 5
117 353 5
118 120 5
118 132 5
118 175 5
118 182 5
119 149 5
119 203 5
119 334 5
120 182 5
120 203 5
120 220 5
120 230 5
120 231 5
120 353 5
122 147 5
122 150 5
122 254 5
123 142 5
123 191 5
124 185 5
126 236 5
127 147 5
127 260 5
128 175 5
128 203 5
128 266 5
128 280 5
128 326 5
129 195 5
130 182 5
130 186 5
130 317 5
131 143 5
131 175 5
131 182 5
132 170 5
132 175 5
132 187 5
132 248 5
132 288 5
135 175 5
135 245 5
135 249 5
135 290 5
136 164 5
136 182 5
137 144 5
137 180 5
137 193 5
137 201 5
137 224 5
137 268 5
137 292 5
138 194 5
138 254 5
138 267 5
138 269 5
138 282 5
138 319 5
138 337 5
139 213 5
140 280 5
141 242 5
142 165 5
142 241 5
142 266 5
142 301 5
142 333 5
142 339 5
143 203 5
143 243 5
143 251 5
144 203 5
145 236 5
145 301 5
148 236 5
148 330 5
150 227 5
150 251 5
150 253 5
150 322 5
150 349 5
151 300 5
152 325 5
153 238 5
153 311 5
153 337 5
154 186 5
155 182 5
155 227 5
155 289 5
156 200 5
156 235 5
157 165 5
158 230 5
158 255 5
159 236 5
159 280 5
163 257 5
166 253 5
168 175 5
168 176 5
168 325 5
168 327 5
169 232 5
171 242 5
172 198 5
172 211 5
172 218 5
172 247 5
172 249 5
172 297 5
172 300 5
172 306 5
172 319 5
172 343 5
172 357 5
173 271 5
175 187 5
175 268 5
175 281 5
175 313 5
175 316 5
175 324 5
175 327 5
175 333 5
175 359 5
176 243 5
176 254 5
176 327 5
177 203 5
179 212 5
179 260 5
179 337 5
181 291 5
181 343 5
182 192 5
182 215 5
182 255 5
182 273 5
182 295 5
182 306 5
182 342 5
183 266 5
184 188 5
185 242 5
185 284 5
186 253 5
187 348 5
189 235 5
190 242 5
190 297 5
190 334 5
191 264 5
191 273 5
191 292 5
192 205 5
193 203 5
193 299 5
195 250 5
196 297 5
197 218 5
198 204 5
199 316 5
200 343 5
203 223 5
203 224 5
203 230 5
203 245 5
203 254 5
203 276 5
203 329 5
203 333 5
203 346 5
203 356 5
205 221 5
205 268 5
206 347 5
207 296 5
207 341 5
208 323 5
210 222 5
212 294 5
212 326 5
214 238 5
216 260 5
216 285 5
216 299 5
218 220 5
218 359 5
219 233 5
219 236 5
219 296 5
220 278 5
222 302 5
222 356 5
223 258 5
224 250 5
224 352 5
230 274 5
231 356 5
232 254 5
233 283 5
233 284 5
234 284 5
236 314 5
236 356 5
238 289 5
239 255 5
239 322 5
240 243 5
241 313 5
242 286 5
244 317 5
245 260 5
245 270 5
245 288 5
246 278 5
246 302 5
246 364 5
248 255 5
248 268 5
248 298 5
248 337 5
249 297 5
250 260 5
250 264 5
252 255 5
253 342 5
256 292 5
256 335 5
260 263 5
260 272 5
261 294 5
265 293 5
266 276 5
268 301 5
271 286 5
271 309 5
276 279 5
281 282 5
281 352 5
294 342 5
303 319 5
313 355 5
316 354 5
328 358 5
337 353 5
344 356 5
45 249 5
159 349 5
203 306 5
106 393 5
4 327 5
27 96 5
46 392 5
4 124 5
4 32 5
105 114 5
182 314 5
85 220 5
2 198 5
4 89 5
25 327 5
51 395 5
82 292 5
135 278 5
77 219 5
260 378 5
203 229 5
200 214 5
211 312 5
300 321 5
62 253 5
41 314 5
282 314 5
4 37 5
186 307 5
62 135 5
4 175 5
161 265 5
160 184 5
89 302 5
158 278 5
82 246 5
7 306 5
4 109 5
27 273 5
50 53 5
138 215 5
159 371 5
304 356 5
3 134 5
49 253 5
142 366 5
60 185 5
256 300 5
28 273 5
33 142 5
104 304 5
62 161 5
26 35 5
41 147 5
175 399 5
23 269 5
240 255 5
159 386 5
29 260 5
16 103 5
147 164 5
57 114 5
87 142 5
172 390 5
46 398 5
209 230 5
285 357 5
114 191 5
39 79 5
172 223 5
175 372 5
1 313 5
12 356 5
27 297 5
157 316 5
113 145 5
4 114 5
34 273 5
36 51 5
182 218 5
134 319 5
8 171 5
188 333 5
174 200 5
207 255 5
35 390 5
35 248 5
319 372 5
45 354 5
115 373 5
9 283 5
44 108 5
144 356 5
51 357 5
16 125 5
123 375 5
114 188 5
29 353 5
123 323 5
37 250 5
301 333 5
160 276 5
41 119 5
255 264 5
78 169 5
19 101 5
256 306 5
269 358 5
26 175 5
162 390 5
97 196 5
163 254 5
327 347 5
118 306 5
118 210 5
45 389 5
4 375 5
4 299 5
30 236 5
4 216 5
48 313 5
324 363 5
4 125 5
33 52 5
253 301 5
203 349 5
27 114 5
88 95 5
97 302 5
32 33 5
168 247 5
166 182 5
49 211 5
334 358 5
68 207 5
163 253 5
71 356 5
70 314 5
14 85 5
229 297 5
200 208 5
35 197 5
87 135 5
49 306 5
134 352 5
50 297 5
225 253 5
162 328 5
92 306 5
21 192 5
4 55 5
16 203 5
183 310 5
80 129 5
175 227 5
255 300 5
61 122 5
203 249 5
4 243 5
27 195 5
327 370 5
175 285 5
104 113 5
106 224 5
158 204 5
224 275 5
246 394 5
9 72 5
20 310 5
234 264 5
82 175 5
33 329 5
302 391 5
41 139 5
89 375 5
27 336 5
89 172 5
27 206 5
232 356 5
182 211 5
4 249 5
116 337 5
4 101 5
66 150 5
133 343 5
37 378 5
27 400 5
39 271 5
58 63 5
200 292 5
41 43 5
159 187 5
112 342 5
120 255 5
218 298 5
4 270 5
8 338 5
46 207 5
147 336 5
13 101 5
14 149 5
153 195 5
97 300 5
218 316 5
9 258 5
35 131 5
27 77 5
22 201 5
172 186 5
187 310 5
354 374 5
129 288 5
46 379 5
312 358 5
61 340 5
48 59 5
191 396 5
62 260 5
45 75 5
27 328 5
210 397 5
219 232 5
91 390 5
198 337 5
101 364 5
224 340 5
100 129 5
66 182 5
104 248 5
189 271 5
176 304 5
4 40 5
41 81 5
122 362 5
60 96 5
235 339 5
60 198 5
114 310 5
137 282 5
4 269 5
40 369 5
266 305 5
27 200 5
72 331 5
4 399 5
201 253 5
27 219 5
37 155 5
125 319 5
4 370 5
22 49 5
104 314 5
120 175 5
226 238 5
63 71 5
27 33 5
50 171 5
30 298 5
188 250 5
159 348 5
27 303 5
27 230 5
55 338 5
172 314 5
137 368 5
139 356 5
203 366 5
58 113 5
14 331 5
176 291 5
192 221 5
203 377 5
124 317 5
179 373 5
315 373 5
39 245 5
111 203 5
53 159 5
27 36 5
97 229 5
27 89 5
33 339 5
108 172 5
7 186 5
145 260 5
129 329 5
27 91 5
37 79 5
311 358 5
4 29 5
82 306 5
137 338 5
142 348 5
366 387 5
318 323 5
201 325 5
146 185 5
4 121 5
259 334 5
159 370 5
203 337 5
142 320 5
172 320 5
119 216 5
39 65 5
23 307 5
4 335 5
29 292 5
107 144 5
145 353 5
151 182 5
85 260 5
36 301 5
55 290 5
212 347 5
212 253 5
213 354 5
4 283 5
4 27 5
28 123 5
220 289 5
9 96 5
297 341 5
23 26 5
13 395 5
240 263 5
254 311 5
247 299 5
12 394 5
169 359 5
53 198 5
49 82 5
278 298 5
30 260 5
235 309 5
214 323 5
145 250 5
16 368 5
175 270 5
40 168 5
136 277 5
22 287 5
48 159 5
130 269 5
83 162 5
55 343 5
397 401 5
199 342 5
27 203 5
198 293 5
114 376 5
4 287 5
256 361 5
175 346 5
194 203 5
44 312 5
183 286 5
242 340 5
16 339 5
181 227 5
22 278 5
101 154 5
34 179 5
293 399 5
48 124 5
12 392 5
113 182 5
11 63 5
4 396 5
100 213 5
8 185 5
101 233 5
5 300 5
159 354 5
27 59 5
44 97 5
12 380 5
28 92 5
35 69 5
4 138 5
228 286 5
33 338 5
6 92 5
110 247 5
300 306 5
174 336 5
104 108 5
135 238 5
172 359 5
12 362 5
182 385 5
322 352 5
366 396 5
117 180 5
35 81 5
13 68 5
223 398 5
110 298 5
227 374 5
334 339 5
4 300 5
139 271 5
35 367 5
88 109 5
208 372 5
186 305 5
27 115 5
6 68 5
4 307 5
106 203 5
82 356 5
260 265 5
4 271 5
3 36 5
2 4 5
120 395 5
310 374 5
182 217 5
4 127 5
308 317 5
2 194 5
135 366 5
27 322 5
72 281 5
4 332 5
4 57 5
32 156 5
27 122 5
27 278 5
253 376 5
4 320 5
236 295 5
4 209 5
16 307 5
38 370 5
198 391 5
159 377 5
354 394 5
27 272 5
4 400 5
194 205 5
9 215 5
45 355 5
286 366 5
27 127 5
292 335 5
55 175 5
16 46 5
129 157 5
66 279 5
43 175 5
102 172 5
58 230 5
27 137 5
278 302 5
8 110 5
27 53 5
25 322 5
71 80 5
79 179 5
19 33 5
4 314 5
59 203 5
13 32 5
345 397 5
118 241 5
4 373 5
27 381 5
27 64 5
107 372 5
202 210 5
113 269 5
2 203 5
253 371 5
185 270 5
219 243 5
102 203 5
70 119 5
45 309 5
260 296 5
96 227 5
71 378 5
4 267 5
27 312 5
4 354 5
4 9 5
106 185 5
62 145 5
18 327 5
63 116 5
153 310 5
253 381 5
228 301 5
163 301 5
216 308 5
198 234 5
182 326 5
27 146 5
172 231 5
115 362 5
62 236 5
130 172 5
82 113 5
155 230 5
4 323 5
143 338 5
176 211 5
65 327 5
4 289 5
266 338 5
27 308 5
35 361 5
3 70 5
166 288 5
129 259 5
245 318 5
73 224 5
22 326 5
294 396 5
4 39 5
38 130 5
88 351 5
113 221 5
4 76 5
245 366 5
277 344 5
7 289 5
97 322 5
88 338 5
118 274 5
12 52 5
274 366 5
79 257 5
173 228 5
83 208 5
27 337 5
61 300 5
4 369 5
64 142 5
120 172 5
26 344 5
22 63 5
211 287 5
138 203 5
148 314 5
71 109 5
166 395 5
82 86 5
49 267 5
4 235 5
27 357 5
77 159 5
31 135 5
19 64 5
135 147 5
180 302 5
167 278 5
191 219 5
82 180 5
97 353 5
140 259 5
184 249 5
59 301 5
260 370 5
27 170 5
27 395 5
273 377 5
108 113 5
52 95 5
20 388 5
66 135 5
280 282 5
48 101 5
226 279 5
226 292 5
45 87 5
20 356 5
182 277 5
27 333 5
113 379 5
123 132 5
72 246 5
106 155 5
35 276 5
31 297 5
37 243 5
4 80 5
159 383 5
260 271 5
177 228 5
37 355 5
72 297 5
128 336 5
180 358 5
350 353 5
88 121 5
236 377 5
44 155 5
312 322 5
308 371 5
94 227 5
104 372 5
63 254 5
57 369 5
132 137 5
260 354 5
57 381 5
94 160 5
4 200 5
27 192 5
272 283 5
19 49 5
158 271 5
300 383 5
199 203 5
211 337 5
223 227 5
93 172 5
316 320 5
27 258 5
27 335 5
281 298 5
71 120 5
4 152 5
280 336 5
185 385 5
277 350 5
89 296 5
147 210 5
67 123 5
175 286 5
9 24 5
69 128 5
25 224 5
82 366 5
97 380 5
58 203 5
202 224 5
4 376 5
34 254 5
33 149 5
39 396 5
48 400 5
114 362 5
9 118 5
18 127 5
82 379 5
15 163 5
222 306 5
79 369 5
216 312 5
4 388 5
101 260 5
102 315 5
35 359 5
153 356 5
124 282 5
4 34 5
106 334 5
86 124 5
333 353 5
222 319 5
84 253 5
193 260 5
7 27 5
64 381 5
100 332 5
255 368 5
4 328 5
166 282 5
27 123 5
27 151 5
82 399 5
4 178 5
57 184 5
297 320 5
52 280 5
37 375 5
59 89 5
83 350 5
121 278 5
254 383 5
139 384 5
46 397 5
222 340 5
96 363 5
172 395 5
176 381 5
191 321 5
79 229 5
2 195 5
164 278 5
98 236 5
61 66 5
74 287 5
264 341 5
4 214 5
243 329 5
63 97 5
255 348 5
28 120 5
203 348 5
164 176 5
27 315 5
106 130 5
3 32 5
297 396 5
130 279 5
180 232 5
213 269 5
262 323 5
38 79 5
4 22 5
185 378 5
155 243 5
45 282 5
141 337 5
70 97 5
6 241 5
154 254 5
62 171 5
203 288 5
172 256 5
115 186 5
170 250 5
46 241 5
69 222 5
17 120 5
27 75 5
176 369 5
27 201 5
27 293 5
72 112 5
231 242 5
45 391 5
36 182 5
281 379 5
44 391 5
206 366 5
41 143 5
153 306 5
195 389 5
96 395 5
73 267 5
137 260 5
102 312 5
94 177 5
190 201 5
55 110 5
27 361 5
20 386 5
131 158 5
60 393 5
46 357 5
203 398 5
5 203 5
4 257 5
113 374 5
192 276 5
40 281 5
148 274 5
27 62 5
40 255 5
32 222 5
58 269 5
4 202 5
21 182 5
122 185 5
178 268 5
82 201 5
107 130 5
178 253 5
123 384 5
227 386 5
82 354 5
33 376 5
27 316 5
307 327 5
53 78 5
27 128 5
9 294 5
100 172 5
58 94 5
211 400 5
24 138 5
128 263 5
97 251 5
179 203 5
19 326 5
88 267 5
88 193 5
161 249 5
168 198 5
242 339 5
152 326 5
60 62 5
43 221 5
23 338 5
27 199 5
169 278 5
143 228 5
109 125 5
67 138 5
301 388 5
89 300 5
62 225 5
4 272 5
353 356 5
48 204 5
9 248 5
12 187 5
29 52 5
97 373 5
69 247 5
115 129 5
4 126 5
250 364 5
223 248 5
19 80 5
26 279 5
150 336 5
216 253 5
325 396 5
154 354 5
219 302 5
4 353 5
175 220 5
105 259 5
160 246 5
200 203 5
206 359 5
191 260 5
315 333 5
203 385 5
104 381 5
27 67 5
27 240 5
129 310 5
14 103 5
52 167 5
257 273 5
14 19 5
55 154 5
243 339 5
46 69 5
27 387 5
281 299 5
150 390 5
99 229 5
172 188 5
91 389 5
47 203 5
80 384 5
4 100 5
129 236 5
129 144 5
216 238 5
4 280 5
72 396 5
27 125 5
14 175 5
138 285 5
29 100 5
62 232 5
185 359 5
218 256 5
289 294 5
9 119 5
82 144 5
66 383 5
113 185 5
4 391 5
27 252 5
4 355 5
185 336 5
129 389 5
209 391 5
43 198 5
203 392 5
73 256 5
56 91 5
280 356 5
4 188 5
18 35 5
112 206 5
138 157 5
81 352 5
4 279 5
54 101 5
342 363 5
27 130 5
90 224 5
4 348 5
211 351 5
253 318 5
41 52 5
142 159 5
132 336 5
52 106 5
251 356 5
250 284 5
11 39 5
176 326 5
297 389 5
236 323 5
40 46 5
30 248 5
91 228 5
203 219 5
5 138 5
129 201 5
31 182 5
4 215 5
2 19 5
4 333 5
157 386 5
45 206 5
27 63 5
172 372 5
92 280 5
104 333 5
27 291 5
37 217 5
89 384 5
27 356 5
4 368 5
72 323 5
176 308 5
32 314 5
4 244 5
142 384 5
233 271 5
254 397 5
27 374 5
66 281 5
4 13 5
27 189 5
48 298 5
