1 73 5
1 139 5
1 275 5
1 288 5
2 118 5
2 194 5
3 54 5
3 119 5
3 178 5
3 249 5
3 259 5
3 268 5
3 270 5
3 327 5
4 126 5
4 182 5
5 65 5
5 133 5
5 200 5
5 231 5
6 110 5
6 137 5
6 179 5
6 185 5
6 189 5
7 71 5
7 132 5
7 207 5
8 27 5
8 28 5
8 46 5
8 113 5
8 127 5
9 16 5
9 43 5
9 144 5
9 232 5
9 322 5
9 348 5
10 56 5
10 155 5
10 310 5
11 107 5
11 149 5
11 324 5
12 51 5
12 228 5
12 346 5
14 93 5
14 96 5
14 189 5
14 225 5
14 276 5
14 363 5
15 97 5
15 107 5
15 143 5
15 250 5
16 158 5
17 38 5
17 83 5
17 89 5
17 96 5
18 24 5
18 42 5
18 113 5
18 154 5
18 174 5
19 60 5
19 125 5
19 162 5
19 175 5
19 357 5
20 27 5
20 113 5
20 259 5
21 74 5
21 179 5
21 182 5
21 331 5
22 59 5
22 113 5
23 85 5
23 126 5
23 162 5
23 197 5
23 271 5
23 342 5
24 70 5
24 145 5
24 308 5
24 339 5
25 37 5
25 63 5
25 167 5
25 253 5
25 272 5
26 46 5
26 52 5
26 62 5
26 237 5
26 363 5
27 34 5
27 65 5
27 96 5
27 103 5
27 145 5
28 301 5
28 333 5
28 334 5
29 168 5
29 225 5
30 145 5
30 261 5
30 297 5
30 360 5
31 205 5
32 100 5
32 142 5
32 153 5
32 274 5
32 312 5
33 95 5
33 126 5
33 297 5
34 57 5
34 215 5
34 254 5
34 361 5
35 184 5
35 280 5
36 200 5
36 326 5
37 151 5
37 191 5
37 320 5
37 324 5
38 75 5
38 135 5
38 337 5
39 40 5
39 89 5
39 126 5
39 131 5
39 144 5
39 202 5
39 213 5
39 221 5
39 227 5
39 250 5
40 89 5
40 148 5
40 270 5
40 354 5
41 69 5
41 85 5
41 107 5
41 200 5
41 244 5
42 81 5
42 106 5
42 232 5
42 238 5
42 294 5
43 75 5
43 128 5
43 145 5
43 155 5
43 262 5
43 266 5
43 298 5
44 177 5
44 232 5
44 296 5
45 47 5
45 155 5
45 241 5
45 287 5
45 360 5
46 124 5
46 163 5
47 64 5
47 65 5
47 177 5
47 263 5
47 309 5
48 70 5
48 83 5
48 155 5
48 179 5
48 294 5
48 331 5
49 62 5
49 170 5
50 224 5
50 262 5
51 155 5
51 229 5
52 233 5
52 237 5
53 254 5
53 290 5
53 310 5
54 162 5
54 181 5
54 190 5
54 252 5
54 266 5
55 249 5
55 268 5
55 273 5
56 201 5
57 229 5
57 289 5
58 62 5
60 134 5
60 184 5
60 298 5
61 288 5
61 341 5
62 200 5
62 202 5
62 316 5
63 189 5
63 238 5
63 280 5
64 186 5
64 194 5
64 316 5
65 99 5
65 297 5
65 335 5
66 69 5
66 101 5
66 104 5
66 152 5
66 164 5
67 70 5
67 210 5
67 262 5
67 308 5
68 81 5
68 95 5
69 128 5
69 175 5
69 177 5
70 78 5
70 294 5
70 344 5
71 120 5
71 198 5
71 231 5
72 131 5
72 286 5
72 344 5
73 81 5
73 85 5
73 147 5
73 151 5
73 183 5
73 223 5
73 267 5
73 295 5
73 352 5
73 362 5
74 228 5
75 119 5
75 290 5
76 130 5
76 169 5
76 186 5
77 133 5
77 207 5
78 137 5
78 293 5
79 88 5
79 156 5
79 191 5
79 224 5
79 294 5
80 211 5
80 283 5
82 90 5
82 147 5
82 255 5
82 305 5
83 234 5
84 183 5
85 130 5
85 209 5
86 206 5
86 265 5
87 90 5
87 151 5
87 250 5
87 346 5
88 132 5
88 153 5
88 204 5
88 217 5
89 120 5
89 169 5
89 212 5
90 132 5
90 167 5
90 245 5
91 312 5
91 320 5
92 156 5
93 147 5
93 206 5
93 217 5
93 235 5
94 173 5
94 192 5
95 124 5
95 176 5
96 140 5
96 177 5
96 206 5
96 241 5
96 288 5
96 346 5
96 356 5
97 99 5
97 190 5
97 238 5
98 146 5
98 163 5
98 304 5
98 306 5
98 324 5
99 144 5
99 317 5
100 150 5
100 262 5
101 118 5
101 164 5
101 208 5
101 226 5
101 274 5
101 283 5
101 292 5
102 105 5
102 202 5
102 247 5
103 132 5
103 141 5
103 202 5
103 210 5
104 223 5
104 269 5
104 289 5
104 332 5
105 128 5
105 154 5
105 268 5
105 286 5
105 287 5
105 295 5
106 122 5
106 194 5
106 322 5
107 109 5
107 142 5
107 284 5
108 162 5
108 291 5
108 340 5
109 138 5
109 213 5
109 230 5
109 308 5
110 218 5
110 236 5
111 264 5
111 315 5
111 356 5
112 222 5
112 236 5
112 351 5
113 181 5
113 246 5
113 345 5
114 298 5
115 175 5
115 248 5
116 281 5
117 129 5
117 192 5
117 221 5
117 321 5
118 174 5
118 247 5
118 343 5
119 199 5
120 133 5
120 145 5
120 310 5
120 330 5
121 211 5
121 232 5
121 249 5
121 278 5
121 321 5
122 137 5
122 165 5
122 184 5
122 204 5
122 307 5
124 287 5
125 354 5
127 162 5
128 147 5
129 221 5
129 223 5
130 134 5
130 135 5
130 284 5
130 339 5
131 144 5
131 161 5
131 180 5
132 182 5
132 186 5
132 192 5
132 238 5
132 239 5
135 171 5
135 197 5
135 249 5
135 290 5
135 341 5
136 191 5
137 208 5
137 249 5
137 265 5
137 285 5
138 141 5
138 193 5
138 307 5
139 190 5
139 237 5
139 257 5
139 259 5
140 228 5
140 308 5
141 227 5
142 149 5
142 159 5
142 183 5
142 281 5
143 325 5
143 345 5
144 189 5
145 248 5
145 257 5
146 193 5
147 169 5
147 218 5
148 211 5
149 180 5
149 215 5
149 264 5
150 242 5
151 296 5
151 323 5
152 235 5
152 259 5
152 300 5
152 301 5
153 268 5
153 304 5
154 245 5
154 330 5
155 271 5
156 195 5
156 357 5
156 359 5
157 160 5
157 180 5
157 226 5
157 251 5
157 265 5
157 339 5
157 345 5
158 261 5
159 277 5
159 296 5
159 317 5
160 312 5
161 167 5
162 178 5
162 273 5
162 334 5
163 254 5
164 176 5
164 247 5
164 292 5
164 313 5
164 324 5
165 213 5
165 352 5
166 210 5
166 232 5
166 262 5
166 315 5
167 181 5
168 175 5
168 210 5
168 259 5
170 232 5
171 286 5
172 224 5
172 312 5
173 280 5
174 198 5
174 289 5
174 336 5
175 223 5
175 232 5
175 269 5
175 312 5
176 205 5
176 252 5
177 184 5
177 227 5
177 291 5
178 194 5
178 237 5
178 281 5
178 313 5
178 345 5
179 224 5
179 247 5
179 251 5
179 297 5
180 307 5
182 230 5
182 234 5
183 194 5
183 224 5
183 286 5
183 336 5
183 343 5
184 206 5
184 232 5
185 212 5
187 200 5
187 297 5
188 195 5
189 296 5
189 340 5
190 263 5
191 246 5
191 309 5
191 331 5
192 240 5
192 310 5
192 312 5
193 200 5
193 285 5
193 337 5
194 254 5
194 306 5
194 358 5
195 215 5
195 244 5
195 327 5
195 354 5
196 325 5
197 237 5
197 256 5
197 304 5
198 232 5
198 242 5
198 286 5
198 298 5
198 314 5
199 281 5
199 331 5
200 250 5
202 273 5
202 282 5
203 222 5
203 263 5
203 297 5
203 323 5
207 264 5
207 290 5
209 292 5
209 299 5
209 330 5
210 229 5
211 255 5
211 312 5
216 270 5
216 289 5
216 301 5
218 265 5
219 281 5
220 224 5
220 235 5
221 228 5
222 267 5
223 361 5
224 228 5
225 275 5
228 308 5
229 351 5
230 300 5
230 304 5
230 357 5
231 261 5
231 280 5
232 307 5
234 241 5
235 246 5
235 268 5
235 308 5
236 306 5
237 262 5
237 272 5
237 313 5
237 320 5
237 328 5
238 268 5
240 261 5
240 317 5
241 252 5
242 324 5
243 258 5
243 308 5
246 247 5
247 259 5
247 303 5
248 320 5
250 261 5
252 307 5
253 267 5
256 325 5
257 281 5
257 328 5
259 307 5
259 322 5
259 353 5
260 274 5
260 350 5
265 276 5
268 310 5
270 321 5
272 289 5
275 300 5
276 284 5
276 297 5
276 362 5
277 299 5
278 314 5
280 351 5
284 286 5
285 291 5
285 352 5
287 294 5
287 305 5
289 329 5
292 301 5
293 311 5
300 345 5
305 313 5
307 339 5
311 327 5
313 352 5
324 325 5
328 356 5
332 358 5
352 359 5
155 221 5
353 363 5
14 138 5
149 278 5
382 390 5
184 308 5
5 318 5
165 374 5
316 337 5
92 265 5
135 275 5
173 339 5
176 256 5
77 310 5
111 360 5
159 187 5
3 193 5
17 211 5
330 359 5
367 392 5
149 339 5
255 371 5
208 227 5
162 300 5
63 122 5
68 98 5
198 343 5
5 373 5
271 315 5
122 302 5
97 280 5
87 99 5
144 297 5
145 188 5
227 254 5
135 265 5
47 105 5
118 273 5
90 385 5
34 105 5
152 204 5
173 349 5
146 250 5
88 394 5
114 163 5
332 389 5
65 75 5
103 281 5
43 363 5
24 370 5
188 232 5
233 235 5
8 22 5
179 392 5
111 285 5
95 263 5
88 340 5
283 306 5
189 275 5
23 393 5
380 388 5
124 355 5
53 56 5
3 96 5
17 27 5
137 205 5
258 369 5
111 338 5
289 390 5
173 328 5
21 173 5
34 260 5
33 316 5
221 237 5
228 263 5
243 322 5
196 206 5
45 332 5
120 324 5
99 341 5
219 235 5
148 217 5
202 327 5
84 263 5
10 287 5
34 58 5
67 104 5
136 390 5
55 225 5
28 317 5
51 343 5
237 257 5
138 354 5
133 260 5
73 358 5
72 291 5
191 288 5
38 392 5
121 286 5
172 253 5
204 360 5
229 307 5
98 291 5
41 152 5
114 141 5
140 238 5
49 82 5
166 292 5
24 74 5
24 146 5
95 381 5
109 170 5
55 219 5
233 340 5
11 157 5
110 214 5
11 115 5
119 213 5
232 301 5
36 86 5
176 372 5
126 323 5
160 297 5
16 370 5
39 183 5
188 235 5
207 296 5
3 261 5
113 308 5
123 272 5
54 64 5
9 178 5
64 127 5
36 62 5
31 98 5
74 121 5
116 346 5
199 241 5
215 348 5
130 282 5
68 326 5
36 131 5
39 363 5
63 147 5
7 18 5
81 343 5
60 351 5
196 259 5
149 320 5
179 231 5
23 89 5
33 326 5
123 211 5
158 346 5
227 337 5
335 360 5
294 395 5
64 329 5
105 200 5
74 123 5
88 206 5
203 265 5
37 133 5
132 259 5
125 362 5
36 213 5
56 361 5
267 319 5
156 263 5
23 164 5
54 88 5
54 97 5
47 161 5
152 382 5
127 360 5
237 347 5
215 221 5
173 251 5
304 354 5
108 150 5
217 337 5
362 392 5
249 352 5
3 257 5
214 352 5
240 374 5
4 336 5
26 51 5
79 95 5
126 275 5
206 293 5
19 34 5
112 206 5
137 342 5
108 122 5
116 286 5
320 338 5
107 258 5
270 363 5
155 334 5
172 314 5
201 390 5
106 299 5
39 274 5
378 386 5
71 182 5
105 277 5
61 273 5
213 383 5
163 197 5
82 334 5
278 343 5
384 401 5
273 342 5
18 205 5
3 169 5
48 369 5
153 392 5
103 266 5
98 242 5
87 242 5
36 95 5
346 367 5
96 400 5
179 292 5
161 184 5
38 45 5
117 126 5
93 398 5
110 131 5
274 299 5
112 321 5
130 145 5
205 316 5
44 364 5
156 211 5
71 173 5
166 177 5
27 171 5
130 332 5
210 247 5
7 41 5
133 364 5
76 93 5
243 349 5
63 354 5
328 341 5
128 158 5
4 129 5
72 245 5
300 368 5
37 55 5
241 276 5
4 257 5
138 244 5
284 323 5
145 358 5
89 220 5
49 331 5
111 241 5
253 356 5
110 156 5
9 312 5
153 159 5
125 155 5
51 209 5
194 235 5
109 111 5
34 39 5
185 350 5
106 250 5
306 394 5
63 394 5
184 285 5
197 396 5
22 368 5
49 76 5
130 177 5
336 387 5
214 283 5
5 132 5
94 366 5
199 205 5
73 305 5
257 316 5
164 253 5
35 157 5
97 229 5
113 222 5
216 353 5
309 319 5
29 311 5
67 86 5
125 159 5
93 113 5
225 338 5
31 117 5
189 315 5
308 335 5
218 222 5
143 263 5
58 297 5
286 372 5
65 193 5
17 70 5
51 80 5
7 390 5
73 79 5
148 237 5
198 240 5
207 349 5
63 138 5
310 325 5
124 216 5
14 331 5
110 192 5
156 167 5
88 199 5
124 225 5
194 391 5
143 241 5
244 248 5
204 395 5
351 393 5
189 231 5
251 263 5
68 398 5
60 377 5
184 321 5
192 250 5
197 374 5
24 114 5
201 212 5
222 335 5
24 212 5
127 338 5
26 42 5
229 257 5
36 248 5
252 339 5
109 113 5
176 261 5
182 321 5
151 175 5
14 176 5
23 372 5
209 387 5
197 395 5
8 215 5
105 204 5
98 330 5
114 123 5
44 370 5
24 152 5
216 348 5
89 324 5
21 132 5
171 313 5
322 341 5
86 115 5
7 182 5
66 158 5
151 390 5
70 262 5
38 64 5
135 247 5
66 360 5
182 331 5
26 328 5
215 333 5
20 373 5
176 211 5
113 381 5
53 160 5
246 374 5
240 381 5
99 398 5
45 160 5
220 379 5
257 302 5
115 147 5
64 253 5
105 394 5
33 104 5
91 365 5
62 319 5
168 310 5
68 180 5
153 293 5
205 386 5
83 205 5
249 274 5
92 316 5
216 299 5
12 21 5
84 363 5
139 264 5
149 296 5
239 316 5
306 332 5
373 387 5
105 281 5
227 284 5
20 191 5
5 108 5
312 395 5
160 267 5
74 232 5
130 359 5
51 363 5
141 324 5
77 134 5
134 282 5
48 372 5
192 376 5
163 353 5
33 56 5
42 259 5
12 61 5
49 119 5
42 138 5
103 298 5
334 382 5
11 43 5
4 135 5
61 276 5
267 400 5
24 133 5
67 220 5
10 180 5
41 205 5
74 172 5
213 333 5
4 344 5
52 346 5
83 135 5
167 237 5
52 147 5
94 169 5
157 304 5
171 290 5
169 251 5
155 274 5
301 374 5
153 340 5
53 383 5
153 357 5
126 288 5
37 129 5
54 304 5
37 254 5
19 209 5
260 273 5
113 238 5
26 66 5
88 196 5
10 355 5
181 364 5
337 356 5
153 368 5
88 207 5
19 43 5
144 359 5
2 67 5
305 345 5
120 197 5
1 341 5
285 288 5
197 333 5
30 398 5
157 335 5
225 288 5
167 261 5
121 140 5
269 292 5
87 356 5
97 178 5
70 127 5
71 394 5
266 338 5
48 58 5
60 206 5
58 166 5
62 345 5
13 362 5
92 296 5
242 389 5
7 255 5
248 395 5
115 201 5
358 360 5
127 142 5
137 211 5
129 326 5
191 355 5
74 138 5
248 344 5
133 378 5
149 181 5
38 214 5
129 234 5
75 108 5
35 190 5
36 154 5
26 101 5
130 224 5
37 386 5
194 256 5
254 321 5
274 395 5
43 132 5
19 363 5
147 224 5
11 327 5
48 373 5
139 278 5
250 320 5
24 38 5
26 178 5
126 146 5
41 203 5
260 328 5
78 256 5
125 398 5
108 119 5
223 343 5
33 250 5
257 396 5
256 267 5
300 321 5
131 387 5
177 235 5
49 273 5
74 345 5
49 163 5
272 325 5
199 203 5
256 353 5
53 381 5
21 233 5
35 98 5
19 54 5
67 310 5
13 323 5
5 248 5
233 294 5
69 208 5
140 257 5
14 83 5
2 62 5
245 274 5
58 120 5
144 387 5
144 269 5
165 366 5
100 135 5
199 226 5
153 266 5
207 238 5
53 260 5
152 315 5
121 285 5
23 294 5
49 307 5
51 179 5
40 95 5
171 397 5
139 214 5
156 358 5
6 193 5
392 400 5
2 151 5
208 329 5
60 187 5
46 260 5
11 216 5
239 377 5
288 312 5
89 282 5
10 394 5
5 183 5
69 236 5
143 391 5
25 221 5
255 291 5
253 398 5
281 399 5
75 282 5
134 278 5
140 209 5
150 252 5
23 90 5
125 334 5
49 78 5
58 94 5
144 277 5
135 379 5
277 345 5
169 295 5
165 331 5
147 283 5
235 294 5
163 184 5
100 303 5
351 392 5
86 124 5
112 322 5
92 160 5
185 399 5
214 217 5
23 133 5
149 265 5
305 372 5
139 189 5
191 198 5
16 376 5
146 282 5
310 381 5
8 64 5
127 282 5
30 78 5
142 213 5
304 399 5
68 301 5
87 190 5
220 282 5
145 212 5
183 368 5
121 229 5
391 394 5
91 369 5
6 309 5
322 388 5
289 386 5
67 242 5
169 184 5
319 396 5
310 316 5
283 371 5
56 130 5
144 337 5
349 355 5
153 388 5
209 273 5
275 288 5
51 262 5
315 340 5
235 359 5
319 399 5
137 292 5
75 160 5
77 306 5
142 214 5
65 112 5
95 120 5
238 241 5
128 261 5
265 353 5
145 320 5
207 297 5
91 230 5
4 330 5
169 287 5
202 205 5
36 376 5
276 280 5
90 185 5
165 322 5
201 333 5
40 113 5
240 242 5
178 373 5
264 291 5
159 396 5
85 169 5
97 389 5
89 229 5
384 400 5
139 260 5
113 200 5
148 368 5
64 151 5
229 310 5
72 109 5
160 184 5
73 221 5
96 265 5
251 359 5
190 323 5
177 329 5
18 89 5
73 77 5
87 215 5
4 360 5
371 401 5
63 179 5
87 194 5
265 364 5
195 268 5
47 160 5
215 268 5
23 117 5
173 176 5
33 362 5
170 361 5
210 261 5
49 359 5
5 208 5
9 245 5
239 244 5
16 51 5
244 380 5
14 175 5
41 180 5
209 300 5
148 200 5
285 337 5
70 369 5
312 318 5
199 401 5
121 171 5
156 176 5
73 329 5
239 257 5
307 316 5
255 367 5
101 223 5
1 381 5
215 261 5
13 300 5
7 12 5
15 308 5
49 369 5
359 383 5
54 360 5
130 156 5
175 385 5
175 378 5
56 233 5
12 43 5
211 339 5
9 32 5
39 61 5
33 253 5
4 321 5
338 400 5
15 317 5
13 384 5
37 67 5
13 397 5
120 168 5
198 367 5
174 224 5
213 352 5
78 225 5
288 395 5
75 235 5
346 393 5
97 135 5
127 197 5
100 207 5
115 198 5
195 210 5
182 349 5
67 227 5
21 96 5
106 318 5
318 342 5
18 268 5
214 261 5
48 378 5
335 369 5
141 393 5
64 262 5
164 340 5
136 140 5
278 334 5
119 345 5
62 373 5
31 393 5
157 209 5
97 309 5
125 176 5
187 339 5
108 164 5
58 115 5
49 131 5
268 328 5
267 383 5
30 121 5
1 380 5
18 54 5
170 290 5
141 309 5
11 352 5
180 205 5
186 219 5
16 350 5
33 208 5
26 140 5
83 371 5
174 327 5
204 254 5
113 186 5
119 142 5
119 379 5
104 193 5
136 362 5
117 394 5
16 174 5
200 378 5
91 268 5
162 289 5
96 204 5
6 65 5
286 332 5
161 311 5
22 184 5
346 375 5
236 397 5
100 166 5
99 301 5
133 164 5
89 306 5
179 362 5
119 356 5
51 189 5
6 229 5
101 383 5
31 60 5
63 221 5
75 320 5
93 316 5
150 293 5
57 161 5
259 323 5
30 54 5
95 191 5
32 346 5
151 387 5
63 201 5
69 247 5
101 228 5
131 242 5
152 360 5
22 118 5
193 373 5
287 341 5
305 358 5
108 117 5
34 102 5
47 63 5
141 156 5
260 326 5
76 86 5
148 318 5
163 349 5
49 289 5
63 203 5
297 354 5
115 325 5
127 161 5
190 283 5
31 391 5
64 379 5
24 91 5
199 319 5
123 238 5
250 323 5
166 271 5
142 219 5
103 329 5
63 340 5
190 305 5
156 257 5
158 271 5
181 391 5
62 397 5
99 179 5
124 156 5
162 288 5
32 253 5
89 278 5
127 155 5
10 97 5
224 292 5
292 388 5
26 229 5
182 188 5
85 345 5
124 338 5
119 335 5
71 185 5
195 291 5
13 51 5
154 265 5
30 156 5
310 353 5
34 156 5
78 120 5
65 257 5
83 255 5
109 390 5
82 176 5
239 290 5
12 193 5
199 248 5
203 319 5
55 92 5
67 185 5
216 338 5
3 371 5
39 355 5
268 352 5
28 60 5
387 390 5
141 165 5
154 243 5
249 397 5
1 210 5
266 308 5
154 294 5
63 169 5
144 191 5
333 401 5
147 257 5
260 337 5
48 189 5
139 286 5
18 315 5
240 373 5
3 6 5
