1 206 2
1 272 2
2 16 2
2 52 2
2 138 2
3 206 2
4 196 2
5 52 2
5 206 2
5 224 2
6 115 2
6 119 2
7 121 2
7 171 2
8 32 2
8 202 2
8 268 2
9 206 2
10 84 2
10 148 2
10 231 2
11 188 2
12 194 2
12 253 2
13 170 2
13 206 2
14 87 2
14 206 2
15 52 2
16 78 2
16 84 2
16 98 2
16 114 2
16 132 2
16 206 2
16 267 2
18 33 2
19 72 2
19 206 2
19 245 2
20 206 2
20 208 2
22 43 2
22 52 2
22 86 2
23 54 2
23 272 2
25 206 2
26 244 2
27 75 2
27 207 2
28 33 2
28 96 2
28 122 2
28 251 2
29 124 2
29 259 2
30 43 2
30 148 2
30 206 2
30 262 2
32 105 2
32 149 2
32 272 2
33 106 2
33 123 2
34 51 2
34 108 2
35 216 2
36 141 2
37 97 2
38 206 2
40 52 2
40 89 2
40 116 2
40 129 2
40 177 2
40 211 2
40 234 2
40 256 2
41 203 2
42 124 2
44 57 2
44 71 2
44 85 2
44 196 2
44 199 2
45 125 2
46 122 2
49 52 2
50 86 2
51 93 2
51 115 2
51 175 2
51 179 2
52 57 2
52 80 2
52 92 2
52 97 2
52 121 2
52 130 2
52 188 2
52 189 2
52 206 2
52 212 2
52 221 2
52 227 2
52 228 2
52 232 2
52 235 2
52 247 2
52 249 2
52 251 2
52 256 2
52 259 2
52 263 2
53 177 2
54 79 2
54 88 2
54 132 2
54 148 2
54 159 2
54 189 2
54 198 2
54 202 2
54 222 2
54 234 2
54 256 2
54 259 2
55 75 2
55 140 2
56 206 2
56 267 2
57 128 2
57 267 2
58 79 2
58 86 2
58 158 2
58 206 2
59 60 2
59 150 2
59 171 2
60 111 2
60 175 2
60 178 2
60 199 2
60 206 2
60 221 2
61 206 2
61 227 2
62 214 2
63 75 2
64 86 2
64 231 2
66 72 2
66 125 2
67 97 2
68 233 2
68 256 2
69 206 2
70 194 2
70 233 2
71 155 2
72 105 2
72 130 2
72 194 2
72 206 2
72 259 2
73 93 2
73 206 2
74 120 2
74 178 2
74 206 2
74 253 2
75 96 2
75 182 2
75 186 2
75 201 2
75 212 2
75 228 2
76 167 2
76 206 2
76 263 2
77 188 2
79 121 2
79 122 2
79 126 2
79 127 2
79 171 2
79 175 2
79 196 2
79 202 2
79 203 2
79 207 2
79 239 2
79 243 2
79 246 2
79 250 2
79 261 2
79 269 2
80 232 2
81 129 2
82 86 2
83 124 2
84 199 2
84 202 2
85 89 2
85 171 2
85 267 2
85 270 2
86 115 2
86 141 2
86 188 2
86 199 2
86 202 2
86 206 2
87 206 2
87 256 2
89 126 2
90 150 2
90 171 2
90 196 2
90 206 2
91 122 2
91 272 2
93 143 2
93 206 2
93 267 2
94 189 2
95 217 2
95 260 2
96 124 2
96 188 2
97 256 2
98 142 2
98 212 2
98 227 2
98 232 2
98 245 2
99 192 2
99 206 2
100 198 2
100 238 2
100 260 2
101 194 2
101 206 2
102 189 2
103 129 2
104 263 2
105 177 2
105 186 2
105 256 2
107 202 2
109 157 2
109 206 2
114 206 2
114 240 2
115 171 2
116 206 2
116 228 2
118 165 2
118 171 2
119 148 2
120 206 2
121 229 2
122 177 2
122 181 2
122 189 2
122 210 2
122 216 2
124 140 2
124 148 2
124 165 2
124 235 2
125 199 2
125 201 2
125 236 2
126 203 2
127 192 2
128 206 2
129 177 2
129 208 2
129 235 2
131 256 2
134 185 2
134 223 2
138 215 2
138 272 2
139 231 2
141 239 2
142 171 2
143 206 2
144 177 2
146 169 2
146 190 2
148 161 2
148 171 2
148 191 2
148 227 2
148 238 2
148 272 2
150 240 2
153 206 2
153 253 2
154 188 2
154 206 2
156 206 2
157 206 2
157 208 2
157 262 2
164 196 2
164 206 2
165 166 2
165 215 2
166 206 2
167 197 2
169 223 2
170 177 2
170 259 2
171 193 2
171 244 2
171 256 2
171 258 2
172 202 2
172 217 2
173 267 2
174 216 2
176 206 2
177 206 2
177 242 2
177 272 2
179 206 2
180 206 2
180 262 2
182 211 2
183 206 2
185 217 2
186 254 2
187 206 2
188 202 2
188 219 2
190 253 2
190 256 2
191 219 2
192 221 2
193 206 2
194 203 2
194 207 2
195 210 2
196 231 2
197 269 2
198 206 2
199 206 2
199 223 2
200 227 2
202 272 2
203 238 2
204 206 2
206 207 2
206 210 2
206 217 2
206 218 2
206 224 2
206 225 2
206 231 2
206 234 2
206 235 2
206 242 2
206 248 2
206 253 2
206 254 2
206 258 2
206 259 2
206 264 2
206 269 2
206 275 2
207 266 2
212 262 2
215 236 2
218 267 2
226 272 2
227 253 2
228 272 2
232 256 2
234 254 2
234 272 2
240 272 2
241 253 2
253 256 2
253 264 2
253 266 2
258 268 2
271 272 2
86 168 2
76 264 2
24 52 2
137 256 2
7 157 2
79 139 2
54 204 2
57 64 2
65 206 2
104 116 2
159 198 2
64 186 2
100 171 2
79 228 2
194 245 2
42 267 2
232 273 2
173 206 2
86 165 2
61 75 2
177 289 2
54 251 2
206 290 2
52 60 2
206 222 2
4 23 2
169 226 2
42 237 2
100 262 2
42 105 2
7 81 2
91 206 2
148 169 2
79 99 2
18 40 2
137 175 2
54 130 2
40 44 2
214 296 2
23 238 2
40 244 2
152 206 2
7 206 2
85 206 2
54 112 2
59 153 2
60 65 2
171 238 2
54 62 2
75 191 2
3 209 2
107 206 2
112 134 2
203 206 2
3 115 2
52 185 2
16 177 2
111 154 2
206 299 2
99 194 2
72 129 2
2 168 2
161 206 2
125 192 2
233 239 2
236 254 2
28 208 2
75 206 2
54 173 2
47 192 2
130 220 2
226 262 2
42 133 2
100 206 2
52 217 2
142 256 2
98 108 2
236 293 2
14 256 2
1 280 2
100 268 2
178 279 2
72 271 2
60 235 2
54 208 2
48 76 2
140 154 2
46 59 2
44 253 2
7 116 2
28 235 2
67 256 2
190 206 2
46 57 2
23 281 2
148 244 2
192 263 2
50 136 2
81 253 2
46 79 2
30 285 2
18 287 2
137 194 2
23 79 2
126 144 2
4 177 2
33 143 2
9 199 2
16 50 2
44 67 2
88 256 2
52 301 2
60 127 2
43 52 2
67 165 2
46 52 2
124 280 2
16 291 2
42 206 2
122 204 2
130 138 2
140 234 2
38 202 2
14 288 2
57 209 2
105 200 2
118 124 2
54 141 2
22 289 2
7 195 2
46 206 2
206 297 2
51 104 2
168 171 2
194 266 2
58 284 2
40 120 2
8 72 2
171 275 2
186 253 2
165 180 2
7 297 2
13 140 2
194 258 2
54 193 2
155 177 2
27 132 2
65 257 2
15 254 2
23 194 2
52 165 2
231 301 2
119 204 2
159 171 2
20 118 2
128 162 2
11 202 2
89 186 2
158 214 2
91 121 2
61 108 2
21 34 2
1 256 2
3 52 2
216 284 2
76 97 2
7 196 2
246 291 2
6 196 2
42 52 2
52 156 2
2 206 2
63 224 2
154 265 2
81 153 2
118 177 2
15 202 2
133 206 2
16 72 2
53 122 2
60 286 2
11 292 2
85 157 2
79 287 2
60 174 2
162 187 2
215 256 2
128 212 2
177 295 2
10 253 2
180 225 2
15 64 2
65 79 2
4 75 2
76 152 2
28 36 2
206 281 2
2 23 2
21 54 2
29 171 2
52 277 2
28 104 2
231 255 2
119 206 2
20 276 2
57 153 2
43 206 2
160 256 2
206 292 2
164 219 2
27 60 2
86 239 2
67 257 2
44 194 2
246 302 2
177 266 2
76 77 2
40 261 2
253 300 2
96 171 2
16 162 2
256 302 2
86 111 2
30 187 2
27 256 2
206 265 2
191 277 2
54 101 2
34 272 2
154 223 2
28 60 2
12 128 2
206 287 2
206 262 2
68 273 2
157 177 2
118 206 2
177 267 2
84 178 2
20 238 2
60 80 2
6 263 2
42 132 2
197 253 2
148 206 2
52 299 2
46 100 2
185 194 2
206 295 2
176 253 2
52 87 2
60 101 2
104 125 2
77 202 2
7 60 2
19 79 2
98 206 2
206 238 2
210 229 2
15 275 2
171 277 2
5 37 2
166 177 2
88 193 2
99 232 2
41 141 2
76 151 2
58 253 2
237 277 2
267 283 2
86 100 2
2 68 2
7 277 2
64 164 2
172 269 2
21 79 2
65 72 2
86 222 2
1 16 2
170 234 2
152 190 2
18 206 2
54 166 2
52 84 2
62 175 2
79 216 2
244 302 2
124 176 2
45 206 2
87 113 2
186 277 2
189 206 2
5 261 2
52 71 2
105 149 2
79 168 2
70 272 2
33 54 2
166 219 2
31 206 2
79 96 2
251 261 2
45 100 2
93 256 2
147 177 2
76 113 2
28 76 2
56 122 2
96 129 2
148 209 2
192 254 2
256 292 2
36 100 2
38 54 2
90 148 2
32 268 2
165 185 2
72 251 2
106 194 2
38 52 2
47 72 2
91 242 2
52 114 2
204 299 2
254 302 2
88 209 2
193 194 2
206 221 2
174 206 2
28 178 2
44 206 2
15 241 2
2 296 2
52 172 2
52 244 2
79 217 2
134 148 2
118 216 2
11 208 2
83 284 2
52 163 2
52 139 2
219 256 2
185 256 2
80 206 2
56 186 2
44 205 2
134 222 2
131 206 2
75 169 2
119 256 2
178 271 2
54 126 2
52 279 2
86 278 2
121 196 2
7 42 2
191 206 2
206 284 2
16 95 2
79 140 2
35 70 2
34 144 2
111 206 2
52 124 2
118 233 2
20 219 2
40 194 2
55 129 2
271 287 2
211 234 2
28 114 2
52 229 2
67 100 2
121 258 2
30 269 2
33 163 2
100 225 2
124 222 2
87 213 2
52 220 2
60 205 2
93 121 2
206 301 2
52 63 2
34 52 2
176 177 2
19 40 2
17 64 2
52 154 2
122 296 2
110 171 2
206 267 2
97 260 2
112 206 2
206 280 2
239 287 2
20 222 2
28 171 2
154 198 2
89 96 2
69 172 2
97 162 2
28 40 2
52 246 2
52 146 2
12 147 2
54 185 2
38 171 2
100 248 2
83 163 2
57 203 2
71 300 2
22 44 2
52 215 2
86 293 2
16 171 2
112 261 2
272 287 2
206 277 2
126 141 2
54 253 2
57 200 2
105 151 2
147 206 2
35 206 2
33 272 2
9 125 2
66 178 2
36 164 2
51 186 2
84 184 2
191 202 2
124 155 2
52 157 2
34 188 2
52 254 2
103 199 2
52 119 2
19 189 2
40 198 2
48 204 2
261 272 2
63 206 2
86 207 2
277 284 2
12 33 2
61 267 2
120 122 2
240 277 2
258 297 2
84 190 2
15 169 2
173 272 2
64 206 2
121 128 2
7 41 2
32 46 2
79 189 2
54 300 2
91 235 2
63 97 2
134 177 2
186 246 2
16 199 2
186 272 2
79 281 2
42 162 2
33 206 2
174 184 2
94 194 2
91 109 2
30 100 2
89 206 2
185 212 2
235 278 2
54 207 2
206 240 2
115 235 2
15 171 2
99 124 2
99 198 2
84 93 2
156 190 2
98 168 2
3 32 2
38 127 2
110 206 2
52 292 2
34 241 2
86 147 2
79 133 2
52 295 2
127 177 2
149 206 2
161 253 2
27 206 2
28 186 2
84 297 2
6 92 2
121 288 2
14 39 2
104 127 2
194 297 2
52 147 2
209 256 2
60 260 2
141 297 2
99 130 2
206 251 2
61 258 2
134 236 2
65 157 2
123 180 2
173 279 2
52 282 2
46 256 2
238 255 2
160 169 2
