1 97 5
2 11 5
2 23 5
2 52 5
2 54 5
2 122 5
2 136 5
2 206 5
2 213 5
2 297 5
2 344 5
3 147 5
3 165 5
3 171 5
3 232 5
4 60 5
5 52 5
5 202 5
6 38 5
6 112 5
6 268 5
6 287 5
7 18 5
7 157 5
7 256 5
7 357 5
8 32 5
8 291 5
9 15 5
9 41 5
9 52 5
9 124 5
9 206 5
9 215 5
10 52 5
10 217 5
10 236 5
10 253 5
10 271 5
11 41 5
11 208 5
12 76 5
12 194 5
12 206 5
13 195 5
13 277 5
15 116 5
15 223 5
15 275 5
15 320 5
15 339 5
16 132 5
16 206 5
17 101 5
17 253 5
18 89 5
19 99 5
19 270 5
20 86 5
20 100 5
20 107 5
20 213 5
20 266 5
20 312 5
21 54 5
21 94 5
21 272 5
21 274 5
22 43 5
22 111 5
22 174 5
23 62 5
23 79 5
23 188 5
23 302 5
24 206 5
25 28 5
25 244 5
25 267 5
26 178 5
27 49 5
27 60 5
27 132 5
27 206 5
27 216 5
28 36 5
28 46 5
28 55 5
28 60 5
28 85 5
28 98 5
28 110 5
28 122 5
28 163 5
28 171 5
28 178 5
28 208 5
28 225 5
28 274 5
28 339 5
28 347 5
29 122 5
29 124 5
30 54 5
30 83 5
30 199 5
30 206 5
30 286 5
31 84 5
31 206 5
31 236 5
31 274 5
32 213 5
33 229 5
33 272 5
34 188 5
34 212 5
34 248 5
34 258 5
34 353 5
34 364 5
35 103 5
35 124 5
36 94 5
36 100 5
36 165 5
36 171 5
36 206 5
37 108 5
38 63 5
38 64 5
38 151 5
38 179 5
38 202 5
38 215 5
39 108 5
39 259 5
40 116 5
40 177 5
40 232 5
40 311 5
40 320 5
40 328 5
41 99 5
41 194 5
41 206 5
41 225 5
42 52 5
42 97 5
42 114 5
42 124 5
42 130 5
42 234 5
42 268 5
43 206 5
43 253 5
44 109 5
44 336 5
44 361 5
45 69 5
45 105 5
45 116 5
45 173 5
46 123 5
47 122 5
47 146 5
47 194 5
47 337 5
49 272 5
49 341 5
51 86 5
51 107 5
51 115 5
51 185 5
51 228 5
51 237 5
51 263 5
51 278 5
52 97 5
52 108 5
52 114 5
52 119 5
52 130 5
52 131 5
52 135 5
52 165 5
52 170 5
52 174 5
52 204 5
52 208 5
52 209 5
52 220 5
52 227 5
52 237 5
52 244 5
52 251 5
52 264 5
52 277 5
52 301 5
52 308 5
53 122 5
53 253 5
54 72 5
54 79 5
54 82 5
54 96 5
54 101 5
54 102 5
54 110 5
54 122 5
54 178 5
54 182 5
54 185 5
54 193 5
54 216 5
54 227 5
54 232 5
54 236 5
54 239 5
54 253 5
54 287 5
54 289 5
54 316 5
55 140 5
55 178 5
56 122 5
57 75 5
57 153 5
57 267 5
57 321 5
57 345 5
58 79 5
59 69 5
59 73 5
59 140 5
59 171 5
59 173 5
59 260 5
59 284 5
60 80 5
60 120 5
60 124 5
60 174 5
60 223 5
60 292 5
60 338 5
61 227 5
61 267 5
62 95 5
62 122 5
62 167 5
62 267 5
62 321 5
63 124 5
63 184 5
63 188 5
63 354 5
64 165 5
64 175 5
64 251 5
65 171 5
65 206 5
66 72 5
66 206 5
67 97 5
67 257 5
68 206 5
68 306 5
68 317 5
68 324 5
69 294 5
70 79 5
70 86 5
70 194 5
70 272 5
70 326 5
71 206 5
71 328 5
72 97 5
72 146 5
72 208 5
72 210 5
72 259 5
72 267 5
72 331 5
72 332 5
73 91 5
73 235 5
74 80 5
74 198 5
74 202 5
74 207 5
74 285 5
75 102 5
75 191 5
75 212 5
76 244 5
76 250 5
76 251 5
76 263 5
77 206 5
77 260 5
78 238 5
79 196 5
79 206 5
79 211 5
79 238 5
79 241 5
79 256 5
79 259 5
80 243 5
80 297 5
81 100 5
83 113 5
83 284 5
84 137 5
84 190 5
84 199 5
84 206 5
84 322 5
84 331 5
85 201 5
85 280 5
85 286 5
85 328 5
86 100 5
86 141 5
86 165 5
86 173 5
86 222 5
86 293 5
86 294 5
86 302 5
86 313 5
86 362 5
87 113 5
88 178 5
88 213 5
88 238 5
89 96 5
89 182 5
89 190 5
91 103 5
91 121 5
91 150 5
91 206 5
91 276 5
92 130 5
92 133 5
92 360 5
93 143 5
94 189 5
96 141 5
97 206 5
97 238 5
98 206 5
98 227 5
98 266 5
99 158 5
99 171 5
99 206 5
100 130 5
100 163 5
100 177 5
100 262 5
100 268 5
101 144 5
101 187 5
101 194 5
101 206 5
102 122 5
102 194 5
102 206 5
103 108 5
103 122 5
103 129 5
103 157 5
103 199 5
103 206 5
103 209 5
103 340 5
103 352 5
104 124 5
104 127 5
104 166 5
104 206 5
105 151 5
105 157 5
105 190 5
105 259 5
106 145 5
106 202 5
106 206 5
106 253 5
108 206 5
110 171 5
110 229 5
112 206 5
113 216 5
114 119 5
114 134 5
114 339 5
114 341 5
115 132 5
115 155 5
116 171 5
116 228 5
116 239 5
116 309 5
118 206 5
119 256 5
119 301 5
120 122 5
120 225 5
121 263 5
122 165 5
122 204 5
122 295 5
123 180 5
123 220 5
123 322 5
124 134 5
124 135 5
124 138 5
124 140 5
124 148 5
124 165 5
124 195 5
124 206 5
124 261 5
125 127 5
125 185 5
125 186 5
125 226 5
126 202 5
126 206 5
128 130 5
128 206 5
130 156 5
130 174 5
130 206 5
130 242 5
130 247 5
132 337 5
133 206 5
134 202 5
135 206 5
135 224 5
135 229 5
136 171 5
136 177 5
136 213 5
136 309 5
138 199 5
138 205 5
138 206 5
138 229 5
138 242 5
138 285 5
138 336 5
140 204 5
140 333 5
141 174 5
141 182 5
141 233 5
141 265 5
141 292 5
141 321 5
142 148 5
146 169 5
146 190 5
147 177 5
147 206 5
148 161 5
148 209 5
149 254 5
150 290 5
150 302 5
150 342 5
151 181 5
151 243 5
152 206 5
152 316 5
154 206 5
155 357 5
156 190 5
157 167 5
157 202 5
157 238 5
157 276 5
157 285 5
157 314 5
157 357 5
158 206 5
158 214 5
159 171 5
159 280 5
160 277 5
160 316 5
161 247 5
161 263 5
162 206 5
163 274 5
163 340 5
164 253 5
164 272 5
165 206 5
165 251 5
165 253 5
165 275 5
165 284 5
165 298 5
165 308 5
165 357 5
165 365 5
166 206 5
166 307 5
168 206 5
170 177 5
170 218 5
170 259 5
171 177 5
171 181 5
171 238 5
171 259 5
171 273 5
171 275 5
171 298 5
171 303 5
171 311 5
171 333 5
171 334 5
173 256 5
173 264 5
173 328 5
174 256 5
174 264 5
174 304 5
175 217 5
175 253 5
176 206 5
178 206 5
178 305 5
178 333 5
178 361 5
179 206 5
180 225 5
181 242 5
182 345 5
183 277 5
183 315 5
185 194 5
185 327 5
186 272 5
188 198 5
188 202 5
189 206 5
189 232 5
190 195 5
190 220 5
190 227 5
190 231 5
190 246 5
190 253 5
190 268 5
192 232 5
193 212 5
194 207 5
194 224 5
194 297 5
194 329 5
195 206 5
198 213 5
198 283 5
198 337 5
199 223 5
199 358 5
200 207 5
202 206 5
202 258 5
202 272 5
202 297 5
203 241 5
204 289 5
204 299 5
206 209 5
206 213 5
206 214 5
206 221 5
206 224 5
206 225 5
206 228 5
206 232 5
206 237 5
206 238 5
206 243 5
206 245 5
206 254 5
206 255 5
206 259 5
206 262 5
206 264 5
206 269 5
206 271 5
206 275 5
206 277 5
206 284 5
206 293 5
206 300 5
206 301 5
206 305 5
206 309 5
206 312 5
206 314 5
206 325 5
206 331 5
206 334 5
206 336 5
206 340 5
206 341 5
206 344 5
206 350 5
206 352 5
206 358 5
207 245 5
208 281 5
209 298 5
209 322 5
211 234 5
212 267 5
212 272 5
212 349 5
213 248 5
214 324 5
215 308 5
217 321 5
218 278 5
226 253 5
226 272 5
227 228 5
227 250 5
227 253 5
227 328 5
228 267 5
232 261 5
234 254 5
235 351 5
236 293 5
238 241 5
238 284 5
241 252 5
243 301 5
244 274 5
244 302 5
244 322 5
249 272 5
253 264 5
253 290 5
253 300 5
255 309 5
256 265 5
256 285 5
256 290 5
258 268 5
258 286 5
259 310 5
261 272 5
261 277 5
261 324 5
263 315 5
263 338 5
265 304 5
267 314 5
267 346 5
268 354 5
270 272 5
271 272 5
272 326 5
272 332 5
276 296 5
277 284 5
281 312 5
284 365 5
286 318 5
293 317 5
296 330 5
297 315 5
304 323 5
304 328 5
327 328 5
28 136 5
150 246 5
130 386 5
38 114 5
213 369 5
285 304 5
20 374 5
52 183 5
11 206 5
49 122 5
202 334 5
321 381 5
159 231 5
52 276 5
100 348 5
206 239 5
100 380 5
102 254 5
86 188 5
75 369 5
17 190 5
37 130 5
114 325 5
18 86 5
243 379 5
131 321 5
45 206 5
117 271 5
260 361 5
36 130 5
231 328 5
79 315 5
61 135 5
144 272 5
17 126 5
200 271 5
198 206 5
55 180 5
11 137 5
103 176 5
23 305 5
27 37 5
339 367 5
83 212 5
87 206 5
117 178 5
164 206 5
79 349 5
206 212 5
60 307 5
272 349 5
16 272 5
52 324 5
50 140 5
59 244 5
54 307 5
238 249 5
79 345 5
68 86 5
83 103 5
264 304 5
100 306 5
76 98 5
131 186 5
27 269 5
125 202 5
241 317 5
14 91 5
324 382 5
179 272 5
52 306 5
92 337 5
3 191 5
98 248 5
206 323 5
102 207 5
227 390 5
91 264 5
150 206 5
9 292 5
63 290 5
83 229 5
302 308 5
54 100 5
41 381 5
7 295 5
26 272 5
144 194 5
17 202 5
72 99 5
53 140 5
86 316 5
308 361 5
165 294 5
114 196 5
27 227 5
165 328 5
2 144 5
52 199 5
124 255 5
30 372 5
125 387 5
150 165 5
100 252 5
64 206 5
116 203 5
137 171 5
54 260 5
69 206 5
132 150 5
25 176 5
5 54 5
124 259 5
86 183 5
174 206 5
42 304 5
116 299 5
159 359 5
31 135 5
105 113 5
83 206 5
213 296 5
304 370 5
69 215 5
206 371 5
54 174 5
12 140 5
165 338 5
198 272 5
60 281 5
28 41 5
86 274 5
99 263 5
134 206 5
288 361 5
58 138 5
227 362 5
85 307 5
173 371 5
54 149 5
28 173 5
52 275 5
187 212 5
210 256 5
140 357 5
67 253 5
304 324 5
54 150 5
167 213 5
100 184 5
109 136 5
54 390 5
85 268 5
140 183 5
256 362 5
40 206 5
77 401 5
177 253 5
206 256 5
115 226 5
104 328 5
25 54 5
315 358 5
128 390 5
23 69 5
86 123 5
63 79 5
185 220 5
30 86 5
67 132 5
69 272 5
92 206 5
2 311 5
181 191 5
206 359 5
100 154 5
207 391 5
23 279 5
11 156 5
102 150 5
157 291 5
86 211 5
3 206 5
124 145 5
238 303 5
3 28 5
43 170 5
52 382 5
116 246 5
121 265 5
54 379 5
157 203 5
206 317 5
93 189 5
206 276 5
202 262 5
102 114 5
58 253 5
86 278 5
206 272 5
211 271 5
138 376 5
74 130 5
38 48 5
40 54 5
141 206 5
165 372 5
148 278 5
156 180 5
54 396 5
54 147 5
269 364 5
51 183 5
208 223 5
100 101 5
165 276 5
163 370 5
141 164 5
16 91 5
176 328 5
188 245 5
141 312 5
39 339 5
178 208 5
179 250 5
2 10 5
175 196 5
173 219 5
57 115 5
59 211 5
59 356 5
86 160 5
2 173 5
280 395 5
82 159 5
214 382 5
135 383 5
136 161 5
267 338 5
274 292 5
5 323 5
104 242 5
28 124 5
142 194 5
256 272 5
157 284 5
107 259 5
80 90 5
206 384 5
246 329 5
98 141 5
199 235 5
140 320 5
64 342 5
82 138 5
80 312 5
142 171 5
314 322 5
165 219 5
223 332 5
116 181 5
5 186 5
19 105 5
36 86 5
13 72 5
153 253 5
252 263 5
60 92 5
15 167 5
69 357 5
208 327 5
225 333 5
30 85 5
116 384 5
86 280 5
7 57 5
28 206 5
61 78 5
41 119 5
69 282 5
5 338 5
104 135 5
171 377 5
65 227 5
124 241 5
248 300 5
28 396 5
73 206 5
7 51 5
54 134 5
116 339 5
140 367 5
13 282 5
38 124 5
54 315 5
11 86 5
122 338 5
54 324 5
56 213 5
116 199 5
86 243 5
84 229 5
215 285 5
175 257 5
60 349 5
95 165 5
31 221 5
52 397 5
111 294 5
16 165 5
254 272 5
149 264 5
41 177 5
186 283 5
35 122 5
20 269 5
258 272 5
248 316 5
12 54 5
78 100 5
284 383 5
253 276 5
154 321 5
173 397 5
59 258 5
146 309 5
206 385 5
46 51 5
173 272 5
211 238 5
111 317 5
77 335 5
22 165 5
42 213 5
89 206 5
79 137 5
15 161 5
8 272 5
206 365 5
86 397 5
165 226 5
76 279 5
40 74 5
211 325 5
37 93 5
75 138 5
138 257 5
199 280 5
206 396 5
123 206 5
148 263 5
62 206 5
2 214 5
287 293 5
86 325 5
127 194 5
116 166 5
198 390 5
24 361 5
260 312 5
52 142 5
54 264 5
145 206 5
29 382 5
102 188 5
206 335 5
17 130 5
178 245 5
3 41 5
206 364 5
116 330 5
107 182 5
6 346 5
23 36 5
76 266 5
358 394 5
103 245 5
171 196 5
206 387 5
86 344 5
43 294 5
100 316 5
54 323 5
20 194 5
214 298 5
109 207 5
89 124 5
67 213 5
124 211 5
50 206 5
197 264 5
105 170 5
252 266 5
68 175 5
20 130 5
91 376 5
206 345 5
54 95 5
130 241 5
104 387 5
171 211 5
255 273 5
165 180 5
208 339 5
2 186 5
51 52 5
170 244 5
79 110 5
68 341 5
29 190 5
103 185 5
23 319 5
100 105 5
253 304 5
6 335 5
30 87 5
157 354 5
119 395 5
171 281 5
219 278 5
10 116 5
99 343 5
171 285 5
52 360 5
206 375 5
235 239 5
284 351 5
221 367 5
185 206 5
60 236 5
206 397 5
171 208 5
188 352 5
26 351 5
231 327 5
130 272 5
206 295 5
52 257 5
38 356 5
165 187 5
54 155 5
19 350 5
212 274 5
43 52 5
236 276 5
54 116 5
133 327 5
213 334 5
118 390 5
238 378 5
206 383 5
190 244 5
135 140 5
29 130 5
273 293 5
189 388 5
213 259 5
239 253 5
132 198 5
206 234 5
264 389 5
48 312 5
176 227 5
124 355 5
206 392 5
100 215 5
19 171 5
281 334 5
197 272 5
178 294 5
165 351 5
148 377 5
53 301 5
135 340 5
27 80 5
194 206 5
245 315 5
130 347 5
94 138 5
99 126 5
124 344 5
6 213 5
138 309 5
6 103 5
31 260 5
238 375 5
243 247 5
177 248 5
239 344 5
28 369 5
138 378 5
40 143 5
21 306 5
99 334 5
91 250 5
206 265 5
228 299 5
33 100 5
130 216 5
232 349 5
2 349 5
52 300 5
122 289 5
18 42 5
19 323 5
171 343 5
206 388 5
130 155 5
46 67 5
60 344 5
256 381 5
166 264 5
367 387 5
86 127 5
219 323 5
186 256 5
227 238 5
80 206 5
139 360 5
68 201 5
178 293 5
13 206 5
136 151 5
51 70 5
190 272 5
50 182 5
26 312 5
15 38 5
2 233 5
284 337 5
78 275 5
69 299 5
69 277 5
86 283 5
21 174 5
187 315 5
104 184 5
121 375 5
34 49 5
97 130 5
62 355 5
138 368 5
138 278 5
54 372 5
189 246 5
113 206 5
211 346 5
28 345 5
34 284 5
180 242 5
44 272 5
28 196 5
351 378 5
17 307 5
18 202 5
27 136 5
136 351 5
52 64 5
170 206 5
60 336 5
206 291 5
12 74 5
86 355 5
43 142 5
45 338 5
171 280 5
251 304 5
60 192 5
79 323 5
86 284 5
173 192 5
176 324 5
321 327 5
83 129 5
52 309 5
74 256 5
56 130 5
105 145 5
51 108 5
106 244 5
2 208 5
13 41 5
59 179 5
277 289 5
190 219 5
179 364 5
272 325 5
113 250 5
127 288 5
156 383 5
109 206 5
52 363 5
77 86 5
75 206 5
194 202 5
54 89 5
122 140 5
86 391 5
200 243 5
253 384 5
134 154 5
173 212 5
147 171 5
124 366 5
83 264 5
32 357 5
79 94 5
177 214 5
100 347 5
41 54 5
20 156 5
187 213 5
199 273 5
178 232 5
270 362 5
2 365 5
47 311 5
54 111 5
114 358 5
86 152 5
65 69 5
41 135 5
13 245 5
53 54 5
2 345 5
15 34 5
206 253 5
97 109 5
38 234 5
131 336 5
28 315 5
239 376 5
146 206 5
347 377 5
76 119 5
271 346 5
69 349 5
217 379 5
2 268 5
3 244 5
314 324 5
120 365 5
95 316 5
22 185 5
86 307 5
354 396 5
53 206 5
15 209 5
257 376 5
141 216 5
88 135 5
268 270 5
205 206 5
130 329 5
52 349 5
283 354 5
27 192 5
110 200 5
2 278 5
115 272 5
2 235 5
7 101 5
272 358 5
284 302 5
135 138 5
32 155 5
86 159 5
99 256 5
171 289 5
125 221 5
129 206 5
2 357 5
52 231 5
192 272 5
137 277 5
40 361 5
335 388 5
33 138 5
141 168 5
152 258 5
105 272 5
178 289 5
361 380 5
190 206 5
52 61 5
121 339 5
138 316 5
28 271 5
51 322 5
101 380 5
40 322 5
102 109 5
28 125 5
202 358 5
130 270 5
20 72 5
69 256 5
85 124 5
265 277 5
205 263 5
56 271 5
54 218 5
215 361 5
28 306 5
291 312 5
56 206 5
224 249 5
99 124 5
35 195 5
342 363 5
28 190 5
165 223 5
22 124 5
58 357 5
114 165 5
2 33 5
253 380 5
52 242 5
178 265 5
44 165 5
206 307 5
113 343 5
28 158 5
206 217 5
232 388 5
68 116 5
55 215 5
35 157 5
206 223 5
38 178 5
82 100 5
86 128 5
141 170 5
6 253 5
67 277 5
190 270 5
127 272 5
38 142 5
269 279 5
28 366 5
131 387 5
201 259 5
236 353 5
27 171 5
256 382 5
151 213 5
108 308 5
65 87 5
10 41 5
129 213 5
239 377 5
27 232 5
116 387 5
1 136 5
30 116 5
121 389 5
148 400 5
219 302 5
118 281 5
183 195 5
317 386 5
181 187 5
165 230 5
14 199 5
76 134 5
83 160 5
97 320 5
235 283 5
123 393 5
104 128 5
149 184 5
86 297 5
74 149 5
165 307 5
165 364 5
11 256 5
136 296 5
155 391 5
154 294 5
83 259 5
193 317 5
197 256 5
51 224 5
138 204 5
86 263 5
227 298 5
206 382 5
16 130 5
253 357 5
201 253 5
98 213 5
56 369 5
2 111 5
69 224 5
291 310 5
23 91 5
69 360 5
54 376 5
148 256 5
123 208 5
130 140 5
155 206 5
28 160 5
105 243 5
76 190 5
51 140 5
157 199 5
111 203 5
241 256 5
4 125 5
206 393 5
150 191 5
87 382 5
145 263 5
42 327 5
94 101 5
43 262 5
18 206 5
100 134 5
351 396 5
58 221 5
116 147 5
69 117 5
134 324 5
38 249 5
206 311 5
194 311 5
150 384 5
92 239 5
206 230 5
201 364 5
28 170 5
206 226 5
76 135 5
272 283 5
206 280 5
60 66 5
206 302 5
28 336 5
93 324 5
86 223 5
54 192 5
82 391 5
97 175 5
188 209 5
105 301 5
52 361 5
42 182 5
92 241 5
36 299 5
123 130 5
18 32 5
140 379 5
148 242 5
124 220 5
115 377 5
321 346 5
14 54 5
80 224 5
224 270 5
96 293 5
130 175 5
154 355 5
2 249 5
100 272 5
160 206 5
127 253 5
13 120 5
103 205 5
163 206 5
212 339 5
58 231 5
186 302 5
243 334 5
227 313 5
60 224 5
9 54 5
100 387 5
54 107 5
4 272 5
165 384 5
206 324 5
60 203 5
226 370 5
206 329 5
54 153 5
135 176 5
191 199 5
234 339 5
15 165 5
182 227 5
387 400 5
5 206 5
124 359 5
38 61 5
199 215 5
171 366 5
94 118 5
2 181 5
104 315 5
28 242 5
64 305 5
23 196 5
54 274 5
36 144 5
229 327 5
46 215 5
151 297 5
9 178 5
54 359 5
121 371 5
256 271 5
206 378 5
127 133 5
30 106 5
135 239 5
52 103 5
10 60 5
