111 285 2
44 194 2
83 298 2
108 191 2
97 235 2
94 135 2
81 96 2
69 248 2
118 134 2
283 291 2
170 287 2
64 249 2
23 153 2
71 132 2
19 159 2
33 267 2
1 74 2
158 296 2
44 154 2
86 101 2
141 195 2
220 234 2
275 286 2
106 180 2
101 168 2
87 268 2
150 152 2
212 302 2
42 170 2
24 71 2
58 101 2
57 291 2
144 172 2
23 50 2
151 188 2
24 108 2
23 43 2
13 257 2
4 134 2
102 119 2
203 300 2
67 149 2
48 279 2
147 216 2
16 215 2
71 239 2
11 225 2
127 182 2
65 175 2
204 252 2
7 23 2
63 275 2
27 229 2
28 75 2
59 191 2
56 127 2
91 191 2
139 202 2
46 165 2
50 180 2
258 286 2
249 268 2
71 209 2
147 271 2
46 245 2
220 265 2
50 190 2
25 74 2
98 114 2
99 170 2
225 288 2
75 225 2
114 125 2
211 278 2
168 260 2
122 154 2
100 243 2
87 147 2
168 232 2
111 115 2
30 275 2
21 71 2
94 217 2
27 92 2
174 196 2
111 117 2
224 248 2
154 239 2
104 198 2
49 111 2
50 225 2
8 146 2
9 196 2
7 239 2
119 209 2
34 190 2
229 249 2
19 283 2
169 275 2
168 209 2
17 40 2
284 286 2
220 239 2
134 137 2
20 246 2
180 242 2
21 295 2
186 249 2
29 183 2
146 190 2
90 224 2
16 31 2
9 168 2
32 140 2
177 238 2
3 214 2
253 285 2
189 195 2
28 200 2
18 219 2
195 273 2
157 263 2
101 215 2
144 243 2
30 284 2
69 84 2
114 251 2
82 116 2
114 122 2
255 298 2
49 257 2
208 301 2
100 239 2
137 185 2
127 202 2
51 95 2
94 205 2
4 55 2
4 197 2
247 287 2
26 226 2
51 174 2
132 140 2
261 289 2
241 245 2
255 292 2
160 193 2
128 288 2
171 257 2
82 262 2
8 70 2
162 174 2
213 227 2
165 216 2
107 121 2
44 198 2
133 248 2
215 270 2
77 201 2
18 228 2
137 178 2
5 25 2
33 292 2
152 290 2
109 160 2
67 228 2
117 240 2
27 87 2
164 249 2
240 284 2
52 135 2
23 184 2
78 235 2
151 152 2
74 133 2
169 267 2
173 252 2
282 290 2
137 161 2
18 269 2
31 246 2
58 243 2
25 271 2
82 130 2
19 274 2
23 110 2
130 151 2
204 228 2
50 63 2
75 193 2
123 244 2
70 158 2
112 145 2
48 270 2
14 281 2
222 288 2
43 228 2
11 279 2
56 253 2
138 222 2
74 247 2
222 244 2
75 143 2
137 145 2
192 220 2
10 27 2
159 182 2
78 270 2
22 125 2
236 301 2
136 221 2
178 220 2
144 195 2
92 186 2
22 250 2
11 20 2
252 268 2
40 241 2
84 90 2
174 281 2
199 301 2
157 289 2
64 78 2
100 122 2
55 186 2
19 96 2
13 275 2
115 195 2
78 205 2
153 206 2
99 215 2
63 170 2
108 162 2
100 252 2
189 274 2
187 228 2
168 212 2
41 245 2
163 273 2
40 156 2
133 215 2
173 188 2
63 146 2
46 300 2
140 201 2
196 237 2
63 111 2
271 299 2
94 171 2
55 218 2
63 143 2
230 240 2
51 280 2
21 171 2
138 210 2
51 175 2
41 45 2
184 236 2
107 231 2
229 244 2
121 129 2
178 238 2
172 183 2
49 206 2
121 266 2
24 104 2
41 261 2
9 254 2
16 122 2
30 152 2
27 204 2
65 200 2
131 246 2
48 248 2
59 173 2
185 291 2
165 293 2
120 171 2
23 32 2
220 295 2
19 143 2
17 102 2
57 270 2
72 110 2
87 137 2
113 221 2
36 118 2
178 279 2
121 248 2
2 24 2
11 291 2
187 281 2
4 173 2
150 204 2
27 65 2
167 195 2
83 209 2
139 268 2
74 174 2
208 260 2
127 208 2
70 244 2
242 245 2
186 218 2
64 242 2
52 187 2
69 252 2
29 120 2
71 176 2
19 97 2
213 240 2
18 261 2
119 225 2
156 290 2
61 296 2
201 247 2
13 185 2
125 140 2
56 255 2
6 16 2
190 295 2
66 242 2
94 259 2
27 59 2
77 267 2
121 204 2
77 290 2
104 221 2
72 301 2
90 294 2
34 130 2
13 191 2
26 44 2
135 299 2
79 140 2
10 71 2
25 75 2
10 283 2
68 166 2
5 130 2
125 143 2
29 130 2
202 247 2
198 231 2
144 188 2
50 76 2
91 156 2
101 288 2
85 178 2
95 123 2
147 248 2
167 256 2
29 128 2
21 132 2
156 163 2
185 255 2
127 217 2
45 141 2
279 284 2
5 137 2
66 104 2
122 150 2
242 281 2
224 242 2
86 105 2
177 213 2
133 196 2
41 288 2
56 293 2
42 168 2
140 295 2
184 256 2
131 185 2
112 114 2
116 160 2
225 246 2
63 217 2
72 193 2
2 10 2
87 115 2
114 291 2
244 300 2
36 182 2
227 238 2
24 93 2
163 277 2
83 230 2
42 213 2
110 153 2
22 269 2
267 269 2
181 191 2
27 261 2
26 72 2
184 270 2
79 112 2
107 170 2
20 50 2
142 246 2
163 285 2
34 259 2
23 114 2
63 184 2
24 293 2
43 215 2
179 260 2
5 146 2
29 58 2
102 129 2
54 67 2
10 166 2
145 179 2
162 272 2
110 226 2
104 208 2
137 272 2
164 293 2
45 251 2
51 272 2
34 265 2
15 142 2
134 197 2
42 236 2
21 95 2
28 302 2
143 258 2
204 226 2
2 128 2
31 105 2
33 300 2
197 240 2
188 288 2
36 239 2
155 272 2
165 299 2
136 260 2
90 180 2
30 219 2
21 50 2
160 280 2
162 188 2
103 218 2
136 264 2
201 213 2
28 199 2
84 266 2
234 239 2
228 234 2
99 191 2
61 278 2
88 278 2
192 298 2
137 203 2
14 211 2
165 173 2
50 187 2
30 289 2
265 294 2
120 175 2
147 190 2
71 272 2
1 111 2
42 206 2
2 228 2
230 287 2
206 278 2
72 167 2
199 207 2
65 212 2
113 229 2
83 299 2
112 276 2
238 284 2
109 289 2
179 248 2
54 258 2
161 177 2
93 101 2
18 162 2
85 137 2
154 221 2
2 118 2
58 66 2
27 171 2
107 293 2
165 264 2
146 217 2
15 200 2
6 245 2
1 188 2
182 256 2
55 241 2
29 114 2
155 274 2
46 237 2
106 267 2
88 107 2
80 144 2
104 171 2
10 159 2
174 211 2
120 125 2
15 16 2
139 260 2
18 138 2
143 200 2
81 89 2
203 252 2
102 107 2
152 172 2
36 277 2
114 121 2
80 191 2
250 262 2
271 295 2
104 203 2
141 223 2
25 156 2
161 238 2
111 255 2
253 296 2
83 150 2
29 99 2
135 283 2
152 200 2
233 284 2
94 124 2
50 203 2
9 284 2
148 276 2
251 278 2
116 174 2
172 198 2
105 271 2
55 77 2
48 57 2
25 205 2
51 130 2
108 301 2
183 199 2
164 259 2
79 127 2
176 255 2
235 281 2
127 183 2
158 206 2
75 78 2
244 273 2
239 273 2
25 46 2
11 103 2
35 71 2
3 198 2
1 85 2
4 267 2
197 260 2
22 126 2
36 77 2
15 195 2
9 75 2
139 214 2
213 230 2
200 289 2
155 260 2
134 200 2
144 284 2
52 300 2
176 302 2
250 260 2
251 301 2
195 222 2
44 208 2
214 244 2
107 120 2
126 256 2
92 179 2
37 107 2
24 302 2
2 154 2
134 283 2
50 262 2
45 277 2
10 149 2
43 257 2
41 106 2
24 205 2
108 233 2
67 145 2
47 184 2
251 302 2
7 125 2
41 89 2
89 229 2
64 231 2
42 240 2
60 287 2
34 302 2
7 28 2
70 180 2
263 286 2
108 163 2
5 38 2
69 270 2
15 182 2
128 252 2
12 256 2
99 251 2
177 296 2
56 187 2
103 122 2
95 162 2
94 105 2
132 194 2
71 98 2
58 201 2
4 52 2
54 218 2
41 184 2
122 221 2
69 198 2
46 207 2
20 294 2
1 14 2
169 187 2
67 269 2
5 161 2
109 127 2
18 253 2
48 240 2
86 136 2
104 138 2
19 139 2
179 189 2
9 202 2
75 141 2
95 300 2
130 300 2
106 298 2
187 263 2
30 87 2
280 293 2
104 230 2
26 187 2
61 129 2
20 199 2
147 209 2
45 73 2
168 217 2
139 289 2
4 136 2
81 133 2
134 184 2
14 127 2
53 87 2
81 198 2
58 274 2
83 113 2
158 173 2
178 209 2
52 67 2
84 139 2
96 298 2
4 234 2
5 284 2
61 66 2
138 199 2
244 262 2
210 295 2
46 105 2
73 218 2
130 290 2
100 187 2
42 211 2
117 272 2
36 219 2
168 300 2
172 263 2
174 295 2
193 275 2
178 258 2
11 31 2
152 272 2
59 272 2
15 264 2
34 161 2
148 230 2
114 162 2
70 247 2
154 214 2
68 184 2
50 249 2
66 116 2
8 56 2
26 165 2
54 153 2
2 173 2
24 143 2
60 285 2
155 220 2
15 83 2
65 176 2
9 194 2
45 243 2
122 220 2
113 166 2
171 176 2
177 282 2
231 266 2
72 255 2
128 225 2
6 301 2
29 226 2
139 284 2
12 293 2
26 201 2
73 264 2
199 265 2
137 270 2
7 188 2
117 258 2
49 125 2
26 292 2
219 301 2
70 292 2
115 171 2
176 292 2
111 214 2
203 249 2
195 212 2
91 240 2
8 235 2
50 131 2
18 272 2
267 277 2
203 220 2
91 251 2
42 79 2
40 277 2
264 297 2
108 165 2
76 95 2
36 187 2
6 236 2
133 198 2
68 145 2
77 289 2
36 76 2
45 205 2
51 167 2
17 253 2
85 108 2
124 200 2
174 186 2
164 180 2
135 269 2
40 208 2
59 73 2
63 92 2
7 225 2
149 260 2
244 290 2
63 224 2
126 278 2
26 106 2
122 291 2
71 277 2
174 227 2
110 194 2
43 55 2
175 287 2
19 22 2
76 80 2
93 170 2
97 138 2
90 95 2
77 245 2
37 164 2
10 140 2
243 290 2
35 276 2
7 62 2
44 287 2
178 237 2
92 218 2
75 290 2
4 90 2
96 168 2
79 186 2
35 216 2
124 282 2
9 223 2
43 200 2
35 84 2
52 69 2
84 277 2
35 42 2
83 89 2
19 266 2
18 110 2
5 182 2
184 269 2
8 278 2
87 134 2
161 168 2
139 300 2
6 289 2
57 187 2
46 138 2
95 219 2
194 207 2
177 246 2
228 265 2
27 244 2
44 226 2
49 103 2
46 233 2
51 70 2
203 206 2
62 137 2
67 133 2
51 198 2
138 254 2
182 235 2
90 152 2
276 294 2
43 148 2
237 268 2
110 261 2
32 207 2
2 255 2
45 134 2
183 203 2
84 96 2
102 230 2
146 166 2
41 60 2
196 216 2
149 295 2
75 80 2
38 71 2
5 192 2
1 301 2
205 266 2
28 265 2
157 162 2
6 36 2
62 101 2
119 163 2
26 262 2
24 86 2
1 240 2
279 293 2
49 84 2
68 81 2
92 138 2
116 283 2
114 140 2
101 280 2
5 16 2
62 170 2
67 166 2
205 226 2
20 165 2
84 190 2
108 281 2
273 279 2
45 249 2
128 269 2
34 295 2
85 206 2
17 169 2
7 65 2
40 130 2
105 143 2
45 166 2
10 208 2
215 230 2
92 131 2
215 234 2
210 280 2
20 250 2
62 187 2
153 195 2
187 189 2
90 185 2
49 269 2
32 106 2
53 233 2
71 158 2
73 113 2
19 80 2
19 249 2
149 294 2
38 223 2
13 59 2
78 131 2
13 261 2
139 153 2
23 165 2
35 45 2
2 110 2
92 213 2
31 144 2
99 143 2
213 301 2
18 212 2
228 293 2
266 282 2
131 201 2
12 27 2
206 272 2
39 43 2
