131 331 3
67 275 3
193 230 3
236 276 3
78 218 3
9 224 3
93 182 3
17 64 3
254 323 3
94 131 3
179 317 3
221 230 3
20 140 3
91 148 3
106 123 3
24 215 3
157 174 3
34 90 3
54 246 3
192 229 3
158 323 3
3 4 3
7 19 3
67 249 3
160 192 3
176 299 3
6 116 3
65 278 3
75 255 3
93 280 3
197 307 3
290 304 3
52 61 3
25 244 3
140 306 3
216 217 3
138 297 3
140 223 3
77 206 3
139 268 3
25 33 3
112 291 3
141 176 3
63 236 3
170 248 3
263 286 3
142 234 3
193 244 3
155 214 3
138 188 3
21 294 3
179 324 3
79 131 3
69 155 3
128 256 3
90 288 3
72 121 3
166 212 3
69 216 3
53 195 3
125 236 3
7 46 3
26 170 3
159 238 3
43 324 3
205 266 3
257 316 3
51 314 3
40 307 3
136 230 3
87 145 3
106 158 3
266 271 3
69 290 3
152 260 3
122 163 3
128 196 3
128 141 3
217 286 3
208 299 3
233 248 3
151 332 3
77 303 3
52 132 3
10 187 3
16 201 3
306 332 3
93 185 3
165 302 3
12 253 3
41 294 3
94 236 3
9 222 3
44 225 3
175 263 3
20 90 3
20 163 3
239 241 3
292 322 3
210 251 3
147 331 3
66 266 3
224 278 3
56 170 3
10 248 3
67 288 3
161 304 3
192 312 3
155 302 3
125 144 3
5 144 3
153 167 3
61 163 3
152 326 3
123 273 3
87 322 3
121 255 3
13 72 3
121 241 3
36 320 3
250 307 3
141 323 3
55 102 3
24 121 3
165 177 3
87 181 3
239 308 3
59 268 3
220 261 3
130 160 3
120 303 3
92 166 3
237 294 3
24 82 3
145 263 3
117 314 3
28 237 3
123 211 3
49 163 3
145 154 3
240 327 3
302 326 3
67 261 3
280 286 3
78 109 3
33 79 3
118 197 3
90 158 3
22 113 3
86 160 3
44 196 3
67 200 3
189 223 3
79 192 3
19 232 3
4 265 3
60 249 3
126 155 3
97 102 3
205 331 3
179 283 3
204 295 3
68 293 3
41 89 3
200 326 3
94 289 3
63 160 3
156 206 3
234 269 3
65 207 3
54 320 3
113 140 3
214 237 3
1 238 3
156 315 3
82 126 3
106 249 3
44 173 3
84 209 3
122 181 3
203 274 3
78 186 3
21 234 3
59 289 3
43 55 3
28 84 3
30 143 3
140 186 3
24 297 3
6 187 3
120 232 3
51 148 3
276 317 3
54 85 3
66 177 3
26 63 3
30 299 3
88 296 3
175 271 3
130 258 3
79 298 3
26 68 3
91 265 3
39 322 3
17 30 3
103 270 3
5 174 3
73 159 3
127 280 3
163 265 3
109 303 3
252 328 3
75 211 3
7 249 3
56 149 3
35 175 3
134 162 3
60 66 3
253 301 3
104 269 3
293 330 3
92 291 3
32 297 3
165 170 3
78 332 3
97 300 3
92 108 3
182 219 3
145 303 3
39 99 3
193 200 3
1 325 3
22 52 3
194 319 3
10 273 3
130 270 3
9 223 3
29 187 3
198 292 3
271 289 3
36 118 3
176 225 3
62 127 3
17 75 3
93 126 3
308 325 3
205 300 3
146 245 3
20 151 3
8 292 3
57 161 3
149 303 3
98 317 3
157 276 3
16 215 3
232 332 3
51 75 3
97 225 3
56 219 3
114 181 3
89 231 3
93 103 3
258 308 3
248 327 3
76 175 3
152 275 3
126 136 3
203 292 3
80 174 3
218 231 3
174 268 3
226 318 3
32 281 3
65 204 3
50 102 3
62 73 3
49 124 3
291 319 3
63 295 3
89 134 3
218 285 3
264 283 3
8 242 3
7 134 3
19 83 3
176 238 3
51 206 3
157 161 3
251 284 3
142 300 3
53 214 3
30 176 3
182 268 3
55 65 3
188 330 3
73 136 3
23 60 3
120 264 3
266 326 3
58 151 3
30 263 3
110 201 3
7 119 3
62 148 3
7 34 3
30 288 3
130 131 3
184 223 3
141 195 3
39 267 3
18 196 3
182 209 3
4 60 3
249 301 3
26 246 3
187 208 3
52 214 3
113 226 3
30 232 3
147 311 3
187 276 3
29 329 3
127 224 3
85 137 3
22 207 3
25 181 3
69 266 3
179 274 3
14 260 3
41 221 3
93 115 3
8 23 3
125 304 3
159 191 3
202 265 3
54 230 3
100 261 3
41 66 3
39 184 3
205 317 3
86 245 3
98 150 3
11 154 3
168 197 3
237 270 3
304 308 3
249 250 3
231 294 3
57 141 3
10 152 3
206 321 3
160 170 3
120 305 3
77 235 3
78 139 3
201 322 3
224 270 3
8 298 3
124 280 3
53 138 3
29 197 3
198 260 3
6 158 3
229 236 3
225 268 3
15 22 3
247 314 3
134 136 3
212 243 3
111 274 3
86 121 3
48 301 3
51 248 3
103 171 3
119 305 3
2 50 3
247 315 3
60 181 3
84 173 3
108 208 3
228 230 3
122 209 3
64 175 3
12 306 3
54 286 3
4 95 3
39 304 3
9 142 3
140 313 3
111 112 3
80 99 3
33 81 3
213 327 3
60 167 3
267 297 3
192 194 3
84 235 3
69 147 3
77 332 3
51 120 3
124 205 3
145 163 3
15 286 3
154 171 3
201 266 3
32 266 3
281 298 3
32 275 3
11 99 3
29 63 3
142 198 3
174 281 3
44 162 3
40 96 3
135 162 3
178 234 3
193 197 3
108 287 3
14 41 3
156 199 3
104 325 3
85 276 3
183 298 3
246 287 3
152 165 3
6 55 3
18 20 3
35 88 3
57 249 3
147 170 3
202 267 3
300 318 3
75 127 3
61 273 3
36 96 3
28 259 3
119 263 3
84 223 3
97 113 3
277 329 3
168 303 3
188 203 3
290 320 3
222 296 3
126 311 3
110 327 3
246 330 3
233 292 3
72 173 3
20 107 3
188 199 3
54 306 3
129 277 3
162 309 3
293 305 3
26 129 3
148 195 3
102 236 3
25 45 3
65 150 3
24 175 3
65 189 3
172 297 3
148 163 3
88 137 3
244 270 3
206 243 3
217 254 3
107 193 3
68 83 3
29 85 3
196 279 3
19 176 3
48 201 3
32 63 3
86 270 3
2 206 3
274 297 3
10 218 3
48 274 3
97 237 3
185 302 3
223 254 3
181 226 3
241 265 3
104 174 3
131 269 3
42 178 3
57 104 3
130 327 3
190 255 3
134 220 3
187 312 3
327 328 3
91 180 3
237 297 3
108 168 3
17 78 3
253 318 3
94 281 3
9 80 3
30 50 3
87 177 3
154 306 3
1 263 3
229 248 3
36 233 3
213 301 3
208 232 3
63 93 3
120 134 3
40 166 3
35 119 3
48 53 3
2 114 3
97 210 3
8 170 3
8 104 3
100 252 3
1 256 3
144 207 3
16 133 3
8 27 3
89 247 3
100 302 3
219 239 3
103 324 3
142 178 3
26 150 3
59 189 3
152 205 3
159 189 3
43 292 3
62 167 3
10 131 3
5 314 3
73 114 3
100 272 3
42 186 3
61 108 3
155 266 3
178 280 3
45 258 3
283 319 3
95 195 3
10 14 3
118 299 3
9 92 3
77 258 3
71 127 3
187 304 3
131 260 3
70 86 3
27 47 3
134 175 3
107 249 3
68 306 3
94 245 3
19 332 3
133 195 3
94 124 3
61 66 3
157 241 3
237 321 3
83 311 3
31 269 3
81 283 3
116 288 3
70 142 3
2 164 3
108 196 3
81 183 3
82 94 3
95 100 3
94 209 3
107 152 3
1 217 3
87 161 3
41 76 3
43 318 3
54 268 3
232 256 3
15 17 3
6 211 3
77 212 3
170 272 3
170 320 3
122 321 3
136 263 3
8 276 3
12 159 3
12 51 3
43 137 3
3 93 3
78 132 3
186 298 3
13 197 3
109 281 3
131 240 3
44 119 3
26 146 3
133 187 3
14 63 3
273 322 3
2 259 3
99 229 3
61 265 3
277 285 3
85 316 3
274 281 3
190 207 3
145 218 3
155 195 3
29 125 3
70 164 3
135 324 3
109 124 3
43 322 3
107 231 3
33 315 3
2 152 3
5 181 3
62 133 3
281 297 3
137 223 3
245 246 3
97 309 3
132 171 3
172 176 3
120 241 3
7 111 3
43 116 3
155 284 3
78 261 3
60 183 3
213 254 3
61 313 3
43 258 3
33 207 3
7 170 3
17 172 3
83 113 3
68 134 3
203 239 3
310 322 3
67 236 3
21 30 3
16 233 3
3 23 3
76 155 3
56 257 3
135 182 3
18 167 3
56 277 3
256 324 3
7 116 3
24 183 3
60 227 3
10 37 3
136 328 3
156 273 3
211 277 3
178 250 3
147 272 3
100 142 3
14 24 3
68 197 3
206 215 3
155 181 3
78 159 3
173 194 3
4 196 3
64 296 3
10 225 3
20 146 3
212 221 3
165 221 3
11 139 3
157 262 3
30 330 3
264 298 3
82 305 3
178 331 3
153 296 3
42 279 3
39 151 3
74 155 3
119 154 3
57 164 3
11 329 3
151 229 3
117 208 3
218 236 3
165 175 3
42 173 3
114 259 3
87 104 3
9 22 3
184 224 3
50 95 3
245 266 3
8 88 3
162 238 3
126 215 3
57 325 3
141 211 3
86 207 3
110 177 3
20 224 3
185 275 3
112 308 3
112 215 3
120 314 3
166 236 3
250 263 3
116 135 3
82 223 3
124 320 3
52 249 3
202 296 3
305 332 3
24 100 3
85 200 3
209 228 3
71 219 3
81 330 3
47 192 3
28 132 3
231 288 3
113 161 3
205 248 3
277 287 3
58 68 3
29 194 3
236 315 3
129 244 3
267 314 3
228 318 3
104 134 3
214 273 3
175 294 3
141 190 3
73 322 3
88 303 3
197 201 3
51 321 3
36 327 3
93 195 3
308 314 3
41 218 3
284 290 3
14 191 3
161 218 3
97 271 3
230 264 3
26 211 3
111 321 3
166 183 3
174 230 3
73 94 3
42 123 3
2 77 3
38 197 3
19 89 3
129 172 3
50 156 3
89 332 3
217 240 3
249 256 3
101 155 3
153 286 3
46 183 3
132 194 3
33 91 3
25 305 3
14 104 3
68 105 3
10 105 3
18 301 3
43 141 3
66 199 3
65 190 3
17 287 3
124 281 3
23 273 3
13 224 3
228 269 3
89 196 3
68 148 3
40 179 3
173 282 3
160 305 3
234 307 3
264 275 3
226 251 3
3 316 3
92 112 3
48 299 3
129 248 3
90 321 3
191 233 3
86 253 3
89 116 3
77 95 3
184 193 3
24 36 3
9 63 3
37 103 3
34 162 3
81 231 3
234 259 3
271 316 3
13 284 3
61 157 3
119 166 3
301 309 3
66 222 3
74 315 3
77 257 3
108 150 3
186 189 3
51 251 3
114 153 3
207 275 3
33 275 3
7 259 3
223 271 3
47 210 3
328 332 3
212 300 3
197 225 3
109 207 3
34 270 3
8 203 3
59 141 3
192 193 3
226 230 3
104 264 3
38 168 3
31 209 3
135 322 3
212 289 3
74 86 3
178 325 3
1 57 3
145 212 3
173 321 3
19 110 3
141 274 3
2 117 3
120 229 3
17 113 3
42 45 3
40 130 3
82 249 3
71 160 3
36 303 3
44 202 3
47 121 3
41 288 3
23 168 3
186 195 3
76 124 3
224 269 3
261 265 3
52 270 3
51 77 3
119 320 3
27 95 3
176 248 3
75 195 3
35 110 3
150 209 3
1 85 3
23 190 3
172 295 3
137 247 3
87 280 3
19 183 3
120 208 3
205 322 3
90 309 3
184 323 3
238 255 3
118 279 3
32 232 3
9 283 3
66 79 3
78 318 3
163 267 3
2 260 3
64 230 3
168 236 3
264 270 3
59 254 3
163 310 3
67 263 3
59 253 3
171 313 3
78 117 3
98 309 3
48 149 3
134 237 3
47 314 3
40 209 3
249 299 3
66 131 3
218 283 3
214 301 3
142 156 3
133 272 3
203 224 3
119 282 3
123 289 3
201 262 3
74 280 3
97 142 3
2 327 3
195 293 3
234 315 3
90 151 3
140 201 3
71 216 3
25 104 3
180 284 3
165 223 3
232 308 3
13 19 3
187 307 3
256 300 3
20 54 3
29 300 3
144 273 3
256 261 3
18 45 3
74 165 3
157 210 3
181 235 3
106 233 3
281 318 3
100 249 3
261 293 3
118 218 3
13 316 3
159 324 3
45 232 3
99 181 3
12 39 3
272 324 3
288 294 3
36 209 3
121 285 3
165 275 3
54 65 3
2 49 3
50 297 3
11 21 3
59 145 3
129 148 3
71 139 3
207 222 3
103 305 3
34 322 3
12 313 3
225 226 3
102 269 3
180 309 3
12 55 3
28 171 3
219 329 3
46 281 3
103 301 3
168 308 3
27 43 3
17 296 3
101 170 3
63 148 3
74 237 3
129 130 3
218 317 3
66 151 3
125 293 3
131 329 3
152 325 3
100 270 3
291 292 3
69 186 3
95 127 3
10 229 3
112 329 3
180 270 3
120 162 3
24 85 3
133 155 3
40 73 3
117 223 3
25 77 3
16 22 3
128 167 3
14 65 3
224 267 3
24 255 3
78 151 3
17 226 3
48 160 3
222 259 3
237 261 3
162 284 3
24 42 3
79 202 3
226 247 3
155 182 3
167 202 3
101 268 3
122 266 3
210 324 3
44 321 3
280 313 3
27 214 3
24 280 3
185 206 3
213 284 3
14 156 3
99 164 3
53 265 3
57 208 3
114 144 3
50 329 3
244 263 3
171 235 3
60 135 3
7 144 3
115 277 3
62 285 3
158 300 3
166 172 3
179 291 3
1 247 3
13 154 3
164 206 3
140 278 3
1 311 3
283 330 3
28 114 3
119 180 3
17 239 3
80 253 3
35 165 3
24 117 3
16 244 3
182 195 3
3 153 3
249 280 3
73 101 3
181 236 3
126 307 3
227 295 3
105 166 3
52 224 3
71 279 3
90 215 3
229 262 3
61 214 3
216 238 3
178 232 3
149 292 3
1 151 3
112 280 3
184 319 3
49 167 3
7 275 3
213 221 3
169 237 3
306 313 3
253 288 3
51 298 3
55 280 3
227 269 3
111 260 3
25 94 3
10 162 3
262 316 3
15 232 3
209 218 3
177 198 3
124 304 3
119 184 3
208 265 3
88 238 3
188 296 3
78 158 3
133 261 3
25 75 3
285 321 3
2 185 3
114 229 3
163 213 3
43 62 3
227 252 3
13 279 3
16 250 3
56 135 3
