111 259 4
8 136 4
111 142 4
224 312 4
83 324 4
304 316 4
227 275 4
1 139 4
34 299 4
92 347 4
120 360 4
63 260 4
97 132 4
44 243 4
173 273 4
75 94 4
123 229 4
82 264 4
32 363 4
47 268 4
80 218 4
350 363 4
128 180 4
61 364 4
147 270 4
24 100 4
51 141 4
144 329 4
148 244 4
55 263 4
109 357 4
186 231 4
268 277 4
187 365 4
146 265 4
36 46 4
87 363 4
33 125 4
88 266 4
170 243 4
291 342 4
66 251 4
27 29 4
86 174 4
329 349 4
72 285 4
32 106 4
308 360 4
65 238 4
21 308 4
18 353 4
15 56 4
75 145 4
32 140 4
74 290 4
215 259 4
50 144 4
133 338 4
115 229 4
192 307 4
98 283 4
129 264 4
80 258 4
129 144 4
71 130 4
147 164 4
115 276 4
161 246 4
113 357 4
94 278 4
122 171 4
171 365 4
6 337 4
234 304 4
144 302 4
60 241 4
276 323 4
5 356 4
133 272 4
36 191 4
47 260 4
9 239 4
92 322 4
126 255 4
140 224 4
219 262 4
86 276 4
91 124 4
62 304 4
82 324 4
18 55 4
323 331 4
19 33 4
13 304 4
203 208 4
159 340 4
249 270 4
167 263 4
113 361 4
23 136 4
28 299 4
32 113 4
155 266 4
203 204 4
218 274 4
20 286 4
236 300 4
42 268 4
54 318 4
206 217 4
237 257 4
10 197 4
142 233 4
94 194 4
38 174 4
65 329 4
52 164 4
64 235 4
229 267 4
244 347 4
248 274 4
178 290 4
176 187 4
35 73 4
38 348 4
2 104 4
180 200 4
330 337 4
28 66 4
138 357 4
187 358 4
56 100 4
55 56 4
15 242 4
223 283 4
223 258 4
128 131 4
147 363 4
238 314 4
127 352 4
128 221 4
35 90 4
118 327 4
355 364 4
183 194 4
38 62 4
137 186 4
117 299 4
249 358 4
5 166 4
262 272 4
23 37 4
81 226 4
30 91 4
99 218 4
16 319 4
162 345 4
45 364 4
100 337 4
211 353 4
82 293 4
171 272 4
81 275 4
104 158 4
73 108 4
37 324 4
38 61 4
130 142 4
221 321 4
54 171 4
73 243 4
64 109 4
96 165 4
67 107 4
151 264 4
249 278 4
184 232 4
54 199 4
157 264 4
29 356 4
6 321 4
16 65 4
101 251 4
56 214 4
76 106 4
166 178 4
286 318 4
49 344 4
40 172 4
84 293 4
216 288 4
325 341 4
49 223 4
97 189 4
144 308 4
64 159 4
217 259 4
65 315 4
55 314 4
141 171 4
93 290 4
148 325 4
198 232 4
5 101 4
28 329 4
145 308 4
104 244 4
284 349 4
19 107 4
80 326 4
239 308 4
82 159 4
31 189 4
195 223 4
55 142 4
123 365 4
148 205 4
37 82 4
71 183 4
91 98 4
210 243 4
34 145 4
317 346 4
56 129 4
115 265 4
17 57 4
98 195 4
19 272 4
130 185 4
213 326 4
184 269 4
80 84 4
51 165 4
117 179 4
271 347 4
249 269 4
148 302 4
28 186 4
213 310 4
117 241 4
113 314 4
230 307 4
103 137 4
287 325 4
229 323 4
198 248 4
133 331 4
240 278 4
29 187 4
53 226 4
14 356 4
109 139 4
136 315 4
16 317 4
256 349 4
68 153 4
262 297 4
151 364 4
68 168 4
25 286 4
31 168 4
220 223 4
135 190 4
68 95 4
204 220 4
210 293 4
36 217 4
40 224 4
55 229 4
175 269 4
3 242 4
56 321 4
206 230 4
319 355 4
8 239 4
14 39 4
98 293 4
315 344 4
44 119 4
30 47 4
31 248 4
99 297 4
67 336 4
295 322 4
83 188 4
142 198 4
64 310 4
97 351 4
107 150 4
215 340 4
38 45 4
135 310 4
259 338 4
148 171 4
274 303 4
178 185 4
166 304 4
62 340 4
136 354 4
48 275 4
176 302 4
108 297 4
204 246 4
88 282 4
256 311 4
302 348 4
246 357 4
174 329 4
36 139 4
133 169 4
1 38 4
9 362 4
203 349 4
30 58 4
106 337 4
204 362 4
42 104 4
135 345 4
51 308 4
67 310 4
3 363 4
349 355 4
157 248 4
10 78 4
235 250 4
211 250 4
219 272 4
166 246 4
259 361 4
253 287 4
158 249 4
126 199 4
44 260 4
43 235 4
3 301 4
57 352 4
27 303 4
103 242 4
113 184 4
12 125 4
39 222 4
9 311 4
75 312 4
168 334 4
55 307 4
99 255 4
72 360 4
39 354 4
24 224 4
26 81 4
125 216 4
139 211 4
151 242 4
26 87 4
46 98 4
84 150 4
11 216 4
162 254 4
111 160 4
57 365 4
52 315 4
186 303 4
90 209 4
218 227 4
69 291 4
43 64 4
194 279 4
57 362 4
42 219 4
61 212 4
183 222 4
268 333 4
186 364 4
166 213 4
270 345 4
280 351 4
100 321 4
102 288 4
198 308 4
20 233 4
63 323 4
236 353 4
256 350 4
166 349 4
83 252 4
265 283 4
166 250 4
164 168 4
70 72 4
22 106 4
301 341 4
91 353 4
71 92 4
34 89 4
109 268 4
225 323 4
2 171 4
118 152 4
192 351 4
126 340 4
79 258 4
25 244 4
199 249 4
99 326 4
120 321 4
66 353 4
112 214 4
203 341 4
64 341 4
243 293 4
229 250 4
91 159 4
2 252 4
208 294 4
240 250 4
54 328 4
79 132 4
22 263 4
19 54 4
31 347 4
105 230 4
19 342 4
318 359 4
179 350 4
107 114 4
35 227 4
48 77 4
125 356 4
135 333 4
19 285 4
30 207 4
30 39 4
108 358 4
51 184 4
33 46 4
214 276 4
194 232 4
203 309 4
179 282 4
88 187 4
105 342 4
25 122 4
181 246 4
7 15 4
270 356 4
82 168 4
21 120 4
185 254 4
170 362 4
3 215 4
86 274 4
182 279 4
125 197 4
116 171 4
302 304 4
258 337 4
41 71 4
278 361 4
8 68 4
278 284 4
115 365 4
135 137 4
26 177 4
320 346 4
14 79 4
164 252 4
126 287 4
77 119 4
289 302 4
128 238 4
225 274 4
269 308 4
137 315 4
28 55 4
143 284 4
56 111 4
277 287 4
138 288 4
216 324 4
268 359 4
71 280 4
28 147 4
90 334 4
30 70 4
157 271 4
179 364 4
73 306 4
139 209 4
167 313 4
231 320 4
65 309 4
277 343 4
44 172 4
2 257 4
79 250 4
149 269 4
221 353 4
3 295 4
322 324 4
129 284 4
128 172 4
97 244 4
68 235 4
72 87 4
93 98 4
93 303 4
163 337 4
62 206 4
144 318 4
222 264 4
225 259 4
63 171 4
212 357 4
173 225 4
8 359 4
143 236 4
121 296 4
115 245 4
166 258 4
315 317 4
311 356 4
43 210 4
104 282 4
50 60 4
5 113 4
6 339 4
36 286 4
133 233 4
41 84 4
49 91 4
91 192 4
211 327 4
122 133 4
90 344 4
25 98 4
72 351 4
28 43 4
281 325 4
22 188 4
76 300 4
49 84 4
4 362 4
141 229 4
193 225 4
242 326 4
7 51 4
25 125 4
303 318 4
100 157 4
239 282 4
197 267 4
2 240 4
340 351 4
199 230 4
331 361 4
79 221 4
72 274 4
83 212 4
137 275 4
128 155 4
192 208 4
262 332 4
216 272 4
65 270 4
6 243 4
202 360 4
201 361 4
76 186 4
331 335 4
23 107 4
297 327 4
60 101 4
235 240 4
63 271 4
91 207 4
49 274 4
228 282 4
73 189 4
134 342 4
139 253 4
219 247 4
111 340 4
108 300 4
326 353 4
73 94 4
61 348 4
55 141 4
120 346 4
72 83 4
43 278 4
9 230 4
19 146 4
148 236 4
4 334 4
124 279 4
34 142 4
173 217 4
144 151 4
131 280 4
45 112 4
94 281 4
105 335 4
282 291 4
315 363 4
49 56 4
275 285 4
57 350 4
65 292 4
90 132 4
295 312 4
60 128 4
37 277 4
237 301 4
119 215 4
2 287 4
282 316 4
56 73 4
308 363 4
29 314 4
84 360 4
55 327 4
3 111 4
3 124 4
95 135 4
81 270 4
138 330 4
175 209 4
201 298 4
46 108 4
105 107 4
78 102 4
78 170 4
156 198 4
26 151 4
80 281 4
169 340 4
171 248 4
155 342 4
59 362 4
57 135 4
80 322 4
1 69 4
103 214 4
177 321 4
206 264 4
70 342 4
239 364 4
54 154 4
71 136 4
43 304 4
164 216 4
74 155 4
228 335 4
131 331 4
244 343 4
58 157 4
214 258 4
106 126 4
302 317 4
118 215 4
187 199 4
197 248 4
60 301 4
187 351 4
72 346 4
229 344 4
145 359 4
114 133 4
221 320 4
136 199 4
198 350 4
147 313 4
73 198 4
206 253 4
5 67 4
56 265 4
192 360 4
97 308 4
139 353 4
116 130 4
50 119 4
94 263 4
101 283 4
68 321 4
237 261 4
126 211 4
158 245 4
77 273 4
217 288 4
340 354 4
87 221 4
104 310 4
81 98 4
68 104 4
236 290 4
183 355 4
31 333 4
131 309 4
69 250 4
144 178 4
329 354 4
265 361 4
204 325 4
33 126 4
7 176 4
88 171 4
93 115 4
174 249 4
213 352 4
140 298 4
116 333 4
186 363 4
83 130 4
25 129 4
255 272 4
202 275 4
254 317 4
155 174 4
206 213 4
23 280 4
142 270 4
111 362 4
51 314 4
37 160 4
4 357 4
178 275 4
49 58 4
73 253 4
92 332 4
44 162 4
27 277 4
125 255 4
227 232 4
147 193 4
3 314 4
190 316 4
108 364 4
92 168 4
160 267 4
152 233 4
29 210 4
27 282 4
30 46 4
179 279 4
69 132 4
279 346 4
158 225 4
81 105 4
86 308 4
89 274 4
155 314 4
4 96 4
262 264 4
153 164 4
115 304 4
31 143 4
4 148 4
169 235 4
107 139 4
105 175 4
75 270 4
62 212 4
8 299 4
20 142 4
8 50 4
165 321 4
260 261 4
16 158 4
168 215 4
321 329 4
43 107 4
163 311 4
104 331 4
210 237 4
104 341 4
8 76 4
107 288 4
98 126 4
268 352 4
117 359 4
9 338 4
6 327 4
22 232 4
82 119 4
131 189 4
102 295 4
173 265 4
298 333 4
169 230 4
202 310 4
90 308 4
216 289 4
97 275 4
175 213 4
240 326 4
242 331 4
109 201 4
319 352 4
176 190 4
84 348 4
105 314 4
94 247 4
112 281 4
150 263 4
99 137 4
94 283 4
74 98 4
133 195 4
348 364 4
99 308 4
239 341 4
131 274 4
84 317 4
85 330 4
127 225 4
289 312 4
194 230 4
17 203 4
279 362 4
190 352 4
69 137 4
107 224 4
267 297 4
53 249 4
208 295 4
225 249 4
183 214 4
323 356 4
132 165 4
344 349 4
48 348 4
272 278 4
233 288 4
172 286 4
19 167 4
273 351 4
242 309 4
261 351 4
191 192 4
132 194 4
50 68 4
37 40 4
83 202 4
118 171 4
185 276 4
148 157 4
24 188 4
127 359 4
1 20 4
167 208 4
96 250 4
132 337 4
27 193 4
15 76 4
208 217 4
265 324 4
301 332 4
106 363 4
194 226 4
70 224 4
15 193 4
15 217 4
96 344 4
65 96 4
55 329 4
29 270 4
97 179 4
112 193 4
229 329 4
92 128 4
58 287 4
121 341 4
164 314 4
19 85 4
93 235 4
156 188 4
270 277 4
240 295 4
144 166 4
15 344 4
126 297 4
161 171 4
146 262 4
67 345 4
12 100 4
100 232 4
124 310 4
94 191 4
50 346 4
320 339 4
258 314 4
189 336 4
136 300 4
314 333 4
115 321 4
131 342 4
116 277 4
153 239 4
35 307 4
134 252 4
173 357 4
117 240 4
65 115 4
210 222 4
102 183 4
51 176 4
188 203 4
122 297 4
30 264 4
127 144 4
258 276 4
27 178 4
51 169 4
203 236 4
122 357 4
29 221 4
114 268 4
285 337 4
24 238 4
141 182 4
8 113 4
233 300 4
164 267 4
57 297 4
119 240 4
29 132 4
132 309 4
112 300 4
51 347 4
99 138 4
161 223 4
319 331 4
182 347 4
205 250 4
83 277 4
21 24 4
147 310 4
49 323 4
71 108 4
37 283 4
168 311 4
77 312 4
115 169 4
69 219 4
154 263 4
10 314 4
120 328 4
279 301 4
2 220 4
197 278 4
217 302 4
141 301 4
162 315 4
246 326 4
78 282 4
23 244 4
141 247 4
156 309 4
53 281 4
206 220 4
178 229 4
154 354 4
67 248 4
249 346 4
177 287 4
161 280 4
86 153 4
55 247 4
103 357 4
180 264 4
199 273 4
49 259 4
80 106 4
49 133 4
79 268 4
30 313 4
184 188 4
71 302 4
282 307 4
11 285 4
151 172 4
236 257 4
3 16 4
118 174 4
129 360 4
267 354 4
304 328 4
7 42 4
102 113 4
180 231 4
72 261 4
127 260 4
120 136 4
22 77 4
32 94 4
54 244 4
260 310 4
171 276 4
312 344 4
85 363 4
107 131 4
69 265 4
126 328 4
168 227 4
98 204 4
225 350 4
155 177 4
36 233 4
129 311 4
264 364 4
7 216 4
234 365 4
3 183 4
269 324 4
1 68 4
89 265 4
193 272 4
284 360 4
51 190 4
142 288 4
183 311 4
157 204 4
239 360 4
24 305 4
3 287 4
66 360 4
194 359 4
11 300 4
203 361 4
335 361 4
115 270 4
155 317 4
78 293 4
149 268 4
35 290 4
190 345 4
85 108 4
136 159 4
159 323 4
17 98 4
92 137 4
140 331 4
131 142 4
33 137 4
25 59 4
141 174 4
141 251 4
125 289 4
159 210 4
34 271 4
70 138 4
118 330 4
133 228 4
17 123 4
206 317 4
165 345 4
306 339 4
6 110 4
134 135 4
15 65 4
121 295 4
156 261 4
237 280 4
82 241 4
74 203 4
172 268 4
272 347 4
191 233 4
47 171 4
11 264 4
55 63 4
28 356 4
60 157 4
91 251 4
212 348 4
160 265 4
55 69 4
27 353 4
150 157 4
14 190 4
116 154 4
40 360 4
165 344 4
87 300 4
114 226 4
8 71 4
53 364 4
219 263 4
213 359 4
10 324 4
93 119 4
3 269 4
193 249 4
56 282 4
38 333 4
73 96 4
189 239 4
7 55 4
4 71 4
334 353 4
39 117 4
172 360 4
148 213 4
52 69 4
78 263 4
17 68 4
70 170 4
110 342 4
315 319 4
166 356 4
261 282 4
64 162 4
127 134 4
216 261 4
130 184 4
249 303 4
243 279 4
109 119 4
148 235 4
102 227 4
294 312 4
174 175 4
9 283 4
83 157 4
130 365 4
35 120 4
225 291 4
142 246 4
68 121 4
4 17 4
62 296 4
228 303 4
106 142 4
97 332 4
100 244 4
53 261 4
273 316 4
191 261 4
52 324 4
15 330 4
57 182 4
107 134 4
72 281 4
93 305 4
196 322 4
96 257 4
91 309 4
49 119 4
232 272 4
15 167 4
7 332 4
277 279 4
172 282 4
161 298 4
183 280 4
96 312 4
138 296 4
211 260 4
199 209 4
96 304 4
91 212 4
155 352 4
163 238 4
162 260 4
69 332 4
132 328 4
296 298 4
103 215 4
102 263 4
74 147 4
137 150 4
67 169 4
120 287 4
187 335 4
11 330 4
222 282 4
55 326 4
69 350 4
20 180 4
146 248 4
165 351 4
72 284 4
96 174 4
190 254 4
28 128 4
265 327 4
177 188 4
23 156 4
357 364 4
9 34 4
8 321 4
68 288 4
25 48 4
109 204 4
67 254 4
110 143 4
110 214 4
28 262 4
22 217 4
207 208 4
226 301 4
106 112 4
105 185 4
104 324 4
50 234 4
112 189 4
57 91 4
81 313 4
56 138 4
262 284 4
1 61 4
6 168 4
90 332 4
64 353 4
328 363 4
194 298 4
189 356 4
101 293 4
60 233 4
31 101 4
109 200 4
222 346 4
294 347 4
177 302 4
41 277 4
73 99 4
29 135 4
266 360 4
21 224 4
40 221 4
290 349 4
210 229 4
310 338 4
205 213 4
61 301 4
169 305 4
135 285 4
82 173 4
18 270 4
3 349 4
56 351 4
15 101 4
1 247 4
66 105 4
21 105 4
17 61 4
30 226 4
2 289 4
137 228 4
206 288 4
72 202 4
149 263 4
178 230 4
70 83 4
54 305 4
142 290 4
166 242 4
48 361 4
62 242 4
209 319 4
166 283 4
72 252 4
143 360 4
62 253 4
150 188 4
316 350 4
43 190 4
221 270 4
50 360 4
85 136 4
32 307 4
12 84 4
310 354 4
202 255 4
60 320 4
26 172 4
6 311 4
21 256 4
68 265 4
97 109 4
140 216 4
120 355 4
52 100 4
46 151 4
207 292 4
238 295 4
234 306 4
13 279 4
215 250 4
204 225 4
31 274 4
230 276 4
94 307 4
161 166 4
170 326 4
7 94 4
145 347 4
106 189 4
247 312 4
116 119 4
41 241 4
116 311 4
11 365 4
160 236 4
125 260 4
181 323 4
35 51 4
179 258 4
77 211 4
212 228 4
303 305 4
234 284 4
32 141 4
22 108 4
35 280 4
197 333 4
12 312 4
22 278 4
3 129 4
257 262 4
215 253 4
135 344 4
313 322 4
225 236 4
81 82 4
19 87 4
13 78 4
218 359 4
44 158 4
78 296 4
72 184 4
45 83 4
