180 212 3
81 134 3
56 195 3
116 173 3
112 271 3
173 296 3
211 262 3
46 182 3
71 105 3
42 174 3
9 310 3
67 254 3
53 284 3
8 326 3
107 244 3
12 43 3
43 318 3
65 293 3
157 237 3
268 328 3
168 175 3
104 151 3
46 116 3
37 205 3
46 220 3
78 228 3
64 276 3
70 147 3
36 63 3
154 280 3
116 169 3
74 211 3
158 275 3
34 234 3
29 180 3
89 274 3
116 239 3
81 298 3
22 170 3
117 162 3
114 136 3
79 309 3
46 97 3
133 145 3
28 298 3
116 332 3
82 210 3
109 159 3
62 72 3
61 171 3
10 149 3
113 125 3
78 308 3
126 249 3
162 167 3
78 302 3
276 307 3
292 300 3
20 112 3
92 300 3
11 330 3
83 331 3
112 140 3
157 212 3
137 173 3
183 302 3
82 206 3
181 227 3
79 272 3
17 166 3
15 102 3
55 297 3
23 321 3
8 256 3
16 54 3
51 227 3
26 230 3
49 166 3
9 126 3
181 297 3
182 266 3
55 283 3
98 268 3
14 155 3
37 172 3
99 138 3
154 186 3
94 102 3
26 176 3
101 149 3
248 293 3
200 238 3
145 168 3
153 323 3
287 293 3
143 253 3
141 204 3
76 117 3
192 301 3
5 9 3
108 283 3
63 136 3
164 261 3
24 229 3
109 249 3
172 321 3
164 291 3
227 228 3
127 217 3
7 48 3
92 301 3
69 232 3
92 186 3
60 307 3
45 315 3
316 327 3
10 46 3
50 270 3
130 198 3
158 293 3
34 53 3
118 147 3
11 41 3
13 137 3
257 313 3
64 268 3
132 281 3
167 292 3
61 237 3
19 201 3
44 254 3
115 305 3
84 300 3
17 243 3
123 201 3
155 174 3
95 320 3
106 272 3
28 204 3
162 205 3
104 145 3
140 304 3
227 277 3
101 263 3
201 287 3
250 302 3
4 123 3
10 223 3
53 88 3
26 288 3
119 175 3
110 190 3
107 301 3
54 295 3
44 93 3
178 196 3
189 238 3
53 168 3
98 132 3
86 153 3
42 219 3
9 256 3
46 146 3
18 133 3
198 295 3
8 292 3
38 81 3
107 149 3
6 31 3
18 81 3
75 258 3
183 214 3
83 301 3
214 235 3
55 318 3
204 220 3
17 143 3
62 212 3
149 208 3
73 114 3
111 121 3
112 284 3
78 101 3
84 138 3
131 218 3
21 125 3
64 154 3
146 227 3
122 129 3
28 280 3
104 167 3
120 231 3
31 229 3
101 104 3
99 214 3
96 210 3
47 254 3
241 332 3
46 67 3
3 118 3
23 264 3
242 327 3
137 177 3
60 298 3
7 185 3
245 288 3
93 144 3
241 327 3
94 95 3
12 192 3
27 308 3
230 321 3
74 229 3
140 149 3
151 195 3
126 257 3
87 173 3
40 269 3
19 143 3
155 327 3
26 67 3
118 203 3
130 197 3
27 223 3
212 290 3
3 187 3
317 323 3
4 310 3
72 140 3
2 117 3
42 222 3
47 63 3
48 86 3
190 251 3
73 104 3
49 184 3
140 306 3
87 269 3
33 171 3
50 160 3
82 322 3
156 226 3
72 80 3
203 211 3
151 240 3
132 293 3
178 201 3
248 275 3
193 263 3
105 287 3
208 266 3
3 73 3
9 182 3
9 272 3
41 88 3
241 283 3
64 89 3
161 176 3
63 299 3
134 291 3
91 206 3
74 94 3
36 268 3
119 321 3
13 228 3
73 161 3
220 327 3
153 321 3
4 82 3
260 296 3
89 168 3
178 246 3
10 152 3
6 214 3
216 308 3
101 267 3
28 306 3
174 242 3
63 82 3
211 280 3
14 20 3
233 291 3
112 266 3
142 189 3
69 193 3
153 281 3
66 237 3
46 56 3
51 327 3
189 302 3
124 267 3
70 160 3
151 163 3
134 321 3
164 268 3
177 264 3
207 222 3
61 330 3
1 139 3
113 249 3
207 321 3
31 314 3
27 307 3
6 301 3
195 330 3
184 191 3
180 318 3
11 56 3
11 252 3
94 109 3
40 187 3
191 314 3
188 262 3
42 182 3
246 290 3
40 215 3
196 199 3
71 173 3
76 142 3
139 141 3
270 331 3
175 242 3
179 253 3
109 151 3
92 259 3
122 278 3
219 312 3
68 259 3
167 220 3
169 332 3
51 98 3
40 296 3
110 166 3
136 308 3
105 196 3
34 43 3
115 276 3
137 213 3
116 287 3
30 134 3
20 72 3
10 251 3
7 96 3
138 175 3
96 235 3
135 146 3
198 311 3
164 253 3
268 286 3
117 240 3
151 230 3
35 183 3
31 298 3
241 271 3
92 294 3
163 300 3
309 313 3
81 239 3
219 325 3
82 88 3
41 227 3
142 239 3
125 305 3
79 331 3
115 240 3
58 238 3
88 265 3
92 295 3
252 305 3
64 233 3
201 214 3
114 226 3
97 307 3
21 89 3
22 113 3
96 153 3
168 237 3
292 311 3
58 209 3
37 290 3
92 195 3
14 25 3
105 202 3
174 239 3
140 276 3
51 260 3
191 276 3
211 277 3
33 309 3
48 152 3
129 319 3
108 285 3
81 278 3
85 156 3
37 176 3
18 50 3
120 140 3
27 74 3
18 313 3
58 86 3
13 94 3
108 284 3
208 304 3
82 240 3
233 280 3
208 328 3
139 160 3
23 85 3
107 160 3
160 197 3
97 203 3
242 246 3
236 240 3
137 268 3
21 257 3
194 270 3
285 301 3
161 222 3
192 223 3
59 320 3
124 195 3
54 182 3
77 274 3
102 186 3
13 103 3
218 225 3
110 131 3
13 135 3
70 290 3
134 149 3
10 11 3
72 215 3
213 230 3
9 295 3
103 203 3
67 146 3
121 317 3
179 328 3
117 181 3
219 280 3
165 194 3
112 223 3
166 215 3
173 235 3
52 155 3
165 306 3
297 313 3
211 300 3
177 182 3
139 200 3
52 206 3
13 289 3
246 260 3
30 135 3
29 82 3
168 222 3
166 199 3
112 300 3
32 266 3
140 187 3
34 237 3
218 271 3
238 250 3
16 95 3
8 154 3
59 294 3
226 279 3
15 192 3
69 74 3
102 221 3
70 309 3
235 243 3
175 274 3
203 207 3
207 262 3
112 313 3
215 251 3
133 249 3
77 184 3
84 147 3
28 257 3
62 204 3
173 329 3
246 315 3
65 204 3
15 135 3
180 257 3
37 274 3
159 198 3
148 325 3
9 48 3
104 143 3
272 299 3
275 295 3
9 43 3
46 299 3
36 107 3
90 209 3
73 103 3
88 122 3
57 196 3
222 295 3
178 313 3
99 236 3
5 304 3
91 265 3
19 114 3
75 237 3
270 305 3
15 199 3
244 278 3
233 234 3
243 271 3
110 293 3
151 315 3
48 98 3
127 269 3
28 60 3
35 215 3
126 291 3
136 186 3
125 223 3
217 249 3
29 221 3
154 228 3
100 155 3
55 59 3
1 329 3
30 297 3
199 290 3
100 257 3
227 296 3
194 275 3
148 254 3
78 299 3
106 263 3
102 328 3
18 307 3
4 212 3
158 286 3
151 232 3
209 305 3
206 225 3
83 254 3
21 209 3
7 93 3
120 167 3
35 88 3
112 267 3
40 54 3
155 295 3
269 287 3
87 92 3
169 192 3
10 40 3
12 320 3
194 219 3
12 236 3
77 284 3
14 80 3
17 20 3
172 184 3
60 207 3
191 246 3
165 238 3
120 206 3
80 239 3
57 251 3
166 168 3
87 125 3
178 327 3
56 316 3
188 211 3
59 327 3
8 287 3
138 224 3
279 310 3
104 185 3
172 261 3
17 45 3
49 256 3
25 124 3
174 210 3
180 192 3
2 37 3
174 310 3
272 281 3
188 266 3
63 259 3
65 193 3
60 286 3
280 294 3
76 132 3
69 245 3
40 293 3
84 324 3
85 317 3
97 293 3
214 264 3
26 133 3
191 325 3
299 306 3
153 258 3
29 39 3
217 314 3
2 261 3
82 312 3
78 246 3
37 48 3
207 291 3
111 120 3
43 332 3
207 227 3
214 260 3
252 324 3
145 252 3
97 290 3
238 297 3
55 101 3
72 219 3
67 198 3
74 199 3
71 299 3
14 113 3
27 239 3
147 305 3
17 267 3
144 146 3
161 279 3
80 323 3
162 191 3
145 148 3
109 178 3
233 306 3
130 192 3
304 327 3
179 297 3
114 145 3
146 287 3
78 314 3
52 302 3
48 320 3
193 237 3
51 65 3
41 60 3
65 250 3
202 209 3
48 317 3
237 290 3
34 200 3
70 171 3
248 281 3
56 314 3
262 312 3
127 309 3
163 178 3
210 279 3
165 183 3
136 323 3
50 167 3
176 231 3
298 299 3
27 283 3
184 265 3
132 241 3
217 310 3
85 222 3
145 197 3
44 66 3
127 192 3
20 289 3
289 298 3
42 87 3
68 77 3
177 235 3
20 126 3
53 92 3
80 237 3
42 169 3
202 263 3
67 220 3
99 110 3
72 163 3
137 306 3
20 206 3
226 249 3
205 229 3
111 315 3
179 246 3
59 90 3
1 184 3
30 53 3
195 266 3
132 156 3
23 314 3
26 242 3
44 301 3
19 40 3
207 245 3
80 176 3
12 184 3
80 225 3
217 256 3
50 62 3
22 40 3
22 60 3
89 143 3
5 74 3
126 274 3
81 296 3
27 106 3
126 327 3
69 144 3
275 286 3
50 308 3
160 275 3
61 167 3
197 239 3
10 221 3
31 167 3
180 226 3
304 323 3
46 234 3
95 327 3
75 91 3
37 59 3
100 184 3
89 284 3
237 247 3
31 143 3
286 305 3
267 302 3
60 128 3
69 131 3
268 297 3
20 116 3
110 323 3
11 106 3
20 288 3
106 298 3
15 84 3
3 34 3
187 206 3
101 122 3
110 153 3
243 316 3
45 132 3
24 250 3
180 300 3
13 115 3
32 265 3
42 230 3
255 274 3
230 305 3
78 275 3
115 289 3
37 161 3
15 322 3
112 242 3
35 272 3
184 198 3
148 255 3
92 249 3
92 96 3
59 104 3
211 243 3
28 55 3
285 328 3
177 283 3
145 225 3
254 260 3
2 101 3
10 296 3
206 268 3
41 222 3
65 224 3
87 319 3
256 292 3
51 78 3
19 56 3
154 229 3
128 299 3
171 257 3
43 127 3
15 188 3
19 268 3
35 39 3
189 330 3
48 124 3
89 123 3
187 265 3
232 272 3
93 191 3
90 195 3
213 241 3
146 314 3
30 112 3
29 206 3
72 202 3
216 332 3
259 270 3
71 293 3
259 308 3
23 210 3
1 302 3
111 234 3
107 263 3
173 200 3
35 121 3
282 289 3
102 168 3
117 183 3
133 212 3
2 322 3
129 137 3
178 207 3
9 73 3
133 218 3
22 95 3
126 218 3
245 256 3
16 56 3
96 112 3
303 320 3
45 138 3
10 148 3
62 254 3
163 279 3
64 229 3
71 200 3
168 277 3
285 327 3
127 240 3
2 170 3
149 308 3
47 324 3
22 220 3
251 259 3
118 229 3
82 238 3
247 286 3
127 149 3
95 309 3
289 292 3
279 323 3
79 187 3
21 139 3
120 309 3
188 275 3
204 241 3
91 99 3
25 263 3
261 300 3
166 254 3
49 207 3
1 198 3
2 229 3
210 212 3
108 123 3
106 157 3
190 309 3
116 179 3
12 73 3
73 215 3
171 233 3
163 225 3
153 195 3
36 50 3
19 238 3
158 243 3
136 164 3
15 306 3
81 293 3
117 137 3
114 187 3
227 285 3
25 149 3
160 170 3
17 242 3
249 294 3
106 332 3
114 332 3
49 178 3
83 150 3
67 312 3
161 202 3
63 134 3
23 217 3
21 135 3
60 321 3
54 286 3
202 273 3
30 310 3
281 326 3
191 242 3
190 242 3
15 241 3
40 290 3
195 276 3
271 275 3
1 146 3
30 76 3
24 210 3
3 302 3
24 118 3
288 310 3
145 265 3
7 94 3
178 197 3
3 7 3
270 306 3
168 197 3
45 49 3
156 163 3
105 133 3
15 101 3
82 290 3
230 304 3
16 292 3
59 325 3
99 252 3
152 196 3
36 75 3
10 203 3
38 264 3
126 232 3
82 201 3
63 69 3
87 215 3
122 230 3
107 123 3
5 187 3
67 94 3
8 20 3
233 264 3
67 332 3
138 183 3
115 219 3
212 317 3
143 148 3
193 274 3
23 295 3
25 61 3
12 276 3
31 53 3
93 138 3
175 199 3
62 269 3
1 265 3
166 196 3
184 262 3
35 85 3
68 199 3
173 199 3
104 240 3
45 262 3
20 224 3
80 320 3
248 251 3
198 275 3
287 303 3
145 255 3
154 236 3
1 86 3
197 236 3
88 171 3
46 255 3
42 113 3
122 134 3
145 232 3
161 293 3
189 312 3
52 96 3
219 311 3
14 254 3
84 316 3
208 259 3
49 281 3
49 162 3
35 66 3
165 205 3
73 211 3
34 48 3
89 243 3
142 167 3
47 233 3
89 302 3
21 26 3
4 105 3
118 239 3
177 243 3
102 305 3
70 169 3
250 253 3
38 207 3
203 235 3
307 332 3
1 47 3
8 243 3
55 94 3
287 305 3
140 274 3
85 295 3
67 215 3
9 41 3
203 206 3
39 77 3
250 275 3
209 232 3
44 111 3
43 102 3
6 22 3
9 265 3
63 185 3
27 157 3
86 269 3
18 232 3
152 171 3
99 218 3
193 322 3
63 283 3
195 280 3
22 57 3
197 230 3
160 289 3
260 310 3
123 265 3
131 252 3
104 198 3
114 144 3
260 302 3
229 277 3
201 319 3
7 17 3
85 209 3
288 328 3
111 191 3
132 155 3
87 271 3
29 295 3
98 209 3
193 220 3
112 141 3
258 271 3
52 215 3
69 142 3
21 218 3
6 142 3
22 124 3
68 209 3
63 150 3
9 84 3
93 238 3
140 180 3
89 96 3
142 193 3
2 297 3
25 81 3
113 271 3
247 283 3
19 322 3
56 262 3
156 314 3
280 323 3
58 255 3
76 325 3
41 159 3
1 53 3
60 316 3
79 232 3
68 294 3
191 284 3
191 215 3
248 309 3
129 179 3
38 162 3
117 138 3
273 300 3
39 210 3
220 293 3
188 295 3
228 285 3
41 205 3
24 280 3
100 185 3
22 252 3
61 132 3
100 323 3
110 119 3
192 198 3
157 314 3
44 249 3
254 287 3
141 173 3
28 167 3
103 120 3
143 255 3
123 244 3
16 86 3
27 222 3
202 268 3
59 159 3
