188 274 4
46 327 4
242 266 4
195 198 4
272 311 4
4 116 4
62 83 4
69 360 4
246 287 4
31 32 4
83 252 4
175 317 4
18 159 4
95 135 4
88 259 4
168 232 4
193 333 4
213 233 4
102 127 4
90 120 4
47 123 4
130 263 4
241 257 4
122 255 4
235 286 4
121 153 4
3 105 4
161 352 4
121 179 4
73 312 4
179 266 4
290 297 4
63 144 4
157 246 4
245 276 4
28 348 4
91 290 4
169 331 4
59 181 4
107 144 4
297 344 4
38 284 4
93 271 4
256 271 4
83 202 4
35 40 4
72 331 4
192 329 4
166 178 4
102 129 4
88 156 4
85 235 4
80 253 4
201 317 4
3 36 4
38 58 4
34 332 4
59 76 4
304 331 4
21 22 4
113 224 4
61 353 4
81 136 4
236 301 4
258 364 4
38 346 4
155 179 4
234 272 4
66 164 4
69 243 4
200 357 4
106 166 4
25 238 4
282 328 4
260 360 4
41 176 4
101 164 4
163 299 4
33 181 4
131 292 4
21 88 4
168 242 4
74 199 4
168 264 4
45 238 4
24 72 4
36 187 4
118 294 4
116 267 4
11 80 4
177 318 4
117 243 4
97 277 4
107 150 4
90 186 4
273 280 4
82 110 4
150 308 4
212 317 4
84 264 4
53 287 4
145 212 4
165 198 4
262 281 4
34 156 4
109 348 4
210 282 4
179 282 4
13 80 4
20 198 4
170 356 4
105 279 4
129 311 4
222 340 4
120 262 4
6 116 4
19 98 4
151 320 4
104 216 4
64 292 4
137 331 4
229 347 4
145 247 4
217 259 4
236 281 4
85 91 4
226 252 4
56 354 4
198 277 4
20 151 4
88 135 4
157 242 4
154 307 4
61 196 4
102 179 4
181 239 4
44 144 4
25 277 4
128 188 4
161 283 4
65 363 4
245 280 4
9 300 4
206 325 4
268 344 4
47 356 4
114 204 4
289 324 4
176 202 4
76 304 4
47 257 4
177 190 4
88 357 4
215 237 4
189 272 4
32 326 4
276 311 4
240 319 4
199 268 4
159 170 4
177 206 4
217 347 4
45 197 4
246 362 4
64 130 4
110 184 4
52 78 4
69 300 4
196 206 4
102 305 4
86 336 4
31 62 4
247 358 4
206 349 4
191 199 4
10 60 4
97 283 4
98 141 4
152 171 4
78 235 4
281 319 4
36 358 4
5 27 4
61 201 4
1 289 4
10 359 4
28 113 4
40 274 4
81 105 4
114 353 4
181 336 4
67 104 4
155 258 4
264 326 4
34 44 4
16 252 4
344 352 4
8 48 4
6 126 4
294 305 4
183 299 4
210 360 4
35 46 4
176 207 4
172 346 4
142 194 4
161 354 4
266 316 4
164 247 4
290 333 4
197 219 4
240 306 4
5 197 4
259 288 4
130 227 4
4 245 4
217 239 4
214 262 4
24 330 4
104 136 4
61 354 4
279 335 4
235 343 4
224 229 4
90 253 4
205 344 4
145 163 4
51 218 4
197 207 4
310 336 4
59 189 4
32 275 4
119 245 4
84 229 4
24 325 4
20 276 4
12 245 4
46 298 4
171 218 4
261 269 4
162 166 4
239 324 4
148 310 4
10 151 4
319 345 4
38 179 4
199 267 4
4 9 4
146 232 4
92 162 4
60 255 4
238 324 4
228 304 4
4 110 4
80 330 4
5 299 4
130 300 4
131 257 4
82 266 4
61 339 4
209 276 4
155 166 4
110 159 4
175 312 4
82 323 4
29 108 4
17 345 4
13 352 4
47 207 4
179 344 4
68 240 4
254 334 4
174 225 4
20 255 4
50 183 4
8 150 4
162 258 4
8 59 4
12 182 4
5 94 4
169 196 4
179 270 4
205 222 4
47 339 4
152 268 4
28 82 4
26 50 4
199 281 4
331 357 4
145 148 4
98 209 4
6 362 4
74 105 4
166 235 4
122 224 4
37 334 4
26 174 4
218 277 4
150 358 4
232 245 4
99 217 4
65 121 4
266 267 4
326 363 4
110 315 4
45 115 4
149 311 4
237 246 4
104 315 4
340 358 4
76 141 4
33 148 4
59 74 4
281 307 4
108 243 4
147 263 4
95 269 4
19 360 4
170 344 4
279 357 4
36 350 4
86 295 4
242 331 4
191 223 4
126 215 4
165 266 4
5 290 4
56 356 4
120 354 4
28 285 4
231 232 4
182 326 4
134 257 4
12 360 4
60 292 4
276 331 4
51 96 4
29 262 4
73 119 4
255 276 4
26 132 4
156 315 4
136 203 4
62 313 4
146 191 4
114 232 4
12 105 4
74 202 4
142 362 4
197 288 4
162 202 4
256 354 4
152 269 4
17 33 4
271 292 4
287 296 4
115 134 4
251 302 4
28 56 4
198 276 4
121 201 4
24 269 4
155 225 4
106 278 4
296 359 4
189 201 4
148 212 4
115 177 4
250 299 4
204 261 4
182 233 4
248 348 4
8 242 4
35 290 4
122 354 4
189 310 4
26 242 4
150 158 4
180 255 4
71 110 4
305 328 4
151 299 4
110 167 4
100 322 4
52 160 4
341 361 4
33 300 4
40 323 4
176 247 4
132 164 4
60 133 4
45 358 4
158 194 4
151 337 4
140 221 4
79 139 4
129 240 4
286 349 4
242 352 4
83 95 4
93 135 4
71 125 4
70 85 4
222 302 4
332 353 4
83 101 4
120 202 4
76 335 4
87 283 4
226 363 4
193 195 4
69 361 4
281 321 4
52 365 4
157 191 4
94 306 4
221 326 4
65 87 4
306 343 4
23 329 4
123 330 4
46 142 4
16 178 4
102 111 4
152 165 4
19 346 4
14 358 4
5 106 4
214 351 4
4 142 4
40 155 4
57 139 4
10 204 4
7 143 4
165 181 4
203 335 4
73 345 4
36 360 4
203 307 4
94 154 4
2 172 4
131 359 4
186 237 4
56 171 4
59 142 4
5 181 4
143 270 4
237 280 4
38 71 4
276 286 4
236 313 4
170 215 4
77 205 4
75 266 4
42 54 4
43 225 4
283 356 4
94 103 4
149 284 4
60 330 4
26 264 4
169 298 4
83 320 4
60 297 4
167 287 4
64 91 4
73 197 4
30 295 4
272 336 4
84 131 4
1 71 4
164 178 4
153 160 4
4 181 4
267 270 4
259 264 4
70 181 4
119 209 4
50 135 4
57 326 4
24 273 4
37 204 4
134 221 4
67 184 4
161 207 4
6 288 4
184 207 4
58 143 4
28 146 4
295 297 4
48 193 4
117 190 4
1 8 4
18 200 4
50 343 4
15 313 4
58 151 4
108 335 4
174 341 4
153 194 4
15 159 4
116 278 4
34 259 4
61 335 4
39 265 4
143 358 4
149 239 4
214 317 4
239 334 4
48 346 4
52 311 4
52 60 4
159 259 4
30 235 4
182 333 4
120 347 4
32 292 4
65 317 4
185 286 4
126 281 4
175 242 4
26 115 4
48 66 4
239 344 4
34 343 4
36 324 4
10 86 4
96 344 4
125 168 4
192 270 4
24 363 4
30 231 4
182 316 4
151 192 4
159 276 4
36 164 4
85 279 4
118 190 4
48 344 4
70 168 4
82 183 4
162 167 4
249 314 4
108 145 4
107 130 4
128 300 4
165 187 4
137 214 4
38 364 4
21 196 4
184 332 4
51 288 4
40 154 4
133 297 4
144 156 4
225 259 4
55 338 4
26 221 4
4 228 4
133 329 4
263 334 4
155 317 4
119 222 4
213 349 4
61 221 4
43 187 4
23 244 4
33 294 4
62 283 4
206 222 4
73 115 4
46 122 4
148 226 4
229 323 4
67 286 4
35 54 4
62 240 4
50 246 4
284 286 4
196 262 4
346 362 4
74 282 4
2 19 4
80 314 4
227 341 4
49 342 4
33 156 4
151 258 4
108 360 4
61 122 4
29 232 4
152 325 4
32 293 4
10 211 4
271 318 4
98 298 4
171 267 4
214 285 4
173 219 4
57 205 4
90 137 4
169 253 4
95 245 4
62 239 4
203 240 4
288 356 4
106 142 4
90 304 4
174 313 4
183 358 4
90 219 4
172 177 4
21 261 4
125 154 4
210 296 4
68 329 4
274 356 4
236 293 4
3 354 4
223 262 4
214 228 4
25 241 4
180 355 4
115 220 4
164 184 4
253 266 4
148 271 4
116 343 4
273 329 4
293 325 4
7 32 4
258 325 4
299 317 4
214 313 4
233 271 4
62 146 4
108 257 4
17 63 4
258 328 4
113 226 4
114 351 4
13 313 4
318 355 4
63 282 4
79 320 4
266 351 4
86 215 4
2 76 4
166 315 4
71 289 4
42 239 4
130 274 4
150 347 4
169 250 4
110 239 4
281 282 4
280 351 4
229 290 4
292 340 4
206 351 4
5 163 4
29 147 4
12 30 4
234 280 4
36 260 4
274 305 4
270 302 4
86 96 4
308 345 4
182 311 4
146 226 4
98 118 4
211 326 4
42 243 4
304 309 4
6 228 4
101 256 4
169 209 4
123 343 4
13 37 4
18 33 4
319 344 4
74 302 4
96 245 4
41 110 4
118 255 4
215 323 4
7 226 4
48 232 4
160 233 4
22 351 4
143 238 4
81 335 4
4 311 4
40 261 4
16 278 4
72 359 4
9 288 4
75 124 4
233 310 4
62 172 4
180 186 4
186 333 4
46 256 4
262 291 4
123 333 4
341 360 4
168 310 4
113 133 4
5 28 4
20 209 4
281 362 4
71 341 4
194 289 4
107 290 4
62 278 4
241 351 4
98 318 4
118 201 4
100 208 4
23 97 4
68 72 4
74 292 4
73 206 4
77 96 4
290 305 4
154 343 4
220 224 4
10 143 4
109 116 4
124 227 4
85 109 4
159 183 4
118 277 4
17 75 4
11 228 4
39 135 4
113 357 4
118 121 4
10 214 4
255 357 4
100 153 4
7 26 4
36 323 4
123 206 4
208 329 4
293 350 4
72 143 4
167 246 4
111 241 4
179 262 4
160 301 4
5 151 4
105 123 4
114 329 4
218 336 4
123 162 4
188 317 4
186 331 4
26 280 4
122 145 4
46 129 4
106 174 4
272 329 4
54 74 4
204 315 4
252 364 4
257 307 4
103 206 4
71 169 4
41 274 4
70 78 4
86 220 4
40 314 4
51 228 4
122 196 4
42 167 4
16 147 4
340 344 4
85 111 4
110 314 4
53 91 4
33 312 4
1 153 4
71 135 4
13 43 4
91 111 4
22 170 4
118 176 4
61 284 4
38 239 4
136 171 4
40 186 4
71 339 4
84 222 4
155 331 4
33 246 4
18 344 4
19 335 4
161 188 4
146 201 4
257 261 4
122 291 4
158 335 4
31 239 4
76 333 4
246 269 4
1 160 4
124 134 4
71 345 4
217 283 4
2 249 4
76 220 4
246 285 4
151 164 4
41 297 4
358 364 4
245 346 4
114 214 4
45 139 4
271 301 4
12 262 4
152 172 4
262 275 4
24 362 4
213 311 4
312 363 4
154 217 4
79 130 4
97 230 4
195 293 4
161 292 4
97 187 4
329 358 4
102 310 4
37 246 4
65 105 4
199 216 4
95 333 4
182 329 4
127 175 4
173 234 4
22 130 4
81 208 4
178 208 4
72 135 4
64 289 4
118 307 4
20 82 4
22 299 4
27 240 4
267 304 4
100 132 4
154 156 4
27 251 4
60 120 4
210 353 4
289 339 4
5 66 4
239 273 4
2 239 4
42 302 4
217 291 4
2 300 4
291 298 4
23 172 4
317 346 4
140 168 4
13 137 4
79 296 4
40 50 4
196 249 4
94 119 4
159 280 4
153 180 4
53 123 4
211 221 4
46 193 4
72 346 4
4 195 4
274 328 4
233 336 4
35 255 4
83 111 4
47 98 4
143 162 4
204 357 4
27 297 4
167 363 4
147 347 4
207 269 4
52 91 4
181 194 4
245 253 4
131 231 4
193 256 4
96 180 4
163 350 4
214 273 4
125 318 4
5 343 4
95 208 4
26 178 4
192 196 4
34 175 4
16 230 4
13 302 4
125 175 4
61 206 4
62 71 4
9 191 4
263 286 4
60 189 4
94 328 4
25 144 4
46 86 4
121 198 4
146 351 4
10 181 4
29 242 4
215 259 4
208 257 4
73 328 4
17 168 4
133 135 4
15 238 4
135 144 4
24 301 4
251 320 4
117 275 4
98 220 4
53 218 4
38 52 4
55 118 4
83 275 4
181 359 4
33 308 4
81 360 4
72 154 4
162 205 4
34 289 4
124 219 4
211 225 4
111 147 4
165 320 4
77 319 4
174 186 4
228 282 4
280 282 4
92 190 4
57 142 4
62 89 4
84 199 4
141 213 4
302 353 4
52 333 4
28 327 4
91 309 4
173 294 4
29 111 4
245 248 4
40 114 4
65 267 4
30 345 4
121 241 4
226 297 4
263 287 4
38 77 4
178 217 4
165 250 4
154 358 4
189 238 4
320 336 4
181 184 4
264 292 4
203 212 4
171 308 4
292 316 4
38 210 4
142 271 4
131 158 4
73 112 4
110 149 4
207 287 4
58 91 4
143 268 4
23 141 4
95 140 4
12 358 4
313 335 4
181 303 4
165 207 4
158 181 4
25 92 4
54 195 4
44 166 4
242 295 4
43 213 4
54 135 4
163 201 4
94 341 4
242 290 4
70 234 4
39 302 4
238 296 4
79 277 4
96 149 4
244 293 4
173 179 4
30 297 4
173 223 4
16 70 4
150 215 4
123 235 4
34 323 4
89 127 4
330 356 4
52 117 4
45 255 4
184 213 4
181 340 4
127 320 4
247 329 4
62 193 4
61 359 4
223 294 4
44 130 4
135 223 4
56 168 4
202 237 4
227 295 4
38 223 4
139 248 4
113 353 4
63 307 4
26 297 4
246 358 4
218 306 4
43 131 4
266 337 4
15 59 4
87 193 4
199 294 4
53 222 4
39 92 4
84 315 4
76 119 4
119 214 4
58 163 4
18 120 4
162 314 4
42 145 4
54 307 4
39 41 4
10 184 4
299 363 4
81 84 4
66 183 4
235 340 4
66 287 4
62 273 4
15 40 4
190 237 4
294 310 4
45 328 4
48 206 4
249 333 4
34 302 4
7 177 4
4 100 4
110 237 4
145 350 4
119 302 4
219 280 4
127 241 4
34 313 4
223 270 4
137 168 4
238 256 4
187 360 4
135 154 4
73 301 4
177 294 4
163 183 4
106 262 4
243 272 4
22 133 4
126 256 4
110 197 4
73 98 4
131 293 4
20 150 4
92 213 4
9 347 4
143 195 4
34 277 4
41 334 4
217 350 4
204 262 4
2 91 4
25 101 4
290 331 4
47 221 4
108 300 4
205 330 4
64 314 4
83 335 4
61 156 4
164 353 4
100 130 4
133 359 4
34 41 4
82 101 4
89 286 4
78 113 4
2 216 4
109 298 4
268 339 4
58 354 4
33 92 4
191 279 4
219 272 4
15 259 4
172 362 4
33 303 4
10 225 4
26 337 4
87 138 4
49 145 4
39 354 4
196 311 4
315 358 4
101 317 4
89 289 4
15 67 4
178 345 4
31 262 4
251 276 4
247 290 4
14 139 4
241 363 4
23 323 4
27 166 4
95 132 4
140 310 4
170 255 4
27 162 4
128 205 4
171 185 4
216 237 4
29 256 4
152 216 4
116 158 4
40 119 4
96 257 4
28 110 4
189 311 4
29 350 4
136 354 4
161 356 4
330 333 4
245 359 4
141 184 4
121 354 4
17 29 4
272 282 4
114 189 4
115 229 4
233 346 4
133 326 4
160 184 4
201 259 4
212 304 4
7 336 4
294 303 4
29 231 4
212 297 4
52 63 4
80 257 4
80 173 4
250 351 4
53 101 4
33 114 4
25 74 4
222 263 4
73 200 4
138 150 4
273 349 4
89 243 4
48 74 4
133 181 4
169 304 4
36 59 4
277 292 4
49 138 4
156 180 4
208 298 4
46 337 4
54 297 4
119 153 4
316 319 4
88 225 4
103 189 4
128 248 4
66 232 4
303 322 4
56 317 4
91 106 4
10 75 4
74 204 4
123 229 4
19 55 4
47 128 4
101 116 4
100 276 4
107 268 4
184 286 4
81 251 4
7 14 4
130 328 4
302 341 4
67 358 4
230 293 4
140 359 4
214 304 4
61 255 4
134 330 4
172 262 4
11 272 4
69 111 4
183 337 4
160 217 4
103 212 4
240 276 4
173 203 4
97 166 4
220 235 4
215 219 4
141 355 4
79 213 4
159 260 4
28 196 4
60 123 4
133 346 4
50 331 4
205 300 4
78 209 4
346 365 4
3 239 4
232 256 4
44 133 4
3 32 4
264 304 4
39 278 4
125 293 4
175 187 4
62 340 4
97 271 4
121 252 4
87 287 4
278 301 4
70 348 4
121 347 4
50 180 4
278 363 4
46 102 4
41 135 4
161 304 4
73 74 4
57 343 4
152 255 4
230 300 4
205 213 4
18 334 4
91 361 4
83 112 4
94 274 4
86 152 4
133 259 4
102 266 4
3 256 4
260 296 4
56 137 4
235 266 4
186 269 4
132 322 4
112 256 4
16 53 4
71 153 4
41 300 4
66 152 4
18 31 4
226 303 4
117 127 4
74 119 4
9 228 4
76 122 4
213 362 4
234 288 4
111 170 4
127 191 4
243 302 4
74 295 4
226 317 4
358 365 4
123 161 4
201 235 4
153 195 4
271 321 4
34 240 4
110 336 4
24 54 4
14 287 4
183 311 4
90 193 4
1 332 4
75 129 4
138 261 4
318 357 4
152 187 4
79 132 4
78 341 4
230 274 4
286 302 4
192 335 4
161 219 4
79 214 4
92 243 4
188 192 4
275 281 4
16 275 4
201 304 4
