66 180 5
21 186 5
29 370 5
74 230 5
75 399 5
13 83 5
68 168 5
31 222 5
198 245 5
8 86 5
230 306 5
169 191 5
303 334 5
55 257 5
266 318 5
3 361 5
169 219 5
97 197 5
170 187 5
98 261 5
167 180 5
273 335 5
320 376 5
117 228 5
219 308 5
48 202 5
42 212 5
218 311 5
17 167 5
272 282 5
156 304 5
324 357 5
52 121 5
192 380 5
289 295 5
133 312 5
140 257 5
58 66 5
231 366 5
122 247 5
47 272 5
156 242 5
151 162 5
178 373 5
316 390 5
131 144 5
86 218 5
11 139 5
138 330 5
31 62 5
46 217 5
28 163 5
159 204 5
4 339 5
283 398 5
51 238 5
37 285 5
8 61 5
61 122 5
191 323 5
212 266 5
76 349 5
85 222 5
5 357 5
188 294 5
1 23 5
322 375 5
79 397 5
6 177 5
155 174 5
278 288 5
83 324 5
161 216 5
3 221 5
325 338 5
83 275 5
31 209 5
102 350 5
188 354 5
48 57 5
57 247 5
143 240 5
30 211 5
280 391 5
144 216 5
103 125 5
21 207 5
98 181 5
22 101 5
31 74 5
97 229 5
305 378 5
253 259 5
79 119 5
135 206 5
124 166 5
192 381 5
294 363 5
190 352 5
4 172 5
167 296 5
179 187 5
175 350 5
40 196 5
122 186 5
218 226 5
86 202 5
17 268 5
53 346 5
135 331 5
79 373 5
53 343 5
87 352 5
213 236 5
6 110 5
216 277 5
67 302 5
75 135 5
15 247 5
136 343 5
104 240 5
25 190 5
40 292 5
165 206 5
236 340 5
95 315 5
220 384 5
6 329 5
163 307 5
15 218 5
32 242 5
142 364 5
185 289 5
16 303 5
120 320 5
214 345 5
309 326 5
113 235 5
89 143 5
124 256 5
106 129 5
56 148 5
53 111 5
219 401 5
59 140 5
31 103 5
202 273 5
233 273 5
288 386 5
207 378 5
6 92 5
314 321 5
16 227 5
98 177 5
294 369 5
96 105 5
71 252 5
152 254 5
42 304 5
115 253 5
173 284 5
117 217 5
157 161 5
214 349 5
48 227 5
126 190 5
182 318 5
112 333 5
81 209 5
48 181 5
175 285 5
217 245 5
135 368 5
98 110 5
81 350 5
225 253 5
113 305 5
60 369 5
274 389 5
347 394 5
208 214 5
118 130 5
62 229 5
134 142 5
37 314 5
211 262 5
77 271 5
4 54 5
116 224 5
114 196 5
173 338 5
76 120 5
87 122 5
209 395 5
147 227 5
360 387 5
33 104 5
161 167 5
332 367 5
40 308 5
169 353 5
222 323 5
49 245 5
225 361 5
10 272 5
116 228 5
19 348 5
141 192 5
72 106 5
134 253 5
193 371 5
75 284 5
44 296 5
242 299 5
82 148 5
33 339 5
260 389 5
233 327 5
224 381 5
252 265 5
91 233 5
252 367 5
110 230 5
216 392 5
197 374 5
67 343 5
350 389 5
90 356 5
65 331 5
220 254 5
150 191 5
138 325 5
122 251 5
175 370 5
73 306 5
25 378 5
63 396 5
105 228 5
291 366 5
338 393 5
58 160 5
147 353 5
41 79 5
102 217 5
43 355 5
35 192 5
217 359 5
10 329 5
281 370 5
184 353 5
274 281 5
2 269 5
302 344 5
45 381 5
36 192 5
317 351 5
166 341 5
169 244 5
95 132 5
239 296 5
184 287 5
197 214 5
149 267 5
122 183 5
128 174 5
2 175 5
17 396 5
75 112 5
339 397 5
220 385 5
361 385 5
129 398 5
49 301 5
70 104 5
38 217 5
102 343 5
211 294 5
159 388 5
242 359 5
131 354 5
355 370 5
36 305 5
43 380 5
111 221 5
39 390 5
94 350 5
96 163 5
68 77 5
219 285 5
100 171 5
185 329 5
222 274 5
333 395 5
52 353 5
77 174 5
82 215 5
30 59 5
145 323 5
110 215 5
98 255 5
21 327 5
46 94 5
183 195 5
66 161 5
3 86 5
13 165 5
110 261 5
254 307 5
31 42 5
205 288 5
107 360 5
174 210 5
17 95 5
199 354 5
208 310 5
296 308 5
228 342 5
82 401 5
208 233 5
148 293 5
308 385 5
167 379 5
94 284 5
20 135 5
297 314 5
93 94 5
267 328 5
16 302 5
254 361 5
214 342 5
109 133 5
321 360 5
122 320 5
114 329 5
151 261 5
58 294 5
271 317 5
9 224 5
153 316 5
139 216 5
212 382 5
138 231 5
204 247 5
154 280 5
39 56 5
262 293 5
147 213 5
268 293 5
5 131 5
269 282 5
161 338 5
11 254 5
30 234 5
255 335 5
222 223 5
32 393 5
203 295 5
49 242 5
67 97 5
226 328 5
106 219 5
86 325 5
30 378 5
234 265 5
132 383 5
187 319 5
197 292 5
244 394 5
102 178 5
247 323 5
312 400 5
26 274 5
205 268 5
302 322 5
6 321 5
184 199 5
212 284 5
108 314 5
333 372 5
146 387 5
4 175 5
138 305 5
200 220 5
130 375 5
48 397 5
67 369 5
359 395 5
163 341 5
136 339 5
6 327 5
137 195 5
289 302 5
122 293 5
341 345 5
191 279 5
255 344 5
216 328 5
73 129 5
69 189 5
156 176 5
134 208 5
149 220 5
154 369 5
153 176 5
78 165 5
181 359 5
141 287 5
7 332 5
32 348 5
310 347 5
137 290 5
63 236 5
104 309 5
264 365 5
38 49 5
119 256 5
244 341 5
166 300 5
58 330 5
49 238 5
287 335 5
50 290 5
13 82 5
236 360 5
63 372 5
299 321 5
96 106 5
206 369 5
132 327 5
79 323 5
181 322 5
262 328 5
27 205 5
299 335 5
28 347 5
245 315 5
280 294 5
276 293 5
111 375 5
37 324 5
154 316 5
7 260 5
10 285 5
214 300 5
210 378 5
135 390 5
372 397 5
248 390 5
95 287 5
122 181 5
24 233 5
108 184 5
318 384 5
148 364 5
143 166 5
72 319 5
57 78 5
139 250 5
149 362 5
170 352 5
86 198 5
168 232 5
154 293 5
87 321 5
178 268 5
41 82 5
222 364 5
266 353 5
85 277 5
114 389 5
59 228 5
31 284 5
210 281 5
22 243 5
45 101 5
85 298 5
130 316 5
138 283 5
224 280 5
56 202 5
163 316 5
126 138 5
75 209 5
150 157 5
137 159 5
270 386 5
269 373 5
77 342 5
252 363 5
24 319 5
2 6 5
209 322 5
58 390 5
163 268 5
37 354 5
116 397 5
24 206 5
232 241 5
62 353 5
60 110 5
199 329 5
66 168 5
108 300 5
142 224 5
132 142 5
220 247 5
207 240 5
27 268 5
263 370 5
135 323 5
203 299 5
37 322 5
7 350 5
31 225 5
10 284 5
140 281 5
284 380 5
255 346 5
86 159 5
77 300 5
364 397 5
119 169 5
218 308 5
35 277 5
79 242 5
271 377 5
116 380 5
195 370 5
193 328 5
9 225 5
75 365 5
30 290 5
15 307 5
101 285 5
33 138 5
72 100 5
28 190 5
336 341 5
7 375 5
85 284 5
153 289 5
3 134 5
102 131 5
130 198 5
21 295 5
41 211 5
57 99 5
71 145 5
27 78 5
215 245 5
59 316 5
87 387 5
178 326 5
94 257 5
49 299 5
13 259 5
146 201 5
3 335 5
131 321 5
205 287 5
14 224 5
327 354 5
69 186 5
97 263 5
13 95 5
149 154 5
134 401 5
250 313 5
58 78 5
28 105 5
118 126 5
287 399 5
220 336 5
73 255 5
22 277 5
140 318 5
139 290 5
74 343 5
111 280 5
8 375 5
196 229 5
196 200 5
184 362 5
44 91 5
222 261 5
58 119 5
77 339 5
55 273 5
200 369 5
62 200 5
75 339 5
36 379 5
149 394 5
28 183 5
103 190 5
74 299 5
18 346 5
51 166 5
128 282 5
60 142 5
102 260 5
39 117 5
244 336 5
376 385 5
115 183 5
36 189 5
13 193 5
224 342 5
5 78 5
41 254 5
187 268 5
151 358 5
131 389 5
7 258 5
221 269 5
371 390 5
79 178 5
81 86 5
20 137 5
60 134 5
168 319 5
184 395 5
181 290 5
197 331 5
237 368 5
183 234 5
5 22 5
190 225 5
269 393 5
154 334 5
89 142 5
240 376 5
128 319 5
10 399 5
130 265 5
216 255 5
209 298 5
37 150 5
97 233 5
63 79 5
141 262 5
235 369 5
230 339 5
58 331 5
171 284 5
259 336 5
24 310 5
14 170 5
36 167 5
23 300 5
238 297 5
227 266 5
118 263 5
14 288 5
92 168 5
22 381 5
25 391 5
288 364 5
17 219 5
366 389 5
300 301 5
319 324 5
88 281 5
316 338 5
32 327 5
288 295 5
113 270 5
59 159 5
47 172 5
214 346 5
337 368 5
33 267 5
153 357 5
68 247 5
105 169 5
68 308 5
3 298 5
64 356 5
57 73 5
271 384 5
104 230 5
45 350 5
14 108 5
60 104 5
48 352 5
347 360 5
87 212 5
65 115 5
132 364 5
204 362 5
237 341 5
272 312 5
310 335 5
267 367 5
6 209 5
21 182 5
37 370 5
50 227 5
149 330 5
173 182 5
49 127 5
131 136 5
195 338 5
250 373 5
283 400 5
176 235 5
119 295 5
204 218 5
83 125 5
169 203 5
262 364 5
72 384 5
209 230 5
51 194 5
210 376 5
223 259 5
25 101 5
66 111 5
293 388 5
155 291 5
270 330 5
197 236 5
13 120 5
38 244 5
169 279 5
45 204 5
28 139 5
41 276 5
68 309 5
91 118 5
115 313 5
48 289 5
9 113 5
301 399 5
99 225 5
40 190 5
227 386 5
276 346 5
71 386 5
189 312 5
233 337 5
114 147 5
333 389 5
241 260 5
129 350 5
30 243 5
77 334 5
203 343 5
262 273 5
97 104 5
88 92 5
231 340 5
76 127 5
84 141 5
32 328 5
36 231 5
89 388 5
115 349 5
111 378 5
30 116 5
126 232 5
57 59 5
104 372 5
91 273 5
74 235 5
194 234 5
205 399 5
137 146 5
277 332 5
35 230 5
132 276 5
70 263 5
18 293 5
2 377 5
67 78 5
118 193 5
247 383 5
158 251 5
13 290 5
29 363 5
295 320 5
269 317 5
4 98 5
62 101 5
353 364 5
135 228 5
94 278 5
89 386 5
137 295 5
33 60 5
250 288 5
225 269 5
148 168 5
25 57 5
126 233 5
91 152 5
92 359 5
140 262 5
201 362 5
363 387 5
169 236 5
213 329 5
45 301 5
11 387 5
109 118 5
117 396 5
341 367 5
206 263 5
160 360 5
262 393 5
25 157 5
216 248 5
355 383 5
16 182 5
143 228 5
1 62 5
286 384 5
63 101 5
48 258 5
184 366 5
165 300 5
33 203 5
240 295 5
71 80 5
14 327 5
62 155 5
38 350 5
2 19 5
183 304 5
107 203 5
180 398 5
337 380 5
137 399 5
79 394 5
31 355 5
63 161 5
72 156 5
29 309 5
216 355 5
322 350 5
109 359 5
183 299 5
49 274 5
37 156 5
75 106 5
7 10 5
84 144 5
81 236 5
136 198 5
170 239 5
2 152 5
301 380 5
147 330 5
287 362 5
207 356 5
136 310 5
164 280 5
213 318 5
26 152 5
40 299 5
119 131 5
288 382 5
61 262 5
70 195 5
36 331 5
81 308 5
37 208 5
60 256 5
18 209 5
163 216 5
198 225 5
60 299 5
76 288 5
301 345 5
56 387 5
189 198 5
175 251 5
35 75 5
311 342 5
177 241 5
84 377 5
86 394 5
125 364 5
171 341 5
143 229 5
5 39 5
25 303 5
171 173 5
115 263 5
72 248 5
170 343 5
16 108 5
192 256 5
124 175 5
196 300 5
87 245 5
79 383 5
17 330 5
204 342 5
18 187 5
169 192 5
56 266 5
166 226 5
38 100 5
12 182 5
19 255 5
123 127 5
270 388 5
65 382 5
161 176 5
247 365 5
18 92 5
20 398 5
35 200 5
34 294 5
202 290 5
157 345 5
67 323 5
177 243 5
40 358 5
153 253 5
122 239 5
139 219 5
259 299 5
66 222 5
158 217 5
213 313 5
250 347 5
85 283 5
312 374 5
68 157 5
296 391 5
62 305 5
71 155 5
100 230 5
82 267 5
104 252 5
276 390 5
206 322 5
360 388 5
27 248 5
217 339 5
65 133 5
217 357 5
267 348 5
176 262 5
6 251 5
67 70 5
154 213 5
56 222 5
160 312 5
210 236 5
157 264 5
257 297 5
329 362 5
60 316 5
131 175 5
70 307 5
25 196 5
195 215 5
56 365 5
370 390 5
131 306 5
109 132 5
2 343 5
260 326 5
141 161 5
96 160 5
56 370 5
2 353 5
267 384 5
62 157 5
131 398 5
136 265 5
229 330 5
78 192 5
139 385 5
233 363 5
341 342 5
93 283 5
24 342 5
175 207 5
164 367 5
132 270 5
21 221 5
76 133 5
160 267 5
229 305 5
39 398 5
92 225 5
242 369 5
24 88 5
52 393 5
386 393 5
77 333 5
274 346 5
100 152 5
192 336 5
61 190 5
66 283 5
272 354 5
112 358 5
137 262 5
12 133 5
103 300 5
29 340 5
16 189 5
36 67 5
20 181 5
131 185 5
76 170 5
202 342 5
228 394 5
16 277 5
53 342 5
78 299 5
285 328 5
21 263 5
188 274 5
160 226 5
49 255 5
64 171 5
115 206 5
204 368 5
226 334 5
67 151 5
82 353 5
7 309 5
283 345 5
69 397 5
297 367 5
146 180 5
7 294 5
153 200 5
98 354 5
1 385 5
24 228 5
137 138 5
12 105 5
2 105 5
328 346 5
68 99 5
75 279 5
6 222 5
74 357 5
325 363 5
40 108 5
5 177 5
187 376 5
139 230 5
72 287 5
95 212 5
113 349 5
217 306 5
9 360 5
219 377 5
286 336 5
74 287 5
32 152 5
61 180 5
142 226 5
338 385 5
160 322 5
14 180 5
208 243 5
352 392 5
128 202 5
119 313 5
23 222 5
202 254 5
19 104 5
111 229 5
376 377 5
8 69 5
199 249 5
23 141 5
62 124 5
32 383 5
45 357 5
161 163 5
151 361 5
160 186 5
25 304 5
72 246 5
273 399 5
98 174 5
364 400 5
11 285 5
25 46 5
18 244 5
231 273 5
334 340 5
355 371 5
383 388 5
88 221 5
47 217 5
1 43 5
140 206 5
350 378 5
375 386 5
155 294 5
148 329 5
104 153 5
271 340 5
29 201 5
73 114 5
52 260 5
78 286 5
21 138 5
181 267 5
30 82 5
145 227 5
82 105 5
131 285 5
126 342 5
19 105 5
95 325 5
321 347 5
100 358 5
190 300 5
303 387 5
44 318 5
26 195 5
120 202 5
67 332 5
33 300 5
126 221 5
177 302 5
60 303 5
27 32 5
73 209 5
45 168 5
64 205 5
160 377 5
21 93 5
78 275 5
392 397 5
21 67 5
185 268 5
140 188 5
6 39 5
220 226 5
68 237 5
138 200 5
201 304 5
164 273 5
184 282 5
112 388 5
17 344 5
109 363 5
309 365 5
32 260 5
326 372 5
52 155 5
265 266 5
14 271 5
303 306 5
138 169 5
46 368 5
246 348 5
110 343 5
125 190 5
63 375 5
79 184 5
218 317 5
188 353 5
46 198 5
169 384 5
108 371 5
308 396 5
82 372 5
178 273 5
346 387 5
82 104 5
101 385 5
349 399 5
210 211 5
195 273 5
184 378 5
23 172 5
210 267 5
63 124 5
179 328 5
304 371 5
286 372 5
256 277 5
52 53 5
110 200 5
70 354 5
126 214 5
53 234 5
123 336 5
43 390 5
207 226 5
229 366 5
70 304 5
111 193 5
37 39 5
342 371 5
6 256 5
283 385 5
35 183 5
7 383 5
145 150 5
7 30 5
60 275 5
379 395 5
58 273 5
96 276 5
173 345 5
71 283 5
109 209 5
179 393 5
123 398 5
352 361 5
141 359 5
14 358 5
21 107 5
53 59 5
80 394 5
146 195 5
326 371 5
17 319 5
93 262 5
163 262 5
70 217 5
208 345 5
66 321 5
98 277 5
171 228 5
57 384 5
71 258 5
12 36 5
91 143 5
161 243 5
136 356 5
178 388 5
76 353 5
44 95 5
337 357 5
206 225 5
98 149 5
17 31 5
287 381 5
114 130 5
243 280 5
112 136 5
197 313 5
75 171 5
331 339 5
146 317 5
358 376 5
309 324 5
17 50 5
59 352 5
45 230 5
142 283 5
50 387 5
231 337 5
16 38 5
138 317 5
249 259 5
51 170 5
117 294 5
128 245 5
160 296 5
253 273 5
195 208 5
233 257 5
212 257 5
256 388 5
85 343 5
70 207 5
300 328 5
215 365 5
316 352 5
246 280 5
2 273 5
14 389 5
295 331 5
115 262 5
163 388 5
113 370 5
18 254 5
64 225 5
274 285 5
30 393 5
134 226 5
225 236 5
50 105 5
92 261 5
73 139 5
337 345 5
213 351 5
5 179 5
119 353 5
39 114 5
178 225 5
31 155 5
52 242 5
167 187 5
158 336 5
160 216 5
50 364 5
68 384 5
172 243 5
159 245 5
53 95 5
261 338 5
117 265 5
68 115 5
56 226 5
233 255 5
8 49 5
336 363 5
59 102 5
148 394 5
35 332 5
225 295 5
158 280 5
119 121 5
245 246 5
178 286 5
1 182 5
41 369 5
142 169 5
194 396 5
1 315 5
8 75 5
134 350 5
109 169 5
40 199 5
96 204 5
6 361 5
367 375 5
168 361 5
157 278 5
42 85 5
54 340 5
42 167 5
256 307 5
172 336 5
8 250 5
15 107 5
130 197 5
275 401 5
150 309 5
95 314 5
109 142 5
142 352 5
107 382 5
18 65 5
144 221 5
3 336 5
310 383 5
190 390 5
39 80 5
238 397 5
35 84 5
237 344 5
280 291 5
260 309 5
39 76 5
148 172 5
122 217 5
197 362 5
51 301 5
121 334 5
194 337 5
55 175 5
244 318 5
69 164 5
232 355 5
61 307 5
322 388 5
297 339 5
205 211 5
197 323 5
280 368 5
142 168 5
102 161 5
36 61 5
152 369 5
17 181 5
304 308 5
220 264 5
99 150 5
177 362 5
267 331 5
237 317 5
206 260 5
143 328 5
9 123 5
64 361 5
163 205 5
200 323 5
235 379 5
202 383 5
235 275 5
218 251 5
80 141 5
102 179 5
139 181 5
40 47 5
169 300 5
95 252 5
114 260 5
177 218 5
292 380 5
53 163 5
103 301 5
69 356 5
304 344 5
120 262 5
75 193 5
272 334 5
49 110 5
35 321 5
74 229 5
367 398 5
45 218 5
91 158 5
149 381 5
6 40 5
31 131 5
4 275 5
233 344 5
208 359 5
286 292 5
77 327 5
38 198 5
9 147 5
116 319 5
66 220 5
32 190 5
234 289 5
51 249 5
64 397 5
31 69 5
61 108 5
200 383 5
64 104 5
94 325 5
209 312 5
58 310 5
95 358 5
38 179 5
97 242 5
154 380 5
343 389 5
10 276 5
248 331 5
311 326 5
28 327 5
52 106 5
162 324 5
87 225 5
26 83 5
9 392 5
48 364 5
319 320 5
96 215 5
128 358 5
110 265 5
107 252 5
124 189 5
43 199 5
119 124 5
117 354 5
77 224 5
222 385 5
382 400 5
24 282 5
63 272 5
26 106 5
23 392 5
17 278 5
46 191 5
5 128 5
155 184 5
351 379 5
250 372 5
162 394 5
18 45 5
268 278 5
94 172 5
92 325 5
152 205 5
188 287 5
211 385 5
1 388 5
87 178 5
46 164 5
274 305 5
347 355 5
223 391 5
203 288 5
151 320 5
28 378 5
70 187 5
110 199 5
22 234 5
94 387 5
133 308 5
58 292 5
45 343 5
101 365 5
9 295 5
265 271 5
283 355 5
224 250 5
99 272 5
22 136 5
90 186 5
122 276 5
255 320 5
57 161 5
115 341 5
320 327 5
247 384 5
210 261 5
100 246 5
34 394 5
255 371 5
263 281 5
159 252 5
129 196 5
330 338 5
18 217 5
10 122 5
48 367 5
1 95 5
281 341 5
206 210 5
128 332 5
189 214 5
361 389 5
58 94 5
312 354 5
63 288 5
265 314 5
118 393 5
46 181 5
69 329 5
122 137 5
78 102 5
78 170 5
49 269 5
77 90 5
21 255 5
115 205 5
147 291 5
172 358 5
92 275 5
59 138 5
77 249 5
202 258 5
203 368 5
103 326 5
3 324 5
165 277 5
80 144 5
170 214 5
140 294 5
170 263 5
95 327 5
33 72 5
57 62 5
244 331 5
226 375 5
140 302 5
295 342 5
158 261 5
83 143 5
138 363 5
158 311 5
237 303 5
54 188 5
78 347 5
12 327 5
115 325 5
106 220 5
68 236 5
354 384 5
178 238 5
29 378 5
151 324 5
309 391 5
132 183 5
63 218 5
220 269 5
127 170 5
128 180 5
29 206 5
198 355 5
217 385 5
351 396 5
91 276 5
228 303 5
77 102 5
115 228 5
208 279 5
270 308 5
95 249 5
88 295 5
90 288 5
73 119 5
92 344 5
