82 141 1
70 95 1
82 110 1
77 133 1
16 95 1
22 77 1
95 244 1
82 188 1
77 239 1
35 95 1
35 115 1
95 255 1
127 133 1
67 77 1
16 184 1
95 243 1
42 95 1
70 164 1
31 77 1
68 70 1
15 42 1
40 42 1
22 230 1
42 264 1
77 173 1
243 252 1
55 70 1
54 77 1
95 187 1
40 104 1
95 190 1
77 125 1
63 95 1
95 226 1
95 121 1
95 189 1
77 175 1
4 42 1
69 77 1
101 190 1
141 233 1
22 267 1
95 186 1
119 141 1
25 95 1
70 260 1
39 233 1
200 243 1
39 77 1
95 106 1
148 244 1
173 253 1
16 44 1
77 136 1
77 158 1
237 239 1
77 127 1
73 110 1
171 189 1
70 274 1
233 274 1
173 257 1
39 98 1
103 106 1
70 239 1
173 209 1
35 231 1
110 123 1
54 179 1
77 106 1
106 216 1
110 217 1
200 212 1
255 259 1
180 274 1
54 95 1
106 125 1
54 61 1
174 189 1
42 251 1
35 262 1
22 179 1
77 217 1
3 259 1
77 163 1
77 232 1
94 255 1
95 194 1
35 225 1
15 100 1
46 274 1
70 275 1
272 274 1
110 225 1
77 161 1
233 238 1
21 110 1
56 233 1
48 110 1
95 203 1
95 274 1
35 173 1
77 165 1
3 131 1
77 174 1
94 95 1
25 77 1
95 273 1
222 255 1
172 190 1
40 186 1
77 132 1
136 244 1
95 270 1
159 244 1
14 244 1
27 127 1
28 77 1
77 184 1
77 259 1
46 95 1
18 98 1
77 100 1
46 77 1
22 142 1
15 265 1
77 96 1
95 253 1
187 218 1
95 195 1
82 95 1
15 156 1
31 44 1
44 135 1
44 224 1
180 208 1
39 237 1
77 263 1
16 198 1
216 225 1
46 214 1
40 198 1
70 109 1
19 136 1
95 210 1
14 48 1
77 171 1
95 233 1
32 44 1
95 96 1
100 211 1
31 246 1
102 274 1
35 60 1
42 194 1
55 75 1
77 92 1
101 173 1
38 141 1
77 228 1
182 233 1
21 209 1
95 236 1
54 245 1
83 95 1
53 95 1
60 192 1
95 219 1
11 95 1
40 100 1
38 69 1
154 270 1
6 42 1
62 217 1
70 128 1
95 191 1
22 110 1
67 105 1
95 182 1
95 254 1
20 77 1
35 194 1
95 103 1
77 186 1
95 119 1
31 134 1
35 246 1
61 102 1
59 98 1
16 35 1
110 150 1
95 239 1
174 262 1
3 4 1
16 189 1
149 274 1
174 245 1
101 191 1
18 44 1
28 76 1
191 274 1
95 247 1
40 210 1
234 259 1
38 177 1
28 260 1
84 253 1
56 255 1
80 274 1
44 159 1
86 259 1
20 118 1
36 77 1
62 244 1
77 95 1
59 70 1
77 112 1
178 198 1
95 159 1
44 186 1
96 266 1
28 228 1
56 171 1
95 97 1
130 188 1
56 99 1
95 165 1
21 67 1
66 158 1
125 275 1
128 198 1
77 101 1
95 235 1
178 270 1
34 82 1
42 169 1
95 116 1
2 174 1
23 119 1
100 131 1
28 155 1
77 131 1
44 49 1
189 245 1
132 165 1
73 274 1
48 155 1
60 70 1
95 231 1
95 143 1
43 158 1
15 217 1
179 186 1
94 158 1
77 87 1
125 217 1
30 100 1
37 245 1
127 201 1
49 127 1
21 62 1
69 131 1
100 146 1
110 221 1
77 118 1
30 95 1
20 95 1
189 194 1
95 104 1
35 141 1
170 189 1
73 95 1
15 259 1
92 95 1
1 149 1
106 190 1
41 182 1
35 273 1
5 80 1
73 232 1
76 190 1
9 95 1
71 77 1
35 223 1
80 233 1
144 244 1
100 167 1
60 264 1
154 217 1
173 260 1
56 95 1
97 258 1
38 101 1
46 249 1
32 77 1
78 259 1
96 259 1
77 251 1
61 268 1
106 164 1
190 198 1
186 266 1
42 142 1
92 201 1
127 234 1
95 232 1
73 218 1
82 124 1
95 98 1
77 139 1
220 234 1
40 113 1
125 213 1
95 102 1
95 222 1
60 216 1
54 124 1
3 75 1
77 108 1
167 201 1
76 196 1
66 95 1
65 182 1
45 237 1
38 95 1
4 38 1
42 53 1
69 198 1
95 198 1
95 265 1
21 174 1
2 95 1
22 106 1
94 261 1
125 254 1
42 238 1
95 169 1
161 254 1
20 70 1
95 216 1
44 244 1
76 110 1
122 194 1
121 216 1
77 219 1
40 89 1
95 257 1
70 87 1
40 94 1
97 212 1
210 233 1
70 100 1
17 119 1
205 274 1
249 260 1
165 229 1
95 112 1
82 218 1
12 274 1
16 94 1
44 275 1
95 109 1
70 126 1
77 273 1
6 46 1
28 109 1
214 248 1
260 269 1
70 117 1
98 260 1
132 174 1
33 69 1
186 226 1
43 236 1
119 162 1
131 192 1
192 269 1
242 254 1
151 189 1
63 173 1
95 160 1
77 212 1
97 173 1
70 90 1
248 262 1
54 273 1
3 135 1
31 40 1
22 95 1
82 107 1
1 205 1
77 245 1
11 92 1
140 237 1
95 156 1
35 179 1
55 233 1
8 95 1
186 225 1
44 131 1
102 121 1
28 263 1
77 195 1
95 245 1
95 123 1
69 98 1
77 268 1
44 93 1
200 262 1
123 244 1
126 231 1
118 264 1
31 95 1
15 195 1
174 223 1
100 230 1
95 266 1
77 254 1
95 168 1
237 240 1
109 197 1
114 244 1
271 274 1
52 77 1
62 95 1
37 194 1
88 118 1
95 127 1
125 232 1
100 239 1
95 262 1
87 244 1
6 202 1
12 95 1
76 95 1
82 179 1
175 195 1
174 272 1
80 183 1
77 198 1
118 133 1
186 274 1
77 271 1
26 232 1
95 149 1
68 214 1
43 141 1
235 242 1
12 42 1
107 158 1
44 91 1
77 225 1
90 268 1
95 201 1
26 95 1
28 204 1
1 70 1
169 272 1
222 231 1
62 116 1
40 237 1
70 71 1
134 183 1
95 144 1
172 178 1
76 145 1
6 273 1
150 238 1
73 144 1
36 231 1
123 129 1
54 84 1
95 196 1
77 185 1
160 251 1
77 117 1
13 223 1
24 95 1
13 95 1
11 274 1
185 201 1
77 201 1
171 219 1
95 205 1
250 257 1
125 163 1
59 198 1
16 201 1
77 261 1
95 101 1
60 89 1
134 151 1
249 251 1
42 254 1
163 246 1
178 248 1
95 204 1
44 200 1
95 267 1
77 130 1
244 274 1
77 154 1
38 246 1
13 266 1
95 107 1
108 200 1
120 265 1
32 95 1
77 169 1
171 257 1
35 233 1
107 179 1
38 251 1
47 217 1
54 96 1
95 211 1
32 136 1
31 45 1
7 95 1
40 77 1
158 175 1
44 263 1
2 4 1
54 100 1
95 122 1
222 254 1
77 107 1
115 232 1
122 262 1
198 251 1
69 192 1
39 139 1
57 95 1
4 65 1
180 251 1
43 243 1
85 98 1
67 233 1
88 95 1
70 165 1
37 119 1
122 256 1
35 249 1
238 270 1
192 196 1
95 269 1
97 265 1
114 272 1
84 186 1
60 140 1
12 264 1
2 96 1
122 156 1
95 163 1
77 177 1
101 221 1
46 80 1
178 274 1
110 118 1
169 268 1
27 273 1
55 58 1
48 274 1
42 102 1
32 88 1
116 266 1
105 169 1
117 233 1
77 246 1
115 198 1
95 258 1
47 97 1
70 209 1
70 168 1
95 208 1
14 95 1
158 197 1
166 260 1
55 95 1
4 260 1
83 112 1
37 80 1
103 207 1
77 257 1
47 246 1
121 266 1
27 44 1
90 100 1
44 86 1
149 190 1
95 214 1
80 95 1
83 121 1
82 252 1
86 147 1
12 77 1
215 271 1
77 202 1
27 274 1
9 44 1
35 126 1
100 186 1
122 227 1
68 95 1
95 118 1
22 202 1
44 150 1
36 54 1
123 242 1
87 93 1
179 259 1
1 134 1
48 168 1
77 159 1
59 172 1
11 249 1
39 158 1
34 205 1
119 175 1
154 229 1
82 266 1
95 99 1
16 17 1
155 237 1
8 25 1
77 205 1
36 256 1
35 237 1
121 231 1
42 175 1
60 168 1
136 259 1
101 150 1
33 82 1
11 70 1
77 109 1
119 150 1
201 222 1
86 95 1
212 270 1
251 269 1
77 227 1
206 260 1
109 254 1
77 208 1
26 77 1
75 95 1
68 82 1
155 231 1
85 252 1
189 264 1
86 196 1
52 101 1
77 126 1
94 131 1
101 203 1
172 266 1
153 274 1
222 269 1
47 59 1
112 125 1
102 162 1
65 83 1
77 99 1
42 167 1
42 256 1
77 114 1
119 235 1
180 244 1
34 77 1
43 180 1
42 160 1
110 251 1
70 75 1
11 233 1
237 254 1
157 237 1
20 30 1
70 180 1
1 14 1
48 234 1
43 95 1
77 183 1
232 246 1
60 215 1
136 152 1
2 215 1
145 274 1
202 264 1
33 201 1
243 250 1
34 70 1
17 168 1
70 227 1
70 231 1
115 141 1
120 190 1
84 275 1
126 256 1
193 238 1
42 137 1
6 153 1
95 272 1
1 95 1
40 204 1
118 123 1
77 176 1
110 154 1
95 240 1
42 252 1
10 82 1
125 248 1
35 103 1
35 89 1
114 122 1
31 203 1
78 218 1
67 259 1
173 271 1
88 187 1
95 250 1
41 77 1
95 238 1
77 216 1
178 219 1
216 231 1
236 237 1
158 194 1
149 232 1
95 234 1
49 245 1
40 146 1
162 232 1
17 217 1
86 103 1
35 220 1
99 235 1
79 130 1
54 220 1
16 132 1
35 43 1
70 222 1
101 244 1
95 111 1
106 117 1
207 231 1
35 175 1
35 37 1
25 273 1
52 274 1
95 171 1
12 250 1
95 150 1
54 148 1
65 95 1
44 95 1
