1 14 3
1 205 3
2 4 3
2 96 3
2 186 3
2 240 3
3 131 3
3 135 3
3 208 3
3 265 3
4 38 3
4 175 3
4 292 3
6 202 3
7 95 3
7 178 3
7 219 3
7 258 3
7 274 3
8 25 3
9 239 3
9 281 3
10 82 3
10 244 3
11 95 3
11 121 3
12 20 3
12 43 3
12 95 3
12 250 3
12 283 3
13 79 3
13 95 3
13 223 3
13 266 3
14 27 3
14 103 3
14 130 3
14 143 3
14 213 3
14 217 3
14 254 3
15 75 3
15 156 3
15 195 3
16 95 3
16 132 3
16 144 3
16 147 3
16 198 3
16 208 3
16 223 3
17 217 3
18 44 3
20 30 3
20 75 3
20 77 3
20 95 3
20 164 3
20 235 3
20 255 3
21 35 3
21 67 3
21 95 3
21 234 3
21 264 3
22 101 3
22 198 3
23 95 3
23 119 3
24 208 3
25 73 3
25 95 3
25 260 3
26 54 3
26 95 3
27 274 3
28 64 3
28 155 3
28 204 3
28 260 3
28 263 3
30 41 3
30 104 3
30 167 3
31 203 3
32 77 3
32 88 3
32 95 3
32 293 3
33 82 3
34 77 3
34 151 3
34 173 3
34 175 3
34 208 3
35 55 3
35 74 3
35 78 3
35 115 3
35 126 3
35 141 3
35 156 3
35 160 3
35 173 3
35 175 3
35 208 3
35 219 3
35 225 3
35 231 3
35 233 3
35 237 3
35 280 3
35 286 3
36 95 3
36 122 3
36 256 3
38 69 3
38 115 3
38 246 3
39 98 3
39 274 3
40 42 3
40 51 3
40 72 3
40 77 3
40 113 3
40 198 3
41 182 3
41 190 3
42 57 3
42 167 3
42 254 3
43 95 3
43 132 3
43 180 3
43 227 3
43 243 3
43 291 3
44 91 3
44 263 3
44 275 3
45 71 3
45 130 3
45 251 3
46 188 3
46 214 3
46 239 3
46 274 3
47 217 3
48 110 3
49 239 3
49 254 3
49 259 3
50 69 3
52 101 3
53 198 3
54 77 3
54 96 3
54 179 3
54 274 3
55 144 3
55 227 3
55 233 3
56 222 3
58 177 3
58 214 3
59 208 3
60 89 3
60 264 3
61 82 3
61 110 3
61 263 3
62 95 3
62 244 3
63 173 3
64 95 3
65 76 3
65 95 3
65 194 3
65 266 3
66 284 3
67 284 3
68 95 3
68 193 3
68 214 3
68 217 3
68 223 3
68 254 3
69 131 3
69 173 3
70 92 3
70 117 3
70 146 3
70 164 3
70 165 3
70 222 3
70 227 3
70 239 3
70 274 3
70 275 3
71 77 3
71 128 3
71 139 3
72 95 3
72 265 3
73 90 3
73 110 3
73 137 3
73 141 3
73 221 3
73 247 3
73 261 3
75 137 3
75 284 3
76 95 3
76 167 3
76 300 3
77 95 3
77 96 3
77 100 3
77 101 3
77 109 3
77 114 3
77 126 3
77 127 3
77 133 3
77 139 3
77 140 3
77 145 3
77 148 3
77 149 3
77 153 3
77 158 3
77 169 3
77 171 3
77 176 3
77 189 3
77 202 3
77 225 3
77 226 3
77 227 3
77 238 3
77 240 3
77 263 3
77 266 3
77 267 3
77 286 3
77 296 3
78 95 3
78 148 3
80 136 3
80 223 3
80 247 3
81 203 3
82 95 3
82 188 3
82 274 3
82 277 3
84 95 3
84 198 3
85 95 3
85 98 3
86 95 3
86 100 3
86 101 3
93 110 3
94 95 3
94 115 3
95 97 3
95 98 3
95 99 3
95 104 3
95 105 3
95 107 3
95 112 3
95 118 3
95 119 3
95 120 3
95 122 3
95 144 3
95 150 3
95 151 3
95 155 3
95 159 3
95 165 3
95 167 3
95 177 3
95 181 3
95 184 3
95 188 3
95 194 3
95 201 3
95 204 3
95 208 3
95 211 3
95 213 3
95 219 3
95 222 3
95 223 3
95 231 3
95 232 3
95 234 3
95 239 3
95 243 3
95 244 3
95 252 3
95 261 3
95 267 3
95 298 3
95 301 3
97 258 3
98 252 3
98 260 3
99 217 3
99 221 3
99 235 3
99 254 3
99 296 3
100 131 3
101 120 3
101 124 3
101 190 3
101 278 3
102 162 3
104 122 3
104 174 3
104 295 3
105 169 3
105 215 3
106 117 3
106 164 3
106 216 3
107 158 3
108 200 3
108 261 3
110 123 3
110 150 3
110 154 3
110 225 3
110 275 3
114 251 3
114 272 3
116 167 3
116 186 3
117 233 3
118 133 3
118 204 3
118 264 3
119 141 3
119 162 3
119 192 3
119 235 3
120 203 3
120 244 3
120 265 3
121 177 3
122 185 3
122 194 3
122 227 3
122 282 3
123 217 3
125 254 3
126 242 3
126 274 3
130 135 3
131 192 3
131 213 3
131 269 3
135 145 3
136 259 3
139 174 3
139 289 3
142 252 3
144 157 3
145 173 3
145 274 3
148 190 3
150 238 3
150 259 3
150 270 3
151 172 3
153 266 3
153 274 3
154 229 3
154 242 3
155 190 3
155 237 3
156 274 3
157 237 3
158 208 3
159 244 3
160 208 3
160 251 3
164 277 3
165 190 3
167 201 3
169 255 3
169 272 3
170 189 3
170 235 3
171 223 3
173 176 3
173 209 3
173 253 3
173 257 3
174 245 3
174 263 3
178 198 3
178 270 3
179 186 3
180 208 3
185 190 3
190 222 3
190 230 3
192 237 3
192 269 3
194 281 3
196 259 3
198 251 3
199 240 3
200 258 3
201 267 3
204 241 3
205 274 3
208 239 3
208 288 3
209 299 3
212 215 3
213 241 3
213 274 3
215 271 3
216 231 3
216 243 3
217 254 3
222 237 3
222 254 3
243 253 3
244 270 3
244 271 3
248 262 3
250 263 3
250 277 3
251 269 3
253 300 3
255 259 3
258 261 3
259 272 3
259 293 3
271 297 3
93 239 3
69 241 3
73 263 3
95 142 3
26 46 3
96 157 3
81 95 3
170 241 3
197 251 3
98 183 3
95 141 3
139 273 3
145 180 3
200 267 3
35 107 3
14 105 3
198 315 3
36 48 3
95 190 3
204 304 3
106 251 3
239 293 3
41 241 3
95 246 3
131 242 3
101 129 3
50 322 3
77 232 3
34 332 3
23 245 3
67 317 3
73 220 3
170 295 3
21 185 3
207 208 3
39 214 3
77 293 3
141 244 3
28 240 3
44 192 3
21 210 3
70 262 3
188 280 3
95 135 3
183 254 3
49 131 3
270 272 3
154 201 3
95 114 3
26 224 3
98 131 3
95 240 3
76 297 3
95 205 3
73 120 3
44 108 3
215 301 3
83 170 3
199 312 3
135 175 3
94 194 3
29 183 3
144 293 3
165 261 3
162 235 3
242 262 3
150 265 3
70 217 3
95 285 3
64 162 3
124 194 3
95 290 3
26 145 3
77 179 3
63 95 3
150 199 3
77 128 3
5 95 3
41 288 3
135 143 3
9 326 3
60 84 3
17 122 3
95 237 3
77 199 3
47 95 3
77 250 3
35 56 3
118 119 3
1 209 3
83 254 3
211 240 3
173 316 3
95 153 3
150 314 3
141 298 3
178 259 3
20 152 3
95 282 3
46 134 3
95 103 3
40 116 3
73 106 3
56 240 3
78 251 3
198 226 3
18 95 3
43 184 3
45 46 3
138 194 3
95 293 3
95 152 3
210 211 3
35 129 3
204 226 3
45 119 3
50 162 3
90 250 3
77 289 3
166 194 3
70 121 3
274 287 3
22 244 3
57 96 3
192 275 3
99 204 3
32 105 3
77 276 3
24 85 3
171 205 3
34 112 3
119 217 3
99 208 3
89 167 3
135 246 3
45 262 3
95 117 3
113 310 3
138 242 3
187 193 3
4 268 3
241 276 3
14 106 3
77 93 3
76 262 3
6 35 3
227 228 3
121 135 3
22 249 3
20 23 3
20 311 3
13 215 3
55 290 3
21 48 3
42 262 3
126 217 3
30 95 3
70 103 3
101 133 3
80 150 3
122 200 3
68 297 3
73 95 3
35 104 3
237 284 3
58 199 3
208 286 3
95 331 3
95 202 3
95 287 3
32 190 3
49 273 3
15 186 3
35 316 3
68 212 3
77 218 3
122 253 3
189 192 3
204 309 3
159 196 3
77 257 3
109 120 3
77 242 3
226 278 3
231 285 3
13 279 3
63 168 3
199 245 3
85 138 3
95 146 3
141 251 3
77 260 3
33 198 3
69 95 3
209 275 3
218 259 3
92 95 3
126 297 3
95 207 3
245 261 3
95 314 3
20 214 3
35 187 3
79 177 3
150 164 3
187 255 3
166 198 3
40 91 3
199 221 3
18 247 3
77 237 3
47 73 3
53 95 3
223 251 3
95 311 3
216 239 3
52 131 3
31 95 3
77 217 3
120 294 3
39 56 3
55 244 3
5 222 3
34 307 3
94 114 3
162 172 3
147 289 3
51 106 3
40 219 3
208 209 3
145 255 3
95 253 3
134 227 3
122 127 3
60 275 3
184 301 3
20 76 3
93 211 3
4 188 3
95 174 3
95 300 3
121 255 3
77 138 3
209 217 3
198 206 3
74 277 3
37 188 3
154 245 3
106 247 3
35 190 3
7 81 3
63 325 3
169 284 3
101 261 3
142 242 3
77 195 3
20 79 3
158 244 3
121 306 3
141 331 3
235 263 3
122 216 3
60 222 3
197 198 3
14 107 3
34 211 3
35 207 3
93 234 3
190 201 3
104 223 3
91 141 3
77 274 3
77 146 3
95 110 3
77 203 3
76 274 3
186 201 3
101 170 3
122 151 3
88 189 3
42 297 3
105 190 3
14 123 3
147 233 3
11 77 3
34 324 3
159 199 3
221 245 3
122 252 3
95 228 3
95 169 3
118 272 3
185 299 3
95 183 3
198 205 3
89 170 3
157 315 3
128 200 3
226 263 3
190 309 3
65 120 3
111 144 3
34 95 3
50 133 3
14 69 3
160 186 3
88 118 3
82 275 3
72 219 3
95 316 3
6 76 3
242 271 3
234 313 3
58 131 3
43 114 3
132 204 3
138 145 3
14 147 3
70 170 3
101 320 3
190 256 3
38 76 3
14 99 3
153 300 3
28 184 3
35 229 3
184 203 3
95 312 3
5 148 3
37 226 3
43 45 3
253 303 3
233 304 3
95 273 3
263 265 3
71 106 3
95 321 3
29 276 3
21 82 3
87 154 3
188 246 3
33 108 3
141 296 3
35 127 3
186 275 3
95 276 3
65 124 3
101 201 3
263 283 3
34 111 3
209 286 3
149 270 3
154 166 3
77 132 3
82 203 3
32 244 3
221 289 3
76 159 3
103 113 3
7 131 3
22 211 3
144 165 3
176 237 3
69 301 3
127 289 3
250 284 3
46 168 3
76 195 3
190 195 3
95 121 3
98 225 3
16 325 3
192 208 3
127 170 3
164 291 3
135 323 3
74 95 3
142 229 3
168 192 3
95 189 3
93 238 3
12 198 3
154 155 3
72 73 3
194 279 3
50 200 3
45 315 3
120 220 3
35 157 3
132 154 3
45 64 3
4 248 3
12 259 3
144 182 3
150 287 3
95 108 3
122 306 3
95 133 3
77 113 3
41 187 3
95 203 3
145 317 3
77 174 3
43 236 3
52 95 3
6 82 3
30 110 3
32 112 3
163 190 3
147 190 3
44 78 3
163 244 3
154 281 3
54 202 3
194 232 3
30 68 3
77 325 3
93 95 3
95 128 3
95 145 3
148 262 3
22 34 3
35 133 3
198 201 3
46 262 3
28 43 3
8 272 3
142 207 3
112 287 3
191 199 3
189 238 3
157 190 3
148 251 3
199 323 3
95 250 3
188 228 3
82 267 3
75 77 3
152 267 3
35 116 3
95 277 3
57 235 3
244 283 3
73 311 3
32 79 3
57 263 3
154 165 3
65 208 3
85 174 3
95 249 3
35 193 3
66 194 3
135 195 3
115 135 3
274 331 3
141 285 3
110 135 3
95 136 3
95 124 3
4 223 3
95 226 3
126 269 3
77 192 3
275 280 3
28 85 3
4 191 3
261 289 3
196 311 3
67 68 3
203 268 3
77 221 3
228 277 3
274 298 3
127 215 3
135 319 3
37 95 3
50 95 3
77 253 3
19 38 3
34 236 3
4 181 3
133 313 3
54 175 3
185 235 3
194 313 3
21 77 3
45 95 3
15 150 3
51 145 3
7 320 3
10 35 3
22 220 3
131 180 3
244 314 3
92 245 3
12 316 3
253 262 3
204 322 3
242 273 3
64 81 3
3 243 3
194 208 3
86 223 3
99 292 3
235 312 3
109 266 3
230 254 3
95 137 3
79 269 3
101 152 3
230 274 3
25 58 3
66 95 3
88 95 3
68 135 3
220 277 3
129 221 3
110 265 3
89 205 3
160 235 3
62 263 3
199 328 3
201 235 3
77 280 3
276 277 3
154 308 3
112 126 3
20 237 3
217 300 3
42 206 3
95 134 3
44 97 3
154 286 3
167 313 3
105 173 3
95 238 3
257 272 3
95 173 3
28 217 3
29 95 3
184 198 3
244 315 3
54 108 3
35 309 3
50 274 3
156 262 3
77 323 3
144 258 3
1 126 3
77 82 3
53 263 3
126 255 3
149 159 3
95 245 3
156 238 3
174 234 3
201 220 3
162 168 3
35 67 3
95 241 3
150 230 3
3 259 3
12 135 3
36 208 3
95 279 3
185 244 3
110 190 3
9 145 3
43 152 3
258 259 3
77 81 3
194 237 3
90 208 3
244 294 3
225 280 3
15 115 3
68 294 3
42 76 3
77 125 3
141 198 3
253 296 3
219 280 3
1 153 3
47 196 3
240 282 3
111 258 3
144 319 3
173 193 3
21 218 3
35 102 3
92 158 3
164 194 3
238 321 3
150 198 3
96 280 3
249 254 3
92 235 3
131 203 3
20 102 3
26 239 3
71 254 3
21 109 3
241 291 3
126 296 3
4 134 3
122 204 3
86 331 3
70 141 3
116 259 3
167 289 3
154 254 3
38 326 3
96 306 3
230 323 3
67 76 3
204 275 3
149 313 3
95 278 3
187 188 3
95 324 3
35 284 3
58 274 3
154 293 3
17 273 3
148 159 3
14 35 3
45 114 3
40 329 3
258 276 3
154 168 3
269 274 3
95 258 3
35 75 3
217 230 3
77 236 3
99 250 3
77 291 3
21 247 3
73 179 3
74 235 3
165 192 3
95 302 3
77 201 3
151 240 3
21 43 3
162 209 3
213 232 3
31 185 3
193 275 3
162 290 3
14 297 3
35 250 3
