63 191 1
106 112 1
217 228 1
123 237 1
171 199 1
23 236 1
63 94 1
177 228 1
2 84 1
91 203 1
64 271 1
50 60 1
86 265 1
34 116 1
37 50 1
104 177 1
13 112 1
210 216 1
171 229 1
29 63 1
175 219 1
37 52 1
105 237 1
115 141 1
68 188 1
205 251 1
216 264 1
82 178 1
211 226 1
197 262 1
137 250 1
125 243 1
177 262 1
65 93 1
4 224 1
44 121 1
172 178 1
16 233 1
1 98 1
8 65 1
43 212 1
193 258 1
78 95 1
64 180 1
137 182 1
11 264 1
45 250 1
64 262 1
164 219 1
65 265 1
45 208 1
113 165 1
212 266 1
139 219 1
55 181 1
33 124 1
40 262 1
218 255 1
2 166 1
209 269 1
197 257 1
219 241 1
108 159 1
52 227 1
48 94 1
116 255 1
138 228 1
21 226 1
95 159 1
27 170 1
202 217 1
150 256 1
65 245 1
113 230 1
106 246 1
41 167 1
87 136 1
9 194 1
20 236 1
67 245 1
54 237 1
68 198 1
67 95 1
18 161 1
130 187 1
71 187 1
214 265 1
54 204 1
41 183 1
30 161 1
146 201 1
73 109 1
61 81 1
27 80 1
149 193 1
23 246 1
97 110 1
38 176 1
191 208 1
62 198 1
125 271 1
138 268 1
63 73 1
68 122 1
228 265 1
135 151 1
30 100 1
91 120 1
147 181 1
47 98 1
20 222 1
129 221 1
43 135 1
111 182 1
67 243 1
33 63 1
177 244 1
32 200 1
127 144 1
116 153 1
97 181 1
126 128 1
5 247 1
62 93 1
140 270 1
37 166 1
238 257 1
20 157 1
78 268 1
212 267 1
45 176 1
13 151 1
227 230 1
196 233 1
74 95 1
191 225 1
77 131 1
135 194 1
11 201 1
74 195 1
27 110 1
238 264 1
134 243 1
146 235 1
14 211 1
132 171 1
46 67 1
21 173 1
217 272 1
92 130 1
79 167 1
22 159 1
33 77 1
33 233 1
106 240 1
29 266 1
215 266 1
132 182 1
1 154 1
19 211 1
66 167 1
67 110 1
88 112 1
7 260 1
13 181 1
72 228 1
112 244 1
1 245 1
2 65 1
29 110 1
15 260 1
20 76 1
151 158 1
135 158 1
153 181 1
72 94 1
37 218 1
59 206 1
124 217 1
181 191 1
20 107 1
75 252 1
98 131 1
196 227 1
61 252 1
224 236 1
120 227 1
36 261 1
47 147 1
52 144 1
114 199 1
1 19 1
59 150 1
151 224 1
16 152 1
56 258 1
185 188 1
43 57 1
7 160 1
115 258 1
97 216 1
49 95 1
8 60 1
34 84 1
130 135 1
135 167 1
42 148 1
70 248 1
69 222 1
124 141 1
53 81 1
15 33 1
192 247 1
87 174 1
51 271 1
27 146 1
44 238 1
153 229 1
46 83 1
8 58 1
174 212 1
69 84 1
92 139 1
37 209 1
74 237 1
161 194 1
70 126 1
97 208 1
107 261 1
37 60 1
238 254 1
22 59 1
88 201 1
123 127 1
134 170 1
107 180 1
185 249 1
67 153 1
264 275 1
102 190 1
225 227 1
20 227 1
105 173 1
36 201 1
211 260 1
189 224 1
7 223 1
25 87 1
90 94 1
140 147 1
52 224 1
10 246 1
177 190 1
39 165 1
105 189 1
16 143 1
39 208 1
106 242 1
143 167 1
141 230 1
89 152 1
143 251 1
106 247 1
217 275 1
146 196 1
21 81 1
74 204 1
127 182 1
97 270 1
168 183 1
35 202 1
134 198 1
42 74 1
216 239 1
208 256 1
171 236 1
190 221 1
69 211 1
173 210 1
10 245 1
233 243 1
142 183 1
35 42 1
144 202 1
101 222 1
176 237 1
81 187 1
196 217 1
4 149 1
54 174 1
110 274 1
45 241 1
15 68 1
132 229 1
241 259 1
73 125 1
120 148 1
49 182 1
69 161 1
139 261 1
16 99 1
39 248 1
10 255 1
13 168 1
98 128 1
64 114 1
36 41 1
167 195 1
146 178 1
9 219 1
156 179 1
63 227 1
101 215 1
172 200 1
64 239 1
2 175 1
36 184 1
81 133 1
73 137 1
13 178 1
151 251 1
163 193 1
112 191 1
206 214 1
14 214 1
69 157 1
94 96 1
172 185 1
69 196 1
132 160 1
45 189 1
198 220 1
18 125 1
60 179 1
182 187 1
55 100 1
74 122 1
4 211 1
60 102 1
93 217 1
170 187 1
189 219 1
249 261 1
12 234 1
20 174 1
87 271 1
64 215 1
10 65 1
109 221 1
16 244 1
132 175 1
115 205 1
173 202 1
85 110 1
26 180 1
202 227 1
89 267 1
62 170 1
181 253 1
151 173 1
77 168 1
114 141 1
107 275 1
93 205 1
50 220 1
76 108 1
99 101 1
151 157 1
177 241 1
82 137 1
63 143 1
109 185 1
79 207 1
170 184 1
67 136 1
211 212 1
49 234 1
77 218 1
159 201 1
35 145 1
19 85 1
63 98 1
131 269 1
47 213 1
74 249 1
5 268 1
13 189 1
96 101 1
148 267 1
127 156 1
64 202 1
144 217 1
55 175 1
137 238 1
60 225 1
95 199 1
13 68 1
18 41 1
23 238 1
33 127 1
11 211 1
80 223 1
103 158 1
206 248 1
71 146 1
163 194 1
180 214 1
19 125 1
74 75 1
79 150 1
23 45 1
63 162 1
1 63 1
85 247 1
128 172 1
75 257 1
16 251 1
54 59 1
124 264 1
39 204 1
87 243 1
143 233 1
182 234 1
162 256 1
117 185 1
8 229 1
139 169 1
78 168 1
170 252 1
49 174 1
26 183 1
125 153 1
178 198 1
63 211 1
140 179 1
102 142 1
211 259 1
162 165 1
48 169 1
23 78 1
30 41 1
179 184 1
75 76 1
121 133 1
181 205 1
19 230 1
143 240 1
40 107 1
195 198 1
102 253 1
80 211 1
119 194 1
5 167 1
84 213 1
204 258 1
167 244 1
12 75 1
24 238 1
28 156 1
84 232 1
102 214 1
55 63 1
46 122 1
44 94 1
73 117 1
21 52 1
196 246 1
173 206 1
133 253 1
24 188 1
76 99 1
122 251 1
3 190 1
155 273 1
111 245 1
50 252 1
176 250 1
247 270 1
89 170 1
17 95 1
82 262 1
15 131 1
24 69 1
109 133 1
48 207 1
23 85 1
205 275 1
177 236 1
12 149 1
2 82 1
213 258 1
184 251 1
145 252 1
149 195 1
166 211 1
166 170 1
29 181 1
25 98 1
10 204 1
107 128 1
93 192 1
23 27 1
68 203 1
135 216 1
91 217 1
28 218 1
70 76 1
204 212 1
85 215 1
27 123 1
127 165 1
156 196 1
98 222 1
28 130 1
107 236 1
155 200 1
29 182 1
99 248 1
110 261 1
77 189 1
8 51 1
104 126 1
192 229 1
45 54 1
53 154 1
5 72 1
218 267 1
37 164 1
89 166 1
73 191 1
4 223 1
32 272 1
129 247 1
5 266 1
70 81 1
9 67 1
11 182 1
217 239 1
117 227 1
175 269 1
88 274 1
35 166 1
129 132 1
78 196 1
81 204 1
77 143 1
148 264 1
48 145 1
5 139 1
205 214 1
13 44 1
24 252 1
103 216 1
206 240 1
110 209 1
84 105 1
75 147 1
119 203 1
155 196 1
235 275 1
143 153 1
141 188 1
15 112 1
11 30 1
101 117 1
6 235 1
88 145 1
29 124 1
145 180 1
114 206 1
35 132 1
83 197 1
58 192 1
10 90 1
9 264 1
49 141 1
28 114 1
159 195 1
169 225 1
218 224 1
60 269 1
15 224 1
129 148 1
15 52 1
151 220 1
7 42 1
116 131 1
89 189 1
184 250 1
3 173 1
135 203 1
163 190 1
41 73 1
143 234 1
182 241 1
85 112 1
33 242 1
3 266 1
18 162 1
37 194 1
236 237 1
93 195 1
160 228 1
136 158 1
37 134 1
33 145 1
100 116 1
34 184 1
142 172 1
15 176 1
49 260 1
126 167 1
128 170 1
157 208 1
22 75 1
121 136 1
40 187 1
105 139 1
76 262 1
152 209 1
175 184 1
15 230 1
8 139 1
48 57 1
5 223 1
71 205 1
85 196 1
131 248 1
129 200 1
63 99 1
81 183 1
144 234 1
160 174 1
100 259 1
90 219 1
104 266 1
39 228 1
110 160 1
107 138 1
191 222 1
27 164 1
103 229 1
16 169 1
126 201 1
36 75 1
50 270 1
154 250 1
52 100 1
189 235 1
9 28 1
19 50 1
154 264 1
25 209 1
71 263 1
56 131 1
34 170 1
123 219 1
137 264 1
16 214 1
115 242 1
127 261 1
17 253 1
116 139 1
30 204 1
76 209 1
2 212 1
78 227 1
37 155 1
20 102 1
110 260 1
75 154 1
143 170 1
153 156 1
45 158 1
247 272 1
12 250 1
28 257 1
227 272 1
20 133 1
200 247 1
14 67 1
170 248 1
5 243 1
207 221 1
24 191 1
55 250 1
198 221 1
144 250 1
26 230 1
20 201 1
175 183 1
33 175 1
4 87 1
30 106 1
106 136 1
202 230 1
79 271 1
97 115 1
83 180 1
61 258 1
95 115 1
192 232 1
189 252 1
144 166 1
3 62 1
54 221 1
244 273 1
55 86 1
1 267 1
13 38 1
92 122 1
188 222 1
182 237 1
22 92 1
41 63 1
13 150 1
202 254 1
126 144 1
5 222 1
44 83 1
51 58 1
21 41 1
12 172 1
83 138 1
40 174 1
260 261 1
98 238 1
44 54 1
85 271 1
8 268 1
123 234 1
84 86 1
32 266 1
225 241 1
23 228 1
1 268 1
63 207 1
31 145 1
70 221 1
43 205 1
5 207 1
128 179 1
174 210 1
79 212 1
47 59 1
21 201 1
7 68 1
53 247 1
5 18 1
170 270 1
149 189 1
29 88 1
59 272 1
218 232 1
5 151 1
24 211 1
