293 296 2
241 247 2
54 286 2
111 179 2
19 170 2
195 249 2
73 202 2
200 265 2
173 235 2
100 300 2
44 162 2
39 149 2
114 130 2
40 84 2
212 219 2
194 205 2
132 207 2
147 191 2
21 186 2
202 299 2
191 243 2
90 95 2
11 292 2
50 182 2
47 224 2
81 281 2
91 125 2
120 202 2
201 252 2
161 241 2
117 132 2
22 61 2
208 262 2
143 210 2
204 228 2
42 114 2
136 142 2
152 204 2
123 253 2
31 44 2
7 298 2
84 123 2
131 242 2
79 285 2
140 224 2
239 255 2
51 298 2
8 274 2
179 203 2
126 150 2
78 192 2
219 240 2
25 139 2
66 148 2
87 95 2
82 189 2
9 99 2
165 230 2
148 248 2
6 84 2
67 242 2
34 115 2
5 235 2
123 135 2
181 272 2
258 259 2
159 196 2
172 182 2
32 235 2
25 116 2
27 213 2
126 198 2
60 220 2
51 163 2
54 205 2
244 269 2
277 293 2
82 226 2
202 279 2
56 157 2
12 169 2
26 110 2
205 281 2
207 234 2
214 229 2
48 238 2
139 245 2
54 59 2
107 302 2
203 215 2
156 160 2
149 169 2
131 248 2
72 107 2
127 145 2
12 262 2
69 137 2
35 37 2
46 239 2
257 271 2
16 165 2
192 301 2
249 258 2
53 255 2
53 265 2
155 213 2
20 118 2
59 248 2
128 265 2
51 108 2
8 252 2
84 117 2
74 149 2
119 121 2
85 89 2
71 247 2
102 261 2
57 245 2
207 295 2
7 259 2
162 257 2
71 167 2
179 223 2
16 141 2
48 64 2
246 298 2
60 69 2
79 143 2
199 206 2
259 288 2
28 287 2
84 232 2
173 288 2
138 192 2
145 163 2
116 146 2
2 11 2
180 186 2
199 231 2
16 277 2
261 262 2
27 272 2
17 48 2
169 223 2
124 245 2
208 227 2
136 151 2
9 136 2
4 146 2
23 166 2
168 288 2
281 289 2
162 176 2
105 164 2
59 180 2
17 79 2
46 137 2
41 151 2
91 210 2
33 71 2
31 277 2
179 260 2
108 266 2
10 111 2
32 109 2
93 276 2
197 253 2
69 79 2
112 241 2
168 173 2
118 249 2
184 252 2
223 294 2
82 100 2
130 169 2
113 158 2
70 141 2
32 248 2
31 41 2
54 137 2
27 72 2
229 266 2
4 277 2
32 85 2
202 244 2
57 252 2
132 148 2
6 137 2
52 103 2
179 217 2
27 271 2
32 107 2
63 94 2
52 124 2
103 105 2
172 258 2
130 185 2
102 135 2
165 188 2
129 186 2
64 134 2
185 210 2
188 265 2
12 42 2
258 290 2
190 257 2
219 282 2
61 73 2
111 281 2
81 194 2
150 215 2
40 250 2
30 82 2
140 217 2
21 244 2
4 41 2
154 223 2
114 213 2
108 254 2
93 125 2
10 208 2
47 185 2
108 228 2
206 256 2
147 218 2
128 284 2
231 294 2
19 166 2
3 9 2
233 250 2
21 273 2
175 253 2
163 193 2
286 298 2
107 113 2
16 89 2
116 133 2
40 200 2
153 240 2
153 243 2
225 298 2
281 287 2
142 151 2
4 157 2
142 236 2
105 162 2
55 207 2
32 95 2
16 216 2
26 89 2
122 175 2
39 235 2
5 238 2
245 274 2
87 215 2
82 93 2
71 135 2
66 283 2
69 210 2
49 138 2
3 242 2
207 211 2
242 294 2
207 299 2
83 255 2
74 230 2
257 268 2
7 262 2
202 278 2
202 288 2
190 294 2
20 67 2
61 132 2
1 270 2
138 199 2
15 199 2
75 225 2
64 103 2
97 162 2
113 271 2
180 196 2
134 184 2
162 190 2
59 91 2
164 290 2
44 51 2
110 282 2
38 69 2
69 239 2
3 133 2
17 206 2
29 278 2
129 239 2
39 97 2
5 224 2
101 209 2
90 201 2
58 232 2
21 278 2
116 139 2
8 159 2
187 287 2
255 266 2
22 200 2
21 23 2
31 224 2
39 57 2
197 278 2
184 236 2
72 105 2
238 278 2
136 205 2
65 134 2
40 193 2
4 152 2
158 176 2
61 162 2
123 142 2
13 162 2
19 32 2
47 184 2
222 255 2
103 148 2
195 284 2
81 264 2
16 86 2
239 288 2
2 150 2
38 118 2
39 269 2
42 215 2
124 201 2
264 273 2
20 283 2
38 123 2
4 12 2
84 265 2
184 223 2
110 116 2
166 188 2
77 249 2
12 201 2
48 235 2
13 50 2
49 84 2
14 123 2
136 263 2
19 231 2
38 97 2
212 217 2
73 223 2
156 218 2
138 183 2
36 290 2
201 251 2
24 175 2
74 147 2
35 77 2
45 119 2
124 202 2
93 138 2
20 52 2
39 271 2
63 282 2
76 191 2
149 279 2
110 194 2
290 302 2
27 35 2
150 233 2
76 301 2
33 221 2
36 152 2
75 276 2
167 235 2
109 255 2
77 216 2
194 293 2
64 137 2
80 113 2
189 210 2
2 208 2
28 175 2
150 240 2
1 171 2
297 301 2
216 246 2
29 95 2
103 249 2
66 181 2
174 268 2
133 181 2
121 248 2
72 82 2
152 183 2
88 192 2
36 193 2
210 295 2
219 231 2
55 219 2
50 99 2
40 216 2
244 263 2
134 209 2
43 198 2
8 85 2
69 216 2
15 186 2
32 256 2
96 214 2
103 288 2
138 300 2
176 290 2
44 90 2
96 218 2
5 14 2
145 218 2
53 103 2
157 185 2
7 199 2
80 92 2
146 204 2
5 88 2
36 160 2
39 254 2
141 248 2
237 245 2
108 276 2
17 232 2
146 196 2
111 200 2
159 255 2
115 210 2
54 269 2
60 90 2
166 167 2
65 149 2
10 151 2
152 168 2
187 188 2
117 130 2
26 49 2
70 302 2
156 299 2
14 49 2
124 142 2
246 299 2
56 75 2
128 206 2
23 293 2
185 186 2
32 157 2
166 250 2
98 182 2
29 64 2
145 285 2
9 193 2
193 260 2
6 45 2
19 257 2
93 94 2
35 143 2
90 215 2
90 293 2
40 110 2
224 283 2
137 293 2
241 253 2
133 301 2
27 34 2
14 194 2
83 170 2
20 60 2
25 40 2
104 294 2
44 195 2
86 184 2
175 227 2
12 96 2
133 164 2
122 144 2
52 112 2
1 279 2
48 277 2
79 133 2
24 301 2
93 168 2
106 112 2
144 226 2
25 137 2
135 178 2
217 220 2
57 141 2
91 150 2
153 254 2
272 282 2
29 93 2
29 125 2
41 159 2
38 203 2
181 295 2
203 284 2
105 124 2
125 241 2
147 258 2
61 114 2
170 175 2
200 263 2
212 296 2
3 17 2
22 93 2
51 69 2
108 217 2
118 207 2
85 143 2
41 110 2
67 214 2
165 189 2
9 150 2
144 263 2
15 67 2
130 266 2
144 277 2
11 185 2
159 187 2
118 253 2
30 207 2
56 111 2
147 198 2
194 257 2
239 258 2
99 166 2
12 144 2
105 286 2
171 274 2
135 272 2
143 243 2
78 154 2
36 166 2
234 283 2
138 287 2
8 40 2
155 246 2
137 236 2
107 170 2
90 270 2
234 266 2
68 281 2
215 251 2
212 238 2
46 68 2
179 286 2
31 209 2
59 72 2
64 292 2
48 50 2
57 125 2
67 86 2
17 211 2
13 201 2
186 291 2
147 283 2
222 259 2
134 214 2
149 205 2
41 250 2
215 219 2
121 234 2
247 292 2
9 192 2
239 280 2
54 100 2
137 295 2
166 202 2
65 153 2
34 212 2
53 192 2
180 272 2
89 147 2
49 101 2
141 238 2
148 299 2
55 228 2
268 302 2
155 215 2
6 190 2
57 89 2
81 290 2
153 194 2
42 280 2
190 217 2
76 267 2
77 253 2
223 236 2
34 40 2
272 275 2
174 266 2
120 227 2
83 189 2
101 224 2
227 235 2
21 291 2
276 283 2
99 172 2
75 126 2
39 214 2
264 287 2
3 38 2
259 274 2
226 270 2
140 246 2
61 189 2
64 73 2
141 287 2
71 173 2
159 209 2
89 189 2
132 188 2
57 256 2
262 270 2
221 292 2
252 294 2
184 256 2
212 228 2
156 194 2
97 135 2
19 31 2
92 156 2
91 294 2
74 262 2
116 151 2
166 246 2
34 222 2
199 293 2
136 211 2
163 177 2
18 101 2
72 171 2
205 294 2
20 265 2
118 223 2
110 182 2
170 271 2
82 161 2
16 24 2
25 50 2
221 246 2
38 130 2
104 247 2
264 279 2
107 279 2
77 178 2
66 147 2
80 107 2
85 301 2
193 223 2
8 28 2
72 276 2
197 230 2
55 212 2
78 253 2
194 259 2
297 298 2
22 100 2
241 285 2
45 76 2
150 261 2
103 220 2
215 298 2
209 297 2
129 296 2
185 301 2
154 254 2
48 272 2
22 181 2
131 258 2
99 214 2
23 93 2
42 208 2
144 190 2
22 263 2
188 280 2
104 110 2
20 80 2
99 286 2
12 90 2
111 194 2
88 264 2
55 145 2
8 23 2
74 265 2
151 171 2
171 176 2
82 263 2
148 212 2
223 233 2
108 109 2
210 215 2
210 287 2
6 234 2
243 271 2
77 95 2
134 180 2
36 276 2
43 232 2
3 298 2
5 144 2
173 181 2
13 131 2
224 260 2
180 278 2
83 153 2
60 286 2
193 297 2
43 226 2
9 196 2
85 297 2
120 165 2
92 270 2
163 263 2
95 165 2
105 265 2
43 117 2
94 300 2
178 188 2
150 159 2
142 248 2
48 290 2
66 243 2
229 298 2
78 229 2
91 222 2
187 195 2
53 181 2
148 275 2
218 250 2
237 258 2
26 62 2
99 256 2
93 129 2
242 285 2
230 287 2
32 81 2
144 215 2
208 273 2
69 199 2
283 288 2
175 287 2
165 172 2
15 228 2
135 143 2
70 262 2
21 96 2
49 93 2
118 185 2
100 177 2
124 160 2
25 203 2
189 239 2
44 159 2
110 142 2
53 122 2
38 95 2
265 294 2
200 219 2
33 277 2
57 237 2
100 153 2
192 257 2
72 199 2
72 75 2
171 196 2
195 231 2
96 117 2
129 138 2
268 274 2
24 247 2
38 87 2
59 77 2
259 302 2
276 295 2
48 289 2
86 208 2
163 198 2
92 277 2
47 232 2
99 163 2
91 243 2
34 291 2
118 206 2
169 175 2
83 112 2
168 196 2
149 255 2
146 244 2
209 234 2
117 195 2
23 279 2
172 280 2
183 252 2
112 264 2
124 297 2
210 235 2
197 213 2
114 266 2
10 133 2
90 288 2
181 244 2
88 257 2
131 196 2
37 233 2
45 126 2
102 229 2
67 204 2
249 272 2
152 233 2
57 146 2
52 264 2
76 264 2
39 158 2
75 167 2
58 171 2
110 255 2
209 237 2
65 197 2
101 127 2
100 226 2
24 172 2
23 236 2
228 294 2
77 181 2
222 235 2
220 274 2
196 293 2
50 233 2
4 29 2
198 214 2
61 166 2
5 295 2
71 202 2
24 155 2
92 193 2
112 178 2
103 127 2
5 102 2
21 177 2
92 239 2
130 292 2
82 221 2
109 179 2
89 224 2
4 282 2
8 254 2
22 275 2
28 207 2
190 231 2
182 279 2
55 121 2
89 245 2
156 190 2
30 249 2
183 208 2
120 196 2
9 199 2
114 185 2
5 33 2
8 273 2
12 223 2
14 284 2
220 242 2
7 128 2
146 188 2
104 267 2
190 243 2
96 209 2
75 154 2
123 283 2
32 240 2
40 176 2
137 287 2
141 223 2
17 193 2
26 147 2
111 158 2
6 51 2
12 73 2
178 219 2
198 281 2
136 181 2
87 167 2
229 241 2
49 238 2
221 268 2
92 287 2
3 121 2
74 225 2
90 259 2
101 114 2
114 224 2
119 258 2
29 272 2
130 147 2
23 245 2
123 124 2
158 290 2
84 207 2
141 228 2
131 145 2
106 115 2
108 234 2
6 233 2
29 189 2
