141 251 1
48 251 1
49 251 1
30 48 1
76 251 1
30 130 1
141 177 1
30 177 1
93 251 1
107 177 1
35 251 1
49 177 1
44 49 1
176 177 1
48 169 1
30 186 1
48 128 1
37 251 1
12 49 1
186 215 1
48 86 1
92 215 1
48 165 1
125 251 1
125 143 1
106 251 1
4 251 1
30 74 1
49 146 1
49 62 1
48 248 1
69 106 1
35 126 1
87 251 1
34 49 1
186 251 1
30 256 1
106 204 1
220 251 1
75 76 1
68 251 1
106 244 1
4 230 1
219 251 1
30 133 1
83 141 1
148 186 1
24 48 1
195 251 1
158 177 1
15 48 1
244 273 1
153 220 1
6 251 1
103 186 1
11 186 1
15 30 1
48 197 1
135 141 1
30 217 1
30 247 1
111 186 1
75 254 1
30 218 1
49 235 1
30 72 1
4 275 1
92 236 1
67 251 1
24 268 1
49 94 1
56 126 1
4 137 1
149 186 1
186 252 1
30 234 1
149 250 1
82 220 1
30 95 1
86 174 1
134 177 1
251 256 1
69 90 1
153 251 1
186 272 1
14 92 1
55 248 1
203 244 1
76 186 1
59 111 1
48 55 1
198 251 1
30 197 1
30 87 1
111 220 1
132 137 1
30 68 1
177 273 1
127 186 1
126 154 1
48 212 1
177 195 1
55 203 1
103 110 1
37 195 1
227 251 1
183 215 1
30 136 1
170 251 1
11 217 1
126 139 1
179 186 1
103 140 1
59 226 1
30 122 1
56 77 1
115 197 1
251 262 1
30 243 1
141 220 1
18 186 1
30 54 1
98 251 1
122 186 1
68 186 1
91 125 1
73 83 1
48 106 1
48 273 1
140 178 1
147 234 1
110 142 1
93 215 1
14 68 1
132 186 1
37 43 1
30 252 1
159 195 1
226 233 1
111 160 1
48 242 1
172 177 1
237 250 1
171 273 1
121 273 1
148 251 1
30 123 1
59 261 1
53 195 1
197 273 1
4 30 1
8 251 1
76 153 1
98 177 1
9 251 1
2 48 1
39 49 1
94 209 1
156 273 1
48 274 1
175 186 1
125 204 1
29 186 1
69 250 1
23 48 1
72 186 1
100 215 1
48 156 1
30 254 1
24 36 1
55 193 1
49 227 1
89 195 1
76 205 1
183 251 1
110 145 1
106 124 1
185 254 1
30 106 1
92 223 1
84 275 1
100 177 1
82 251 1
14 144 1
111 224 1
11 207 1
1 243 1
48 240 1
57 248 1
94 153 1
67 172 1
142 251 1
30 75 1
30 189 1
190 244 1
109 254 1
63 203 1
30 50 1
7 215 1
16 30 1
221 244 1
137 146 1
206 243 1
221 261 1
75 247 1
188 251 1
24 227 1
52 68 1
30 39 1
111 116 1
30 146 1
48 157 1
125 227 1
48 237 1
15 251 1
83 188 1
48 117 1
111 225 1
30 57 1
57 80 1
11 270 1
46 251 1
30 33 1
30 257 1
127 251 1
17 273 1
123 167 1
142 230 1
132 206 1
195 207 1
132 207 1
11 195 1
55 186 1
55 208 1
59 237 1
177 203 1
75 223 1
189 251 1
163 251 1
152 251 1
165 176 1
5 76 1
137 258 1
56 185 1
72 273 1
48 116 1
235 251 1
25 251 1
68 105 1
190 243 1
100 259 1
64 152 1
139 177 1
55 245 1
74 181 1
68 266 1
80 97 1
49 158 1
55 251 1
57 133 1
121 251 1
100 145 1
37 226 1
91 251 1
225 258 1
177 205 1
195 240 1
145 220 1
15 19 1
76 264 1
68 220 1
36 186 1
236 271 1
187 251 1
10 258 1
186 206 1
102 264 1
177 198 1
30 132 1
48 167 1
58 243 1
5 220 1
114 203 1
126 179 1
106 152 1
86 164 1
160 251 1
130 240 1
218 243 1
15 95 1
150 230 1
51 251 1
211 244 1
39 156 1
77 271 1
142 272 1
77 83 1
132 255 1
121 132 1
60 126 1
48 139 1
21 137 1
233 273 1
30 143 1
120 150 1
177 225 1
48 187 1
177 260 1
1 210 1
115 123 1
54 121 1
70 186 1
105 251 1
189 243 1
227 273 1
195 196 1
111 195 1
203 213 1
244 254 1
30 103 1
251 274 1
38 49 1
227 270 1
16 243 1
34 251 1
30 211 1
45 57 1
53 186 1
102 227 1
68 272 1
224 267 1
19 31 1
169 228 1
76 189 1
242 251 1
148 160 1
136 234 1
30 221 1
146 251 1
83 118 1
168 195 1
49 253 1
27 251 1
185 186 1
12 251 1
49 112 1
126 271 1
251 269 1
36 262 1
103 202 1
68 274 1
48 159 1
94 191 1
177 226 1
11 30 1
58 251 1
61 187 1
95 254 1
37 222 1
30 233 1
135 220 1
222 227 1
96 273 1
103 125 1
136 251 1
72 214 1
58 227 1
48 80 1
132 211 1
30 174 1
140 251 1
49 50 1
80 145 1
220 256 1
30 173 1
75 157 1
107 186 1
106 245 1
209 215 1
184 251 1
48 57 1
16 273 1
32 186 1
106 215 1
103 258 1
16 195 1
199 251 1
13 186 1
229 254 1
125 140 1
183 189 1
68 114 1
30 32 1
42 224 1
59 152 1
6 273 1
168 230 1
83 216 1
166 251 1
8 195 1
168 244 1
233 268 1
24 222 1
43 221 1
133 232 1
237 251 1
25 156 1
156 251 1
18 251 1
177 248 1
232 236 1
75 128 1
38 251 1
52 76 1
27 207 1
15 132 1
10 207 1
96 159 1
58 103 1
48 250 1
195 260 1
1 30 1
33 197 1
243 256 1
48 171 1
106 243 1
109 189 1
270 275 1
48 89 1
13 244 1
28 195 1
167 195 1
118 251 1
186 236 1
134 153 1
110 186 1
70 274 1
76 132 1
205 251 1
163 177 1
60 92 1
56 251 1
6 177 1
218 220 1
28 270 1
232 251 1
130 177 1
171 271 1
55 109 1
119 177 1
30 172 1
75 120 1
30 203 1
13 56 1
30 220 1
203 221 1
20 186 1
75 121 1
30 169 1
3 30 1
68 247 1
99 197 1
30 100 1
19 75 1
30 227 1
30 147 1
225 251 1
216 220 1
69 146 1
42 83 1
10 177 1
49 166 1
76 265 1
30 69 1
101 111 1
134 251 1
215 254 1
90 186 1
106 191 1
115 220 1
179 221 1
220 242 1
194 195 1
131 220 1
132 208 1
114 117 1
220 245 1
30 183 1
185 251 1
117 244 1
43 251 1
207 251 1
110 152 1
68 188 1
208 251 1
11 127 1
106 248 1
30 56 1
30 223 1
85 152 1
29 128 1
117 122 1
152 271 1
111 194 1
8 106 1
40 251 1
48 75 1
20 24 1
33 220 1
122 244 1
30 266 1
18 37 1
166 191 1
153 197 1
122 221 1
48 215 1
29 244 1
48 257 1
66 186 1
26 103 1
135 153 1
3 273 1
6 57 1
66 254 1
30 231 1
30 212 1
99 195 1
218 251 1
103 128 1
48 208 1
7 251 1
56 101 1
10 76 1
181 242 1
192 251 1
91 177 1
104 275 1
95 251 1
48 114 1
115 174 1
147 179 1
21 274 1
152 169 1
12 215 1
56 177 1
30 138 1
56 78 1
25 128 1
30 239 1
177 258 1
60 243 1
74 166 1
31 251 1
126 148 1
49 78 1
177 265 1
173 215 1
75 218 1
186 270 1
8 256 1
122 196 1
30 40 1
2 217 1
20 30 1
106 170 1
68 176 1
30 78 1
50 194 1
1 48 1
31 68 1
4 94 1
6 89 1
11 251 1
52 125 1
62 205 1
48 252 1
111 229 1
22 77 1
74 96 1
80 248 1
40 47 1
125 239 1
210 220 1
34 68 1
76 125 1
30 93 1
4 216 1
77 208 1
10 251 1
133 251 1
18 25 1
6 58 1
186 202 1
36 55 1
100 186 1
74 76 1
240 254 1
48 216 1
122 152 1
30 97 1
155 220 1
136 273 1
26 48 1
49 262 1
177 241 1
48 154 1
11 228 1
119 219 1
193 251 1
96 220 1
203 259 1
30 251 1
48 137 1
248 261 1
30 142 1
48 112 1
138 218 1
30 139 1
25 195 1
50 139 1
57 177 1
126 152 1
150 197 1
158 251 1
149 256 1
31 49 1
215 253 1
89 111 1
16 267 1
214 251 1
76 195 1
97 251 1
30 194 1
83 248 1
30 175 1
68 143 1
30 79 1
179 273 1
189 258 1
6 174 1
55 92 1
56 104 1
227 261 1
97 263 1
215 251 1
123 195 1
48 265 1
203 215 1
75 84 1
38 254 1
56 191 1
52 83 1
48 108 1
14 50 1
56 181 1
203 268 1
48 124 1
11 220 1
52 272 1
94 229 1
22 49 1
113 254 1
18 30 1
161 218 1
93 244 1
119 186 1
125 190 1
186 244 1
121 168 1
75 116 1
68 261 1
121 151 1
51 218 1
165 231 1
48 144 1
30 156 1
39 67 1
30 104 1
30 43 1
49 171 1
141 273 1
115 134 1
8 138 1
83 267 1
55 226 1
225 244 1
30 187 1
92 207 1
243 251 1
103 239 1
9 273 1
19 186 1
106 220 1
43 106 1
207 235 1
5 38 1
58 172 1
120 221 1
96 117 1
145 177 1
92 184 1
172 189 1
177 183 1
69 200 1
62 195 1
48 226 1
68 97 1
48 189 1
85 100 1
56 107 1
94 186 1
19 111 1
69 196 1
21 123 1
27 30 1
75 109 1
195 203 1
178 215 1
200 220 1
13 251 1
30 59 1
42 139 1
14 183 1
147 241 1
81 177 1
15 59 1
229 248 1
30 88 1
33 259 1
156 233 1
99 273 1
6 115 1
101 251 1
165 203 1
30 153 1
116 192 1
251 259 1
30 226 1
143 243 1
11 166 1
75 272 1
38 215 1
68 221 1
164 251 1
52 189 1
68 134 1
39 52 1
201 220 1
18 91 1
175 195 1
30 200 1
136 262 1
131 251 1
31 85 1
112 186 1
14 207 1
