1 30 3
1 48 3
1 210 3
2 48 3
2 217 3
4 30 3
4 86 3
4 94 3
4 137 3
4 216 3
4 258 3
4 275 3
5 148 3
6 36 3
6 82 3
6 111 3
6 174 3
6 182 3
6 210 3
6 217 3
6 262 3
7 30 3
7 48 3
7 52 3
7 195 3
7 215 3
8 138 3
10 177 3
10 207 3
10 248 3
11 93 3
11 186 3
11 251 3
11 254 3
11 264 3
11 270 3
13 56 3
13 215 3
13 244 3
14 50 3
14 137 3
14 147 3
14 183 3
15 59 3
15 132 3
16 49 3
16 137 3
16 195 3
16 273 3
17 73 3
17 251 3
18 30 3
19 75 3
19 111 3
20 109 3
20 150 3
23 71 3
23 215 3
23 220 3
24 222 3
24 228 3
25 128 3
25 156 3
25 177 3
25 200 3
25 284 3
26 69 3
27 30 3
27 86 3
27 200 3
27 251 3
27 256 3
28 230 3
29 48 3
30 31 3
30 48 3
30 54 3
30 56 3
30 70 3
30 74 3
30 75 3
30 78 3
30 79 3
30 87 3
30 91 3
30 93 3
30 95 3
30 97 3
30 104 3
30 106 3
30 122 3
30 133 3
30 138 3
30 140 3
30 143 3
30 169 3
30 177 3
30 183 3
30 189 3
30 196 3
30 197 3
30 200 3
30 203 3
30 208 3
30 214 3
30 215 3
30 216 3
30 225 3
30 226 3
30 227 3
30 229 3
30 247 3
30 262 3
30 288 3
30 290 3
30 291 3
30 294 3
30 298 3
31 51 3
31 85 3
31 132 3
31 178 3
31 236 3
31 251 3
32 48 3
33 92 3
34 67 3
34 149 3
34 195 3
34 211 3
34 236 3
34 284 3
35 41 3
35 49 3
35 251 3
36 119 3
36 262 3
37 222 3
37 226 3
37 251 3
38 180 3
38 207 3
38 215 3
38 251 3
39 48 3
39 156 3
39 251 3
40 103 3
41 56 3
42 83 3
42 184 3
43 221 3
43 239 3
48 57 3
48 65 3
48 85 3
48 102 3
48 107 3
48 112 3
48 114 3
48 128 3
48 130 3
48 139 3
48 144 3
48 155 3
48 161 3
48 165 3
48 167 3
48 203 3
48 246 3
48 249 3
48 250 3
48 273 3
48 274 3
48 290 3
48 302 3
49 62 3
49 80 3
49 166 3
50 51 3
50 76 3
51 252 3
52 68 3
52 76 3
52 125 3
52 293 3
54 68 3
54 121 3
55 86 3
55 186 3
55 218 3
56 78 3
56 131 3
56 181 3
56 187 3
56 191 3
57 202 3
57 251 3
58 220 3
59 106 3
60 92 3
60 243 3
62 205 3
65 68 3
67 172 3
67 251 3
68 143 3
68 158 3
68 188 3
68 220 3
68 261 3
68 264 3
68 274 3
68 295 3
68 296 3
69 146 3
69 196 3
70 75 3
70 140 3
70 187 3
70 217 3
72 220 3
73 83 3
73 215 3
74 76 3
74 104 3
74 166 3
75 136 3
75 157 3
75 226 3
76 132 3
76 153 3
76 163 3
76 186 3
77 208 3
77 244 3
78 220 3
78 227 3
79 94 3
81 177 3
81 207 3
81 283 3
82 150 3
83 93 3
83 102 3
83 117 3
83 118 3
83 190 3
85 100 3
86 131 3
86 174 3
86 251 3
87 251 3
88 122 3
88 177 3
89 132 3
89 271 3
90 186 3
91 125 3
91 139 3
91 251 3
91 253 3
92 149 3
92 218 3
92 236 3
93 215 3
93 251 3
94 153 3
94 243 3
94 250 3
95 113 3
96 148 3
96 220 3
96 224 3
97 117 3
97 155 3
97 221 3
97 224 3
97 241 3
97 261 3
98 177 3
99 127 3
99 273 3
100 177 3
100 215 3
101 175 3
101 224 3
102 129 3
102 227 3
102 265 3
103 140 3
104 204 3
104 256 3
105 195 3
106 204 3
106 267 3
108 207 3
108 251 3
109 251 3
110 142 3
110 152 3
110 215 3
111 194 3
111 195 3
111 203 3
111 229 3
112 298 3
113 220 3
114 203 3
114 251 3
115 220 3
117 177 3
117 244 3
118 244 3
121 132 3
121 273 3
122 152 3
122 244 3
125 143 3
125 158 3
125 177 3
125 243 3
125 251 3
126 139 3
126 152 3
126 215 3
127 186 3
127 202 3
127 292 3
130 177 3
130 186 3
130 240 3
130 251 3
131 251 3
132 137 3
132 207 3
132 208 3
134 153 3
135 141 3
135 241 3
136 262 3
137 194 3
137 232 3
137 258 3
139 170 3
139 177 3
140 220 3
141 177 3
141 251 3
141 276 3
142 220 3
146 251 3
147 180 3
147 241 3
147 251 3
150 197 3
152 251 3
152 271 3
153 197 3
156 273 3
158 244 3
161 292 3
162 166 3
165 225 3
166 220 3
166 251 3
167 195 3
168 293 3
170 244 3
170 251 3
172 177 3
173 251 3
174 251 3
176 177 3
177 185 3
177 205 3
177 226 3
177 241 3
177 267 3
177 270 3
177 280 3
178 207 3
179 210 3
179 221 3
182 195 3
185 186 3
185 254 3
186 204 3
186 215 3
186 223 3
186 227 3
186 246 3
186 292 3
187 258 3
190 215 3
190 251 3
191 251 3
195 196 3
195 209 3
195 240 3
195 267 3
195 284 3
195 287 3
195 298 3
198 251 3
206 236 3
207 235 3
209 215 3
209 259 3
209 265 3
210 251 3
214 235 3
215 225 3
215 251 3
215 253 3
217 231 3
218 220 3
218 251 3
219 292 3
220 227 3
220 242 3
220 245 3
220 247 3
220 248 3
220 289 3
220 295 3
220 297 3
222 229 3
223 251 3
225 251 3
226 278 3
227 236 3
227 261 3
227 270 3
227 275 3
228 243 3
228 251 3
229 254 3
229 257 3
232 236 3
232 251 3
237 267 3
239 291 3
240 254 3
242 251 3
244 273 3
245 251 3
247 251 3
247 257 3
248 251 3
251 255 3
251 257 3
251 259 3
251 262 3
251 280 3
251 297 3
253 258 3
257 299 3
258 265 3
263 294 3
290 295 3
51 214 3
71 153 3
48 67 3
48 305 3
117 120 3
48 146 3
251 266 3
45 94 3
58 106 3
49 202 3
81 162 3
250 272 3
195 324 3
272 295 3
48 93 3
210 255 3
32 326 3
71 329 3
166 289 3
250 251 3
48 209 3
10 234 3
207 321 3
174 273 3
30 331 3
48 120 3
4 103 3
75 76 3
19 236 3
4 307 3
152 259 3
6 87 3
38 220 3
229 297 3
10 217 3
120 230 3
256 309 3
113 251 3
80 229 3
207 248 3
48 168 3
55 323 3
196 251 3
195 251 3
56 236 3
30 58 3
117 224 3
93 205 3
102 255 3
55 68 3
40 220 3
249 329 3
79 138 3
241 282 3
131 203 3
29 220 3
121 193 3
64 196 3
30 319 3
262 281 3
3 49 3
157 304 3
65 220 3
165 287 3
20 93 3
147 224 3
147 230 3
153 223 3
1 299 3
49 180 3
28 195 3
68 217 3
30 147 3
132 193 3
48 69 3
200 260 3
220 318 3
30 199 3
31 252 3
130 194 3
150 176 3
30 51 3
264 291 3
102 119 3
203 249 3
32 193 3
15 84 3
220 226 3
132 222 3
10 211 3
201 251 3
222 276 3
20 287 3
24 330 3
28 251 3
174 245 3
62 195 3
84 229 3
189 224 3
75 308 3
185 229 3
4 310 3
220 332 3
134 232 3
18 264 3
48 118 3
84 309 3
11 49 3
130 220 3
174 220 3
110 125 3
44 251 3
35 322 3
102 297 3
48 224 3
76 312 3
165 222 3
66 229 3
36 220 3
30 80 3
177 236 3
96 110 3
48 266 3
16 286 3
81 220 3
102 147 3
44 86 3
113 143 3
150 188 3
157 300 3
48 145 3
231 240 3
45 251 3
91 147 3
22 165 3
48 281 3
30 165 3
84 298 3
229 278 3
48 156 3
49 233 3
53 100 3
212 241 3
122 177 3
87 100 3
112 132 3
132 151 3
27 41 3
215 303 3
186 284 3
220 222 3
92 251 3
215 313 3
127 165 3
245 320 3
45 177 3
85 251 3
101 132 3
8 34 3
290 314 3
42 106 3
82 229 3
93 119 3
4 125 3
30 252 3
251 274 3
31 226 3
132 251 3
77 327 3
30 282 3
30 191 3
158 208 3
241 256 3
114 300 3
48 312 3
142 251 3
102 190 3
52 237 3
23 69 3
48 136 3
100 236 3
30 57 3
56 177 3
25 30 3
127 173 3
63 251 3
48 109 3
110 251 3
70 177 3
48 101 3
74 175 3
5 48 3
50 327 3
16 165 3
41 96 3
177 269 3
54 102 3
145 264 3
5 251 3
162 188 3
35 247 3
81 199 3
85 213 3
22 56 3
30 107 3
99 177 3
97 121 3
251 286 3
78 200 3
252 323 3
30 184 3
220 321 3
30 250 3
145 207 3
32 126 3
44 102 3
154 234 3
56 82 3
125 141 3
83 251 3
36 281 3
91 207 3
193 274 3
147 215 3
203 220 3
107 226 3
269 287 3
104 123 3
2 185 3
87 245 3
20 171 3
190 311 3
136 184 3
30 136 3
65 132 3
109 215 3
112 116 3
109 198 3
201 220 3
186 244 3
149 298 3
68 311 3
81 274 3
177 228 3
121 226 3
91 286 3
86 303 3
168 264 3
188 264 3
163 257 3
8 220 3
65 255 3
60 174 3
130 331 3
23 222 3
48 236 3
62 191 3
69 97 3
210 231 3
64 225 3
11 311 3
48 183 3
76 232 3
251 260 3
76 168 3
30 110 3
136 161 3
30 119 3
62 260 3
86 104 3
58 172 3
118 251 3
77 220 3
171 223 3
48 59 3
172 256 3
254 297 3
10 179 3
9 224 3
96 251 3
44 274 3
125 226 3
120 199 3
283 323 3
44 186 3
26 103 3
130 134 3
251 285 3
251 302 3
48 198 3
44 211 3
26 274 3
13 153 3
89 200 3
218 252 3
48 309 3
249 251 3
42 272 3
47 284 3
2 46 3
82 188 3
130 166 3
152 318 3
58 318 3
119 226 3
195 327 3
203 215 3
90 152 3
154 251 3
77 264 3
118 189 3
83 261 3
77 239 3
15 104 3
153 196 3
253 300 3
120 220 3
75 270 3
94 324 3
64 126 3
47 224 3
20 222 3
167 262 3
112 224 3
171 186 3
11 212 3
132 286 3
23 198 3
246 251 3
93 315 3
35 310 3
130 145 3
62 107 3
252 308 3
63 104 3
177 330 3
83 145 3
58 215 3
39 328 3
181 227 3
245 305 3
48 171 3
30 172 3
37 268 3
152 307 3
79 97 3
17 258 3
30 204 3
30 67 3
43 243 3
30 92 3
21 140 3
199 264 3
140 161 3
251 254 3
215 319 3
41 190 3
73 146 3
30 156 3
53 83 3
83 331 3
289 295 3
35 232 3
119 174 3
226 307 3
158 283 3
14 33 3
30 254 3
220 221 3
105 178 3
48 211 3
30 327 3
6 281 3
48 253 3
111 251 3
251 289 3
12 309 3
128 253 3
36 121 3
214 254 3
14 168 3
9 75 3
48 239 3
287 307 3
20 36 3
48 186 3
146 188 3
130 144 3
166 295 3
144 283 3
15 220 3
18 251 3
47 181 3
47 48 3
160 309 3
30 242 3
142 230 3
242 254 3
48 129 3
111 230 3
44 229 3
30 314 3
20 125 3
48 269 3
198 236 3
10 155 3
75 243 3
24 281 3
30 168 3
119 138 3
48 50 3
198 308 3
102 193 3
268 276 3
14 74 3
102 192 3
30 94 3
30 46 3
186 303 3
144 229 3
26 251 3
97 242 3
83 115 3
279 315 3
220 250 3
38 102 3
198 279 3
10 317 3
139 226 3
131 153 3
12 331 3
58 186 3
15 29 3
102 111 3
130 257 3
139 212 3
163 168 3
113 250 3
89 229 3
29 90 3
13 117 3
6 116 3
101 251 3
30 164 3
139 281 3
162 236 3
48 295 3
4 130 3
251 320 3
273 307 3
28 274 3
54 299 3
48 121 3
33 49 3
23 136 3
287 313 3
107 184 3
21 251 3
76 267 3
159 251 3
121 195 3
130 162 3
107 243 3
84 252 3
254 285 3
149 186 3
30 141 3
251 299 3
30 128 3
48 135 3
48 96 3
30 167 3
8 24 3
222 272 3
195 322 3
92 224 3
6 223 3
64 133 3
48 326 3
98 122 3
48 210 3
224 237 3
95 251 3
114 213 3
72 132 3
91 105 3
152 211 3
41 148 3
84 217 3
174 274 3
126 320 3
56 70 3
24 187 3
104 250 3
135 229 3
45 48 3
48 284 3
251 282 3
30 279 3
63 132 3
20 37 3
67 126 3
249 326 3
30 40 3
28 75 3
250 292 3
30 245 3
42 48 3
48 275 3
106 119 3
190 230 3
30 60 3
93 174 3
112 246 3
67 203 3
165 168 3
71 229 3
38 332 3
6 259 3
30 139 3
68 326 3
132 241 3
115 251 3
27 214 3
158 284 3
14 34 3
48 232 3
176 215 3
70 213 3
157 180 3
30 300 3
236 309 3
66 262 3
255 285 3
37 215 3
33 222 3
307 309 3
68 161 3
212 270 3
91 257 3
76 289 3
195 206 3
227 286 3
48 283 3
90 327 3
122 229 3
119 251 3
6 190 3
75 88 3
47 165 3
82 296 3
31 63 3
60 199 3
110 214 3
128 322 3
143 157 3
132 295 3
30 52 3
67 177 3
6 260 3
48 100 3
33 107 3
33 154 3
102 107 3
252 295 3
101 308 3
137 297 3
248 327 3
126 136 3
52 56 3
1 68 3
48 229 3
48 202 3
80 125 3
189 312 3
150 251 3
152 222 3
264 272 3
72 295 3
93 289 3
99 216 3
308 322 3
225 229 3
6 256 3
199 257 3
251 252 3
155 315 3
191 217 3
5 132 3
81 289 3
171 198 3
233 323 3
72 321 3
67 252 3
119 277 3
82 130 3
19 48 3
87 247 3
138 210 3
5 21 3
48 313 3
232 252 3
117 204 3
104 275 3
9 218 3
155 302 3
110 113 3
176 220 3
213 262 3
251 256 3
4 142 3
33 302 3
3 86 3
103 132 3
30 173 3
78 171 3
1 311 3
161 280 3
48 300 3
125 239 3
163 327 3
97 328 3
4 245 3
181 295 3
72 83 3
85 263 3
105 139 3
30 299 3
14 186 3
110 262 3
157 165 3
6 131 3
48 56 3
161 314 3
122 220 3
112 314 3
30 77 3
12 132 3
194 228 3
37 195 3
118 203 3
