12715 166 1
14981 1513 1
14981 1513 1
14981 1513 1
14981 1513 1
11144 2711 1
12345 6206 1
12345 6206 1
17934 208 1
12345 30595 1
8932 23745 1
1307 1513 1
15575 17334 1
1128 548 1
12711 23222 1
1307 461 1
1307 1513 1
6309 12703 1
18691 3145 1
18691 510 1
6138 20922 1
6028 16278 1
1307 461 1
14981 1513 1
343 4917 1
12711 1637 1
12711 180 1
8932 22593 1
343 16823 1
343 16823 1
19997 34248 1
19793 1218 1
343 4917 1
343 220 1
343 17038 1
343 4917 1
4331 24353 1
12711 13547 1
15115 1722 1
19793 49 1
16559 14195 1
11144 1641 1
16345 7037 1
11144 1641 1
12345 16278 1
8592 11216 1
6309 5796 1
6309 5796 1
8932 48761 1
15575 112 1
15575 5693 1
14981 1513 1
1307 1513 1
6010 180 1
14981 1513 1
15836 23809 1
15836 219 1
15836 399 1
4082 20869 1
16559 14195 1
16559 2307 1
4538 27132 1
6309 5796 1
3192 35840 1
3192 35840 1
3192 35840 1
3192 35840 1
8011 1134 1
2352 1134 1
2351 1134 1
2352 1134 1
2351 1134 1
17934 9781 1
17934 2156 1
17934 180 1
17934 180 1
3192 18572 1
3192 18572 1
6309 5796 1
12711 180 1
8932 48761 1
1307 461 1
1307 1513 1
18930 180 1
12748 180 1
15115 1722 1
14981 1513 1
16245 278 1
16245 278 1
16245 278 1
12703 180 1
12703 180 1
12703 1099 1
1307 1513 1
18103 1364 1
18103 278 1
8592 8718 1
14981 1513 1
9267 1294 1
14983 269 1
15575 7845 1
14981 1513 1
14981 1513 1
2734 3118 1
16198 536 1
18930 4105 1
17934 180 1
17934 2156 1
8776 860 1
8776 34 1
1307 461 1
1307 1513 1
11391 33506 1
1307 34 1
8177 180 1
12711 2226 1
12711 180 1
12703 180 1
12703 180 1
12703 180 1
12703 269 1
8932 48761 1
8932 48761 1
15575 206 1
343 16823 1
16198 117 1
14981 1513 1
14981 1513 1
12711 21866 1
18829 475 1
5236 22783 1
12703 180 1
12703 180 1
12703 180 1
12703 180 1
15877 33506 1
9235 10326 1
8932 48761 1
15575 42118 1
1307 1513 1
1307 34 1
12345 8920 1
15877 33444 1
8932 295 1
8776 278 1
8776 577 1
8776 34 1
11144 744 1
19101 1134 1
9053 18894 1
8932 48761 1
8551 976 1
2112 2448 1
2112 2448 1
12156 217 1
12748 13889 1
16198 50 1
12703 180 1
12703 180 1
4922 86 1
17934 180 1
17934 180 1
17934 1099 1
8831 278 1
8831 69 1
1164 8339 1
2118 430 1
8831 278 1
8831 4219 1
12711 15600 1
12711 2156 1
8592 8718 1
12703 180 1
8932 48761 1
3724 38499 1
8932 48761 1
1307 9723 1
1307 1513 1
18930 180 1
9235 12422 1
12711 37317 1
18487 18842 1
12711 180 1
15495 33818 1
15495 37947 1
1307 9723 1
14618 6434 1
14618 464 1
14618 6434 1
14618 464 1
5195 8 1
18103 12308 1
9053 18894 1
1307 9723 1
1307 1513 1
12345 8920 1
19584 1438 1
14981 1513 1
19344 10861 1
1307 9723 1
12748 180 1
17248 35056 1
14981 1513 1
16712 6584 1
274 5034 1
5195 8 1
15286 16932 1
8932 254 1
6010 180 1
5195 8 1
9053 18894 1
16198 4625 1
16198 117 1
16198 44 1
5195 8 1
18103 278 1
400 12308 1
9053 18894 1
9053 18894 1
16198 117 1
16198 50 1
9053 18894 1
6309 5796 1
15495 881 1
15495 23 1
1307 1513 1
12711 21877 1
5804 5796 1
6572 41643 1
6138 20922 1
1164 8924 1
9235 2769 1
5195 8 1
17101 5477 1
19661 3561 1
14981 1513 1
15115 1722 1
15836 19427 1
17934 2156 1
4082 1134 1
18103 278 1
12703 1057 1
9235 6476 1
2266 10391 1
18674 13752 1
15495 23 1
13428 858 1
7990 278 1
15495 269 1
18674 13753 1
15495 269 1
16615 19211 1
12711 28534 1
9600 2063 1
2351 18484 1
17934 2156 1
15575 30457 1
16339 13060 1
15575 18244 1
18674 19429 1
9235 10028 1
5236 22783 1
12748 13889 1
10504 278 1
3075 37235 1
3075 37235 1
12703 2156 1
1307 1513 1
2266 10391 1
15575 618 1
15575 10227 1
16712 18720 1
2112 2448 1
3075 16529 1
19344 44483 1
2351 17339 1
2351 1092 1
2351 6498 1
16712 18720 1
8177 1722 1
9053 18894 1
5236 19641 1
9053 18894 1
10504 278 1
10504 555 1
18103 278 1
19793 1218 1
12715 650 1
17934 180 1
15286 16932 1
2351 4848 1
2351 17982 1
2351 437 1
14981 1513 1
2958 21243 1
9053 18894 1
5236 22783 1
10504 278 1
10504 555 1
10504 278 1
16712 26434 1
16712 18720 1
10504 1170 1
18103 278 1
6028 244 1
400 12308 1
8551 7359 1
7542 7090 1
15495 180 1
1307 1513 1
8177 7432 1
12711 180 1
12711 180 1
1307 1513 1
16712 35825 1
2266 10391 1
2266 10685 1
6138 20922 1
8831 1170 1
19877 5598 1
19103 37220 1
2112 2448 1
2112 2448 1
18674 19429 1
17248 319 1
9235 3913 1
5813 4735 1
8177 1099 1
16615 19211 1
12748 13889 1
1307 461 1
1164 3138 1
1164 8924 1
2352 744 1
2351 744 1
2352 744 1
2351 744 1
19659 8087 1
6629 5934 1
16293 1134 1
5813 1134 1
16293 1134 1
11144 17122 1
17934 2156 1
4130 217 1
18103 1170 1
19077 1134 1
17101 7359 1
18474 16727 1
4865 46560 1
10504 278 1
10504 555 1
10504 2390 1
10504 278 1
2352 744 1
2351 744 1
5236 481 1
5236 481 1
5236 481 1
15323 1752 1
15495 881 1
8932 48761 1
8121 278 1
12748 13889 1
19714 1294 1
