1 3 2
1 4 2
1 153 2
1 236 2
1 250 2
1 263 2
1 274 2
1 300 2
1 301 2
1 302 2
2 3 2
2 4 2
2 5 2
2 68 2
2 95 2
2 190 2
2 275 2
2 279 2
2 300 2
2 301 2
2 302 2
3 4 2
3 86 2
3 302 2
4 6 2
4 30 2
4 176 2
4 208 2
5 6 2
5 7 2
5 8 2
5 39 2
5 194 2
6 8 2
6 21 2
6 206 2
6 229 2
7 8 2
7 9 2
7 94 2
8 9 2
8 10 2
8 78 2
8 170 2
9 10 2
9 11 2
9 85 2
9 270 2
10 12 2
10 13 2
10 14 2
10 208 2
10 211 2
11 12 2
11 14 2
11 15 2
11 21 2
11 36 2
11 271 2
12 47 2
12 84 2
12 105 2
12 262 2
13 15 2
13 251 2
14 17 2
14 54 2
14 76 2
14 155 2
14 271 2
15 16 2
15 17 2
15 169 2
15 202 2
16 17 2
16 18 2
16 19 2
16 112 2
16 252 2
17 20 2
17 184 2
17 216 2
18 19 2
18 21 2
18 75 2
18 162 2
18 184 2
18 211 2
19 21 2
19 87 2
19 198 2
19 224 2
20 21 2
20 23 2
20 146 2
20 147 2
20 151 2
20 251 2
21 22 2
21 100 2
22 23 2
22 25 2
22 44 2
23 24 2
23 25 2
24 25 2
24 28 2
24 57 2
24 255 2
25 26 2
25 111 2
25 112 2
26 27 2
26 179 2
26 232 2
27 30 2
27 49 2
27 76 2
27 150 2
28 30 2
28 31 2
28 96 2
28 131 2
29 30 2
29 31 2
29 33 2
29 214 2
30 31 2
30 34 2
30 103 2
31 32 2
31 33 2
31 34 2
31 191 2
31 266 2
32 33 2
32 35 2
32 46 2
32 157 2
33 34 2
33 35 2
33 283 2
34 35 2
34 37 2
34 278 2
35 37 2
35 38 2
35 258 2
36 37 2
36 38 2
36 79 2
36 154 2
36 301 2
37 39 2
37 172 2
38 39 2
38 40 2
38 42 2
38 182 2
39 41 2
39 93 2
39 199 2
40 41 2
40 42 2
40 43 2
40 47 2
40 155 2
41 42 2
41 43 2
41 45 2
41 118 2
41 128 2
42 44 2
42 111 2
42 188 2
42 196 2
43 44 2
43 45 2
43 46 2
43 125 2
44 45 2
44 46 2
44 47 2
44 68 2
45 46 2
45 47 2
45 241 2
46 47 2
46 49 2
47 49 2
47 50 2
47 213 2
47 235 2
48 49 2
48 50 2
48 51 2
49 51 2
49 52 2
49 64 2
49 74 2
49 92 2
49 108 2
49 123 2
50 51 2
50 53 2
50 195 2
50 220 2
50 257 2
50 275 2
51 52 2
51 53 2
51 54 2
51 55 2
52 53 2
52 62 2
52 116 2
52 302 2
53 54 2
53 55 2
53 56 2
53 171 2
53 271 2
54 55 2
54 56 2
55 56 2
55 58 2
55 81 2
55 164 2
56 57 2
56 59 2
56 60 2
56 147 2
56 161 2
57 59 2
57 60 2
57 97 2
57 195 2
58 60 2
58 113 2
58 185 2
58 224 2
59 60 2
59 113 2
59 193 2
60 61 2
60 63 2
61 62 2
61 112 2
61 152 2
62 65 2
62 168 2
62 192 2
63 64 2
63 66 2
63 82 2
63 202 2
63 209 2
63 281 2
64 67 2
64 68 2
65 66 2
65 67 2
65 68 2
65 94 2
65 198 2
66 67 2
66 68 2
66 207 2
66 243 2
67 68 2
67 69 2
67 70 2
67 103 2
67 134 2
68 95 2
69 70 2
69 71 2
69 85 2
69 182 2
70 71 2
70 72 2
70 79 2
71 74 2
71 129 2
71 163 2
71 177 2
71 229 2
72 73 2
72 74 2
72 75 2
72 162 2
73 74 2
73 89 2
73 175 2
73 212 2
74 76 2
74 78 2
74 95 2
74 103 2
75 76 2
75 77 2
76 79 2
76 184 2
76 292 2
77 78 2
77 79 2
77 121 2
78 81 2
78 89 2
78 143 2
78 293 2
79 81 2
79 82 2
80 81 2
80 82 2
80 83 2
80 242 2
81 82 2
81 83 2
81 84 2
81 85 2
81 244 2
82 83 2
82 85 2
82 136 2
83 84 2
83 85 2
83 86 2
83 87 2
84 85 2
84 170 2
85 161 2
86 87 2
86 88 2
86 90 2
86 266 2
87 88 2
87 89 2
87 227 2
87 244 2
88 90 2
88 91 2
88 92 2
89 90 2
89 93 2
90 92 2
90 118 2
90 136 2
91 93 2
91 122 2
91 276 2
92 93 2
92 95 2
92 96 2
93 126 2
93 215 2
93 250 2
93 256 2
94 96 2
94 230 2
95 96 2
95 98 2
95 138 2
95 148 2
96 97 2
96 98 2
96 99 2
97 98 2
97 99 2
98 99 2
98 124 2
98 131 2
99 101 2
99 161 2
99 272 2
100 102 2
100 104 2
100 205 2
101 102 2
101 103 2
101 104 2
101 105 2
102 103 2
102 104 2
102 105 2
102 106 2
103 105 2
103 106 2
103 169 2
104 105 2
104 106 2
105 257 2
106 108 2
106 166 2
106 244 2
106 278 2
107 110 2
107 140 2
107 262 2
108 109 2
109 110 2
109 262 2
110 111 2
110 112 2
110 113 2
110 293 2
111 112 2
111 113 2
111 148 2
111 162 2
112 114 2
112 154 2
112 190 2
113 114 2
113 115 2
113 117 2
113 156 2
114 115 2
114 116 2
114 117 2
114 190 2
114 193 2
115 116 2
115 117 2
116 117 2
116 118 2
116 165 2
117 118 2
117 119 2
117 120 2
117 121 2
117 133 2
118 119 2
119 120 2
119 121 2
120 121 2
120 122 2
120 124 2
120 147 2
120 184 2
120 217 2
121 122 2
121 178 2
122 123 2
122 126 2
123 124 2
123 125 2
123 154 2
124 125 2
124 260 2
125 254 2
126 127 2
126 128 2
126 166 2
126 199 2
126 233 2
127 128 2
127 130 2
127 182 2
128 129 2
128 131 2
128 132 2
129 131 2
129 132 2
129 133 2
130 131 2
130 132 2
130 293 2
131 132 2
131 133 2
131 134 2
132 133 2
132 171 2
132 255 2
133 137 2
133 159 2
134 135 2
134 137 2
134 162 2
135 136 2
135 137 2
135 150 2
135 291 2
136 138 2
136 139 2
136 140 2
137 138 2
137 139 2
137 140 2
138 139 2
138 140 2
139 140 2
139 142 2
139 143 2
139 191 2
140 142 2
140 174 2
140 226 2
140 234 2
140 256 2
141 143 2
141 145 2
142 143 2
142 144 2
143 144 2
143 146 2
143 152 2
143 160 2
143 230 2
143 293 2
144 145 2
144 146 2
144 147 2
145 146 2
145 161 2
146 147 2
146 149 2
146 214 2
147 149 2
147 166 2
147 254 2
148 149 2
148 173 2
148 179 2
149 150 2
149 151 2
149 152 2
150 152 2
150 153 2
150 178 2
150 299 2
151 152 2
151 153 2
152 153 2
152 278 2
153 154 2
153 157 2
153 164 2
154 155 2
154 156 2
154 238 2
155 156 2
155 160 2
156 157 2
156 158 2
156 248 2
156 280 2
157 158 2
157 174 2
157 176 2
158 159 2
158 160 2
158 162 2
158 247 2
159 160 2
159 162 2
159 163 2
160 161 2
160 163 2
160 224 2
160 254 2
161 162 2
161 163 2
161 164 2
161 165 2
161 292 2
162 164 2
162 166 2
163 164 2
163 166 2
163 281 2
164 166 2
164 167 2
164 234 2
165 166 2
165 169 2
167 169 2
167 171 2
167 192 2
168 170 2
168 248 2
168 252 2
168 267 2
169 170 2
170 171 2
170 172 2
171 173 2
171 256 2
172 173 2
172 174 2
172 175 2
173 174 2
173 175 2
174 175 2
175 176 2
175 209 2
175 229 2
175 237 2
176 177 2
176 218 2
177 179 2
178 179 2
178 181 2
178 182 2
179 180 2
179 181 2
179 182 2
180 181 2
180 182 2
180 183 2
180 204 2
180 235 2
181 184 2
182 183 2
182 185 2
182 257 2
183 184 2
183 185 2
183 210 2
183 230 2
185 187 2
185 188 2
185 271 2
186 187 2
186 189 2
186 251 2
186 275 2
187 189 2
187 191 2
187 275 2
188 189 2
188 190 2
188 191 2
188 192 2
189 190 2
189 191 2
189 246 2
191 192 2
191 232 2
191 257 2
192 193 2
192 194 2
192 195 2
193 194 2
193 196 2
193 267 2
194 195 2
194 196 2
195 196 2
195 197 2
195 262 2
196 197 2
196 198 2
196 271 2
197 198 2
197 199 2
197 200 2
198 200 2
198 201 2
198 205 2
199 200 2
199 202 2
199 206 2
200 201 2
200 202 2
200 203 2
201 202 2
201 203 2
201 205 2
201 264 2
202 203 2
203 205 2
203 206 2
203 212 2
203 225 2
203 239 2
204 205 2
204 207 2
205 206 2
205 208 2
206 207 2
206 209 2
207 209 2
207 210 2
208 209 2
208 232 2
209 211 2
209 212 2
210 211 2
210 213 2
211 214 2
212 215 2
212 216 2
213 214 2
213 215 2
213 216 2
213 217 2
214 215 2
214 216 2
215 217 2
215 218 2
216 217 2
216 218 2
217 219 2
217 220 2
217 255 2
218 219 2
218 221 2
219 220 2
219 221 2
219 222 2
219 280 2
220 221 2
220 223 2
221 222 2
221 223 2
221 225 2
221 233 2
221 234 2
222 223 2
222 224 2
222 225 2
222 250 2
223 224 2
223 225 2
223 226 2
223 227 2
224 225 2
225 226 2
225 227 2
225 256 2
226 227 2
226 229 2
227 228 2
227 229 2
227 230 2
228 229 2
228 230 2
228 231 2
228 232 2
229 233 2
230 231 2
231 232 2
231 233 2
231 234 2
232 233 2
233 235 2
233 236 2
233 244 2
235 237 2
235 238 2
236 238 2
236 239 2
237 239 2
237 240 2
237 241 2
238 239 2
238 240 2
238 242 2
239 240 2
239 241 2
239 242 2
240 241 2
240 242 2
240 243 2
241 242 2
241 243 2
242 243 2
242 244 2
243 244 2
243 245 2
243 247 2
244 245 2
245 246 2
245 247 2
246 247 2
246 248 2
246 249 2
247 248 2
247 249 2
248 251 2
248 263 2
248 270 2
249 251 2
249 267 2
250 251 2
251 252 2
251 253 2
251 256 2
253 255 2
253 256 2
253 263 2
254 256 2
254 257 2
255 256 2
255 258 2
255 266 2
256 259 2
257 258 2
257 259 2
258 259 2
258 260 2
259 261 2
259 262 2
259 267 2
260 261 2
260 262 2
260 263 2
261 262 2
261 263 2
261 264 2
262 264 2
262 265 2
262 272 2
264 265 2
264 267 2
265 266 2
265 267 2
265 268 2
266 267 2
266 280 2
267 270 2
268 269 2
268 270 2
269 270 2
269 271 2
269 272 2
270 271 2
270 272 2
271 273 2
271 274 2
272 273 2
272 275 2
273 275 2
273 276 2
273 283 2
274 275 2
274 276 2
274 277 2
275 278 2
276 277 2
276 278 2
276 279 2
276 280 2
277 278 2
277 279 2
277 280 2
278 279 2
278 280 2
279 280 2
279 281 2
279 282 2
280 283 2
280 292 2
281 282 2
281 283 2
281 284 2
282 283 2
282 284 2
282 285 2
283 285 2
283 286 2
283 287 2
284 285 2
284 286 2
284 287 2
285 286 2
285 287 2
285 288 2
286 287 2
286 288 2
286 289 2
286 290 2
287 288 2
287 289 2
287 290 2
287 291 2
288 289 2
288 290 2
288 291 2
288 292 2
289 290 2
289 291 2
289 292 2
290 291 2
290 293 2
290 294 2
291 292 2
291 293 2
291 295 2
292 293 2
294 295 2
294 296 2
294 297 2
295 296 2
295 297 2
295 298 2
296 297 2
296 298 2
296 299 2
297 298 2
297 299 2
297 300 2
297 301 2
298 299 2
298 300 2
298 301 2
299 301 2
299 302 2
300 301 2
300 302 2
301 302 2
