7 20 3
20 71 3
20 67 3
20 225 3
67 109 3
7 249 3
249 318 3
204 249 3
7 207 3
249 320 3
32 109 3
7 58 3
155 249 3
20 301 3
92 301 3
20 304 3
225 271 3
18 109 3
2 7 3
20 112 3
110 249 3
249 316 3
109 236 3
20 28 3
73 204 3
166 301 3
45 318 3
64 109 3
7 311 3
20 201 3
71 324 3
132 249 3
207 246 3
185 249 3
105 249 3
142 249 3
20 277 3
153 249 3
3 249 3
237 311 3
180 185 3
20 214 3
37 153 3
20 244 3
20 212 3
20 155 3
84 109 3
134 153 3
2 28 3
20 172 3
81 249 3
96 304 3
109 291 3
172 177 3
67 316 3
225 330 3
210 291 3
15 96 3
2 20 3
20 234 3
96 329 3
7 68 3
114 225 3
249 252 3
188 249 3
20 232 3
311 331 3
99 252 3
81 162 3
248 269 3
71 167 3
245 291 3
128 155 3
32 113 3
20 206 3
20 218 3
81 146 3
22 234 3
7 287 3
92 248 3
15 275 3
255 316 3
112 202 3
129 301 3
92 229 3
8 20 3
285 311 3
20 243 3
128 248 3
81 193 3
221 249 3
96 131 3
131 249 3
7 323 3
3 224 3
7 228 3
109 159 3
56 71 3
92 304 3
109 147 3
2 73 3
15 266 3
206 249 3
249 315 3
109 164 3
7 260 3
81 183 3
2 204 3
172 208 3
126 315 3
132 139 3
249 301 3
167 249 3
2 165 3
225 310 3
56 81 3
18 44 3
12 232 3
62 324 3
109 249 3
62 71 3
88 249 3
20 328 3
47 84 3
71 155 3
73 191 3
71 305 3
79 109 3
120 225 3
249 284 3
16 96 3
109 216 3
109 242 3
7 27 3
24 204 3
7 51 3
167 301 3
193 269 3
20 23 3
267 315 3
196 249 3
84 161 3
109 225 3
81 312 3
237 238 3
20 208 3
241 249 3
18 247 3
15 109 3
207 278 3
48 249 3
150 249 3
109 261 3
109 296 3
7 143 3
87 185 3
207 309 3
109 235 3
172 197 3
202 242 3
71 104 3
155 204 3
20 271 3
18 213 3
131 279 3
129 195 3
304 330 3
20 165 3
167 168 3
248 301 3
285 304 3
2 189 3
20 170 3
249 292 3
170 291 3
17 249 3
155 219 3
167 263 3
81 257 3
159 249 3
234 332 3
44 249 3
196 207 3
7 208 3
20 33 3
241 291 3
164 167 3
20 330 3
7 328 3
2 25 3
54 310 3
105 254 3
84 290 3
98 147 3
62 85 3
278 315 3
7 97 3
109 282 3
276 301 3
108 249 3
20 326 3
196 267 3
87 306 3
109 152 3
167 291 3
147 195 3
103 249 3
71 228 3
20 100 3
67 149 3
230 249 3
7 65 3
18 249 3
8 215 3
109 240 3
176 240 3
20 282 3
84 150 3
242 283 3
236 249 3
7 99 3
171 225 3
114 249 3
22 26 3
186 189 3
74 216 3
54 237 3
282 311 3
74 81 3
7 244 3
147 210 3
96 324 3
110 167 3
70 71 3
155 213 3
7 153 3
49 276 3
81 154 3
55 97 3
131 257 3
81 99 3
109 149 3
28 301 3
16 196 3
20 202 3
172 249 3
278 305 3
131 237 3
96 287 3
249 310 3
249 274 3
164 185 3
5 225 3
282 299 3
56 279 3
26 44 3
170 180 3
155 319 3
254 301 3
50 232 3
155 158 3
79 249 3
7 77 3
20 223 3
170 190 3
164 249 3
100 103 3
272 291 3
131 242 3
7 279 3
290 327 3
7 57 3
109 128 3
207 275 3
24 177 3
201 295 3
3 177 3
115 249 3
7 218 3
36 315 3
70 291 3
127 254 3
71 221 3
155 266 3
20 251 3
109 198 3
157 249 3
62 173 3
45 301 3
20 78 3
96 234 3
97 249 3
20 245 3
109 311 3
66 311 3
109 179 3
155 198 3
136 147 3
205 278 3
109 238 3
256 311 3
167 231 3
64 299 3
194 284 3
20 153 3
97 109 3
71 101 3
63 291 3
154 177 3
110 228 3
7 215 3
141 155 3
92 261 3
144 234 3
170 253 3
155 186 3
187 249 3
79 318 3
20 149 3
20 135 3
96 249 3
96 288 3
191 249 3
155 302 3
52 249 3
56 109 3
109 283 3
7 161 3
249 317 3
204 326 3
20 316 3
19 20 3
81 235 3
232 249 3
100 243 3
59 251 3
109 304 3
7 238 3
100 249 3
109 274 3
185 312 3
7 282 3
81 254 3
96 254 3
216 225 3
13 271 3
108 330 3
57 276 3
71 246 3
53 249 3
238 249 3
233 315 3
291 328 3
282 296 3
98 109 3
110 222 3
162 242 3
214 270 3
126 270 3
168 249 3
89 330 3
15 249 3
20 193 3
97 240 3
117 282 3
20 109 3
248 266 3
20 291 3
171 249 3
171 282 3
245 249 3
99 249 3
81 230 3
225 257 3
88 225 3
7 284 3
18 103 3
7 36 3
40 267 3
167 278 3
108 207 3
96 218 3
43 112 3
37 311 3
197 249 3
71 213 3
7 313 3
56 164 3
93 228 3
209 315 3
173 202 3
92 193 3
7 95 3
20 66 3
215 232 3
99 166 3
20 280 3
249 311 3
2 65 3
292 318 3
57 109 3
59 207 3
186 316 3
36 248 3
148 301 3
120 242 3
38 305 3
66 316 3
136 299 3
63 294 3
31 190 3
20 255 3
7 267 3
14 167 3
142 214 3
167 254 3
160 284 3
18 267 3
225 255 3
7 253 3
22 109 3
74 268 3
15 209 3
53 306 3
137 180 3
316 322 3
138 249 3
127 249 3
7 107 3
20 169 3
87 292 3
48 109 3
85 114 3
109 214 3
305 311 3
20 46 3
20 122 3
249 262 3
91 109 3
10 97 3
2 112 3
7 102 3
224 249 3
128 160 3
122 249 3
20 181 3
155 253 3
2 135 3
109 297 3
15 173 3
89 227 3
201 291 3
52 99 3
146 249 3
257 289 3
190 249 3
97 155 3
7 148 3
109 322 3
126 327 3
83 168 3
72 193 3
237 249 3
118 190 3
20 209 3
2 23 3
71 139 3
81 106 3
109 193 3
147 310 3
7 188 3
29 155 3
158 160 3
96 294 3
186 249 3
55 282 3
302 318 3
20 314 3
2 74 3
71 234 3
267 327 3
129 203 3
75 215 3
2 267 3
15 219 3
23 167 3
2 201 3
25 255 3
15 166 3
87 225 3
249 330 3
156 167 3
187 282 3
5 304 3
84 294 3
128 273 3
234 303 3
165 249 3
160 249 3
152 249 3
7 166 3
18 257 3
6 294 3
20 151 3
71 304 3
167 243 3
218 249 3
7 332 3
237 243 3
84 118 3
33 71 3
109 163 3
20 90 3
270 332 3
20 77 3
167 211 3
112 176 3
175 216 3
20 213 3
74 179 3
216 271 3
65 186 3
45 109 3
7 113 3
248 288 3
177 217 3
6 20 3
33 311 3
34 299 3
227 234 3
49 92 3
144 249 3
225 265 3
6 183 3
142 145 3
71 164 3
234 249 3
20 55 3
7 171 3
225 314 3
20 85 3
160 185 3
84 258 3
129 177 3
99 190 3
69 160 3
71 149 3
7 242 3
81 262 3
284 306 3
230 307 3
12 237 3
102 167 3
40 96 3
102 249 3
183 248 3
183 234 3
20 190 3
294 314 3
109 217 3
174 296 3
20 161 3
7 178 3
163 301 3
166 304 3
243 321 3
7 324 3
109 137 3
158 249 3
29 249 3
94 201 3
258 305 3
66 138 3
109 234 3
289 305 3
20 72 3
20 222 3
20 297 3
166 328 3
44 158 3
36 229 3
234 329 3
57 249 3
65 139 3
146 167 3
13 249 3
14 112 3
143 249 3
7 126 3
20 47 3
92 240 3
187 228 3
222 311 3
7 8 3
7 254 3
26 225 3
226 243 3
43 164 3
71 201 3
20 105 3
45 249 3
225 267 3
17 188 3
7 131 3
144 155 3
72 164 3
249 263 3
116 278 3
256 267 3
61 232 3
197 207 3
120 232 3
109 229 3
71 276 3
20 240 3
174 301 3
20 307 3
172 302 3
167 298 3
198 218 3
167 297 3
252 299 3
160 274 3
7 216 3
180 228 3
109 331 3
48 213 3
17 31 3
162 199 3
146 201 3
234 277 3
131 325 3
172 178 3
109 293 3
213 301 3
109 221 3
20 275 3
20 173 3
26 185 3
21 109 3
58 282 3
92 148 3
240 308 3
4 287 3
249 276 3
118 201 3
59 132 3
167 188 3
20 29 3
2 76 3
20 168 3
160 210 3
294 318 3
92 313 3
56 97 3
36 262 3
208 249 3
257 308 3
169 225 3
198 305 3
133 248 3
225 276 3
78 301 3
128 234 3
7 250 3
53 97 3
20 45 3
96 169 3
242 249 3
185 265 3
109 124 3
38 155 3
7 160 3
153 175 3
109 250 3
81 265 3
224 276 3
96 328 3
35 291 3
7 117 3
169 238 3
20 127 3
197 250 3
109 325 3
126 227 3
164 326 3
123 278 3
67 225 3
38 249 3
7 181 3
97 325 3
20 310 3
67 181 3
113 214 3
238 301 3
83 318 3
6 191 3
20 249 3
324 326 3
219 246 3
26 295 3
46 61 3
20 290 3
20 263 3
69 249 3
91 283 3
249 278 3
170 183 3
133 304 3
164 312 3
182 249 3
199 302 3
155 179 3
119 271 3
20 21 3
158 305 3
99 186 3
119 225 3
7 127 3
109 228 3
54 249 3
73 249 3
16 109 3
205 326 3
44 112 3
4 262 3
51 316 3
20 196 3
233 313 3
218 259 3
164 237 3
20 177 3
27 304 3
36 278 3
186 289 3
213 332 3
56 321 3
14 249 3
155 261 3
207 296 3
149 249 3
56 311 3
140 186 3
7 12 3
164 222 3
167 203 3
18 200 3
165 193 3
61 109 3
291 321 3
255 331 3
249 304 3
232 298 3
51 109 3
5 214 3
84 128 3
216 301 3
90 176 3
190 291 3
58 225 3
20 285 3
90 109 3
20 163 3
155 160 3
18 264 3
21 142 3
30 153 3
126 252 3
39 213 3
100 225 3
27 86 3
197 290 3
137 158 3
71 282 3
96 117 3
76 183 3
225 332 3
201 241 3
20 217 3
40 315 3
33 36 3
109 307 3
183 288 3
101 109 3
7 172 3
166 249 3
20 60 3
44 92 3
39 281 3
304 317 3
5 71 3
7 47 3
77 87 3
250 304 3
24 332 3
142 193 3
155 286 3
113 311 3
106 291 3
20 259 3
97 300 3
150 267 3
10 165 3
278 288 3
260 291 3
7 206 3
125 249 3
1 290 3
123 225 3
35 249 3
244 250 3
5 96 3
7 41 3
20 126 3
109 318 3
150 304 3
168 227 3
39 84 3
142 228 3
39 43 3
47 167 3
164 279 3
249 264 3
192 237 3
7 30 3
10 278 3
122 146 3
75 101 3
84 236 3
65 80 3
6 225 3
72 89 3
166 322 3
160 222 3
102 131 3
45 69 3
112 218 3
39 249 3
68 242 3
77 228 3
44 99 3
7 152 3
3 7 3
45 147 3
163 189 3
20 320 3
20 247 3
89 259 3
73 109 3
71 91 3
261 276 3
163 228 3
29 278 3
20 199 3
20 80 3
50 254 3
148 316 3
74 240 3
7 63 3
31 65 3
249 329 3
125 311 3
6 205 3
20 281 3
81 204 3
88 98 3
109 135 3
20 114 3
7 233 3
49 177 3
7 224 3
242 244 3
33 176 3
249 309 3
20 241 3
20 286 3
184 289 3
128 193 3
7 257 3
56 232 3
291 314 3
20 288 3
109 154 3
177 302 3
44 135 3
90 149 3
94 155 3
222 266 3
148 326 3
92 216 3
20 26 3
20 269 3
20 287 3
64 170 3
109 148 3
64 304 3
268 311 3
209 249 3
114 222 3
174 249 3
109 169 3
181 238 3
8 281 3
64 251 3
20 35 3
243 311 3
62 164 3
108 239 3
29 167 3
44 161 3
166 254 3
109 212 3
108 227 3
48 327 3
12 109 3
131 219 3
18 52 3
155 234 3
7 220 3
109 327 3
77 146 3
28 282 3
179 213 3
147 237 3
222 248 3
206 248 3
131 159 3
202 225 3
106 266 3
20 252 3
124 214 3
20 174 3
155 170 3
109 200 3
109 215 3
237 272 3
20 185 3
20 63 3
98 222 3
7 157 3
3 172 3
291 320 3
173 249 3
20 254 3
18 140 3
7 322 3
45 193 3
109 162 3
53 234 3
249 307 3
57 293 3
109 157 3
137 175 3
19 254 3
201 289 3
47 109 3
46 291 3
20 69 3
65 130 3
109 185 3
18 77 3
46 294 3
208 304 3
2 81 3
249 260 3
66 291 3
155 299 3
96 148 3
31 214 3
7 262 3
201 213 3
63 295 3
63 329 3
61 278 3
20 97 3
20 176 3
153 252 3
251 301 3
219 237 3
177 292 3
20 157 3
109 259 3
20 123 3
7 94 3
227 248 3
50 169 3
133 291 3
7 78 3
65 229 3
4 297 3
7 80 3
235 257 3
55 160 3
20 267 3
155 226 3
182 291 3
68 289 3
60 278 3
109 269 3
225 278 3
20 228 3
28 82 3
62 101 3
7 72 3
7 307 3
4 307 3
43 237 3
40 249 3
227 252 3
7 195 3
125 190 3
20 50 3
174 201 3
225 226 3
20 58 3
121 133 3
239 249 3
193 274 3
53 225 3
185 272 3
226 249 3
74 224 3
177 291 3
24 109 3
172 291 3
211 249 3
72 228 3
42 249 3
162 219 3
117 144 3
167 179 3
111 163 3
114 295 3
167 307 3
160 307 3
7 22 3
2 163 3
155 162 3
278 318 3
185 317 3
196 234 3
71 292 3
61 291 3
249 250 3
148 309 3
2 279 3
20 262 3
29 235 3
107 147 3
96 120 3
219 249 3
71 148 3
71 217 3
127 330 3
89 225 3
172 267 3
109 289 3
221 307 3
3 37 3
95 109 3
100 109 3
7 295 3
284 290 3
156 315 3
81 239 3
109 243 3
20 95 3
250 276 3
234 312 3
164 178 3
7 327 3
153 155 3
92 170 3
66 228 3
147 306 3
84 311 3
7 66 3
44 194 3
23 307 3
191 291 3
78 254 3
15 72 3
130 241 3
36 286 3
44 129 3
25 234 3
32 146 3
148 311 3
109 153 3
149 237 3
77 307 3
202 258 3
18 252 3
39 225 3
9 109 3
147 218 3
276 296 3
20 311 3
304 319 3
120 316 3
6 98 3
7 162 3
