1 147 3
1 240 3
1 257 3
2 50 3
2 104 3
3 50 3
3 118 3
3 272 3
4 11 3
4 12 3
4 18 3
4 25 3
4 28 3
4 35 3
4 48 3
4 54 3
4 58 3
4 95 3
4 108 3
4 112 3
4 116 3
4 133 3
4 135 3
4 139 3
4 143 3
4 162 3
4 176 3
4 179 3
4 182 3
4 184 3
4 211 3
4 215 3
4 216 3
4 219 3
4 222 3
4 227 3
4 229 3
4 239 3
4 256 3
4 270 3
4 271 3
4 290 3
4 291 3
5 104 3
5 133 3
5 230 3
5 265 3
6 104 3
6 286 3
8 77 3
8 154 3
8 273 3
8 276 3
9 45 3
9 174 3
10 68 3
10 235 3
11 144 3
11 171 3
11 220 3
11 252 3
13 77 3
13 207 3
14 50 3
14 136 3
14 192 3
15 79 3
16 76 3
16 179 3
16 211 3
17 50 3
17 100 3
17 165 3
17 220 3
17 240 3
18 31 3
18 124 3
18 197 3
18 207 3
19 53 3
19 98 3
19 105 3
19 160 3
19 164 3
19 187 3
19 213 3
20 104 3
20 168 3
21 63 3
21 261 3
22 26 3
22 104 3
23 30 3
23 218 3
23 253 3
24 146 3
24 148 3
26 67 3
26 159 3
26 278 3
28 128 3
29 155 3
29 171 3
29 230 3
30 171 3
30 208 3
30 248 3
31 133 3
32 146 3
33 82 3
34 104 3
35 102 3
35 181 3
36 50 3
36 133 3
37 79 3
37 216 3
38 41 3
39 86 3
39 127 3
40 50 3
40 142 3
40 201 3
41 55 3
41 185 3
41 275 3
42 148 3
42 211 3
42 278 3
44 173 3
45 47 3
45 79 3
45 95 3
45 104 3
45 173 3
45 255 3
45 256 3
46 171 3
46 173 3
47 192 3
47 235 3
48 71 3
48 76 3
48 103 3
48 107 3
48 171 3
48 180 3
48 242 3
49 94 3
49 104 3
50 54 3
50 62 3
50 74 3
50 79 3
50 99 3
50 102 3
50 114 3
50 119 3
50 132 3
50 141 3
50 154 3
50 155 3
50 163 3
50 171 3
50 177 3
50 178 3
50 180 3
50 188 3
50 192 3
50 193 3
50 194 3
50 196 3
50 203 3
50 208 3
50 211 3
50 214 3
50 215 3
50 225 3
50 226 3
50 235 3
50 237 3
50 238 3
50 240 3
50 242 3
50 248 3
50 255 3
50 257 3
50 280 3
50 298 3
50 299 3
51 63 3
51 154 3
51 175 3
51 269 3
52 125 3
52 191 3
52 240 3
54 245 3
55 182 3
55 192 3
57 63 3
57 67 3
58 104 3
58 171 3
59 181 3
60 205 3
61 67 3
61 231 3
63 72 3
63 94 3
63 104 3
63 111 3
63 125 3
63 142 3
63 144 3
63 146 3
63 170 3
63 187 3
63 213 3
63 286 3
63 296 3
64 160 3
64 193 3
64 213 3
65 246 3
67 76 3
67 91 3
67 264 3
67 265 3
68 171 3
68 179 3
69 158 3
69 216 3
70 203 3
71 181 3
71 248 3
72 104 3
72 156 3
72 205 3
73 113 3
73 140 3
74 192 3
74 220 3
74 295 3
76 166 3
76 192 3
76 213 3
76 232 3
76 275 3
77 124 3
77 210 3
77 218 3
77 235 3
77 263 3
79 81 3
79 95 3
79 104 3
79 216 3
80 171 3
81 192 3
82 121 3
82 127 3
83 84 3
84 287 3
85 104 3
85 146 3
86 129 3
87 104 3
87 108 3
87 112 3
87 148 3
87 171 3
87 173 3
87 189 3
87 230 3
91 254 3
94 153 3
94 255 3
94 295 3
95 235 3
96 171 3
96 220 3
97 150 3
97 191 3
97 207 3
97 250 3
97 291 3
101 104 3
101 126 3
101 213 3
101 230 3
102 104 3
102 210 3
102 273 3
104 107 3
104 110 3
104 116 3
104 122 3
104 123 3
104 124 3
104 129 3
104 130 3
104 133 3
104 134 3
104 143 3
104 147 3
104 165 3
104 177 3
104 187 3
104 191 3
104 192 3
104 193 3
104 199 3
104 200 3
104 206 3
104 208 3
104 217 3
104 218 3
104 220 3
104 227 3
104 237 3
104 240 3
104 242 3
104 244 3
104 249 3
104 257 3
104 261 3
104 274 3
104 285 3
104 290 3
104 292 3
104 300 3
105 165 3
105 285 3
106 235 3
106 269 3
106 299 3
112 252 3
112 301 3
116 256 3
118 269 3
123 142 3
124 160 3
124 169 3
124 242 3
125 131 3
125 149 3
125 246 3
126 216 3
127 294 3
130 230 3
131 160 3
131 202 3
131 255 3
133 212 3
134 151 3
135 230 3
136 264 3
137 148 3
140 171 3
140 269 3
142 160 3
143 221 3
144 171 3
145 153 3
145 216 3
147 263 3
148 160 3
152 235 3
154 173 3
155 209 3
155 258 3
155 277 3
156 237 3
156 243 3
157 249 3
157 298 3
157 300 3
160 181 3
160 269 3
161 255 3
162 243 3
164 192 3
165 214 3
166 261 3
167 190 3
170 269 3
170 272 3
171 217 3
171 227 3
171 233 3
171 273 3
173 181 3
173 182 3
173 223 3
173 237 3
173 245 3
173 258 3
173 264 3
173 291 3
174 269 3
176 219 3
178 194 3
179 194 3
180 248 3
180 287 3
181 187 3
181 261 3
181 264 3
182 296 3
185 228 3
185 271 3
186 187 3
186 231 3
189 235 3
190 260 3
192 203 3
193 207 3
194 245 3
194 258 3
196 275 3
197 261 3
198 235 3
201 205 3
207 237 3
207 249 3
208 269 3
211 230 3
212 255 3
214 272 3
216 218 3
221 250 3
222 254 3
224 267 3
226 245 3
230 263 3
235 264 3
240 288 3
244 254 3
245 275 3
248 293 3
250 260 3
255 263 3
256 273 3
260 278 3
87 89 3
109 296 3
4 327 3
17 105 3
10 171 3
13 94 3
131 251 3
148 332 3
104 314 3
4 171 3
112 126 3
216 231 3
50 268 3
171 189 3
104 167 3
41 154 3
96 269 3
44 191 3
79 217 3
15 22 3
104 253 3
246 322 3
97 277 3
50 80 3
243 298 3
173 330 3
126 331 3
30 192 3
50 314 3
127 242 3
49 195 3
179 195 3
97 221 3
4 77 3
50 332 3
192 300 3
48 84 3
104 273 3
180 249 3
104 296 3
95 295 3
50 283 3
50 287 3
52 315 3
111 173 3
95 326 3
98 171 3
25 213 3
196 321 3
104 224 3
50 230 3
273 294 3
242 320 3
82 169 3
50 251 3
26 171 3
225 300 3
83 235 3
87 274 3
155 274 3
50 263 3
199 235 3
74 140 3
104 270 3
79 130 3
2 4 3
4 189 3
63 310 3
50 191 3
50 228 3
78 97 3
211 233 3
76 305 3
91 104 3
50 310 3
86 104 3
13 257 3
180 218 3
127 230 3
29 263 3
4 114 3
213 241 3
76 306 3
51 84 3
104 153 3
192 286 3
7 269 3
63 77 3
63 234 3
8 69 3
50 55 3
38 176 3
249 273 3
7 277 3
105 128 3
50 281 3
61 134 3
47 104 3
186 194 3
216 253 3
51 245 3
76 135 3
242 257 3
159 275 3
121 207 3
112 310 3
107 264 3
4 88 3
126 269 3
104 236 3
59 192 3
82 220 3
125 252 3
17 299 3
35 178 3
125 221 3
19 111 3
230 329 3
214 264 3
63 267 3
4 322 3
43 171 3
4 301 3
4 260 3
104 282 3
59 102 3
19 202 3
50 291 3
79 151 3
111 194 3
104 216 3
24 235 3
103 104 3
102 217 3
217 317 3
70 235 3
99 322 3
104 178 3
18 155 3
84 104 3
4 312 3
71 212 3
59 63 3
77 192 3
101 140 3
138 193 3
17 77 3
213 289 3
104 205 3
81 177 3
80 257 3
8 170 3
41 59 3
4 78 3
45 147 3
26 218 3
104 245 3
115 230 3
19 126 3
50 89 3
246 280 3
104 259 3
155 262 3
222 243 3
29 293 3
79 224 3
4 46 3
191 216 3
50 152 3
19 250 3
98 174 3
41 45 3
12 255 3
63 132 3
50 267 3
58 67 3
100 162 3
192 247 3
192 306 3
8 24 3
4 147 3
148 286 3
192 267 3
63 203 3
101 114 3
50 104 3
104 125 3
32 77 3
35 164 3
104 275 3
122 124 3
172 192 3
101 277 3
2 115 3
123 217 3
92 155 3
19 298 3
47 250 3
122 283 3
105 136 3
211 273 3
67 263 3
253 281 3
77 125 3
51 130 3
4 44 3
4 185 3
4 9 3
45 82 3
4 245 3
47 173 3
104 305 3
68 214 3
4 172 3
54 104 3
50 97 3
45 111 3
32 87 3
37 214 3
104 330 3
71 300 3
41 210 3
107 176 3
20 209 3
36 274 3
104 194 3
130 219 3
173 280 3
16 79 3
6 105 3
256 317 3
50 231 3
29 40 3
17 298 3
63 275 3
39 50 3
4 53 3
8 149 3
7 209 3
45 145 3
50 107 3
277 313 3
129 180 3
76 104 3
72 102 3
217 328 3
21 158 3
29 244 3
76 304 3
192 240 3
126 217 3
52 94 3
102 232 3
85 257 3
102 244 3
17 141 3
127 171 3
50 166 3
63 180 3
129 236 3
71 269 3
92 278 3
81 104 3
14 254 3
46 209 3
185 220 3
39 74 3
144 173 3
125 300 3
4 113 3
63 189 3
169 298 3
62 86 3
52 54 3
10 256 3
35 171 3
117 291 3
17 145 3
124 257 3
111 182 3
4 72 3
26 104 3
44 117 3
2 38 3
8 252 3
63 325 3
148 237 3
104 135 3
36 39 3
151 282 3
131 156 3
259 273 3
200 230 3
214 253 3
136 180 3
10 192 3
48 138 3
11 66 3
95 250 3
43 50 3
13 99 3
211 286 3
50 205 3
22 50 3
50 164 3
4 50 3
40 198 3
166 282 3
220 326 3
13 242 3
35 230 3
81 286 3
79 317 3
193 317 3
78 105 3
25 173 3
162 283 3
256 280 3
104 162 3
135 331 3
181 216 3
63 89 3
31 50 3
35 292 3
39 199 3
176 272 3
267 299 3
104 304 3
127 232 3
147 192 3
192 236 3
91 163 3
18 214 3
230 250 3
63 155 3
50 243 3
211 263 3
50 302 3
104 299 3
89 134 3
20 65 3
125 218 3
208 243 3
117 226 3
171 299 3
104 271 3
50 282 3
40 247 3
77 104 3
63 313 3
79 259 3
24 104 3
253 258 3
49 102 3
140 276 3
63 314 3
95 314 3
101 195 3
105 298 3
50 201 3
40 241 3
229 277 3
84 257 3
77 200 3
50 182 3
4 81 3
55 222 3
91 227 3
126 283 3
4 257 3
208 246 3
167 177 3
105 269 3
1 76 3
19 189 3
136 192 3
181 258 3
67 210 3
50 186 3
32 270 3
159 260 3
61 133 3
107 292 3
40 277 3
104 108 3
79 301 3
63 295 3
52 98 3
195 273 3
149 171 3
179 322 3
76 239 3
14 24 3
105 116 3
25 91 3
104 276 3
55 231 3
4 279 3
35 116 3
48 297 3
133 273 3
220 330 3
105 138 3
140 155 3
76 169 3
188 205 3
50 122 3
4 224 3
199 280 3
19 227 3
19 112 3
79 164 3
8 79 3
202 211 3
192 301 3
157 219 3
230 321 3
18 318 3
20 74 3
148 324 3
76 105 3
77 258 3
48 189 3
184 242 3
29 104 3
50 223 3
4 7 3
81 97 3
69 171 3
74 316 3
90 258 3
171 253 3
200 211 3
171 230 3
89 104 3
104 269 3
6 18 3
4 21 3
7 248 3
45 221 3
50 149 3
18 50 3
128 320 3
17 282 3
50 126 3
167 273 3
63 128 3
43 105 3
265 282 3
88 191 3
58 158 3
261 286 3
171 194 3
4 329 3
104 215 3
155 237 3
11 34 3
40 63 3
239 261 3
120 262 3
48 112 3
16 58 3
105 244 3
50 58 3
230 278 3
11 316 3
50 318 3
245 280 3
104 317 3
113 171 3
104 144 3
145 184 3
45 69 3
49 192 3
55 240 3
2 62 3
19 178 3
264 324 3
39 102 3
4 232 3
23 117 3
41 56 3
50 275 3
95 236 3
125 329 3
4 236 3
57 104 3
50 270 3
122 253 3
235 245 3
76 132 3
116 261 3
76 241 3
216 313 3
1 63 3
35 136 3
23 104 3
50 57 3
209 290 3
93 104 3
180 288 3
163 173 3
143 326 3
35 94 3
104 209 3
53 276 3
20 134 3
195 210 3
36 330 3
119 125 3
74 233 3
89 228 3
14 77 3
46 74 3
296 331 3
149 313 3
100 104 3
4 258 3
217 300 3
257 318 3
48 319 3
63 97 3
41 104 3
50 116 3
219 278 3
147 230 3
81 253 3
51 104 3
71 186 3
181 289 3
72 253 3
78 171 3
192 278 3
104 267 3
126 206 3
39 295 3
74 183 3
42 171 3
104 182 3
50 93 3
148 294 3
117 288 3
4 311 3
50 146 3
230 262 3
9 264 3
233 269 3
11 148 3
159 295 3
242 309 3
49 216 3
50 198 3
4 304 3
16 176 3
141 263 3
163 304 3
42 229 3
127 155 3
48 104 3
29 110 3
50 290 3
19 297 3
122 257 3
50 307 3
104 154 3
45 140 3
199 257 3
8 173 3
208 290 3
91 232 3
211 328 3
116 252 3
45 106 3
193 260 3
102 291 3
11 63 3
94 129 3
66 101 3
4 14 3
125 287 3
8 245 3
105 204 3
105 214 3
33 196 3
8 113 3
9 50 3
4 310 3
77 281 3
14 16 3
211 220 3
201 270 3
48 113 3
6 50 3
53 295 3
181 193 3
65 104 3
171 185 3
242 260 3
176 180 3
75 104 3
149 181 3
38 116 3
261 306 3
8 104 3
50 313 3
102 229 3
40 182 3
4 268 3
207 215 3
243 277 3
46 104 3
116 306 3
68 77 3
155 263 3
63 327 3
56 300 3
86 235 3
104 151 3
17 24 3
79 325 3
44 103 3
17 23 3
180 219 3
101 222 3
84 244 3
4 83 3
30 39 3
287 327 3
45 326 3
50 63 3
292 317 3
85 120 3
107 125 3
5 256 3
50 158 3
19 34 3
4 57 3
33 272 3
137 192 3
105 135 3
242 295 3
4 16 3
104 327 3
39 59 3
102 170 3
11 103 3
192 296 3
40 58 3
148 225 3
104 128 3
187 325 3
76 92 3
62 104 3
17 218 3
11 273 3
189 305 3
104 268 3
