1 147 5
2 115 5
2 218 5
4 10 5
4 11 5
4 16 5
4 25 5
4 33 5
4 50 5
4 66 5
4 80 5
4 81 5
4 82 5
4 88 5
4 94 5
4 95 5
4 121 5
4 135 5
4 172 5
4 177 5
4 182 5
4 185 5
4 190 5
4 199 5
4 216 5
4 217 5
4 220 5
4 221 5
4 222 5
4 229 5
4 245 5
4 246 5
4 263 5
4 268 5
4 271 5
4 273 5
4 278 5
4 302 5
4 304 5
4 338 5
4 345 5
5 133 5
5 230 5
6 18 5
6 104 5
6 173 5
7 79 5
7 248 5
7 277 5
8 79 5
8 104 5
8 173 5
8 273 5
8 274 5
8 319 5
9 45 5
10 19 5
10 164 5
10 171 5
11 34 5
11 63 5
11 252 5
11 321 5
12 220 5
14 192 5
15 22 5
15 79 5
15 139 5
16 50 5
16 56 5
16 62 5
16 81 5
16 91 5
16 104 5
16 117 5
16 266 5
16 288 5
16 346 5
17 105 5
17 133 5
17 220 5
17 234 5
17 240 5
18 93 5
18 119 5
18 141 5
18 197 5
18 207 5
18 318 5
19 53 5
19 103 5
19 111 5
19 112 5
19 126 5
19 141 5
19 145 5
19 148 5
19 153 5
19 161 5
19 179 5
19 189 5
19 191 5
19 257 5
19 297 5
19 298 5
20 26 5
20 49 5
20 65 5
20 168 5
21 63 5
21 315 5
21 347 5
22 214 5
23 104 5
23 353 5
24 72 5
24 249 5
24 277 5
25 33 5
25 63 5
25 168 5
25 173 5
25 207 5
25 245 5
25 277 5
27 104 5
27 290 5
27 295 5
28 192 5
28 257 5
29 244 5
30 39 5
30 152 5
30 175 5
30 208 5
30 248 5
32 77 5
33 53 5
35 265 5
36 51 5
36 104 5
36 160 5
36 330 5
37 165 5
37 292 5
38 111 5
38 176 5
38 245 5
38 321 5
39 50 5
39 102 5
39 199 5
39 221 5
39 337 5
40 128 5
40 201 5
40 281 5
41 56 5
41 98 5
41 148 5
41 185 5
42 211 5
42 229 5
42 278 5
43 273 5
44 200 5
45 47 5
45 95 5
45 149 5
45 173 5
45 236 5
45 252 5
45 255 5
45 256 5
45 285 5
45 326 5
45 357 5
46 171 5
46 173 5
46 230 5
47 173 5
47 324 5
48 103 5
48 112 5
48 113 5
48 171 5
48 180 5
48 189 5
48 224 5
48 275 5
48 309 5
48 319 5
49 57 5
49 99 5
49 195 5
49 216 5
49 255 5
50 54 5
50 56 5
50 58 5
50 75 5
50 90 5
50 93 5
50 118 5
50 139 5
50 152 5
50 178 5
50 193 5
50 218 5
50 219 5
50 222 5
50 226 5
50 228 5
50 231 5
50 238 5
50 243 5
50 254 5
50 257 5
50 270 5
50 279 5
50 280 5
50 285 5
50 287 5
50 288 5
50 295 5
50 300 5
50 302 5
50 318 5
50 332 5
50 339 5
50 347 5
51 192 5
51 312 5
52 54 5
52 94 5
52 272 5
54 104 5
54 230 5
54 284 5
55 180 5
55 231 5
55 232 5
57 59 5
57 216 5
57 244 5
58 67 5
58 68 5
58 192 5
58 296 5
59 75 5
59 192 5
59 253 5
61 96 5
61 257 5
61 326 5
62 86 5
63 77 5
63 94 5
63 97 5
63 111 5
63 125 5
63 142 5
63 144 5
63 197 5
63 200 5
63 314 5
63 315 5
63 325 5
63 341 5
64 79 5
65 104 5
65 238 5
65 263 5
66 261 5
67 195 5
67 264 5
68 111 5
68 217 5
69 171 5
70 248 5
70 261 5
71 181 5
71 248 5
71 283 5
73 84 5
73 191 5
74 192 5
74 233 5
75 104 5
75 216 5
76 105 5
76 151 5
76 204 5
76 239 5
76 305 5
77 107 5
77 124 5
77 145 5
77 198 5
77 210 5
77 234 5
77 235 5
77 355 5
78 104 5
78 143 5
78 171 5
78 187 5
78 192 5
79 95 5
79 98 5
79 118 5
79 119 5
79 130 5
79 148 5
79 149 5
79 164 5
79 219 5
79 224 5
80 223 5
80 362 5
81 86 5
81 113 5
81 118 5
81 130 5
81 136 5
81 253 5
81 286 5
82 278 5
83 84 5
84 235 5
84 244 5
84 282 5
86 104 5
86 235 5
87 112 5
87 206 5
88 116 5
88 176 5
88 360 5
89 104 5
90 218 5
90 258 5
91 104 5
91 116 5
91 232 5
91 325 5
92 105 5
92 173 5
92 278 5
94 153 5
94 161 5
94 220 5
94 255 5
94 267 5
95 115 5
95 215 5
95 295 5
95 314 5
96 171 5
96 211 5
97 221 5
97 255 5
97 277 5
97 322 5
100 162 5
100 324 5
101 263 5
101 264 5
101 266 5
101 277 5
101 323 5
102 104 5
102 173 5
102 190 5
102 217 5
102 229 5
102 350 5
102 355 5
103 177 5
103 306 5
104 129 5
104 135 5
104 145 5
104 148 5
104 167 5
104 169 5
104 191 5
104 192 5
104 193 5
104 199 5
104 206 5
104 208 5
104 209 5
104 216 5
104 220 5
104 230 5
104 235 5
104 244 5
104 245 5
104 247 5
104 250 5
104 267 5
104 268 5
104 289 5
104 290 5
104 296 5
104 302 5
104 308 5
104 314 5
104 325 5
104 327 5
104 334 5
104 340 5
104 348 5
104 354 5
104 359 5
104 361 5
105 116 5
105 142 5
105 165 5
105 175 5
105 285 5
105 294 5
105 298 5
106 160 5
106 250 5
106 278 5
107 264 5
108 185 5
108 245 5
109 232 5
110 225 5
111 192 5
111 250 5
112 252 5
112 349 5
112 354 5
113 165 5
113 225 5
115 171 5
116 252 5
116 261 5
118 269 5
119 209 5
120 262 5
121 225 5
122 124 5
122 257 5
123 142 5
124 169 5
124 209 5
124 215 5
124 257 5
125 170 5
125 267 5
125 276 5
126 155 5
126 331 5
127 155 5
127 257 5
127 294 5
128 320 5
129 180 5
129 216 5
129 247 5
131 160 5
131 255 5
133 187 5
133 298 5
134 151 5
134 285 5
136 180 5
136 216 5
137 182 5
137 272 5
138 235 5
139 172 5
139 192 5
139 230 5
142 173 5
142 279 5
142 295 5
143 221 5
143 230 5
143 326 5
145 148 5
145 153 5
145 216 5
145 295 5
147 230 5
147 263 5
148 154 5
148 160 5
148 291 5
148 335 5
149 282 5
149 340 5
150 160 5
150 192 5
151 194 5
151 275 5
152 155 5
152 235 5
153 225 5
154 180 5
155 160 5
155 274 5
155 275 5
155 277 5
155 309 5
155 334 5
156 288 5
157 219 5
157 249 5
157 298 5
159 186 5
159 231 5
159 349 5
160 181 5
160 294 5
161 216 5
161 290 5
162 200 5
162 271 5
163 173 5
163 213 5
164 192 5
164 271 5
166 261 5
167 190 5
167 273 5
169 298 5
170 206 5
170 328 5
171 176 5
171 185 5
171 217 5
171 223 5
171 225 5
171 230 5
171 253 5
171 259 5
171 320 5
171 322 5
172 216 5
173 215 5
173 237 5
173 258 5
173 286 5
175 299 5
176 272 5
176 325 5
179 221 5
179 241 5
180 193 5
180 216 5
180 249 5
180 251 5
181 258 5
181 284 5
181 339 5
184 189 5
185 193 5
185 201 5
185 220 5
185 257 5
186 250 5
187 197 5
187 325 5
189 347 5
191 220 5
191 303 5
192 202 5
192 207 5
192 211 5
192 236 5
192 247 5
192 295 5
192 306 5
193 208 5
193 242 5
193 282 5
193 317 5
193 337 5
194 245 5
194 258 5
194 269 5
195 210 5
199 257 5
199 280 5
200 220 5
200 230 5
200 306 5
201 205 5
201 295 5
207 232 5
207 271 5
208 246 5
208 344 5
209 290 5
210 245 5
211 222 5
211 269 5
211 280 5
211 286 5
211 348 5
212 213 5
213 241 5
213 269 5
213 289 5
214 235 5
215 219 5
216 244 5
216 295 5
216 325 5
216 364 5
217 300 5
218 290 5
219 252 5
219 355 5
224 280 5
226 245 5
227 272 5
227 287 5
227 314 5
230 262 5
230 278 5
230 318 5
230 321 5
230 346 5
233 269 5
235 267 5
235 270 5
235 313 5
235 325 5
235 338 5
235 364 5
236 310 5
237 328 5
239 257 5
239 261 5
240 245 5
240 326 5
242 260 5
242 295 5
242 325 5
242 348 5
243 266 5
243 277 5
244 250 5
244 257 5
245 269 5
245 280 5
247 364 5
248 281 5
248 321 5
249 273 5
250 260 5
251 336 5
253 258 5
255 274 5
256 273 5
257 318 5
258 279 5
259 273 5
261 268 5
261 284 5
262 277 5
267 346 5
270 316 5
272 308 5
273 347 5
274 343 5
277 281 5
277 313 5
277 339 5
289 341 5
290 341 5
292 317 5
295 362 5
296 331 5
298 332 5
326 364 5
87 217 5
192 362 5
71 79 5
230 246 5
103 211 5
112 311 5
104 263 5
57 175 5
9 249 5
221 317 5
139 335 5
180 256 5
224 315 5
216 379 5
116 148 5
46 216 5
181 230 5
104 207 5
48 179 5
91 160 5
23 368 5
4 32 5
60 317 5
90 329 5
195 216 5
55 206 5
104 119 5
265 273 5
43 277 5
16 367 5
50 301 5
124 249 5
25 127 5
102 331 5
139 265 5
93 314 5
222 244 5
19 265 5
142 350 5
89 175 5
55 155 5
121 400 5
79 93 5
118 262 5
77 322 5
81 144 5
114 119 5
4 242 5
148 187 5
4 303 5
134 143 5
104 115 5
4 57 5
50 109 5
237 348 5
26 232 5
133 206 5
17 356 5
23 317 5
261 294 5
113 397 5
15 173 5
49 152 5
271 295 5
53 104 5
185 348 5
20 303 5
261 292 5
90 265 5
15 148 5
45 300 5
185 300 5
216 345 5
18 36 5
4 36 5
45 259 5
88 163 5
48 308 5
192 382 5
106 374 5
77 81 5
4 346 5
25 333 5
81 343 5
76 198 5
179 207 5
159 350 5
107 200 5
275 314 5
101 283 5
50 384 5
22 345 5
4 228 5
165 173 5
48 396 5
56 145 5
63 253 5
68 129 5
120 348 5
54 370 5
45 249 5
4 78 5
77 171 5
6 54 5
59 104 5
116 354 5
230 399 5
14 211 5
283 362 5
8 176 5
79 104 5
121 211 5
139 201 5
49 306 5
19 164 5
93 186 5
144 219 5
104 363 5
29 341 5
59 182 5
44 173 5
97 236 5
100 127 5
50 111 5
7 101 5
211 246 5
79 202 5
88 344 5
79 377 5
291 362 5
139 294 5
269 384 5
21 148 5
79 352 5
18 395 5
33 242 5
58 119 5
347 355 5
176 182 5
236 357 5
52 136 5
216 217 5
174 296 5
160 249 5
33 56 5
193 241 5
185 384 5
273 308 5
181 351 5
16 285 5
223 277 5
50 206 5
2 75 5
137 280 5
245 380 5
22 118 5
121 251 5
187 307 5
4 107 5
84 191 5
45 209 5
215 359 5
130 261 5
45 94 5
77 177 5
99 193 5
50 128 5
50 311 5
266 288 5
79 269 5
74 104 5
104 313 5
10 43 5
214 295 5
75 108 5
63 240 5
146 171 5
148 194 5
94 104 5
173 339 5
114 266 5
104 231 5
50 250 5
186 391 5
79 128 5
302 356 5
105 380 5
126 182 5
17 172 5
303 366 5
29 226 5
104 283 5
135 230 5
202 216 5
245 351 5
50 174 5
257 358 5
216 301 5
176 279 5
220 330 5
197 254 5
75 379 5
79 141 5
67 325 5
79 270 5
8 260 5
217 358 5
136 188 5
242 378 5
24 221 5
88 134 5
94 145 5
4 45 5
118 208 5
48 253 5
76 133 5
216 317 5
145 357 5
104 239 5
280 314 5
86 375 5
162 216 5
53 60 5
50 179 5
339 397 5
136 369 5
76 261 5
32 263 5
133 217 5
38 244 5
104 236 5
213 278 5
50 215 5
8 284 5
306 372 5
6 211 5
173 336 5
256 334 5
256 263 5
62 63 5
180 192 5
21 269 5
234 303 5
156 192 5
9 196 5
4 114 5
72 180 5
261 319 5
126 154 5
191 357 5
205 226 5
77 103 5
40 353 5
138 160 5
234 340 5
294 348 5
172 250 5
249 373 5
242 389 5
30 192 5
49 331 5
11 31 5
30 126 5
19 248 5
5 241 5
18 397 5
73 122 5
99 228 5
224 385 5
86 222 5
233 273 5
102 260 5
221 258 5
19 243 5
31 151 5
153 183 5
50 237 5
29 50 5
263 354 5
238 347 5
11 305 5
94 100 5
72 215 5
163 164 5
24 50 5
102 160 5
278 327 5
56 61 5
147 344 5
79 99 5
50 114 5
185 347 5
147 174 5
64 353 5
183 230 5
4 309 5
94 146 5
16 51 5
164 193 5
79 190 5
173 341 5
144 248 5
30 77 5
195 396 5
245 333 5
171 236 5
104 343 5
48 100 5
208 398 5
79 151 5
41 116 5
141 146 5
294 320 5
63 104 5
50 299 5
4 5 5
104 126 5
173 296 5
7 156 5
50 364 5
19 287 5
136 295 5
156 269 5
347 401 5
50 333 5
4 52 5
88 215 5
50 308 5
4 156 5
137 201 5
113 358 5
57 252 5
299 349 5
76 345 5
50 331 5
138 148 5
41 173 5
4 22 5
30 124 5
155 257 5
79 304 5
113 296 5
192 339 5
43 102 5
111 257 5
189 219 5
129 244 5
257 397 5
5 104 5
4 54 5
147 176 5
169 255 5
30 290 5
227 326 5
47 230 5
79 88 5
67 220 5
96 230 5
104 172 5
72 88 5
93 261 5
148 240 5
290 325 5
65 202 5
48 152 5
57 293 5
2 124 5
1 66 5
118 366 5
77 308 5
21 245 5
176 381 5
10 173 5
105 272 5
240 333 5
85 169 5
93 242 5
79 303 5
104 143 5
8 280 5
96 248 5
60 111 5
169 381 5
142 165 5
79 250 5
40 398 5
32 152 5
217 286 5
4 267 5
78 324 5
79 329 5
22 126 5
75 266 5
6 218 5
44 50 5
231 352 5
102 357 5
27 79 5
9 49 5
79 134 5
44 149 5
189 260 5
4 252 5
79 328 5
178 324 5
192 262 5
79 248 5
83 215 5
181 290 5
157 164 5
112 144 5
88 203 5
4 261 5
381 384 5
182 370 5
84 142 5
79 238 5
38 318 5
25 295 5
267 328 5
104 275 5
171 337 5
29 104 5
45 347 5
102 246 5
4 372 5
324 391 5
15 346 5
107 361 5
50 165 5
3 62 5
129 297 5
49 159 5
101 168 5
31 339 5
15 393 5
191 216 5
15 17 5
77 128 5
239 399 5
192 214 5
325 338 5
290 375 5
123 250 5
113 244 5
121 193 5
125 167 5
63 259 5
25 105 5
9 110 5
152 284 5
253 342 5
234 309 5
47 339 5
74 230 5
12 375 5
51 376 5
57 393 5
42 79 5
283 297 5
50 242 5
227 316 5
163 233 5
21 129 5
179 278 5
50 57 5
98 115 5
65 155 5
145 265 5
60 79 5
125 376 5
53 81 5
378 397 5
189 286 5
51 170 5
104 125 5
66 326 5
22 382 5
107 303 5
104 242 5
261 398 5
25 134 5
40 171 5
16 180 5
50 68 5
258 325 5
78 364 5
79 192 5
139 244 5
63 223 5
25 81 5
251 308 5
104 257 5
25 104 5
141 192 5
4 72 5
18 49 5
104 306 5
17 104 5
236 250 5
84 112 5
219 288 5
216 395 5
298 355 5
54 400 5
169 206 5
56 75 5
4 387 5
239 379 5
330 331 5
242 273 5
79 115 5
165 203 5
104 251 5
4 179 5
79 319 5
75 194 5
266 339 5
173 297 5
258 357 5
50 200 5
292 312 5
153 195 5
19 169 5
55 367 5
52 244 5
5 387 5
222 257 5
152 366 5
153 165 5
161 296 5
214 301 5
72 273 5
243 377 5
27 195 5
222 317 5
331 360 5
110 151 5
39 271 5
17 192 5
235 397 5
8 230 5
4 214 5
4 90 5
50 290 5
79 127 5
3 189 5
160 317 5
57 79 5
50 184 5
302 364 5
169 223 5
38 242 5
196 317 5
3 104 5
74 269 5
104 398 5
104 292 5
15 88 5
173 233 5
25 51 5
143 271 5
50 62 5
161 179 5
239 284 5
77 214 5
203 216 5
213 382 5
49 235 5
117 192 5
230 289 5
66 148 5
104 223 5
239 370 5
198 206 5
66 171 5
122 199 5
4 283 5
32 136 5
104 253 5
56 171 5
180 232 5
104 122 5
56 245 5
124 359 5
101 298 5
58 183 5
47 196 5
164 321 5
15 334 5
216 247 5
50 378 5
84 175 5
79 331 5
285 290 5
115 236 5
66 331 5
51 374 5
36 108 5
58 180 5
50 173 5
38 243 5
195 302 5
173 225 5
102 158 5
303 353 5
19 352 5
185 297 5
2 178 5
284 388 5
59 79 5
41 379 5
12 104 5
63 132 5
355 389 5
192 215 5
193 364 5
38 230 5
149 280 5
324 359 5
88 290 5
181 335 5
127 323 5
297 399 5
113 373 5
164 234 5
211 290 5
32 58 5
34 57 5
169 227 5
104 141 5
76 95 5
50 233 5
185 330 5
82 192 5
95 378 5
4 330 5
185 396 5
45 294 5
4 339 5
54 127 5
203 331 5
2 148 5
111 143 5
104 266 5
55 105 5
128 245 5
160 184 5
57 149 5
155 238 5
150 257 5
50 51 5
71 263 5
79 222 5
50 239 5
77 236 5
16 123 5
45 51 5
50 85 5
10 25 5
58 104 5
4 160 5
4 73 5
216 351 5
160 260 5
104 381 5
99 237 5
50 398 5
95 346 5
285 328 5
88 315 5
41 149 5
129 217 5
44 216 5
104 249 5
109 177 5
74 88 5
289 294 5
44 368 5
134 169 5
104 277 5
86 93 5
82 260 5
389 397 5
84 108 5
17 277 5
116 380 5
347 365 5
57 232 5
64 164 5
49 167 5
177 318 5
45 287 5
4 77 5
79 392 5
173 249 5
53 56 5
63 143 5
10 111 5
225 357 5
4 65 5
63 116 5
189 370 5
35 193 5
64 226 5
176 295 5
146 214 5
50 296 5
25 132 5
54 63 5
189 313 5
71 144 5
79 259 5
77 283 5
104 346 5
161 227 5
193 285 5
79 110 5
41 282 5
16 239 5
106 167 5
79 322 5
50 346 5
44 351 5
60 331 5
25 299 5
50 304 5
71 173 5
103 216 5
3 15 5
90 369 5
81 390 5
79 397 5
192 307 5
63 248 5
266 287 5
48 53 5
290 337 5
68 386 5
24 211 5
96 345 5
250 334 5
18 196 5
169 372 5
165 198 5
169 232 5
54 295 5
56 164 5
11 176 5
321 338 5
152 250 5
47 50 5
47 332 5
104 273 5
4 178 5
32 140 5
25 52 5
41 368 5
33 312 5
116 285 5
125 196 5
50 344 5
219 230 5
21 79 5
253 347 5
160 322 5
91 126 5
4 255 5
160 209 5
149 253 5
230 261 5
287 391 5
146 200 5
39 346 5
263 301 5
260 304 5
82 107 5
50 396 5
49 272 5
23 295 5
3 48 5
113 188 5
248 393 5
96 384 5
73 268 5
83 214 5
50 323 5
159 160 5
180 187 5
130 152 5
225 310 5
123 171 5
3 82 5
83 132 5
51 276 5
146 273 5
165 274 5
141 213 5
21 325 5
106 216 5
235 260 5
142 157 5
167 245 5
56 221 5
81 381 5
250 362 5
20 284 5
83 104 5
258 260 5
280 317 5
34 173 5
21 239 5
87 280 5
27 216 5
104 270 5
1 25 5
104 161 5
50 112 5
11 67 5
224 295 5
4 171 5
191 235 5
8 290 5
75 79 5
192 312 5
57 361 5
16 365 5
58 64 5
17 185 5
52 184 5
244 246 5
131 171 5
236 319 5
113 388 5
76 78 5
143 256 5
169 243 5
19 173 5
143 236 5
50 351 5
165 290 5
50 73 5
300 314 5
120 216 5
185 337 5
105 144 5
149 216 5
22 295 5
3 131 5
28 63 5
135 290 5
263 352 5
89 267 5
50 337 5
48 73 5
49 133 5
2 216 5
168 251 5
162 196 5
84 104 5
39 382 5
336 353 5
78 373 5
165 169 5
4 361 5
104 352 5
99 261 5
45 183 5
97 152 5
183 257 5
54 92 5
79 286 5
48 287 5
50 258 5
50 303 5
28 204 5
48 347 5
46 61 5
236 286 5
135 295 5
184 186 5
105 348 5
62 329 5
48 234 5
93 131 5
122 160 5
57 236 5
18 323 5
280 363 5
335 371 5
50 359 5
235 372 5
196 232 5
176 289 5
113 208 5
166 184 5
269 399 5
83 169 5
118 177 5
43 329 5
244 338 5
237 240 5
298 339 5
266 273 5
193 259 5
104 219 5
4 29 5
101 199 5
4 41 5
50 148 5
22 117 5
295 310 5
163 203 5
4 226 5
92 237 5
4 141 5
249 307 5
36 213 5
4 351 5
95 123 5
145 230 5
67 242 5
201 251 5
104 347 5
89 347 5
