1 2 5
1 5 5
1 75 5
1 121 5
1 134 5
1 141 5
1 181 5
1 191 5
1 227 5
1 242 5
1 255 5
1 263 5
1 275 5
1 300 5
1 302 5
1 330 5
1 364 5
1 365 5
1 398 5
1 399 5
1 401 5
2 65 5
2 87 5
2 88 5
2 199 5
2 231 5
2 240 5
2 245 5
2 265 5
2 279 5
2 281 5
2 299 5
2 308 5
2 331 5
2 363 5
2 399 5
2 400 5
2 401 5
3 7 5
3 91 5
3 98 5
3 99 5
3 124 5
3 140 5
3 198 5
3 275 5
3 284 5
3 287 5
3 310 5
3 331 5
3 365 5
3 399 5
3 400 5
3 401 5
4 13 5
4 64 5
4 224 5
4 254 5
4 279 5
4 302 5
4 332 5
5 7 5
5 8 5
5 10 5
5 46 5
5 167 5
5 193 5
6 8 5
6 9 5
6 11 5
6 31 5
6 37 5
6 128 5
6 207 5
6 220 5
6 261 5
6 290 5
6 317 5
7 11 5
7 12 5
7 50 5
7 72 5
7 138 5
7 325 5
8 9 5
8 10 5
8 13 5
8 81 5
8 109 5
8 178 5
8 183 5
8 223 5
8 242 5
8 397 5
9 13 5
9 122 5
9 130 5
9 138 5
9 211 5
9 225 5
10 96 5
10 264 5
10 276 5
10 295 5
11 15 5
11 61 5
11 84 5
11 133 5
11 280 5
11 313 5
12 15 5
12 17 5
12 83 5
12 85 5
12 104 5
12 115 5
12 124 5
12 126 5
12 240 5
12 265 5
12 394 5
13 15 5
13 58 5
13 113 5
13 266 5
13 274 5
13 289 5
14 15 5
14 16 5
14 19 5
14 89 5
14 178 5
14 290 5
14 298 5
14 336 5
15 16 5
15 19 5
15 75 5
15 128 5
15 140 5
15 202 5
15 241 5
15 272 5
15 285 5
15 322 5
16 17 5
16 19 5
16 20 5
16 21 5
16 257 5
16 280 5
16 358 5
16 384 5
17 21 5
17 22 5
17 39 5
17 77 5
17 136 5
17 160 5
17 206 5
17 220 5
18 20 5
18 22 5
18 89 5
18 119 5
18 172 5
18 173 5
18 188 5
18 267 5
18 345 5
19 20 5
19 22 5
19 210 5
19 224 5
19 248 5
19 250 5
19 282 5
19 315 5
20 24 5
20 41 5
20 44 5
20 94 5
20 264 5
21 26 5
21 31 5
21 37 5
21 94 5
21 115 5
21 158 5
21 164 5
21 179 5
21 217 5
21 223 5
21 297 5
22 26 5
22 81 5
22 115 5
22 197 5
22 273 5
23 24 5
23 26 5
23 63 5
23 75 5
23 333 5
24 25 5
24 62 5
24 137 5
24 171 5
24 230 5
25 27 5
25 53 5
25 89 5
25 134 5
25 146 5
25 150 5
25 155 5
25 167 5
26 31 5
26 164 5
26 200 5
26 400 5
27 32 5
27 85 5
27 99 5
27 231 5
27 258 5
28 29 5
28 30 5
28 113 5
28 387 5
29 30 5
29 32 5
29 33 5
29 331 5
29 400 5
30 33 5
30 63 5
30 73 5
30 92 5
30 204 5
30 249 5
30 264 5
30 297 5
30 350 5
31 75 5
31 87 5
31 91 5
31 103 5
31 156 5
31 227 5
31 321 5
32 36 5
32 63 5
32 69 5
32 92 5
32 94 5
32 294 5
32 344 5
33 42 5
33 89 5
33 108 5
33 144 5
33 182 5
33 230 5
33 254 5
33 289 5
33 324 5
34 38 5
34 67 5
34 88 5
34 156 5
34 192 5
34 228 5
34 238 5
35 39 5
35 40 5
35 60 5
35 82 5
35 110 5
35 122 5
35 228 5
35 230 5
35 256 5
36 37 5
36 40 5
36 83 5
36 203 5
36 265 5
36 348 5
37 41 5
37 42 5
37 119 5
37 293 5
37 346 5
38 40 5
38 48 5
38 155 5
39 42 5
39 43 5
39 69 5
39 116 5
39 173 5
39 213 5
39 273 5
39 383 5
40 41 5
40 321 5
41 44 5
41 45 5
41 46 5
41 75 5
41 82 5
41 130 5
41 135 5
41 151 5
41 273 5
42 43 5
42 44 5
42 46 5
43 45 5
43 46 5
43 47 5
43 128 5
43 223 5
44 45 5
44 91 5
44 105 5
44 192 5
44 205 5
44 314 5
45 49 5
45 50 5
45 52 5
45 68 5
45 122 5
45 125 5
45 176 5
45 204 5
45 217 5
45 261 5
45 299 5
46 47 5
46 48 5
46 49 5
46 65 5
46 78 5
46 153 5
46 154 5
47 51 5
47 140 5
47 149 5
47 181 5
47 258 5
47 314 5
48 49 5
48 97 5
48 121 5
48 161 5
48 200 5
48 204 5
48 226 5
48 234 5
48 235 5
48 341 5
48 372 5
49 50 5
49 54 5
49 59 5
49 295 5
49 336 5
50 51 5
50 53 5
50 70 5
50 83 5
50 121 5
50 148 5
50 195 5
50 263 5
50 306 5
51 52 5
51 68 5
51 232 5
52 53 5
52 109 5
52 116 5
52 135 5
52 150 5
52 153 5
53 57 5
53 58 5
53 115 5
53 199 5
53 247 5
53 327 5
54 55 5
54 57 5
54 265 5
55 189 5
55 269 5
56 59 5
56 72 5
56 111 5
56 114 5
56 295 5
56 377 5
57 58 5
57 59 5
57 61 5
57 163 5
58 59 5
58 62 5
58 131 5
58 247 5
59 61 5
59 62 5
59 110 5
59 125 5
59 207 5
59 237 5
59 400 5
60 61 5
60 62 5
60 63 5
60 139 5
60 185 5
60 221 5
60 395 5
61 62 5
61 138 5
61 164 5
61 175 5
61 247 5
61 250 5
61 258 5
61 341 5
61 383 5
62 64 5
62 126 5
62 152 5
62 168 5
62 190 5
62 204 5
62 254 5
62 267 5
63 64 5
63 66 5
63 68 5
63 133 5
63 218 5
63 231 5
63 245 5
63 306 5
64 66 5
64 141 5
64 174 5
64 247 5
64 254 5
64 372 5
65 66 5
65 67 5
65 69 5
65 70 5
65 174 5
65 240 5
66 68 5
66 69 5
66 70 5
66 189 5
66 213 5
67 68 5
67 69 5
67 71 5
67 72 5
67 337 5
68 69 5
68 72 5
68 73 5
68 75 5
68 110 5
68 116 5
68 131 5
68 243 5
68 261 5
68 284 5
68 377 5
69 150 5
69 167 5
69 168 5
69 175 5
69 189 5
69 320 5
70 71 5
70 74 5
70 98 5
70 288 5
71 73 5
71 142 5
71 259 5
71 391 5
72 73 5
72 75 5
72 76 5
72 275 5
72 294 5
73 77 5
73 164 5
73 184 5
73 196 5
73 252 5
73 256 5
73 325 5
73 354 5
73 364 5
73 385 5
74 75 5
74 78 5
74 253 5
74 255 5
75 77 5
75 100 5
75 113 5
75 201 5
75 324 5
76 80 5
76 95 5
76 96 5
76 119 5
76 142 5
76 200 5
76 315 5
77 82 5
77 361 5
78 80 5
78 106 5
78 122 5
78 297 5
79 80 5
79 83 5
79 84 5
79 106 5
79 132 5
79 143 5
80 81 5
80 101 5
80 114 5
80 142 5
80 273 5
80 312 5
80 329 5
81 82 5
81 85 5
81 190 5
81 230 5
81 330 5
82 83 5
82 86 5
82 159 5
82 189 5
82 199 5
82 250 5
82 394 5
83 87 5
83 151 5
83 166 5
83 290 5
83 302 5
83 394 5
84 85 5
84 88 5
84 89 5
84 137 5
84 169 5
84 178 5
84 186 5
84 192 5
84 277 5
84 314 5
84 340 5
85 89 5
85 246 5
85 254 5
85 255 5
85 319 5
86 88 5
86 90 5
86 114 5
86 119 5
86 172 5
86 193 5
86 245 5
86 285 5
86 384 5
87 92 5
87 112 5
87 303 5
88 90 5
88 181 5
88 206 5
88 265 5
88 316 5
89 90 5
89 120 5
89 254 5
90 91 5
90 94 5
90 210 5
90 290 5
91 193 5
91 308 5
92 107 5
92 130 5
92 174 5
92 224 5
92 237 5
93 96 5
93 173 5
93 242 5
94 95 5
94 98 5
94 99 5
94 262 5
95 99 5
95 147 5
95 214 5
95 296 5
95 325 5
96 100 5
96 172 5
96 176 5
96 334 5
97 98 5
97 138 5
97 148 5
97 209 5
97 216 5
97 217 5
97 241 5
97 266 5
97 272 5
97 347 5
98 102 5
98 135 5
98 158 5
98 211 5
98 230 5
98 239 5
98 297 5
98 299 5
98 376 5
99 117 5
99 141 5
99 172 5
99 184 5
99 194 5
100 101 5
100 102 5
100 105 5
100 149 5
100 167 5
100 185 5
100 202 5
101 102 5
101 103 5
101 114 5
101 122 5
101 179 5
101 231 5
102 105 5
102 106 5
102 156 5
103 106 5
103 146 5
103 164 5
103 240 5
104 108 5
104 109 5
104 148 5
104 210 5
104 227 5
104 235 5
104 286 5
105 107 5
105 109 5
105 132 5
105 154 5
105 281 5
106 107 5
106 108 5
106 109 5
106 110 5
106 120 5
106 145 5
106 360 5
107 108 5
107 112 5
107 114 5
107 141 5
107 231 5
107 251 5
108 109 5
108 110 5
108 221 5
108 271 5
108 342 5
109 110 5
109 111 5
109 157 5
109 176 5
110 224 5
111 113 5
111 115 5
111 390 5
112 113 5
112 114 5
112 371 5
113 117 5
113 134 5
113 234 5
114 117 5
114 123 5
114 174 5
114 290 5
114 326 5
115 116 5
115 119 5
115 248 5
116 121 5
116 132 5
116 211 5
116 302 5
117 120 5
117 122 5
117 145 5
117 185 5
117 360 5
118 122 5
118 134 5
118 192 5
119 124 5
119 355 5
120 123 5
120 270 5
120 271 5
121 123 5
121 125 5
121 199 5
122 237 5
122 290 5
122 296 5
122 327 5
122 350 5
123 126 5
123 138 5
123 188 5
123 192 5
123 215 5
123 254 5
123 280 5
123 301 5
124 270 5
124 321 5
125 127 5
125 129 5
125 145 5
125 213 5
125 250 5
126 130 5
126 263 5
126 334 5
126 338 5
127 129 5
127 130 5
127 131 5
127 132 5
127 241 5
127 259 5
127 292 5
128 131 5
128 133 5
128 147 5
128 260 5
129 131 5
129 133 5
129 168 5
130 132 5
130 134 5
130 182 5
130 249 5
130 292 5
130 305 5
131 135 5
131 136 5
131 284 5
131 295 5
132 312 5
132 350 5
133 135 5
133 137 5
133 274 5
133 295 5
133 309 5
134 136 5
134 266 5
134 392 5
135 139 5
136 137 5
136 138 5
136 141 5
137 141 5
137 166 5
137 173 5
137 381 5
138 140 5
138 142 5
138 234 5
138 241 5
138 283 5
139 140 5
139 141 5
139 142 5
139 170 5
140 144 5
140 145 5
140 193 5
140 196 5
140 306 5
141 144 5
141 146 5
141 148 5
141 235 5
141 289 5
141 381 5
142 149 5
143 146 5
143 148 5
143 179 5
143 207 5
144 145 5
144 147 5
144 148 5
144 285 5
145 146 5
145 164 5
145 312 5
145 364 5
146 147 5
146 150 5
146 181 5
147 230 5
148 149 5
149 150 5
149 152 5
149 198 5
149 200 5
149 238 5
150 151 5
150 203 5
150 301 5
151 153 5
152 153 5
152 156 5
153 154 5
153 209 5
153 224 5
153 233 5
154 158 5
154 188 5
154 283 5
155 157 5
155 159 5
155 162 5
155 200 5
155 247 5
156 157 5
156 160 5
156 161 5
156 243 5
157 158 5
157 159 5
157 161 5
157 183 5
157 199 5
157 299 5
158 163 5
158 180 5
158 193 5
158 311 5
158 317 5
159 195 5
159 399 5
160 192 5
160 237 5
161 164 5
161 226 5
161 237 5
162 169 5
162 227 5
163 164 5
163 165 5
163 167 5
163 168 5
163 185 5
163 286 5
163 339 5
164 169 5
164 226 5
164 323 5
164 331 5
164 356 5
165 166 5
165 167 5
165 169 5
165 345 5
165 392 5
166 168 5
166 170 5
166 171 5
166 197 5
167 191 5
167 268 5
167 309 5
168 170 5
168 173 5
168 174 5
168 251 5
168 261 5
169 173 5
169 193 5
169 204 5
169 277 5
169 313 5
170 171 5
170 174 5
171 174 5
171 175 5
171 273 5
171 385 5
172 173 5
172 177 5
172 208 5
172 242 5
173 250 5
174 176 5
174 214 5
174 229 5
174 267 5
175 217 5
175 251 5
175 336 5
175 397 5
176 177 5
176 181 5
176 303 5
177 178 5
177 179 5
177 180 5
177 220 5
177 249 5
178 179 5
178 182 5
178 230 5
179 180 5
179 181 5
179 253 5
179 384 5
180 181 5
180 183 5
180 184 5
180 201 5
180 258 5
181 185 5
181 198 5
181 234 5
181 319 5
182 183 5
182 185 5
182 282 5
182 373 5
183 186 5
183 187 5
183 249 5
184 185 5
184 201 5
184 359 5
185 186 5
185 249 5
186 188 5
186 196 5
187 188 5
187 191 5
187 216 5
188 189 5
188 387 5
189 190 5
189 264 5
190 230 5
191 193 5
191 195 5
191 196 5
191 207 5
191 259 5
191 352 5
192 194 5
192 208 5
192 227 5
192 352 5
193 194 5
193 197 5
193 217 5
193 225 5
194 196 5
194 198 5
194 287 5
194 391 5
195 196 5
195 354 5
196 199 5
196 251 5
196 253 5
197 198 5
197 200 5
197 244 5
198 201 5
198 213 5
198 248 5
198 262 5
198 338 5
199 298 5
200 203 5
200 362 5
201 202 5
201 235 5
202 205 5
203 207 5
203 283 5
204 259 5
204 372 5
205 207 5
205 210 5
205 228 5
206 207 5
206 227 5
206 239 5
206 261 5
206 304 5
206 314 5
206 388 5
206 401 5
207 210 5
207 212 5
207 270 5
207 281 5
207 360 5
208 211 5
208 212 5
208 309 5
208 325 5
209 213 5
210 212 5
210 213 5
211 214 5
211 215 5
211 219 5
211 227 5
211 376 5
212 215 5
212 217 5
212 221 5
212 249 5
213 216 5
213 262 5
213 293 5
214 215 5
214 321 5
215 217 5
215 218 5
215 255 5
215 276 5
215 301 5
216 220 5
216 233 5
216 260 5
216 319 5
217 219 5
217 221 5
218 221 5
218 223 5
218 224 5
219 220 5
219 221 5
219 222 5
219 223 5
220 221 5
220 223 5
220 224 5
221 225 5
222 223 5
222 224 5
222 226 5
222 264 5
222 270 5
222 274 5
223 224 5
223 226 5
223 227 5
223 228 5
223 262 5
223 290 5
223 324 5
223 355 5
224 251 5
225 227 5
226 227 5
226 228 5
226 230 5
226 231 5
227 228 5
227 230 5
227 259 5
227 380 5
229 230 5
229 231 5
230 232 5
230 258 5
230 279 5
230 335 5
231 233 5
232 235 5
232 236 5
232 237 5
232 346 5
233 234 5
233 235 5
233 237 5
233 307 5
234 236 5
234 238 5
234 239 5
234 320 5
235 238 5
235 239 5
235 361 5
236 237 5
236 238 5
236 239 5
236 240 5
236 241 5
236 337 5
237 240 5
237 241 5
237 289 5
238 240 5
238 241 5
238 242 5
238 243 5
239 273 5
240 243 5
240 244 5
241 243 5
241 246 5
241 312 5
241 324 5
242 245 5
242 247 5
242 384 5
243 244 5
243 247 5
243 332 5
243 362 5
244 246 5
244 247 5
244 248 5
245 249 5
246 247 5
246 254 5
246 268 5
246 278 5
247 250 5
248 252 5
248 253 5
249 253 5
250 253 5
250 282 5
251 252 5
251 255 5
251 256 5
252 253 5
252 254 5
252 294 5
252 326 5
252 346 5
254 258 5
254 376 5
255 259 5
255 260 5
255 306 5
256 258 5
257 259 5
257 390 5
258 263 5
259 263 5
259 264 5
259 359 5
260 261 5
260 265 5
260 286 5
260 343 5
262 265 5
263 283 5
263 286 5
264 268 5
264 318 5
265 323 5
265 365 5
266 268 5
266 270 5
266 351 5
267 270 5
267 276 5
268 272 5
269 271 5
269 273 5
269 274 5
269 385 5
270 273 5
270 274 5
270 275 5
271 275 5
272 273 5
272 282 5
273 276 5
273 325 5
274 276 5
274 278 5
274 350 5
275 277 5
275 291 5
275 306 5
276 279 5
276 316 5
276 395 5
277 279 5
277 282 5
278 280 5
279 282 5
279 284 5
280 281 5
280 282 5
280 283 5
280 284 5
281 282 5
281 285 5
282 283 5
282 287 5
283 286 5
283 288 5
283 324 5
284 286 5
284 288 5
284 289 5
285 287 5
285 288 5
286 289 5
287 289 5
287 290 5
287 291 5
287 317 5
288 289 5
288 292 5
288 295 5
288 313 5
289 292 5
289 311 5
289 315 5
290 324 5
291 292 5
291 293 5
292 296 5
292 297 5
293 294 5
293 295 5
293 296 5
293 297 5
293 298 5
294 295 5
294 297 5
294 298 5
294 299 5
295 298 5
295 328 5
296 297 5
297 301 5
298 302 5
299 300 5
299 303 5
300 301 5
300 303 5
300 304 5
301 302 5
301 303 5
301 304 5
301 371 5
302 303 5
302 305 5
303 304 5
303 307 5
303 349 5
304 306 5
304 307 5
304 309 5
304 320 5
304 341 5
305 306 5
305 307 5
305 308 5
306 307 5
306 310 5
307 308 5
307 310 5
308 310 5
308 353 5
309 311 5
309 312 5
310 311 5
310 312 5
310 313 5
311 312 5
311 313 5
311 315 5
311 316 5
312 313 5
312 314 5
313 314 5
313 315 5
313 317 5
313 321 5
314 315 5
314 317 5
314 319 5
315 316 5
315 317 5
315 318 5
316 318 5
316 320 5
317 319 5
317 321 5
318 319 5
318 320 5
318 321 5
318 323 5
319 322 5
319 341 5
320 323 5
320 331 5
321 323 5
321 324 5
322 323 5
322 324 5
322 327 5
323 325 5
323 327 5
323 328 5
324 329 5
325 326 5
325 328 5
325 330 5
326 328 5
326 329 5
326 330 5
327 328 5
327 329 5
327 332 5
327 363 5
327 399 5
328 329 5
328 330 5
328 331 5
328 333 5
329 330 5
329 332 5
330 331 5
330 332 5
330 333 5
331 332 5
331 333 5
331 334 5
331 335 5
332 335 5
332 361 5
333 334 5
333 335 5
333 336 5
334 336 5
334 337 5
335 336 5
335 337 5
335 339 5
336 337 5
336 339 5
336 340 5
337 338 5
337 340 5
337 341 5
337 371 5
338 341 5
338 342 5
338 354 5
339 341 5
339 343 5
340 341 5
340 342 5
341 344 5
341 346 5
342 344 5
342 345 5
342 346 5
343 344 5
343 345 5
343 346 5
343 347 5
344 345 5
344 346 5
344 347 5
345 347 5
345 348 5
346 347 5
347 349 5
347 350 5
347 351 5
347 352 5
348 349 5
348 350 5
348 351 5
348 353 5
349 351 5
349 352 5
349 353 5
350 353 5
350 386 5
351 352 5
351 353 5
351 354 5
351 386 5
352 353 5
352 356 5
353 354 5
353 355 5
353 356 5
354 355 5
354 356 5
354 357 5
355 357 5
355 358 5
356 357 5
356 359 5
356 360 5
357 358 5
357 359 5
357 360 5
357 361 5
358 359 5
358 360 5
358 361 5
358 363 5
359 361 5
359 362 5
360 361 5
360 362 5
361 362 5
361 365 5
362 363 5
362 364 5
362 366 5
363 365 5
363 367 5
363 368 5
364 365 5
364 367 5
364 368 5
365 366 5
365 367 5
365 368 5
365 369 5
366 367 5
366 368 5
366 369 5
366 370 5
366 378 5
367 368 5
367 369 5
367 370 5
367 371 5
368 369 5
368 370 5
368 371 5
368 372 5
369 370 5
369 371 5
369 372 5
369 373 5
370 371 5
370 372 5
370 373 5
370 374 5
371 372 5
371 375 5
371 376 5
372 374 5
372 375 5
372 376 5
372 401 5
373 374 5
373 375 5
373 376 5
373 377 5
374 375 5
374 376 5
374 377 5
374 378 5
374 379 5
375 376 5
375 377 5
375 378 5
375 379 5
376 379 5
376 380 5
377 379 5
377 380 5
377 381 5
377 382 5
378 379 5
378 381 5
378 382 5
379 380 5
379 381 5
379 382 5
379 383 5
380 381 5
380 382 5
380 384 5
380 385 5
381 382 5
381 383 5
381 385 5
381 386 5
382 383 5
382 384 5
382 385 5
382 386 5
383 384 5
383 385 5
383 386 5
383 387 5
384 385 5
384 386 5
384 388 5
384 389 5
385 386 5
385 388 5
386 389 5
386 390 5
387 388 5
387 390 5
387 391 5
387 392 5
388 390 5
388 391 5
388 392 5
388 393 5
389 390 5
389 391 5
389 392 5
389 393 5
390 391 5
390 392 5
390 393 5
391 392 5
391 393 5
392 393 5
392 394 5
392 395 5
392 396 5
392 397 5
393 394 5
393 395 5
393 396 5
393 397 5
393 398 5
394 396 5
394 397 5
394 398 5
394 399 5
395 396 5
395 397 5
395 399 5
395 400 5
396 397 5
396 398 5
396 399 5
396 400 5
397 398 5
397 399 5
397 401 5
398 399 5
398 400 5
398 401 5
399 400 5
400 401 5
