57 134 1
86 246 1
86 120 1
120 169 1
29 134 1
169 239 1
193 239 1
169 205 1
103 179 1
171 239 1
86 119 1
213 239 1
21 239 1
21 24 1
42 169 1
86 219 1
177 239 1
131 219 1
36 239 1
36 145 1
102 239 1
68 120 1
119 228 1
131 239 1
107 120 1
20 239 1
36 245 1
86 239 1
47 239 1
26 36 1
112 239 1
131 216 1
131 264 1
18 219 1
42 270 1
131 163 1
72 264 1
42 200 1
48 239 1
124 179 1
131 259 1
86 198 1
131 263 1
200 239 1
122 219 1
49 179 1
239 253 1
239 260 1
52 264 1
21 221 1
35 239 1
80 239 1
239 254 1
192 239 1
36 161 1
29 219 1
49 239 1
3 86 1
158 200 1
146 239 1
14 239 1
120 131 1
49 170 1
107 264 1
42 64 1
123 131 1
131 138 1
49 222 1
59 200 1
50 179 1
206 239 1
117 239 1
142 239 1
233 239 1
86 232 1
29 185 1
124 198 1
95 131 1
36 143 1
36 242 1
24 225 1
78 239 1
181 254 1
186 254 1
124 248 1
145 239 1
26 254 1
14 105 1
49 97 1
198 213 1
166 186 1
49 126 1
205 239 1
77 185 1
100 228 1
70 239 1
81 239 1
29 132 1
124 246 1
234 239 1
185 239 1
67 216 1
86 94 1
106 239 1
86 99 1
218 239 1
49 200 1
7 239 1
109 239 1
183 239 1
216 239 1
156 239 1
141 239 1
40 200 1
110 131 1
86 159 1
100 239 1
202 239 1
6 64 1
4 36 1
107 239 1
66 264 1
36 44 1
222 264 1
77 93 1
123 207 1
148 239 1
147 239 1
45 198 1
151 264 1
225 239 1
81 131 1
41 264 1
32 239 1
249 253 1
135 181 1
5 131 1
29 74 1
37 64 1
217 239 1
164 239 1
130 185 1
36 100 1
16 122 1
86 264 1
221 239 1
125 131 1
167 246 1
58 239 1
147 169 1
118 142 1
92 193 1
24 86 1
110 119 1
51 131 1
76 131 1
112 137 1
3 53 1
131 174 1
41 193 1
6 75 1
142 234 1
160 239 1
155 264 1
146 248 1
3 263 1
6 34 1
231 239 1
149 216 1
64 156 1
67 120 1
239 258 1
233 264 1
106 117 1
183 222 1
32 229 1
228 240 1
50 235 1
10 135 1
24 266 1
131 162 1
204 207 1
51 150 1
154 264 1
193 226 1
200 265 1
159 239 1
111 186 1
126 264 1
151 156 1
21 172 1
118 131 1
195 239 1
48 152 1
64 177 1
50 263 1
54 228 1
229 239 1
97 239 1
21 256 1
63 169 1
44 145 1
61 63 1
128 135 1
174 254 1
106 264 1
100 205 1
18 50 1
12 239 1
119 250 1
131 212 1
227 239 1
38 263 1
48 207 1
3 239 1
115 264 1
159 227 1
78 109 1
215 239 1
150 221 1
28 49 1
135 270 1
151 242 1
105 264 1
6 242 1
69 264 1
119 273 1
90 239 1
54 219 1
60 185 1
119 188 1
186 239 1
161 239 1
193 225 1
106 177 1
198 273 1
94 131 1
122 131 1
49 137 1
223 239 1
186 203 1
59 264 1
89 239 1
48 72 1
6 239 1
131 238 1
239 265 1
21 73 1
101 239 1
200 231 1
95 264 1
123 264 1
9 239 1
110 239 1
2 264 1
120 139 1
86 196 1
191 225 1
67 186 1
12 87 1
82 239 1
86 160 1
174 225 1
86 194 1
109 225 1
64 164 1
45 179 1
90 108 1
76 228 1
3 208 1
41 135 1
70 197 1
125 239 1
60 239 1
29 118 1
45 239 1
191 248 1
70 264 1
126 239 1
50 75 1
157 239 1
85 239 1
44 63 1
190 239 1
86 222 1
183 234 1
239 273 1
44 253 1
54 82 1
136 198 1
49 181 1
110 242 1
124 167 1
62 239 1
199 239 1
22 131 1
94 177 1
129 239 1
131 261 1
55 97 1
36 257 1
138 239 1
78 275 1
63 178 1
3 118 1
100 213 1
65 145 1
24 122 1
40 201 1
83 130 1
55 64 1
34 264 1
44 128 1
120 233 1
31 213 1
7 75 1
186 238 1
30 110 1
239 275 1
97 131 1
168 239 1
86 273 1
45 269 1
131 256 1
32 244 1
86 156 1
90 163 1
15 24 1
67 133 1
94 214 1
237 260 1
169 241 1
86 272 1
36 75 1
4 221 1
27 239 1
42 149 1
89 124 1
4 74 1
34 239 1
23 177 1
148 185 1
64 198 1
52 239 1
203 221 1
178 239 1
75 80 1
96 239 1
41 239 1
36 87 1
182 239 1
6 167 1
150 182 1
80 240 1
178 233 1
115 183 1
6 120 1
4 264 1
23 239 1
219 242 1
143 239 1
79 124 1
18 228 1
28 126 1
63 273 1
11 137 1
239 274 1
105 131 1
3 165 1
51 194 1
1 131 1
39 239 1
33 75 1
20 131 1
1 191 1
29 239 1
17 44 1
97 200 1
239 268 1
9 262 1
107 193 1
89 131 1
14 169 1
49 160 1
97 136 1
99 239 1
219 239 1
204 239 1
154 239 1
1 103 1
217 253 1
36 173 1
225 274 1
167 186 1
20 86 1
101 264 1
198 222 1
142 271 1
5 119 1
66 107 1
42 124 1
71 200 1
35 97 1
135 239 1
87 246 1
64 137 1
16 75 1
41 156 1
37 239 1
126 245 1
32 84 1
57 110 1
183 201 1
148 197 1
117 264 1
6 26 1
4 131 1
4 10 1
4 228 1
83 112 1
248 265 1
112 186 1
239 261 1
183 225 1
73 239 1
49 186 1
4 200 1
124 158 1
57 239 1
93 147 1
91 145 1
183 187 1
21 262 1
36 89 1
97 132 1
75 223 1
150 200 1
161 186 1
153 239 1
86 249 1
34 192 1
6 96 1
63 122 1
239 249 1
114 186 1
1 239 1
61 239 1
186 195 1
48 119 1
194 239 1
180 239 1
186 253 1
10 32 1
155 168 1
136 185 1
173 200 1
239 270 1
257 264 1
119 139 1
86 164 1
22 147 1
55 239 1
42 175 1
49 73 1
52 223 1
200 262 1
131 141 1
22 71 1
178 259 1
113 179 1
116 239 1
118 155 1
131 150 1
254 260 1
52 116 1
86 122 1
177 228 1
180 183 1
30 131 1
224 260 1
200 248 1
67 169 1
219 260 1
46 239 1
185 231 1
155 188 1
30 86 1
19 41 1
85 110 1
168 221 1
33 239 1
54 264 1
21 68 1
41 267 1
84 107 1
1 188 1
185 267 1
67 259 1
71 131 1
36 246 1
140 239 1
88 239 1
9 124 1
62 185 1
132 183 1
71 119 1
67 244 1
44 179 1
58 122 1
142 168 1
107 131 1
177 211 1
80 272 1
135 221 1
18 77 1
29 234 1
169 253 1
128 239 1
145 202 1
56 239 1
106 113 1
185 187 1
107 237 1
87 112 1
51 239 1
186 217 1
4 98 1
203 264 1
175 239 1
74 131 1
110 264 1
26 239 1
232 242 1
58 153 1
152 239 1
42 222 1
119 239 1
183 197 1
129 146 1
90 135 1
147 160 1
95 239 1
126 203 1
237 239 1
26 59 1
166 239 1
239 262 1
75 190 1
26 264 1
17 239 1
20 169 1
93 140 1
8 21 1
36 273 1
3 172 1
90 172 1
36 126 1
131 133 1
33 262 1
95 124 1
205 235 1
187 193 1
210 239 1
219 236 1
113 242 1
56 118 1
179 226 1
116 200 1
86 148 1
80 264 1
135 219 1
95 214 1
240 264 1
30 239 1
159 272 1
18 86 1
107 224 1
99 117 1
139 264 1
11 53 1
61 228 1
213 215 1
175 259 1
148 200 1
140 145 1
86 151 1
21 133 1
13 239 1
151 225 1
101 115 1
219 221 1
186 258 1
51 110 1
51 219 1
21 180 1
9 100 1
86 165 1
252 272 1
29 100 1
79 239 1
186 255 1
25 157 1
239 243 1
86 221 1
239 264 1
182 218 1
92 208 1
64 235 1
32 80 1
32 76 1
1 100 1
206 221 1
124 172 1
131 198 1
29 202 1
196 198 1
65 119 1
36 86 1
29 153 1
110 263 1
4 164 1
264 269 1
112 217 1
93 239 1
58 127 1
46 51 1
45 174 1
179 255 1
207 239 1
36 147 1
14 215 1
51 174 1
75 130 1
131 211 1
14 256 1
45 268 1
214 254 1
51 103 1
129 186 1
1 211 1
92 262 1
131 161 1
200 270 1
124 170 1
207 262 1
42 157 1
239 263 1
19 21 1
36 261 1
186 262 1
8 131 1
97 122 1
38 113 1
14 64 1
36 134 1
131 210 1
4 56 1
35 147 1
14 246 1
197 239 1
42 216 1
172 239 1
9 198 1
27 67 1
123 175 1
74 167 1
48 237 1
44 98 1
90 259 1
157 253 1
12 123 1
3 227 1
37 77 1
72 136 1
181 262 1
238 239 1
32 108 1
144 198 1
58 258 1
54 152 1
246 257 1
100 159 1
115 131 1
34 222 1
73 242 1
1 12 1
65 198 1
24 239 1
61 186 1
71 239 1
75 239 1
137 233 1
4 268 1
86 211 1
167 183 1
76 239 1
2 62 1
66 106 1
48 112 1
32 186 1
42 131 1
239 272 1
176 221 1
86 186 1
191 239 1
112 131 1
93 234 1
93 169 1
51 261 1
28 51 1
65 167 1
215 261 1
98 228 1
176 237 1
47 254 1
57 267 1
27 142 1
118 122 1
93 217 1
21 237 1
12 86 1
4 236 1
180 223 1
9 43 1
86 157 1
166 172 1
179 238 1
116 120 1
102 154 1
119 264 1
187 239 1
172 267 1
131 257 1
12 201 1
3 50 1
87 186 1
183 196 1
49 99 1
227 233 1
28 107 1
158 261 1
20 124 1
29 35 1
42 214 1
248 255 1
155 193 1
131 230 1
20 72 1
235 254 1
140 194 1
129 182 1
116 136 1
36 105 1
23 131 1
36 222 1
131 265 1
