77 246 3
14 303 3
14 94 3
298 303 3
77 241 3
180 303 3
77 219 3
76 180 3
143 303 3
246 282 3
102 271 3
53 246 3
77 278 3
127 246 3
217 278 3
94 125 3
209 298 3
38 180 3
266 271 3
178 282 3
38 292 3
5 142 3
142 271 3
143 173 3
77 84 3
244 246 3
63 246 3
85 303 3
14 127 3
94 217 3
53 260 3
146 271 3
127 210 3
94 151 3
166 173 3
142 185 3
14 35 3
94 197 3
212 303 3
63 107 3
102 182 3
246 268 3
236 303 3
147 303 3
14 322 3
209 317 3
176 180 3
77 269 3
115 142 3
76 208 3
118 303 3
94 95 3
9 77 3
14 163 3
53 327 3
112 298 3
118 184 3
245 298 3
54 95 3
66 151 3
178 186 3
106 125 3
29 127 3
142 228 3
178 277 3
112 266 3
40 184 3
142 144 3
77 218 3
66 300 3
95 307 3
61 142 3
142 231 3
173 208 3
23 144 3
64 77 3
184 281 3
95 326 3
142 153 3
184 312 3
229 271 3
151 198 3
93 271 3
14 108 3
35 321 3
271 310 3
107 240 3
243 271 3
45 64 3
102 121 3
143 207 3
231 328 3
127 155 3
14 132 3
186 194 3
176 229 3
18 176 3
180 224 3
169 246 3
182 273 3
142 255 3
77 313 3
165 217 3
178 280 3
297 310 3
180 320 3
95 216 3
14 150 3
77 151 3
64 249 3
14 241 3
57 320 3
147 246 3
176 231 3
94 207 3
151 323 3
259 271 3
37 102 3
195 271 3
77 175 3
94 288 3
51 229 3
112 180 3
141 310 3
78 298 3
119 219 3
113 143 3
8 194 3
39 244 3
77 293 3
246 290 3
23 209 3
77 144 3
151 210 3
121 240 3
32 310 3
142 281 3
178 231 3
20 142 3
20 186 3
75 217 3
182 203 3
47 64 3
99 246 3
23 260 3
223 303 3
246 316 3
168 223 3
194 271 3
45 118 3
220 255 3
57 246 3
271 275 3
271 318 3
63 145 3
142 150 3
182 310 3
178 271 3
130 271 3
78 146 3
149 151 3
92 108 3
173 231 3
22 303 3
181 246 3
207 319 3
120 319 3
32 176 3
238 246 3
142 287 3
89 300 3
1 142 3
112 303 3
77 207 3
76 123 3
14 259 3
96 303 3
62 246 3
142 159 3
257 303 3
113 182 3
102 174 3
175 223 3
243 273 3
28 151 3
303 312 3
76 263 3
99 223 3
53 265 3
35 180 3
40 303 3
102 188 3
283 310 3
82 143 3
210 277 3
60 312 3
107 180 3
142 310 3
33 142 3
100 178 3
78 311 3
231 327 3
12 142 3
114 147 3
259 302 3
204 246 3
95 229 3
285 303 3
8 145 3
1 63 3
77 115 3
26 77 3
66 142 3
290 318 3
226 285 3
133 209 3
158 310 3
100 188 3
107 136 3
13 310 3
142 181 3
159 303 3
150 306 3
22 135 3
94 193 3
143 146 3
155 271 3
154 178 3
23 73 3
173 244 3
246 269 3
145 246 3
45 49 3
64 143 3
157 303 3
49 246 3
100 298 3
211 307 3
29 64 3
13 53 3
17 310 3
103 184 3
23 211 3
172 269 3
231 310 3
246 259 3
94 262 3
55 180 3
181 219 3
212 231 3
148 303 3
292 310 3
78 303 3
243 315 3
260 327 3
159 321 3
176 225 3
211 281 3
126 303 3
150 323 3
103 307 3
69 257 3
20 77 3
37 93 3
99 127 3
174 211 3
75 142 3
37 77 3
155 249 3
218 307 3
143 331 3
207 283 3
123 223 3
22 142 3
69 281 3
143 279 3
94 260 3
278 309 3
234 310 3
246 295 3
298 315 3
8 300 3
139 265 3
260 310 3
144 319 3
14 81 3
260 301 3
199 246 3
29 174 3
165 271 3
78 224 3
99 271 3
147 260 3
101 303 3
49 142 3
169 287 3
275 310 3
194 254 3
9 210 3
142 212 3
94 305 3
118 271 3
84 151 3
124 306 3
142 176 3
255 264 3
6 260 3
70 127 3
142 199 3
303 317 3
191 260 3
94 246 3
95 309 3
34 219 3
23 217 3
230 271 3
143 328 3
176 188 3
114 260 3
5 77 3
142 293 3
48 285 3
15 223 3
147 271 3
77 239 3
94 190 3
16 142 3
29 133 3
194 215 3
20 149 3
209 280 3
52 150 3
70 186 3
57 131 3
265 289 3
65 151 3
207 260 3
272 306 3
219 271 3
127 163 3
78 246 3
78 307 3
64 84 3
142 245 3
183 231 3
7 70 3
123 207 3
246 279 3
45 272 3
271 299 3
59 207 3
28 219 3
112 243 3
186 274 3
19 125 3
207 271 3
55 217 3
127 296 3
20 141 3
23 309 3
142 290 3
151 179 3
143 252 3
303 319 3
42 327 3
103 244 3
132 146 3
142 260 3
123 137 3
143 222 3
271 321 3
147 245 3
6 57 3
71 310 3
94 191 3
127 183 3
12 271 3
151 193 3
88 176 3
219 261 3
94 281 3
178 192 3
77 325 3
154 303 3
184 246 3
25 64 3
81 143 3
64 71 3
112 219 3
186 303 3
29 199 3
55 303 3
40 298 3
51 231 3
169 311 3
289 303 3
23 276 3
91 281 3
8 71 3
23 24 3
62 231 3
32 242 3
106 182 3
155 246 3
52 101 3
122 143 3
175 303 3
18 150 3
128 207 3
62 142 3
295 298 3
36 303 3
33 95 3
233 269 3
173 185 3
279 309 3
246 291 3
147 229 3
108 142 3
260 315 3
51 225 3
141 246 3
89 95 3
156 303 3
142 166 3
122 127 3
273 304 3
77 169 3
209 299 3
127 214 3
133 271 3
76 104 3
19 298 3
23 180 3
119 145 3
59 260 3
7 246 3
29 164 3
42 319 3
14 321 3
207 296 3
142 275 3
128 143 3
75 77 3
188 321 3
88 229 3
100 207 3
18 64 3
30 303 3
21 271 3
52 178 3
82 303 3
17 77 3
188 250 3
214 229 3
77 317 3
113 246 3
262 329 3
45 277 3
219 258 3
103 246 3
111 180 3
142 220 3
57 305 3
195 279 3
14 39 3
57 313 3
81 127 3
121 142 3
19 94 3
177 260 3
116 246 3
147 284 3
210 271 3
106 320 3
177 178 3
25 269 3
76 258 3
164 310 3
28 180 3
108 180 3
183 312 3
77 111 3
39 277 3
178 239 3
142 278 3
74 271 3
183 278 3
23 245 3
273 281 3
2 51 3
176 246 3
165 310 3
271 277 3
63 142 3
41 300 3
228 303 3
94 286 3
127 184 3
245 246 3
180 264 3
147 328 3
23 51 3
118 246 3
53 81 3
11 147 3
19 102 3
24 303 3
139 211 3
248 271 3
108 213 3
33 228 3
191 271 3
230 292 3
142 253 3
205 274 3
117 199 3
49 272 3
31 85 3
228 318 3
37 112 3
76 303 3
151 312 3
169 260 3
94 230 3
206 284 3
77 284 3
59 246 3
89 94 3
12 246 3
11 331 3
127 203 3
143 214 3
208 316 3
120 271 3
182 185 3
75 210 3
124 225 3
67 184 3
313 318 3
246 306 3
77 121 3
207 256 3
190 241 3
63 212 3
27 260 3
64 294 3
147 176 3
29 319 3
170 246 3
68 219 3
182 266 3
77 127 3
141 175 3
268 271 3
178 221 3
203 320 3
77 209 3
23 321 3
190 230 3
103 185 3
147 310 3
91 133 3
72 178 3
8 142 3
73 77 3
59 166 3
151 266 3
43 310 3
120 303 3
21 75 3
23 266 3
142 320 3
257 278 3
128 312 3
184 328 3
269 292 3
212 255 3
145 277 3
250 260 3
246 325 3
30 166 3
115 215 3
271 284 3
134 249 3
274 307 3
95 176 3
125 243 3
268 303 3
95 187 3
107 173 3
76 310 3
55 77 3
107 246 3
70 204 3
277 292 3
180 237 3
131 142 3
237 246 3
30 209 3
162 279 3
5 145 3
81 142 3
2 323 3
6 146 3
124 127 3
52 100 3
56 77 3
142 324 3
22 256 3
173 319 3
1 19 3
29 310 3
39 110 3
112 147 3
303 327 3
1 237 3
162 207 3
6 139 3
88 142 3
110 281 3
5 242 3
173 283 3
246 311 3
173 178 3
142 224 3
287 310 3
77 238 3
70 246 3
60 112 3
115 273 3
301 318 3
180 197 3
10 271 3
15 246 3
196 223 3
260 280 3
176 248 3
246 293 3
215 281 3
213 259 3
82 321 3
223 233 3
116 262 3
36 95 3
198 246 3
198 219 3
70 251 3
77 102 3
178 287 3
175 330 3
260 324 3
77 283 3
108 290 3
219 321 3
34 271 3
20 26 3
6 264 3
46 231 3
14 262 3
37 172 3
64 235 3
48 246 3
127 150 3
46 64 3
95 105 3
136 180 3
152 185 3
95 185 3
90 100 3
215 260 3
54 163 3
225 246 3
147 232 3
125 186 3
58 271 3
243 246 3
25 303 3
59 194 3
35 142 3
270 324 3
246 251 3
57 188 3
239 303 3
7 93 3
182 191 3
65 303 3
41 271 3
3 102 3
71 246 3
23 63 3
7 260 3
77 104 3
137 210 3
136 224 3
23 328 3
23 139 3
271 314 3
125 324 3
135 260 3
30 65 3
178 318 3
167 271 3
77 178 3
264 298 3
254 303 3
163 245 3
51 316 3
108 303 3
232 307 3
209 315 3
123 209 3
76 140 3
62 260 3
209 310 3
1 246 3
93 99 3
75 241 3
69 142 3
107 269 3
16 311 3
18 142 3
2 142 3
14 252 3
6 310 3
120 142 3
112 207 3
142 208 3
242 298 3
240 310 3
59 77 3
106 310 3
123 151 3
233 246 3
213 246 3
70 305 3
108 217 3
176 252 3
22 143 3
115 151 3
168 246 3
42 211 3
203 303 3
30 218 3
177 185 3
77 275 3
243 310 3
93 192 3
155 173 3
132 176 3
161 246 3
136 173 3
136 246 3
166 319 3
134 246 3
33 246 3
245 271 3
180 192 3
198 232 3
184 283 3
178 312 3
137 142 3
25 225 3
113 129 3
97 151 3
142 323 3
218 246 3
70 200 3
194 246 3
63 195 3
57 81 3
108 286 3
53 252 3
134 214 3
161 268 3
44 123 3
101 176 3
142 178 3
10 320 3
245 332 3
199 262 3
168 182 3
40 199 3
58 310 3
180 311 3
271 312 3
67 88 3
77 146 3
213 308 3
247 271 3
67 115 3
39 90 3
100 186 3
255 303 3
149 184 3
50 271 3
23 261 3
121 151 3
24 65 3
69 150 3
300 310 3
112 246 3
109 174 3
121 230 3
121 186 3
114 150 3
84 246 3
115 132 3
108 187 3
64 201 3
174 214 3
95 271 3
142 160 3
120 192 3
209 229 3
77 276 3
59 326 3
9 142 3
142 191 3
148 246 3
114 175 3
180 327 3
178 263 3
62 112 3
204 282 3
246 280 3
196 246 3
178 299 3
134 140 3
112 234 3
29 90 3
149 246 3
145 324 3
209 222 3
263 264 3
290 293 3
28 142 3
80 245 3
178 244 3
63 247 3
14 85 3
7 98 3
280 299 3
142 244 3
77 312 3
221 237 3
77 140 3
140 198 3
177 321 3
95 246 3
281 302 3
246 327 3
23 65 3
157 275 3
120 211 3
14 313 3
176 192 3
73 303 3
185 303 3
33 331 3
168 169 3
118 260 3
93 143 3
240 319 3
142 242 3
219 251 3
26 182 3
246 298 3
176 218 3
57 192 3
231 289 3
143 204 3
59 307 3
43 272 3
53 217 3
112 176 3
142 158 3
33 147 3
119 323 3
207 233 3
142 312 3
271 304 3
65 95 3
193 246 3
39 271 3
46 324 3
27 246 3
212 278 3
143 257 3
105 246 3
238 255 3
35 219 3
149 173 3
176 226 3
147 215 3
246 275 3
30 34 3
75 303 3
64 175 3
77 250 3
121 164 3
45 322 3
64 303 3
77 279 3
76 309 3
254 319 3
86 319 3
136 178 3
79 108 3
294 303 3
62 240 3
143 158 3
145 199 3
303 323 3
94 105 3
180 282 3
14 120 3
267 303 3
66 100 3
140 174 3
183 310 3
240 311 3
93 274 3
208 279 3
127 253 3
126 243 3
176 303 3
186 289 3
218 260 3
94 236 3
299 332 3
143 225 3
81 212 3
215 242 3
154 158 3
117 246 3
8 101 3
194 260 3
30 64 3
162 298 3
30 315 3
52 197 3
246 315 3
24 246 3
142 163 3
62 85 3
37 155 3
107 163 3
9 271 3
58 64 3
98 150 3
252 310 3
128 260 3
272 282 3
312 331 3
94 316 3
81 152 3
207 251 3
232 278 3
17 184 3
186 228 3
77 213 3
74 260 3
112 211 3
229 248 3
191 281 3
77 172 3
83 246 3
3 271 3
55 142 3
184 303 3
50 108 3
74 112 3
95 219 3
207 241 3
22 139 3
15 308 3
31 102 3
96 143 3
150 303 3
175 246 3
75 271 3
13 219 3
222 284 3
196 319 3
39 306 3
81 192 3
173 297 3
164 237 3
66 169 3
65 284 3
91 258 3
223 323 3
86 188 3
271 316 3
212 305 3
213 289 3
12 36 3
166 255 3
59 142 3
192 310 3
261 271 3
68 181 3
121 279 3
131 230 3
143 206 3
114 142 3
121 180 3
203 236 3
29 41 3
142 250 3
174 299 3
79 299 3
76 271 3
65 103 3
82 228 3
221 303 3
174 254 3
53 271 3
58 75 3
84 127 3
36 51 3
142 225 3
143 247 3
63 227 3
77 245 3
142 173 3
88 311 3
15 92 3
38 275 3
142 222 3
119 307 3
173 252 3
186 188 3
207 253 3
118 188 3
221 312 3
15 298 3
220 271 3
101 297 3
281 284 3
62 119 3
170 232 3
58 298 3
70 115 3
295 310 3
130 303 3
17 303 3
231 316 3
2 271 3
182 329 3
176 276 3
61 246 3
303 322 3
233 277 3
168 231 3
127 316 3
185 227 3
76 216 3
151 197 3
94 142 3
174 256 3
235 303 3
79 95 3
10 180 3
166 196 3
195 246 3
89 284 3
94 259 3
4 39 3
25 146 3
246 286 3
23 134 3
67 77 3
267 310 3
142 280 3
185 237 3
114 143 3
65 271 3
95 299 3
246 252 3
142 207 3
14 59 3
34 175 3
47 77 3
218 303 3
77 311 3
53 142 3
244 319 3
14 185 3
184 217 3
207 303 3
303 331 3
77 252 3
94 119 3
40 138 3
39 166 3
222 223 3
143 322 3
93 173 3
215 246 3
225 294 3
