90 139 5
52 123 5
169 247 5
216 371 5
65 116 5
96 366 5
11 153 5
273 390 5
226 253 5
30 69 5
214 340 5
191 206 5
45 166 5
256 277 5
99 209 5
310 397 5
118 371 5
33 216 5
249 359 5
95 186 5
36 223 5
46 191 5
252 375 5
299 391 5
58 77 5
290 328 5
117 398 5
94 162 5
42 235 5
89 333 5
157 251 5
241 293 5
274 347 5
108 304 5
194 293 5
229 399 5
114 188 5
160 347 5
38 337 5
114 130 5
56 66 5
62 75 5
241 245 5
78 296 5
56 283 5
82 132 5
212 396 5
23 230 5
203 268 5
130 167 5
353 361 5
306 390 5
26 184 5
313 314 5
213 380 5
287 368 5
113 285 5
81 127 5
8 34 5
116 136 5
20 212 5
110 307 5
49 249 5
53 182 5
181 348 5
182 213 5
170 300 5
82 117 5
103 269 5
153 395 5
33 154 5
38 266 5
237 317 5
18 23 5
154 317 5
138 200 5
246 320 5
166 179 5
40 360 5
219 220 5
306 400 5
104 204 5
242 293 5
182 359 5
352 395 5
147 334 5
43 56 5
45 85 5
102 353 5
67 268 5
277 328 5
140 245 5
268 318 5
10 307 5
228 276 5
180 198 5
299 301 5
56 212 5
13 192 5
65 186 5
36 398 5
4 164 5
113 161 5
64 208 5
274 336 5
3 262 5
215 222 5
88 179 5
131 188 5
5 394 5
87 263 5
258 385 5
162 386 5
269 354 5
70 333 5
178 211 5
2 287 5
114 341 5
47 148 5
250 382 5
93 325 5
92 139 5
74 269 5
67 352 5
37 347 5
1 276 5
94 163 5
333 362 5
1 188 5
293 398 5
178 367 5
117 356 5
1 79 5
337 401 5
29 54 5
41 325 5
15 135 5
88 132 5
75 156 5
93 227 5
192 228 5
285 368 5
299 390 5
249 318 5
283 372 5
148 318 5
248 272 5
338 400 5
374 395 5
60 111 5
201 316 5
148 276 5
46 70 5
261 368 5
7 273 5
218 334 5
134 305 5
181 276 5
88 97 5
95 336 5
41 104 5
6 386 5
49 76 5
55 94 5
143 166 5
154 343 5
80 374 5
149 290 5
18 257 5
81 364 5
298 336 5
312 369 5
104 222 5
186 191 5
318 354 5
30 198 5
56 203 5
14 177 5
69 352 5
93 271 5
96 307 5
58 107 5
141 397 5
206 231 5
286 325 5
193 259 5
234 256 5
169 359 5
27 54 5
43 221 5
52 91 5
73 180 5
159 366 5
316 357 5
227 299 5
7 205 5
66 187 5
206 262 5
139 182 5
35 178 5
97 301 5
35 352 5
133 276 5
259 382 5
274 375 5
98 301 5
45 364 5
278 329 5
204 306 5
102 243 5
203 323 5
307 341 5
108 240 5
145 362 5
252 379 5
74 138 5
151 245 5
97 356 5
77 192 5
239 286 5
186 350 5
336 386 5
212 303 5
105 313 5
116 227 5
207 391 5
185 221 5
2 401 5
23 146 5
73 361 5
170 398 5
146 220 5
86 242 5
248 278 5
132 391 5
12 115 5
49 390 5
292 397 5
308 334 5
48 68 5
206 274 5
26 111 5
112 130 5
25 226 5
331 386 5
298 400 5
43 227 5
218 313 5
137 357 5
189 347 5
269 376 5
30 257 5
23 25 5
220 356 5
4 288 5
76 209 5
233 259 5
234 363 5
42 259 5
260 372 5
156 316 5
141 370 5
260 271 5
52 227 5
68 313 5
245 336 5
274 360 5
265 383 5
156 371 5
9 374 5
42 157 5
129 382 5
240 345 5
99 332 5
141 395 5
71 265 5
72 196 5
139 163 5
79 180 5
139 147 5
83 352 5
193 394 5
238 274 5
353 366 5
30 218 5
116 299 5
279 304 5
247 317 5
15 117 5
183 250 5
228 321 5
46 372 5
188 281 5
39 109 5
328 359 5
177 382 5
41 82 5
320 374 5
315 338 5
16 344 5
155 241 5
57 204 5
120 191 5
307 377 5
207 225 5
33 161 5
207 217 5
3 76 5
159 184 5
115 117 5
184 364 5
97 265 5
4 70 5
256 391 5
79 198 5
5 306 5
110 208 5
300 363 5
10 327 5
132 278 5
38 307 5
196 237 5
312 317 5
74 271 5
57 168 5
263 351 5
20 360 5
96 287 5
101 142 5
85 179 5
11 89 5
84 121 5
118 369 5
92 368 5
200 370 5
98 178 5
7 79 5
67 373 5
243 318 5
84 140 5
75 299 5
106 391 5
33 393 5
85 206 5
169 206 5
216 384 5
139 330 5
8 298 5
100 329 5
200 264 5
33 141 5
219 378 5
39 349 5
29 285 5
96 263 5
161 185 5
170 364 5
150 275 5
235 355 5
79 232 5
75 135 5
4 46 5
54 346 5
301 347 5
163 226 5
145 366 5
121 195 5
256 307 5
139 142 5
3 7 5
191 307 5
149 236 5
153 386 5
22 179 5
174 292 5
9 366 5
128 381 5
325 369 5
254 341 5
151 270 5
87 102 5
115 370 5
280 370 5
20 348 5
180 354 5
96 158 5
216 331 5
41 306 5
388 401 5
219 278 5
246 301 5
225 316 5
100 356 5
25 221 5
90 296 5
69 175 5
249 362 5
110 127 5
56 330 5
181 220 5
81 315 5
338 370 5
244 316 5
9 231 5
300 315 5
180 232 5
94 272 5
55 371 5
49 275 5
16 67 5
36 314 5
84 357 5
194 274 5
83 275 5
322 375 5
54 75 5
64 288 5
43 203 5
51 379 5
105 365 5
350 358 5
195 294 5
50 322 5
171 263 5
2 268 5
186 304 5
315 343 5
188 332 5
13 135 5
61 128 5
59 188 5
18 202 5
244 251 5
221 228 5
367 398 5
264 389 5
57 354 5
76 281 5
50 215 5
317 319 5
104 216 5
130 292 5
45 223 5
252 390 5
49 308 5
367 379 5
180 309 5
158 384 5
22 276 5
57 61 5
273 320 5
48 298 5
48 328 5
97 373 5
141 291 5
86 357 5
66 377 5
110 158 5
146 198 5
33 178 5
10 267 5
143 175 5
189 198 5
284 332 5
61 73 5
344 345 5
63 380 5
27 241 5
286 390 5
196 202 5
175 281 5
230 240 5
330 387 5
21 126 5
53 204 5
70 303 5
117 135 5
244 397 5
247 315 5
352 387 5
307 367 5
2 359 5
28 315 5
57 89 5
199 252 5
45 290 5
119 205 5
133 357 5
49 104 5
308 331 5
174 306 5
49 309 5
94 365 5
7 377 5
210 327 5
65 189 5
139 292 5
219 319 5
53 275 5
6 324 5
198 295 5
1 41 5
69 85 5
189 206 5
118 209 5
168 364 5
113 216 5
279 344 5
252 319 5
60 286 5
22 244 5
207 321 5
138 161 5
124 286 5
84 202 5
281 282 5
169 321 5
253 355 5
62 233 5
113 252 5
40 353 5
214 225 5
157 240 5
90 102 5
59 147 5
63 223 5
81 142 5
269 314 5
65 353 5
35 198 5
150 339 5
106 316 5
143 343 5
31 204 5
174 216 5
54 213 5
168 267 5
6 109 5
95 210 5
169 315 5
342 391 5
94 377 5
204 317 5
6 155 5
276 381 5
190 319 5
24 177 5
96 239 5
118 126 5
41 364 5
94 342 5
175 181 5
33 356 5
186 200 5
26 238 5
113 178 5
15 161 5
219 271 5
77 349 5
56 373 5
234 296 5
46 392 5
83 142 5
230 273 5
267 270 5
236 280 5
36 82 5
59 68 5
37 318 5
274 340 5
125 343 5
123 358 5
65 285 5
248 361 5
12 292 5
89 307 5
134 198 5
198 348 5
214 224 5
58 67 5
165 175 5
213 224 5
315 322 5
213 253 5
154 267 5
377 389 5
183 334 5
52 102 5
136 366 5
53 394 5
114 190 5
82 260 5
141 206 5
280 364 5
18 91 5
94 329 5
192 306 5
151 178 5
35 299 5
29 164 5
78 261 5
43 224 5
83 348 5
47 217 5
82 209 5
173 268 5
104 398 5
210 349 5
300 382 5
72 173 5
266 390 5
72 253 5
243 295 5
29 140 5
58 329 5
188 303 5
198 208 5
290 303 5
119 144 5
180 327 5
164 397 5
184 283 5
205 264 5
49 156 5
7 144 5
78 314 5
228 397 5
24 372 5
367 372 5
154 341 5
33 158 5
133 137 5
322 353 5
251 330 5
84 181 5
63 317 5
194 268 5
95 399 5
4 242 5
228 238 5
154 233 5
54 197 5
20 330 5
155 167 5
32 397 5
169 188 5
128 181 5
120 378 5
41 182 5
299 363 5
124 214 5
24 63 5
6 94 5
157 248 5
170 395 5
147 323 5
200 299 5
118 300 5
292 357 5
54 324 5
314 352 5
152 164 5
93 283 5
128 348 5
25 396 5
119 309 5
4 239 5
254 317 5
10 97 5
163 266 5
76 382 5
46 260 5
49 181 5
144 346 5
4 71 5
27 139 5
302 384 5
148 178 5
257 379 5
94 324 5
74 75 5
41 313 5
77 295 5
246 302 5
136 377 5
51 110 5
117 369 5
96 370 5
89 113 5
92 112 5
183 324 5
192 238 5
297 369 5
58 225 5
18 151 5
93 148 5
188 225 5
4 374 5
154 378 5
129 219 5
113 328 5
229 252 5
20 369 5
56 197 5
132 381 5
221 388 5
11 303 5
224 272 5
51 281 5
69 95 5
104 242 5
161 401 5
29 237 5
255 373 5
190 214 5
326 384 5
190 307 5
157 226 5
94 326 5
57 285 5
73 104 5
48 116 5
11 187 5
311 319 5
12 365 5
67 379 5
211 327 5
27 66 5
37 46 5
281 332 5
300 336 5
88 329 5
226 242 5
166 244 5
200 319 5
64 295 5
9 377 5
111 162 5
20 101 5
144 384 5
121 185 5
110 122 5
3 187 5
122 209 5
89 296 5
52 194 5
23 53 5
281 337 5
196 278 5
102 269 5
43 332 5
77 114 5
96 204 5
20 287 5
70 151 5
140 272 5
216 253 5
130 133 5
24 337 5
60 221 5
291 317 5
112 170 5
62 252 5
25 38 5
105 330 5
93 333 5
147 169 5
22 45 5
331 337 5
41 86 5
72 254 5
29 397 5
68 158 5
3 129 5
21 181 5
62 70 5
247 337 5
261 313 5
22 308 5
285 309 5
49 126 5
313 345 5
217 357 5
152 366 5
6 359 5
102 310 5
332 338 5
171 399 5
94 372 5
348 401 5
134 392 5
89 401 5
52 401 5
31 333 5
94 289 5
219 339 5
250 338 5
153 162 5
200 278 5
308 378 5
278 286 5
9 208 5
252 296 5
205 389 5
222 277 5
7 285 5
82 96 5
134 357 5
168 288 5
164 262 5
175 176 5
112 152 5
96 387 5
337 374 5
185 386 5
61 353 5
344 361 5
238 341 5
217 284 5
104 298 5
165 305 5
246 389 5
344 400 5
239 379 5
215 304 5
99 151 5
251 389 5
83 335 5
270 309 5
92 128 5
80 255 5
225 270 5
112 237 5
106 396 5
2 52 5
171 216 5
158 379 5
60 377 5
111 174 5
149 288 5
325 386 5
299 385 5
232 308 5
66 215 5
173 267 5
99 379 5
275 346 5
56 368 5
72 110 5
123 234 5
147 294 5
48 124 5
123 181 5
173 369 5
59 291 5
116 287 5
86 116 5
96 270 5
7 317 5
162 383 5
346 361 5
260 290 5
300 307 5
18 89 5
43 213 5
189 322 5
105 370 5
228 386 5
149 230 5
111 268 5
56 361 5
69 148 5
10 141 5
130 243 5
89 225 5
34 291 5
222 257 5
235 323 5
12 120 5
163 323 5
225 244 5
1 23 5
80 285 5
32 301 5
168 382 5
13 215 5
223 283 5
161 363 5
2 292 5
164 380 5
53 299 5
12 227 5
7 348 5
61 66 5
91 383 5
301 388 5
225 397 5
108 389 5
148 288 5
202 212 5
98 127 5
214 349 5
374 380 5
270 384 5
48 146 5
18 322 5
5 272 5
245 291 5
11 305 5
175 356 5
329 359 5
161 256 5
148 397 5
35 216 5
108 247 5
16 234 5
303 344 5
255 396 5
237 275 5
337 395 5
54 257 5
12 398 5
329 335 5
17 287 5
232 315 5
191 262 5
315 352 5
116 383 5
151 171 5
197 278 5
69 286 5
84 184 5
37 187 5
78 133 5
14 273 5
127 399 5
211 343 5
276 396 5
138 354 5
41 293 5
155 267 5
253 302 5
17 178 5
234 349 5
30 240 5
298 308 5
80 388 5
173 391 5
68 116 5
60 378 5
103 154 5
131 168 5
125 386 5
116 195 5
7 150 5
89 235 5
209 234 5
11 341 5
174 225 5
63 359 5
255 276 5
42 262 5
7 31 5
106 122 5
82 171 5
255 397 5
164 315 5
181 352 5
109 330 5
343 358 5
17 263 5
150 358 5
46 273 5
203 230 5
77 181 5
157 295 5
10 163 5
188 326 5
168 357 5
210 269 5
198 237 5
72 266 5
45 112 5
22 220 5
47 51 5
63 234 5
56 313 5
92 185 5
174 367 5
86 355 5
42 315 5
124 248 5
149 245 5
105 311 5
85 252 5
387 394 5
48 252 5
64 232 5
158 369 5
14 123 5
29 208 5
150 192 5
84 241 5
257 376 5
134 280 5
283 321 5
47 203 5
117 196 5
26 119 5
203 373 5
30 277 5
268 398 5
331 354 5
228 322 5
160 351 5
335 367 5
156 379 5
134 158 5
69 205 5
62 348 5
10 345 5
130 267 5
55 146 5
264 325 5
81 369 5
29 139 5
5 398 5
25 351 5
8 326 5
167 344 5
348 350 5
206 325 5
35 105 5
130 173 5
191 312 5
119 322 5
57 207 5
24 50 5
46 112 5
265 361 5
86 98 5
82 293 5
175 391 5
104 255 5
119 315 5
21 261 5
68 226 5
245 257 5
333 386 5
16 243 5
207 248 5
54 163 5
263 285 5
46 77 5
2 36 5
87 310 5
206 275 5
53 242 5
17 264 5
177 307 5
136 400 5
36 276 5
292 297 5
119 228 5
207 349 5
70 195 5
12 305 5
248 274 5
262 398 5
263 320 5
105 301 5
22 384 5
174 263 5
35 36 5
13 279 5
86 212 5
12 247 5
33 308 5
151 210 5
157 208 5
277 357 5
352 368 5
253 271 5
186 314 5
305 340 5
44 48 5
69 204 5
99 378 5
3 133 5
85 354 5
218 370 5
112 302 5
144 288 5
97 209 5
88 295 5
323 326 5
288 290 5
219 275 5
73 157 5
178 193 5
273 381 5
334 371 5
8 29 5
175 187 5
65 361 5
144 155 5
41 366 5
246 288 5
137 254 5
62 333 5
175 368 5
9 136 5
300 328 5
9 72 5
129 186 5
73 264 5
239 269 5
43 267 5
276 290 5
52 308 5
279 354 5
51 319 5
10 320 5
128 236 5
168 263 5
36 189 5
207 271 5
133 245 5
169 253 5
277 370 5
38 212 5
42 349 5
79 157 5
26 214 5
45 339 5
6 71 5
56 289 5
61 207 5
138 296 5
335 400 5
135 195 5
107 342 5
64 351 5
146 306 5
347 386 5
233 388 5
333 385 5
143 218 5
9 261 5
14 155 5
3 43 5
136 142 5
279 322 5
103 255 5
238 277 5
49 56 5
185 251 5
5 396 5
162 280 5
16 108 5
264 322 5
167 268 5
305 310 5
85 313 5
242 312 5
317 327 5
26 140 5
51 348 5
18 153 5
201 367 5
322 390 5
21 239 5
99 179 5
12 307 5
119 314 5
242 286 5
145 180 5
267 337 5
107 130 5
128 248 5
22 273 5
145 267 5
219 357 5
92 297 5
323 359 5
85 343 5
263 269 5
113 174 5
163 275 5
65 95 5
8 148 5
22 400 5
226 288 5
27 336 5
66 182 5
154 160 5
53 92 5
272 304 5
48 273 5
35 42 5
119 230 5
97 384 5
54 96 5
271 401 5
37 258 5
77 137 5
117 159 5
75 342 5
9 118 5
40 184 5
190 193 5
15 316 5
319 358 5
4 259 5
263 293 5
91 118 5
83 100 5
187 209 5
129 268 5
197 281 5
17 165 5
273 282 5
175 348 5
295 365 5
28 335 5
147 218 5
199 235 5
155 205 5
62 225 5
86 231 5
348 354 5
108 176 5
34 120 5
59 317 5
163 196 5
329 400 5
200 212 5
58 353 5
219 320 5
95 320 5
253 314 5
123 209 5
12 147 5
351 371 5
73 253 5
55 98 5
273 303 5
205 392 5
193 337 5
122 171 5
49 389 5
169 272 5
194 322 5
2 212 5
96 112 5
36 130 5
81 338 5
158 228 5
107 349 5
20 197 5
325 360 5
190 231 5
226 395 5
161 294 5
14 186 5
3 246 5
136 245 5
56 190 5
37 264 5
221 267 5
31 69 5
111 256 5
5 12 5
26 338 5
192 207 5
118 223 5
130 308 5
52 355 5
17 374 5
188 231 5
103 190 5
76 311 5
106 338 5
142 366 5
200 305 5
230 362 5
45 216 5
49 340 5
277 301 5
74 91 5
82 265 5
284 313 5
36 171 5
143 237 5
96 125 5
45 300 5
193 359 5
63 210 5
129 174 5
205 328 5
150 238 5
194 229 5
126 168 5
25 316 5
61 116 5
188 270 5
172 325 5
167 225 5
60 280 5
3 382 5
26 229 5
186 375 5
183 218 5
19 248 5
29 124 5
251 346 5
247 362 5
44 86 5
31 86 5
183 274 5
42 164 5
88 215 5
38 213 5
164 327 5
170 308 5
239 398 5
212 333 5
222 255 5
102 395 5
22 240 5
225 258 5
258 272 5
103 388 5
15 261 5
90 270 5
133 254 5
311 347 5
13 195 5
56 339 5
225 358 5
249 295 5
79 148 5
143 145 5
249 382 5
146 239 5
182 311 5
12 75 5
90 169 5
331 345 5
31 76 5
183 342 5
94 268 5
149 208 5
206 238 5
46 122 5
104 340 5
43 182 5
86 185 5
7 326 5
163 238 5
148 225 5
299 345 5
185 232 5
60 176 5
91 187 5
42 324 5
90 104 5
309 384 5
186 238 5
308 324 5
22 294 5
52 177 5
102 279 5
58 188 5
337 355 5
7 353 5
239 252 5
209 385 5
86 396 5
81 147 5
36 323 5
16 170 5
7 305 5
124 202 5
34 181 5
119 328 5
202 295 5
51 152 5
68 181 5
77 339 5
134 346 5
28 57 5
256 310 5
13 40 5
186 377 5
84 93 5
107 263 5
84 99 5
300 342 5
207 375 5
79 325 5
353 374 5
23 291 5
103 359 5
114 203 5
34 336 5
131 134 5
386 393 5
104 115 5
90 398 5
89 363 5
141 173 5
23 272 5
224 364 5
29 243 5
322 338 5
25 310 5
316 346 5
48 333 5
234 379 5
142 364 5
184 206 5
20 299 5
89 309 5
270 388 5
233 250 5
10 273 5
176 306 5
17 235 5
7 244 5
10 31 5
153 356 5
18 157 5
2 35 5
308 363 5
12 103 5
269 270 5
362 381 5
166 289 5
49 225 5
230 298 5
56 239 5
242 304 5
76 217 5
223 321 5
319 330 5
143 253 5
284 344 5
299 358 5
261 378 5
62 264 5
35 205 5
15 330 5
165 167 5
286 376 5
63 204 5
192 256 5
96 115 5
94 331 5
13 171 5
152 162 5
15 76 5
298 304 5
91 275 5
68 328 5
190 207 5
202 314 5
67 203 5
304 401 5
41 375 5
103 189 5
43 251 5
37 294 5
60 138 5
39 382 5
72 190 5
159 215 5
190 338 5
28 56 5
55 136 5
168 342 5
317 369 5
328 383 5
170 327 5
210 286 5
146 374 5
223 385 5
188 278 5
332 398 5
337 370 5
50 80 5
231 264 5
167 239 5
126 367 5
261 267 5
33 93 5
8 202 5
73 128 5
63 315 5
126 348 5
98 196 5
92 180 5
352 393 5
129 323 5
20 137 5
70 364 5
193 289 5
5 199 5
130 360 5
164 298 5
329 391 5
264 331 5
2 337 5
63 399 5
188 317 5
17 111 5
181 359 5
22 363 5
90 204 5
223 345 5
226 380 5
114 292 5
172 370 5
203 312 5
98 148 5
99 160 5
28 148 5
83 95 5
103 157 5
91 153 5
17 169 5
47 274 5
21 236 5
68 224 5
84 398 5
46 223 5
9 63 5
8 234 5
378 392 5
108 148 5
206 211 5
307 359 5
74 307 5
81 113 5
230 266 5
171 319 5
43 106 5
127 365 5
105 351 5
22 348 5
140 188 5
242 323 5
149 249 5
155 198 5
312 335 5
17 195 5
140 324 5
118 225 5
69 337 5
198 298 5
274 368 5
289 380 5
82 325 5
105 178 5
28 272 5
51 289 5
11 365 5
210 232 5
37 285 5
28 195 5
45 371 5
61 109 5
40 285 5
108 226 5
95 221 5
77 93 5
134 365 5
144 216 5
362 394 5
389 393 5
115 265 5
276 348 5
78 85 5
178 362 5
121 205 5
90 155 5
216 322 5
33 272 5
99 169 5
140 392 5
264 290 5
157 397 5
300 326 5
284 286 5
275 366 5
302 347 5
221 389 5
65 248 5
97 378 5
98 170 5
253 374 5
295 333 5
140 203 5
311 327 5
139 371 5
306 375 5
27 130 5
302 352 5
