3 107 2
4 21 2
6 11 2
6 24 2
6 130 2
8 131 2
8 185 2
8 210 2
8 237 2
8 239 2
9 261 2
10 111 2
10 238 2
11 261 2
13 104 2
14 148 2
14 195 2
15 121 2
15 159 2
15 174 2
16 67 2
16 120 2
16 121 2
16 159 2
16 256 2
17 143 2
17 157 2
18 22 2
18 70 2
18 121 2
18 159 2
18 203 2
19 104 2
20 101 2
21 66 2
21 133 2
21 148 2
21 170 2
22 121 2
23 148 2
23 159 2
24 147 2
25 133 2
25 236 2
27 46 2
27 92 2
27 133 2
27 145 2
27 148 2
28 156 2
29 34 2
29 107 2
29 109 2
30 147 2
31 159 2
32 159 2
32 176 2
32 208 2
33 256 2
34 107 2
34 159 2
34 227 2
35 256 2
36 144 2
36 148 2
36 238 2
37 155 2
37 159 2
38 103 2
38 133 2
39 79 2
39 159 2
40 106 2
40 121 2
40 159 2
40 176 2
40 233 2
40 263 2
40 274 2
40 275 2
41 107 2
41 125 2
41 133 2
41 274 2
42 145 2
42 238 2
43 159 2
44 101 2
44 205 2
44 259 2
45 147 2
45 238 2
46 61 2
46 140 2
46 144 2
48 121 2
48 159 2
50 272 2
51 201 2
51 256 2
51 275 2
52 71 2
54 88 2
54 275 2
55 159 2
56 80 2
56 191 2
57 218 2
58 159 2
64 111 2
64 159 2
65 130 2
66 133 2
66 203 2
66 214 2
68 256 2
69 121 2
69 133 2
69 159 2
70 159 2
70 208 2
71 159 2
71 245 2
71 256 2
72 261 2
73 209 2
73 261 2
74 80 2
74 121 2
75 159 2
75 160 2
76 143 2
76 245 2
76 256 2
77 108 2
77 133 2
77 159 2
77 227 2
77 245 2
78 104 2
78 126 2
78 159 2
79 130 2
79 190 2
79 230 2
80 133 2
80 157 2
80 159 2
80 243 2
80 259 2
81 147 2
81 231 2
81 261 2
82 90 2
82 133 2
82 138 2
82 265 2
83 96 2
83 169 2
83 269 2
85 140 2
85 166 2
85 236 2
86 133 2
86 256 2
86 261 2
87 128 2
88 104 2
88 133 2
88 256 2
88 270 2
90 129 2
91 131 2
93 147 2
94 148 2
95 144 2
95 220 2
95 268 2
96 159 2
96 209 2
97 256 2
98 145 2
99 131 2
100 107 2
100 148 2
100 159 2
100 265 2
101 256 2
103 217 2
103 256 2
104 109 2
104 111 2
104 127 2
104 139 2
104 152 2
104 154 2
104 198 2
104 234 2
104 242 2
104 254 2
104 256 2
104 261 2
105 193 2
105 214 2
106 144 2
106 159 2
107 139 2
107 144 2
107 259 2
108 261 2
109 153 2
109 159 2
109 199 2
109 210 2
110 148 2
110 217 2
110 229 2
111 192 2
111 206 2
111 226 2
111 238 2
111 247 2
112 159 2
115 134 2
115 159 2
116 147 2
117 218 2
117 256 2
119 147 2
121 130 2
121 133 2
121 136 2
121 162 2
121 190 2
121 201 2
121 244 2
121 256 2
123 133 2
123 142 2
123 159 2
124 159 2
124 235 2
125 133 2
125 210 2
125 269 2
126 132 2
126 256 2
126 261 2
127 144 2
127 256 2
128 159 2
130 210 2
131 159 2
131 198 2
131 264 2
132 133 2
132 242 2
133 138 2
133 144 2
133 158 2
133 160 2
133 172 2
133 177 2
133 180 2
133 182 2
133 188 2
133 191 2
133 194 2
133 195 2
133 196 2
133 231 2
133 238 2
133 242 2
133 249 2
133 252 2
133 261 2
133 275 2
134 172 2
136 238 2
137 236 2
137 256 2
138 207 2
140 268 2
142 205 2
142 256 2
142 261 2
143 159 2
143 204 2
144 151 2
144 234 2
144 242 2
144 256 2
145 256 2
147 186 2
147 256 2
148 159 2
148 179 2
148 180 2
148 187 2
148 210 2
148 216 2
148 217 2
148 218 2
148 222 2
148 223 2
148 232 2
148 245 2
148 266 2
149 159 2
151 159 2
152 227 2
152 256 2
155 257 2
156 235 2
158 159 2
158 208 2
159 160 2
159 161 2
159 167 2
159 181 2
159 183 2
159 189 2
159 193 2
159 199 2
159 202 2
159 221 2
159 222 2
159 224 2
159 225 2
159 227 2
159 231 2
159 241 2
159 249 2
159 252 2
159 253 2
163 173 2
163 236 2
163 245 2
163 268 2
164 166 2
164 218 2
165 195 2
170 256 2
171 246 2
174 259 2
176 214 2
177 224 2
179 182 2
180 262 2
183 256 2
188 275 2
189 206 2
190 239 2
191 256 2
192 275 2
194 259 2
196 256 2
197 274 2
198 275 2
205 211 2
205 229 2
205 238 2
205 256 2
205 259 2
206 256 2
206 266 2
207 217 2
209 261 2
210 256 2
212 241 2
212 256 2
212 261 2
214 268 2
218 256 2
220 256 2
221 256 2
227 230 2
227 275 2
235 256 2
238 240 2
238 249 2
238 256 2
245 268 2
250 262 2
256 257 2
256 259 2
256 262 2
256 265 2
257 261 2
259 261 2
104 143 2
159 302 2
104 292 2
100 149 2
83 275 2
148 158 2
167 222 2
158 248 2
16 202 2
41 149 2
20 159 2
54 133 2
91 144 2
148 157 2
107 282 2
145 159 2
113 207 2
133 178 2
159 263 2
81 275 2
107 133 2
67 286 2
40 209 2
210 254 2
10 97 2
225 256 2
43 49 2
109 256 2
104 191 2
40 271 2
121 254 2
107 197 2
15 261 2
76 149 2
65 111 2
84 101 2
102 159 2
44 45 2
142 176 2
29 148 2
225 301 2
21 128 2
103 215 2
101 141 2
96 133 2
168 292 2
180 256 2
80 174 2
14 159 2
170 259 2
130 182 2
152 288 2
121 258 2
40 201 2
29 210 2
155 261 2
46 101 2
93 111 2
139 143 2
75 133 2
141 261 2
130 203 2
57 238 2
165 227 2
133 148 2
184 256 2
147 257 2
51 158 2
274 293 2
133 272 2
22 261 2
71 182 2
159 297 2
135 237 2
97 299 2
90 121 2
81 133 2
126 265 2
102 130 2
38 287 2
48 148 2
40 151 2
170 241 2
4 121 2
187 222 2
20 85 2
159 211 2
44 253 2
18 57 2
107 114 2
27 159 2
48 193 2
128 133 2
131 261 2
211 218 2
256 287 2
46 273 2
6 66 2
41 272 2
156 178 2
54 131 2
139 268 2
201 271 2
111 242 2
5 133 2
133 200 2
21 269 2
78 187 2
133 151 2
118 133 2
141 218 2
18 204 2
97 134 2
17 121 2
158 296 2
59 130 2
53 192 2
189 262 2
160 297 2
144 245 2
243 256 2
201 256 2
159 286 2
80 256 2
133 247 2
75 219 2
77 206 2
140 253 2
2 206 2
179 265 2
159 208 2
5 159 2
30 206 2
23 40 2
132 201 2
5 245 2
54 159 2
154 159 2
159 201 2
256 270 2
59 256 2
73 83 2
141 159 2
261 270 2
85 222 2
59 159 2
159 256 2
39 256 2
97 241 2
121 266 2
148 264 2
6 133 2
199 256 2
99 221 2
25 59 2
17 253 2
8 137 2
249 256 2
214 233 2
144 284 2
133 183 2
143 162 2
28 261 2
5 147 2
156 192 2
137 204 2
104 173 2
201 214 2
159 276 2
40 230 2
102 218 2
130 220 2
121 200 2
140 155 2
170 291 2
146 256 2
68 159 2
23 219 2
73 280 2
48 172 2
85 264 2
179 247 2
159 200 2
218 266 2
256 294 2
138 182 2
71 143 2
14 145 2
28 148 2
40 64 2
123 213 2
159 216 2
133 164 2
90 122 2
153 256 2
112 133 2
87 266 2
159 172 2
133 258 2
42 148 2
27 120 2
144 224 2
150 265 2
121 225 2
12 24 2
220 265 2
205 252 2
29 133 2
133 244 2
176 205 2
111 150 2
58 258 2
18 234 2
135 270 2
201 253 2
218 302 2
159 287 2
67 133 2
95 143 2
2 40 2
32 140 2
133 166 2
134 159 2
36 133 2
116 133 2
179 248 2
18 255 2
103 184 2
200 201 2
159 290 2
235 241 2
66 217 2
80 147 2
133 143 2
124 198 2
107 174 2
159 299 2
235 301 2
198 292 2
230 289 2
159 163 2
125 225 2
189 253 2
145 259 2
90 118 2
4 159 2
159 205 2
92 198 2
37 275 2
14 80 2
14 197 2
89 236 2
169 256 2
133 190 2
159 195 2
112 269 2
133 254 2
53 75 2
91 159 2
148 273 2
133 270 2
137 159 2
117 133 2
210 230 2
204 265 2
71 133 2
110 256 2
55 162 2
89 107 2
228 245 2
253 261 2
250 265 2
158 298 2
8 256 2
133 185 2
46 255 2
111 230 2
75 126 2
173 205 2
130 131 2
245 275 2
40 276 2
133 276 2
159 235 2
18 47 2
69 264 2
28 136 2
45 177 2
204 230 2
148 286 2
82 159 2
18 182 2
159 245 2
159 300 2
8 261 2
69 75 2
67 221 2
121 278 2
61 237 2
281 290 2
133 157 2
166 179 2
94 133 2
190 285 2
164 245 2
119 159 2
159 215 2
147 297 2
212 295 2
124 128 2
36 159 2
159 282 2
76 284 2
159 272 2
121 202 2
121 246 2
1 51 2
59 133 2
53 256 2
159 243 2
67 275 2
8 99 2
159 180 2
51 290 2
18 123 2
268 276 2
137 243 2
180 301 2
49 284 2
55 88 2
144 230 2
18 136 2
221 261 2
133 234 2
121 267 2
8 125 2
125 299 2
67 159 2
256 302 2
40 300 2
19 77 2
74 141 2
125 149 2
133 284 2
80 271 2
163 251 2
159 251 2
121 184 2
181 206 2
218 259 2
104 218 2
71 232 2
56 133 2
104 232 2
107 143 2
120 180 2
253 274 2
3 133 2
127 172 2
224 248 2
67 123 2
81 159 2
90 116 2
159 238 2
122 259 2
279 301 2
23 289 2
133 136 2
20 133 2
80 277 2
13 133 2
21 159 2
159 192 2
8 241 2
90 207 2
67 185 2
114 133 2
133 248 2
133 257 2
105 159 2
43 110 2
73 75 2
234 275 2
86 109 2
102 109 2
8 159 2
133 168 2
33 259 2
242 298 2
96 227 2
7 227 2
85 192 2
55 101 2
95 121 2
123 279 2
132 144 2
148 230 2
133 245 2
68 120 2
12 256 2
133 202 2
159 174 2
16 95 2
40 236 2
26 109 2
80 132 2
183 241 2
121 156 2
159 248 2
8 150 2
107 277 2
159 179 2
159 178 2
164 256 2
130 133 2
58 104 2
80 264 2
87 150 2
99 159 2
53 134 2
81 241 2
6 251 2
76 174 2
104 229 2
38 96 2
107 281 2
25 86 2
117 148 2
256 288 2
159 289 2
211 278 2
174 256 2
196 280 2
35 159 2
53 158 2
236 256 2
98 159 2
133 293 2
159 191 2
149 196 2
168 256 2
142 263 2
39 247 2
70 88 2
133 206 2
184 225 2
154 245 2
88 301 2
107 159 2
47 159 2
159 190 2
31 148 2
2 111 2
16 149 2
25 256 2
227 244 2
113 132 2
30 254 2
93 148 2
121 211 2
174 277 2
174 215 2
159 213 2
107 158 2
68 293 2
138 159 2
203 231 2
227 286 2
137 224 2
71 269 2
135 233 2
90 205 2
109 164 2
14 124 2
35 230 2
38 288 2
104 133 2
159 229 2
144 285 2
133 283 2
60 257 2
181 205 2
213 260 2
256 285 2
159 176 2
19 158 2
50 240 2
148 271 2
119 179 2
40 205 2
15 227 2
52 126 2
64 230 2
131 230 2
51 141 2
18 51 2
28 256 2
269 274 2
29 212 2
97 148 2
141 192 2
148 211 2
140 286 2
89 121 2
83 159 2
179 242 2
106 123 2
275 283 2
2 107 2
16 297 2
159 203 2
56 260 2
5 50 2
265 290 2
18 66 2
9 18 2
121 237 2
133 265 2
18 25 2
3 18 2
159 298 2
14 113 2
