4 205 4
4 214 4
5 245 4
6 22 4
6 251 4
7 103 4
7 227 4
8 131 4
8 150 4
8 159 4
8 272 4
8 275 4
9 189 4
9 221 4
10 205 4
11 140 4
12 24 4
12 111 4
12 256 4
13 133 4
13 196 4
14 80 4
14 112 4
14 113 4
14 145 4
14 197 4
14 315 4
15 43 4
15 105 4
15 219 4
15 227 4
16 95 4
16 120 4
16 125 4
16 150 4
16 159 4
16 202 4
17 231 4
17 253 4
18 57 4
18 121 4
18 223 4
18 228 4
18 234 4
18 324 4
18 328 4
19 45 4
19 104 4
19 159 4
19 201 4
19 205 4
19 256 4
19 280 4
20 77 4
20 88 4
20 103 4
20 130 4
20 256 4
21 66 4
21 159 4
21 269 4
23 40 4
23 159 4
24 90 4
24 118 4
26 51 4
26 85 4
26 109 4
27 145 4
27 187 4
28 96 4
28 250 4
28 256 4
28 261 4
29 107 4
29 148 4
29 210 4
29 306 4
29 315 4
30 111 4
30 265 4
32 107 4
32 133 4
32 140 4
32 221 4
33 159 4
34 103 4
34 227 4
36 130 4
36 133 4
36 159 4
36 251 4
37 155 4
37 159 4
38 46 4
38 96 4
38 103 4
38 203 4
38 288 4
39 156 4
40 62 4
40 121 4
40 151 4
40 184 4
40 201 4
40 233 4
40 263 4
40 300 4
40 321 4
41 42 4
41 214 4
41 302 4
43 49 4
43 140 4
43 253 4
43 256 4
44 253 4
44 285 4
45 143 4
45 151 4
45 159 4
46 61 4
46 144 4
46 188 4
46 273 4
47 159 4
47 274 4
48 193 4
50 240 4
51 121 4
52 71 4
52 159 4
53 75 4
53 156 4
53 200 4
53 300 4
54 89 4
54 159 4
54 166 4
54 222 4
54 275 4
55 201 4
56 133 4
59 156 4
59 189 4
59 256 4
59 274 4
60 133 4
61 170 4
61 259 4
62 107 4
62 265 4
64 159 4
66 133 4
66 203 4
67 123 4
67 159 4
67 275 4
67 286 4
68 122 4
68 159 4
68 256 4
68 293 4
69 256 4
69 264 4
69 318 4
70 75 4
71 125 4
71 256 4
71 268 4
72 217 4
72 256 4
73 75 4
73 159 4
74 221 4
75 160 4
75 219 4
75 295 4
77 124 4
77 133 4
77 206 4
78 159 4
78 187 4
79 190 4
79 259 4
80 132 4
80 147 4
80 224 4
80 248 4
80 264 4
80 293 4
81 111 4
81 133 4
81 231 4
81 261 4
82 159 4
82 255 4
83 100 4
83 159 4
83 287 4
83 296 4
83 304 4
84 101 4
84 256 4
85 89 4
85 140 4
85 166 4
85 222 4
85 264 4
85 265 4
85 275 4
86 133 4
86 261 4
86 265 4
87 128 4
88 133 4
88 147 4
88 161 4
88 270 4
89 121 4
89 235 4
90 121 4
90 207 4
91 144 4
91 256 4
92 265 4
92 278 4
95 159 4
95 268 4
96 227 4
97 98 4
97 134 4
97 143 4
97 148 4
97 159 4
99 221 4
99 255 4
100 265 4
100 316 4
103 184 4
103 256 4
104 127 4
104 232 4
105 159 4
105 193 4
105 231 4
106 123 4
106 143 4
107 114 4
107 134 4
107 148 4
107 159 4
107 183 4
108 122 4
108 201 4
109 159 4
110 218 4
111 133 4
111 144 4
111 152 4
111 226 4
111 228 4
111 238 4
111 242 4
111 267 4
112 159 4
112 269 4
113 121 4
113 124 4
113 222 4
115 162 4
117 140 4
117 195 4
117 213 4
117 281 4
118 201 4
119 159 4
120 150 4
120 191 4
121 172 4
121 190 4
121 237 4
121 244 4
121 267 4
121 305 4
121 322 4
121 325 4
123 159 4
123 213 4
123 239 4
123 255 4
123 264 4
123 322 4
124 154 4
124 159 4
124 198 4
124 205 4
124 226 4
124 235 4
125 128 4
125 223 4
125 234 4
125 286 4
125 299 4
126 261 4
128 159 4
128 178 4
128 230 4
129 265 4
130 133 4
130 159 4
130 203 4
131 159 4
131 165 4
132 133 4
132 144 4
132 227 4
132 242 4
133 136 4
133 138 4
133 143 4
133 148 4
133 157 4
133 163 4
133 171 4
133 175 4
133 178 4
133 188 4
133 221 4
133 228 4
133 231 4
133 243 4
133 244 4
133 247 4
133 257 4
133 258 4
133 264 4
133 265 4
133 277 4
133 280 4
133 281 4
133 284 4
133 292 4
133 293 4
133 294 4
133 303 4
137 159 4
137 163 4
137 256 4
139 143 4
139 240 4
139 309 4
140 150 4
140 158 4
140 168 4
140 173 4
140 197 4
140 198 4
140 235 4
140 253 4
140 269 4
141 159 4
141 218 4
142 176 4
142 261 4
143 289 4
144 151 4
144 159 4
144 230 4
144 231 4
144 256 4
144 276 4
145 171 4
145 256 4
147 163 4
147 167 4
147 169 4
147 186 4
147 205 4
147 256 4
147 257 4
147 270 4
147 297 4
148 217 4
148 222 4
148 232 4
148 234 4
148 269 4
148 271 4
148 272 4
148 273 4
149 196 4
150 159 4
150 265 4
152 205 4
152 215 4
152 256 4
153 190 4
153 271 4
154 221 4
155 257 4
156 159 4
156 178 4
156 200 4
156 235 4
156 293 4
157 174 4
157 272 4
158 233 4
158 298 4
159 167 4
159 170 4
159 171 4
159 176 4
159 178 4
159 188 4
159 196 4
159 203 4
159 208 4
159 215 4
159 221 4
159 225 4
159 226 4
159 230 4
159 242 4
159 243 4
159 244 4
159 245 4
159 252 4
159 254 4
159 266 4
159 273 4
159 276 4
159 280 4
159 286 4
159 294 4
159 297 4
159 302 4
159 306 4
159 310 4
159 311 4
159 317 4
159 320 4
159 324 4
159 329 4
159 330 4
160 256 4
162 235 4
163 173 4
168 251 4
168 264 4
168 272 4
169 178 4
171 302 4
172 271 4
173 177 4
174 182 4
174 259 4
175 209 4
177 224 4
178 331 4
180 268 4
180 301 4
186 208 4
187 256 4
189 232 4
189 246 4
190 265 4
190 280 4
194 201 4
194 220 4
195 331 4
196 256 4
198 283 4
198 292 4
200 234 4
201 253 4
201 256 4
201 262 4
201 324 4
204 265 4
205 238 4
205 251 4
205 265 4
206 256 4
210 230 4
212 215 4
212 256 4
212 327 4
213 260 4
216 268 4
218 268 4
220 265 4
221 261 4
222 256 4
223 256 4
223 279 4
224 302 4
225 301 4
227 230 4
230 309 4
231 323 4
234 237 4
234 275 4
234 291 4
235 256 4
236 256 4
236 262 4
243 256 4
250 264 4
253 256 4
253 326 4
256 262 4
256 265 4
256 270 4
256 277 4
256 297 4
256 299 4
256 306 4
256 307 4
256 315 4
261 270 4
261 301 4
261 325 4
264 294 4
267 277 4
270 291 4
275 283 4
289 296 4
85 147 4
24 144 4
231 278 4
22 272 4
56 159 4
133 351 4
265 333 4
167 340 4
108 361 4
19 181 4
94 156 4
17 133 4
75 256 4
265 316 4
157 269 4
3 47 4
23 117 4
159 238 4
297 334 4
110 155 4
147 313 4
29 133 4
58 140 4
133 155 4
18 350 4
147 302 4
121 339 4
104 265 4
37 111 4
152 182 4
114 221 4
92 121 4
159 339 4
33 155 4
251 272 4
152 350 4
18 279 4
259 318 4
52 363 4
70 150 4
151 256 4
133 252 4
55 203 4
159 165 4
38 133 4
156 248 4
159 250 4
265 307 4
11 291 4
174 256 4
7 215 4
210 214 4
128 229 4
14 302 4
168 334 4
133 205 4
159 164 4
159 175 4
230 249 4
121 348 4
70 270 4
318 324 4
40 63 4
159 288 4
302 360 4
133 140 4
34 302 4
35 178 4
18 92 4
8 96 4
221 227 4
272 309 4
93 265 4
111 234 4
256 295 4
96 178 4
159 327 4
83 294 4
121 200 4
148 325 4
18 252 4
221 242 4
271 315 4
76 159 4
134 147 4
116 265 4
89 256 4
96 105 4
265 338 4
32 69 4
77 199 4
126 230 4
315 352 4
176 178 4
144 248 4
1 297 4
84 156 4
113 200 4
147 277 4
68 324 4
22 256 4
170 187 4
159 270 4
144 285 4
132 355 4
121 219 4
77 255 4
131 140 4
20 106 4
74 272 4
78 133 4
140 354 4
133 154 4
231 303 4
23 178 4
104 162 4
138 269 4
157 239 4
2 159 4
123 341 4
140 200 4
133 347 4
134 159 4
147 154 4
113 143 4
159 237 4
140 287 4
188 299 4
159 162 4
18 241 4
303 322 4
139 251 4
182 256 4
159 163 4
39 227 4
128 183 4
70 217 4
34 48 4
75 159 4
49 156 4
280 296 4
209 256 4
107 154 4
130 182 4
35 133 4
159 289 4
69 120 4
71 121 4
19 116 4
124 223 4
339 354 4
56 121 4
43 215 4
48 234 4
310 318 4
48 159 4
50 171 4
133 217 4
10 104 4
46 242 4
161 193 4
149 276 4
14 133 4
48 157 4
100 252 4
270 314 4
47 359 4
6 256 4
159 357 4
8 246 4
159 169 4
7 302 4
58 325 4
144 338 4
41 95 4
274 289 4
159 344 4
140 309 4
264 301 4
174 249 4
135 159 4
67 128 4
244 256 4
46 147 4
188 256 4
220 225 4
152 180 4
236 270 4
1 44 4
75 169 4
133 324 4
246 265 4
306 359 4
159 228 4
223 305 4
122 256 4
75 108 4
26 349 4
47 194 4
218 265 4
35 159 4
54 261 4
38 357 4
110 253 4
27 133 4
111 244 4
70 287 4
111 278 4
81 121 4
105 107 4
30 159 4
16 65 4
159 189 4
96 159 4
143 233 4
40 125 4
133 147 4
107 365 4
122 159 4
193 324 4
35 111 4
159 259 4
156 274 4
242 256 4
205 256 4
188 332 4
144 173 4
89 262 4
189 250 4
159 174 4
167 176 4
152 159 4
105 209 4
159 231 4
57 188 4
256 358 4
53 99 4
156 195 4
65 159 4
162 264 4
8 310 4
79 263 4
111 114 4
145 159 4
108 242 4
230 260 4
125 340 4
264 353 4
159 240 4
17 265 4
110 265 4
147 333 4
90 353 4
148 160 4
128 204 4
12 192 4
159 361 4
104 178 4
156 365 4
159 305 4
50 256 4
51 259 4
205 292 4
108 357 4
177 256 4
123 249 4
3 265 4
57 235 4
149 319 4
50 323 4
322 341 4
96 193 4
133 312 4
143 178 4
29 251 4
148 205 4
147 271 4
18 361 4
133 149 4
40 177 4
109 353 4
111 273 4
195 208 4
15 130 4
187 195 4
138 150 4
13 77 4
29 302 4
32 111 4
38 227 4
231 232 4
107 324 4
95 191 4
96 144 4
111 159 4
125 159 4
262 265 4
125 129 4
256 344 4
256 360 4
154 239 4
51 159 4
159 232 4
131 310 4
127 297 4
230 296 4
103 224 4
140 365 4
124 140 4
133 314 4
182 261 4
52 59 4
148 159 4
133 329 4
80 328 4
49 159 4
79 140 4
17 357 4
40 199 4
73 268 4
147 350 4
239 283 4
224 256 4
48 302 4
47 302 4
92 222 4
107 362 4
115 224 4
116 348 4
147 279 4
188 202 4
214 358 4
139 147 4
100 218 4
140 211 4
6 159 4
140 322 4
158 159 4
85 256 4
79 101 4
4 313 4
131 302 4
26 234 4
261 275 4
180 256 4
133 338 4
159 284 4
59 199 4
221 250 4
159 257 4
91 267 4
218 359 4
221 348 4
133 296 4
22 125 4
17 232 4
12 14 4
159 193 4
75 350 4
77 303 4
57 358 4
183 265 4
84 151 4
43 237 4
44 256 4
40 141 4
221 330 4
143 179 4
132 284 4
198 317 4
17 326 4
159 186 4
159 180 4
152 234 4
18 192 4
69 133 4
40 133 4
172 256 4
159 166 4
74 265 4
256 258 4
28 281 4
75 178 4
107 247 4
98 328 4
159 211 4
88 177 4
133 172 4
159 214 4
168 256 4
84 153 4
246 272 4
272 281 4
159 256 4
158 199 4
159 233 4
110 223 4
60 256 4
144 344 4
193 216 4
116 290 4
103 130 4
208 273 4
38 85 4
47 126 4
55 253 4
143 313 4
33 203 4
111 149 4
109 178 4
223 295 4
18 29 4
31 159 4
115 168 4
178 188 4
55 159 4
195 229 4
127 145 4
93 159 4
177 339 4
69 148 4
95 254 4
24 174 4
55 256 4
42 251 4
152 236 4
159 300 4
18 72 4
184 196 4
103 147 4
98 159 4
100 303 4
19 325 4
140 338 4
8 167 4
65 121 4
27 221 4
75 216 4
13 248 4
108 159 4
166 235 4
159 220 4
20 163 4
256 301 4
159 210 4
112 123 4
159 187 4
8 233 4
46 185 4
120 147 4
44 205 4
218 282 4
60 317 4
97 292 4
159 355 4
159 309 4
40 281 4
46 256 4
43 364 4
338 356 4
30 314 4
71 265 4
259 280 4
46 140 4
71 113 4
104 352 4
136 256 4
67 266 4
50 261 4
18 128 4
44 331 4
237 275 4
214 230 4
180 261 4
21 105 4
158 256 4
71 142 4
159 277 4
256 290 4
121 273 4
15 49 4
69 105 4
160 265 4
46 60 4
175 302 4
317 338 4
156 278 4
111 254 4
41 280 4
15 147 4
164 302 4
256 271 4
159 265 4
159 261 4
159 292 4
174 302 4
38 315 4
146 159 4
242 310 4
124 274 4
63 275 4
114 302 4
133 185 4
147 265 4
79 314 4
292 339 4
299 310 4
75 268 4
168 208 4
159 360 4
68 235 4
143 225 4
121 129 4
71 159 4
153 265 4
113 177 4
45 256 4
77 192 4
66 70 4
18 43 4
92 290 4
163 222 4
106 256 4
73 120 4
257 337 4
62 221 4
13 352 4
84 234 4
159 199 4
211 256 4
28 188 4
129 174 4
159 356 4
113 123 4
213 230 4
217 257 4
252 256 4
311 325 4
95 204 4
159 251 4
78 110 4
35 143 4
256 294 4
75 269 4
111 350 4
15 352 4
144 192 4
133 239 4
44 323 4
14 187 4
140 232 4
159 173 4
42 147 4
59 159 4
43 188 4
210 288 4
305 308 4
163 182 4
159 312 4
37 275 4
8 228 4
139 272 4
86 221 4
159 213 4
139 221 4
14 256 4
250 280 4
186 200 4
104 107 4
43 65 4
159 205 4
202 325 4
265 347 4
85 306 4
8 135 4
227 356 4
123 328 4
16 133 4
172 223 4
107 295 4
80 133 4
132 159 4
139 227 4
103 312 4
292 318 4
12 148 4
77 159 4
57 135 4
104 212 4
295 356 4
95 274 4
159 281 4
25 133 4
79 159 4
198 256 4
133 325 4
159 322 4
3 122 4
176 246 4
128 257 4
198 259 4
70 159 4
263 272 4
158 241 4
221 274 4
312 332 4
102 256 4
172 316 4
41 216 4
231 274 4
9 201 4
19 66 4
110 346 4
27 359 4
43 202 4
131 189 4
32 300 4
56 273 4
161 264 4
256 311 4
188 251 4
147 201 4
30 303 4
28 231 4
60 159 4
213 261 4
154 284 4
115 147 4
265 354 4
69 247 4
93 256 4
233 346 4
131 234 4
128 133 4
80 331 4
198 334 4
256 310 4
144 167 4
281 345 4
26 179 4
29 188 4
53 70 4
34 255 4
275 346 4
268 299 4
44 248 4
77 91 4
83 224 4
159 315 4
159 279 4
165 322 4
147 171 4
180 350 4
43 360 4
48 248 4
183 201 4
101 306 4
72 294 4
159 179 4
133 162 4
25 107 4
187 245 4
69 246 4
120 133 4
79 238 4
159 304 4
236 252 4
16 145 4
57 289 4
159 296 4
143 221 4
133 321 4
143 304 4
128 246 4
161 177 4
18 164 4
240 256 4
29 352 4
159 354 4
197 284 4
84 277 4
195 256 4
258 339 4
40 191 4
218 261 4
46 352 4
124 158 4
133 200 4
159 328 4
85 205 4
151 292 4
184 238 4
35 93 4
39 184 4
148 255 4
61 154 4
133 158 4
15 159 4
2 19 4
17 147 4
22 159 4
32 266 4
26 223 4
11 159 4
159 236 4
188 198 4
79 256 4
71 308 4
91 216 4
89 147 4
67 136 4
81 346 4
70 234 4
6 144 4
19 75 4
243 342 4
70 275 4
40 353 4
40 170 4
86 253 4
127 261 4
159 353 4
155 159 4
352 355 4
67 225 4
13 151 4
9 229 4
256 275 4
69 214 4
228 236 4
129 341 4
264 318 4
217 276 4
256 289 4
140 175 4
45 111 4
111 295 4
171 173 4
129 159 4
180 201 4
256 287 4
25 159 4
78 306 4
12 159 4
40 179 4
170 192 4
89 193 4
76 192 4
28 52 4
133 237 4
243 315 4
93 301 4
159 293 4
239 319 4
147 224 4
46 344 4
62 123 4
118 227 4
207 230 4
111 167 4
159 299 4
46 115 4
23 245 4
199 272 4
133 322 4
267 335 4
60 326 4
147 185 4
201 357 4
201 216 4
29 244 4
4 181 4
255 357 4
24 173 4
346 364 4
218 256 4
28 272 4
12 212 4
159 325 4
12 48 4
82 147 4
153 159 4
183 348 4
144 217 4
3 172 4
110 159 4
133 176 4
170 306 4
21 325 4
36 75 4
256 323 4
14 64 4
159 268 4
96 248 4
248 300 4
23 147 4
90 120 4
140 195 4
43 255 4
138 189 4
80 159 4
76 256 4
276 346 4
