13 84 1
84 13 1
96 15 1
96 61 1
96 12 1
94 48 1
94 56 1
94 70 1
16 8 1
16 8 1
8 41 1
24 45 1
8 13 1
8 3 1
8 3 1
24 34 1
13 14 1
14 13 1
14 13 1
13 14 1
28 29 1
49 7 1
13 14 1
14 13 1
1 10 1
1 14 1
1 13 1
1 7 1
1 3 1
1 2 1
1 9 1
1 8 1
1 12 1
1 15 1
1 5 1
1 17 1
1 4 1
1 11 1
1 16 1
1 65 1
1 6 1
49 50 1
14 1 1
49 50 1
49 50 1
61 96 1
13 1 1
49 1 1
121 8 1
121 13 1
49 46 1
75 1 1
49 105 1
78 1 1
49 101 1
1 84 1
84 1 1
78 50 1
70 94 1
63 57 1
70 94 1
19 75 1
19 82 1
4 1 1
31 14 1
3 1 1
15 1 1
15 96 1
2 1 1
14 31 1
14 31 1
31 14 1
31 42 1
31 63 1
6 1 1
8 1 1
66 27 1
29 28 1
3 66 1
3 8 1
3 13 1
3 67 1
3 35 1
3 4 1
3 68 1
3 85 1
3 69 1
3 84 1
3 17 1
84 3 1
42 31 1
66 3 1
56 94 1
9 1 1
13 3 1
7 1 1
94 70 1
10 1 1
94 84 1
84 94 1
16 1 1
52 8 1
8 3 1
17 3 1
8 52 1
66 67 1
66 9 1
5 1 1
94 65 1
94 9 1
12 1 1
1 12 1
29 63 1
12 1 1
12 96 1
29 23 1
29 30 1
4 3 1
29 28 1
23 29 1
9 66 1
42 64 1
42 63 1
76 19 1
76 57 1
42 112 1
30 29 1
112 42 1
56 61 1
56 96 1
56 15 1
15 56 1
96 56 1
9 94 1
30 47 1
68 3 1
61 56 1
72 36 1
6 106 1
32 67 1
32 9 1
67 32 1
32 5 1
67 3 1
67 66 1
5 32 1
28 29 1
4 106 1
82 40 1
80 64 1
14 13 1
17 15 1
17 56 1
17 54 1
9 32 1
6 8 1
6 8 1
4 3 1
4 13 1
4 35 1
32 83 1
73 72 1
73 15 1
73 5 1
73 71 1
5 73 1
13 14 1
13 14 1
14 13 1
14 13 1
13 14 1
13 14 1
43 42 1
43 42 1
43 79 1
43 45 1
43 79 1
80 67 1
14 13 1
14 13 1
13 14 1
63 29 1
83 94 1
59 86 1
59 94 1
59 68 1
59 69 1
59 56 1
59 85 1
59 84 1
59 89 1
59 48 1
59 76 1
59 88 1
59 47 1
59 2 1
76 59 1
84 59 1
45 43 1
67 80 1
71 73 1
56 17 1
56 88 1
13 14 1
63 31 1
75 50 1
64 80 1
14 13 1
14 13 1
13 14 1
13 14 1
14 13 1
14 13 1
79 43 1
13 14 1
14 13 1
13 14 1
13 14 1
13 14 1
14 13 1
10 75 1
10 1 1
10 75 1
14 13 1
10 63 1
14 13 1
13 14 1
13 14 1
14 13 1
14 13 1
4 65 1
13 14 1
13 14 1
14 13 1
14 13 1
13 14 1
9 66 1
9 67 1
13 14 1
66 9 1
14 13 1
42 43 1
42 43 1
14 13 1
13 14 1
14 9 1
14 65 1
13 14 1
9 14 1
14 13 1
71 72 1
71 15 1
71 73 1
71 5 1
94 83 1
101 57 1
101 82 1
101 6 1
101 19 1
57 101 1
65 94 1
65 14 1
65 1 1
50 48 1
83 63 1
9 85 1
9 66 1
9 67 1
67 9 1
1 38 1
82 101 1
82 13 1
82 40 1
56 15 1
56 54 1
65 95 1
95 65 1
6 101 1
50 75 1
13 82 1
54 17 1
54 56 1
13 3 1
75 50 1
75 50 1
63 83 1
121 106 1
13 65 1
13 3 1
13 8 1
13 40 1
3 13 1
8 13 1
44 66 1
95 104 1
95 79 1
95 123 1
95 22 1
95 98 1
85 3 1
42 64 1
32 8 1
17 1 1
1 17 1
8 32 1
76 81 1
76 27 1
32 8 1
79 95 1
94 59 1
94 2 1
94 83 1
2 94 1
84 1 1
86 40 1
86 19 1
86 27 1
86 93 1
86 101 1
80 67 1
80 64 1
50 75 1
15 56 1
40 41 1
40 16 1
84 13 1
98 95 1
84 3 1
15 73 1
15 17 1
84 94 1
64 80 1
75 50 1
9 66 1
9 67 1
88 15 1
88 61 1
88 96 1
88 12 1
66 9 1
88 15 1
88 61 1
88 96 1
88 12 1
16 40 1
123 95 1
24 60 1
65 13 1
56 68 1
44 14 1
14 44 1
59 94 1
60 24 1
77 3 1
77 66 1
77 115 1
77 90 1
77 80 1
89 75 1
89 88 1
77 67 1
77 26 1
77 24 1
77 39 1
77 27 1
77 81 1
77 62 1
77 5 1
77 8 1
77 9 1
14 13 1
13 14 1
13 14 1
14 13 1
14 13 1
13 14 1
94 83 1
13 14 1
14 13 1
14 13 1
13 14 1
13 14 1
14 13 1
14 13 1
13 14 1
77 66 1
77 9 1
13 14 1
14 13 1
67 9 1
67 9 1
67 66 1
67 80 1
23 51 1
51 23 1
90 80 1
80 90 1
63 83 1
68 56 1
71 72 1
84 86 1
68 56 1
75 89 1
48 50 1
75 70 1
48 85 1
85 48 1
138 47 1
104 95 1
83 94 1
83 94 1
83 63 1
38 36 1
27 76 1
76 27 1
36 38 1
54 15 1
15 54 1
19 76 1
76 19 1
76 27 1
47 30 1
11 1 1
96 15 1
96 61 1
96 12 1
11 31 1
11 32 1
11 25 1
11 33 1
31 11 1
25 11 1
94 83 1
26 15 1
26 83 1
26 24 1
33 11 1
18 58 1
83 94 1
61 96 1
1 38 1
48 94 1
73 1 1
1 73 1
70 75 1
14 13 1
79 43 1
14 13 1
42 33 1
71 12 1
71 15 1
13 14 1
71 5 1
13 14 1
13 14 1
14 13 1
71 72 1
3 66 1
3 13 1
3 68 1
3 85 1
3 67 1
3 8 1
3 35 1
3 4 1
3 69 1
3 17 1
13 3 1
23 1 1
23 104 1
17 3 1
1 23 1
4 3 1
70 50 1
59 2 1
72 73 1
56 17 1
56 17 1
8 3 1
66 3 1
29 42 1
15 96 1
104 23 1
70 48 1
70 68 1
80 64 1
80 66 1
48 70 1
17 56 1
17 15 1
17 54 1
42 29 1
42 29 1
15 17 1
1 10 1
1 13 1
1 15 1
1 17 1
1 9 1
1 8 1
1 14 1
1 12 1
1 7 1
1 3 1
1 5 1
1 4 1
1 11 1
1 16 1
1 2 1
1 65 1
1 6 1
12 1 1
56 17 1
29 42 1
56 88 1
15 1 1
14 1 1
7 1 1
68 70 1
4 1 1
9 1 1
68 3 1
29 58 1
20 7 1
7 20 1
13 1 1
2 1 1
58 29 1
70 31 1
47 48 1
31 70 1
15 54 1
48 47 1
3 1 1
16 1 1
11 1 1
38 36 1
54 17 1
54 15 1
59 67 1
88 56 1
88 56 1
13 3 1
13 35 1
13 4 1
13 53 1
13 50 1
66 80 1
36 38 1
5 1 1
88 54 1
80 26 1
80 60 1
80 66 1
149 36 1
10 1 1
66 80 1
54 15 1
54 88 1
76 69 1
63 29 1
63 42 1
63 20 1
63 33 1
63 27 1
67 3 1
32 15 1
60 80 1
67 26 1
67 66 1
65 1 1
14 13 1
86 75 1
86 48 1
86 56 1
86 69 1
86 84 1
86 76 1
86 88 1
86 117 1
86 68 1
98 22 1
63 42 1
63 20 1
63 33 1
63 29 1
63 27 1
66 27 1
86 69 1
86 88 1
86 84 1
86 76 1
86 68 1
86 48 1
86 75 1
86 117 1
74 9 1
74 14 1
74 65 1
74 72 1
14 74 1
15 32 1
15 54 1
71 72 1
71 15 1
71 73 1
71 5 1
88 15 1
88 61 1
88 96 1
88 12 1
88 61 1
88 96 1
88 12 1
88 15 1
59 85 1
59 88 1
59 94 1
59 68 1
59 69 1
59 56 1
59 86 1
59 84 1
59 89 1
59 48 1
59 76 1
59 47 1
59 2 1
84 86 1
14 13 1
3 66 1
3 67 1
3 9 1
3 17 1
9 74 1
9 17 1
9 3 1
65 74 1
13 14 1
8 1 1
13 14 1
13 14 1
4 53 1
14 13 1
45 26 1
18 7 1
41 40 1
100 7 1
12 15 1
84 94 1
84 67 1
84 79 1
88 69 1
66 77 1
13 14 1
14 13 1
14 13 1
13 14 1
88 54 1
13 14 1
14 13 1
14 13 1
13 14 1
33 34 1
19 86 1
86 19 1
14 13 1
34 33 1
13 14 1
13 14 1
14 13 1
14 13 1
13 14 1
13 14 1
14 13 1
13 14 1
14 13 1
13 14 1
14 13 1
14 13 1
14 13 1
74 4 1
13 14 1
4 74 1
13 14 1
13 14 1
14 13 1
4 74 1
86 56 1
86 75 1
86 84 1
86 48 1
74 4 1
7 100 1
88 18 1
88 89 1
65 64 1
84 69 1
64 65 1
84 57 1
68 53 1
115 59 1
115 68 1
115 90 1
115 31 1
115 72 1
115 9 1
115 44 1
115 38 1
115 69 1
115 80 1
115 64 1
115 15 1
115 3 1
115 39 1
115 26 1
115 62 1
115 56 1
115 83 1
115 18 1
115 113 1
115 23 1
115 50 1
44 115 1
56 115 1
31 115 1
38 1 1
89 88 1
89 75 1
23 115 1
68 115 1
1 38 1
3 115 1
75 89 1
59 68 1
59 56 1
59 69 1
59 64 1
59 67 1
68 69 1
68 64 1
77 66 1
26 80 1
90 115 1
75 70 1
75 82 1
59 115 1
26 45 1
26 45 1
26 115 1
42 44 1
3 35 1
3 4 1
3 50 1
3 18 1
3 8 1
3 13 1
3 51 1
3 53 1
3 52 1
3 20 1
52 3 1
64 115 1
69 115 1
16 40 1
51 3 1
69 59 1
12 96 1
12 15 1
19 67 1
19 38 1
19 66 1
19 9 1
19 17 1
19 18 1
19 7 1
19 91 1
19 1 1
72 15 1
72 5 1
7 19 1
1 19 1
20 3 1
16 40 1
13 40 1
4 3 1
13 3 1
53 3 1
13 14 1
73 72 1
9 66 1
9 67 1
9 115 1
14 13 1
9 19 1
14 13 1
73 74 1
13 14 1
13 14 1
14 13 1
40 106 1
40 6 1
14 13 1
13 14 1
69 59 1
13 14 1
18 115 1
13 40 1
18 3 1
14 13 1
50 3 1
50 8 1
50 51 1
90 112 1
18 19 1
14 13 1
112 90 1
48 47 1
48 47 1
48 47 1
47 48 1
65 64 1
15 115 1
32 8 1
13 14 1
47 48 1
47 48 1
15 12 1
13 14 1
82 75 1
13 17 1
14 13 1
4 106 1
7 18 1
14 13 1
74 73 1
13 14 1
69 76 1
13 14 1
14 13 1
72 12 1
72 15 1
72 71 1
113 115 1
39 115 1
74 104 1
39 29 1
85 3 1
15 12 1
48 50 1
29 39 1
52 3 1
70 75 1
50 41 1
50 93 1
50 101 1
50 27 1
84 50 1
101 50 1
93 50 1
64 65 1
51 50 1
66 19 1
80 67 1
80 66 1
3 50 1
9 67 1
9 66 1
3 52 1
7 22 1
7 22 1
8 3 1
50 84 1
84 50 1
84 50 1
68 56 1
68 69 1
8 50 1
86 84 1
7 22 1
40 6 1
40 106 1
17 9 1
33 15 1
15 33 1
69 64 1
47 55 1
33 15 1
54 15 1
59 9 1
59 65 1
66 9 1
15 56 1
56 15 1
15 54 1
54 10 1
65 59 1
55 47 1
77 17 1
20 22 1
20 7 1
77 66 1
83 115 1
64 68 1
63 64 1
68 64 1
13 47 1
64 63 1
83 15 1
83 5 1
67 3 1
67 80 1
5 83 1
105 103 1
103 105 1
15 83 1
15 83 1
15 33 1
65 59 1
9 44 1
9 104 1
9 74 1
9 72 1
9 1 1
84 68 1
27 66 1
68 48 1
27 50 1
84 13 1
84 47 1
1 9 1
27 77 1
63 64 1
47 48 1
1 38 1
33 22 1
67 9 1
67 9 1
48 47 1
67 19 1
84 13 1
10 54 1
88 89 1
88 89 1
84 53 1
39 27 1
27 39 1
68 64 1
74 9 1
17 19 1
17 3 1
65 22 1
65 98 1
14 7 1
22 65 1
66 80 1
83 15 1
66 3 1
66 9 1
69 68 1
69 86 1
69 84 1
45 66 1
66 45 1
53 84 1
53 4 1
84 53 1
104 9 1
65 22 1
65 22 1
72 9 1
72 14 1
72 65 1
68 67 1
68 66 1
65 59 1
84 90 1
69 86 1
69 84 1
69 76 1
104 1 1
1 104 1
1 5 1
1 6 1
1 7 1
1 2 1
1 3 1
1 8 1
1 9 1
1 10 1
1 11 1
1 12 1
1 65 1
1 13 1
1 14 1
1 15 1
1 4 1
1 16 1
1 17 1
1 6 1
1 7 1
1 2 1
1 10 1
1 11 1
1 12 1
1 13 1
1 4 1
1 16 1
1 38 1
13 84 1
16 1 1
16 1 1
96 15 1
96 61 1
96 12 1
94 65 1
94 9 1
13 17 1
13 3 1
13 35 1
13 4 1
144 38 1
33 15 1
94 68 1
94 69 1
94 56 1
94 47 1
94 84 1
94 85 1
94 59 1
94 2 1
42 14 1
152 26 1
2 94 1
2 94 1
2 33 1
2 59 1
2 22 1
2 83 1
2 95 1
83 2 1
14 42 1
14 42 1
33 2 1
33 22 1
94 2 1
95 2 1
62 31 1
61 96 1
3 64 1
3 42 1
3 20 1
3 66 1
27 77 1
44 9 1
34 39 1
33 22 1
31 62 1
39 34 1
15 96 1
7 20 1
42 14 1
42 3 1
42 3 1
7 14 1
3 42 1
22 42 1
22 20 1
22 29 1
22 63 1
27 66 1
27 15 1
27 13 1
27 39 1
27 26 1
27 3 1
27 62 1
42 22 1
100 84 1
63 22 1
74 18 1
12 96 1
3 66 1
3 67 1
3 8 1
3 35 1
3 13 1
3 4 1
3 68 1
3 85 1
3 69 1
3 17 1
3 27 1
13 27 1
15 27 1
13 3 1
8 3 1
67 3 1
3 8 1
3 35 1
3 52 1
3 18 1
3 50 1
3 13 1
3 4 1
3 51 1
3 53 1
59 94 1
59 2 1
52 3 1
67 68 1
67 66 1
59 9 1
59 14 1
59 67 1
42 43 1
13 3 1
66 3 1
53 3 1
13 14 1
14 13 1
66 3 1
56 94 1
29 39 1
9 94 1
29 22 1
14 13 1
13 14 1
18 74 1
4 1 1
4 7 1
4 35 1
32 66 1
4 3 1
4 3 1
56 55 1
18 3 1
32 44 1
32 8 1
33 22 1
20 22 1
83 15 1
20 22 1
20 3 1
20 7 1
20 45 1
7 20 1
45 20 1
80 66 1
80 26 1
20 3 1
3 20 1
47 50 1
47 94 1
68 94 1
17 3 1
68 3 1
17 56 1
17 15 1
17 54 1
44 32 1
26 80 1
66 80 1
54 17 1
31 37 1
8 32 1
8 3 1
31 36 1
15 83 1
26 45 1
26 45 1
59 68 1
59 56 1
59 84 1
59 76 1
59 47 1
59 69 1
59 85 1
59 86 1
59 89 1
59 48 1
59 88 1
59 94 1
59 2 1
15 17 1
32 44 1
71 72 1
32 11 1
32 3 1
32 26 1
32 24 1
26 32 1
11 5 1
3 32 1
39 29 1
32 15 1
50 47 1
3 8 1
20 3 1
20 7 1
20 45 1
20 22 1
29 7 1
3 20 1
45 20 1
64 67 1
33 15 1
12 31 1
12 25 1
16 13 1
8 3 1
68 47 1
68 48 1
24 32 1
47 50 1
55 56 1
56 17 1
56 88 1
84 13 1
84 94 1
76 53 1
69 56 1
7 29 1
84 100 1
15 66 1
15 9 1
66 15 1
88 56 1
15 33 1
9 15 1
56 15 1
33 15 1
15 56 1
25 12 1
64 67 1
32 44 1
38 36 1
6 13 1
6 8 1
6 41 1
71 5 1
115 67 1
145 68 1
142 86 1
148 84 1
141 104 1
31 12 1
67 115 1
5 11 1
67 66 1
51 3 1
66 26 1
72 67 1
44 32 1
33 22 1
15 5 1
44 95 1
33 15 1
33 1 1
33 7 1
32 44 1
5 15 1
7 20 1
94 65 1
84 53 1
50 52 1
52 50 1
53 68 1
71 72 1
52 103 1
98 65 1
38 18 1
48 68 1
140 122 1
141 104 1
68 53 1
142 86 1
13 3 1
13 8 1
13 4 1
13 35 1
13 40 1
13 41 1
13 6 1
13 16 1
13 121 1
3 8 1
3 51 1
3 66 1
51 3 1
5 56 1
5 88 1
56 5 1
53 76 1
88 5 1
76 53 1
53 84 1
84 53 1
44 32 1
26 66 1
36 38 1
44 32 1
68 48 1
103 52 1
115 67 1
69 86 1
45 63 1
84 86 1
65 94 1
64 9 1
144 38 1
65 94 1
66 3 1
60 66 1
66 60 1
52 50 1
95 44 1
69 84 1
69 86 1
69 76 1
69 84 1
44 112 1
67 66 1
67 26 1
67 115 1
129 129 1
115 67 1
63 45 1
43 42 1
8 3 1
43 79 1
25 31 1
74 4 1
4 74 1
6 106 1
57 19 1
84 53 1
24 66 1
24 15 1
24 83 1
24 77 1
24 26 1
85 3 1
85 94 1
20 83 1
20 35 1
20 18 1
20 52 1
20 8 1
20 51 1
52 20 1
4 106 1
32 30 1
79 43 1
53 84 1
84 53 1
84 53 1
105 103 1
103 105 1
134 1 1
144 38 1
77 24 1
142 86 1
141 104 1
150 36 1
94 86 1
94 69 1
86 94 1
32 25 1
25 32 1
70 48 1
70 68 1
48 70 1
76 50 1
134 1 1
32 9 1
71 5 1
71 72 1
71 15 1
71 73 1
129 129 1
29 94 1
84 69 1
29 22 1
63 64 1
69 86 1
76 50 1
67 115 1
64 63 1
15 32 1
15 24 1
68 70 1
1 38 1
58 29 1
58 83 1
58 106 1
58 95 1
58 23 1
58 33 1
150 36 1
13 14 1
66 24 1
26 45 1
26 24 1
50 47 1
29 58 1
13 121 1
14 13 1
94 29 1
94 29 1
94 65 1
14 13 1
43 42 1
13 14 1
47 50 1
18 20 1
3 8 1
3 13 1
3 50 1
3 35 1
13 3 1
15 32 1
32 15 1
23 58 1
50 76 1
8 20 1
8 3 1
23 58 1
76 50 1
141 104 1
58 23 1
39 27 1
142 86 1
33 58 1
9 67 1
9 66 1
67 9 1
7 22 1
50 76 1
32 7 1
66 9 1
140 122 1
76 50 1
31 25 1
2 94 1
2 22 1
2 33 1
2 83 1
2 95 1
2 59 1
84 53 1
44 67 1
67 44 1
47 68 1
53 84 1
84 53 1
51 20 1
32 42 1
42 32 1
115 67 1
106 58 1
42 43 1
95 2 1
95 58 1
77 67 1
77 66 1
77 9 1
77 17 1
67 115 1
32 7 1
59 2 1
106 133 1
106 130 1
106 4 1
95 43 1
95 22 1
95 59 1
95 2 1
95 65 1
95 93 1
95 44 1
95 98 1
95 58 1
95 104 1
95 79 1
95 10 1
95 94 1
93 95 1
2 95 1
98 95 1
59 95 1
33 2 1
22 33 1
33 22 1
2 33 1
2 83 1
58 95 1
70 53 1
39 34 1
58 29 1
58 43 1
58 83 1
58 33 1
58 106 1
33 58 1
22 42 1
42 22 1
42 64 1
42 63 1
22 7 1
34 39 1
7 22 1
32 7 1
104 95 1
58 54 1
84 86 1
54 58 1
63 42 1
80 67 1
80 64 1
10 95 1
67 80 1
64 80 1
9 66 1
9 67 1
67 9 1
32 30 1
65 94 1
66 9 1
15 72 1
15 5 1
15 12 1
12 15 1
72 71 1
72 73 1
83 20 1
65 95 1
83 24 1
83 58 1
83 2 1
83 2 1
83 58 1
68 47 1
32 30 1
9 77 1
9 17 1
15 72 1
68 100 1
77 9 1
15 33 1
15 3 1
15 33 1
15 54 1
4 106 1
96 15 1
96 61 1
96 12 1
94 65 1
94 9 1
94 95 1
94 2 1
33 2 1
29 94 1
29 58 1
44 95 1
17 9 1
58 118 1
61 96 1
26 32 1
5 15 1
3 51 1
3 8 1
3 35 1
51 3 1
29 119 1
29 42 1
79 95 1
56 5 1
56 15 1
3 66 1
3 67 1
3 8 1
3 35 1
3 13 1
3 4 1
3 68 1
3 85 1
3 17 1
66 3 1
9 94 1
33 22 1
9 32 1
72 71 1
72 73 1
83 33 1
12 96 1
13 3 1
121 13 1
32 66 1
22 7 1
42 29 1
32 112 1
7 22 1
4 3 1
80 90 1
80 66 1
3 26 1
3 66 1
3 52 1
52 3 1
42 64 1
42 63 1
42 43 1
42 22 1
29 22 1
88 89 1
88 69 1
69 88 1
11 5 1
32 44 1
14 13 1
47 48 1
32 15 1
32 3 1
32 5 1
32 83 1
48 47 1
3 32 1
13 14 1
13 14 1
32 26 1
32 24 1
14 13 1
14 13 1
13 14 1
13 14 1
63 42 1
14 13 1
5 32 1
5 56 1
29 42 1
29 94 1
29 22 1
33 83 1
32 44 1
32 15 1
32 83 1
94 29 1
44 112 1
66 3 1
42 29 1
14 13 1
68 81 1
68 53 1
5 56 1
5 11 1
13 14 1
13 14 1
15 72 1
14 13 1
14 13 1
13 14 1
13 14 1
4 75 1
68 3 1
14 13 1
14 13 1
56 5 1
13 14 1
75 4 1
13 14 1
14 13 1
24 32 1
14 13 1
13 14 1
13 14 1
14 13 1
14 13 1
120 73 1
68 38 1
38 68 1
32 24 1
86 84 1
13 14 1
106 58 1
84 86 1
26 3 1
4 106 1
68 47 1
68 48 1
83 32 1
26 32 1
14 13 1
44 112 1
14 13 1
21 86 1
86 21 1
151 104 1
151 7 1
45 25 1
25 45 1
15 17 1
112 44 1
67 3 1
32 104 1
32 66 1
32 66 1
32 66 1
32 66 1
71 72 1
71 73 1
71 15 1
71 5 1
44 32 1
54 58 1
54 5 1
54 83 1
13 14 1
13 14 1
90 80 1
76 123 1
44 67 1
44 66 1
44 91 1
44 112 1
5 54 1
14 13 1
13 14 1
13 14 1
14 13 1
14 13 1
21 86 1
13 14 1
86 21 1
13 14 1
14 13 1
14 13 1
13 14 1
15 54 1
17 15 1
17 54 1
17 56 1
56 17 1
47 18 1
47 55 1
47 27 1
47 81 1
54 17 1
15 54 1
44 38 1
58 54 1
54 15 1
54 56 1
77 9 1
77 17 1
6 106 1
54 56 1
54 15 1
95 44 1
95 112 1
56 54 1
56 54 1
15 56 1
112 95 1
54 56 1
54 15 1
66 32 1
68 48 1
118 58 1
13 17 1
55 47 1
94 65 1
94 9 1
85 3 1
44 95 1
29 39 1
39 24 1
39 24 1
39 24 1
39 24 1
39 24 1
24 39 1
39 29 1
66 80 1
121 106 1
77 9 1
77 67 1
77 66 1
77 17 1
50 3 1
65 94 1
3 50 1
56 54 1
107 18 1
107 18 1
65 94 1
30 7 1
30 32 1
7 30 1
30 15 1
30 54 1
30 33 1
30 3 1
30 8 1
30 17 1
3 30 1
30 3 1
30 17 1
30 20 1
30 35 1
30 4 1
3 30 1
30 33 1
30 15 1
30 54 1
30 5 1
30 39 1
30 35 1
30 4 1
68 13 1
27 47 1
33 30 1
54 30 1
54 30 1
13 3 1
84 86 1
68 84 1
68 84 1
32 30 1
20 30 1
3 66 1
3 13 1
3 53 1
80 59 1
3 13 1
3 8 1
3 35 1
53 3 1
39 30 1
59 80 1
13 3 1
13 3 1
68 69 1
69 68 1
14 13 1
13 14 1
13 14 1
39 29 1
14 13 1
14 13 1
13 14 1
13 14 1
27 81 1
27 102 1
27 101 1
27 93 1
101 27 1
117 58 1
58 117 1
93 27 1
53 68 1
43 42 1
56 15 1
66 3 1
68 53 1
53 70 1
53 70 1
53 4 1
3 4 1
3 8 1
3 13 1
70 53 1
84 69 1
69 84 1
13 3 1
13 3 1
3 13 1
43 81 1
68 84 1
25 20 1
29 39 1
3 13 1
3 8 1
20 25 1
84 69 1
13 3 1
20 25 1
50 86 1
29 42 1
25 20 1
86 50 1
25 26 1
29 22 1
29 58 1
26 25 1
29 94 1
58 29 1
29 23 1
29 30 1
86 50 1
42 29 1
26 80 1
68 86 1
68 56 1
22 7 1
7 22 1
50 86 1
17 30 1
17 30 1
86 50 1
30 29 1
86 50 1
56 68 1
68 56 1
50 86 1
86 50 1
90 84 1
84 90 1
59 72 1
84 53 1
123 79 1
76 19 1
76 93 1
53 3 1
3 53 1
104 32 1
104 32 1
68 3 1
68 72 1
68 69 1
68 67 1
68 66 1
68 9 1
68 15 1
68 65 1
68 56 1
68 86 1
68 47 1
68 48 1
83 54 1
84 56 1
3 13 1
3 4 1
3 8 1
3 35 1
93 76 1
14 13 1
83 58 1
83 54 1
83 29 1
83 5 1
83 33 1
83 2 1
80 9 1
80 26 1
80 68 1
80 32 1
80 69 1
69 80 1
54 83 1
5 30 1
32 104 1
32 80 1
5 83 1
68 85 1
68 69 1
68 84 1
68 90 1
68 48 1
68 47 1
68 86 1
68 80 1
86 13 1
9 14 1
76 93 1
9 94 1
72 67 1
32 44 1
76 27 1
76 50 1
76 69 1
69 76 1
80 64 1
69 76 1
13 3 1
94 29 1
13 65 1
13 3 1
13 8 1
13 40 1
96 15 1
96 61 1
96 12 1
31 6 1
31 63 1
31 42 1
31 58 1
31 22 1
31 70 1
31 75 1
31 33 1
31 29 1
31 57 1
33 83 1
29 31 1
33 31 1
29 31 1
29 83 1
6 31 1
33 58 1
33 83 1
14 9 1
75 31 1
100 68 1
4 65 1
58 31 1
100 84 1
33 30 1
42 31 1
31 29 1
58 83 1
8 30 1
8 13 1
8 3 1
75 86 1
75 19 1
75 88 1
75 89 1
8 3 1
8 3 1
8 3 1
42 31 1
42 31 1
8 3 1
8 3 1
42 43 1
42 64 1
58 33 1
19 57 1
31 42 1
42 22 1
42 94 1
42 2 1
42 98 1
42 29 1
42 95 1
61 96 1
70 31 1
2 42 1
2 83 1
55 18 1
55 47 1
95 42 1
31 42 1
63 31 1
26 80 1
4 8 1
4 3 1
15 54 1
15 56 1
8 4 1
63 151 1
82 49 1
15 96 1
4 3 1
56 5 1
4 3 1
34 23 1
23 34 1
23 29 1
50 76 1
50 27 1
29 42 1
23 29 1
56 84 1
29 23 1
29 22 1
4 3 1
4 8 1
4 13 1
12 96 1
9 80 1
4 30 1
4 30 1
5 56 1
12 71 1
12 72 1
12 73 1
12 15 1
15 12 1
65 13 1
123 95 1
123 79 1
5 74 1
5 72 1
5 71 1
5 73 1
5 11 1
49 82 1
79 123 1
83 33 1
13 72 1
47 55 1
70 68 1
70 48 1
74 5 1
82 49 1
15 30 1
82 49 1
59 69 1
69 59 1
15 7 1
15 1 1
76 50 1
1 15 1
15 32 1
76 123 1
51 35 1
51 8 1
51 3 1
82 49 1
8 51 1
76 50 1
70 56 1
50 76 1
31 112 1
7 15 1
76 59 1
76 50 1
17 56 1
17 15 1
17 54 1
68 100 1
68 70 1
72 15 1
72 71 1
72 73 1
72 12 1
72 5 1
72 117 1
72 74 1
56 17 1
43 42 1
54 17 1
56 88 1
15 17 1
76 50 1
89 75 1
88 56 1
88 75 1
112 31 1
38 80 1
47 27 1
47 81 1
38 90 1
84 56 1
84 100 1
59 76 1
4 1 1
4 7 1
4 35 1
76 59 1
76 27 1
11 5 1
95 123 1
76 90 1
95 22 1
95 98 1
76 53 1
115 84 1
98 95 1
94 42 1
84 115 1
4 106 1
33 83 1
151 63 1
95 104 1
104 95 1
72 15 1
56 70 1
11 5 1
86 75 1
49 82 1
49 82 1
49 82 1
68 34 1
26 27 1
4 53 1
121 106 1
84 53 1
94 14 1
94 65 1
94 9 1
14 94 1
68 70 1
53 84 1
74 4 1
84 53 1
53 76 1
76 53 1
72 74 1
70 50 1
65 94 1
33 2 1
38 64 1
2 33 1
84 69 1
59 69 1
4 74 1
14 13 1
5 11 1
13 14 1
112 44 1
13 14 1
14 13 1
6 106 1
6 31 1
6 31 1
6 31 1
34 68 1
42 63 1
33 61 1
33 5 1
61 33 1
44 112 1
68 34 1
44 67 1
44 80 1
54 117 1
14 13 1
81 43 1
44 65 1
13 14 1
13 14 1
90 117 1
14 13 1
65 44 1
65 44 1
44 65 1
44 65 1
13 14 1
14 13 1
65 44 1
86 19 1
73 12 1
73 5 1
67 44 1
65 44 1
38 1 1
44 112 1
9 94 1
47 50 1
4 48 1
4 68 1
4 13 1
13 4 1
117 54 1
5 33 1
54 117 1
54 117 1
68 4 1
76 69 1
59 44 1
44 14 1
54 73 1
54 15 1
68 34 1
14 44 1
13 14 1
38 36 1
14 13 1
14 13 1
13 14 1
9 112 1
112 9 1
44 14 1
81 43 1
44 65 1
13 14 1
14 13 1
14 13 1
13 14 1
13 14 1
14 13 1
8 1 1
8 7 1
7 8 1
66 67 1
1 8 1
7 8 1
73 54 1
7 4 1
7 32 1
7 33 1
8 7 1
44 112 1
8 1 1
8 7 1
1 8 1
7 8 1
31 95 1
31 87 1
31 104 1
50 70 1
50 40 1
68 48 1
67 66 1
34 24 1
24 34 1
95 44 1
95 80 1
95 31 1
104 31 1
54 15 1
108 46 1
108 57 1
108 37 1
108 50 1
108 18 1
86 84 1
108 99 1
108 18 1
108 99 1
108 99 1
90 76 1
69 76 1
77 9 1
38 1 1
108 99 1
108 99 1
108 99 1
108 99 1
108 99 1
3 4 1
142 86 1
67 66 1
150 36 1
144 38 1
138 47 1
144 38 1
152 26 1
134 1 1
145 68 1
153 53 1
129 129 1
148 84 1
145 68 1
134 1 1
18 108 1
138 47 1
96 15 1
96 61 1
96 12 1
35 30 1
4 7 1
94 14 1
94 9 1
94 65 1
33 7 1
4 7 1
4 35 1
4 1 1
35 51 1
35 3 1
35 3 1
35 20 1
19 75 1
70 50 1
35 3 1
33 7 1
35 30 1
35 3 1
14 94 1
35 3 1
48 4 1
35 3 1
35 3 1
35 3 1
98 42 1
4 35 1
4 3 1
4 20 1
4 40 1
4 29 1
4 58 1
4 13 1
4 53 1
4 84 1
4 76 1
4 106 1
13 4 1
71 5 1
20 4 1
3 4 1
4 48 1
27 76 1
106 4 1
27 50 1
27 47 1
27 69 1
27 76 1
69 27 1
3 66 1
3 67 1
3 68 1
3 69 1
3 85 1
3 8 1
3 35 1
3 13 1
3 4 1
3 17 1
69 3 1
13 3 1
35 4 1
35 3 1
35 3 1
7 33 1
53 4 1
35 3 1
32 7 1
58 4 1
50 76 1
32 7 1
33 7 1
34 83 1
14 13 1
13 14 1
13 14 1
29 4 1
27 76 1
29 42 1
14 13 1
14 13 1
15 54 1
15 54 1
29 58 1
15 96 1
63 42 1
29 43 1
42 29 1
42 29 1
66 3 1
29 42 1
13 14 1
66 27 1
13 14 1
14 13 1
58 29 1
58 29 1
13 14 1
89 88 1
13 84 1
4 3 1
13 3 1
13 4 1
13 35 1
11 5 1
9 94 1
17 3 1
29 58 1
13 17 1
80 69 1
80 84 1
29 4 1
29 30 1
80 26 1
80 32 1
30 29 1
2 33 1
2 22 1
2 94 1
2 95 1
2 98 1
2 58 1
2 106 1
98 2 1
58 2 1
32 80 1
22 42 1
76 27 1
76 27 1
76 27 1
67 3 1
43 29 1
68 3 1
8 3 1
17 56 1
17 15 1
17 54 1
15 17 1
5 11 1
76 123 1
42 22 1
43 42 1
43 42 1
43 45 1
43 79 1
43 79 1
31 25 1
45 43 1
25 31 1
52 103 1
32 8 1
59 68 1
59 85 1
59 84 1
59 76 1
59 69 1
59 56 1
59 86 1
59 89 1
59 48 1
59 88 1
59 47 1
59 94 1
59 2 1
84 59 1
83 34 1
34 83 1
83 34 1
71 12 1
83 63 1
47 48 1
32 8 1
95 2 1
63 83 1
48 47 1
106 2 1
56 17 1
56 88 1
24 25 1
47 68 1
25 24 1
4 29 1
33 2 1
56 55 1
56 15 1
56 5 1
123 76 1
123 79 1
76 123 1
5 56 1
68 47 1
17 1 1
1 17 1
17 1 1
56 15 1
1 17 1
79 43 1
79 123 1
30 45 1
55 56 1
34 39 1
71 15 1
71 72 1
71 73 1
71 5 1
80 44 1
44 80 1
9 67 1
83 30 1
45 30 1
83 63 1
30 83 1
63 83 1
19 76 1
76 19 1
26 80 1
26 45 1
67 9 1
26 45 1
88 89 1
30 47 1
30 29 1
42 43 1
15 56 1
42 43 1
15 56 1
29 30 1
48 4 1
90 64 1
48 47 1
56 88 1
112 9 1
48 47 1
112 9 1
47 48 1
47 30 1
54 15 1
54 17 1
69 76 1
76 69 1
88 56 1
88 56 1
76 27 1
76 69 1
84 69 1
84 76 1
76 84 1
45 37 1
45 108 1
45 86 1
86 45 1
45 69 1
69 45 1
45 64 1
45 50 1
45 53 1
64 45 1
53 45 1
69 53 1
12 96 1
15 54 1
100 80 1
50 45 1
9 44 1
45 50 1
94 2 1
94 20 1
94 112 1
13 3 1
2 42 1
6 106 1
44 9 1
42 2 1
112 94 1
39 34 1
20 94 1
66 15 1
59 80 1
86 53 1
86 50 1
104 7 1
4 106 1
50 86 1
103 52 1
50 70 1
50 6 1
85 3 1
80 90 1
53 86 1
53 69 1
69 53 1
80 43 1
44 67 1
70 50 1
70 50 1
9 44 1
44 9 1
119 29 1
1 18 1
6 50 1
90 80 1
77 9 1
77 17 1
18 1 1
45 21 1
15 66 1
47 48 1
94 14 1
94 9 1
94 65 1
86 50 1
14 94 1
86 50 1
50 86 1
50 56 1
86 69 1
69 86 1
56 50 1
86 50 1
50 56 1
76 81 1
86 53 1
69 53 1
44 68 1
56 50 1
74 4 1
68 44 1
68 85 1
9 94 1
76 123 1
69 86 1
69 76 1
69 84 1
84 69 1
43 80 1
76 19 1
50 86 1
39 81 1
3 66 1
80 64 1
4 74 1
3 51 1
3 20 1
3 8 1
3 35 1
3 13 1
3 4 1
3 52 1
3 18 1
3 50 1
3 53 1
52 3 1
4 3 1
51 3 1
8 3 1
64 80 1
39 3 1
39 51 1
51 39 1
3 39 1
32 80 1
56 50 1
80 32 1
30 29 1
53 3 1
84 69 1
69 68 1
86 50 1
86 50 1
84 69 1
84 69 1
69 84 1
27 76 1
76 27 1
1 5 1
1 6 1
1 7 1
1 2 1
1 3 1
1 8 1
1 9 1
1 10 1
1 11 1
1 12 1
1 65 1
1 13 1
1 14 1
1 15 1
1 4 1
1 16 1
1 17 1
18 3 1
13 3 1
20 3 1
13 4 1
96 15 1
96 61 1
96 12 1
4 13 1
35 3 1
29 30 1
61 96 1
1 38 1
38 1 1
112 10 1
112 79 1
112 95 1
112 7 1
112 123 1
7 112 1
79 112 1
50 86 1
50 86 1
39 34 1
50 86 1
34 39 1
79 43 1
3 69 1
3 17 1
3 66 1
3 67 1
3 8 1
3 35 1
3 13 1
3 4 1
3 68 1
3 85 1
34 73 1
13 3 1
66 3 1
15 96 1
95 112 1
123 112 1
112 79 1
35 3 1
39 73 1
79 112 1
10 112 1
73 39 1
46 70 1
46 30 1
46 56 1
46 50 1
46 39 1
46 107 1
46 115 1
46 1 1
46 87 1
46 27 1
46 119 1
46 123 1
46 43 1
46 47 1
46 61 1
46 93 1
46 25 1
46 85 1
46 53 1
46 44 1
46 124 1
46 22 1
46 59 1
46 125 1
46 102 1
46 52 1
46 81 1
46 98 1
46 18 1
46 32 1
46 58 1
46 57 1
46 69 1
46 75 1
46 126 1
46 83 1
69 46 1
52 46 1
8 3 1
32 46 1
56 46 1
58 46 1
44 46 1
61 46 1
93 46 1
64 42 1
64 63 1
64 80 1
93 101 1
63 64 1
101 93 1
42 64 1
101 57 1
101 99 1
101 55 1
101 82 1
101 4 1
101 16 1
101 6 1
101 19 1
101 122 1
123 46 1
75 46 1
19 101 1
19 101 1
1 46 1
39 46 1
13 3 1
13 4 1
13 17 1
13 35 1
42 29 1
42 43 1
42 22 1
42 98 1
42 95 1
32 25 1
124 46 1
70 46 1
55 101 1
50 46 1
50 70 1
50 30 1
50 25 1
50 85 1
50 124 1
50 22 1
50 98 1
50 32 1
50 126 1
50 107 1
50 115 1
50 1 1
50 87 1
50 27 1
50 119 1
50 123 1
50 43 1
50 47 1
50 61 1
50 93 1
50 53 1
50 44 1
50 59 1
50 125 1
50 102 1
50 52 1
50 81 1
50 18 1
50 56 1
50 39 1
50 58 1
50 57 1
50 69 1
50 75 1
50 83 1
69 50 1
1 50 1
58 50 1
93 50 1
61 50 1
32 50 1
70 50 1
39 50 1
30 46 1
123 50 1
30 50 1
25 50 1
29 42 1
26 3 1
26 51 1
80 64 1
67 3 1
44 50 1
47 50 1
47 46 1
59 46 1
59 50 1
122 101 1
17 56 1
17 15 1
17 54 1
15 17 1
56 17 1
56 88 1
88 56 1
25 26 1
26 25 1
95 42 1
95 58 1
95 123 1
95 93 1
95 44 1
95 73 1
95 104 1
95 79 1
95 112 1
95 94 1
95 2 1
54 17 1
25 26 1
58 95 1
112 95 1
93 95 1
44 32 1
104 95 1
44 95 1
123 95 1
6 101 1
68 3 1
6 43 1
6 42 1
6 95 1
6 35 1
6 87 1
6 93 1
6 124 1
6 22 1
6 98 1
6 50 1
6 57 1
6 20 1
6 16 1
6 40 1
93 6 1
93 101 1
101 93 1
42 6 1
2 95 1
16 6 1
76 75 1
79 95 1
4 101 1
73 34 1
4 3 1
73 95 1
18 46 1
124 6 1
82 101 1
16 101 1
18 50 1
66 3 1
43 6 1
43 50 1
43 46 1
38 64 1
43 42 1
83 46 1
83 50 1
64 38 1
38 64 1
43 58 1
43 21 1
43 81 1
43 6 1
43 81 1
69 3 1
59 69 1
59 84 1
59 48 1
59 76 1
59 68 1
59 56 1
59 85 1
59 86 1
59 89 1
59 88 1
59 47 1
59 94 1
59 2 1
47 59 1
68 59 1
76 59 1
58 43 1
21 43 1
43 42 1
43 95 1
43 58 1
43 29 1
43 6 1
43 21 1
43 81 1
29 43 1
43 58 1
21 43 1
58 43 1
38 1 1
43 81 1
43 27 1
43 95 1
86 50 1
86 50 1
95 43 1
43 21 1
30 7 1
30 10 1
95 6 1
43 95 1
7 30 1
43 42 1
43 81 1
53 50 1
53 46 1
86 84 1
95 70 1
95 56 1
95 14 1
95 7 1
95 104 1
95 4 1
95 2 1
95 115 1
95 123 1
95 44 1
95 31 1
95 48 1
95 79 1
95 65 1
31 95 1
2 95 1
7 95 1
104 95 1
14 95 1
43 42 1
84 80 1
43 22 1
43 58 1
48 95 1
56 95 1
20 6 1
26 3 1
86 50 1
26 51 1
2 43 1
2 83 1
2 70 1
2 87 1
2 119 1
2 123 1
2 93 1
2 85 1
2 44 1
2 22 1
2 59 1
2 98 1
2 18 1
2 56 1
2 58 1
2 57 1
2 75 1
2 71 1
44 95 1
44 2 1
58 2 1
59 2 1
93 2 1
43 2 1
20 53 1
20 52 1
20 18 1
20 50 1
20 42 1
20 2 1
20 102 1
20 81 1
20 128 1
20 4 1
20 29 1
20 63 1
20 112 1
20 94 1
53 20 1
123 95 1
123 2 1
52 20 1
14 25 1
90 85 1
90 68 1
68 90 1
75 2 1
14 32 1
6 43 1
6 43 1
79 95 1
31 14 1
71 5 1
14 31 1
26 25 1
2 20 1
121 106 1
29 20 1
84 123 1
84 79 1
24 66 1
24 26 1
24 32 1
115 95 1
112 20 1
42 43 1
10 30 1
115 67 1
115 50 1
42 20 1
79 123 1
25 14 1
115 46 1
70 2 1
70 95 1
35 6 1
6 1 1
6 7 1
6 7 1
6 1 1
115 58 1
115 75 1
115 87 1
115 27 1
115 123 1
115 43 1
115 93 1
115 85 1
115 22 1
115 98 1
115 42 1
115 95 1
115 84 1
71 72 1
71 15 1
71 73 1
71 5 1
84 115 1
35 4 1
35 136 1
43 115 1
93 115 1
71 2 1
83 2 1
17 3 1
25 14 1
84 115 1
14 25 1
123 115 1
63 20 1
95 115 1
22 95 1
22 20 1
22 33 1
22 70 1
22 43 1
22 93 1
22 98 1
22 58 1
22 42 1
22 29 1
22 45 1
45 22 1
93 22 1
29 22 1
115 84 1
84 115 1
83 66 1
40 49 1
18 20 1
18 2 1
4 95 1
4 20 1
4 35 1
95 22 1
69 84 1
90 115 1
33 22 1
18 107 1
18 108 1
18 55 1
18 110 1
18 109 1
18 99 1
18 57 1
18 19 1
115 90 1
12 96 1
80 44 1
75 115 1
70 22 1
42 115 1
80 64 1
80 90 1
42 22 1
64 90 1
79 123 1
79 22 1
79 95 1
79 104 1
79 65 1
79 112 1
112 79 1
55 18 1
19 18 1
32 14 1
104 79 1
123 79 1
64 80 1
90 80 1
6 106 1
76 69 1
44 80 1
18 55 1
18 19 1
76 81 1
108 18 1
108 45 1
108 18 1
108 18 1
19 18 1
108 18 1
83 26 1
95 79 1
9 67 1
9 66 1
48 4 1
108 18 1
108 18 1
4 16 1
4 48 1
39 29 1
74 4 1
104 18 1
104 57 1
29 39 1
26 24 1
26 66 1
66 24 1
26 77 1
26 83 1
69 59 1
4 74 1
66 83 1
75 50 1
105 103 1
66 9 1
55 18 1
94 95 1
1 38 1
103 105 1
7 32 1
99 108 1
85 115 1
108 99 1
108 18 1
32 24 1
32 7 1
32 7 1
4 106 1
108 18 1
99 18 1
43 22 1
85 90 1
85 2 1
48 85 1
99 101 1
85 18 1
85 50 1
85 46 1
85 3 1
103 52 1
18 85 1
59 67 1
85 48 1
7 32 1
20 22 1
80 66 1
80 67 1
80 72 1
94 20 1
64 26 1
64 66 1
3 66 1
3 77 1
94 18 1
94 56 1
94 95 1
94 109 1
94 20 1
94 104 1
94 10 1
94 46 1
94 107 1
94 87 1
94 123 1
94 93 1
94 22 1
94 98 1
94 58 1
94 118 1
94 73 1
94 100 1
94 55 1
94 33 1
94 89 1
94 106 1
94 29 1
94 133 1
94 79 1
94 2 1
94 65 1
94 6 1
94 112 1
94 21 1
94 23 1
94 19 1
93 94 1
112 94 1
2 94 1
104 94 1
29 94 1
18 94 1
94 20 1
94 29 1
94 18 1
94 22 1
94 56 1
33 94 1
56 94 1
64 38 1
64 22 1
29 94 1
80 44 1
80 14 1
56 94 1
44 80 1
16 4 1
20 94 1
123 94 1
18 94 1
77 3 1
14 80 1
20 94 1
79 94 1
10 94 1
55 94 1
54 88 1
54 61 1
54 15 1
48 47 1
47 48 1
59 94 1
61 54 1
26 64 1
67 80 1
73 94 1
67 9 1
48 47 1
48 50 1
26 45 1
80 115 1
106 94 1
44 1 1
44 112 1
15 66 1
77 66 1
77 9 1
77 17 1
66 15 1
66 80 1
66 3 1
77 66 1
106 13 1
106 5 1
106 71 1
106 130 1
106 4 1
106 11 1
106 16 1
106 40 1
106 121 1
106 6 1
106 74 1
5 106 1
15 54 1
9 67 1
9 66 1
115 80 1
5 32 1
5 54 1
5 83 1
5 11 1
5 88 1
5 56 1
5 30 1
5 52 1
5 18 1
5 39 1
5 69 1
5 36 1
5 31 1
5 109 1
5 29 1
30 5 1
13 106 1
52 5 1
56 5 1
54 5 1
4 106 1
18 81 1
18 1 1
1 18 1
54 5 1
54 83 1
54 58 1
54 56 1
42 63 1
56 54 1
29 5 1
18 5 1
6 106 1
6 94 1
50 52 1
80 67 1
80 66 1
31 5 1
5 54 1
52 50 1
45 24 1
24 45 1
88 5 1
88 54 1
89 94 1
21 94 1
45 31 1
45 34 1
89 21 1
89 76 1
89 130 1
89 88 1
89 75 1
89 10 1
89 95 1
89 84 1
89 69 1
76 89 1
52 50 1
31 45 1
76 89 1
52 103 1
75 90 1
90 80 1
66 9 1
72 67 1
52 3 1
88 61 1
88 96 1
88 12 1
88 15 1
21 89 1
83 5 1
74 106 1
83 54 1
39 5 1
80 90 1
84 89 1
77 66 1
77 9 1
77 17 1
50 47 1
47 50 1
34 45 1
88 57 1
88 93 1
93 19 1
93 18 1
19 93 1
21 45 1
85 48 1
83 30 1
51 50 1
10 89 1
10 22 1
10 109 1
10 89 1
10 29 1
10 65 1
10 21 1
10 46 1
10 107 1
10 87 1
10 123 1
10 93 1
10 98 1
10 18 1
10 56 1
10 58 1
10 95 1
10 118 1
10 73 1
10 100 1
10 55 1
10 20 1
10 33 1
10 104 1
10 106 1
10 133 1
10 79 1
10 2 1
10 6 1
10 112 1
10 23 1
10 19 1
104 10 1
93 10 1
112 10 1
21 10 1
46 94 1
46 10 1
56 10 1
2 10 1
123 10 1
32 5 1
30 83 1
48 47 1
19 57 1
48 85 1
29 10 1
48 47 1
48 50 1
84 86 1
50 103 1
90 75 1
90 80 1
76 69 1
89 10 1
86 50 1
52 50 1
80 72 1
115 67 1
68 85 1
68 90 1
68 47 1
47 50 1
47 48 1
47 48 1
47 48 1
47 48 1
80 66 1
47 81 1
47 27 1
47 68 1
68 47 1
68 81 1
68 53 1
68 47 1
69 68 1
68 69 1
85 68 1
68 85 1
68 85 1
68 67 1
84 86 1
84 69 1
67 115 1
67 9 1
67 9 1
67 66 1
67 115 1
67 80 1
115 67 1
67 115 1
3 52 1
69 76 1
6 10 1
57 31 1
57 19 1
96 15 1
96 61 1
96 12 1
18 10 1
18 93 1
18 57 1
18 104 1
42 64 1
100 10 1
33 10 1
55 10 1
61 96 1
121 106 1
58 115 1
58 22 1
95 10 1
95 89 1
95 94 1
120 29 1
106 10 1
15 96 1
73 10 1
72 67 1
75 50 1
66 80 1
66 80 1
66 64 1
103 50 1
3 67 1
3 8 1
3 85 1
3 66 1
3 35 1
3 13 1
3 4 1
3 68 1
3 69 1
3 17 1
68 3 1
3 47 1
17 3 1
13 3 1
12 96 1
20 10 1
65 10 1
2 59 1
64 42 1
58 94 1
58 54 1
103 50 1
59 2 1
67 3 1
8 3 1
58 83 1
58 54 1
58 73 1
58 71 1
58 46 1
58 29 1
54 58 1
76 69 1
47 3 1
17 56 1
17 15 1
17 54 1
58 95 1
58 2 1
58 94 1
15 17 1
75 89 1
2 58 1
56 17 1
56 88 1
4 3 1
54 17 1
88 56 1
57 88 1
73 58 1
46 58 1
43 59 1
43 80 1
43 79 1
10 43 1
69 86 1
29 58 1
95 58 1
59 43 1
29 120 1
71 58 1
83 58 1
76 69 1
88 57 1
47 50 1
94 65 1
94 14 1
94 9 1
94 58 1
94 112 1
94 22 1
94 98 1
94 18 1
94 56 1
94 80 1
14 94 1
112 94 1
121 106 1
56 94 1
65 94 1
9 94 1
86 69 1
52 103 1
103 52 1
81 35 1
76 53 1
50 47 1
84 115 1
84 90 1
47 50 1
84 86 1
84 69 1
35 81 1
84 50 1
3 77 1
84 76 1
76 69 1
9 77 1
76 13 1
50 84 1
84 50 1
43 10 1
119 2 1
119 46 1
71 72 1
71 15 1
71 73 1
71 5 1
18 94 1
119 50 1
44 80 1
44 9 1
71 5 1
21 88 1
88 89 1
47 50 1
88 21 1
76 59 1
90 115 1
81 43 1
83 63 1
69 76 1
44 59 1
47 50 1
77 26 1
45 77 1
69 76 1
43 81 1
32 8 1
32 8 1
69 86 1
43 42 1
50 81 1
32 26 1
32 26 1
50 81 1
35 8 1
32 8 1
32 26 1
63 83 1
32 8 1
84 69 1
44 53 1
69 9 1
42 43 1
85 3 1
35 3 1
9 77 1
6 106 1
112 44 1
4 106 1
76 81 1
69 76 1
57 104 1
75 50 1
53 44 1
57 18 1
57 18 1
44 112 1
8 35 1
77 9 1
8 32 1
8 32 1
65 94 1
65 94 1
8 32 1
53 76 1
39 34 1
39 73 1
13 85 1
26 32 1
26 32 1
26 32 1
77 66 1
77 9 1
74 4 1
76 69 1
4 74 1
71 56 1
85 90 1
34 39 1
76 90 1
86 19 1
86 57 1
29 30 1
77 45 1
85 47 1
73 39 1
57 86 1
5 56 1
56 5 1
60 77 1
76 53 1
72 71 1
72 73 1
86 50 1
72 71 1
72 73 1
6 1 1
30 29 1
86 19 1
29 80 1
69 84 1
1 36 1
36 1 1
47 85 1
115 67 1
115 59 1
115 90 1
90 85 1
59 115 1
60 77 1
77 60 1
77 66 1
9 77 1
59 14 1
50 86 1
59 90 1
93 95 1
93 101 1
95 93 1
95 59 1
95 79 1
95 2 1
95 123 1
95 43 1
95 44 1
95 22 1
95 58 1
95 73 1
95 104 1
95 65 1
95 94 1
95 112 1
112 95 1
71 106 1
59 95 1
76 69 1
90 59 1
86 50 1
59 90 1
50 86 1
86 50 1
66 3 1
50 86 1
86 50 1
67 115 1
50 86 1
86 50 1
84 76 1
84 76 1
67 80 1
50 86 1
84 53 1
77 9 1
110 50 1
110 18 1
110 23 1
110 93 1
1 38 1
25 46 1
94 95 1
11 106 1
11 5 1
96 15 1
96 61 1
96 12 1
94 14 1
94 65 1
94 9 1
61 96 1
58 95 1
22 42 1
44 95 1
42 22 1
73 95 1
73 133 1
73 71 1
19 10 1
19 94 1
50 103 1
15 96 1
42 9 1
42 14 1
123 95 1
12 96 1
2 95 1
101 93 1
59 69 1
59 76 1
65 94 1
3 68 1
3 69 1
3 66 1
3 67 1
3 8 1
3 41 1
3 35 1
3 13 1
3 40 1
3 85 1
3 17 1
65 94 1
65 95 1
66 3 1
50 47 1
50 48 1
32 83 1
80 84 1
80 84 1
80 29 1
103 50 1
88 89 1
88 18 1
71 73 1
71 5 1
17 3 1
86 50 1
44 84 1
44 56 1
44 88 1
44 76 1
44 86 1
44 89 1
44 69 1
67 59 1
67 72 1
67 3 1
89 44 1
76 81 1
88 44 1
32 51 1
32 51 1
103 50 1
32 66 1
32 66 1
56 44 1
32 66 1
86 44 1
17 56 1
17 15 1
17 54 1
94 65 1
56 17 1
15 17 1
56 88 1
103 105 1
88 56 1
50 103 1
103 50 1
47 50 1
105 103 1
9 66 1
9 77 1
76 13 1
9 94 1
66 9 1
47 48 1
68 3 1
47 68 1
47 68 1
121 106 1
48 50 1
77 9 1
68 47 1
50 93 1
50 101 1
50 27 1
101 50 1
93 50 1
76 44 1
77 60 1
50 75 1
50 49 1
84 44 1
84 80 1
60 77 1
54 17 1
77 60 1
84 80 1
21 86 1
86 21 1
77 60 1
77 66 1
50 47 1
50 48 1
47 50 1
71 73 1
50 47 1
50 48 1
65 95 1
47 50 1
83 63 1
42 64 1
42 63 1
42 43 1
42 29 1
42 22 1
42 95 1
63 42 1
90 18 1
95 65 1
1 38 1
64 42 1
63 42 1
77 66 1
48 47 1
71 15 1
71 72 1
71 73 1
71 5 1
47 48 1
88 57 1
88 93 1
48 50 1
48 50 1
22 98 1
22 20 1
22 33 1
22 7 1
22 29 1
22 45 1
22 2 1
22 94 1
7 22 1
95 42 1
2 22 1
86 19 1
86 57 1
63 83 1
63 42 1
90 68 1
90 85 1
15 56 1
56 15 1
64 63 1
64 66 1
53 84 1
57 88 1
84 53 1
50 75 1
18 90 1
63 64 1
88 57 1
45 22 1
76 40 1
20 22 1
76 53 1
76 81 1
29 22 1
29 42 1
20 42 1
20 29 1
20 43 1
20 22 1
20 94 1
20 6 1
20 95 1
65 95 1
43 42 1
43 95 1
43 64 1
43 6 1
43 21 1
43 29 1
43 58 1
43 20 1
58 43 1
21 43 1
70 50 1
21 84 1
69 84 1
69 66 1
69 3 1
95 43 1
95 20 1
95 65 1
43 42 1
84 21 1
43 95 1
43 29 1
43 21 1
43 6 1
43 81 1
43 42 1
18 85 1
18 4 1
18 107 1
18 3 1
68 90 1
69 59 1
80 64 1
81 66 1
81 26 1
81 3 1
81 15 1
81 39 1
81 13 1
81 62 1
81 27 1
66 64 1
3 13 1
3 18 1
3 13 1
3 81 1
4 18 1
74 4 1
57 86 1
86 57 1
80 18 1
80 31 1
80 67 1
80 66 1
3 8 1
3 35 1
3 13 1
3 4 1
3 51 1
3 52 1
3 18 1
3 50 1
3 53 1
68 47 1
52 3 1
53 3 1
31 80 1
18 80 1
40 76 1
67 80 1
42 43 1
65 4 1
65 13 1
18 3 1
29 20 1
29 43 1
3 51 1
29 43 1
59 32 1
21 86 1
48 47 1
80 67 1
29 120 1
6 43 1
59 65 1
42 64 1
48 47 1
86 21 1
9 77 1
9 66 1
42 43 1
33 22 1
64 80 1
42 20 1
47 48 1
69 76 1
50 70 1
67 80 1
67 80 1
81 76 1
76 81 1
49 50 1
85 18 1
85 90 1
85 3 1
15 81 1
77 9 1
76 40 1
21 47 1
21 56 1
21 76 1
21 48 1
21 86 1
21 85 1
21 69 1
21 84 1
21 88 1
21 89 1
21 68 1
21 90 1
86 21 1
84 21 1
85 21 1
84 94 1
48 21 1
89 21 1
65 59 1
86 53 1
47 21 1
4 106 1
4 65 1
4 3 1
69 76 1
4 74 1
84 53 1
80 67 1
80 66 1
39 81 1
94 20 1
90 48 1
90 21 1
81 39 1
94 20 1
94 58 1
94 29 1
94 2 1
94 56 1
94 106 1
94 151 1
94 43 1
94 93 1
94 22 1
51 3 1
2 94 1
93 94 1
77 9 1
77 17 1
77 66 1
56 94 1
40 50 1
93 101 1
39 81 1
101 93 1
24 23 1
24 32 1
46 50 1
6 106 1
6 20 1
24 23 1
24 32 1
6 43 1
77 66 1
77 9 1
3 51 1
3 35 1
3 8 1
3 13 1
3 4 1
88 21 1
101 57 1
101 6 1
101 82 1
101 19 1
3 8 1
3 35 1
3 51 1
3 50 1
3 13 1
3 4 1
3 18 1
42 80 1
86 53 1
58 94 1
4 3 1
4 3 1
82 101 1
69 67 1
56 21 1
84 70 1
68 21 1
43 94 1
66 9 1
66 80 1
29 94 1
66 80 1
82 40 1
82 86 1
82 56 1
82 49 1
82 21 1
82 89 1
56 82 1
74 72 1
32 24 1
32 24 1
9 67 1
9 66 1
6 101 1
26 60 1
6 101 1
6 93 1
93 6 1
101 6 1
49 82 1
21 82 1
49 50 1
66 32 1
66 32 1
77 9 1
77 66 1
77 17 1
66 9 1
66 32 1
57 101 1
69 56 1
80 72 1
80 42 1
19 76 1
3 13 1
3 8 1
3 35 1
3 50 1
3 18 1
19 101 1
15 5 1
5 15 1
56 69 1
67 80 1
18 3 1
32 3 1
67 9 1
67 9 1
67 66 1
67 66 1
18 3 1
66 67 1
47 55 1
50 49 1
50 70 1
84 30 1
48 50 1
86 82 1
53 86 1
79 95 1
53 86 1
86 53 1
53 84 1
21 47 1
30 84 1
76 50 1
47 21 1
84 30 1
47 50 1
47 68 1
47 81 1
47 27 1
84 53 1
89 82 1
68 47 1
32 80 1
106 94 1
51 3 1
50 47 1
50 81 1
50 68 1
50 27 1
47 50 1
68 50 1
47 81 1
47 27 1
47 68 1
47 50 1
67 66 1
69 68 1
86 53 1
80 67 1
76 50 1
86 50 1
67 80 1
76 69 1
68 69 1
68 67 1
68 66 1
68 9 1
68 72 1
68 15 1
68 65 1
68 3 1
68 56 1
68 48 1
68 47 1
86 69 1
69 86 1
84 4 1
86 53 1
68 67 1
107 18 1
107 18 1
107 18 1
13 81 1
13 65 1
13 3 1
13 3 1
13 3 1
13 3 1
13 3 1
13 3 1
13 3 1
96 15 1
96 61 1
96 12 1
13 17 1
13 3 1
13 8 1
13 40 1
104 95 1
11 5 1
55 47 1
49 50 1
5 11 1
14 13 1
17 13 1
14 94 1
10 14 1
10 94 1
10 95 1
10 7 1
10 29 1
10 45 1
10 112 1
10 21 1
61 96 1
13 14 1
3 13 1
10 93 1
13 14 1
93 10 1
14 13 1
4 17 1
3 13 1
3 4 1
3 8 1
3 35 1
93 10 1
13 3 1
95 10 1
29 10 1
13 3 1
4 3 1
22 42 1
45 10 1
26 81 1
4 84 1
5 72 1
5 74 1
5 71 1
5 73 1
5 11 1
53 3 1
15 96 1
10 93 1
72 3 1
7 10 1
3 66 1
3 67 1
3 8 1
3 35 1
3 13 1
3 4 1
3 68 1
3 85 1
3 69 1
3 17 1
69 3 1
3 53 1
4 3 1
11 5 1
3 53 1
13 3 1
53 3 1
48 90 1
50 76 1
76 50 1
12 72 1
12 71 1
12 73 1
12 15 1
12 96 1
74 5 1
12 72 1
12 15 1
15 12 1
15 12 1
53 3 1
3 53 1
13 8 1
13 35 1
68 3 1
72 71 1
72 73 1
72 12 1
72 15 1
72 5 1
72 117 1
72 74 1
112 10 1
3 66 1
73 5 1
67 3 1
86 49 1
86 40 1
86 75 1
86 93 1
86 101 1
86 27 1
73 12 1
48 81 1
48 18 1
66 3 1
66 3 1
68 13 1
68 3 1
17 3 1
17 15 1
17 54 1
17 56 1
18 48 1
47 81 1
54 17 1
21 86 1
50 49 1
50 70 1
121 106 1
49 50 1
81 50 1
40 86 1
84 4 1
45 112 1
112 45 1
66 77 1
14 59 1
86 21 1
86 40 1
13 17 1
56 17 1
56 88 1
72 74 1
77 66 1
48 47 1
47 48 1
67 68 1
67 85 1
14 65 1
77 9 1
43 42 1
43 45 1
43 79 1
43 79 1
3 53 1
53 3 1
67 68 1
57 86 1
45 43 1
32 26 1
32 66 1
32 3 1
32 24 1
32 51 1
42 43 1
1 19 1
28 20 1
11 5 1
14 13 1
28 83 1
28 54 1
19 1 1
5 11 1
77 9 1
13 14 1
13 14 1
13 40 1
14 13 1
50 76 1
50 3 1
14 13 1
13 14 1
13 14 1
59 67 1
14 13 1
14 13 1
4 48 1
77 9 1
77 66 1
15 17 1
48 4 1
67 66 1
13 14 1
54 28 1
56 15 1
15 56 1
71 15 1
71 72 1
71 73 1
71 5 1
6 106 1
59 72 1
59 67 1
59 94 1
59 2 1
3 50 1
22 6 1
85 3 1
6 22 1
4 106 1
88 56 1
43 64 1
84 57 1
3 66 1
57 84 1
66 3 1
85 68 1
84 57 1
77 66 1
50 3 1
83 28 1
3 50 1
21 57 1
57 21 1
3 66 1
106 117 1
106 73 1
42 22 1
84 69 1
69 84 1
57 88 1
88 57 1
123 44 1
66 3 1
66 77 1
77 66 1
17 13 1
50 70 1
50 84 1
66 67 1
50 49 1
49 50 1
84 50 1
84 49 1
18 55 1
18 107 1
18 108 1
85 67 1
85 68 1
77 66 1
77 69 1
69 77 1
34 24 1
24 34 1
51 3 1
55 18 1
51 3 1
51 32 1
3 128 1
3 8 1
68 85 1
68 85 1
47 48 1
67 66 1
67 85 1
66 67 1
66 67 1
67 66 1
67 66 1
68 48 1
68 47 1
68 48 1
47 50 1
50 47 1
47 68 1
47 50 1
47 68 1
68 47 1
68 47 1
84 101 1
84 93 1
69 76 1
76 69 1
77 66 1
80 84 1
80 69 1
69 80 1
67 80 1
4 3 1
4 74 1
57 18 1
57 79 1
16 98 1
16 23 1
20 28 1
20 35 1
20 18 1
20 52 1
20 8 1
20 94 1
96 15 1
96 61 1
96 12 1
101 84 1
18 20 1
18 107 1
18 57 1
42 63 1
42 29 1
42 43 1
42 22 1
42 64 1
42 2 1
42 95 1
23 24 1
23 10 1
8 13 1
8 13 1
29 42 1
23 94 1
8 20 1
8 3 1
8 3 1
8 3 1
8 3 1
8 3 1
8 3 1
8 3 1
8 3 1
61 96 1
95 42 1
70 50 1
70 50 1
70 50 1
70 50 1
3 67 1
3 66 1
3 8 1
3 35 1
3 13 1
3 4 1
3 68 1
3 69 1
3 17 1
67 3 1
13 3 1
21 75 1
40 50 1
52 20 1
64 43 1
21 75 1
44 112 1
94 14 1
94 65 1
94 9 1
8 3 1
21 7 1
21 10 1
112 44 1
14 94 1
4 3 1
81 47 1
21 10 1
2 42 1
15 96 1
14 90 1
66 3 1
66 67 1
66 81 1
50 40 1
50 49 1
58 117 1
83 58 1
83 29 1
58 83 1
79 43 1
79 43 1
79 43 1
47 81 1
65 94 1
14 15 1
14 56 1
14 54 1
56 14 1
56 88 1
15 14 1
88 56 1
65 94 1
50 52 1
52 50 1
65 14 1
52 50 1
32 8 1
29 83 1
57 2 1
57 6 1
57 50 1
57 101 1
57 46 1
39 81 1
50 86 1
39 81 1
151 94 1
32 8 1
32 26 1
80 64 1
94 65 1
69 86 1
7 21 1
8 32 1
8 32 1
49 50 1
29 56 1
68 3 1
56 29 1
115 67 1
50 86 1
50 52 1
52 50 1
14 59 1
9 94 1
68 47 1
71 5 1
76 50 1
63 42 1
76 50 1
64 80 1
86 50 1
86 50 1
86 50 1
69 76 1
50 76 1
83 15 1
83 61 1
94 10 1
61 83 1
76 50 1
68 47 1
76 50 1
50 93 1
50 101 1
50 27 1
47 50 1
86 40 1
86 19 1
86 93 1
86 101 1
86 27 1
69 50 1
69 17 1
69 66 1
10 21 1
90 14 1
58 10 1
23 51 1
14 65 1
65 14 1
86 53 1
86 53 1
71 15 1
71 72 1
71 73 1
71 5 1
23 77 1
90 72 1
59 76 1
59 69 1
50 76 1
50 69 1
50 66 1
50 3 1
90 86 1
3 50 1
84 101 1
66 50 1
86 90 1
70 47 1
70 68 1
76 69 1
68 70 1
76 69 1
59 94 1
59 2 1
50 69 1
68 70 1
69 50 1
69 50 1
76 69 1
56 15 1
32 80 1
65 14 1
52 50 1
15 56 1
71 72 1
14 65 1
62 3 1
69 76 1
69 66 1
3 62 1
50 49 1
54 14 1
3 20 1
20 3 1
47 70 1
49 50 1
50 52 1
52 50 1
53 86 1
56 94 1
86 53 1
94 56 1
83 24 1
53 86 1
76 50 1
86 53 1
59 56 1
59 86 1
59 84 1
59 88 1
59 47 1
59 94 1
59 2 1
59 68 1
59 69 1
59 85 1
59 89 1
59 48 1
59 76 1
2 6 1
50 76 1
86 69 1
86 84 1
86 117 1
19 18 1
19 1 1
1 19 1
76 69 1
18 19 1
84 69 1
59 56 1
76 50 1
68 81 1
76 50 1
1 38 1
1 38 1
50 70 1
85 48 1
70 50 1
48 85 1
15 83 1
50 17 1
50 69 1
15 61 1
61 15 1
84 151 1
84 101 1
7 14 1
24 83 1
4 106 1
47 48 1
72 80 1
85 42 1
86 40 1
26 32 1
69 76 1
12 96 1
40 41 1
121 106 1
42 85 1
69 50 1
69 17 1
69 66 1
69 86 1
69 76 1
80 18 1
67 66 1
69 76 1
67 59 1
69 84 1
69 76 1
69 86 1
67 66 1
71 74 1
67 115 1
18 80 1
18 38 1
18 80 1
32 117 1
21 86 1
86 21 1
71 12 1
29 120 1
29 23 1
29 30 1
29 42 1
23 29 1
29 39 1
80 18 1
6 2 1
83 63 1
69 76 1
56 66 1
56 15 1
12 15 1
15 56 1
15 12 1
50 49 1
38 1 1
30 29 1
42 29 1
63 83 1
49 50 1
80 9 1
80 44 1
94 9 1
94 65 1
94 14 1
67 80 1
101 50 1
69 84 1
47 50 1
47 68 1
47 81 1
70 48 1
70 68 1
48 70 1
48 47 1
68 47 1
68 70 1
65 94 1
39 29 1
76 50 1
68 90 1
69 84 1
69 76 1
1 38 1
69 76 1
67 66 1
67 80 1
67 9 1
67 59 1
38 80 1
38 18 1
38 1 1
80 67 1
69 86 1
59 14 1
7 103 1
69 84 1
38 1 1
37 38 1
48 85 1
85 48 1
93 50 1
67 80 1
66 56 1
86 84 1
86 117 1
86 75 1
67 59 1
84 86 1
68 47 1
68 48 1
90 85 1
85 90 1
85 18 1
108 18 1
50 49 1
77 66 1
77 69 1
69 77 1
94 65 1
94 14 1
94 9 1
107 18 1
107 18 1
96 15 1
96 61 1
96 12 1
31 25 1
70 48 1
1 13 1
1 15 1
1 65 1
1 10 1
1 9 1
1 8 1
1 14 1
1 12 1
1 7 1
1 3 1
1 5 1
1 17 1
1 4 1
1 11 1
1 16 1
1 2 1
1 6 1
5 1 1
14 1 1
49 50 1
8 1 1
13 1 1
44 80 1
4 1 1
61 96 1
48 70 1
17 3 1
3 1 1
50 49 1
79 10 1
49 50 1
19 86 1
77 23 1
23 51 1
15 1 1
15 96 1
14 80 1
14 9 1
17 50 1
7 1 1
3 13 1
3 85 1
3 69 1
3 17 1
3 66 1
3 67 1
3 8 1
3 35 1
3 4 1
3 68 1
69 3 1
10 1 1
13 3 1
3 86 1
3 84 1
8 3 1
9 14 1
9 1 1
9 94 1
6 1 1
4 3 1
50 17 1
9 94 1
9 80 1
71 5 1
66 3 1
57 76 1
65 1 1
65 94 1
56 15 1
65 94 1
12 1 1
12 96 1
17 86 1
17 50 1
83 45 1
2 1 1
17 1 1
17 3 1
17 50 1
45 83 1
47 50 1
17 13 1
13 17 1
53 17 1
140 122 1
67 66 1
57 84 1
17 53 1
72 90 1
59 67 1
50 52 1
52 50 1
3 20 1
20 3 1
68 3 1
81 27 1
94 65 1
15 56 1
57 86 1
68 48 1
68 85 1
80 14 1
17 56 1
17 15 1
17 54 1
59 68 1
59 56 1
59 2 1
59 69 1
59 85 1
59 86 1
59 84 1
59 89 1
59 48 1
59 76 1
59 88 1
59 47 1
59 94 1
69 59 1
15 17 1
103 50 1
54 17 1
83 94 1
76 66 1
76 69 1
76 50 1
69 76 1
76 57 1
70 53 1
86 57 1
86 3 1
71 72 1
71 15 1
71 73 1
71 5 1
86 19 1
59 86 1
59 84 1
59 88 1
59 2 1
59 68 1
59 69 1
59 56 1
59 85 1
59 89 1
59 48 1
59 76 1
59 47 1
59 94 1
16 1 1
84 57 1
86 17 1
56 17 1
56 88 1
88 56 1
86 40 1
86 19 1
69 76 1
76 69 1
86 149 1
90 84 1
84 90 1
69 76 1
86 50 1
84 3 1
66 86 1
86 66 1
65 79 1
65 95 1
65 44 1
65 112 1
65 94 1
65 123 1
151 21 1
151 22 1
151 42 1
151 93 1
151 23 1
151 58 1
151 98 1
151 50 1
15 56 1
112 65 1
17 38 1
98 22 1
56 15 1
44 65 1
17 38 1
69 66 1
151 98 1
151 98 1
151 98 1
50 3 1
151 2 1
151 82 1
79 65 1
77 26 1
77 66 1
77 15 1
77 83 1
77 24 1
3 50 1
50 86 1
95 65 1
3 66 1
3 15 1
3 13 1
66 3 1
13 3 1
76 69 1
149 86 1
41 3 1
41 40 1
41 50 1
69 76 1
121 106 1
76 69 1
76 50 1
84 86 1
69 76 1
50 76 1
67 3 1
86 19 1
86 50 1
86 149 1
76 13 1
86 149 1
76 50 1
76 66 1
85 3 1
85 48 1
59 2 1
1 38 1
94 65 1
86 117 1
86 149 1
15 3 1
70 84 1
70 68 1
84 70 1
38 91 1
38 44 1
5 77 1
51 23 1
94 83 1
51 23 1
77 5 1
77 5 1
24 112 1
24 45 1
112 24 1
6 106 1
18 41 1
115 86 1
59 67 1
4 106 1
14 13 1
106 4 1
13 14 1
8 42 1
56 15 1
13 14 1
77 66 1
13 76 1
76 13 1
86 115 1
15 56 1
14 13 1
52 103 1
14 13 1
13 14 1
13 14 1
14 13 1
14 13 1
13 14 1
13 14 1
14 13 1
14 13 1
2 95 1
18 57 1
18 19 1
95 2 1
19 18 1
18 85 1
86 19 1
19 86 1
80 36 1
45 24 1
13 14 1
57 18 1
21 69 1
69 21 1
36 80 1
14 13 1
68 90 1
68 70 1
44 80 1
17 86 1
50 66 1
50 76 1
50 69 1
50 3 1
69 50 1
76 50 1
103 52 1
84 76 1
76 84 1
9 67 1
9 66 1
68 48 1
70 50 1
39 66 1
48 68 1
3 8 1
3 13 1
13 3 1
13 14 1
13 14 1
14 13 1
14 13 1
14 13 1
3 13 1
3 8 1
13 14 1
13 14 1
13 14 1
13 3 1
14 13 1
3 50 1
14 13 1
13 14 1
3 50 1
3 4 1
3 20 1
3 52 1
13 14 1
14 13 1
52 3 1
69 76 1
69 59 1
76 69 1
86 17 1
8 3 1
50 70 1
67 9 1
38 1 1
38 36 1
38 149 1
38 37 1
52 103 1
42 8 1
47 50 1
1 38 1
59 67 1
67 86 1
67 69 1
67 66 1
69 67 1
84 69 1
84 90 1
69 84 1
84 40 1
70 50 1
103 52 1
59 67 1
84 57 1
59 2 1
53 70 1
32 66 1
32 26 1
53 70 1
53 4 1
1 3 1
1 68 1
1 65 1
1 90 1
1 69 1
1 9 1
1 14 1
1 15 1
1 5 1
1 17 1
1 11 1
69 1 1
65 1 1
9 1 1
68 1 1
86 50 1
84 80 1
85 47 1
47 85 1
68 85 1
90 1 1
90 67 1
90 66 1
77 66 1
11 1 1
11 1 1
20 3 1
20 35 1
20 51 1
20 94 1
20 95 1
94 20 1
96 15 1
96 61 1
96 12 1
26 100 1
4 53 1
35 3 1
35 3 1
35 20 1
35 3 1
35 20 1
14 1 1
35 3 1
35 3 1
35 3 1
95 20 1
35 3 1
35 3 1
35 13 1
61 96 1
5 1 1
95 22 1
95 104 1
95 79 1
95 65 1
95 2 1
95 123 1
95 43 1
95 93 1
95 59 1
95 58 1
95 94 1
70 53 1
104 95 1
4 3 1
94 65 1
94 14 1
94 9 1
17 1 1
14 94 1
18 108 1
18 109 1
18 55 1
18 107 1
18 110 1
18 99 1
50 3 1
55 18 1
79 95 1
18 85 1
4 16 1
93 95 1
3 50 1
123 95 1
110 18 1
58 95 1
3 66 1
3 67 1
3 8 1
3 35 1
3 13 1
3 4 1
3 68 1
3 69 1
3 17 1
66 3 1
15 96 1
15 1 1
66 50 1
13 3 1
66 39 1
32 8 1
4 3 1
8 3 1
8 32 1
66 9 1
59 95 1
70 53 1
66 26 1
66 45 1
45 66 1
65 94 1
65 94 1
94 65 1
66 77 1
9 94 1
12 96 1
2 95 1
65 95 1
65 9 1
65 14 1
65 17 1
16 4 1
14 65 1
76 13 1
76 19 1
88 15 1
88 5 1
70 53 1
80 67 1
80 66 1
26 66 1
72 67 1
42 63 1
26 32 1
53 70 1
53 70 1
17 3 1
17 65 1
88 15 1
1 38 1
59 67 1
76 50 1
15 88 1
38 1 1
88 15 1
67 3 1
67 90 1
67 80 1
1 38 1
44 38 1
80 38 1
67 115 1
40 82 1
40 13 1
40 49 1
59 2 1
59 94 1
5 88 1
5 56 1
56 5 1
88 15 1
14 13 1
44 86 1
44 69 1
69 44 1
13 14 1
13 14 1
14 13 1
54 43 1
14 13 1
13 14 1
13 14 1
14 13 1
14 13 1
13 14 1
13 14 1
14 13 1
14 13 1
13 14 1
35 3 1
53 3 1
53 17 1
53 13 1
88 61 1
88 96 1
88 12 1
88 15 1
94 65 1
94 14 1
94 9 1
88 54 1
14 94 1
88 5 1
11 5 1
65 94 1
65 94 1
88 54 1
76 19 1
88 54 1
64 80 1
3 53 1
17 53 1
95 93 1
93 95 1
93 95 1
95 93 1
101 6 1
101 19 1
101 93 1
85 18 1
9 94 1
93 101 1
85 47 1
59 56 1
47 85 1
23 33 1
23 58 1
23 29 1
23 83 1
23 81 1
23 39 1
23 45 1
23 94 1
23 48 1
23 22 1
31 18 1
31 18 1
13 53 1
45 23 1
31 18 1
29 23 1
4 106 1
6 101 1
66 90 1
94 65 1
94 23 1
14 13 1
17 68 1
44 80 1
98 22 1
86 44 1
66 90 1
39 23 1
80 44 1
98 94 1
6 106 1
98 10 1
58 23 1
13 14 1
6 106 1
13 14 1
76 75 1
83 23 1
77 9 1
77 66 1
76 66 1
76 50 1
76 69 1
76 69 1
76 66 1
76 50 1
50 76 1
76 66 1
76 3 1
76 69 1
76 50 1
84 13 1
66 76 1
53 70 1
115 84 1
70 53 1
14 13 1
38 36 1
84 115 1
14 13 1
84 115 1
47 48 1
84 115 1
50 76 1
50 66 1
50 3 1
50 69 1
50 39 1
13 14 1
56 66 1
13 14 1
3 50 1
14 13 1
53 70 1
53 4 1
98 94 1
14 13 1
13 14 1
76 50 1
98 22 1
98 6 1
98 50 1
36 38 1
98 42 1
13 14 1
14 13 1
66 56 1
66 80 1
66 50 1
98 46 1
98 2 1
98 115 1
70 53 1
83 24 1
24 83 1
54 15 1
86 44 1
66 32 1
77 66 1
35 3 1
81 66 1
81 3 1
81 13 1
81 15 1
81 39 1
81 26 1
81 62 1
81 27 1
5 11 1
14 13 1
38 37 1
13 81 1
13 14 1
3 81 1
80 64 1
13 14 1
14 13 1
88 15 1
14 13 1
77 17 1
77 66 1
77 9 1
103 52 1
15 81 1
3 52 1
3 8 1
3 35 1
3 13 1
3 51 1
3 4 1
3 50 1
3 53 1
13 14 1
4 53 1
52 3 1
4 3 1
13 14 1
35 3 1
13 3 1
14 13 1
52 103 1
14 13 1
77 66 1
77 9 1
13 14 1
39 81 1
13 14 1
39 50 1
86 50 1
17 13 1
50 86 1
13 17 1
14 67 1
14 13 1
13 3 1
86 50 1
14 13 1
15 54 1
3 13 1
9 67 1
9 66 1
59 80 1
13 14 1
13 14 1
64 80 1
14 13 1
14 13 1
13 14 1
8 3 1
66 64 1
66 81 1
66 9 1
33 83 1
64 66 1
29 34 1
18 31 1
18 31 1
18 31 1
81 23 1
33 23 1
29 23 1
23 29 1
29 42 1
29 58 1
29 83 1
54 15 1
23 29 1
71 5 1
29 23 1
42 29 1
83 29 1
26 81 1
56 71 1
67 9 1
67 14 1
90 80 1
50 49 1
99 18 1
23 26 1
24 83 1
71 56 1
71 5 1
54 5 1
88 15 1
76 81 1
76 53 1
39 81 1
53 70 1
56 66 1
66 56 1
47 68 1
9 67 1
9 66 1
85 90 1
9 65 1
85 81 1
15 54 1
86 50 1
86 40 1
69 86 1
80 84 1
84 80 1
84 88 1
84 56 1
86 84 1
84 57 1
85 18 1
80 67 1
80 66 1
90 85 1
90 9 1
90 66 1
68 47 1
25 31 1
40 86 1
96 15 1
96 61 1
96 12 1
26 23 1
18 85 1
4 3 1
5 54 1
3 4 1
58 29 1
61 96 1
13 14 1
14 13 1
14 13 1
13 14 1
13 14 1
14 13 1
14 13 1
13 14 1
13 14 1
14 13 1
14 13 1
13 14 1
20 52 1
70 53 1
75 50 1
75 50 1
3 17 1
3 66 1
3 67 1
3 8 1
3 35 1
3 13 1
3 4 1
3 68 1
3 69 1
3 85 1
52 20 1
15 96 1
13 3 1
34 29 1
33 15 1
11 1 1
1 11 1
12 96 1
71 5 1
9 90 1
9 14 1
14 9 1
35 3 1
4 3 1
75 50 1
59 95 1
59 2 1
94 38 1
94 59 1
94 2 1
94 22 1
93 23 1
80 38 1
38 80 1
66 80 1
66 9 1
2 94 1
59 94 1
66 3 1
17 3 1
94 65 1
94 14 1
94 9 1
49 50 1
14 94 1
65 94 1
65 94 1
49 75 1
17 56 1
17 15 1
17 54 1
56 17 1
56 88 1
86 40 1
88 56 1
9 80 1
9 67 1
9 66 1
9 94 1
53 3 1
15 88 1
15 33 1
15 33 1
33 15 1
15 17 1
88 15 1
38 36 1
23 93 1
53 3 1
23 93 1
76 50 1
19 57 1
75 49 1
80 9 1
66 9 1
94 65 1
3 53 1
88 15 1
50 86 1
15 88 1
88 15 1
9 67 1
9 66 1
8 3 1
66 9 1
8 13 1
13 8 1
93 23 1
93 23 1
23 93 1
23 93 1
93 23 1
57 84 1
50 15 1
80 66 1
80 67 1
15 50 1
59 56 1
29 23 1
29 120 1
29 42 1
29 28 1
29 30 1
29 58 1
28 29 1
13 77 1
13 3 1
13 8 1
13 35 1
23 29 1
30 29 1
54 17 1
42 29 1
86 50 1
66 80 1
47 36 1
29 23 1
58 29 1
23 29 1
36 47 1
52 103 1
71 72 1
71 5 1
71 15 1
71 73 1
84 57 1
11 5 1
23 29 1
103 52 1
29 42 1
29 23 1
50 52 1
52 50 1
9 66 1
9 67 1
59 68 1
59 56 1
59 84 1
59 48 1
59 76 1
59 88 1
59 47 1
59 69 1
59 85 1
59 86 1
59 89 1
59 94 1
59 2 1
51 3 1
51 20 1
47 81 1
57 84 1
84 57 1
84 57 1
77 13 1
38 7 1
59 67 1
15 50 1
15 39 1
90 84 1
84 90 1
66 9 1
84 69 1
56 47 1
90 76 1
69 76 1
67 9 1
50 76 1
50 3 1
50 66 1
67 80 1
76 50 1
84 86 1
14 7 1
76 89 1
14 13 1
50 75 1
21 86 1
76 50 1
42 29 1
3 50 1
67 9 1
67 9 1
67 9 1
50 76 1
50 3 1
76 50 1
50 3 1
86 21 1
42 29 1
42 63 1
3 50 1
3 50 1
76 50 1
76 3 1
121 106 1
63 42 1
69 76 1
13 14 1
13 14 1
14 13 1
14 13 1
39 15 1
26 66 1
29 42 1
13 14 1
70 53 1
47 56 1
50 76 1
15 88 1
69 76 1
45 66 1
75 50 1
88 15 1
76 50 1
76 50 1
66 50 1
6 106 1
66 45 1
75 50 1
50 76 1
50 66 1
50 3 1
77 66 1
76 50 1
59 80 1
3 50 1
50 75 1
9 80 1
9 67 1
9 66 1
80 9 1
14 77 1
56 86 1
77 14 1
77 14 1
106 117 1
106 73 1
86 56 1
54 15 1
75 50 1
15 54 1
53 70 1
53 4 1
15 54 1
50 76 1
50 75 1
76 50 1
53 70 1
54 15 1
54 15 1
4 106 1
76 69 1
4 53 1
15 54 1
85 3 1
75 50 1
70 53 1
75 49 1
86 50 1
67 80 1
68 48 1
67 80 1
67 66 1
67 9 1
67 3 1
59 80 1
53 70 1
14 13 1
6 106 1
50 86 1
86 50 1
13 14 1
13 14 1
14 13 1
47 36 1
14 13 1
13 14 1
13 14 1
14 13 1
14 13 1
49 75 1
13 14 1
13 14 1
36 47 1
14 13 1
14 13 1
13 14 1
13 14 1
14 13 1
70 53 1
56 15 1
66 80 1
80 66 1
85 47 1
50 47 1
47 85 1
47 50 1
69 76 1
15 56 1
86 67 1
86 66 1
86 3 1
86 9 1
86 72 1
86 15 1
86 65 1
86 56 1
86 69 1
86 68 1
69 86 1
47 36 1
54 15 1
3 13 1
3 4 1
3 8 1
3 35 1
54 15 1
15 54 1
15 54 1
54 15 1
50 47 1
29 39 1
66 50 1
15 54 1
66 9 1
112 32 1
47 50 1
80 67 1
80 66 1
80 18 1
80 31 1
8 3 1
66 80 1
50 47 1
83 30 1
30 83 1
47 38 1
47 50 1
12 72 1
12 71 1
12 73 1
12 15 1
47 48 1
76 90 1
5 11 1
13 3 1
35 3 1
4 3 1
31 80 1
13 65 1
13 17 1
13 3 1
13 8 1
13 40 1
18 80 1
96 15 1
96 61 1
96 12 1
73 12 1
8 13 1
8 3 1
17 13 1
3 13 1
39 29 1
5 71 1
5 72 1
5 73 1
5 74 1
5 11 1
3 50 1
61 96 1
74 5 1
11 5 1
14 44 1
11 5 1
5 11 1
14 80 1
15 12 1
44 14 1
15 96 1
72 12 1
72 15 1
72 71 1
72 73 1
72 5 1
72 117 1
72 74 1
3 66 1
3 67 1
3 8 1
3 35 1
3 13 1
3 4 1
3 68 1
3 85 1
3 69 1
3 17 1
3 20 1
17 3 1
20 3 1
4 3 1
13 3 1
12 96 1
45 151 1
4 65 1
65 13 1
73 5 1
88 15 1
101 6 1
101 93 1
101 57 1
101 82 1
101 19 1
19 101 1
88 56 1
57 101 1
67 3 1
57 101 1
29 23 1
29 42 1
101 57 1
29 120 1
29 28 1
57 18 1
29 30 1
67 80 1
29 22 1
70 50 1
57 20 1
57 89 1
57 29 1
57 6 1
57 10 1
57 107 1
57 98 1
57 104 1
57 112 1
57 94 1
112 57 1
29 57 1
20 57 1
83 1 1
89 57 1
98 57 1
23 29 1
1 83 1
44 14 1
59 94 1
14 59 1
14 44 1
29 85 1
29 56 1
29 83 1
29 48 1
29 23 1
29 94 1
29 115 1
29 119 1
29 22 1
29 52 1
29 81 1
29 98 1
29 39 1
29 58 1
29 75 1
29 24 1
29 77 1
29 88 1
29 28 1
29 33 1
29 7 1
29 3 1
29 45 1
29 80 1
29 21 1
29 10 1
29 90 1
29 93 1
29 2 1
24 29 1
56 29 1
23 29 1
58 29 1
17 56 1
17 15 1
17 54 1
52 29 1
98 115 1
98 93 1
98 22 1
98 58 1
98 42 1
98 20 1
98 33 1
98 7 1
98 45 1
98 2 1
98 94 1
98 123 1
98 43 1
98 57 1
98 95 1
98 82 1
98 151 1
56 17 1
56 88 1
88 29 1
123 98 1
82 101 1
8 3 1
82 98 1
88 56 1
33 98 1
47 36 1
36 47 1
58 98 1
58 98 1
83 29 1
58 29 1
58 106 1
58 43 1
30 29 1
7 98 1
94 29 1
20 98 1
94 57 1
18 57 1
35 3 1
18 57 1
57 18 1
42 98 1
106 58 1
21 29 1
35 70 1
35 47 1
35 102 1
35 81 1
35 98 1
35 58 1
35 69 1
35 42 1
35 36 1
35 9 1
35 103 1
35 84 1
35 14 1
35 46 1
35 107 1
35 115 1
35 1 1
35 87 1
35 27 1
35 119 1
35 123 1
35 129 1
35 76 1
35 43 1
35 61 1
35 93 1
35 30 1
35 25 1
35 85 1
35 53 1
35 44 1
35 124 1
35 22 1
35 59 1
35 125 1
35 52 1
35 18 1
35 56 1
35 50 1
35 39 1
35 32 1
35 26 1
35 3 1
35 106 1
35 57 1
35 75 1
35 126 1
35 83 1
35 71 1
35 96 1
35 72 1
35 37 1
35 8 1
35 128 1
35 108 1
35 24 1
35 95 1
35 110 1
35 49 1
35 41 1
35 64 1
35 77 1
35 31 1
35 48 1
35 68 1
35 2 1
35 86 1
35 67 1
35 80 1
35 21 1
35 118 1
35 73 1
35 100 1
35 130 1
35 109 1
35 88 1
35 116 1
35 38 1
35 13 1
35 28 1
35 99 1
35 55 1
35 12 1
35 15 1
35 20 1
35 33 1
35 7 1
35 34 1
35 82 1
35 62 1
35 104 1
35 149 1
35 89 1
35 5 1
35 17 1
35 4 1
35 51 1
35 11 1
35 151 1
35 66 1
35 29 1
35 78 1
35 133 1
35 45 1
35 79 1
35 16 1
35 63 1
35 120 1
35 54 1
35 40 1
35 65 1
35 60 1
35 6 1
35 121 1
35 91 1
35 117 1
35 74 1
35 112 1
35 23 1
35 10 1
35 136 1
35 19 1
35 90 1
35 113 1
35 105 1
35 101 1
35 122 1
35 94 1
35 93 1
35 27 1
35 68 1
35 85 1
35 101 1
35 38 1
35 1 1
35 37 1
129 35 1
69 35 1
23 35 1
7 35 1
101 35 1
89 35 1
44 35 1
54 17 1
53 35 1
59 94 1
14 35 1
47 35 1
61 35 1
54 35 1
21 47 1
21 35 1
47 21 1
112 35 1
123 35 1
88 15 1
103 35 1
88 35 1
57 35 1
52 35 1
1 35 1
105 35 1
19 35 1
106 130 1
106 33 1
106 133 1
106 6 1
106 94 1
106 29 1
106 58 1
106 2 1
76 35 1
98 29 1
65 35 1
8 35 1
98 35 1
45 35 1
59 35 1
58 35 1
98 58 1
95 35 1
93 101 1
12 35 1
33 29 1
33 35 1
93 35 1
4 35 1
17 35 1
56 35 1
42 35 1
30 35 1
13 35 1
42 29 1
93 35 1
42 22 1
42 98 1
42 43 1
42 95 1
45 98 1
9 35 1
32 35 1
93 98 1
14 13 1
47 48 1
93 29 1
13 14 1
29 58 1
29 35 1
13 14 1
84 35 1
1 35 1
86 35 1
81 29 1
71 35 1
14 13 1
71 15 1
71 72 1
71 73 1
71 5 1
14 13 1
24 35 1
13 69 1
13 68 1
69 13 1
74 35 1
13 14 1
3 35 1
13 14 1
14 13 1
3 29 1
14 13 1
21 47 1
31 35 1
119 35 1
47 21 1
119 29 1
21 47 1
47 21 1
20 35 1
79 35 1
82 35 1
84 149 1
122 35 1
55 35 1
32 8 1
1 13 1
70 35 1
14 44 1
44 14 1
8 32 1
82 49 1
82 109 1
82 19 1
82 101 1
82 93 1
82 98 1
101 82 1
106 35 1
93 82 1
38 35 1
84 50 1
44 14 1
14 44 1
51 35 1
124 35 1
35 1 1
45 29 1
82 56 1
82 70 1
82 86 1
82 21 1
82 89 1
86 82 1
89 82 1
35 30 1
56 82 1
21 82 1
30 35 1
16 35 1
70 82 1
95 42 1
96 35 1
70 87 1
70 112 1
70 82 1
70 75 1
70 63 1
112 70 1
73 35 1
39 35 1
32 44 1
32 26 1
39 29 1
95 44 1
95 112 1
95 123 1
95 93 1
95 58 1
95 20 1
95 104 1
95 79 1
95 59 1
95 65 1
95 94 1
65 95 1
59 14 1
93 95 1
44 32 1
95 98 1
45 30 1
44 38 1
44 95 1
82 70 1
151 35 1
14 59 1
59 95 1
123 95 1
151 98 1
151 45 1
149 35 1
72 13 1
72 15 1
35 93 1
34 35 1
25 35 1
59 14 1
5 35 1
49 82 1
11 35 1
29 39 1
14 44 1
44 14 1
15 88 1
88 15 1
30 45 1
104 35 1
44 14 1
14 44 1
98 82 1
19 82 1
98 42 1
19 101 1
94 14 1
94 65 1
94 9 1
14 94 1
94 35 1
79 95 1
94 95 1
58 95 1
22 70 1
22 58 1
22 42 1
22 95 1
22 45 1
22 43 1
22 93 1
22 98 1
22 20 1
22 33 1
22 7 1
22 29 1
22 63 1
22 2 1
22 6 1
45 22 1
7 22 1
98 22 1
90 29 1
83 35 1
93 22 1
15 88 1
15 35 1
88 15 1
39 29 1
95 22 1
90 115 1
22 20 1
20 22 1
39 35 1
20 22 1
90 35 1
15 17 1
20 22 1
20 95 1
22 95 1
95 22 1
47 53 1
47 48 1
4 106 1
95 22 1
22 98 1
69 76 1
95 22 1
73 9 1
73 14 1
73 65 1
98 22 1
104 95 1
104 57 1
88 86 1
85 35 1
85 29 1
20 3 1
85 3 1
57 98 1
14 73 1
76 69 1
104 95 1
104 79 1
3 20 1
13 1 1
104 95 1
69 76 1
58 22 1
65 94 1
65 73 1
46 35 1
13 14 1
84 69 1
23 24 1
42 22 1
13 14 1
24 23 1
29 22 1
14 13 1
14 13 1
42 43 1
42 29 1
42 63 1
42 151 1
95 104 1
95 104 1
121 106 1
29 42 1
95 22 1
95 98 1
13 14 1
13 14 1
14 13 1
53 47 1
14 13 1
98 95 1
13 14 1
13 14 1
38 44 1
14 13 1
14 13 1
44 14 1
70 22 1
13 14 1
13 14 1
14 13 1
76 50 1
79 104 1
44 112 1
18 35 1
14 44 1
44 14 1
50 76 1
76 50 1
106 117 1
106 73 1
9 73 1
9 94 1
18 35 1
14 13 1
13 16 1
13 14 1
13 14 1
14 13 1
67 35 1
14 13 1
13 14 1
56 5 1
16 13 1
121 35 1
115 98 1
115 29 1
115 35 1
115 90 1
77 66 1
60 35 1
35 18 1
35 39 1
25 26 1
86 19 1
76 81 1
76 53 1
77 14 1
14 77 1
50 49 1
14 13 1
94 14 1
94 65 1
94 9 1
13 14 1
34 24 1
13 14 1
65 94 1
24 34 1
49 50 1
59 14 1
65 94 1
53 76 1
76 53 1
50 47 1
47 50 1
49 35 1
9 94 1
17 3 1
3 17 1
5 56 1
73 39 1
50 70 1
3 8 1
3 35 1
3 51 1
3 52 1
3 50 1
3 13 1
3 53 1
3 18 1
3 20 1
3 66 1
52 3 1
8 3 1
54 15 1
53 3 1
54 15 1
7 29 1
50 84 1
54 15 1
84 50 1
84 50 1
76 50 1
76 75 1
84 13 1
84 70 1
84 4 1
80 29 1
13 3 1
6 101 1
6 35 1
6 22 1
20 3 1
96 15 1
96 61 1
96 12 1
4 84 1
13 4 1
13 3 1
13 35 1
33 22 1
113 35 1
100 35 1
83 63 1
31 14 1
39 73 1
70 50 1
14 31 1
63 83 1
63 42 1
75 35 1
75 70 1
75 29 1
48 23 1
68 48 1
61 96 1
21 43 1
48 85 1
21 43 1
21 10 1
14 31 1
15 96 1
15 54 1
15 54 1
104 90 1
15 54 1
48 53 1
14 59 1
28 29 1
15 54 1
63 35 1
63 70 1
63 22 1
71 5 1
64 18 1
64 42 1
3 66 1
3 67 1
3 8 1
3 4 1
3 68 1
3 85 1
3 13 1
3 69 1
3 17 1
4 3 1
66 3 1
53 48 1
11 5 1
4 84 1
39 73 1
12 96 1
101 93 1
42 64 1
63 64 1
63 42 1
63 22 1
63 98 1
42 63 1
93 101 1
26 45 1
26 32 1
26 35 1
73 39 1
53 48 1
29 23 1
26 25 1
26 3 1
26 15 1
2 29 1
2 98 1
2 35 1
66 3 1
2 22 1
8 3 1
67 3 1
48 53 1
115 67 1
115 72 1
72 115 1
117 14 1
54 15 1
54 15 1
15 54 1
17 3 1
17 56 1
17 54 1
17 15 1
54 17 1
15 17 1
56 17 1
56 88 1
5 11 1
88 56 1
66 35 1
14 117 1
66 3 1
15 26 1
13 3 1
31 14 1
51 3 1
13 14 1
14 13 1
14 13 1
13 14 1
95 43 1
95 2 1
95 123 1
95 93 1
95 22 1
95 98 1
95 58 1
95 42 1
95 73 1
95 20 1
95 104 1
95 79 1
95 65 1
95 94 1
95 59 1
13 14 1
43 95 1
93 95 1
2 95 1
14 13 1
58 95 1
123 95 1
31 14 1
14 13 1
14 31 1
13 14 1
23 29 1
13 14 1
14 13 1
73 95 1
23 46 1
43 58 1
43 29 1
43 21 1
43 81 1
58 43 1
104 95 1
43 54 1
71 73 1
71 72 1
71 15 1
71 5 1
72 71 1
86 26 1
86 45 1
28 35 1
28 29 1
98 95 1
46 23 1
98 63 1
105 103 1
20 95 1
84 68 1
103 105 1
71 5 1
65 95 1
84 4 1
84 4 1
29 43 1
29 4 1
76 69 1
13 14 1
14 13 1
14 13 1
13 14 1
13 14 1
14 13 1
90 69 1
69 90 1
4 29 1
29 119 1
29 42 1
79 95 1
42 95 1
54 15 1
54 61 1
42 29 1
61 54 1
48 47 1
48 47 1
48 47 1
48 47 1
90 104 1
14 13 1
90 104 1
71 72 1
13 14 1
3 13 1
3 8 1
3 35 1
3 51 1
13 3 1
84 86 1
84 76 1
84 48 1
84 4 1
76 59 1
86 75 1
86 40 1
86 27 1
86 93 1
86 101 1
15 54 1
26 15 1
15 54 1
54 15 1
94 65 1
94 95 1
51 3 1
14 7 1
8 3 1
14 45 1
7 14 1
45 14 1
14 13 1
13 14 1
13 14 1
14 13 1
86 53 1
45 14 1
84 70 1
14 13 1
14 45 1
7 14 1
13 14 1
121 106 1
104 90 1
1 38 1
14 117 1
13 14 1
14 13 1
14 13 1
13 14 1
13 14 1
14 13 1
14 13 1
85 3 1
13 14 1
48 47 1
47 48 1
151 42 1
70 50 1
70 13 1
7 22 1
67 115 1
27 50 1
27 81 1
15 54 1
27 35 1
54 15 1
76 59 1
85 67 1
13 70 1
70 53 1
86 19 1
3 66 1
54 56 1
54 15 1
56 54 1
20 3 1
3 20 1
9 67 1
9 66 1
96 61 1
61 96 1
101 93 1
93 101 1
15 27 1
43 42 1
43 42 1
43 45 1
43 79 1
43 79 1
15 54 1
43 42 1
67 85 1
67 9 1
67 9 1
67 66 1
43 35 1
101 57 1
101 82 1
101 6 1
101 19 1
43 95 1
66 9 1
66 3 1
45 43 1
38 1 1
43 42 1
79 43 1
43 22 1
42 43 1
42 43 1
42 43 1
18 71 1
43 58 1
43 98 1
36 18 1
18 36 1
67 66 1
67 9 1
93 95 1
93 82 1
93 22 1
82 93 1
86 19 1
95 93 1
82 101 1
48 85 1
38 36 1
85 48 1
86 19 1
76 59 1
1 4 1
1 5 1
1 6 1
1 7 1
1 2 1
1 3 1
1 8 1
1 9 1
1 10 1
1 11 1
1 12 1
1 65 1
1 13 1
1 14 1
1 15 1
1 16 1
1 17 1
1 38 1
6 101 1
57 101 1
96 15 1
96 61 1
96 12 1
18 3 1
22 95 1
22 2 1
22 98 1
22 42 1
22 29 1
4 53 1
40 16 1
98 22 1
103 105 1
79 43 1
15 96 1
3 13 1
3 4 1
3 66 1
3 67 1
3 8 1
3 35 1
3 68 1
3 85 1
3 69 1
3 17 1
103 105 1
59 94 1
4 3 1
59 95 1
13 3 1
53 4 1
4 3 1
4 13 1
4 84 1
4 53 1
4 58 1
4 29 1
58 4 1
13 3 1
13 4 1
13 17 1
13 35 1
13 4 1
29 4 1
81 39 1
29 4 1
29 22 1
4 29 1
81 50 1
8 3 1
3 4 1
42 22 1
2 22 1
4 29 1
12 96 1
42 63 1
42 64 1
42 43 1
61 96 1
66 3 1
29 4 1
26 45 1
2 63 1
71 18 1
17 3 1
75 1 1
38 1 1
26 86 1
115 64 1
31 24 1
14 13 1
17 56 1
17 15 1
17 54 1
47 79 1
79 47 1
54 17 1
56 17 1
56 88 1
13 14 1
88 56 1
47 50 1
47 81 1
24 31 1
13 14 1
14 13 1
14 13 1
71 18 1
13 14 1
13 14 1
14 13 1
71 73 1
94 14 1
94 65 1
94 9 1
65 94 1
14 13 1
14 94 1
13 14 1
65 94 1
39 81 1
121 106 1
94 65 1
53 70 1
53 4 1
68 47 1
27 15 1
80 84 1
59 68 1
59 69 1
59 56 1
59 84 1
59 88 1
59 85 1
59 86 1
59 89 1
59 48 1
59 76 1
59 47 1
59 94 1
59 2 1
43 42 1
59 76 1
16 40 1
64 115 1
31 14 1
14 31 1
14 31 1
68 3 1
68 3 1
15 17 1
67 3 1
76 19 1
38 1 1
71 72 1
71 15 1
71 73 1
71 5 1
84 80 1
84 86 1
84 4 1
64 63 1
64 42 1
71 18 1
64 42 1
42 64 1
80 18 1
80 31 1
80 67 1
80 66 1
1 38 1
101 99 1
101 99 1
56 96 1
91 35 1
105 103 1
105 103 1
63 42 1
84 70 1
84 4 1
20 13 1
31 80 1
13 20 1
74 4 1
76 53 1
105 103 1
105 52 1
27 47 1
12 15 1
1 75 1
52 103 1
13 20 1
52 105 1
96 56 1
63 64 1
53 3 1
53 17 1
53 50 1
64 69 1
64 68 1
3 53 1
20 13 1
90 64 1
75 53 1
17 53 1
103 52 1
103 105 1
38 42 1
53 75 1
14 13 1
80 18 1
95 22 1
18 80 1
4 48 1
4 70 1
4 53 1
4 13 1
4 74 1
48 4 1
85 3 1
48 4 1
70 4 1
35 3 1
35 3 1
35 3 1
80 44 1
80 9 1
80 32 1
80 26 1
26 80 1
17 53 1
17 50 1
1 38 1
4 106 1
4 48 1
53 17 1
50 48 1
50 68 1
50 3 1
68 50 1
53 4 1
86 50 1
41 18 1
76 19 1
41 35 1
21 47 1
3 50 1
47 81 1
47 27 1
47 68 1
76 19 1
76 57 1
57 76 1
76 57 1
48 50 1
22 7 1
40 82 1
7 22 1
4 48 1
4 53 1
4 70 1
4 13 1
48 4 1
15 12 1
53 4 1
70 4 1
48 4 1
4 48 1
22 7 1
4 70 1
4 53 1
4 13 1
4 93 1
4 101 1
4 27 1
66 80 1
48 53 1
70 4 1
93 4 1
7 22 1
14 13 1
53 86 1
69 86 1
69 76 1
69 68 1
69 84 1
18 80 1
53 4 1
53 48 1
66 15 1
66 5 1
15 66 1
86 53 1
94 65 1
94 14 1
94 9 1
63 64 1
65 94 1
65 94 1
101 4 1
13 14 1
5 66 1
13 14 1
13 14 1
14 13 1
13 4 1
13 4 1
14 13 1
13 4 1
13 14 1
13 14 1
14 13 1
15 5 1
22 7 1
7 22 1
84 13 1
94 65 1
85 68 1
84 13 1
43 21 1
43 21 1
68 85 1
43 42 1
43 6 1
43 64 1
43 81 1
43 95 1
105 103 1
103 105 1
43 29 1
43 6 1
43 21 1
43 81 1
21 43 1
44 80 1
29 43 1
5 15 1
31 14 1
68 56 1
56 15 1
56 61 1
56 96 1
15 56 1
68 47 1
71 8 1
64 43 1
69 64 1
69 68 1
23 24 1
24 23 1
64 67 1
64 66 1
96 56 1
53 48 1
59 2 1
47 81 1
27 47 1
27 4 1
29 23 1
23 29 1
50 70 1
47 40 1
90 69 1
69 90 1
81 43 1
61 56 1
76 75 1
83 63 1
59 67 1
53 70 1
50 52 1
67 66 1
67 80 1
68 48 1
50 52 1
69 68 1
59 94 1
68 85 1
68 85 1
68 69 1
85 68 1
68 85 1
76 69 1
84 69 1
107 35 1
107 57 1
107 57 1
107 10 1
107 94 1
107 50 1
107 46 1
57 107 1
6 43 1
6 43 1
99 35 1
99 101 1
6 101 1
6 93 1
6 106 1
6 20 1
99 101 1
96 15 1
96 61 1
96 12 1
40 53 1
13 74 1
13 73 1
13 72 1
13 40 1
72 13 1
13 71 1
26 86 1
48 53 1
70 53 1
70 50 1
73 13 1
63 83 1
42 43 1
42 22 1
42 63 1
42 29 1
74 13 1
50 49 1
50 47 1
29 42 1
61 96 1
72 13 1
63 42 1
15 96 1
32 80 1
52 50 1
49 50 1
3 67 1
3 13 1
3 68 1
3 17 1
3 66 1
3 8 1
3 40 1
3 4 1
3 85 1
3 69 1
13 3 1
52 50 1
4 3 1
50 49 1
66 3 1
50 75 1
75 50 1
49 50 1
9 94 1
9 80 1
8 3 1
29 39 1
12 96 1
17 3 1
50 75 1
9 94 1
75 50 1
47 50 1
17 56 1
17 15 1
17 54 1
54 17 1
15 17 1
68 3 1
50 47 1
9 80 1
67 3 1
47 50 1
80 9 1
56 15 1
15 56 1
70 1 1
1 70 1
76 19 1
76 57 1
56 17 1
56 88 1
33 15 1
9 80 1
64 80 1
88 56 1
86 81 1
70 84 1
70 69 1
59 67 1
59 72 1
72 59 1
59 94 1
59 2 1
75 49 1
42 7 1
80 64 1
15 56 1
80 9 1
56 15 1
69 70 1
7 22 1
47 27 1
76 69 1
73 9 1
73 14 1
73 65 1
84 70 1
50 40 1
121 106 1
112 63 1
43 79 1
49 75 1
39 29 1
15 33 1
15 33 1
79 43 1
86 69 1
83 63 1
76 69 1
86 69 1
33 15 1
44 112 1
81 86 1
112 44 1
63 83 1
50 75 1
50 49 1
86 81 1
65 73 1
75 50 1
59 89 1
59 68 1
59 69 1
59 56 1
59 85 1
59 86 1
59 84 1
59 48 1
59 76 1
59 88 1
59 47 1
59 94 1
59 2 1
86 69 1
11 5 1
86 69 1
68 48 1
68 50 1
68 17 1
50 17 1
50 68 1
50 53 1
17 50 1
68 50 1
119 29 1
17 50 1
50 70 1
50 49 1
50 68 1
50 48 1
50 53 1
68 50 1
48 50 1
53 50 1
53 50 1
49 50 1
32 67 1
76 50 1
40 13 1
50 76 1
48 68 1
85 3 1
76 50 1
70 50 1
39 81 1
39 50 1
11 5 1
9 80 1
80 9 1
53 84 1
3 20 1
3 20 1
84 53 1
68 48 1
20 3 1
20 3 1
106 117 1
106 73 1
21 86 1
3 20 1
20 3 1
84 53 1
84 4 1
86 21 1
4 106 1
43 42 1
81 39 1
21 70 1
70 21 1
42 43 1
70 53 1
70 53 1
70 53 1
70 53 1
69 68 1
9 73 1
47 84 1
84 47 1
84 69 1
53 70 1
53 40 1
3 35 1
3 13 1
3 20 1
20 3 1
13 3 1
115 67 1
67 115 1
50 15 1
50 54 1
50 40 1
76 69 1
84 47 1
54 50 1
68 69 1
13 53 1
68 47 1
49 50 1
53 70 1
53 4 1
86 69 1
68 85 1
5 11 1
5 11 1
4 53 1
81 39 1
3 20 1
47 13 1
47 40 1
20 3 1
13 47 1
56 15 1
56 66 1
88 15 1
65 94 1
53 13 1
76 53 1
50 3 1
53 76 1
53 50 1
86 75 1
86 49 1
76 53 1
3 8 1
39 81 1
15 56 1
3 50 1
76 49 1
8 3 1
50 53 1
43 42 1
81 39 1
43 42 1
53 50 1
12 15 1
15 50 1
15 40 1
15 50 1
15 54 1
15 12 1
54 15 1
53 13 1
53 70 1
53 50 1
53 3 1
3 53 1
47 84 1
84 47 1
69 76 1
68 59 1
76 53 1
84 4 1
85 68 1
115 67 1
115 67 1
68 85 1
84 4 1
84 47 1
84 4 1
76 69 1
66 56 1
67 115 1
67 115 1
67 32 1
13 53 1
13 40 1
40 124 1
94 65 1
124 40 1
4 84 1
4 84 1
96 15 1
96 61 1
96 12 1
94 14 1
94 9 1
94 65 1
129 129 1
70 53 1
70 53 1
14 94 1
14 94 1
14 13 1
13 14 1
13 14 1
15 96 1
14 13 1
53 76 1
94 14 1
14 13 1
61 96 1
112 95 1
104 95 1
104 79 1
16 1 1
1 16 1
13 81 1
13 14 1
31 18 1
50 52 1
59 94 1
3 66 1
3 68 1
3 67 1
3 8 1
3 13 1
3 4 1
3 85 1
3 69 1
3 17 1
17 3 1
12 96 1
13 3 1
95 104 1
52 50 1
67 3 1
4 3 1
13 14 1
29 80 1
14 13 1
79 104 1
13 14 1
13 14 1
14 13 1
14 13 1
13 14 1
13 14 1
14 13 1
59 2 1
8 3 1
54 15 1
13 50 1
80 29 1
15 54 1
18 31 1
80 29 1
66 3 1
29 80 1
9 94 1
50 75 1
33 15 1
17 15 1
17 56 1
17 54 1
54 17 1
15 17 1
15 33 1
15 33 1
56 17 1
56 88 1
33 15 1
59 68 1
32 83 1
88 56 1
32 83 1
75 50 1
83 32 1
83 32 1
76 53 1
4 3 1
4 13 1
4 20 1
4 68 1
4 69 1
4 18 1
76 50 1
50 75 1
13 4 1
44 80 1
84 4 1
84 4 1
14 94 1
50 75 1
94 14 1
88 15 1
76 50 1
40 53 1
13 74 1
3 4 1
50 52 1
52 50 1
86 19 1
44 38 1
32 44 1
32 26 1
44 32 1
44 38 1
32 24 1
32 26 1
74 13 1
15 88 1
15 56 1
71 15 1
71 72 1
71 73 1
71 5 1
84 69 1
44 68 1
56 15 1
84 69 1
33 15 1
33 61 1
84 69 1
88 15 1
75 50 1
75 50 1
94 65 1
94 9 1
94 14 1
69 67 1
69 66 1
14 94 1
47 50 1
76 84 1
50 47 1
86 117 1
15 33 1
47 50 1
14 94 1
76 69 1
86 69 1
38 1 1
1 38 1
53 40 1
77 66 1
59 76 1
50 76 1
76 50 1
85 47 1
47 85 1
77 9 1
59 2 1
85 3 1
15 56 1
56 15 1
50 15 1
50 66 1
50 3 1
50 76 1
73 1 1
1 73 1
69 68 1
69 86 1
69 84 1
66 50 1
73 38 1
76 50 1
15 50 1
38 149 1
20 4 1
3 50 1
66 50 1
66 3 1
40 50 1
40 15 1
40 61 1
115 67 1
22 2 1
22 95 1
115 67 1
18 4 1
2 22 1
80 115 1
115 80 1
86 88 1
76 69 1
94 14 1
21 86 1
86 21 1
74 72 1
72 74 1
69 50 1
69 66 1
69 86 1
69 3 1
69 56 1
95 22 1
50 76 1
50 3 1
3 66 1
67 69 1
67 9 1
67 66 1
76 50 1
56 69 1
76 69 1
67 115 1
3 50 1
4 106 1
76 53 1
69 76 1
3 18 1
3 69 1
3 66 1
3 50 1
3 8 1
3 52 1
52 3 1
93 95 1
18 3 1
8 3 1
18 107 1
95 93 1
118 35 1
80 115 1
63 49 1
115 80 1
118 10 1
26 86 1
56 15 1
15 56 1
118 94 1
83 30 1
53 50 1
21 43 1
21 1 1
84 101 1
50 76 1
50 76 1
69 67 1
76 50 1
47 36 1
76 50 1
30 83 1
69 3 1
69 56 1
69 47 1
69 67 1
69 9 1
69 72 1
69 15 1
69 68 1
72 69 1
66 3 1
86 75 1
86 40 1
12 72 1
12 15 1
12 71 1
12 73 1
72 12 1
15 12 1
66 15 1
66 3 1
66 26 1
66 5 1
66 67 1
59 68 1
59 69 1
59 56 1
59 64 1
90 76 1
90 69 1
90 84 1
67 66 1
69 76 1
76 69 1
69 84 1
86 50 1
84 69 1
110 18 1
110 37 1
110 45 1
110 35 1
107 18 1
6 57 1
57 79 1
57 18 1
13 40 1
13 65 1
13 3 1
13 8 1
26 66 1
96 15 1
96 61 1
96 12 1
11 5 1
5 11 1
5 66 1
8 13 1
71 5 1
61 96 1
73 12 1
71 12 1
3 13 1
3 66 1
4 65 1
15 96 1
104 95 1
104 112 1
104 74 1
104 79 1
104 44 1
104 123 1
104 7 1
104 151 1
104 9 1
3 13 1
3 8 1
3 40 1
3 4 1
3 35 1
7 104 1
13 3 1
112 104 1
8 3 1
26 32 1
5 72 1
5 71 1
5 73 1
5 74 1
5 11 1
72 5 1
4 3 1
123 104 1
71 72 1
71 15 1
71 73 1
71 5 1
50 52 1
50 75 1
44 104 1
75 50 1
45 26 1
45 24 1
79 104 1
95 104 1
3 68 1
3 66 1
3 67 1
3 8 1
3 13 1
3 4 1
3 69 1
3 85 1
3 17 1
3 35 1
21 47 1
8 3 1
47 21 1
24 45 1
66 3 1
17 3 1
103 105 1
13 3 1
12 96 1
14 13 1
13 40 1
13 14 1
65 13 1
13 14 1
14 13 1
52 50 1
14 13 1
13 14 1
13 14 1
14 13 1
14 13 1
63 57 1
65 94 1
13 14 1
26 45 1
65 94 1
13 14 1
14 13 1
56 96 1
42 63 1
11 5 1
50 17 1
50 3 1
67 3 1
67 115 1
17 50 1
73 5 1
52 103 1
70 53 1
96 56 1
19 84 1
17 50 1
17 56 1
17 15 1
17 54 1
59 68 1
59 56 1
59 86 1
59 89 1
59 76 1
59 47 1
59 2 1
59 69 1
59 85 1
59 84 1
59 48 1
59 88 1
59 94 1
103 52 1
54 17 1
86 84 1
86 75 1
86 117 1
86 69 1
4 3 1
54 117 1
66 67 1
28 60 1
68 67 1
68 85 1
60 28 1
84 19 1
69 84 1
86 50 1
9 104 1
81 39 1
81 50 1
81 3 1
81 47 1
81 27 1
50 52 1
52 50 1
65 64 1
52 50 1
47 81 1
47 68 1
74 5 1
74 104 1
25 26 1
26 25 1
56 17 1
56 88 1
76 50 1
76 59 1
67 66 1
59 94 1
88 69 1
88 56 1
74 9 1
74 65 1
74 72 1
121 106 1
69 76 1
39 81 1
9 74 1
44 14 1
44 14 1
9 65 1
9 94 1
151 104 1
33 42 1
151 80 1
14 13 1
3 81 1
18 57 1
7 50 1
3 50 1
65 74 1
65 9 1
23 29 1
6 106 1
29 23 1
15 17 1
71 72 1
71 15 1
71 73 1
71 5 1
36 38 1
33 42 1
94 65 1
94 14 1
94 9 1
14 94 1
95 58 1
13 14 1
76 69 1
58 95 1
13 14 1
14 13 1
71 13 1
14 13 1
71 72 1
71 12 1
71 5 1
13 14 1
13 14 1
14 13 1
14 13 1
13 14 1
13 14 1
14 13 1
14 13 1
13 14 1
13 14 1
14 13 1
28 29 1
29 28 1
29 23 1
65 94 1
65 94 1
14 94 1
14 9 1
14 13 1
13 14 1
13 14 1
14 13 1
76 69 1
94 65 1
94 14 1
14 13 1
23 29 1
13 14 1
94 2 1
94 59 1
2 94 1
29 23 1
23 29 1
59 94 1
42 22 1
28 29 1
29 28 1
50 3 1
95 30 1
50 86 1
32 66 1
32 112 1
86 50 1
76 70 1
52 103 1
50 86 1
86 50 1
4 106 1
32 26 1
32 3 1
32 15 1
32 5 1
32 8 1
32 83 1
32 51 1
32 9 1
32 67 1
30 95 1
47 53 1
106 117 1
106 73 1
75 50 1
62 27 1
62 81 1
53 48 1
53 47 1
53 47 1
50 69 1
50 86 1
50 3 1
50 52 1
6 106 1
86 50 1
52 50 1
81 27 1
53 47 1
53 70 1
47 53 1
50 76 1
47 53 1
76 50 1
69 56 1
103 52 1
85 3 1
53 70 1
99 18 1
99 107 1
99 3 1
53 70 1
53 4 1
57 19 1
81 62 1
19 57 1
65 94 1
32 66 1
106 71 1
50 75 1
70 53 1
39 32 1
70 53 1
40 13 1
13 40 1
90 69 1
43 79 1
43 42 1
43 45 1
43 79 1
32 39 1
32 24 1
50 86 1
3 99 1
75 50 1
86 50 1
3 50 1
67 32 1
4 53 1
32 50 1
32 8 1
86 50 1
3 50 1
112 94 1
112 94 1
26 45 1
45 43 1
8 32 1
59 68 1
15 39 1
15 5 1
15 117 1
15 83 1
15 66 1
83 26 1
83 15 1
83 66 1
22 7 1
79 43 1
7 22 1
15 83 1
69 76 1
26 83 1
81 43 1
81 43 1
42 43 1
81 43 1
38 36 1
39 15 1
39 29 1
39 120 1
90 69 1
43 42 1
15 36 1
43 81 1
29 39 1
43 81 1
43 81 1
42 43 1
84 19 1
84 57 1
36 15 1
5 15 1
9 67 1
9 66 1
9 32 1
9 14 1
66 9 1
9 94 1
66 15 1
66 83 1
15 66 1
67 9 1
67 9 1
67 66 1
76 69 1
69 76 1
68 47 1
68 48 1
27 66 1
27 26 1
27 81 1
27 13 1
27 62 1
27 39 1
27 15 1
27 40 1
27 8 1
27 5 1
27 3 1
18 99 1
94 65 1
94 112 1
96 15 1
96 61 1
96 12 1
101 57 1
101 82 1
101 19 1
61 96 1
15 96 1
10 21 1
10 35 1
10 29 1
10 57 1
63 64 1
32 66 1
32 9 1
15 56 1
105 103 1
3 66 1
3 67 1
3 13 1
3 4 1
3 35 1
3 8 1
3 68 1
3 85 1
3 69 1
3 17 1
17 3 1
13 3 1
13 40 1
3 13 1
3 40 1
3 20 1
3 8 1
3 4 1
3 51 1
3 18 1
3 52 1
3 50 1
3 53 1
3 35 1
71 5 1
13 3 1
8 3 1
71 106 1
8 3 1
53 3 1
56 15 1
105 103 1
18 3 1
66 15 1
66 3 1
103 105 1
52 3 1
82 101 1
81 3 1
81 26 1
81 13 1
81 62 1
81 39 1
81 15 1
81 40 1
81 8 1
81 5 1
81 66 1
81 27 1
66 81 1
15 81 1
13 81 1
4 3 1
4 3 1
29 23 1
23 29 1
29 42 1
67 3 1
47 50 1
67 9 1
67 66 1
20 3 1
39 81 1
14 9 1
5 81 1
9 14 1
3 81 1
117 15 1
1 38 1
1 73 1
1 16 1
1 70 1
3 13 1
3 8 1
3 52 1
3 51 1
3 18 1
3 50 1
3 53 1
3 4 1
3 40 1
3 20 1
52 3 1
48 53 1
13 3 1
83 15 1
17 15 1
17 56 1
17 54 1
68 3 1
54 17 1
26 81 1
16 1 1
70 53 1
1 16 1
48 68 1
4 3 1
68 48 1
20 3 1
64 63 1
8 3 1
8 81 1
51 3 1
40 124 1
40 121 1
51 3 1
18 3 1
40 121 1
40 121 1
64 66 1
81 39 1
59 2 1
64 80 1
53 3 1
53 70 1
14 13 1
6 106 1
36 38 1
101 47 1
6 106 1
59 48 1
59 76 1
59 47 1
59 68 1
59 69 1
59 56 1
59 85 1
59 86 1
59 84 1
59 89 1
59 88 1
59 94 1
59 2 1
47 101 1
86 69 1
86 84 1
86 76 1
86 117 1
86 75 1
11 5 1
84 19 1
84 57 1
84 94 1
71 72 1
71 15 1
71 73 1
71 5 1
39 81 1
104 95 1
104 79 1
104 112 1
104 123 1
112 104 1
95 104 1
123 104 1
47 68 1
56 17 1
26 24 1
26 24 1
47 18 1
26 24 1
71 72 1
59 72 1
59 67 1
26 24 1
79 104 1
66 64 1
18 47 1
18 7 1
13 14 1
77 3 1
13 14 1
14 13 1
14 13 1
13 14 1
13 14 1
14 13 1
84 14 1
3 8 1
3 13 1
3 20 1
13 3 1
45 24 1
45 26 1
13 14 1
104 26 1
104 30 1
14 84 1
84 14 1
14 13 1
81 13 1
14 13 1
8 3 1
13 81 1
13 14 1
13 14 1
14 13 1
84 14 1
14 13 1
13 14 1
26 104 1
26 45 1
68 64 1
4 106 1
14 13 1
24 45 1
15 17 1
12 96 1
12 15 1
13 14 1
13 14 1
15 12 1
103 105 1
14 13 1
13 14 1
14 13 1
105 103 1
14 13 1
13 14 1
13 14 1
14 13 1
70 68 1
70 48 1
68 70 1
20 3 1
48 70 1
30 104 1
85 3 1
47 48 1
18 69 1
14 13 1
69 18 1
68 44 1
81 47 1
81 50 1
68 85 1
9 64 1
9 72 1
9 66 1
9 83 1
9 59 1
9 67 1
59 9 1
47 81 1
15 66 1
15 117 1
68 85 1
64 9 1
59 94 1
66 15 1
84 50 1
37 36 1
13 14 1
13 14 1
86 75 1
86 40 1
86 93 1
86 101 1
86 27 1
14 13 1
14 13 1
13 14 1
75 70 1
70 75 1
13 14 1
14 13 1
14 13 1
14 13 1
13 14 1
13 14 1
13 14 1
14 13 1
13 14 1
14 13 1
14 13 1
101 50 1
13 14 1
13 14 1
14 13 1
14 13 1
13 14 1
13 14 1
14 13 1
13 14 1
5 11 1
81 13 1
81 15 1
81 5 1
81 26 1
81 62 1
81 39 1
81 40 1
81 8 1
81 3 1
13 81 1
5 81 1
14 13 1
14 13 1
15 81 1
66 9 1
3 81 1
13 14 1
13 14 1
94 14 1
94 9 1
94 65 1
14 13 1
65 94 1
14 13 1
13 14 1
13 14 1
18 3 1
18 57 1
18 9 1
18 69 1
65 94 1
14 13 1
3 18 1
14 13 1
76 69 1
13 14 1
37 36 1
83 9 1
39 81 1
68 85 1
57 19 1
26 81 1
26 24 1
57 19 1
26 24 1
88 61 1
88 96 1
88 12 1
88 15 1
48 53 1
48 68 1
48 17 1
53 48 1
67 9 1
56 71 1
48 85 1
68 48 1
85 48 1
99 18 1
99 107 1
8 81 1
62 81 1
57 101 1
15 5 1
81 66 1
57 19 1
86 19 1
53 48 1
59 2 1
48 47 1
9 18 1
17 48 1
9 17 1
17 9 1
9 94 1
115 67 1
47 48 1
15 83 1
67 115 1
47 50 1
47 17 1
9 112 1
69 76 1
47 40 1
47 13 1
47 27 1
47 93 1
47 101 1
30 26 1
57 19 1
57 19 1
57 18 1
1 5 1
1 6 1
1 7 1
1 2 1
1 3 1
1 8 1
1 9 1
1 10 1
1 11 1
1 12 1
1 65 1
1 13 1
1 14 1
1 15 1
1 4 1
1 16 1
1 17 1
27 39 1
27 81 1
13 47 1
94 65 1
101 47 1
96 15 1
96 61 1
96 12 1
11 5 1
33 15 1
94 14 1
94 65 1
94 9 1
33 5 1
35 3 1
35 3 1
35 3 1
35 3 1
37 31 1
61 96 1
17 47 1
35 3 1
93 47 1
19 101 1
19 101 1
19 57 1
19 57 1
79 112 1
112 79 1
66 81 1
94 68 1
94 2 1
94 48 1
94 47 1
94 59 1
59 94 1
15 33 1
56 89 1
56 21 1
3 67 1
3 40 1
3 69 1
3 66 1
3 8 1
3 13 1
3 4 1
3 68 1
3 85 1
3 17 1
17 3 1
66 3 1
15 33 1
65 94 1
65 94 1
2 94 1
50 84 1
50 101 1
101 50 1
12 96 1
4 3 1
47 94 1
8 3 1
47 40 1
47 93 1
47 101 1
47 27 1
101 47 1
93 47 1
9 94 1
25 9 1
9 25 1
50 47 1
50 47 1
47 50 1
47 50 1
124 50 1
15 33 1
15 96 1
50 84 1
48 47 1
48 53 1
30 25 1
25 30 1
48 94 1
68 48 1
68 94 1
17 56 1
17 15 1
17 54 1
68 3 1
33 15 1
15 17 1
33 15 1
40 121 1
56 17 1
56 88 1
88 56 1
68 50 1
68 48 1
68 53 1
68 17 1
68 3 1
5 33 1
5 15 1
5 15 1
15 5 1
94 65 1
6 106 1
48 81 1
48 50 1
35 62 1
35 3 1
35 13 1
62 35 1
69 86 1
81 48 1
3 35 1
84 19 1
84 57 1
86 53 1
13 35 1
13 3 1
26 45 1
50 81 1
50 48 1
83 15 1
59 86 1
59 47 1
59 68 1
59 69 1
59 56 1
59 85 1
59 84 1
59 89 1
59 48 1
59 76 1
59 88 1
59 94 1
59 2 1
50 32 1
8 3 1
3 8 1
72 9 1
72 14 1
72 65 1
72 71 1
72 73 1
84 50 1
47 50 1
3 17 1
3 77 1
47 68 1
68 13 1
68 69 1
68 47 1
16 4 1
4 16 1
69 86 1
17 3 1
69 94 1
84 50 1
84 101 1
84 50 1
105 103 1
103 105 1
86 19 1
68 94 1
68 59 1
15 83 1
12 15 1
15 12 1
105 103 1
103 105 1
6 106 1
13 72 1
69 56 1
56 88 1
115 72 1
38 37 1
62 3 1
62 18 1
62 20 1
37 38 1
6 106 1
59 38 1
76 53 1
82 49 1
82 75 1
82 56 1
82 21 1
82 89 1
88 56 1
89 82 1
56 82 1
21 82 1
94 2 1
47 84 1
38 1 1
84 47 1
1 38 1
71 56 1
2 94 1
26 45 1
75 82 1
71 72 1
71 15 1
71 5 1
71 73 1
5 11 1
4 20 1
72 59 1
71 56 1
76 69 1
68 64 1
84 19 1
53 76 1
76 53 1
49 82 1
81 43 1
14 59 1
84 50 1
35 53 1
1 36 1
53 35 1
86 69 1
86 84 1
112 50 1
85 3 1
69 84 1
20 4 1
53 86 1
69 64 1
3 62 1
35 20 1
106 117 1
106 73 1
68 1 1
53 70 1
53 4 1
84 47 1
50 112 1
112 50 1
112 50 1
70 53 1
86 76 1
86 117 1
86 69 1
86 84 1
86 75 1
9 67 1
9 66 1
67 9 1
59 1 1
20 62 1
20 35 1
67 3 1
20 18 1
86 53 1
4 53 1
85 68 1
38 149 1
38 1 1
38 37 1
38 36 1
75 50 1
115 67 1
77 66 1
77 9 1
17 9 1
17 3 1
66 9 1
68 85 1
3 17 1
13 16 1
9 67 1
9 66 1
9 17 1
3 66 1
3 77 1
67 9 1
67 115 1
40 76 1
69 76 1
66 3 1
66 9 1
69 59 1
3 20 1
85 68 1
68 85 1
112 32 1
20 3 1
19 86 1
105 103 1
103 105 1
50 86 1
69 76 1
29 23 1
23 29 1
50 70 1
59 69 1
86 50 1
38 65 1
65 38 1
90 80 1
86 69 1
70 50 1
43 81 1
76 19 1
56 15 1
50 75 1
56 77 1
75 50 1
79 57 1
79 57 1
67 94 1
67 80 1
47 50 1
64 67 1
64 9 1
64 66 1
9 64 1
67 64 1
47 68 1
69 86 1
69 76 1
69 84 1
39 50 1
39 81 1
15 56 1
76 40 1
59 67 1
59 72 1
69 86 1
68 85 1
68 47 1
69 86 1
32 50 1
15 66 1
69 86 1
76 69 1
69 50 1
69 86 1
69 18 1
69 3 1
50 17 1
50 47 1
50 69 1
50 18 1
50 3 1
50 86 1
86 50 1
84 27 1
86 69 1
84 27 1
44 68 1
68 85 1
85 68 1
68 85 1
18 62 1
18 20 1
18 50 1
16 13 1
96 15 1
96 61 1
96 12 1
29 42 1
23 83 1
61 96 1
14 17 1
3 50 1
14 17 1
3 77 1
17 14 1
4 3 1
4 35 1
4 13 1
4 53 1
35 4 1
48 50 1
53 4 1
15 62 1
15 96 1
3 4 1
14 13 1
66 64 1
66 15 1
18 3 1
18 69 1
18 50 1
18 86 1
18 107 1
3 68 1
3 85 1
3 69 1
3 17 1
3 66 1
3 67 1
3 8 1
3 13 1
3 4 1
3 40 1
3 35 1
66 3 1
3 18 1
83 15 1
12 96 1
83 23 1
17 14 1
48 47 1
35 3 1
47 50 1
15 83 1
8 3 1
4 3 1
72 56 1
8 62 1
3 66 1
66 3 1
15 66 1
62 8 1
66 15 1
68 3 1
77 56 1
77 15 1
42 29 1
67 3 1
42 29 1
17 50 1
17 18 1
17 69 1
47 48 1
17 3 1
15 62 1
62 15 1
56 66 1
47 68 1
68 47 1
33 22 1
32 66 1
18 17 1
13 14 1
72 9 1
45 22 1
13 14 1
13 4 1
13 3 1
14 13 1
14 13 1
20 22 1
13 14 1
13 14 1
14 13 1
21 18 1
21 57 1
59 69 1
59 56 1
59 86 1
59 48 1
59 47 1
59 68 1
59 85 1
59 84 1
59 89 1
59 76 1
59 88 1
59 94 1
59 2 1
42 112 1
47 48 1
69 86 1
17 56 1
17 15 1
17 54 1
50 69 1
50 86 1
50 3 1
50 66 1
50 18 1
50 52 1
52 50 1
56 17 1
56 88 1
59 67 1
59 72 1
69 50 1
66 56 1
66 50 1
112 42 1
18 50 1
18 21 1
112 32 1
69 84 1
69 86 1
69 76 1
69 89 1
86 18 1
86 50 1
88 56 1
17 50 1
32 66 1
59 69 1
47 1 1
47 22 1
47 59 1
47 50 1
47 69 1
47 75 1
47 83 1
47 96 1
47 42 1
47 103 1
47 49 1
47 14 1
47 73 1
47 46 1
47 35 1
47 107 1
47 115 1
47 70 1
47 87 1
47 27 1
47 119 1
47 123 1
47 43 1
47 61 1
47 88 1
47 38 1
47 33 1
47 82 1
47 104 1
47 149 1
47 93 1
47 30 1
47 25 1
47 85 1
47 53 1
47 44 1
47 124 1
47 125 1
47 102 1
47 52 1
47 81 1
47 98 1
47 18 1
47 56 1
47 39 1
47 32 1
47 58 1
47 57 1
47 126 1
47 71 1
47 45 1
47 86 1
47 72 1
47 36 1
47 37 1
47 9 1
47 8 1
47 128 1
47 108 1
47 24 1
47 95 1
47 84 1
47 110 1
47 41 1
47 64 1
47 77 1
47 31 1
47 118 1
47 129 1
47 100 1
47 130 1
47 112 1
47 21 1
47 23 1
47 109 1
47 76 1
47 116 1
47 13 1
47 28 1
47 99 1
47 55 1
47 12 1
47 15 1
47 20 1
47 26 1
47 7 1
47 34 1
47 3 1
47 62 1
47 89 1
47 5 1
47 17 1
47 106 1
47 4 1
47 51 1
47 11 1
47 151 1
47 66 1
47 29 1
47 78 1
47 48 1
47 133 1
47 68 1
47 79 1
47 16 1
47 63 1
47 2 1
47 120 1
47 54 1
47 40 1
47 65 1
47 67 1
47 60 1
47 6 1
47 121 1
47 91 1
47 117 1
47 74 1
47 80 1
47 10 1
47 136 1
47 19 1
47 90 1
47 113 1
47 105 1
47 101 1
47 122 1
47 94 1
129 47 1
71 72 1
71 15 1
71 5 1
71 73 1
83 23 1
83 24 1
83 26 1
67 115 1
17 50 1
23 83 1
24 83 1
71 74 1
23 83 1
15 17 1
50 47 1
103 105 1
6 106 1
83 23 1
74 59 1
105 103 1
76 69 1
59 74 1
76 40 1
47 50 1
35 13 1
11 5 1
5 11 1
6 106 1
33 15 1
6 13 1
6 8 1
6 40 1
22 33 1
33 22 1
2 59 1
59 2 1
59 76 1
84 69 1
76 50 1
112 77 1
76 69 1
50 93 1
50 101 1
50 27 1
4 84 1
4 53 1
4 35 1
4 13 1
4 3 1
14 67 1
14 66 1
14 9 1
84 4 1
48 47 1
85 3 1
101 50 1
93 50 1
65 94 1
95 30 1
21 10 1
86 19 1
30 95 1
88 54 1
73 1 1
1 73 1
72 73 1
72 9 1
72 14 1
72 65 1
72 71 1
88 12 1
53 4 1
12 15 1
15 12 1
50 47 1
47 50 1
33 15 1
3 4 1
3 50 1
4 13 1
4 35 1
4 3 1
12 88 1
69 76 1
3 4 1
95 123 1
95 93 1
95 22 1
95 98 1
95 58 1
95 104 1
95 79 1
95 65 1
3 84 1
3 4 1
3 35 1
3 13 1
84 3 1
123 95 1
4 3 1
13 3 1
50 52 1
29 42 1
29 22 1
29 52 1
29 98 1
29 95 1
29 81 1
29 8 1
29 49 1
29 31 1
93 95 1
13 4 1
13 4 1
104 95 1
52 29 1
88 12 1
88 12 1
8 29 1
49 29 1
14 13 1
14 13 1
13 14 1
13 14 1
13 14 1
13 14 1
14 13 1
14 13 1
14 13 1
13 14 1
13 14 1
14 13 1
29 23 1
14 13 1
13 14 1
69 18 1
23 29 1
4 106 1
42 29 1
3 8 1
3 13 1
85 18 1
70 53 1
96 61 1
76 19 1
61 96 1
88 61 1
88 96 1
88 12 1
88 15 1
18 69 1
18 85 1
30 104 1
30 83 1
95 29 1
79 95 1
8 3 1
52 50 1
65 95 1
52 50 1
77 112 1
13 3 1
75 29 1
94 65 1
104 30 1
29 75 1
57 21 1
9 14 1
67 14 1
67 14 1
67 9 1
67 66 1
86 50 1
40 93 1
40 101 1
40 27 1
93 40 1
101 40 1
59 2 1
94 14 1
94 9 1
14 94 1
29 42 1
53 3 1
53 50 1
50 86 1
113 8 1
8 113 1
86 50 1
98 29 1
14 94 1
38 37 1
98 95 1
21 88 1
88 21 1
39 81 1
88 15 1
81 39 1
18 55 1
43 42 1
18 55 1
90 80 1
3 53 1
53 68 1
53 17 1
84 86 1
47 81 1
68 53 1
18 81 1
18 85 1
66 14 1
85 18 1
84 86 1
84 69 1
55 18 1
104 30 1
104 26 1
17 53 1
81 47 1
42 43 1
42 29 1
83 30 1
34 24 1
76 69 1
30 104 1
18 55 1
84 69 1
55 18 1
24 34 1
47 81 1
94 14 1
58 95 1
56 77 1
74 47 1
30 104 1
30 83 1
9 94 1
59 44 1
59 80 1
47 74 1
75 47 1
75 85 1
75 56 1
75 84 1
75 76 1
75 82 1
75 4 1
75 68 1
75 86 1
75 10 1
75 70 1
75 88 1
75 93 1
75 18 1
75 50 1
75 13 1
75 7 1
75 89 1
75 29 1
75 48 1
75 21 1
75 69 1
75 40 1
75 23 1
75 105 1
75 19 1
10 75 1
93 75 1
89 75 1
84 75 1
47 75 1
86 75 1
83 30 1
69 84 1
48 75 1
76 75 1
85 75 1
21 75 1
76 86 1
12 15 1
50 47 1
69 84 1
47 50 1
69 84 1
68 75 1
84 50 1
69 84 1
86 50 1
86 88 1
84 69 1
84 69 1
69 72 1
86 75 1
69 59 1
86 117 1
27 40 1
27 84 1
27 50 1
27 47 1
27 84 1
27 63 1
1 4 1
1 5 1
1 6 1
1 7 1
1 2 1
1 3 1
1 8 1
1 9 1
1 10 1
1 11 1
1 12 1
1 65 1
1 13 1
1 14 1
1 15 1
1 16 1
1 17 1
1 38 1
