159 102 1
159 81 1
160 84 1
160 14 1
141 104 1
145 68 1
150 36 1
144 38 1
139 57 1
143 80 1
161 15 1
138 47 1
145 68 1
141 104 1
129 129 1
1 2 1
1 15 1
1 5 1
1 6 1
1 7 1
1 3 1
1 8 1
1 9 1
1 10 1
1 11 1
1 12 1
1 65 1
1 13 1
1 14 1
1 4 1
1 16 1
1 17 1
152 26 1
145 68 1
162 57 1
163 23 1
13 2 1
34 112 1
95 70 1
39 54 1
112 34 1
70 50 1
16 1 1
16 1 1
16 8 1
16 8 1
52 50 1
29 39 1
1 16 1
93 50 1
93 56 1
11 31 1
31 11 1
11 25 1
11 33 1
11 32 1
6 8 1
6 8 1
115 67 1
115 66 1
16 1 1
56 93 1
16 1 1
33 11 1
16 1 1
6 7 1
6 1 1
6 7 1
6 1 1
37 38 1
33 63 1
25 11 1
27 90 1
27 50 1
41 40 1
41 40 1
7 21 1
7 22 1
39 29 1
83 54 1
41 8 1
8 41 1
96 15 1
96 12 1
96 61 1
12 96 1
80 42 1
80 64 1
61 96 1
11 25 1
42 80 1
25 11 1
56 70 1
50 9 1
63 45 1
94 9 1
94 65 1
94 14 1
65 94 1
25 31 1
56 15 1
31 25 1
14 94 1
14 94 1
76 40 1
83 63 1
83 30 1
9 50 1
21 70 1
38 37 1
65 94 1
9 50 1
9 94 1
84 4 1
86 50 1
50 9 1
76 70 1
94 14 1
73 72 1
73 15 1
73 5 1
9 50 1
94 65 1
84 86 1
84 86 1
84 86 1
70 68 1
70 48 1
48 70 1
84 86 1
84 86 1
84 86 1
84 86 1
84 86 1
84 86 1
84 86 1
84 86 1
2 13 1
2 72 1
2 40 1
2 74 1
13 2 1
84 86 1
84 86 1
33 42 1
84 86 1
42 33 1
30 83 1
84 101 1
74 2 1
29 63 1
73 72 1
76 50 1
50 76 1
76 50 1
27 63 1
27 50 1
27 50 1
27 50 1
27 50 1
27 50 1
27 54 1
115 67 1
27 84 1
33 34 1
75 50 1
12 15 1
84 27 1
84 86 1
84 76 1
6 106 1
6 106 1
94 14 1
94 65 1
94 9 1
65 94 1
76 27 1
76 70 1
50 53 1
5 73 1
65 94 1
53 50 1
80 38 1
80 26 1
80 25 1
80 66 1
26 80 1
101 84 1
84 101 1
29 7 1
50 53 1
84 53 1
101 84 1
84 101 1
94 65 1
43 42 1
43 42 1
43 45 1
43 79 1
43 79 1
34 33 1
43 63 1
53 50 1
45 43 1
53 70 1
53 84 1
84 53 1
7 29 1
7 29 1
74 9 1
74 14 1
74 65 1
74 17 1
74 72 1
14 74 1
42 43 1
42 43 1
17 1 1
21 88 1
65 74 1
1 17 1
14 56 1
14 54 1
14 15 1
88 21 1
104 30 1
40 53 1
30 104 1
56 14 1
29 7 1
20 63 1
53 40 1
74 2 1
20 63 1
76 19 1
76 57 1
76 19 1
76 57 1
15 88 1
79 43 1
63 83 1
30 104 1
63 20 1
2 13 1
2 72 1
2 40 1
2 74 1
2 74 1
13 2 1
54 14 1
27 76 1
76 40 1
76 27 1
104 30 1
9 94 1
9 74 1
40 76 1
76 40 1
90 72 1
38 37 1
47 48 1
50 70 1
19 86 1
42 64 1
70 50 1
27 90 1
53 4 1
53 70 1
53 86 1
74 104 1
86 53 1
47 48 1
9 67 1
9 66 1
4 106 1
4 53 1
81 43 1
25 80 1
81 43 1
13 7 1
7 13 1
19 67 1
19 7 1
19 38 1
19 1 1
19 66 1
19 9 1
19 17 1
19 18 1
19 91 1
19 90 1
53 70 1
53 4 1
1 19 1
7 19 1
70 53 1
4 53 1
70 53 1
32 11 1
32 66 1
32 9 1
32 15 1
4 65 1
4 17 1
4 13 1
4 9 1
4 3 1
56 55 1
9 19 1
64 80 1
64 90 1
55 56 1
74 2 1
76 50 1
15 56 1
90 43 1
90 27 1
90 64 1
90 19 1
84 53 1
86 19 1
86 40 1
1 3 1
1 9 1
1 16 1
1 5 1
1 6 1
1 7 1
1 2 1
1 8 1
1 10 1
1 11 1
1 12 1
1 65 1
1 13 1
1 14 1
1 15 1
1 4 1
1 17 1
1 38 1
38 1 1
25 14 1
79 43 1
79 43 1
112 44 1
59 80 1
59 74 1
63 20 1
1 6 1
1 7 1
7 1 1
13 38 1
38 13 1
17 19 1
65 44 1
75 50 1
59 65 1
44 112 1
44 65 1
11 5 1
83 33 1
66 19 1
66 80 1
32 83 1
32 26 1
66 9 1
83 32 1
66 9 1
66 9 1
66 45 1
96 15 1
96 12 1
96 61 1
43 90 1
12 96 1
63 29 1
45 66 1
13 66 1
13 3 1
13 8 1
47 48 1
48 47 1
70 53 1
13 3 1
67 19 1
67 9 1
72 90 1
67 9 1
67 66 1
67 115 1
67 66 1
67 115 1
14 56 1
14 15 1
14 54 1
5 11 1
13 3 1
68 70 1
33 83 1
63 27 1
68 47 1
68 48 1
88 15 1
88 15 1
4 13 1
4 3 1
4 35 1
59 80 1
6 1 1
33 1 1
33 7 1
33 15 1
31 14 1
86 40 1
86 70 1
86 93 1
86 101 1
86 27 1
86 50 1
86 93 1
86 101 1
86 27 1
56 14 1
40 121 1
38 24 1
38 68 1
50 27 1
50 93 1
50 101 1
101 50 1
2 40 1
2 72 1
2 74 1
2 13 1
21 47 1
21 76 1
21 85 1
21 56 1
21 69 1
21 84 1
21 88 1
21 89 1
21 48 1
21 68 1
21 86 1
21 90 1
86 21 1
20 7 1
20 22 1
20 3 1
56 21 1
93 50 1
7 20 1
89 21 1
76 21 1
88 21 1
14 31 1
14 31 1
47 21 1
27 50 1
47 48 1
54 14 1
31 14 1
26 32 1
38 45 1
68 21 1
75 50 1
84 21 1
73 72 1
73 15 1
73 5 1
75 50 1
66 13 1
66 3 1
66 3 1
66 27 1
66 115 1
66 115 1
13 2 1
5 73 1
74 2 1
74 4 1
56 61 1
56 96 1
56 15 1
4 106 1
49 50 1
24 83 1
50 49 1
62 66 1
96 56 1
49 50 1
8 13 1
83 24 1
43 81 1
21 88 1
13 50 1
13 3 1
13 53 1
13 4 1
13 40 1
32 30 1
80 67 1
11 74 1
43 81 1
45 63 1
63 45 1
50 48 1
50 76 1
76 50 1
32 104 1
32 7 1
67 80 1
67 66 1
84 27 1
88 21 1
100 7 1
1 83 1
100 7 1
74 11 1
4 74 1
90 21 1
32 30 1
89 10 1
89 75 1
89 88 1
89 21 1
89 70 1
89 95 1
83 1 1
70 89 1
21 89 1
66 62 1
70 31 1
94 65 1
94 14 1
94 9 1
31 70 1
6 106 1
32 27 1
83 23 1
75 50 1
65 94 1
88 89 1
88 89 1
88 89 1
88 89 1
13 3 1
13 35 1
13 4 1
72 38 1
9 94 1
65 94 1
94 65 1
95 89 1
10 89 1
77 66 1
44 59 1
12 15 1
72 38 1
84 70 1
12 15 1
90 14 1
84 70 1
14 90 1
14 90 1
48 50 1
48 70 1
48 47 1
48 47 1
48 47 1
48 47 1
56 48 1
48 18 1
48 50 1
48 21 1
88 15 1
15 12 1
15 12 1
88 54 1
88 15 1
74 4 1
5 88 1
5 56 1
48 56 1
77 66 1
85 21 1
4 74 1
56 5 1
43 42 1
70 50 1
88 54 1
88 15 1
94 65 1
94 14 1
94 9 1
65 94 1
69 86 1
48 85 1
85 48 1
88 5 1
12 31 1
12 25 1
70 50 1
70 53 1
31 12 1
9 67 1
9 66 1
9 94 1
25 12 1
54 10 1
54 15 1
50 84 1
50 69 1
50 8 1
50 40 1
50 3 1
84 50 1
53 70 1
53 70 1
67 66 1
69 50 1
14 65 1
65 14 1
66 9 1
67 9 1
10 54 1
70 53 1
67 9 1
67 66 1
2 74 1
2 72 1
2 40 1
2 13 1
49 53 1
74 2 1
8 50 1
54 15 1
23 83 1
67 80 1
67 66 1
7 1 1
50 75 1
80 31 1
80 67 1
80 66 1
80 18 1
66 80 1
67 80 1
74 59 1
31 80 1
94 9 1
94 65 1
94 14 1
65 94 1
59 74 1
118 33 1
50 75 1
50 75 1
50 75 1
1 7 1
7 1 1
75 50 1
75 50 1
75 50 1
75 50 1
42 43 1
9 94 1
76 53 1
50 48 1
50 8 1
50 75 1
15 54 1
59 67 1
90 14 1
90 14 1
76 50 1
84 50 1
84 101 1
84 40 1
86 4 1
86 40 1
86 19 1
86 53 1
84 50 1
90 86 1
86 90 1
84 50 1
1 37 1
1 38 1
140 122 1
1 5 1
1 6 1
1 7 1
1 2 1
1 3 1
1 8 1
1 9 1
1 10 1
1 11 1
1 12 1
1 65 1
1 13 1
1 14 1
1 15 1
1 4 1
1 16 1
1 17 1
1 6 1
1 7 1
1 2 1
1 10 1
1 11 1
1 12 1
1 13 1
1 4 1
1 16 1
1 38 1
15 32 1
134 1 1
129 129 1
148 84 1
13 2 1
6 7 1
6 1 1
13 7 1
13 40 1
8 50 1
61 56 1
61 96 1
31 14 1
3 50 1
3 20 1
14 31 1
3 13 1
94 65 1
94 14 1
94 9 1
31 14 1
3 13 1
3 13 1
75 89 1
75 50 1
75 50 1
72 68 1
50 40 1
39 50 1
7 1 1
65 94 1
1 7 1
65 94 1
83 24 1
1 6 1
24 83 1
94 65 1
50 84 1
9 94 1
13 3 1
13 17 1
13 4 1
3 66 1
3 67 1
3 4 1
3 8 1
3 13 1
3 40 1
3 68 1
3 69 1
3 85 1
3 17 1
65 94 1
50 39 1
8 3 1
67 3 1
13 3 1
39 50 1
40 69 1
40 84 1
3 9 1
3 17 1
3 66 1
3 67 1
50 86 1
50 41 1
66 3 1
14 56 1
14 15 1
14 54 1
96 15 1
96 12 1
96 61 1
12 96 1
56 14 1
32 7 1
86 50 1
86 50 1
86 40 1
86 41 1
65 59 1
65 9 1
61 96 1
54 14 1
68 47 1
68 3 1
72 74 1
94 65 1
59 67 1
59 9 1
59 14 1
8 32 1
32 8 1
15 9 1
31 42 1
4 3 1
56 88 1
84 50 1
80 66 1
66 80 1
67 66 1
67 3 1
72 9 1
72 14 1
72 65 1
54 96 1
54 88 1
54 15 1
54 61 1
73 72 1
73 15 1
73 5 1
75 21 1
65 94 1
84 40 1
93 86 1
21 75 1
77 66 1
86 93 1
61 54 1
86 93 1
32 30 1
2 74 1
2 72 1
2 40 1
2 13 1
77 90 1
83 60 1
76 53 1
6 1 1
9 65 1
121 40 1
66 3 1
50 75 1
75 50 1
53 76 1
53 70 1
53 49 1
53 86 1
13 2 1
96 54 1
13 14 1
74 2 1
14 13 1
76 53 1
76 53 1
14 13 1
13 14 1
84 19 1
13 14 1
88 105 1
14 13 1
86 53 1
39 50 1
14 13 1
53 76 1
13 14 1
13 14 1
14 13 1
76 53 1
13 14 1
14 13 1
94 65 1
115 67 1
50 86 1
50 69 1
50 66 1
50 3 1
50 8 1
86 50 1
23 26 1
23 24 1
24 23 1
23 26 1
23 24 1
84 19 1
69 86 1
84 19 1
75 50 1
3 50 1
26 23 1
26 23 1
8 50 1
74 4 1
59 86 1
59 84 1
59 94 1
59 68 1
59 69 1
59 56 1
59 85 1
59 89 1
59 48 1
59 76 1
59 88 1
59 47 1
59 2 1
4 53 1
4 74 1
53 4 1
41 50 1
88 56 1
88 54 1
47 40 1
47 27 1
47 93 1
47 101 1
93 47 1
59 67 1
88 61 1
88 96 1
94 14 1
94 65 1
65 94 1
65 94 1
94 65 1
40 93 1
40 101 1
40 27 1
101 47 1
101 40 1
93 40 1
40 41 1
40 6 1
84 4 1
84 86 1
84 40 1
84 76 1
84 48 1
66 50 1
6 40 1
42 66 1
42 64 1
42 72 1
42 26 1
42 44 1
42 67 1
15 88 1
68 38 1
68 9 1
68 85 1
68 47 1
68 48 1
86 19 1
4 106 1
42 61 1
42 3 1
42 15 1
42 117 1
42 52 1
42 40 1
42 41 1
42 55 1
42 120 1
42 20 1
42 29 1
42 33 1
42 39 1
27 40 1
27 47 1
56 48 1
42 63 1
63 42 1
54 15 1
54 61 1
54 96 1
44 42 1
39 42 1
33 42 1
40 15 1
40 61 1
40 121 1
61 40 1
61 42 1
96 54 1
76 69 1
83 63 1
55 42 1
74 59 1
6 106 1
6 106 1
59 74 1
3 42 1
61 54 1
20 42 1
26 42 1
20 8 1
20 13 1
12 1 1
1 12 1
83 32 1
32 83 1
88 61 1
88 96 1
88 12 1
88 15 1
67 115 1
67 42 1
50 18 1
50 41 1
50 18 1
50 41 1
21 84 1
14 13 1
50 18 1
50 41 1
50 84 1
84 50 1
24 23 1
84 21 1
48 56 1
63 83 1
48 50 1
38 37 1
85 3 1
84 50 1
83 63 1
99 69 1
99 84 1
84 99 1
99 84 1
99 69 1
99 69 1
99 84 1
99 69 1
99 84 1
94 14 1
94 65 1
84 99 1
65 94 1
9 67 1
9 66 1
75 50 1
50 15 1
50 54 1
65 9 1
65 94 1
121 40 1
68 69 1
68 56 1
9 65 1
13 14 1
59 80 1
75 50 1
63 83 1
13 14 1
13 20 1
8 20 1
14 13 1
56 69 1
66 9 1
54 50 1
70 53 1
66 42 1
84 99 1
50 75 1
75 47 1
75 50 1
53 70 1
70 53 1
53 70 1
47 75 1
74 4 1
94 65 1
50 75 1
75 50 1
42 43 1
72 50 1
72 68 1
72 3 1
45 60 1
3 66 1
67 9 1
66 3 1
72 74 1
84 101 1
50 75 1
140 122 1
141 104 1
37 38 1
1 12 1
12 1 1
75 50 1
69 68 1
74 72 1
47 68 1
68 85 1
86 75 1
86 40 1
9 67 1
9 66 1
50 75 1
68 47 1
50 75 1
68 67 1
68 66 1
68 9 1
68 3 1
68 72 1
68 15 1
68 65 1
68 69 1
68 56 1
50 75 1
50 75 1
90 77 1
50 76 1
129 129 1
139 57 1
144 38 1
15 50 1
15 61 1
134 1 1
145 68 1
145 68 1
150 36 1
143 80 1
145 68 1
139 57 1
40 86 1
96 15 1
96 61 1
96 12 1
4 74 1
40 65 1
40 17 1
101 84 1
11 5 1
13 3 1
79 43 1
13 81 1
13 30 1
60 45 1
61 96 1
12 96 1
3 13 1
3 27 1
3 42 1
74 59 1
3 40 1
3 13 1
3 8 1
3 35 1
12 72 1
12 73 1
12 71 1
12 15 1
81 27 1
52 42 1
81 43 1
42 112 1
8 3 1
112 44 1
4 84 1
75 50 1
75 50 1
112 42 1
42 112 1
115 67 1
115 66 1
3 66 1
3 67 1
3 17 1
3 8 1
3 13 1
3 40 1
3 4 1
3 68 1
3 85 1
3 69 1
3 35 1
59 74 1
13 3 1
42 3 1
5 11 1
13 3 1
13 35 1
5 73 1
5 72 1
5 71 1
5 73 1
5 74 1
5 11 1
27 3 1
27 3 1
27 81 1
3 27 1
50 86 1
50 40 1
67 3 1
50 40 1
50 86 1
8 3 1
50 86 1
50 40 1
66 9 1
43 42 1
66 3 1
43 81 1
27 3 1
74 5 1
66 115 1
40 50 1
72 71 1
72 73 1
72 12 1
72 15 1
72 5 1
72 117 1
72 74 1
65 4 1
65 40 1
30 13 1
60 83 1
68 3 1
35 3 1
35 13 1
35 3 1
4 3 1
4 65 1
75 50 1
4 65 1
9 14 1
9 65 1
9 3 1
86 50 1
86 50 1
86 50 1
60 83 1
69 86 1
69 84 1
69 89 1
69 68 1
69 76 1
2 72 1
2 74 1
2 13 1
2 40 1
13 2 1
86 117 1
59 68 1
59 69 1
59 56 1
59 86 1
59 89 1
59 88 1
59 47 1
59 2 1
59 85 1
59 84 1
59 48 1
59 76 1
59 94 1
59 123 1
59 44 1
59 95 1
59 7 1
59 79 1
93 86 1
89 69 1
86 40 1
67 9 1
86 93 1
30 15 1
30 54 1
30 33 1
30 3 1
30 8 1
30 17 1
86 93 1
30 3 1
30 17 1
30 20 1
30 13 1
30 33 1
30 15 1
30 5 1
30 54 1
30 39 1
44 112 1
30 13 1
30 7 1
30 32 1
65 14 1
65 17 1
13 30 1
13 30 1
70 48 1
70 68 1
75 50 1
48 70 1
84 4 1
54 30 1
54 30 1
84 101 1
38 68 1
38 69 1
38 56 1
38 1 1
73 5 1
76 40 1
76 75 1
73 12 1
50 86 1
74 2 1
20 30 1
86 50 1
65 9 1
8 30 1
14 65 1
14 15 1
14 56 1
14 54 1
37 38 1
54 14 1
59 56 1
59 86 1
59 48 1
59 76 1
59 88 1
59 47 1
59 2 1
59 68 1
59 69 1
59 85 1
59 84 1
59 89 1
59 94 1
39 30 1
39 29 1
14 9 1
73 72 1
73 15 1
73 5 1
115 72 1
115 67 1
56 14 1
67 115 1
56 88 1
11 5 1
40 121 1
40 124 1
121 40 1
32 30 1
86 50 1
86 40 1
86 93 1
86 101 1
86 27 1
67 115 1
84 13 1
84 4 1
14 7 1
21 88 1
50 3 1
50 17 1
50 66 1
15 72 1
88 21 1
68 70 1
86 50 1
47 68 1
47 59 1
59 47 1
68 47 1
3 50 1
77 66 1
3 30 1
3 30 1
3 27 1
76 69 1
65 9 1
3 42 1
3 8 1
50 9 1
9 65 1
42 3 1
30 32 1
30 7 1
4 18 1
4 19 1
4 55 1
19 4 1
35 13 1
19 57 1
35 13 1
13 35 1
4 84 1
4 35 1
4 13 1
4 40 1
4 70 1
84 4 1
70 4 1
30 54 1
30 15 1
30 33 1
30 3 1
30 8 1
30 17 1
55 4 1
8 3 1
30 3 1
30 17 1
30 13 1
30 20 1
30 13 1
8 30 1
32 30 1
68 48 1
124 40 1
3 30 1
3 30 1
38 9 1
9 67 1
4 70 1
4 84 1
4 53 1
4 35 1
4 13 1
4 40 1
75 50 1
66 67 1
54 30 1
9 50 1
70 4 1
8 1 1
8 7 1
84 4 1
1 8 1
88 56 1
94 65 1
94 14 1
1 8 1
8 1 1
2 72 1
2 40 1
2 74 1
2 13 1
8 1 1
8 7 1
1 8 1
65 94 1
65 94 1
5 30 1
76 50 1
5 73 1
13 30 1
86 53 1
13 30 1
94 65 1
1 69 1
70 53 1
53 4 1
50 76 1
76 50 1
69 1 1
69 86 1
50 86 1
86 50 1
45 63 1
70 4 1
84 19 1
74 2 1
53 86 1
53 70 1
86 53 1
38 36 1
31 14 1
112 32 1
86 50 1
76 19 1
19 18 1
53 70 1
70 53 1
50 84 1
84 50 1
53 70 1
68 1 1
68 85 1
42 3 1
70 53 1
13 4 1
13 4 1
13 2 1
4 70 1
4 106 1
40 72 1
40 69 1
40 68 1
40 3 1
40 8 1
68 40 1
7 30 1
7 14 1
7 30 1
7 8 1
7 8 1
53 70 1
53 4 1
67 9 1
66 77 1
67 66 1
59 80 1
2 72 1
2 40 1
2 74 1
2 13 1
13 2 1
20 30 1
38 44 1
53 70 1
53 4 1
32 23 1
23 32 1
40 6 1
40 124 1
40 16 1
40 121 1
40 41 1
40 8 1
40 68 1
3 42 1
68 40 1
86 69 1
9 67 1
9 66 1
14 65 1
70 53 1
3 53 1
3 42 1
70 53 1
3 40 1
86 40 1
86 4 1
53 3 1
62 3 1
62 20 1
74 2 1
53 70 1
38 9 1
38 68 1
70 53 1
3 62 1
3 13 1
3 35 1
3 20 1
47 68 1
9 14 1
115 67 1
115 66 1
106 73 1
106 117 1
68 69 1
8 40 1
76 69 1
8 40 1
86 50 1
50 86 1
65 14 1
86 50 1
68 47 1
50 86 1
9 67 1
9 66 1
47 68 1
76 50 1
86 50 1
86 50 1
68 47 1
68 85 1
4 86 1
4 40 1
86 4 1
69 86 1
134 1 1
4 53 1
4 53 1
6 40 1
16 40 1
16 106 1
13 17 1
13 3 1
20 62 1
20 13 1
20 3 1
13 20 1
107 18 1
96 15 1
96 61 1
96 12 1
57 19 1
121 40 1
57 18 1
29 42 1
94 84 1
94 88 1
94 56 1
94 69 1
29 39 1
31 25 1
49 6 1
14 9 1
18 19 1
31 25 1
18 4 1
61 96 1
94 48 1
18 107 1
18 108 1
18 109 1
18 99 1
18 110 1
18 50 1
18 107 1
18 108 1
18 57 1
18 110 1
18 99 1
18 109 1
18 19 1
11 5 1
18 50 1
19 18 1
24 5 1
24 66 1
24 26 1
24 83 1
18 80 1
57 18 1
18 19 1
13 20 1
42 3 1
42 3 1
71 12 1
71 12 1
71 12 1
71 5 1
71 5 1
71 5 1
42 53 1
73 71 1
49 53 1
3 42 1
53 42 1
33 30 1
33 30 1
33 30 1
53 49 1
3 52 1
5 24 1
5 15 1
52 3 1
12 96 1
71 73 1
14 32 1
59 123 1
59 79 1
59 95 1
59 44 1
59 2 1
59 94 1
63 45 1
20 13 1
26 24 1
15 96 1
15 96 1
15 73 1
15 73 1
15 73 1
15 73 1
20 3 1
3 20 1
15 5 1
3 42 1
5 11 1
17 50 1
67 9 1
67 115 1
67 9 1
3 66 1
3 67 1
3 8 1
3 13 1
3 17 1
3 35 1
3 40 1
3 4 1
3 68 1
3 85 1
3 69 1
67 9 1
67 66 1
67 3 1
20 62 1
70 75 1
71 12 1
13 3 1
44 112 1
12 15 1
15 12 1
69 94 1
17 14 1
14 15 1
14 56 1
14 54 1
56 14 1
14 17 1
56 88 1
15 30 1
15 30 1
15 30 1
15 14 1
56 94 1
15 62 1
50 84 1
70 53 1
62 15 1
66 115 1
66 27 1
54 14 1
66 9 1
8 3 1
66 9 1
66 24 1
81 43 1
66 3 1
59 112 1
51 13 1
51 8 1
51 3 1
68 3 1
8 51 1
65 94 1
13 51 1
3 51 1
4 3 1
13 3 1
13 7 1
13 1 1
8 1 1
8 7 1
35 3 1
7 8 1
35 13 1
13 35 1
88 56 1
42 3 1
88 94 1
14 65 1
75 70 1
30 45 1
40 68 1
40 3 1
40 69 1
40 8 1
1 8 1
45 30 1
68 40 1
68 47 1
38 56 1
38 9 1
38 68 1
38 69 1
24 45 1
45 24 1
24 45 1
7 15 1
24 45 1
45 24 1
75 88 1
75 70 1
75 89 1
89 75 1
2 72 1
2 40 1
2 74 1
2 13 1
86 117 1
88 75 1
59 67 1
70 75 1
3 40 1
68 85 1
13 2 1
8 40 1
74 2 1
84 94 1
84 50 1
33 83 1
7 42 1
37 1 1
1 37 1
1 37 1
29 42 1
71 5 1
71 72 1
71 15 1
71 73 1
84 57 1
84 19 1
50 75 1
66 77 1
69 84 1
69 86 1
69 76 1
15 7 1
77 66 1
27 47 1
100 45 1
6 106 1
47 27 1
94 65 1
38 47 1
77 66 1
75 50 1
77 66 1
77 66 1
42 29 1
35 3 1
4 18 1
35 4 1
35 4 1
47 27 1
76 40 1
66 77 1
65 14 1
38 37 1
38 1 1
66 27 1
45 24 1
84 50 1
105 103 1
103 105 1
50 93 1
50 101 1
50 27 1
101 50 1
50 18 1
77 66 1
40 76 1
76 40 1
40 124 1
40 121 1
40 16 1
15 1 1
15 7 1
1 15 1
7 15 1
36 38 1
93 50 1
84 40 1
53 70 1
86 19 1
50 86 1
50 40 1
124 40 1
3 51 1
85 3 1
86 50 1
85 47 1
53 70 1
85 3 1
47 85 1
77 45 1
16 40 1
59 123 1
59 95 1
59 79 1
43 79 1
43 42 1
43 45 1
43 81 1
59 94 1
59 2 1
45 43 1
42 43 1
18 76 1
18 19 1
18 3 1
70 53 1
19 18 1
27 66 1
27 66 1
27 50 1
27 47 1
68 48 1
18 4 1
5 15 1
3 18 1
15 5 1
47 50 1
69 84 1
69 86 1
69 76 1
45 32 1
45 86 1
86 45 1
45 69 1
45 5 1
45 64 1
18 80 1
45 20 1
2 74 1
2 13 1
2 72 1
2 40 1
45 27 1
20 45 1
45 68 1
74 2 1
45 53 1
53 45 1
64 45 1
70 86 1
70 69 1
86 70 1
68 47 1
45 68 1
69 70 1
40 3 1
3 40 1
51 3 1
99 18 1
53 45 1
94 14 1
94 65 1
75 50 1
94 56 1
53 70 1
45 53 1
21 84 1
13 2 1
84 21 1
99 18 1
38 65 1
76 53 1
76 53 1
86 50 1
76 40 1
76 70 1
76 18 1
70 53 1
86 50 1
76 69 1
99 18 1
99 18 1
68 45 1
99 18 1
99 18 1
68 45 1
84 53 1
53 76 1
53 76 1
86 94 1
86 59 1
86 123 1
76 53 1
76 53 1
65 94 1
86 50 1
86 93 1
86 101 1
86 27 1
86 40 1
59 123 1
59 79 1
59 95 1
59 2 1
59 94 1
50 93 1
50 101 1
50 27 1
54 5 1
5 54 1
93 50 1
5 45 1
53 70 1
53 4 1
76 53 1
54 15 1
53 49 1
53 49 1
53 76 1
76 53 1
38 56 1
38 1 1
38 68 1
38 69 1
69 76 1
69 86 1
69 84 1
15 54 1
47 68 1
47 85 1
85 47 1
68 47 1
27 45 1
27 50 1
66 27 1
84 19 1
84 57 1
84 40 1
84 50 1
84 57 1
85 13 1
1 3 1
1 4 1
1 17 1
1 5 1
1 6 1
1 7 1
1 2 1
1 8 1
1 9 1
1 10 1
1 11 1
1 12 1
1 65 1
1 13 1
1 14 1
1 15 1
1 16 1
99 18 1
99 18 1
40 76 1
13 85 1
25 31 1
101 50 1
18 50 1
18 19 1
18 107 1
18 108 1
18 110 1
18 57 1
18 109 1
18 99 1
18 50 1
57 18 1
96 15 1
96 61 1
96 12 1
18 99 1
94 65 1
94 14 1
94 9 1
18 99 1
18 99 1
94 84 1
94 88 1
94 76 1
94 56 1
94 69 1
94 86 1
18 99 1
18 99 1
18 99 1
121 40 1
18 107 1
18 55 1
105 103 1
55 18 1
4 53 1
70 53 1
19 18 1
12 96 1
73 71 1
73 71 1
61 96 1
71 73 1
3 67 1
3 8 1
3 13 1
3 40 1
3 68 1
3 66 1
3 4 1
3 69 1
3 85 1
3 17 1
3 35 1
71 73 1
35 3 1
13 3 1
13 35 1
15 96 1
56 88 1
107 18 1
8 3 1
32 14 1
32 45 1
56 2 1
56 50 1
83 60 1
107 18 1
107 18 1
56 15 1
56 94 1
15 56 1
56 94 1
66 3 1
59 2 1
83 24 1
4 3 1
83 63 1
80 68 1
80 90 1
80 90 1
49 53 1
49 53 1
80 69 1
80 84 1
88 56 1
88 94 1
42 31 1
93 76 1
65 94 1
109 82 1
109 82 1
109 82 1
109 101 1
109 82 1
109 18 1
109 93 1
109 82 1
109 18 1
109 18 1
109 18 1
109 101 1
109 18 1
109 18 1
109 18 1
109 37 1
109 45 1
109 70 1
109 46 1
109 98 1
109 57 1
109 18 1
76 81 1
109 18 1
109 18 1
53 6 1
53 41 1
45 77 1
65 94 1
2 94 1
2 56 1
2 33 1
2 22 1
2 95 1
2 29 1
2 58 1
2 106 1
2 98 1
2 83 1
53 8 1
53 94 1
53 59 1
56 2 1
59 53 1
75 50 1
69 84 1
69 86 1
69 68 1
69 76 1
33 2 1
69 72 1
76 94 1
76 93 1
47 48 1
48 47 1
81 76 1
6 53 1
8 53 1
76 81 1
76 81 1
18 4 1
58 2 1
53 6 1
29 2 1
63 83 1
95 2 1
4 18 1
53 50 1
106 2 1
76 40 1
27 66 1
27 62 1
27 39 1
27 5 1
27 3 1
27 15 1
27 26 1
27 13 1
27 40 1
27 8 1
76 40 1
76 75 1
106 124 1
106 130 1
106 6 1
106 4 1
80 18 1
62 27 1
94 65 1
11 5 1
2 72 1
2 40 1
2 74 1
2 13 1
5 11 1
86 94 1
57 84 1
94 53 1
84 57 1
5 27 1
98 2 1
6 106 1
63 27 1
59 56 1
59 86 1
59 84 1
59 48 1
59 76 1
59 47 1
59 68 1
59 69 1
59 85 1
59 89 1
59 88 1
59 94 1
59 2 1
74 2 1
26 24 1
6 53 1
4 69 1
4 68 1
4 86 1
4 3 1
4 13 1
4 53 1
4 84 1
4 76 1
4 48 1
4 18 1
4 35 1
4 106 1
86 4 1
25 9 1
53 4 1
71 72 1
71 15 1
71 73 1
71 5 1
74 59 1
3 27 1
72 73 1
72 71 1
59 74 1
3 51 1
3 52 1
3 50 1
3 53 1
3 18 1
3 4 1
3 4 1
52 3 1
53 3 1
15 27 1
8 27 1
50 86 1
86 50 1
13 27 1
13 4 1
13 2 1
124 106 1
50 86 1
5 71 1
76 4 1
84 94 1
4 3 1
84 90 1
71 5 1
86 50 1
84 80 1
84 4 1
38 72 1
69 76 1
18 4 1
77 45 1
18 3 1
94 65 1
94 14 1
14 94 1
77 45 1
37 1 1
1 37 1
94 2 1
13 3 1
39 27 1
26 66 1
35 13 1
35 4 1
14 94 1
4 70 1
26 66 1
26 24 1
26 27 1
88 15 1
13 3 1
2 6 1
39 77 1
3 66 1
3 68 1
3 69 1
3 50 1
70 4 1
12 71 1
12 72 1
4 106 1
69 3 1
71 12 1
94 14 1
70 53 1
105 103 1
104 7 1
57 84 1
84 57 1
69 90 1
103 105 1
103 105 1
18 27 1
6 2 1
80 18 1
27 18 1
27 63 1
66 3 1
77 39 1
77 39 1
57 84 1
77 15 1
83 2 1
61 15 1
15 61 1
41 42 1
6 106 1
84 57 1
6 106 1
84 75 1
84 40 1
41 50 1
41 50 1
85 3 1
84 57 1
15 61 1
61 15 1
18 80 1
61 40 1
61 121 1
61 15 1
86 53 1
15 61 1
80 64 1
74 4 1
69 76 1
43 113 1
66 77 1
84 53 1
65 94 1
53 86 1
70 112 1
70 95 1
70 104 1
86 53 1
33 42 1
112 70 1
53 84 1
65 94 1
65 123 1
53 70 1
70 75 1
70 56 1
70 89 1
70 21 1
84 53 1
89 70 1
21 70 1
64 80 1
88 89 1
42 33 1
79 59 1
59 79 1
113 43 1
80 14 1
48 4 1
14 80 1
48 94 1
75 70 1
77 66 1
77 66 1
95 70 1
95 22 1
95 98 1
95 93 1
56 70 1
12 15 1
4 74 1
72 15 1
72 5 1
72 71 1
72 73 1
98 95 1
2 40 1
2 13 1
2 72 1
2 74 1
5 72 1
50 93 1
50 101 1
50 27 1
101 50 1
93 50 1
93 95 1
86 69 1
76 81 1
22 6 1
84 53 1
13 2 1
84 76 1
48 85 1
51 3 1
85 48 1
27 50 1
74 2 1
70 56 1
70 75 1
70 31 1
70 42 1
70 93 1
70 95 1
70 104 1
70 112 1
70 63 1
31 70 1
93 70 1
2 9 1
2 65 1
56 70 1
59 2 1
45 77 1
104 70 1
50 75 1
15 88 1
76 50 1
112 70 1
28 20 1
28 83 1
28 54 1
65 2 1
50 76 1
76 50 1
80 26 1
54 28 1
95 70 1
1 38 1
1 37 1
7 1 1
69 90 1
50 70 1
69 84 1
69 76 1
84 76 1
84 69 1
1 7 1
90 80 1
90 80 1
6 22 1
94 65 1
94 65 1
94 14 1
94 9 1
96 15 1
96 61 1
96 12 1
124 40 1
94 86 1
94 84 1
94 88 1
94 56 1
94 69 1
94 76 1
42 70 1
1 37 1
1 38 1
37 1 1
61 96 1
4 74 1
14 94 1
12 96 1
15 96 1
63 70 1
121 61 1
70 50 1
121 124 1
74 4 1
75 70 1
75 50 1
75 50 1
100 80 1
104 70 1
1 38 1
14 80 1
104 74 1
104 73 1
26 80 1
26 45 1
3 67 1
3 17 1
3 66 1
3 8 1
3 13 1
3 40 1
3 4 1
3 68 1
3 69 1
3 85 1
3 35 1
38 1 1
65 94 1
65 94 1
56 94 1
75 47 1
83 63 1
83 28 1
20 28 1
7 18 1
20 52 1
20 8 1
20 13 1
83 61 1
63 83 1
50 51 1
13 20 1
13 3 1
115 67 1
115 72 1
47 75 1
35 3 1
88 15 1
35 13 1
61 83 1
13 35 1
88 94 1
52 20 1
29 23 1
29 120 1
23 29 1
29 42 1
15 56 1
94 65 1
4 3 1
29 43 1
29 81 1
35 13 1
13 35 1
56 15 1
9 94 1
9 2 1
9 94 1
67 115 1
73 104 1
15 12 1
67 72 1
67 3 1
74 104 1
8 20 1
8 3 1
66 3 1
18 67 1
18 80 1
18 43 1
76 94 1
43 18 1
67 18 1
21 72 1
86 4 1
86 94 1
42 29 1
94 14 1
94 65 1
94 9 1
65 94 1
50 47 1
69 86 1
69 84 1
69 76 1
69 68 1
27 43 1
9 94 1
14 50 1
47 50 1
15 54 1
14 94 1
21 84 1
84 21 1
12 15 1
84 94 1
64 67 1
64 66 1
59 67 1
59 66 1
67 64 1
84 53 1
66 64 1
75 50 1
75 50 1
50 75 1
50 75 1
75 50 1
50 75 1
15 12 1
32 8 1
67 9 1
128 1 1
43 27 1
33 54 1
54 33 1
54 15 1
4 86 1
86 4 1
86 4 1
4 86 1
52 23 1
23 52 1
86 4 1
54 29 1
54 15 1
54 61 1
54 96 1
54 119 1
54 120 1
54 88 1
54 39 1
54 93 1
54 101 1
54 27 1
59 69 1
59 86 1
59 48 1
59 76 1
59 88 1
59 2 1
59 68 1
59 56 1
59 85 1
59 84 1
59 89 1
59 47 1
59 94 1
93 54 1
62 27 1
61 54 1
69 50 1
69 3 1
69 86 1
69 86 1
80 14 1
38 9 1
38 65 1
38 1 1
88 54 1
3 8 1
3 40 1
3 52 1
3 50 1
101 54 1
11 5 1
27 54 1
27 62 1
52 3 1
29 54 1
71 15 1
71 72 1
71 73 1
71 5 1
18 43 1
43 18 1
18 43 1
74 59 1
68 80 1
68 4 1
52 103 1
68 3 1
68 3 1
43 18 1
68 3 1
40 16 1
59 74 1
13 43 1
43 13 1
18 43 1
43 18 1
96 54 1
66 77 1
83 66 1
83 77 1
39 54 1
84 18 1
84 57 1
84 40 1
84 4 1
50 75 1
103 52 1
77 66 1
40 41 1
32 77 1
32 66 1
115 67 1
115 66 1
57 107 1
57 108 1
74 4 1
77 32 1
15 54 1
77 83 1
77 45 1
77 45 1
8 3 1
39 77 1
75 50 1
59 80 1
18 80 1
18 67 1
18 66 1
18 3 1
3 18 1
66 18 1
66 115 1
3 18 1
3 26 1
50 52 1
50 3 1
3 50 1
52 50 1
69 86 1
69 68 1
69 84 1
16 40 1
120 29 1
77 39 1
66 83 1
4 84 1
4 40 1
4 13 1
4 18 1
4 57 1
4 70 1
57 4 1
9 77 1
9 66 1
66 32 1
66 9 1
86 117 1
50 3 1
10 43 1
59 90 1
3 50 1
4 74 1
59 9 1
59 14 1
77 9 1
77 9 1
2 74 1
2 72 1
2 40 1
2 13 1
59 80 1
67 18 1
77 83 1
13 2 1
13 4 1
76 69 1
52 50 1
52 3 1
74 2 1
68 48 1
77 32 1
6 106 1
6 106 1
45 112 1
112 45 1
84 4 1
26 3 1
3 52 1
80 67 1
80 66 1
23 113 1
26 45 1
86 50 1
14 59 1
113 23 1
70 4 1
18 3 1
66 67 1
75 50 1
69 94 1
69 59 1
69 86 1
84 57 1
84 4 1
84 13 1
84 18 1
84 40 1
84 70 1
75 70 1
75 89 1
75 88 1
57 107 1
57 108 1
88 75 1
18 4 1
50 68 1
50 47 1
18 107 1
18 108 1
18 57 1
18 109 1
18 110 1
18 99 1
18 19 1
70 75 1
75 70 1
43 10 1
75 89 1
75 88 1
88 75 1
14 59 1
85 3 1
47 50 1
17 14 1
14 47 1
89 75 1
89 75 1
47 14 1
70 75 1
6 106 1
77 66 1
77 66 1
50 52 1
52 50 1
94 65 1
94 14 1
65 94 1
48 47 1
48 68 1
47 48 1
75 50 1
53 84 1
69 86 1
18 3 1
4 106 1
3 18 1
80 18 1
50 75 1
50 86 1
77 66 1
53 84 1
86 50 1
69 86 1
69 84 1
69 76 1
69 68 1
37 38 1
76 69 1
75 50 1
40 121 1
67 66 1
66 9 1
53 84 1
67 80 1
67 115 1
66 67 1
84 53 1
9 66 1
47 68 1
29 39 1
67 66 1
69 44 1
68 48 1
29 28 1
29 4 1
29 30 1
29 58 1
29 83 1
53 70 1
70 53 1
58 29 1
1 6 1
75 50 1
76 75 1
76 40 1
76 50 1
76 53 1
76 50 1
76 53 1
68 50 1
68 47 1
75 70 1
19 18 1
70 75 1
30 29 1
94 59 1
94 2 1
66 80 1
5 11 1
66 50 1
59 94 1
39 29 1
84 94 1
84 26 1
84 53 1
84 53 1
86 84 1
47 40 1
50 75 1
84 69 1
50 76 1
76 50 1
86 83 1
69 84 1
69 89 1
69 86 1
69 76 1
84 40 1
90 59 1
90 68 1
57 18 1
6 1 1
107 18 1
107 18 1
107 18 1
6 1 1
107 18 1
40 76 1
40 6 1
40 41 1
40 8 1
4 74 1
96 15 1
96 61 1
96 12 1
121 40 1
33 54 1
40 121 1
8 40 1
6 40 1
1 6 1
2 94 1
2 40 1
2 72 1
2 74 1
2 13 1
75 50 1
21 57 1
21 18 1
57 21 1
18 21 1
4 29 1
74 2 1
15 96 1
14 63 1
14 22 1
26 45 1
13 2 1
40 70 1
72 71 1
72 73 1
54 33 1
63 14 1
72 15 1
72 5 1
72 71 1
72 73 1
112 45 1
45 112 1
83 29 1
3 13 1
3 66 1
3 67 1
3 8 1
3 40 1
3 4 1
3 68 1
3 69 1
3 85 1
3 17 1
3 35 1
8 3 1
28 29 1
66 3 1
11 5 1
74 4 1
70 40 1
13 3 1
6 106 1
4 3 1
45 63 1
59 90 1
51 50 1
76 40 1
74 59 1
76 40 1
76 75 1
59 74 1
2 29 1
2 59 1
2 33 1
2 22 1
2 95 1
2 42 1
2 94 1
2 83 1
29 2 1
59 2 1
75 70 1
42 2 1
95 2 1
70 75 1
33 2 1
63 45 1
68 3 1
68 90 1
35 3 1
83 2 1
88 15 1
94 2 1
67 3 1
95 30 1
14 56 1
14 15 1
14 54 1
15 14 1
56 14 1
65 95 1
30 95 1
71 5 1
5 11 1
54 14 1
95 65 1
13 8 1
71 5 1
80 67 1
80 66 1
76 53 1
40 53 1
40 70 1
15 88 1
86 117 1
53 40 1
59 67 1
59 72 1
4 53 1
53 4 1
70 40 1
86 84 1
86 69 1
86 76 1
86 75 1
86 117 1
63 43 1
6 3 1
6 8 1
6 40 1
66 80 1
11 5 1
94 65 1
94 14 1
75 50 1
6 106 1
53 40 1
53 76 1
84 53 1
40 70 1
76 53 1
68 48 1
71 72 1
71 5 1
53 84 1
84 53 1
74 4 1
84 53 1
71 72 1
71 73 1
71 15 1
71 5 1
70 40 1
42 3 1
42 3 1
69 86 1
21 88 1
77 66 1
88 15 1
65 59 1
65 9 1
65 94 1
88 21 1
88 15 1
43 42 1
43 63 1
8 13 1
3 42 1
3 42 1
9 65 1
3 42 1
3 52 1
52 3 1
67 80 1
2 40 1
2 72 1
2 74 1
2 13 1
5 11 1
121 40 1
13 8 1
13 2 1
9 67 1
9 66 1
21 34 1
50 1 1
1 50 1
75 50 1
56 69 1
84 4 1
53 70 1
47 27 1
16 40 1
70 53 1
21 34 1
83 26 1
83 66 1
14 50 1
74 2 1
45 14 1
69 76 1
85 3 1
72 104 1
16 8 1
6 1 1
54 15 1
1 6 1
50 70 1
69 40 1
69 41 1
69 18 1
15 88 1
15 54 1
59 69 1
59 56 1
59 86 1
59 84 1
59 88 1
59 47 1
59 2 1
59 68 1
59 85 1
59 89 1
59 48 1
59 76 1
59 94 1
75 50 1
59 69 1
59 56 1
59 86 1
59 84 1
59 88 1
88 15 1
52 103 1
40 8 1
40 41 1
70 50 1
59 65 1
27 47 1
59 95 1
59 2 1
59 123 1
59 79 1
59 94 1
15 88 1
88 15 1
4 84 1
68 66 1
68 67 1
68 47 1
77 9 1
4 74 1
84 4 1
69 86 1
69 19 1
69 57 1
34 21 1
34 21 1
84 4 1
42 43 1
42 3 1
13 3 1
13 77 1
13 8 1
67 9 1
4 84 1
84 4 1
50 75 1
84 18 1
84 57 1
84 70 1
84 4 1
84 13 1
84 40 1
84 4 1
4 84 1
84 4 1
59 44 1
59 44 1
59 44 1
86 19 1
86 57 1
86 93 1
86 101 1
86 27 1
59 44 1
59 44 1
69 68 1
59 44 1
59 44 1
59 44 1
93 86 1
86 93 1
86 93 1
75 50 1
70 53 1
50 75 1
67 115 1
84 69 1
50 75 1
75 50 1
9 67 1
9 80 1
9 66 1
75 50 1
54 5 1
67 80 1
67 9 1
5 54 1
80 9 1
59 80 1
59 67 1
74 59 1
59 67 1
59 80 1
67 80 1
67 66 1
59 74 1
74 4 1
68 66 1
68 3 1
68 67 1
68 9 1
68 15 1
68 72 1
68 65 1
68 56 1
68 69 1
59 94 1
59 2 1
50 52 1
50 75 1
12 15 1
68 90 1
50 74 1
50 40 1
86 53 1
80 66 1
80 67 1
85 13 1
4 84 1
13 85 1
40 121 1
4 74 1
96 15 1
96 61 1
96 12 1
40 65 1
40 17 1
94 65 1
94 14 1
61 96 1
74 50 1
4 65 1
4 17 1
42 2 1
42 43 1
42 29 1
42 22 1
42 98 1
42 63 1
42 95 1
42 33 1
42 151 1
42 94 1
95 42 1
12 96 1
12 96 1
75 50 1
98 42 1
112 83 1
81 43 1
12 72 1
12 71 1
12 73 1
21 70 1
21 75 1
33 42 1
13 66 1
13 3 1
13 8 1
13 40 1
75 21 1
70 21 1
26 83 1
94 42 1
9 77 1
71 12 1
71 5 1
26 25 1
66 80 1
65 94 1
15 96 1
65 40 1
2 42 1
5 72 1
5 71 1
5 73 1
5 74 1
5 11 1
30 104 1
8 13 1
66 13 1
72 117 1
72 71 1
72 73 1
72 12 1
72 15 1
72 5 1
72 74 1
72 74 1
121 40 1
83 112 1
103 52 1
67 80 1
33 5 1
66 9 1
73 5 1
73 12 1
38 1 1
66 83 1
66 9 1
47 50 1
74 5 1
6 106 1
86 94 1
86 59 1
2 13 1
2 72 1
2 40 1
2 74 1
4 106 1
6 106 1
86 79 1
13 2 1
84 4 1
69 84 1
14 13 1
13 14 1
74 2 1
63 42 1
11 5 1
11 5 1
69 9 1
69 40 1
76 69 1
70 53 1
71 15 1
71 72 1
71 73 1
71 5 1
84 95 1
84 89 1
53 86 1
86 53 1
77 13 1
77 9 1
94 65 1
42 151 1
69 76 1
39 66 1
77 66 1
65 94 1
43 42 1
9 66 1
9 67 1
9 65 1
65 9 1
66 67 1
67 66 1
43 81 1
43 6 1
43 87 1
43 21 1
43 58 1
43 81 1
67 9 1
58 43 1
68 86 1
81 43 1
66 39 1
43 58 1
43 21 1
43 95 1
43 42 1
43 29 1
43 64 1
58 43 1
21 43 1
21 43 1
84 86 1
34 24 1
24 34 1
66 9 1
40 69 1
40 72 1
40 68 1
40 3 1
40 8 1
21 88 1
21 7 1
21 82 1
21 89 1
21 151 1
21 45 1
21 10 1
21 46 1
21 70 1
21 75 1
7 21 1
3 13 1
66 80 1
66 67 1
59 68 1
59 69 1
59 86 1
59 84 1
59 89 1
59 48 1
59 88 1
59 47 1
59 56 1
59 85 1
59 76 1
59 94 1
59 2 1
14 77 1
77 66 1
77 9 1
77 14 1
77 14 1
3 13 1
70 21 1
3 40 1
13 3 1
77 66 1
101 86 1
13 3 1
65 95 1
84 4 1
84 70 1
68 47 1
84 40 1
84 4 1
88 21 1
70 40 1
70 53 1
84 48 1
15 5 1
15 117 1
15 54 1
54 15 1
75 21 1
42 43 1
88 69 1
50 86 1
86 50 1
82 21 1
86 101 1
69 88 1
69 86 1
151 21 1
10 21 1
45 21 1
42 63 1
107 57 1
107 57 1
82 49 1
82 40 1
82 13 1
82 56 1
82 86 1
86 82 1
13 82 1
95 65 1
41 53 1
53 70 1
53 70 1
41 40 1
41 40 1
41 40 1
50 121 1
67 66 1
67 66 1
18 57 1
56 82 1
18 57 1
121 50 1
67 80 1
67 66 1
53 70 1
53 4 1
4 53 1
40 82 1
49 82 1
53 70 1
14 65 1
46 21 1
53 70 1
90 104 1
104 90 1
104 30 1
43 18 1
39 29 1
18 43 1
54 83 1
53 40 1
53 70 1
53 75 1
65 14 1
90 85 1
90 85 1
39 29 1
90 47 1
47 90 1
48 85 1
53 70 1
53 4 1
65 38 1
99 18 1
85 48 1
85 90 1
85 90 1
119 54 1
99 18 1
38 37 1
53 4 1
106 73 1
106 117 1
3 13 1
3 13 1
7 103 1
38 56 1
38 9 1
38 72 1
38 68 1
38 69 1
38 1 1
5 11 1
5 15 1
86 40 1
84 50 1
86 57 1
86 19 1
27 62 1
6 43 1
4 53 1
4 53 1
46 23 1
83 54 1
29 39 1
83 23 1
96 15 1
96 61 1
96 12 1
29 39 1
61 96 1
23 83 1
13 8 1
13 66 1
13 3 1
13 40 1
29 42 1
29 43 1
8 13 1
95 43 1
1 95 1
1 44 1
75 53 1
44 1 1
12 96 1
62 27 1
15 96 1
95 1 1
6 106 1
81 43 1
70 53 1
70 53 1
70 53 1
70 53 1
13 3 1
45 22 1
45 93 1
45 103 1
45 31 1
45 7 1
45 10 1
45 94 1
93 45 1
7 45 1
31 45 1
52 50 1
81 43 1
66 13 1
66 27 1
89 21 1
40 86 1
45 10 1
40 86 1
45 93 1
93 45 1
47 48 1
18 43 1
59 44 1
103 45 1
10 45 1
70 86 1
70 69 1
10 45 1
10 45 1
14 15 1
14 56 1
14 54 1
56 14 1
56 88 1
43 18 1
56 88 1
15 14 1
88 56 1
56 68 1
88 15 1
68 56 1
47 40 1
47 8 1
47 68 1
68 47 1
8 47 1
40 6 1
88 56 1
43 42 1
59 69 1
59 56 1
59 86 1
59 84 1
59 89 1
59 76 1
59 47 1
59 68 1
59 85 1
59 48 1
59 88 1
59 94 1
59 2 1
43 42 1
43 45 1
43 79 1
43 79 1
69 70 1
84 57 1
47 48 1
76 40 1
54 14 1
76 40 1
86 70 1
86 40 1
86 40 1
76 53 1
73 72 1
73 15 1
73 5 1
151 42 1
57 18 1
57 18 1
105 103 1
103 105 1
5 73 1
11 5 1
5 11 1
68 66 1
68 90 1
40 76 1
76 40 1
50 52 1
52 50 1
52 103 1
103 52 1
74 72 1
40 76 1
76 40 1
76 40 1
40 76 1
76 40 1
94 45 1
15 88 1
15 73 1
76 40 1
88 15 1
57 84 1
84 57 1
27 18 1
40 76 1
2 65 1
2 14 1
2 9 1
65 2 1
76 40 1
14 2 1
86 40 1
86 27 1
86 93 1
86 101 1
39 15 1
39 5 1
39 54 1
5 39 1
15 39 1
14 67 1
14 3 1
14 68 1
14 85 1
5 77 1
68 14 1
88 15 1
54 39 1
15 88 1
15 54 1
88 15 1
15 88 1
88 15 1
45 63 1
54 15 1
104 117 1
45 10 1
77 5 1
63 45 1
84 19 1
77 5 1
45 43 1
84 19 1
54 88 1
54 15 1
88 54 1
6 106 1
6 106 1
80 66 1
15 54 1
66 80 1
80 67 1
80 66 1
80 18 1
80 31 1
66 80 1
31 80 1
14 13 1
84 86 1
85 14 1
64 63 1
80 18 1
80 31 1
80 67 1
80 66 1
50 48 1
50 40 1
50 101 1
50 93 1
50 124 1
50 27 1
93 50 1
48 50 1
31 80 1
101 50 1
76 40 1
76 75 1
40 76 1
76 40 1
76 40 1
76 75 1
13 14 1
63 64 1
40 121 1
84 19 1
66 80 1
85 18 1
18 85 1
4 106 1
2 13 1
2 72 1
2 40 1
2 74 1
4 74 1
4 13 1
4 3 1
106 4 1
95 1 1
79 43 1
79 43 1
1 95 1
76 40 1
112 83 1
124 50 1
85 47 1
47 85 1
18 64 1
18 80 1
80 18 1
13 2 1
94 65 1
94 14 1
14 13 1
65 94 1
14 94 1
9 67 1
9 66 1
9 2 1
14 13 1
76 50 1
94 59 1
94 2 1
29 50 1
59 94 1
2 94 1
50 29 1
2 40 1
2 72 1
2 74 1
2 13 1
66 9 1
88 61 1
88 96 1
88 12 1
88 15 1
64 18 1
13 2 1
66 9 1
66 67 1
29 50 1
76 50 1
13 14 1
13 14 1
86 40 1
13 14 1
76 40 1
50 76 1
21 47 1
21 85 1
21 56 1
21 84 1
21 88 1
21 89 1
21 68 1
21 86 1
21 90 1
21 69 1
21 76 1
21 48 1
85 21 1
18 57 1
76 50 1
84 21 1
56 21 1
89 21 1
50 84 1
18 27 1
84 50 1
86 21 1
15 61 1
50 76 1
76 50 1
76 21 1
90 69 1
18 57 1
18 57 1
48 21 1
18 57 1
18 80 1
18 80 1
84 86 1
4 40 1
4 49 1
4 13 1
68 21 1
83 112 1
27 50 1
61 15 1
48 85 1
85 48 1
15 61 1
61 15 1
61 12 1
12 61 1
32 26 1
32 24 1
64 43 1
64 63 1
68 40 1
68 8 1
68 3 1
32 66 1
9 66 1
9 67 1
63 64 1
9 66 1
90 21 1
83 66 1
84 69 1
47 21 1
84 86 1
86 84 1
22 75 1
22 15 1
56 38 1
60 51 1
60 62 1
60 31 1
5 47 1
5 13 1
5 28 1
60 33 1
86 50 1
30 84 1
30 26 1
30 68 1
30 18 1
30 82 1
30 36 1
30 66 1
30 67 1
1 5 1
1 2 1
1 15 1
1 6 1
1 7 1
1 3 1
1 8 1
1 9 1
1 10 1
1 11 1
1 12 1
1 65 1
1 13 1
1 14 1
1 4 1
1 16 1
1 17 1
13 4 1
40 76 1
40 86 1
13 14 1
96 15 1
96 61 1
96 12 1
94 69 1
94 86 1
94 84 1
94 76 1
94 56 1
94 59 1
94 123 1
94 79 1
94 95 1
95 94 1
74 2 1
74 2 1
14 13 1
61 96 1
14 13 1
12 96 1
15 96 1
18 80 1
49 4 1
76 94 1
76 40 1
74 59 1
33 15 1
13 66 1
13 3 1
13 8 1
13 40 1
27 66 1
27 3 1
27 15 1
27 13 1
27 40 1
27 8 1
27 5 1
27 26 1
27 62 1
27 39 1
13 27 1
29 85 1
29 81 1
29 98 1
29 39 1
29 77 1
29 7 1
29 3 1
29 23 1
29 90 1
29 115 1
29 119 1
29 22 1
29 52 1
29 56 1
29 58 1
29 75 1
29 83 1
29 24 1
29 88 1
29 28 1
29 33 1
29 48 1
29 45 1
29 80 1
29 21 1
29 10 1
29 94 1
29 93 1
29 2 1
98 29 1
59 94 1
15 27 1
26 27 1
58 29 1
59 74 1
45 29 1
33 29 1
50 86 1
23 29 1
52 29 1
83 29 1
23 29 1
29 23 1
8 27 1
8 13 1
14 13 1
7 29 1
50 53 1
28 29 1
56 29 1
123 94 1
56 94 1
76 53 1
10 29 1
48 29 1
39 29 1
39 27 1
59 72 1
59 74 1
53 50 1
53 76 1
75 29 1
76 53 1
5 27 1
11 5 1
21 29 1
22 7 1
105 23 1
59 44 1
59 65 1
7 22 1
43 81 1
76 40 1
24 29 1
13 14 1
43 64 1
43 151 1
43 42 1
43 95 1
43 21 1
43 6 1
43 58 1
43 29 1
43 81 1
21 43 1
58 43 1
43 29 1
13 14 1
69 68 1
69 84 1
69 76 1
69 86 1
5 11 1
80 18 1
88 29 1
88 21 1
18 80 1
121 40 1
95 43 1
14 13 1
88 15 1
48 47 1
48 47 1
14 13 1
79 94 1
52 103 1
103 52 1
38 1 1
38 37 1
14 13 1
94 29 1
21 70 1
21 22 1
21 75 1
21 82 1
21 98 1
21 88 1
21 7 1
21 89 1
21 45 1
21 10 1
89 21 1
45 21 1
98 21 1
23 105 1
54 15 1
54 29 1
54 5 1
54 39 1
15 54 1
73 15 1
73 5 1
73 72 1
37 1 1
15 73 1
7 21 1
40 47 1
40 68 1
13 14 1
1 37 1
13 14 1
14 15 1
14 56 1
14 54 1
98 7 1
98 46 1
98 123 1
98 93 1
98 75 1
98 49 1
98 20 1
98 133 1
86 50 1
7 98 1
47 40 1
9 25 1
56 14 1
69 86 1
70 21 1
83 58 1
86 40 1
88 21 1
86 94 1
6 43 1
86 123 1
70 48 1
70 68 1
37 149 1
37 36 1
58 83 1
149 37 1
20 98 1
54 14 1
29 54 1
46 98 1
76 69 1
123 98 1
29 54 1
29 43 1
54 29 1
54 29 1
93 98 1
93 29 1
20 94 1
20 4 1
20 112 1
20 51 1
20 3 1
20 13 1
20 57 1
20 50 1
20 18 1
69 86 1
13 14 1
18 20 1
86 94 1
86 123 1
39 54 1
14 13 1
51 20 1
84 94 1
13 20 1
15 14 1
1 69 1
1 9 1
1 14 1
1 15 1
1 90 1
1 3 1
1 5 1
1 17 1
1 11 1
1 68 1
1 65 1
75 98 1
65 1 1
14 1 1
82 21 1
83 59 1
13 14 1
14 13 1
59 83 1
69 1 1
4 20 1
57 20 1
40 76 1
76 40 1
10 21 1
57 107 1
57 93 1
57 130 1
57 104 1
57 89 1
57 29 1
57 6 1
57 112 1
57 101 1
57 18 1
57 18 1
4 106 1
57 18 1
57 18 1
112 57 1
101 57 1
93 57 1
63 37 1
80 38 1
65 69 1
69 65 1
89 57 1
6 57 1
9 1 1
11 1 1
15 1 1
76 40 1
69 65 1
69 86 1
40 76 1
65 69 1
76 40 1
18 108 1
18 107 1
18 55 1
18 110 1
18 99 1
18 109 1
18 57 1
18 19 1
49 98 1
57 18 1
19 18 1
80 37 1
76 50 1
49 53 1
55 18 1
21 86 1
86 21 1
3 27 1
76 19 1
76 57 1
3 13 1
5 54 1
5 1 1
5 73 1
54 15 1
15 54 1
6 106 1
6 106 1
84 4 1
86 53 1
86 40 1
53 86 1
53 49 1
4 84 1
84 4 1
84 4 1
32 30 1
86 53 1
30 32 1
56 15 1
65 59 1
48 70 1
38 36 1
38 37 1
85 29 1
80 90 1
77 66 1
77 9 1
47 48 1
76 19 1
76 57 1
56 88 1
59 94 1
88 56 1
21 70 1
48 47 1
70 21 1
70 53 1
50 76 1
76 50 1
14 13 1
86 69 1
86 65 1
59 83 1
50 47 1
59 123 1
59 79 1
59 95 1
59 94 1
59 2 1
47 50 1
84 19 1
59 56 1
59 1 1
72 85 1
90 1 1
90 29 1
90 80 1
33 5 1
33 117 1
33 15 1
88 15 1
4 48 1
4 70 1
48 4 1
1 56 1
15 61 1
15 56 1
61 15 1
59 67 1
59 72 1
76 19 1
70 4 1
15 56 1
18 57 1
107 18 1
38 56 1
38 9 1
38 68 1
38 69 1
38 1 1
5 33 1
69 88 1
75 50 1
85 48 1
48 85 1
75 21 1
104 57 1
3 20 1
84 57 1
84 70 1
76 69 1
110 18 1
110 1 1
110 18 1
110 18 1
110 18 1
110 18 1
109 18 1
86 50 1
84 19 1
86 53 1
32 26 1
32 66 1
164 18 1
13 14 1
13 14 1
13 14 1
13 14 1
57 18 1
96 15 1
96 61 1
96 12 1
99 18 1
13 14 1
94 14 1
94 65 1
94 59 1
94 95 1
94 44 1
94 123 1
94 9 1
94 84 1
94 69 1
94 86 1
94 76 1
94 56 1
94 59 1
14 13 1
14 13 1
14 13 1
29 54 1
14 13 1
29 57 1
61 96 1
95 94 1
94 83 1
94 95 1
14 13 1
14 94 1
26 83 1
42 43 1
42 43 1
42 43 1
103 105 1
105 103 1
12 96 1
15 96 1
14 13 1
94 86 1
94 123 1
15 61 1
61 15 1
61 96 1
95 94 1
50 86 1
57 84 1
31 14 1
14 31 1
14 31 1
31 14 1
14 31 1
96 61 1
13 66 1
13 3 1
13 8 1
13 40 1
13 14 1
31 63 1
31 42 1
31 14 1
13 14 1
13 14 1
14 13 1
31 63 1
31 42 1
31 63 1
83 94 1
31 42 1
31 63 1
14 13 1
56 1 1
56 15 1
13 14 1
65 94 1
9 94 1
44 94 1
56 94 1
59 94 1
59 94 1
13 3 1
8 13 1
13 14 1
14 13 1
65 9 1
65 94 1
65 59 1
65 95 1
65 44 1
65 123 1
65 14 1
44 65 1
13 14 1
14 13 1
9 65 1
14 13 1
14 65 1
13 14 1
15 88 1
86 50 1
76 94 1
86 94 1
86 94 1
86 123 1
88 15 1
13 14 1
13 14 1
13 14 1
47 68 1
3 13 1
14 13 1
14 13 1
14 13 1
50 75 1
68 40 1
94 65 1
82 48 1
82 86 1
82 49 1
82 130 1
82 109 1
82 56 1
82 19 1
86 82 1
68 47 1
95 65 1
68 47 1
68 1 1
68 70 1
68 47 1
2 70 1
2 58 1
82 75 1
82 22 1
82 15 1
56 82 1
48 82 1
75 50 1
65 94 1
73 5 1
73 72 1
73 15 1
94 65 1
94 59 1
94 95 1
94 123 1
59 94 1
49 82 1
84 57 1
84 94 1
84 57 1
96 61 1
56 88 1
61 96 1
53 70 1
57 84 1
84 57 1
9 67 1
9 66 1
15 73 1
95 94 1
59 68 1
59 85 1
59 84 1
59 47 1
59 94 1
59 2 1
59 69 1
59 56 1
59 86 1
59 89 1
59 48 1
59 76 1
59 88 1
33 42 1
15 88 1
88 56 1
88 15 1
151 43 1
65 59 1
65 94 1
65 9 1
38 37 1
38 36 1
38 37 1
38 36 1
21 76 1
94 65 1
124 101 1
1 9 1
9 65 1
94 95 1
94 65 1
9 1 1
65 94 1
77 14 1
14 77 1
42 33 1
77 14 1
5 73 1
11 5 1
86 117 1
94 65 1
94 14 1
94 9 1
14 94 1
90 76 1
18 86 1
18 84 1
18 76 1
18 56 1
18 88 1
18 69 1
88 18 1
54 33 1
84 18 1
33 54 1
76 18 1
56 18 1
65 94 1
65 94 1
56 18 1
54 14 1
94 65 1
14 54 1
14 54 1
14 56 1
14 15 1
54 14 1
15 14 1
95 94 1
56 14 1
81 47 1
81 59 1
86 40 1
86 75 1
86 27 1
86 93 1
86 101 1
86 124 1
86 18 1
40 8 1
40 38 1
54 15 1
9 94 1
18 56 1
96 15 1
96 61 1
18 57 1
18 19 1
15 96 1
57 18 1
19 18 1
144 38 1
138 47 1
14 13 1
32 26 1
32 8 1
60 51 1
60 62 1
60 31 1
4 106 1
45 26 1
45 24 1
59 72 1
59 74 1
21 86 1
75 50 1
40 50 1
26 32 1
86 21 1
26 45 1
138 38 1
138 47 1
138 32 1
138 90 1
38 37 1
38 37 1
38 36 1
13 14 1
5 11 1
61 96 1
15 54 1
38 36 1
1 38 1
53 70 1
53 4 1
76 40 1
103 105 1
76 81 1
4 53 1
40 76 1
76 40 1
59 2 1
6 106 1
104 44 1
104 44 1
44 104 1
86 69 1
105 103 1
14 117 1
69 68 1
15 88 1
88 15 1
8 32 1
37 38 1
70 53 1
53 86 1
86 53 1
13 14 1
14 13 1
40 15 1
40 61 1
40 121 1
24 45 1
66 13 1
66 13 1
66 9 1
67 30 1
67 75 1
47 50 1
66 9 1
66 83 1
21 86 1
86 21 1
79 95 1
79 104 1
9 67 1
9 66 1
81 50 1
81 50 1
15 54 1
81 50 1
54 15 1
15 56 1
56 15 1
117 14 1
66 9 1
14 117 1
66 9 1
66 67 1
95 79 1
9 66 1
50 81 1
62 70 1
62 47 1
62 31 1
50 76 1
76 50 1
86 75 1
86 40 1
86 19 1
86 93 1
86 101 1
86 124 1
86 27 1
15 61 1
15 96 1
61 15 1
50 47 1
80 66 1
80 67 1
75 86 1
75 19 1
75 93 1
75 101 1
75 124 1
75 27 1
86 75 1
66 80 1
93 75 1
96 15 1
21 86 1
86 21 1
69 84 1
69 76 1
69 86 1
69 89 1
47 50 1
86 117 1
76 40 1
76 70 1
68 85 1
84 53 1
84 70 1
84 101 1
84 4 1
90 66 1
90 72 1
90 56 1
90 67 1
90 69 1
90 68 1
86 69 1
86 50 1
86 81 1
165 2 1
101 75 1
96 15 1
96 61 1
96 12 1
4 74 1
61 96 1
74 4 1
27 75 1
13 66 1
13 3 1
13 8 1
13 40 1
8 13 1
13 3 1
12 96 1
14 13 1
38 1 1
14 13 1
15 96 1
13 14 1
1 38 1
13 14 1
50 75 1
13 14 1
14 13 1
14 13 1
13 14 1
53 70 1
53 4 1
53 102 1
53 27 1
53 93 1
53 101 1
53 124 1
101 53 1
40 84 1
93 53 1
50 70 1
123 94 1
123 94 1
123 94 1
36 29 1
29 36 1
4 53 1
13 14 1
56 90 1
75 50 1
14 13 1
14 13 1
80 42 1
80 64 1
13 14 1
70 50 1
4 53 1
11 5 1
13 14 1
14 13 1
38 1 1
38 36 1
38 37 1
124 53 1
76 50 1
50 76 1
76 50 1
70 53 1
54 33 1
42 80 1
13 14 1
14 13 1
53 4 1
14 13 1
14 15 1
14 56 1
14 54 1
66 13 1
15 14 1
4 106 1
50 75 1
68 90 1
45 30 1
30 45 1
13 14 1
117 58 1
117 83 1
58 117 1
58 23 1
58 43 1
58 106 1
58 29 1
58 33 1
58 54 1
54 14 1
96 15 1
96 61 1
23 58 1
15 96 1
61 96 1
13 17 1
75 50 1
38 1 1
38 1 1
43 42 1
54 58 1
43 79 1
86 75 1
86 40 1
86 93 1
86 101 1
86 124 1
86 27 1
32 26 1
32 26 1
13 40 1
27 53 1
5 11 1
66 90 1
76 40 1
73 72 1
73 15 1
73 5 1
15 73 1
5 73 1
6 106 1
84 40 1
56 14 1
106 58 1
70 53 1
24 32 1
3 13 1
42 43 1
50 66 1
79 43 1
6 106 1
80 31 1
33 54 1
31 80 1
66 50 1
33 54 1
88 56 1
88 56 1
54 33 1
59 67 1
59 72 1
33 58 1
76 40 1
74 59 1
38 1 1
29 58 1
59 74 1
74 4 1
73 9 1
73 65 1
73 14 1
73 72 1
59 72 1
59 74 1
14 73 1
86 75 1
86 40 1
86 93 1
86 101 1
86 124 1
86 27 1
38 68 1
38 72 1
38 1 1
38 69 1
38 56 1
38 9 1
75 50 1
68 47 1
68 48 1
68 85 1
15 33 1
76 21 1
33 15 1
68 48 1
68 85 1
68 47 1
76 18 1
38 65 1
38 9 1
38 1 1
26 83 1
26 32 1
84 69 1
26 32 1
65 73 1
76 40 1
5 54 1
4 74 1
6 106 1
59 69 1
59 56 1
59 76 1
59 47 1
59 68 1
59 85 1
59 86 1
59 84 1
59 89 1
59 48 1
59 88 1
59 94 1
59 2 1
32 24 1
56 59 1
56 94 1
56 59 1
77 50 1
77 53 1
80 90 1
83 117 1
33 5 1
65 9 1
59 56 1
59 56 1
18 76 1
32 26 1
76 18 1
76 18 1
18 76 1
103 105 1
105 103 1
50 84 1
6 106 1
76 69 1
32 27 1
76 40 1
76 40 1
76 40 1
9 1 1
1 9 1
103 105 1
5 54 1
105 103 1
124 75 1
77 32 1
76 69 1
39 50 1
39 81 1
84 50 1
76 18 1
33 15 1
15 33 1
86 40 1
76 90 1
32 66 1
57 84 1
84 57 1
29 39 1
29 5 1
84 50 1
84 57 1
5 29 1
50 93 1
50 101 1
50 124 1
50 27 1
93 50 1
101 50 1
106 73 1
106 117 1
1 38 1
56 69 1
13 14 1
94 56 1
14 13 1
59 74 1
59 72 1
39 29 1
66 32 1
40 86 1
40 76 1
40 76 1
76 40 1
76 40 1
40 76 1
76 40 1
86 40 1
69 86 1
54 5 1
54 5 1
50 70 1
39 29 1
70 50 1
21 86 1
86 21 1
29 39 1
65 38 1
65 38 1
86 75 1
86 40 1
86 93 1
86 101 1
86 124 1
86 27 1
30 47 1
30 29 1
30 29 1
30 47 1
47 30 1
47 30 1
59 65 1
7 14 1
93 86 1
86 93 1
86 93 1
86 57 1
69 86 1
53 77 1
53 50 1
53 66 1
69 86 1
69 84 1
69 76 1
86 50 1
86 81 1
69 3 1
69 9 1
69 72 1
69 66 1
69 8 1
69 56 1
69 68 1
69 65 1
84 50 1
69 15 1
90 80 1
90 85 1
90 68 1
85 90 1
107 57 1
77 53 1
3 13 1
3 35 1
40 16 1
16 40 1
96 15 1
96 61 1
96 12 1
13 65 1
13 3 1
13 4 1
13 40 1
40 65 1
40 17 1
61 96 1
29 30 1
29 30 1
13 8 1
13 40 1
13 66 1
13 3 1
13 35 1
13 4 1
58 106 1
58 29 1
58 83 1
58 23 1
58 43 1
58 95 1
8 13 1
94 76 1
94 48 1
94 95 1
94 56 1
94 86 1
94 69 1
94 88 1
94 68 1
94 47 1
94 85 1
94 59 1
94 123 1
86 94 1
23 58 1
4 74 1
4 13 1
4 13 1
27 50 1
74 4 1
13 4 1
81 86 1
86 81 1
94 14 1
94 65 1
94 9 1
95 94 1
12 96 1
59 94 1
69 94 1
35 13 1
96 15 1
96 61 1
11 5 1
13 35 1
9 73 1
29 58 1
13 3 1
9 65 1
48 94 1
83 58 1
9 94 1
15 96 1
15 96 1
123 94 1
66 13 1
50 86 1
86 50 1
38 1 1
47 94 1
66 53 1
13 4 1
13 3 1
13 35 1
65 94 1
5 11 1
65 40 1
26 83 1
65 94 1
61 96 1
12 73 1
12 72 1
12 71 1
12 15 1
50 84 1
5 72 1
5 71 1
5 73 1
5 74 1
5 11 1
59 68 1
59 84 1
59 48 1
59 69 1
59 56 1
59 85 1
59 86 1
59 89 1
59 76 1
59 88 1
59 47 1
59 94 1
59 2 1
86 59 1
15 12 1
94 65 1
93 86 1
86 93 1
59 72 1
59 74 1
72 15 1
72 71 1
72 73 1
72 12 1
72 5 1
72 117 1
72 74 1
72 74 1
56 88 1
52 103 1
103 52 1
56 94 1
88 56 1
88 94 1
74 5 1
73 12 1
73 5 1
1 38 1
76 94 1
57 84 1
73 72 1
73 15 1
73 5 1
95 58 1
84 50 1
50 69 1
84 50 1
68 47 1
84 69 1
84 57 1
15 73 1
65 14 1
14 65 1
50 103 1
50 52 1
52 50 1
103 50 1
112 44 1
112 20 1
40 15 1
40 61 1
76 69 1
65 9 1
38 37 1
9 65 1
5 73 1
65 9 1
9 65 1
86 93 1
61 15 1
61 96 1
15 61 1
69 3 1
69 40 1
69 18 1
86 81 1
86 50 1
11 5 1
86 94 1
86 123 1
68 90 1
68 94 1
57 86 1
86 57 1
86 57 1
21 86 1
86 21 1
86 21 1
38 9 1
12 15 1
15 12 1
70 68 1
70 48 1
38 65 1
38 9 1
38 1 1
38 1 1
56 72 1
56 15 1
15 56 1
50 86 1
50 27 1
50 93 1
50 101 1
50 124 1
93 50 1
86 50 1
101 50 1
93 27 1
40 8 1
27 93 1
27 50 1
68 70 1
9 65 1
9 38 1
9 1 1
1 9 1
47 68 1
68 47 1
86 19 1
56 59 1
56 94 1
1 38 1
50 75 1
50 70 1
56 15 1
38 9 1
38 1 1
38 65 1
124 50 1
18 50 1
18 69 1
18 8 1
18 40 1
50 121 1
83 15 1
48 70 1
65 9 1
15 83 1
104 79 1
15 83 1
76 40 1
76 75 1
40 70 1
83 15 1
66 32 1
74 4 1
70 50 1
70 40 1
54 58 1
54 33 1
54 83 1
54 5 1
5 54 1
37 38 1
37 36 1
33 54 1
74 59 1
3 66 1
66 32 1
3 66 1
36 38 1
3 13 1
69 50 1
59 56 1
59 74 1
15 56 1
58 54 1
8 40 1
44 112 1
58 29 1
58 106 1
58 95 1
58 43 1
58 23 1
47 68 1
8 18 1
29 58 1
40 16 1
40 121 1
83 54 1
95 58 1
68 90 1
68 47 1
69 13 1
69 4 1
106 58 1
106 58 1
6 106 1
94 56 1
6 106 1
13 69 1
79 43 1
69 13 1
69 13 1
33 42 1
33 2 1
42 33 1
85 94 1
23 58 1
23 58 1
4 74 1
96 61 1
58 23 1
47 50 1
58 95 1
95 58 1
59 72 1
59 74 1
84 69 1
58 23 1
58 29 1
58 83 1
58 106 1
23 58 1
101 50 1
23 46 1
23 34 1
76 40 1
104 95 1
95 104 1
77 66 1
104 74 1
104 73 1
84 69 1
53 70 1
95 43 1
95 104 1
95 123 1
95 93 1
95 22 1
95 98 1
95 79 1
95 65 1
95 94 1
93 95 1
95 123 1
95 93 1
95 22 1
95 98 1
123 95 1
65 95 1
79 95 1
123 95 1
65 95 1
106 58 1
95 65 1
95 65 1
46 23 1
73 104 1
40 16 1
40 121 1
65 95 1
33 61 1
34 23 1
40 76 1
77 66 1
76 40 1
76 40 1
47 68 1
40 76 1
74 104 1
76 40 1
76 40 1
29 58 1
21 84 1
68 47 1
69 76 1
21 84 1
76 53 1
84 21 1
84 21 1
15 5 1
15 117 1
15 61 1
94 95 1
84 88 1
83 58 1
61 15 1
69 76 1
53 76 1
34 24 1
24 34 1
76 53 1
68 59 1
59 68 1
59 69 1
59 56 1
59 64 1
38 1 1
104 95 1
93 95 1
69 59 1
69 67 1
59 68 1
59 69 1
59 64 1
59 56 1
59 67 1
5 15 1
59 68 1
65 44 1
69 68 1
84 86 1
86 84 1
84 86 1
84 57 1
84 57 1
84 57 1
67 80 1
67 80 1
16 40 1
96 15 1
96 61 1
96 12 1
2 29 1
13 66 1
13 3 1
13 8 1
13 40 1
121 50 1
121 40 1
124 50 1
8 13 1
75 50 1
94 65 1
94 14 1
19 82 1
61 96 1
19 75 1
15 96 1
14 17 1
12 96 1
151 105 1
96 15 1
96 61 1
73 71 1
15 96 1
2 33 1
17 14 1
17 13 1
94 56 1
94 88 1
94 69 1
94 86 1
94 84 1
94 76 1
70 53 1
17 65 1
65 94 1
39 5 1
39 15 1
39 54 1
39 66 1
76 94 1
65 94 1
94 65 1
54 39 1
70 53 1
71 73 1
5 39 1
80 84 1
88 94 1
71 12 1
67 90 1
56 94 1
71 5 1
66 13 1
67 66 1
67 9 1
66 27 1
39 66 1
67 9 1
66 39 1
17 56 1
17 15 1
17 54 1
66 39 1
15 39 1
40 6 1
5 15 1
67 9 1
6 40 1
75 50 1
15 17 1
15 5 1
67 66 1
67 9 1
67 80 1
67 14 1
2 59 1
59 2 1
69 86 1
69 68 1
69 76 1
69 89 1
86 69 1
58 48 1
48 58 1
59 80 1
2 72 1
2 13 1
2 40 1
2 74 1
56 17 1
50 75 1
69 72 1
74 2 1
59 68 1
59 69 1
59 85 1
59 47 1
59 2 1
59 56 1
59 86 1
59 84 1
59 89 1
59 48 1
59 76 1
59 88 1
59 94 1
21 75 1
75 21 1
75 50 1
75 50 1
98 95 1
54 17 1
98 95 1
76 69 1
76 86 1
76 84 1
86 76 1
11 5 1
50 75 1
86 94 1
3 13 1
57 76 1
76 57 1
71 15 1
71 5 1
80 90 1
13 2 1
61 96 1
59 67 1
75 50 1
57 76 1
76 57 1
65 94 1
65 123 1
14 44 1
2 40 1
2 72 1
2 74 1
2 13 1
5 11 1
14 42 1
84 94 1
56 54 1
84 80 1
86 53 1
53 70 1
53 86 1
53 70 1
76 84 1
54 56 1
44 14 1
13 2 1
76 57 1
70 53 1
74 2 1
71 72 1
71 15 1
71 73 1
71 5 1
86 53 1
94 65 1
65 64 1
4 106 1
58 117 1
42 14 1
42 14 1
21 72 1
21 72 1
59 123 1
59 79 1
59 95 1
59 94 1
59 2 1
38 1 1
27 81 1
117 67 1
67 117 1
71 73 1
84 59 1
84 79 1
84 123 1
84 69 1
6 106 1
72 56 1
81 76 1
72 56 1
27 66 1
27 3 1
27 15 1
27 26 1
27 62 1
27 39 1
27 13 1
27 40 1
27 8 1
27 5 1
15 27 1
71 5 1
71 5 1
76 81 1
8 27 1
73 9 1
73 65 1
73 14 1
73 72 1
14 73 1
37 38 1
37 36 1
37 1 1
1 37 1
2 72 1
2 74 1
2 40 1
2 13 1
14 31 1
31 14 1
47 40 1
47 68 1
47 8 1
65 73 1
31 14 1
13 27 1
13 2 1
8 47 1
14 31 1
64 42 1
22 85 1
22 77 1
22 56 1
22 88 1
22 90 1
64 42 1
56 22 1
85 22 1
88 22 1
38 56 1
38 69 1
38 9 1
38 68 1
77 22 1
74 40 1
74 2 1
38 68 1
38 1 1
59 80 1
68 166 1
68 47 1
62 27 1
9 73 1
68 85 1
77 50 1
32 94 1
32 59 1
4 35 1
86 40 1
40 86 1
86 40 1
80 31 1
80 18 1
80 67 1
80 66 1
66 80 1
48 85 1
85 48 1
86 50 1
48 13 1
42 64 1
59 32 1
31 80 1
94 65 1
94 14 1
94 9 1
65 94 1
64 42 1
9 94 1
65 94 1
65 123 1
94 65 1
38 65 1
38 9 1
68 47 1
86 69 1
32 26 1
39 27 1
53 70 1
86 50 1
86 81 1
53 70 1
53 70 1
64 67 1
64 66 1
5 27 1
3 27 1
1 6 1
1 8 1
1 14 1
1 15 1
1 5 1
1 7 1
1 2 1
1 3 1
1 9 1
1 10 1
1 11 1
1 12 1
1 65 1
1 13 1
1 4 1
1 16 1
1 17 1
13 48 1
13 4 1
13 35 1
18 80 1
96 15 1
96 61 1
96 12 1
40 74 1
40 73 1
40 121 1
94 32 1
4 13 1
4 74 1
104 59 1
15 96 1
74 4 1
12 96 1
38 67 1
70 53 1
70 53 1
5 54 1
94 69 1
94 84 1
94 76 1
94 88 1
94 56 1
94 86 1
11 5 1
26 32 1
13 40 1
13 66 1
13 3 1
13 8 1
4 13 1
4 40 1
4 35 1
4 53 1
4 81 1
4 18 1
59 104 1
59 104 1
96 15 1
96 61 1
35 4 1
71 5 1
18 4 1
26 27 1
66 13 1
13 17 1
13 3 1
13 4 1
13 35 1
13 4 1
35 4 1
35 13 1
15 96 1
8 13 1
88 94 1
56 94 1
13 3 1
63 18 1
2 72 1
2 40 1
2 74 1
2 13 1
15 56 1
56 15 1
50 47 1
50 68 1
18 26 1
18 107 1
67 80 1
70 48 1
70 68 1
48 70 1
67 38 1
47 50 1
17 56 1
17 15 1
17 54 1
74 2 1
115 29 1
56 17 1
115 67 1
76 89 1
68 70 1
68 50 1
76 94 1
26 18 1
26 18 1
3 13 1
106 73 1
106 117 1
56 69 1
3 66 1
13 2 1
69 56 1
26 18 1
94 69 1
18 107 1
69 94 1
74 59 1
76 40 1
39 29 1
86 50 1
59 74 1
29 39 1
84 57 1
84 94 1
53 4 1
86 94 1
59 68 1
59 86 1
59 84 1
59 48 1
59 76 1
59 94 1
59 69 1
59 56 1
59 85 1
59 89 1
59 88 1
59 47 1
59 2 1
76 57 1
76 19 1
86 69 1
86 84 1
13 20 1
86 40 1
86 27 1
86 93 1
86 101 1
86 124 1
76 19 1
76 57 1
21 86 1
71 72 1
71 15 1
71 73 1
71 5 1
86 21 1
15 17 1
53 49 1
50 1 1
1 50 1
54 5 1
40 121 1
40 16 1
40 16 1
90 22 1
90 18 1
115 90 1
115 67 1
90 14 1
14 90 1
40 6 1
40 16 1
40 121 1
40 8 1
40 41 1
57 69 1
6 40 1
54 15 1
54 17 1
94 65 1
94 14 1
14 94 1
50 75 1
14 94 1
49 53 1
94 69 1
94 14 1
15 54 1
21 86 1
75 50 1
90 76 1
90 69 1
90 80 1
69 94 1
76 90 1
73 1 1
5 11 1
69 86 1
1 73 1
16 40 1
53 70 1
53 49 1
56 69 1
69 86 1
86 21 1
15 40 1
15 61 1
86 57 1
69 56 1
77 9 1
69 76 1
70 53 1
80 67 1
80 66 1
59 80 1
59 67 1
74 4 1
8 40 1
86 53 1
53 86 1
26 18 1
4 74 1
86 53 1
69 76 1
49 53 1
76 50 1
69 76 1
76 57 1
50 76 1
76 50 1
42 80 1
1 73 1
68 66 1
68 3 1
68 40 1
68 8 1
53 70 1
40 15 1
86 1 1
70 53 1
4 106 1
76 50 1
57 86 1
6 106 1
50 76 1
33 15 1
76 50 1
40 68 1
40 8 1
84 149 1
90 115 1
90 115 1
38 1 1
115 90 1
115 67 1
165 51 1
68 40 1
68 47 1
94 69 1
15 40 1
40 68 1
15 33 1
15 33 1
73 1 1
73 1 1
1 73 1
18 90 1
33 15 1
59 95 1
59 94 1
68 40 1
68 47 1
70 53 1
63 57 1
56 96 1
96 56 1
37 38 1
50 86 1
74 72 1
9 67 1
9 66 1
76 81 1
59 95 1
53 70 1
42 94 1
88 5 1
50 6 1
50 78 1
33 15 1
76 40 1
76 70 1
71 5 1
66 9 1
67 9 1
66 80 1
67 115 1
67 80 1
5 88 1
54 5 1
54 29 1
54 15 1
54 39 1
67 115 1
67 115 1
39 54 1
5 54 1
88 5 1
86 50 1
86 57 1
64 42 1
64 67 1
86 40 1
53 70 1
69 86 1
54 32 1
153 53 1
6 50 1
107 18 1
107 18 1
40 74 1
40 72 1
96 15 1
96 61 1
96 12 1
40 69 1
32 54 1
18 57 1
57 18 1
70 75 1
70 21 1
70 89 1
70 53 1
74 40 1
121 40 1
94 86 1
94 69 1
94 123 1
21 86 1
121 40 1
21 70 1
70 82 1
70 49 1
70 95 1
70 104 1
70 112 1
21 10 1
12 96 1
29 54 1
75 70 1
104 70 1
70 40 1
13 40 1
13 66 1
13 3 1
13 8 1
13 35 1
95 70 1
49 70 1
31 18 1
10 21 1
104 74 1
104 73 1
35 13 1
15 54 1
82 70 1
96 15 1
96 61 1
32 54 1
40 72 1
47 21 1
123 94 1
71 5 1
65 94 1
40 74 1
40 72 1
40 121 1
66 13 1
10 112 1
112 70 1
112 44 1
74 40 1
15 96 1
115 72 1
112 10 1
14 9 1
89 70 1
8 13 1
73 104 1
83 56 1
44 112 1
89 69 1
56 83 1
18 31 1
9 14 1
73 71 1
76 69 1
86 21 1
86 94 1
86 123 1
65 86 1
65 69 1
65 9 1
86 65 1
71 73 1
10 123 1
68 47 1
123 10 1
68 85 1
17 56 1
17 15 1
17 54 1
13 3 1
44 80 1
56 17 1
80 44 1
69 40 1
74 104 1
123 94 1
123 2 1
123 59 1
2 123 1
59 123 1
40 74 1
9 65 1
15 96 1
15 17 1
75 88 1
75 89 1
75 88 1
75 89 1
75 88 1
75 89 1
88 75 1
88 75 1
88 75 1
6 106 1
89 75 1
89 75 1
89 75 1
74 40 1
69 19 1
76 40 1
88 89 1
69 86 1
69 65 1
69 9 1
94 123 1
2 40 1
2 72 1
2 74 1
2 13 1
56 83 1
3 13 1
13 2 1
56 48 1
48 56 1
50 75 1
50 86 1
50 49 1
50 1 1
48 56 1
1 50 1
56 48 1
119 29 1
70 50 1
1 50 1
75 50 1
94 18 1
94 29 1
94 58 1
94 23 1
58 94 1
58 83 1
14 59 1
86 50 1
69 86 1
69 84 1
69 76 1
50 1 1
1 50 1
50 75 1
65 59 1
59 65 1
14 90 1
71 5 1
71 72 1
71 15 1
71 73 1
75 50 1
75 40 1
75 40 1
65 59 1
23 94 1
40 75 1
74 2 1
75 40 1
29 94 1
18 94 1
29 39 1
39 29 1
33 54 1
33 58 1
33 83 1
76 50 1
84 19 1
58 33 1
89 98 1
89 22 1
49 50 1
50 76 1
33 58 1
76 50 1
121 40 1
14 112 1
54 32 1
112 14 1
115 66 1
70 48 1
70 56 1
112 14 1
54 17 1
14 112 1
66 115 1
14 112 1
86 50 1
29 28 1
29 119 1
50 86 1
33 58 1
65 59 1
65 94 1
80 64 1
76 19 1
76 57 1
66 77 1
86 50 1
56 70 1
54 32 1
54 5 1
80 90 1
80 66 1
76 69 1
59 9 1
94 65 1
69 76 1
76 69 1
28 29 1
76 69 1
83 56 1
83 58 1
66 80 1
50 70 1
69 19 1
77 66 1
4 106 1
70 50 1
5 54 1
59 44 1
77 66 1
69 86 1
69 84 1
69 68 1
6 106 1
48 70 1
42 20 1
48 68 1
48 85 1
21 88 1
88 21 1
88 54 1
68 48 1
74 59 1
72 74 1
98 89 1
59 74 1
69 76 1
69 19 1
15 54 1
76 69 1
76 19 1
66 80 1
80 66 1
51 23 1
23 51 1
42 63 1
50 40 1
40 74 1
94 65 1
94 14 1
94 9 1
65 94 1
14 94 1
54 15 1
54 15 1
15 54 1
54 27 1
54 15 1
15 54 1
65 94 1
54 15 1
15 54 1
68 59 1
2 72 1
2 40 1
2 74 1
2 13 1
40 15 1
40 61 1
40 121 1
15 40 1
15 40 1
40 50 1
65 94 1
13 2 1
77 66 1
31 18 1
40 74 1
68 69 1
74 40 1
9 80 1
85 48 1
69 80 1
86 149 1
32 54 1
40 15 1
74 72 1
74 40 1
74 2 1
77 66 1
77 9 1
59 2 1
77 66 1
59 2 1
27 54 1
16 8 1
8 16 1
16 40 1
16 40 1
70 36 1
70 1 1
70 37 1
1 70 1
86 40 1
80 66 1
80 67 1
80 91 1
80 44 1
66 80 1
67 72 1
74 72 1
84 69 1
86 50 1
74 9 1
74 65 1
74 72 1
77 66 1
84 48 1
15 40 1
15 50 1
76 69 1
76 86 1
76 84 1
50 86 1
86 76 1
86 69 1
86 84 1
69 76 1
69 84 1
69 86 1
86 50 1
75 21 1
76 69 1
76 86 1
76 84 1
21 75 1
65 74 1
80 66 1
84 40 1
76 69 1
27 66 1
27 15 1
27 62 1
27 26 1
27 64 1
27 3 1
27 25 1
66 80 1
15 27 1
112 14 1
50 86 1
86 50 1
69 76 1
69 76 1
69 75 1
69 76 1
59 68 1
59 69 1
59 85 1
59 84 1
59 56 1
59 86 1
59 89 1
59 48 1
59 76 1
59 88 1
59 47 1
59 94 1
59 2 1
86 117 1
90 85 1
90 68 1
85 90 1
84 57 1
90 68 1
90 14 1
90 64 1
90 80 1
90 77 1
25 27 1
96 15 1
96 61 1
96 12 1
94 65 1
94 65 1
121 40 1
23 51 1
13 3 1
3 13 1
13 3 1
15 96 1
23 93 1
23 29 1
23 22 1
23 81 1
23 39 1
23 58 1
23 83 1
23 33 1
23 45 1
23 10 1
23 94 1
29 23 1
45 23 1
93 23 1
40 15 1
40 61 1
40 121 1
15 40 1
58 23 1
39 23 1
71 5 1
33 23 1
94 23 1
94 65 1
94 14 1
12 96 1
83 23 1
96 15 1
15 96 1
2 72 1
2 40 1
2 74 1
2 13 1
3 13 1
3 40 1
3 66 1
3 67 1
3 8 1
3 4 1
3 68 1
3 69 1
3 85 1
3 17 1
3 35 1
4 3 1
13 3 1
13 2 1
65 94 1
65 94 1
74 2 1
35 3 1
56 88 1
88 56 1
50 17 1
50 9 1
96 15 1
15 96 1
2 33 1
2 22 1
2 42 1
2 83 1
2 94 1
10 23 1
10 7 1
4 106 1
17 3 1
7 10 1
17 50 1
33 2 1
33 15 1
17 56 1
17 15 1
17 54 1
33 5 1
56 88 1
86 68 1
86 56 1
33 58 1
33 54 1
86 19 1
58 33 1
84 38 1
6 106 1
56 17 1
50 1 1
1 50 1
59 56 1
59 47 1
59 68 1
59 69 1
59 85 1
59 86 1
59 84 1
59 89 1
59 48 1
59 76 1
59 88 1
59 94 1
59 2 1
84 48 1
8 3 1
83 2 1
1 50 1
75 69 1
94 65 1
94 2 1
39 27 1
41 40 1
94 20 1
94 10 1
94 29 1
94 95 1
94 123 1
15 17 1
68 3 1
50 6 1
50 78 1
123 94 1
51 23 1
29 94 1
27 39 1
3 50 1
68 90 1
68 90 1
115 67 1
20 94 1
6 50 1
95 94 1
76 53 1
54 33 1
54 17 1
86 50 1
86 52 1
75 21 1
2 33 1
2 83 1
2 22 1
2 94 1
75 88 1
76 40 1
47 50 1
88 75 1
62 27 1
71 15 1
71 72 1
71 73 1
71 5 1
76 50 1
17 50 1
22 93 1
22 98 1
22 42 1
22 95 1
22 20 1
22 29 1
54 5 1
17 50 1
93 22 1
5 33 1
75 50 1
69 76 1
20 22 1
69 68 1
95 22 1
15 33 1
95 2 1
95 123 1
95 43 1
95 58 1
95 73 1
95 7 1
95 104 1
95 79 1
95 65 1
95 112 1
95 10 1
95 94 1
7 95 1
2 95 1
74 4 1
26 24 1
26 27 1
59 68 1
73 95 1
68 48 1
29 22 1
83 2 1
112 95 1
29 39 1
59 2 1
65 95 1
29 28 1
29 120 1
29 119 1
53 76 1
76 53 1
3 51 1
3 53 1
3 52 1
3 50 1
3 4 1
104 95 1
10 95 1
5 54 1
5 54 1
59 2 1
59 123 1
59 79 1
59 95 1
59 94 1
5 54 1
105 50 1
76 40 1
40 76 1
76 40 1
123 95 1
4 3 1
4 74 1
33 2 1
59 95 1
59 2 1
59 123 1
59 79 1
59 94 1
6 106 1
94 2 1
117 15 1
15 117 1
79 95 1
117 15 1
88 15 1
88 61 1
88 96 1
88 12 1
15 117 1
58 95 1
85 3 1
58 83 1
39 29 1
50 3 1
50 27 1
51 3 1
53 3 1
3 50 1
28 29 1
10 94 1
65 94 1
15 33 1
106 73 1
106 117 1
94 65 1
86 57 1
15 33 1
33 15 1
33 15 1
15 33 1
40 3 1
40 8 1
70 56 1
56 69 1
56 70 1
15 33 1
14 59 1
54 5 1
54 5 1
54 5 1
54 29 1
54 119 1
5 54 1
70 75 1
75 70 1
29 54 1
27 50 1
83 58 1
40 69 1
33 15 1
33 15 1
70 50 1
40 72 1
95 104 1
95 94 1
40 86 1
104 95 1
14 59 1
94 95 1
14 59 1
94 14 1
94 65 1
50 70 1
54 29 1
54 39 1
54 5 1
29 54 1
70 50 1
69 68 1
5 54 1
50 86 1
50 69 1
50 40 1
50 3 1
50 76 1
76 50 1
59 14 1
39 54 1
68 67 1
68 72 1
68 69 1
68 56 1
68 65 1
68 66 1
68 3 1
68 9 1
68 15 1
86 50 1
86 50 1
12 15 1
65 94 1
15 12 1
86 40 1
86 27 1
86 93 1
86 101 1
86 124 1
12 15 1
12 72 1
12 71 1
12 73 1
86 40 1
86 40 1
69 76 1
69 84 1
69 86 1
84 19 1
84 19 1
84 57 1
40 121 1
40 86 1
40 86 1
2 33 1
2 22 1
2 94 1
2 95 1
2 58 1
25 31 1
96 15 1
96 61 1
96 12 1
40 65 1
40 17 1
40 6 1
94 2 1
73 12 1
94 29 1
94 20 1
94 18 1
94 56 1
94 112 1
94 59 1
29 94 1
4 74 1
42 22 1
83 33 1
33 83 1
33 2 1
42 43 1
42 63 1
42 2 1
75 50 1
21 75 1
58 2 1
26 18 1
95 2 1
27 3 1
27 64 1
27 66 1
27 15 1
27 62 1
27 26 1
27 25 1
3 4 1
3 40 1
3 8 1
3 13 1
3 35 1
3 27 1
25 27 1
98 22 1
3 50 1
25 31 1
74 4 1
34 83 1
4 17 1
4 13 1
4 40 1
4 65 1
4 9 1
4 3 1
4 3 1
12 96 1
13 3 1
15 27 1
15 96 1
15 12 1
77 66 1
24 25 1
24 26 1
24 51 1
24 32 1
24 83 1
59 94 1
96 15 1
96 61 1
25 24 1
26 24 1
26 27 1
3 67 1
3 66 1
3 8 1
3 13 1
3 40 1
3 4 1
3 68 1
3 85 1
3 69 1
3 17 1
3 35 1
17 3 1
20 94 1
17 40 1
15 96 1
13 3 1
65 40 1
50 52 1
50 86 1
4 3 1
56 107 1
56 94 1
31 25 1
31 25 1
32 24 1
20 8 1
112 94 1
21 22 1
21 98 1
64 42 1
98 21 1
18 94 1
18 107 1
121 40 1
121 40 1
72 71 1
72 73 1
72 12 1
72 15 1
72 5 1
72 117 1
72 74 1
67 3 1
76 40 1
76 70 1
76 70 1
76 40 1
51 24 1
17 56 1
17 15 1
17 54 1
68 3 1
40 76 1
40 70 1
86 50 1
76 40 1
8 20 1
8 3 1
56 17 1
8 3 1
76 40 1
15 17 1
50 47 1
35 3 1
35 3 1
35 13 1
86 40 1
86 40 1
56 88 1
2 40 1
2 13 1
2 72 1
2 74 1
88 56 1
83 34 1
13 2 1
83 24 1
57 84 1
70 40 1
86 4 1
86 13 1
50 75 1
75 50 1
47 50 1
74 2 1
33 4 1
4 33 1
42 64 1
84 19 1
4 3 1
4 84 1
4 35 1
4 13 1
4 18 1
4 57 1
47 50 1
57 4 1
71 15 1
71 72 1
71 73 1
71 5 1
13 4 1
4 86 1
4 53 1
86 19 1
59 86 1
59 84 1
59 47 1
59 68 1
59 69 1
59 56 1
59 85 1
59 89 1
59 48 1
59 76 1
59 88 1
59 94 1
59 2 1
50 86 1
86 50 1
86 4 1
66 3 1
66 3 1
66 27 1
66 27 1
11 5 1
43 42 1
43 45 1
43 79 1
43 79 1
43 42 1
43 42 1
43 45 1
43 79 1
69 86 1
69 84 1
69 86 1
69 76 1
69 89 1
5 11 1
95 30 1
3 4 1
47 40 1
42 33 1
59 95 1
59 94 1
59 68 1
59 44 1
59 123 1
59 79 1
59 2 1
59 68 1
59 44 1
59 123 1
59 79 1
59 94 1
59 2 1
59 1 1
59 95 1
64 42 1
35 4 1
70 69 1
70 76 1
42 43 1
42 43 1
42 43 1
76 70 1
1 59 1
13 35 1
53 4 1
59 1 1
35 13 1
79 43 1
79 43 1
42 43 1
42 29 1
42 22 1
42 63 1
42 2 1
42 95 1
42 98 1
42 33 1
2 42 1
98 42 1
84 69 1
26 24 1
29 42 1
18 4 1
95 42 1
33 42 1
33 42 1
33 12 1
54 17 1
74 4 1
69 70 1
50 52 1
4 74 1
8 20 1
54 15 1
42 33 1
59 94 1
59 65 1
77 66 1
4 106 1
70 50 1
20 8 1
40 47 1
47 40 1
1 38 1
77 66 1
88 15 1
84 57 1
50 86 1
86 19 1
86 50 1
2 33 1
2 83 1
77 66 1
33 54 1
54 33 1
33 2 1
85 3 1
48 68 1
48 3 1
48 8 1
76 40 1
6 106 1
68 48 1
19 84 1
3 48 1
6 106 1
3 40 1
84 19 1
94 65 1
94 14 1
65 94 1
15 88 1
15 54 1
88 15 1
65 94 1
101 109 1
40 3 1
3 40 1
101 109 1
107 56 1
69 40 1
69 76 1
74 9 1
74 65 1
74 72 1
68 85 1
45 43 1
45 43 1
8 48 1
76 84 1
101 109 1
94 65 1
3 68 1
3 40 1
3 15 1
3 8 1
3 66 1
74 59 1
65 74 1
68 3 1
69 76 1
69 40 1
69 19 1
3 56 1
75 50 1
59 14 1
56 3 1
59 74 1
50 47 1
47 50 1
8 3 1
21 84 1
94 65 1
94 14 1
94 9 1
65 94 1
83 58 1
83 2 1
83 58 1
69 66 1
69 86 1
69 3 1
69 50 1
50 70 1
5 54 1
54 5 1
40 8 1
96 15 1
96 61 1
96 12 1
29 23 1
4 74 1
8 40 1
23 29 1
42 3 1
23 29 1
23 94 1
94 23 1
61 40 1
70 50 1
61 40 1
38 1 1
61 15 1
61 96 1
94 65 1
94 14 1
38 63 1
38 115 1
74 4 1
63 42 1
15 96 1
63 42 1
29 23 1
63 38 1
96 15 1
96 61 1
61 96 1
15 96 1
18 58 1
18 13 1
18 81 1
18 4 1
18 7 1
18 43 1
7 18 1
52 50 1
52 50 1
5 54 1
19 84 1
65 94 1
52 3 1
40 3 1
29 120 1
29 30 1
65 94 1
52 50 1
19 84 1
94 65 1
30 29 1
30 95 1
13 18 1
32 15 1
9 94 1
88 15 1
18 13 1
18 4 1
13 18 1
4 18 1
4 18 1
2 13 1
2 72 1
2 40 1
2 74 1
119 29 1
119 29 1
119 54 1
13 2 1
9 74 1
17 56 1
17 54 1
17 15 1
15 17 1
9 50 1
9 74 1
21 88 1
66 3 1
88 21 1
56 17 1
66 27 1
56 88 1
88 15 1
88 56 1
57 86 1
12 61 1
61 12 1
12 96 1
59 85 1
59 86 1
59 76 1
59 88 1
59 68 1
59 69 1
59 56 1
59 84 1
59 89 1
59 48 1
59 47 1
59 94 1
59 2 1
69 59 1
71 72 1
71 5 1
71 15 1
71 73 1
84 19 1
84 19 1
14 88 1
88 14 1
86 94 1
86 65 1
21 84 1
56 48 1
21 70 1
86 57 1
50 47 1
47 50 1
50 47 1
50 75 1
54 5 1
54 17 1
70 21 1
47 50 1
94 86 1
94 65 1
86 94 1
58 18 1
70 50 1
29 42 1
29 80 1
74 2 1
33 21 1
80 29 1
50 52 1
21 33 1
52 50 1
33 5 1
52 103 1
86 57 1
84 4 1
84 53 1
84 70 1
84 40 1
80 29 1
29 80 1
84 47 1
103 52 1
58 83 1
75 50 1
3 53 1
3 13 1
3 35 1
3 51 1
58 83 1
90 18 1
94 65 1
94 14 1
32 30 1
3 40 1
65 94 1
3 42 1
13 3 1
50 47 1
50 75 1
47 50 1
53 3 1
70 53 1
53 70 1
76 40 1
42 29 1
40 121 1
80 42 1
90 64 1
15 88 1
86 65 1
86 94 1
121 40 1
15 32 1
3 66 1
3 67 1
3 40 1
3 4 1
3 8 1
3 13 1
3 68 1
3 69 1
3 85 1
3 17 1
3 35 1
69 3 1
66 3 1
94 2 1
94 59 1
40 76 1
2 94 1
65 94 1
76 40 1
65 94 1
65 9 1
65 59 1
4 3 1
21 7 1
21 10 1
75 50 1
14 59 1
13 3 1
42 80 1
77 66 1
88 15 1
75 50 1
94 65 1
11 5 1
3 8 1
3 40 1
3 67 1
3 50 1
3 18 1
3 66 1
115 67 1
115 66 1
115 67 1
27 62 1
27 40 1
27 8 1
27 5 1
27 66 1
27 3 1
27 15 1
27 26 1
27 39 1
27 13 1
66 3 1
63 37 1
37 63 1
21 33 1
106 73 1
106 117 1
13 27 1
59 94 1
66 67 1
3 27 1
66 115 1
3 51 1
3 50 1
3 4 1
3 18 1
3 52 1
3 53 1
73 72 1
86 69 1
69 86 1
52 3 1
53 3 1
39 27 1
75 50 1
72 9 1
72 14 1
72 65 1
58 7 1
7 58 1
4 58 1
4 106 1
4 18 1
72 67 1
72 15 1
72 5 1
4 3 1
48 56 1
90 67 1
90 66 1
90 115 1
90 81 1
90 39 1
90 25 1
90 26 1
90 33 1
90 5 1
90 15 1
90 58 1
90 117 1
90 3 1
90 8 1
90 4 1
90 50 1
90 9 1
90 68 1
90 47 1
90 24 1
90 105 1
90 83 1
90 52 1
90 74 1
90 113 1
58 90 1
105 90 1
115 90 1
52 90 1
104 30 1
3 90 1
47 90 1
76 40 1
76 70 1
56 73 1
4 90 1
30 104 1
66 90 1
47 73 1
21 84 1
85 3 1
84 21 1
93 86 1
86 93 1
93 86 1
65 38 1
51 3 1
74 90 1
30 104 1
74 4 1
51 3 1
8 27 1
8 3 1
4 74 1
8 3 1
9 90 1
8 90 1
12 15 1
113 90 1
33 90 1
123 95 1
123 79 1
9 65 1
104 30 1
6 106 1
74 59 1
58 7 1
83 90 1
84 50 1
7 58 1
4 106 1
6 106 1
15 88 1
80 84 1
80 69 1
69 80 1
15 12 1
15 27 1
15 90 1
73 56 1
38 63 1
88 15 1
38 22 1
22 7 1
7 22 1
38 65 1
95 123 1
76 53 1
39 90 1
84 80 1
53 76 1
76 53 1
84 86 1
18 90 1
59 74 1
84 53 1
77 9 1
77 66 1
73 47 1
18 3 1
53 84 1
18 3 1
9 3 1
9 32 1
9 17 1
9 66 1
9 15 1
9 5 1
9 8 1
9 26 1
9 67 1
3 9 1
18 81 1
32 9 1
62 27 1
63 42 1
12 15 1
84 53 1
66 9 1
26 90 1
26 9 1
67 9 1
86 93 1
67 90 1
67 72 1
67 15 1
67 5 1
67 66 1
26 27 1
67 115 1
67 115 1
67 3 1
7 42 1
15 9 1
67 3 1
40 76 1
50 86 1
50 27 1
50 93 1
50 101 1
50 124 1
15 12 1
34 24 1
94 65 1
94 9 1
94 14 1
65 94 1
93 50 1
17 3 1
96 15 1
96 61 1
17 9 1
101 50 1
61 96 1
9 94 1
17 3 1
3 17 1
15 96 1
76 40 1
76 53 1
67 59 1
32 104 1
3 20 1
20 3 1
104 32 1
20 3 1
3 20 1
29 22 1
65 94 1
20 3 1
3 20 1
86 50 1
29 39 1
58 7 1
27 50 1
8 9 1
47 73 1
73 47 1
29 34 1
33 21 1
50 75 1
75 50 1
3 50 1
3 8 1
3 13 1
3 35 1
3 51 1
3 52 1
3 53 1
3 20 1
3 18 1
3 40 1
3 66 1
52 3 1
61 15 1
61 12 1
12 61 1
66 3 1
51 3 1
8 3 1
15 61 1
42 33 1
42 20 1
107 18 1
73 95 1
95 73 1
42 63 1
94 65 1
76 53 1
50 75 1
39 29 1
75 50 1
73 72 1
84 19 1
84 40 1
12 15 1
15 12 1
12 15 1
15 12 1
50 70 1
12 15 1
15 12 1
12 15 1
15 12 1
80 64 1
50 70 1
53 3 1
1 2 1
1 5 1
1 6 1
1 7 1
1 3 1
1 8 1
1 9 1
1 10 1
1 11 1
1 12 1
1 65 1
1 13 1
1 14 1
1 15 1
1 4 1
1 16 1
1 17 1
