4 1 1
4 65 1
4 10 1
4 9 1
4 7 1
4 3 1
4 13 1
4 17 1
4 65 1
4 1 1
4 7 1
4 10 1
4 3 1
4 13 1
4 9 1
4 17 1
13 4 1
18 80 1
42 115 1
18 55 1
42 43 1
42 43 1
18 57 1
18 57 1
18 21 1
18 3 1
55 18 1
18 20 1
18 108 1
18 3 1
57 76 1
57 76 1
57 76 1
57 76 1
18 3 1
18 3 1
73 5 1
73 12 1
34 24 1
1 4 1
24 34 1
17 4 1
1 7 1
1 40 1
1 4 1
1 37 1
37 1 1
26 32 1
62 27 1
19 1 1
1 19 1
11 25 1
11 31 1
11 33 1
62 3 1
62 27 1
50 76 1
96 61 1
96 15 1
96 12 1
61 96 1
15 96 1
33 63 1
1 19 1
1 15 1
1 3 1
1 16 1
1 10 1
1 44 1
1 9 1
1 8 1
1 14 1
1 13 1
1 12 1
1 7 1
1 5 1
1 17 1
1 4 1
1 11 1
1 2 1
1 40 1
1 65 1
1 6 1
33 11 1
71 15 1
71 12 1
71 72 1
17 1 1
71 5 1
13 1 1
96 15 1
96 61 1
5 1 1
2 1 1
48 75 1
1 40 1
3 1 1
19 1 1
61 96 1
40 1 1
8 1 1
42 15 1
42 3 1
4 1 1
1 40 1
25 11 1
15 1 1
13 3 1
15 96 1
7 1 1
7 4 1
40 6 1
65 1 1
65 4 1
94 65 1
94 14 1
65 42 1
65 94 1
42 65 1
3 66 1
3 8 1
3 68 1
3 69 1
3 67 1
3 13 1
3 40 1
3 4 1
3 85 1
3 17 1
42 69 1
42 68 1
42 43 1
42 43 1
42 43 1
42 43 1
17 3 1
95 30 1
13 3 1
29 63 1
4 3 1
76 57 1
76 57 1
8 3 1
94 68 1
94 88 1
94 76 1
94 84 1
94 85 1
94 86 1
94 48 1
94 56 1
94 69 1
94 47 1
65 94 1
56 94 1
48 94 1
6 1 1
6 40 1
75 50 1
17 15 1
17 56 1
17 54 1
56 17 1
63 33 1
15 17 1
63 29 1
42 112 1
15 26 1
15 25 1
56 94 1
68 42 1
47 94 1
77 3 1
48 44 1
48 85 1
48 85 1
68 2 1
68 59 1
68 94 1
59 68 1
68 94 1
68 3 1
84 76 1
84 94 1
76 94 1
76 50 1
94 65 1
94 56 1
9 1 1
9 4 1
26 15 1
25 15 1
7 1 1
1 7 1
75 53 1
75 53 1
17 1 1
112 42 1
10 1 1
29 22 1
10 4 1
2 74 1
2 59 1
2 72 1
2 40 1
59 2 1
25 26 1
25 31 1
25 15 1
25 5 1
69 76 1
24 8 1
74 67 1
74 2 1
9 68 1
9 56 1
9 67 1
9 69 1
9 85 1
9 66 1
18 3 1
1 17 1
30 44 1
26 25 1
67 74 1
15 25 1
67 3 1
30 83 1
30 95 1
71 72 1
71 15 1
71 73 1
71 5 1
71 117 1
30 32 1
74 72 1
18 7 1
18 43 1
18 58 1
18 81 1
18 56 1
81 18 1
7 18 1
56 18 1
58 18 1
11 1 1
83 33 1
11 5 1
43 18 1
29 42 1
5 25 1
50 47 1
50 93 1
50 101 1
50 124 1
50 27 1
101 50 1
18 1 1
18 57 1
18 46 1
18 23 1
88 94 1
76 40 1
1 18 1
57 18 1
50 47 1
50 93 1
50 101 1
50 124 1
50 27 1
50 47 1
50 93 1
50 101 1
50 124 1
50 27 1
5 11 1
101 50 1
101 50 1
47 50 1
47 50 1
50 47 1
50 93 1
50 101 1
50 124 1
50 27 1
50 47 1
50 93 1
50 101 1
50 124 1
50 27 1
101 50 1
101 50 1
47 50 1
47 50 1
50 47 1
50 93 1
50 101 1
50 124 1
50 27 1
47 50 1
47 50 1
76 53 1
101 50 1
65 112 1
124 50 1
124 50 1
124 50 1
124 50 1
124 50 1
124 50 1
8 24 1
74 17 1
74 72 1
74 9 1
74 14 1
74 65 1
65 74 1
8 51 1
8 20 1
17 74 1
23 18 1
112 65 1
76 50 1
94 2 1
2 94 1
9 74 1
20 63 1
20 8 1
63 33 1
63 20 1
69 42 1
103 52 1
103 105 1
50 76 1
76 50 1
1 18 1
88 19 1
4 106 1
19 57 1
57 19 1
50 47 1
50 93 1
50 101 1
50 124 1
50 27 1
101 50 1
47 50 1
124 50 1
75 53 1
71 40 1
71 1 1
71 73 1
46 18 1
73 72 1
71 72 1
71 72 1
42 29 1
2 72 1
2 74 1
2 40 1
8 30 1
74 2 1
88 1 1
85 3 1
85 94 1
69 76 1
30 8 1
68 42 1
76 81 1
1 88 1
88 69 1
88 1 1
4 1 1
4 9 1
4 65 1
4 7 1
4 10 1
4 3 1
4 13 1
4 17 1
7 4 1
17 4 1
9 4 1
3 4 1
13 4 1
1 4 1
69 88 1
74 9 1
74 65 1
74 72 1
9 74 1
3 13 1
3 18 1
3 66 1
3 50 1
3 8 1
3 68 1
8 3 1
105 103 1
112 79 1
13 3 1
3 85 1
3 68 1
3 8 1
3 13 1
3 18 1
3 40 1
13 3 1
18 3 1
85 3 1
18 3 1
43 42 1
8 3 1
43 42 1
43 79 1
43 45 1
43 79 1
45 43 1
18 1 1
6 106 1
6 106 1
14 13 1
81 76 1
81 69 1
76 81 1
74 72 1
63 33 1
68 3 1
48 40 1
3 8 1
3 13 1
3 40 1
3 68 1
3 69 1
3 85 1
3 67 1
3 66 1
3 4 1
3 17 1
68 3 1
68 3 1
13 3 1
79 43 1
76 69 1
65 4 1
65 74 1
85 3 1
48 3 1
58 29 1
58 33 1
58 54 1
58 83 1
58 117 1
58 106 1
9 67 1
9 66 1
8 3 1
38 69 1
74 59 1
74 2 1
59 74 1
13 14 1
29 58 1
13 14 1
14 13 1
14 13 1
13 14 1
13 14 1
14 13 1
13 14 1
14 13 1
14 13 1
13 14 1
13 14 1
90 66 1
90 77 1
1 40 1
1 73 1
51 113 1
112 80 1
48 85 1
69 42 1
17 3 1
85 48 1
48 85 1
85 48 1
51 8 1
51 13 1
51 3 1
3 51 1
51 8 1
4 3 1
69 38 1
69 84 1
65 94 1
76 19 1
106 58 1
77 90 1
84 69 1
76 19 1
67 9 1
67 9 1
67 66 1
8 51 1
67 3 1
38 69 1
38 84 1
38 36 1
42 43 1
42 43 1
84 38 1
76 57 1
10 4 1
48 85 1
74 4 1
85 48 1
47 8 1
47 40 1
47 68 1
68 47 1
69 76 1
69 50 1
80 112 1
60 27 1
60 77 1
60 117 1
27 60 1
1 7 1
1 5 1
1 6 1
1 2 1
1 44 1
1 3 1
1 8 1
1 9 1
1 10 1
1 11 1
1 12 1
1 65 1
1 13 1
1 14 1
1 15 1
1 4 1
1 40 1
1 16 1
1 17 1
4 74 1
57 76 1
4 74 1
4 40 1
33 58 1
33 63 1
33 63 1
33 63 1
54 58 1
54 17 1
33 83 1
94 65 1
2 74 1
83 58 1
52 103 1
52 103 1
94 14 1
94 65 1
73 1 1
8 47 1
74 4 1
40 8 1
14 94 1
40 13 1
13 40 1
14 94 1
14 65 1
71 72 1
100 7 1
94 14 1
10 7 1
10 21 1
10 7 1
10 21 1
6 8 1
6 8 1
71 72 1
6 8 1
6 8 1
94 84 1
94 69 1
94 86 1
94 48 1
94 68 1
94 56 1
94 88 1
94 76 1
94 85 1
94 47 1
12 1 1
33 1 1
33 7 1
96 12 1
96 15 1
96 61 1
12 96 1
12 96 1
33 15 1
61 96 1
12 96 1
15 96 1
3 66 1
3 8 1
3 13 1
3 68 1
3 85 1
3 17 1
3 67 1
3 40 1
3 4 1
3 69 1
96 15 1
96 61 1
15 96 1
4 3 1
61 96 1
8 3 1
40 3 1
65 14 1
56 94 1
13 3 1
59 2 1
59 74 1
13 3 1
13 17 1
13 8 1
13 40 1
21 72 1
47 94 1
3 40 1
3 67 1
3 66 1
14 13 1
59 67 1
13 14 1
17 3 1
15 25 1
15 26 1
13 14 1
25 15 1
14 13 1
76 57 1
14 13 1
14 13 1
88 94 1
13 14 1
13 14 1
103 52 1
76 57 1
25 26 1
7 100 1
47 68 1
47 59 1
14 13 1
11 5 1
59 47 1
68 47 1
17 56 1
17 15 1
17 54 1
68 3 1
68 94 1
56 17 1
13 14 1
7 10 1
59 1 1
59 68 1
59 44 1
59 123 1
59 79 1
59 95 1
59 94 1
59 2 1
76 40 1
7 10 1
76 94 1
84 94 1
2 59 1
2 74 1
2 72 1
2 40 1
84 69 1
74 44 1
67 3 1
67 3 1
59 79 1
59 112 1
5 11 1
59 2 1
69 40 1
69 76 1
74 2 1
40 69 1
53 75 1
69 40 1
76 50 1
69 40 1
119 54 1
54 17 1
59 68 1
59 56 1
59 85 1
59 47 1
59 69 1
59 86 1
59 84 1
59 89 1
59 48 1
59 76 1
59 88 1
59 94 1
59 2 1
32 15 1
69 84 1
15 17 1
65 94 1
2 59 1
20 42 1
20 7 1
20 3 1
20 22 1
3 20 1
47 68 1
68 47 1
19 67 1
19 66 1
19 1 1
19 90 1
19 9 1
19 17 1
19 18 1
19 7 1
19 38 1
19 91 1
15 56 1
15 88 1
59 2 1
17 19 1
1 19 1
14 9 1
69 40 1
84 57 1
88 15 1
18 19 1
56 15 1
9 19 1
81 68 1
40 8 1
40 41 1
69 76 1
9 14 1
71 15 1
68 81 1
32 30 1
47 95 1
95 47 1
8 40 1
6 106 1
50 76 1
7 20 1
7 19 1
6 106 1
1 38 1
6 106 1
40 69 1
6 106 1
15 32 1
76 50 1
76 50 1
15 32 1
32 15 1
45 51 1
90 19 1
71 72 1
71 73 1
71 117 1
71 15 1
71 5 1
51 45 1
14 13 1
5 54 1
48 94 1
115 66 1
115 67 1
22 7 1
7 22 1
4 106 1
4 106 1
75 48 1
48 75 1
3 4 1
3 13 1
74 40 1
73 1 1
1 73 1
13 40 1
13 8 1
13 3 1
13 3 1
56 72 1
67 115 1
7 22 1
75 50 1
76 50 1
9 14 1
14 9 1
44 38 1
67 19 1
48 4 1
59 2 1
68 48 1
50 76 1
76 50 1
14 13 1
57 84 1
57 18 1
57 101 1
71 73 1
101 57 1
32 7 1
85 3 1
85 94 1
40 1 1
13 53 1
13 50 1
13 3 1
13 4 1
54 5 1
84 57 1
54 5 1
50 69 1
39 29 1
3 66 1
3 68 1
3 9 1
3 17 1
3 67 1
68 3 1
32 7 1
50 76 1
76 50 1
1 40 1
29 39 1
2 59 1
2 72 1
2 40 1
2 74 1
47 68 1
47 59 1
59 2 1
38 36 1
74 2 1
65 59 1
65 9 1
4 3 1
59 94 1
59 2 1
59 95 1
59 79 1
59 123 1
59 44 1
59 68 1
59 56 1
4 48 1
59 47 1
76 19 1
68 47 1
4 93 1
4 101 1
4 124 1
4 27 1
101 4 1
84 69 1
13 3 1
74 59 1
69 50 1
68 85 1
68 48 1
68 47 1
32 30 1
32 5 1
32 8 1
32 26 1
48 50 1
59 74 1
59 2 1
59 94 1
17 3 1
14 13 1
124 4 1
5 54 1
37 38 1
13 17 1
50 3 1
50 41 1
54 10 1
54 15 1
15 54 1
76 19 1
94 65 1
94 14 1
32 104 1
50 17 1
50 3 1
37 38 1
38 37 1
37 38 1
42 20 1
65 94 1
38 72 1
10 54 1
67 3 1
3 50 1
3 50 1
74 44 1
44 74 1
18 57 1
37 38 1
37 36 1
50 75 1
75 50 1
69 101 1
72 15 1
72 5 1
76 101 1
84 57 1
72 71 1
72 73 1
72 15 1
72 5 1
21 10 1
21 10 1
47 93 1
47 101 1
47 124 1
47 27 1
2 69 1
76 50 1
71 73 1
69 50 1
69 53 1
50 69 1
69 50 1
71 73 1
50 17 1
50 3 1
3 50 1
50 17 1
30 15 1
30 54 1
30 33 1
30 8 1
30 3 1
30 17 1
96 40 1
30 3 1
30 17 1
30 13 1
30 20 1
30 33 1
30 15 1
30 54 1
30 5 1
30 39 1
30 13 1
30 7 1
30 32 1
32 30 1
74 72 1
9 65 1
9 67 1
67 9 1
69 2 1
84 81 1
112 1 1
69 40 1
69 40 1
134 1 1
153 53 1
1 112 1
1 5 1
1 6 1
1 7 1
1 2 1
1 44 1
1 3 1
1 8 1
1 9 1
1 10 1
1 11 1
1 12 1
1 65 1
1 13 1
1 14 1
1 15 1
1 4 1
1 40 1
1 16 1
1 17 1
124 47 1
20 30 1
4 74 1
101 47 1
40 3 1
40 8 1
40 72 1
101 69 1
40 1 1
33 30 1
33 30 1
54 30 1
54 30 1
13 17 1
13 30 1
13 30 1
8 30 1
13 51 1
94 14 1
94 65 1
94 9 1
8 40 1
74 4 1
6 106 1
10 75 1
17 30 1
17 30 1
17 50 1
17 50 1
39 30 1
13 7 1
13 1 1
3 30 1
75 10 1
3 30 1
3 40 1
3 13 1
13 8 1
13 3 1
81 51 1
15 30 1
15 30 1
94 56 1
94 88 1
94 76 1
94 69 1
94 84 1
94 68 1
94 48 1
94 86 1
94 47 1
94 85 1
94 95 1
1 40 1
1 73 1
7 30 1
5 30 1
26 15 1
26 25 1
79 43 1
84 94 1
96 15 1
96 12 1
96 61 1
15 96 1
68 94 1
3 13 1
3 40 1
3 68 1
3 67 1
3 8 1
3 4 1
3 69 1
3 85 1
3 17 1
68 3 1
61 96 1
13 3 1
12 96 1
88 94 1
69 101 1
100 7 1
69 101 1
47 94 1
96 15 1
96 61 1
15 96 1
32 15 1
32 5 1
32 8 1
32 15 1
32 5 1
32 8 1
32 15 1
32 5 1
32 8 1
32 8 1
32 5 1
32 15 1
32 15 1
32 3 1
32 26 1
32 24 1
32 83 1
68 27 1
68 81 1
27 68 1
65 94 1
5 83 1
5 83 1
5 83 1
5 83 1
95 94 1
9 94 1
9 3 1
14 59 1
56 94 1
47 93 1
47 101 1
47 124 1
47 27 1
101 47 1
11 5 1
94 67 1
94 59 1
4 3 1
59 94 1
94 14 1
94 65 1
94 9 1
67 94 1
3 8 1
3 13 1
3 51 1
3 66 1
5 11 1
83 5 1
61 96 1
76 94 1
84 57 1
9 94 1
59 14 1
13 53 1
13 3 1
73 1 1
67 80 1
67 3 1
40 1 1
115 67 1
44 42 1
1 40 1
38 37 1
38 36 1
17 3 1
8 3 1
8 3 1
17 56 1
17 15 1
17 54 1
15 17 1
40 69 1
40 3 1
40 8 1
3 40 1
69 40 1
76 40 1
76 69 1
65 94 1
69 19 1
76 40 1
124 47 1
56 17 1
21 88 1
40 76 1
43 79 1
40 76 1
76 40 1
79 43 1
67 115 1
88 21 1
76 40 1
76 19 1
41 50 1
53 13 1
19 57 1
41 40 1
15 72 1
15 5 1
15 12 1
12 15 1
59 14 1
59 9 1
59 67 1
72 71 1
72 73 1
57 19 1
29 120 1
29 23 1
2 59 1
2 72 1
2 40 1
2 74 1
73 72 1
73 15 1
73 5 1
73 71 1
59 2 1
15 73 1
74 2 1
47 68 1
52 34 1
21 84 1
32 24 1
32 26 1
18 57 1
38 1 1
94 65 1
94 14 1
59 67 1
65 94 1
84 21 1
72 83 1
72 66 1
94 65 1
94 14 1
29 7 1
65 94 1
7 29 1
8 40 1
14 80 1
47 40 1
47 75 1
84 69 1
47 40 1
8 13 1
56 47 1
56 69 1
47 56 1
65 94 1
44 14 1
34 52 1
38 36 1
38 37 1
38 36 1
38 1 1
13 8 1
57 18 1
95 44 1
5 15 1
5 73 1
59 56 1
1 36 1
75 47 1
84 101 1
2 68 1
94 65 1
30 7 1
7 30 1
40 47 1
75 50 1
8 1 1
8 7 1
57 84 1
6 106 1
7 8 1
6 106 1
59 56 1
6 106 1
75 50 1
6 106 1
32 9 1
68 2 1
2 59 1
2 40 1
2 74 1
2 72 1
15 9 1
15 66 1
59 2 1
15 5 1
54 17 1
9 15 1
47 40 1
9 32 1
47 40 1
47 75 1
68 2 1
50 75 1
84 57 1
5 15 1
68 53 1
68 48 1
74 40 1
75 50 1
75 47 1
75 50 1
1 8 1
48 94 1
4 106 1
85 3 1
85 94 1
83 38 1
8 7 1
38 83 1
7 8 1
53 69 1
59 67 1
59 9 1
59 14 1
75 50 1
23 29 1
23 29 1
74 2 1
57 84 1
56 5 1
29 23 1
29 80 1
2 59 1
2 40 1
2 72 1
2 74 1
84 57 1
59 2 1
80 29 1
105 103 1
103 105 1
56 15 1
69 3 1
69 67 1
69 66 1
69 68 1
69 8 1
69 40 1
5 56 1
74 2 1
76 50 1
7 8 1
74 4 1
73 9 1
73 14 1
73 65 1
44 95 1
74 59 1
65 73 1
56 55 1
56 18 1
18 56 1
40 43 1
40 47 1
40 75 1
59 74 1
59 94 1
59 2 1
57 84 1
53 68 1
4 74 1
50 75 1
88 15 1
18 3 1
75 50 1
84 57 1
21 84 1
68 53 1
1 40 1
85 68 1
53 75 1
89 18 1
57 84 1
18 89 1
47 40 1
9 73 1
8 7 1
69 40 1
68 48 1
75 53 1
75 40 1
56 18 1
15 56 1
69 76 1
18 56 1
9 66 1
9 67 1
40 69 1
69 40 1
8 30 1
30 8 1
50 75 1
50 82 1
50 49 1
50 101 1
50 93 1
50 124 1
50 27 1
51 81 1
30 7 1
51 3 1
55 56 1
7 30 1
30 3 1
30 8 1
30 17 1
21 84 1
15 12 1
12 15 1
84 21 1
59 2 1
59 94 1
84 21 1
50 69 1
50 3 1
50 75 1
69 50 1
69 84 1
75 50 1
75 50 1
105 103 1
38 36 1
15 1 1
15 7 1
7 15 1
1 15 1
17 30 1
68 85 1
3 50 1
103 105 1
67 9 1
3 30 1
68 85 1
8 30 1
80 69 1
80 84 1
82 50 1
1 5 1
1 6 1
1 7 1
1 2 1
1 44 1
1 3 1
1 8 1
1 9 1
1 10 1
1 11 1
1 12 1
1 65 1
1 13 1
1 14 1
1 15 1
1 4 1
1 40 1
1 16 1
1 17 1
40 50 1
101 50 1
25 26 1
26 25 1
1 13 1
1 40 1
1 10 1
1 12 1
1 7 1
1 4 1
1 11 1
1 16 1
1 2 1
1 6 1
1 40 1
94 65 1
94 14 1
13 1 1
7 1 1
3 13 1
72 66 1
72 83 1
13 3 1
10 1 1
12 1 1
4 1 1
11 1 1
96 15 1
96 12 1
96 61 1
12 96 1
15 96 1
59 67 1
61 96 1
3 67 1
3 69 1
3 8 1
3 13 1
3 40 1
3 4 1
3 68 1
3 85 1
3 17 1
6 1 1
96 15 1
96 61 1
8 3 1
61 96 1
13 3 1
6 1 1
6 7 1
6 7 1
6 1 1
15 96 1
6 7 1
6 1 1
40 72 1
40 3 1
40 8 1
6 7 1
6 1 1
4 3 1
6 106 1
3 40 1
2 1 1
94 88 1
94 47 1
94 69 1
94 84 1
94 56 1
94 86 1
94 48 1
94 68 1
94 85 1
94 76 1
56 94 1
17 3 1
58 33 1
58 83 1
58 54 1
58 23 1
58 106 1
47 94 1
23 58 1
23 58 1
40 6 1
3 40 1
54 58 1
76 94 1
75 50 1
33 58 1
56 94 1
17 56 1
17 15 1
17 54 1
106 58 1
83 58 1
69 76 1
38 1 1
56 17 1
69 76 1
88 94 1
68 3 1
68 94 1
6 40 1
54 17 1
65 94 1
94 56 1
95 44 1
84 76 1
84 80 1
44 95 1
84 94 1
76 75 1
2 59 1
2 72 1
2 40 1
2 74 1
74 2 1
84 40 1
59 2 1
33 130 1
76 19 1
8 40 1
15 17 1
19 76 1
12 31 1
12 25 1
84 69 1
73 72 1
73 15 1
73 5 1
73 71 1
76 50 1
76 19 1
18 88 1
18 3 1
18 79 1
18 56 1
18 57 1
18 43 1
88 18 1
58 23 1
76 69 1
76 40 1
17 50 1
6 1 1
38 37 1
1 6 1
3 18 1
15 73 1
8 1 1
8 7 1
56 18 1
5 73 1
79 18 1
151 10 1
79 44 1
6 106 1
15 88 1
88 15 1
40 8 1
48 94 1
9 66 1
9 67 1
11 5 1
54 5 1
54 33 1
54 58 1
54 83 1
7 8 1
5 11 1
8 40 1
5 54 1
57 84 1
57 18 1
69 84 1
69 76 1
84 57 1
69 19 1
69 84 1
69 75 1
69 50 1
69 3 1
74 40 1
1 8 1
57 76 1
76 57 1
74 4 1
54 15 1
15 54 1
15 12 1
12 15 1
58 54 1
69 19 1
6 106 1
33 54 1
4 106 1
4 74 1
1 6 1
69 40 1
69 40 1
83 54 1
40 8 1
44 79 1
25 12 1
76 50 1
8 40 1
18 44 1
44 18 1
6 1 1
40 69 1
40 8 1
115 90 1
69 40 1
20 51 1
88 15 1
8 40 1
51 20 1
85 94 1
85 3 1
15 56 1
56 15 1
90 115 1
105 103 1
6 106 1
6 106 1
84 69 1
84 76 1
6 106 1
76 19 1
33 96 1
37 38 1
54 15 1
48 47 1
74 59 1
74 94 1
59 74 1
76 50 1
47 48 1
23 83 1
23 83 1
83 23 1
83 23 1
9 90 1
9 80 1
9 44 1
9 14 1
9 77 1
9 59 1
9 66 1
14 9 1
6 106 1
59 9 1
68 69 1
68 56 1
69 8 1
69 40 1
38 37 1
1 112 1
1 44 1
44 1 1
112 1 1
56 69 1
76 69 1
2 6 1
9 14 1
9 59 1
9 44 1
9 90 1
9 77 1
9 80 1
9 66 1
40 72 1
40 3 1
44 9 1
145 68 1
90 9 1
96 33 1
59 14 1
59 9 1
44 9 1
40 41 1
40 69 1
40 8 1
14 9 1
3 40 1
3 8 1
3 13 1
3 72 1
3 40 1
94 74 1
69 40 1
13 3 1
6 2 1
15 54 1
37 38 1
84 69 1
47 55 1
69 68 1
84 69 1
85 3 1
85 13 1
143 80 1
88 15 1
88 15 1
55 47 1
8 3 1
8 40 1
90 9 1
15 88 1
88 15 1
3 85 1
21 56 1
21 88 1
56 21 1
3 85 1
88 21 1
106 117 1
106 73 1
85 3 1
85 3 1
72 69 1
80 9 1
80 9 1
68 67 1
68 65 1
68 66 1
68 3 1
68 9 1
68 15 1
68 72 1
68 69 1
68 56 1
68 48 1
74 4 1
48 4 1
69 50 1
76 81 1
59 9 1
68 69 1
144 38 1
141 104 1
13 85 1
4 74 1
40 65 1
40 17 1
94 56 1
94 88 1
94 76 1
94 48 1
94 86 1
94 68 1
94 69 1
94 84 1
94 85 1
94 47 1
42 44 1
8 50 1
8 53 1
13 3 1
3 85 1
3 13 1
3 4 1
13 3 1
96 15 1
96 12 1
96 61 1
15 96 1
3 8 1
3 13 1
3 40 1
3 4 1
13 3 1
4 17 1
4 3 1
4 65 1
4 74 1
4 13 1
4 9 1
4 40 1
74 4 1
17 4 1
40 121 1
4 3 1
13 4 1
8 3 1
4 3 1
96 15 1
96 61 1
94 2 1
4 48 1
12 96 1
13 3 1
13 40 1
4 13 1
4 3 1
13 4 1
3 4 1
15 96 1
3 4 1
11 5 1
9 4 1
12 72 1
12 15 1
12 71 1
12 73 1
53 8 1
15 12 1
88 94 1
2 94 1
73 12 1
2 94 1
41 40 1
153 53 1
94 2 1
3 67 1
3 40 1
3 66 1
3 8 1
3 13 1
3 4 1
3 68 1
3 85 1
3 69 1
3 17 1
94 67 1
94 59 1
13 3 1
17 9 1
67 94 1
59 94 1
4 3 1
68 3 1
67 3 1
68 94 1
9 17 1
56 94 1
5 11 1
47 94 1
56 69 1
124 50 1
72 5 1
72 71 1
72 73 1
72 12 1
72 15 1
72 117 1
72 74 1
38 37 1
38 36 1
38 1 1
17 3 1
76 94 1
4 3 1
21 56 1
21 88 1
56 21 1
84 94 1
88 21 1
32 83 1
17 56 1
17 15 1
17 54 1
2 72 1
2 59 1
2 40 1
2 74 1
59 2 1
38 1 1
45 112 1
112 45 1
54 17 1
73 5 1
73 71 1
73 72 1
73 15 1
76 50 1
74 2 1
74 40 1
9 68 1
9 69 1
9 3 1
9 8 1
56 17 1
8 9 1
8 3 1
84 57 1
68 9 1
65 4 1
3 9 1
3 50 1
3 53 1
3 8 1
3 13 1
3 40 1
68 47 1
68 48 1
68 85 1
53 3 1
84 86 1
86 84 1
3 4 1
68 48 1
56 15 1
50 3 1
50 38 1
50 13 1
3 50 1
58 23 1
58 54 1
58 29 1
58 33 1
58 43 1
58 4 1
58 83 1
38 36 1
3 38 1
3 50 1
3 13 1
38 36 1
5 73 1
13 50 1
13 3 1
29 58 1
13 3 1
8 3 1
74 59 1
74 94 1
15 73 1
15 17 1
47 8 1
47 40 1
47 68 1
29 39 1
75 50 1
2 84 1
2 76 1
2 88 1
2 47 1
2 67 1
2 59 1
2 68 1
2 69 1
2 56 1
2 85 1
2 86 1
2 89 1
2 48 1
2 94 1
86 2 1
58 18 1
58 7 1
7 58 1
76 50 1
56 2 1
48 2 1
54 58 1
47 2 1
18 58 1
59 74 1
59 2 1
9 67 1
88 2 1
44 42 1
69 18 1
69 43 1
69 40 1
69 3 1
76 2 1
26 30 1
26 45 1
42 44 1
69 84 1
69 76 1
69 86 1
86 69 1
75 50 1
30 45 1
4 58 1
83 32 1
83 58 1
83 58 1
58 83 1
83 32 1
94 74 1
94 2 1
58 83 1
83 58 1
83 58 1
38 37 1
153 53 1
89 2 1
38 37 1
38 36 1
37 38 1
37 38 1
72 115 1
69 19 1
3 8 1
15 56 1
36 38 1
85 2 1
85 48 1
85 3 1
85 94 1
48 85 1
15 54 1
54 15 1
9 67 1
54 120 1
8 3 1
8 47 1
67 3 1
67 68 1
67 66 1
67 2 1
67 9 1
88 15 1
88 61 1
88 96 1
88 12 1
8 69 1
29 42 1
120 54 1
88 61 1
88 96 1
88 12 1
6 106 1
59 67 1
32 83 1
88 61 1
40 121 1
15 54 1
68 85 1
69 8 1
68 2 1
68 47 1
23 58 1
54 15 1
39 29 1
23 58 1
42 29 1
75 50 1
3 13 1
3 53 1
3 4 1
4 3 1
50 69 1
50 75 1
13 3 1
53 3 1
69 50 1
69 75 1
69 84 1
76 69 1
50 76 1
69 76 1
76 50 1
75 50 1
50 75 1
75 50 1
76 50 1
76 81 1
76 50 1
69 84 1
50 76 1
68 59 1
68 2 1
68 94 1
59 68 1
76 50 1
50 76 1
76 50 1
76 50 1
50 76 1
50 3 1
76 50 1
3 50 1
50 76 1
34 24 1
76 50 1
24 34 1
76 50 1
47 3 1
47 13 1
3 47 1
3 8 1
3 13 1
3 47 1
50 76 1
76 50 1
47 3 1
50 76 1
50 81 1
12 15 1
1 7 1
7 1 1
138 47 1
106 117 1
106 73 1
54 15 1
54 88 1
54 56 1
54 12 1
54 96 1
50 69 1
50 3 1
8 3 1
12 54 1
76 50 1
68 94 1
68 2 1
68 59 1
68 48 1
3 50 1
69 84 1
69 76 1
69 50 1
50 76 1
76 50 1
84 89 1
13 3 1
13 47 1
13 3 1
13 3 1
13 8 1
13 41 1
13 3 1
13 8 1
13 41 1
57 79 1
57 18 1
31 12 1
31 25 1
31 11 1
49 50 1
46 23 1
18 57 1
58 83 1
58 23 1
23 46 1
8 13 1
61 96 1
25 9 1
45 30 1
3 13 1
3 13 1
29 39 1
39 29 1
15 54 1
15 12 1
96 54 1
33 58 1
96 15 1
96 12 1
96 61 1
12 96 1
94 56 1
94 85 1
94 47 1
94 88 1
94 76 1
94 69 1
94 48 1
94 68 1
94 84 1
94 86 1
68 94 1
56 54 1
56 94 1
96 15 1
96 61 1
3 67 1
3 66 1
3 69 1
3 8 1
3 13 1
3 41 1
3 68 1
3 85 1
3 17 1
68 3 1
13 3 1
47 94 1
3 85 1
3 13 1
17 3 1
13 3 1
105 103 1
103 105 1
61 96 1
32 113 1
61 96 1
113 32 1
17 56 1
17 15 1
17 54 1
56 17 1
70 50 1
70 53 1
15 96 1
15 96 1
15 17 1
48 94 1
8 3 1
11 5 1
88 54 1
2 72 1
2 40 1
2 74 1
53 3 1
84 94 1
21 76 1
88 94 1
44 38 1
76 21 1
5 11 1
6 1 1
1 6 1
73 15 1
73 72 1
73 5 1
73 71 1
76 94 1
5 73 1
15 73 1
76 49 1
3 53 1
3 13 1
48 50 1
13 3 1
14 7 1
7 14 1
33 34 1
88 15 1
3 13 1
3 51 1
74 2 1
54 17 1
20 3 1
3 20 1
13 3 1
67 3 1
88 15 1
15 88 1
34 33 1
88 15 1
15 72 1
18 3 1
76 19 1
50 75 1
106 73 1
106 117 1
70 53 1
106 117 1
106 73 1
54 15 1
94 14 1
94 65 1
77 9 1
77 66 1
75 50 1
65 94 1
15 54 1
13 106 1
13 58 1
76 19 1
56 5 1
33 83 1
48 53 1
48 3 1
5 56 1
54 15 1
15 54 1
50 75 1
80 59 1
80 2 1
59 80 1
50 53 1
15 54 1
2 80 1
54 15 1
73 14 1
73 72 1
73 9 1
73 65 1
48 94 1
53 50 1
88 15 1
3 48 1
14 73 1
3 53 1
3 13 1
65 73 1
75 50 1
21 72 1
76 19 1
80 59 1
80 2 1
80 67 1
80 90 1
80 68 1
68 80 1
2 80 1
67 80 1
76 50 1
21 84 1
76 81 1
13 3 1
23 45 1
45 23 1
85 48 1
21 84 1
85 3 1
85 3 1
85 94 1
6 106 1
54 15 1
54 56 1
54 88 1
54 61 1
54 96 1
54 29 1
54 120 1
54 39 1
39 54 1
88 61 1
88 96 1
88 15 1
88 12 1
56 15 1
15 56 1
9 73 1
6 106 1
29 54 1
74 5 1
120 54 1
6 106 1
84 19 1
15 88 1
56 54 1
18 57 1
57 18 1
15 88 1
15 56 1
15 54 1
90 80 1
56 15 1
88 15 1
88 15 1
88 15 1
15 113 1
113 15 1
54 5 1
54 15 1
54 5 1
54 15 1
15 54 1
15 54 1
113 15 1
15 113 1
84 21 1
84 21 1
18 6 1
18 69 1
18 43 1
88 54 1
54 33 1
54 58 1
54 5 1
84 8 1
12 15 1
15 12 1
6 18 1
6 106 1
96 54 1
69 8 1
69 19 1
69 19 1
70 50 1
33 54 1
58 54 1
3 41 1
36 38 1
80 64 1
38 36 1
88 61 1
88 96 1
88 12 1
88 15 1
104 57 1
104 57 1
104 32 1
76 19 1
8 69 1
69 8 1
69 19 1
80 14 1
69 76 1
90 18 1
144 38 1
140 122 1
140 122 1
138 47 1
139 57 1
57 104 1
57 104 1
138 47 1
121 40 1
121 40 1
61 54 1
27 54 1
27 4 1
27 50 1
27 50 1
27 50 1
27 50 1
27 50 1
36 38 1
27 50 1
27 50 1
27 50 1
27 47 1
27 47 1
27 77 1
27 47 1
94 86 1
94 48 1
94 56 1
94 85 1
94 47 1
94 68 1
94 88 1
94 76 1
94 84 1
94 69 1
5 54 1
5 74 1
96 15 1
96 12 1
96 61 1
12 96 1
38 3 1
38 13 1
38 4 1
38 15 1
38 12 1
38 5 1
38 2 1
38 14 1
38 17 1
38 10 1
38 8 1
38 6 1
38 16 1
38 11 1
38 9 1
38 65 1
38 7 1
38 91 1
38 36 1
5 54 1
5 54 1
96 15 1
96 61 1
48 94 1
3 13 1
3 67 1
3 66 1
3 8 1
3 68 1
3 69 1
3 85 1
3 17 1
17 3 1
13 3 1
47 94 1
61 96 1
61 96 1
56 94 1
88 94 1
139 57 1
104 57 1
104 18 1
17 56 1
17 15 1
17 54 1
47 93 1
47 101 1
47 124 1
47 27 1
56 17 1
101 47 1
80 69 1
80 84 1
67 3 1
93 47 1
36 38 1
57 104 1
18 104 1
21 56 1
18 55 1
18 108 1
18 107 1
18 99 1
18 109 1
18 110 1
57 69 1
57 84 1
57 18 1
18 57 1
18 104 1
18 109 1
18 107 1
18 108 1
18 99 1
18 110 1
54 17 1
18 57 1
104 18 1
44 10 1
50 75 1
10 44 1
77 27 1
57 101 1
57 18 1
101 57 1
75 50 1
93 47 1
93 47 1
93 47 1
124 47 1
45 14 1
45 26 1
45 24 1
27 47 1
2 72 1
2 40 1
2 74 1
84 94 1
84 80 1
72 73 1
84 57 1
51 3 1
76 94 1
56 21 1
8 3 1
53 3 1
53 48 1
53 70 1
76 19 1
73 72 1
73 15 1
73 5 1
73 71 1
93 50 1
93 50 1
93 50 1
93 50 1
115 72 1
93 54 1
84 57 1
93 50 1
93 50 1
93 4 1
93 50 1
93 50 1
72 38 1
81 47 1
81 27 1
2 69 1
2 86 1
2 59 1
2 68 1
2 56 1
2 85 1
2 84 1
2 89 1
2 48 1
2 76 1
2 88 1
2 47 1
2 67 1
2 94 1
68 2 1
59 2 1
38 67 1
153 53 1
56 2 1
88 2 1
76 2 1
47 81 1
47 2 1
84 8 1
89 2 1
74 2 1
80 69 1
80 84 1
48 2 1
30 45 1
45 30 1
84 80 1
50 81 1
50 76 1
94 2 1
8 41 1
74 94 1
74 59 1
59 74 1
26 45 1
94 74 1
57 76 1
57 88 1
57 18 1
88 57 1
50 53 1
94 14 1
94 65 1
15 96 1
15 96 1
104 18 1
5 73 1
15 73 1
15 17 1
84 2 1
76 53 1
73 1 1
1 73 1
73 38 1
18 57 1
18 104 1
76 19 1
27 81 1
84 76 1
76 57 1
27 15 1
117 54 1
72 69 1
76 50 1
67 2 1
50 76 1
32 26 1
67 42 1
67 68 1
68 67 1
94 2 1
94 59 1
59 94 1
2 94 1
9 44 1
88 61 1
88 96 1
76 50 1
76 49 1
81 27 1
76 50 1
54 117 1
18 85 1
48 85 1
85 94 1
85 3 1
15 88 1
88 15 1
69 76 1
85 2 1
50 76 1
85 18 1
38 37 1
76 50 1
37 38 1
85 18 1
85 48 1
3 48 1
3 53 1
3 13 1
21 57 1
21 18 1
57 21 1
48 3 1
27 81 1
48 85 1
2 85 1
2 48 1
2 76 1
2 47 1
2 67 1
2 69 1
2 56 1
2 86 1
2 84 1
2 89 1
2 88 1
6 106 1
88 2 1
117 15 1
76 49 1
47 2 1
85 2 1
44 9 1
27 81 1
13 3 1
25 26 1
54 15 1
89 84 1
18 85 1
18 21 1
33 151 1
56 2 1
45 32 1
72 104 1
32 45 1
45 86 1
86 45 1
45 69 1
45 5 1
6 106 1
45 100 1
45 117 1
45 15 1
45 50 1
45 115 1
84 69 1
84 89 1
84 80 1
84 7 1
84 21 1
5 45 1
45 68 1
68 45 1
45 53 1
67 2 1
50 45 1
45 50 1
76 2 1
53 3 1
49 76 1
53 50 1
53 45 1
76 49 1
15 117 1
44 80 1
80 44 1
65 9 1
65 94 1
9 65 1
26 25 1
69 42 1
76 49 1
54 15 1
115 45 1
70 53 1
48 85 1
85 48 1
47 49 1
47 75 1
49 47 1
76 19 1
107 18 1
107 18 1
58 18 1
58 7 1
7 58 1
65 95 1
148 84 1
58 7 1
58 18 1
7 58 1
7 58 1
75 47 1
47 48 1
48 47 1
69 18 1
69 6 1
69 43 1
69 40 1
58 7 1
84 50 1
58 7 1
95 65 1
84 2 1
9 67 1
80 3 1
80 44 1
80 8 1
3 80 1
91 19 1
44 80 1
44 80 1
8 80 1
15 7 1
88 56 1
15 45 1
15 54 1
56 88 1
15 54 1
15 27 1
88 56 1
46 23 1
80 67 1
7 15 1
2 94 1
15 117 1
89 84 1
38 7 1
138 47 1
7 58 1
54 15 1
18 58 1
18 58 1
48 2 1
11 5 1
5 11 1
100 45 1
15 54 1
48 18 1
3 17 1
3 67 1
3 66 1
3 8 1
3 13 1
3 68 1
3 69 1
3 85 1
17 3 1
94 2 1
96 15 1
96 12 1
96 61 1
61 96 1
12 96 1
8 3 1
15 96 1
96 15 1
96 61 1
15 96 1
42 29 1
42 2 1
42 63 1
42 98 1
42 22 1
42 43 1
42 94 1
123 94 1
98 42 1
50 84 1
13 3 1
54 15 1
54 117 1
98 151 1
98 21 1
98 58 1
98 93 1
98 20 1
98 33 1
98 7 1
98 89 1
98 45 1
98 63 1
98 6 1
98 74 1
98 82 1
58 98 1
45 98 1
7 98 1
151 98 1
94 65 1
94 14 1
117 73 1
21 98 1
22 98 1
22 93 1
22 42 1
22 20 1
22 7 1
22 29 1
22 2 1
7 22 1
98 22 1
74 98 1
18 48 1
61 96 1
18 57 1
21 70 1
21 75 1
21 88 1
21 7 1
21 89 1
21 10 1
15 83 1
15 26 1
42 22 1
7 21 1
15 54 1
94 56 1
94 88 1
94 69 1
94 47 1
94 76 1
94 84 1
94 86 1
94 48 1
94 68 1
94 85 1
117 58 1
89 98 1
58 117 1
57 18 1
6 98 1
56 94 1
89 2 1
89 21 1
29 42 1
29 22 1
10 21 1
2 22 1
2 42 1
70 21 1
67 3 1
67 80 1
70 112 1
70 21 1
70 19 1
70 31 1
70 109 1
70 89 1
70 151 1
21 70 1
31 70 1
112 70 1
76 49 1
76 94 1
47 94 1
26 15 1
26 45 1
84 94 1
115 66 1
42 14 1
42 9 1
115 72 1
26 25 1
151 70 1
17 56 1
17 15 1
17 54 1
115 67 1
33 98 1
56 17 1
73 117 1
26 30 1
15 26 1
26 15 1
84 50 1
26 30 1
15 17 1
33 48 1
33 46 1
33 83 1
33 56 1
33 8 1
33 31 1
33 118 1
33 130 1
33 20 1
33 7 1
33 34 1
33 104 1
33 4 1
33 54 1
33 21 1
33 94 1
48 33 1
7 33 1
48 67 1
21 33 1
20 22 1
20 33 1
89 70 1
54 17 1
54 33 1
31 33 1
20 22 1
20 50 1
20 33 1
20 94 1
20 81 1
20 18 1
20 42 1
20 8 1
20 95 1
20 13 1
20 3 1
20 4 1
20 51 1
20 29 1
20 63 1
20 6 1
20 112 1
20 98 1
112 20 1
34 33 1
25 38 1
25 149 1
25 30 1
25 26 1
149 25 1
94 72 1
94 74 1
94 40 1
10 43 1
8 33 1
8 20 1
38 36 1
36 37 1
37 36 1
3 20 1
63 20 1
29 20 1
63 98 1
18 20 1
63 42 1
103 37 1
47 48 1
63 43 1
63 22 1
63 31 1
63 48 1
63 2 1
63 42 1
63 71 1
63 151 1
63 133 1
63 45 1
63 94 1
63 70 1
45 63 1
48 63 1
31 63 1
2 63 1
13 20 1
26 25 1
73 72 1
73 15 1
73 5 1
73 71 1
48 94 1
6 20 1
6 22 1
6 89 1
6 70 1
6 87 1
6 43 1
6 98 1
6 50 1
6 49 1
6 130 1
6 99 1
6 101 1
38 1 1
1 38 1
101 109 1
101 82 1
101 93 1
101 124 1
101 57 1
101 19 1
53 70 1
87 42 1
87 34 1
87 112 1
87 19 1
87 95 1
87 104 1
87 10 1
87 74 1
87 90 1
87 79 1
87 151 1
87 7 1
38 1 1
46 33 1
69 19 1
89 48 1
89 75 1
89 88 1
89 95 1
89 49 1
89 82 1
89 130 1
18 84 1
42 20 1
42 63 1
11 5 1
69 76 1
48 89 1
57 101 1
19 101 1
70 63 1
30 25 1
76 19 1
33 20 1
3 20 1
3 80 1
3 67 1
3 66 1
3 8 1
3 44 1
81 27 1
81 47 1
103 36 1
38 90 1
75 89 1
19 70 1
75 89 1
75 21 1
75 21 1
21 75 1
70 50 1
70 75 1
5 73 1
5 11 1
89 75 1
8 3 1
32 26 1
15 66 1
15 45 1
45 15 1
15 73 1
76 69 1
53 50 1
53 86 1
86 53 1
94 65 1
94 14 1
67 48 1
36 103 1
49 89 1
56 33 1
103 36 1
124 101 1
20 3 1
6 106 1
48 47 1
65 94 1
6 106 1
65 94 1
27 81 1
65 94 1
74 94 1
47 81 1
69 8 1
69 19 1
94 65 1
94 74 1
6 106 1
63 42 1
88 56 1
90 85 1
90 48 1
49 75 1
49 48 1
49 82 1
49 89 1
49 70 1
49 29 1
48 49 1
48 90 1
29 49 1
89 49 1
54 56 1
54 15 1
54 96 1
15 54 1
56 54 1
56 96 1
76 19 1
41 13 1
47 76 1
47 85 1
76 47 1
76 84 1
15 27 1
96 56 1
96 54 1
41 3 1
41 8 1
41 26 1
41 60 1
3 41 1
3 51 1
32 3 1
32 15 1
32 5 1
27 15 1
3 8 1
3 51 1
3 13 1
3 128 1
69 76 1
8 41 1
8 3 1
94 72 1
94 74 1
94 40 1
85 90 1
67 115 1
85 94 1
13 3 1
85 3 1
75 70 1
75 49 1
85 47 1
44 3 1
63 42 1
94 65 1
94 14 1
65 94 1
106 117 1
106 73 1
26 41 1
94 20 1
94 20 1
94 22 1
94 95 1
94 98 1
94 29 1
94 2 1
94 123 1
94 58 1
94 106 1
94 112 1
94 10 1
2 94 1
58 94 1
98 94 1
48 81 1
54 15 1
81 48 1
54 15 1
15 54 1
15 54 1
81 48 1
48 81 1
81 50 1
54 15 1
123 94 1
48 81 1
112 94 1
37 103 1
81 48 1
48 18 1
37 103 1
15 54 1
65 95 1
20 94 1
50 81 1
50 81 1
81 48 1
63 42 1
27 77 1
10 94 1
67 66 1
29 94 1
48 81 1
103 37 1
69 8 1
80 27 1
53 70 1
50 70 1
50 75 1
145 68 1
67 3 1
67 115 1
53 70 1
53 48 1
18 48 1
18 109 1
27 80 1
13 74 1
95 20 1
95 89 1
95 94 1
57 86 1
57 76 1
57 18 1
86 57 1
22 6 1
74 13 1
11 5 1
75 50 1
5 11 1
13 3 1
13 77 1
13 8 1
94 69 1
94 85 1
94 56 1
94 88 1
94 76 1
94 86 1
94 48 1
94 68 1
94 47 1
94 123 1
104 33 1
104 33 1
18 57 1
93 22 1
93 101 1
3 67 1
3 66 1
3 8 1
3 13 1
3 85 1
3 68 1
3 69 1
3 17 1
17 3 1
33 104 1
96 15 1
96 12 1
96 61 1
6 22 1
33 104 1
13 3 1
12 96 1
15 96 1
96 15 1
96 61 1
47 94 1
123 94 1
15 96 1
76 57 1
76 57 1
105 103 1
5 77 1
56 94 1
77 5 1
77 13 1
76 94 1
17 56 1
17 54 1
17 15 1
56 17 1
75 53 1
61 96 1
8 3 1
54 17 1
53 75 1
76 50 1
53 75 1
84 19 1
77 27 1
94 72 1
94 74 1
94 40 1
61 96 1
53 70 1
53 75 1
73 71 1
73 72 1
73 15 1
73 5 1
53 75 1
53 70 1
45 29 1
103 105 1
51 3 1
11 5 1
67 3 1
51 20 1
56 17 1
56 17 1
56 17 1
56 17 1
53 75 1
50 3 1
50 15 1
50 54 1
51 3 1
3 50 1
15 50 1
95 65 1
29 45 1
15 3 1
15 50 1
15 54 1
50 15 1
75 53 1
75 53 1
75 53 1
75 53 1
103 105 1
57 76 1
5 11 1
5 73 1
15 50 1
76 19 1
27 77 1
68 48 1
9 38 1
54 15 1
54 5 1
5 54 1
105 103 1
54 15 1
54 50 1
15 50 1
15 73 1
15 17 1
15 54 1
106 94 1
103 105 1
105 103 1
3 15 1
15 23 1
15 26 1
23 15 1
69 50 1
50 76 1
50 3 1
50 15 1
15 50 1
74 13 1
48 94 1
13 74 1
13 74 1
48 53 1
50 69 1
3 50 1
74 13 1
74 94 1
94 74 1
6 106 1
26 15 1
76 50 1
32 23 1
56 48 1
76 50 1
23 32 1
23 32 1
50 76 1
76 50 1
38 9 1
38 37 1
38 37 1
106 73 1
106 117 1
76 57 1
76 57 1
32 23 1
32 8 1
8 32 1
73 9 1
73 14 1
73 65 1
38 7 1
104 33 1
76 69 1
9 73 1
48 56 1
75 50 1
37 38 1
38 1 1
57 109 1
57 107 1
57 110 1
57 18 1
85 47 1
89 76 1
65 73 1
47 85 1
85 94 1
85 3 1
122 53 1
48 69 1
38 36 1
69 76 1
14 72 1
53 122 1
38 67 1
50 15 1
50 3 1
3 50 1
72 14 1
69 72 1
69 3 1
69 48 1
69 67 1
69 9 1
69 15 1
69 56 1
69 65 1
3 13 1
3 8 1
3 40 1
3 4 1
42 9 1
15 50 1
76 69 1
76 91 1
8 3 1
84 8 1
84 76 1
84 40 1
84 49 1
84 69 1
50 75 1
75 50 1
69 76 1
90 38 1
67 38 1
76 49 1
76 40 1
53 3 1
53 8 1
67 68 1
67 47 1
7 42 1
145 68 1
13 3 1
57 76 1
57 86 1
57 18 1
94 59 1
94 68 1
18 57 1
18 57 1
49 76 1
49 76 1
42 7 1
3 53 1
8 53 1
3 53 1
122 53 1
13 65 1
13 3 1
13 8 1
13 40 1
8 13 1
13 65 1
13 3 1
13 4 1
49 17 1
49 65 1
96 15 1
96 12 1
96 61 1
15 96 1
3 13 1
3 13 1
94 84 1
94 76 1
94 56 1
94 88 1
94 69 1
94 68 1
94 86 1
94 48 1
94 85 1
94 47 1
12 96 1
11 5 1
117 58 1
61 96 1
117 58 1
96 61 1
96 15 1
58 117 1
58 117 1
3 68 1
3 67 1
3 66 1
3 8 1
3 13 1
3 69 1
3 85 1
3 17 1
8 3 1
5 72 1
5 71 1
5 73 1
5 74 1
5 11 1
5 11 1
11 5 1
56 94 1
60 41 1
72 14 1
72 73 1
72 9 1
72 65 1
13 3 1
48 94 1
47 94 1
17 3 1
47 48 1
12 72 1
48 47 1
117 58 1
58 117 1
57 56 1
57 69 1
57 18 1
74 5 1
72 71 1
72 15 1
72 5 1
72 74 1
72 73 1
72 12 1
72 117 1
67 3 1
56 57 1
76 94 1
65 13 1
76 56 1
56 57 1
57 56 1
65 13 1
94 74 1
94 72 1
94 40 1
76 49 1
76 49 1
15 96 1
117 5 1
117 15 1
117 54 1
15 117 1
5 117 1
17 56 1
17 15 1
17 54 1
56 17 1
53 122 1
53 3 1
18 57 1
121 6 1
76 50 1
84 94 1
47 3 1
47 8 1
47 40 1
47 13 1
47 68 1
68 47 1
8 47 1
73 5 1
13 47 1
73 15 1
73 5 1
73 72 1
73 71 1
76 69 1
15 17 1
15 73 1
76 123 1
69 7 1
69 44 1
69 76 1
48 47 1
19 57 1
57 19 1
3 47 1
47 48 1
61 96 1
3 8 1
123 79 1
84 50 1
76 50 1
47 48 1
48 47 1
6 106 1
6 106 1
69 76 1
69 8 1
69 3 1
6 106 1
14 13 1
50 76 1
50 3 1
3 50 1
13 14 1
50 3 1
50 84 1
3 50 1
3 13 1
50 3 1
50 76 1
84 50 1
38 1 1
76 50 1
7 79 1
76 50 1
13 3 1
7 103 1
13 14 1
14 13 1
47 48 1
48 47 1
15 26 1
15 25 1
3 50 1
56 15 1
84 19 1
13 4 1
13 106 1
13 58 1
42 82 1
42 29 1
42 33 1
8 76 1
8 69 1
8 3 1
3 8 1
8 3 1
76 8 1
79 7 1
14 13 1
13 14 1
69 19 1
69 8 1
69 76 1
74 13 1
13 14 1
15 56 1
13 74 1
13 74 1
14 13 1
84 76 1
84 75 1
84 69 1
84 50 1
84 70 1
84 82 1
84 49 1
84 101 1
84 93 1
14 13 1
106 73 1
106 117 1
13 14 1
13 14 1
14 13 1
74 13 1
8 84 1
13 14 1
50 84 1
50 69 1
50 3 1
14 13 1
84 8 1
84 69 1
84 76 1
84 40 1
6 106 1
6 106 1
84 47 1
14 13 1
85 3 1
85 94 1
13 14 1
25 15 1
37 38 1
38 90 1
84 76 1
84 19 1
84 57 1
13 14 1
14 13 1
84 50 1
84 69 1
84 76 1
12 15 1
15 12 1
84 8 1
106 73 1
106 117 1
14 13 1
33 42 1
13 14 1
47 48 1
50 8 1
50 3 1
37 90 1
37 27 1
13 14 1
3 50 1
48 47 1
3 50 1
14 13 1
8 50 1
69 50 1
13 14 1
14 13 1
13 14 1
14 13 1
29 42 1
50 69 1
69 50 1
14 13 1
13 14 1
45 83 1
14 13 1
13 14 1
13 14 1
14 13 1
8 47 1
8 3 1
3 8 1
47 8 1
7 50 1
85 48 1
48 85 1
90 37 1
48 85 1
85 48 1
90 37 1
90 27 1
50 7 1
7 50 1
7 50 1
37 90 1
37 90 1
75 50 1
12 15 1
15 12 1
50 7 1
27 90 1
7 50 1
38 83 1
38 90 1
38 36 1
5 73 1
27 37 1
84 75 1
84 49 1
7 14 1
38 1 1
90 37 1
38 9 1
38 14 1
38 17 1
38 65 1
38 69 1
38 68 1
38 90 1
38 15 1
38 5 1
38 11 1
38 3 1
38 1 1
68 38 1
68 48 1
68 48 1
68 69 1
4 13 1
4 3 1
4 20 1
4 33 1
4 13 1
13 4 1
54 117 1
54 17 1
96 15 1
96 61 1
96 12 1
75 53 1
34 24 1
61 96 1
79 123 1
96 15 1
96 61 1
15 96 1
15 96 1
12 96 1
94 88 1
94 47 1
94 56 1
94 76 1
94 84 1
94 69 1
94 68 1
94 86 1
94 48 1
94 85 1
26 45 1
26 66 1
26 15 1
82 42 1
66 15 1
50 75 1
66 27 1
82 98 1
82 89 1
56 94 1
3 66 1
3 68 1
3 67 1
3 8 1
3 13 1
3 69 1
3 85 1
3 17 1
66 3 1
13 3 1
61 96 1
75 50 1
81 47 1
81 27 1
47 94 1
67 3 1
47 81 1
117 58 1
58 117 1
76 94 1
1 6 1
1 73 1
17 3 1
8 3 1
76 50 1
76 50 1
103 105 1
50 76 1
81 47 1
76 50 1
17 56 1
17 15 1
17 54 1
54 17 1
105 103 1
56 17 1
66 15 1
50 76 1
54 15 1
76 50 1
47 81 1
81 47 1
66 9 1
66 9 1
84 94 1
73 15 1
73 72 1
73 5 1
73 71 1
86 45 1
86 23 1
86 101 1
86 94 1
86 94 1
86 94 1
86 94 1
86 94 1
86 94 1
86 94 1
86 94 1
86 94 1
86 94 1
86 94 1
86 94 1
86 94 1
76 50 1
50 76 1
50 3 1
86 2 1
86 2 1
86 2 1
11 5 1
86 53 1
88 89 1
86 50 1
86 57 1
88 89 1
86 57 1
88 86 1
88 94 1
88 94 1
88 94 1
88 94 1
53 75 1
57 86 1
57 18 1
86 57 1
76 86 1
76 86 1
76 86 1
76 50 1
29 88 1
29 56 1
29 23 1
88 29 1
56 29 1
3 50 1
14 44 1
44 14 1
14 7 1
84 40 1
84 8 1
84 76 1
13 106 1
13 58 1
13 4 1
5 11 1
5 73 1
15 54 1
27 81 1
15 17 1
15 73 1
13 58 1
18 66 1
18 67 1
18 80 1
18 3 1
3 18 1
18 57 1
3 26 1
41 3 1
41 8 1
41 3 1
27 3 1
27 13 1
27 81 1
27 69 1
27 18 1
3 27 1
26 3 1
69 86 1
13 58 1
13 27 1
73 1 1
69 27 1
1 73 1
76 86 1
26 149 1
69 86 1
13 106 1
106 13 1
1 38 1
38 1 1
84 76 1
84 19 1
84 57 1
67 18 1
88 15 1
88 5 1
75 21 1
21 75 1
9 67 1
9 66 1
90 37 1
37 90 1
76 57 1
56 88 1
56 88 1
56 88 1
85 94 1
88 56 1
85 3 1
88 56 1
88 56 1
56 88 1
88 56 1
56 88 1
88 56 1
88 56 1
88 54 1
88 15 1
1 38 1
69 86 1
6 106 1
6 106 1
27 81 1
27 117 1
81 27 1
66 18 1
72 9 1
72 73 1
72 14 1
72 65 1
37 90 1
66 26 1
66 18 1
18 66 1
66 77 1
26 66 1
84 56 1
56 15 1
54 15 1
96 121 1
88 96 1
88 61 1
88 12 1
88 15 1
77 66 1
3 68 1
3 85 1
3 13 1
90 37 1
88 15 1
85 3 1
15 54 1
9 67 1
9 66 1
77 66 1
15 88 1
15 5 1
77 66 1
15 56 1
13 3 1
88 15 1
106 58 1
106 73 1
106 117 1
48 85 1
69 86 1
85 48 1
88 21 1
66 67 1
5 15 1
54 88 1
54 15 1
54 56 1
54 96 1
54 61 1
56 54 1
67 66 1
67 9 1
67 9 1
67 66 1
67 9 1
76 50 1
50 76 1
76 50 1
21 84 1
15 54 1
84 21 1
69 8 1
69 4 1
86 18 1
86 57 1
86 69 1
84 50 1
90 9 1
90 66 1
1 2 1
1 15 1
1 4 1
1 40 1
1 5 1
1 6 1
1 7 1
1 44 1
1 3 1
1 8 1
1 9 1
1 10 1
1 11 1
1 12 1
1 65 1
1 13 1
1 14 1
1 16 1
1 17 1
2 1 1
4 69 1
96 15 1
96 61 1
96 12 1
96 54 1
121 96 1
94 14 1
94 65 1
14 31 1
31 14 1
71 12 1
15 96 1
94 56 1
94 69 1
94 68 1
94 85 1
94 47 1
94 88 1
94 76 1
94 84 1
94 86 1
94 48 1
14 94 1
71 73 1
61 96 1
14 94 1
71 73 1
96 15 1
96 61 1
15 96 1
61 96 1
94 14 1
3 66 1
3 67 1
3 8 1
3 13 1
3 68 1
3 85 1
3 69 1
3 17 1
13 3 1
56 94 1
11 5 1
67 3 1
47 94 1
17 3 1
66 3 1
48 94 1
61 54 1
5 11 1
88 54 1
88 94 1
17 54 1
17 56 1
17 15 1
56 88 1
15 17 1
76 94 1
50 84 1
57 86 1
57 88 1
57 18 1
18 57 1
18 27 1
66 15 1
66 5 1
56 88 1
18 107 1
18 108 1
18 3 1
11 5 1
56 17 1
5 66 1
15 56 1
15 66 1
3 18 1
56 15 1
8 3 1
8 69 1
76 53 1
77 9 1
84 50 1
5 11 1
84 94 1
32 45 1
88 61 1
88 96 1
88 12 1
88 15 1
45 32 1
54 17 1
88 61 1
105 103 1
69 13 1
88 57 1
87 27 1
73 1 1
1 73 1
69 86 1
69 8 1
69 49 1
86 94 1
19 57 1
57 19 1
88 56 1
86 57 1
88 56 1
84 8 1
84 69 1
54 15 1
71 15 1
71 73 1
71 72 1
71 5 1
71 117 1
62 27 1
62 87 1
9 90 1
48 94 1
15 54 1
14 94 1
13 69 1
76 50 1
14 117 1
8 84 1
84 8 1
84 19 1
84 69 1
5 88 1
5 56 1
94 14 1
94 14 1
94 65 1
14 94 1
94 84 1
94 76 1
94 69 1
94 86 1
84 94 1
50 76 1
86 94 1
76 50 1
76 94 1
14 94 1
94 14 1
50 3 1
88 5 1
88 5 1
84 76 1
84 40 1
84 8 1
13 40 1
56 5 1
75 50 1
56 88 1
88 56 1
57 76 1
84 69 1
84 19 1
3 50 1
3 13 1
3 20 1
13 3 1
76 19 1
84 19 1
84 69 1
57 86 1
57 18 1
32 26 1
32 66 1
86 57 1
13 3 1
66 77 1
73 1 1
1 73 1
87 62 1
74 13 1
67 44 1
56 15 1
1 73 1
57 86 1
86 57 1
77 66 1
87 62 1
87 62 1
15 54 1
15 117 1
15 56 1
54 15 1
13 74 1
15 56 1
13 74 1
56 15 1
42 22 1
76 57 1
74 94 1
22 42 1
50 48 1
50 93 1
50 101 1
50 124 1
50 27 1
93 50 1
42 22 1
90 69 1
94 74 1
94 72 1
94 40 1
48 50 1
94 74 1
74 94 1
105 103 1
5 88 1
84 86 1
18 57 1
42 44 1
42 59 1
42 38 1
42 26 1
42 67 1
42 9 1
42 68 1
42 69 1
42 3 1
42 15 1
42 39 1
42 96 1
42 80 1
42 27 1
42 20 1
42 33 1
42 29 1
42 45 1
42 66 1
42 23 1
42 50 1
39 42 1
68 42 1
38 42 1
59 42 1
9 42 1
9 14 1
9 65 1
9 17 1
88 5 1
74 13 1
14 44 1
27 50 1
27 42 1
44 42 1
44 14 1
27 62 1
14 9 1
14 44 1
13 106 1
13 58 1
13 4 1
85 3 1
85 94 1
29 42 1
44 14 1
3 42 1
3 13 1
124 50 1
3 13 1
3 51 1
3 50 1
3 8 1
3 18 1
3 52 1
3 40 1
3 20 1
3 13 1
18 3 1
8 3 1
13 3 1
84 19 1
13 3 1
21 69 1
94 74 1
73 1 1
96 42 1
105 103 1
103 105 1
26 42 1
103 105 1
103 105 1
74 94 1
84 69 1
17 9 1
42 62 1
54 15 1
62 42 1
62 113 1
42 72 1
113 62 1
105 103 1
103 105 1
45 42 1
94 14 1
94 65 1
87 62 1
62 87 1
87 62 1
87 62 1
105 103 1
50 75 1
103 105 1
51 3 1
69 86 1
14 94 1
14 94 1
15 42 1
88 15 1
75 50 1
18 107 1
18 108 1
18 57 1
18 19 1
18 99 1
18 109 1
18 110 1
71 58 1
15 54 1
27 81 1
27 32 1
27 26 1
32 27 1
88 15 1
84 76 1
84 69 1
94 74 1
94 72 1
94 40 1
84 76 1
94 14 1
66 42 1
71 5 1
67 42 1
84 76 1
84 69 1
69 27 1
71 63 1
19 18 1
47 48 1
48 47 1
67 66 1
57 79 1
57 18 1
107 18 1
107 18 1
33 42 1
96 15 1
96 61 1
96 12 1
57 18 1
42 44 1
42 18 1
18 42 1
21 86 1
44 42 1
61 96 1
26 27 1
18 57 1
8 6 1
94 14 1
94 65 1
14 94 1
12 96 1
96 15 1
96 61 1
61 96 1
94 74 1
74 94 1
11 5 1
1 3 1
66 3 1
66 3 1
66 3 1
66 3 1
66 3 1
66 3 1
66 3 1
66 3 1
66 3 1
26 36 1
26 38 1
38 26 1
15 96 1
15 96 1
33 15 1
15 33 1
3 1 1
33 15 1
33 61 1
33 5 1
33 117 1
33 54 1
15 33 1
61 33 1
3 1 1
94 56 1
94 88 1
94 69 1
94 85 1
94 47 1
94 84 1
94 76 1
94 86 1
94 68 1
94 48 1
94 123 1
56 94 1
14 44 1
44 14 1
123 94 1
76 94 1
1 3 1
44 14 1
14 44 1
94 74 1
32 51 1
3 66 1
3 67 1
3 85 1
3 8 1
3 13 1
3 68 1
3 69 1
3 17 1
88 94 1
36 1 1
17 3 1
1 36 1
13 3 1
44 14 1
3 8 1
3 13 1
3 66 1
3 51 1
14 44 1
19 86 1
1 38 1
6 8 1
51 3 1
13 3 1
48 94 1
17 56 1
17 15 1
17 54 1
88 61 1
71 73 1
71 73 1
9 66 1
9 67 1
71 73 1
8 3 1
71 73 1
8 3 1
56 17 1
71 73 1
71 73 1
71 73 1
94 74 1
94 72 1
94 40 1
74 94 1
74 94 1
71 5 1
86 19 1
115 66 1
75 50 1
86 94 1
86 123 1
86 21 1
75 53 1
13 3 1
84 94 1
15 17 1
5 33 1
5 11 1
88 61 1
88 96 1
88 12 1
88 15 1
47 94 1
84 76 1
67 9 1
67 3 1
14 94 1
32 26 1
26 32 1
53 75 1
15 88 1
3 66 1
71 15 1
71 72 1
71 73 1
71 5 1
71 117 1
86 75 1
86 49 1
86 93 1
86 101 1
86 124 1
86 27 1
84 49 1
84 75 1
1 37 1
15 27 1
15 54 1
53 75 1
37 1 1
53 76 1
76 53 1
54 15 1
54 17 1
54 33 1
69 86 1
94 14 1
1 72 1
1 38 1
115 66 1
84 76 1
84 49 1
75 53 1
75 84 1
87 62 1
67 9 1
67 66 1
84 75 1
1 57 1
57 1 1
88 15 1
88 15 1
94 65 1
94 14 1
14 94 1
90 69 1
94 69 1
94 86 1
86 94 1
93 86 1
69 86 1
69 76 1
94 86 1
94 123 1
14 94 1
84 69 1
86 93 1
86 93 1
94 14 1
15 88 1
74 13 1
13 106 1
13 58 1
13 4 1
13 74 1
6 106 1
88 15 1
13 74 1
77 66 1
77 9 1
84 69 1
45 26 1
45 24 1
69 27 1
86 69 1
74 13 1
6 106 1
6 106 1
6 106 1
62 87 1
77 66 1
84 76 1
77 66 1
42 26 1
42 51 1
67 66 1
84 76 1
87 62 1
84 76 1
84 76 1
50 17 1
50 3 1
57 86 1
57 18 1
3 50 1
66 77 1
85 3 1
86 57 1
85 94 1
6 106 1
77 66 1
84 76 1
77 66 1
26 42 1
26 45 1
54 120 1
54 96 1
84 76 1
84 76 1
94 74 1
94 72 1
94 40 1
84 76 1
84 76 1
84 76 1
84 86 1
32 51 1
84 86 1
84 86 1
96 54 1
9 67 1
9 66 1
69 84 1
84 76 1
3 13 1
3 69 1
3 66 1
3 8 1
3 85 1
3 68 1
85 3 1
67 9 1
84 69 1
32 51 1
32 3 1
32 26 1
3 8 1
3 66 1
3 13 1
3 50 1
84 69 1
84 49 1
84 69 1
84 69 1
12 96 1
3 8 1
3 13 1
3 51 1
3 66 1
44 14 1
14 44 1
84 69 1
74 94 1
13 3 1
13 3 1
13 3 1
54 29 1
54 15 1
54 61 1
54 96 1
54 119 1
54 120 1
54 56 1
54 88 1
54 39 1
8 3 1
77 3 1
77 66 1
8 3 1
8 3 1
50 78 1
49 84 1
56 54 1
84 49 1
53 3 1
84 69 1
72 66 1
72 15 1
72 5 1
88 54 1
18 57 1
29 54 1
50 75 1
42 9 1
3 53 1
44 67 1
96 54 1
73 14 1
73 9 1
73 65 1
14 73 1
3 53 1
75 50 1
75 50 1
53 3 1
3 8 1
77 112 1
9 73 1
106 117 1
106 58 1
106 73 1
61 54 1
66 9 1
50 75 1
75 50 1
96 121 1
17 50 1
8 3 1
84 76 1
84 49 1
84 57 1
15 88 1
67 44 1
84 76 1
15 54 1
32 66 1
86 49 1
84 86 1
84 76 1
84 69 1
66 9 1
9 66 1
27 15 1
76 89 1
84 70 1
84 19 1
84 57 1
84 40 1
84 75 1
84 49 1
84 82 1
84 4 1
84 50 1
84 53 1
84 101 1
84 93 1
84 76 1
27 69 1
84 69 1
84 69 1
84 49 1
108 18 1
108 18 1
108 18 1
108 18 1
108 18 1
108 18 1
108 18 1
108 18 1
108 18 1
108 18 1
84 69 1
99 18 1
99 18 1
99 18 1
96 15 1
96 61 1
96 12 1
27 93 1
52 3 1
15 96 1
74 94 1
94 86 1
94 123 1
94 69 1
94 44 1
44 94 1
94 74 1
121 96 1
94 14 1
94 65 1
14 94 1
27 15 1
27 13 1
27 66 1
27 3 1
27 26 1
27 62 1
27 39 1
27 40 1
27 8 1
27 5 1
39 27 1
3 27 1
8 27 1
3 51 1
3 50 1
3 52 1
3 53 1
3 18 1
14 94 1
13 27 1
94 14 1
15 27 1
96 15 1
96 61 1
123 94 1
5 27 1
15 96 1
12 96 1
17 3 1
52 3 1
51 3 1
51 42 1
3 67 1
3 13 1
3 69 1
3 66 1
3 8 1
3 40 1
3 4 1
3 68 1
3 85 1
3 17 1
3 17 1
66 9 1
66 9 1
51 32 1
51 3 1
66 3 1
66 3 1
66 3 1
94 56 1
94 88 1
94 69 1
94 76 1
94 86 1
94 68 1
94 48 1
94 85 1
94 47 1
13 3 1
53 3 1
70 53 1
70 53 1
70 53 1
66 3 1
70 50 1
70 53 1
70 49 1
66 3 1
66 3 1
8 3 1
3 8 1
3 13 1
3 50 1
3 53 1
3 52 1
3 66 1
3 20 1
3 51 1
3 18 1
3 40 1
52 23 1
52 86 1
53 3 1
47 94 1
48 94 1
19 86 1
56 94 1
72 73 1
8 3 1
8 3 1
77 3 1
17 3 1
61 96 1
61 96 1
3 8 1
3 77 1
3 77 1
8 30 1
8 20 1
94 74 1
94 72 1
13 3 1
88 15 1
88 94 1
74 94 1
17 56 1
17 15 1
17 54 1
56 17 1
26 27 1
3 77 1
52 3 1
32 66 1
77 3 1
77 112 1
51 3 1
1 66 1
33 15 1
47 50 1
86 52 1
86 19 1
86 94 1
86 94 1
86 93 1
86 101 1
86 124 1
86 27 1
15 33 1
15 33 1
33 15 1
15 17 1
18 3 1
18 3 1
54 15 1
54 17 1
76 94 1
112 77 1
50 86 1
86 50 1
14 94 1
86 50 1
77 112 1
112 77 1
94 14 1
94 14 1
14 94 1
73 1 1
1 73 1
76 1 1
74 13 1
67 3 1
77 149 1
50 93 1
50 101 1
50 124 1
50 27 1
27 50 1
149 36 1
1 76 1
76 1 1
15 54 1
76 1 1
76 50 1
50 76 1
36 37 1
76 50 1
11 5 1
13 74 1
13 74 1
77 66 1
124 50 1
6 106 1
6 106 1
74 13 1
76 53 1
30 8 1
47 68 1
47 59 1
59 47 1
90 42 1
76 19 1
5 11 1
13 4 1
13 106 1
13 58 1
1 76 1
33 21 1
21 33 1
21 33 1
76 1 1
50 47 1
33 21 1
71 72 1
71 15 1
71 73 1
71 5 1
71 117 1
47 50 1
76 50 1
79 57 1
42 90 1
70 53 1
69 27 1
79 57 1
77 66 1
86 19 1
50 76 1
56 48 1
48 56 1
12 14 1
12 65 1
12 15 1
12 5 1
12 11 1
15 12 1
5 12 1
6 106 1
74 94 1
93 50 1
70 53 1
53 70 1
53 70 1
85 94 1
85 3 1
47 13 1
13 47 1
13 47 1
47 13 1
86 88 1
14 12 1
9 67 1
9 66 1
5 65 1
5 14 1
5 15 1
5 11 1
15 88 1
14 5 1
69 86 1
15 5 1
8 53 1
8 50 1
88 15 1
22 94 1
48 69 1
69 86 1
94 40 1
94 74 1
94 72 1
50 3 1
69 86 1
84 69 1
84 38 1
38 84 1
27 81 1
27 69 1
54 5 1
84 1 1
84 69 1
5 54 1
84 48 1
3 50 1
1 36 1
1 37 1
94 74 1
94 22 1
76 50 1
53 8 1
30 29 1
30 47 1
76 50 1
42 22 1
42 33 1
50 76 1
76 50 1
69 36 1
36 1 1
1 36 1
37 1 1
1 36 1
37 1 1
74 13 1
1 37 1
74 94 1
36 1 1
67 9 1
90 85 1
90 68 1
68 90 1
70 53 1
53 70 1
3 20 1
3 8 1
3 13 1
69 67 1
69 3 1
69 66 1
69 9 1
69 72 1
69 15 1
69 56 1
69 48 1
69 65 1
3 8 1
3 13 1
3 40 1
3 4 1
85 90 1
47 30 1
18 67 1
18 66 1
86 57 1
86 57 1
86 19 1
93 27 1
13 3 1
11 5 1
11 12 1
13 3 1
13 74 1
96 15 1
96 61 1
96 12 1
94 14 1
94 65 1
13 65 1
13 3 1
13 8 1
29 30 1
94 88 1
94 84 1
94 47 1
94 56 1
94 76 1
94 69 1
94 86 1
94 68 1
94 48 1
94 85 1
94 123 1
84 94 1
13 8 1
5 11 1
49 65 1
49 17 1
5 11 1
5 72 1
5 71 1
5 73 1
5 74 1
8 13 1
13 8 1
13 65 1
13 3 1
13 40 1
8 13 1
11 5 1
11 5 1
8 3 1
44 14 1
8 3 1
11 5 1
61 96 1
21 69 1
15 96 1
21 70 1
13 8 1
13 66 1
13 3 1
57 86 1
57 18 1
48 94 1
70 21 1
123 94 1
96 15 1
96 61 1
12 96 1
70 53 1
48 47 1
61 96 1
17 14 1
12 72 1
12 117 1
12 15 1
12 73 1
12 71 1
15 12 1
13 8 1
8 13 1
71 5 1
71 12 1
71 5 1
47 48 1
18 57 1
14 4 1
72 71 1
72 73 1
72 12 1
72 15 1
72 5 1
72 117 1
72 74 1
88 94 1
44 69 1
56 94 1
47 94 1
18 32 1
32 18 1
66 1 1
66 13 1
15 96 1
66 9 1
1 37 1
66 9 1
66 9 1
13 14 1
37 1 1
13 14 1
14 13 1
14 13 1
70 53 1
66 18 1
5 11 1
76 94 1
67 18 1
86 57 1
47 93 1
47 101 1
47 124 1
47 27 1
37 1 1
86 94 1
37 1 1
1 37 1
1 37 1
53 70 1
53 70 1
48 53 1
53 48 1
71 72 1
71 15 1
71 73 1
71 5 1
71 117 1
14 94 1
105 103 1
14 94 1
94 14 1
53 48 1
53 50 1
53 50 1
21 69 1
21 86 1
86 21 1
15 88 1
88 15 1
76 49 1
69 76 1
53 70 1
48 53 1
93 47 1
69 44 1
13 1 1
13 7 1
74 5 1
36 53 1
53 70 1
53 36 1
44 69 1
70 53 1
70 53 1
66 67 1
66 90 1
69 86 1
115 66 1
47 48 1
1 12 1
12 1 1
48 47 1
14 13 1
69 27 1
86 3 1
86 69 1
86 81 1
86 50 1
13 14 1
26 25 1
86 19 1
47 40 1
47 13 1
47 8 1
47 3 1
47 68 1
13 47 1
70 53 1
13 106 1
13 58 1
13 4 1
85 94 1
25 15 1
25 26 1
54 15 1
15 54 1
70 53 1
12 15 1
66 90 1
66 90 1
15 25 1
66 39 1
66 115 1
66 115 1
66 115 1
66 115 1
66 115 1
66 3 1
9 66 1
15 66 1
66 15 1
66 9 1
26 25 1
74 94 1
15 54 1
15 5 1
54 15 1
85 81 1
54 15 1
6 106 1
15 54 1
69 36 1
6 106 1
14 67 1
14 66 1
67 14 1
26 51 1
26 83 1
66 14 1
67 66 1
9 66 1
9 67 1
76 81 1
21 86 1
15 12 1
86 21 1
94 74 1
66 9 1
66 3 1
67 9 1
67 9 1
67 66 1
103 105 1
29 45 1
45 29 1
96 15 1
96 61 1
15 96 1
61 96 1
12 15 1
34 24 1
15 12 1
96 15 1
96 61 1
61 96 1
15 96 1
31 13 1
5 15 1
50 86 1
86 50 1
85 18 1
115 66 1
115 90 1
8 47 1
12 15 1
15 12 1
12 15 1
15 12 1
12 15 1
15 12 1
12 61 1
85 18 1
20 3 1
20 8 1
20 3 1
20 3 1
20 42 1
20 3 1
18 85 1
18 55 1
18 85 1
27 69 1
124 47 1
27 47 1
4 14 1
4 3 1
4 3 1
96 15 1
96 61 1
96 12 1
57 86 1
57 18 1
24 34 1
24 45 1
24 45 1
24 34 1
73 12 1
73 5 1
61 12 1
61 96 1
15 25 1
15 26 1
55 18 1
15 96 1
26 15 1
15 25 1
15 26 1
55 18 1
25 15 1
19 79 1
19 18 1
19 57 1
26 15 1
25 15 1
18 19 1
96 15 1
96 61 1
15 96 1
13 40 1
13 66 1
13 3 1
13 8 1
59 42 1
59 80 1
59 80 1
59 94 1
57 19 1
61 96 1
33 21 1
66 13 1
66 27 1
79 19 1
40 50 1
47 37 1
94 14 1
94 65 1
39 27 1
14 94 1
39 42 1
8 13 1
39 29 1
14 94 1
94 14 1
94 56 1
94 88 1
94 76 1
94 84 1
94 86 1
94 68 1
94 48 1
94 85 1
94 47 1
47 94 1
56 94 1
50 40 1
50 70 1
88 94 1
75 50 1
68 47 1
68 47 1
70 50 1
68 47 1
68 42 1
83 15 1
57 76 1
57 88 1
68 3 1
68 3 1
86 57 1
86 94 1
76 57 1
83 46 1
83 33 1
18 57 1
48 94 1
88 57 1
68 3 1
68 3 1
68 3 1
68 90 1
83 26 1
68 94 1
83 45 1
68 94 1
68 94 1
68 94 1
68 94 1
68 94 1
68 3 1
57 86 1
57 18 1
18 57 1
86 57 1
59 74 1
59 2 1
59 94 1
52 47 1
52 23 1
4 76 1
4 70 1
4 13 1
50 8 1
80 67 1
76 4 1
71 72 1
71 15 1
71 73 1
71 5 1
71 117 1
47 52 1
67 80 1
50 75 1
94 72 1
94 74 1
94 40 1
105 103 1
105 52 1
8 50 1
52 105 1
103 105 1
59 67 1
74 94 1
70 4 1
74 13 1
14 94 1
46 83 1
26 83 1
90 115 1
21 86 1
13 4 1
13 74 1
75 50 1
11 5 1
59 68 1
59 69 1
59 86 1
59 84 1
59 47 1
59 2 1
59 56 1
59 85 1
59 89 1
59 48 1
59 76 1
59 88 1
59 94 1
2 59 1
84 59 1
76 4 1
75 50 1
39 54 1
76 40 1
62 3 1
62 8 1
62 15 1
62 66 1
76 94 1
86 21 1
8 62 1
74 59 1
74 94 1
94 14 1
94 74 1
94 14 1
94 65 1
56 88 1
59 74 1
88 56 1
59 14 1
59 9 1
69 79 1
14 94 1
69 68 1
50 75 1
75 50 1
14 94 1
48 53 1
57 86 1
57 18 1
86 57 1
86 57 1
50 48 1
50 93 1
50 101 1
50 124 1
50 27 1
94 14 1
85 48 1
85 94 1
48 85 1
48 50 1
50 48 1
48 50 1
9 66 1
57 69 1
57 86 1
57 18 1
86 57 1
21 33 1
18 57 1
18 57 1
86 57 1
67 66 1
50 48 1
50 53 1
50 93 1
50 101 1
50 124 1
50 27 1
88 61 1
88 96 1
88 12 1
88 15 1
93 50 1
5 11 1
6 106 1
117 14 1
6 106 1
14 117 1
57 18 1
57 86 1
86 57 1
80 31 1
80 18 1
80 67 1
80 66 1
80 9 1
37 120 1
106 58 1
106 117 1
106 73 1
9 80 1
105 103 1
32 83 1
86 57 1
32 26 1
26 32 1
103 105 1
27 50 1
27 50 1
57 110 1
57 109 1
124 50 1
124 50 1
15 62 1
66 80 1
66 62 1
66 9 1
18 80 1
18 57 1
94 14 1
94 65 1
31 80 1
54 15 1
25 15 1
15 54 1
15 25 1
48 50 1
27 69 1
15 96 1
15 117 1
15 74 1
50 48 1
48 50 1
40 8 1
40 41 1
8 40 1
71 72 1
59 69 1
59 68 1
59 56 1
59 64 1
59 42 1
120 37 1
120 37 1
96 15 1
69 79 1
109 57 1
109 101 1
109 18 1
109 82 1
109 101 1
109 70 1
109 29 1
109 18 1
109 18 1
109 18 1
109 18 1
109 18 1
74 15 1
86 40 1
15 25 1
15 25 1
15 26 1
15 25 1
15 72 1
48 50 1
76 40 1
85 69 1
69 50 1
50 69 1
50 69 1
93 50 1
59 47 1
93 86 1
86 93 1
59 94 1
48 68 1
48 68 1
72 74 1
68 48 1
68 48 1
67 80 1
86 40 1
25 15 1
25 15 1
25 26 1
25 15 1
25 15 1
25 26 1
40 76 1
96 15 1
96 61 1
96 12 1
11 5 1
83 32 1
48 85 1
1 10 1
1 13 1
1 7 1
1 44 1
1 9 1
1 8 1
1 14 1
1 12 1
1 15 1
1 3 1
1 5 1
1 17 1
1 4 1
1 11 1
1 16 1
1 2 1
1 40 1
1 65 1
1 6 1
36 37 1
37 36 1
44 1 1
61 96 1
13 1 1
8 1 1
13 1 1
13 7 1
49 50 1
50 49 1
37 36 1
37 69 1
94 14 1
94 65 1
14 94 1
11 1 1
96 15 1
96 61 1
61 96 1
59 95 1
4 1 1
6 1 1
15 1 1
15 25 1
40 86 1
15 96 1
15 96 1
40 86 1
94 56 1
94 84 1
94 86 1
94 88 1
94 76 1
94 69 1
94 68 1
94 48 1
94 85 1
94 47 1
27 15 1
27 26 1
27 40 1
27 8 1
27 5 1
27 66 1
27 3 1
27 62 1
27 39 1
27 13 1
5 1 1
26 15 1
5 11 1
6 106 1
15 27 1
62 27 1
26 25 1
56 94 1
26 25 1
26 27 1
37 38 1
38 37 1
26 24 1
54 5 1
54 83 1
13 27 1
42 63 1
48 94 1
10 1 1
49 53 1
27 69 1
54 83 1
5 27 1
5 54 1
13 66 1
13 3 1
13 4 1
13 8 1
13 40 1
4 13 1
47 94 1
76 40 1
25 26 1
25 15 1
26 25 1
76 40 1
15 25 1
1 13 1
75 50 1
50 75 1
75 53 1
88 94 1
76 94 1
65 94 1
68 94 1
83 54 1
83 54 1
86 40 1
86 40 1
86 94 1
76 40 1
27 62 1
27 62 1
76 40 1
40 76 1
40 8 1
40 41 1
86 19 1
76 40 1
40 76 1
94 72 1
94 40 1
94 74 1
53 75 1
53 50 1
53 49 1
53 48 1
53 70 1
53 70 1
83 36 1
76 40 1
48 68 1
68 48 1
65 1 1
65 94 1
65 94 1
65 73 1
65 94 1
65 9 1
65 94 1
65 94 1
65 94 1
65 94 1
65 94 1
65 12 1
65 5 1
65 94 1
65 13 1
59 94 1
59 2 1
22 7 1
74 94 1
71 73 1
71 5 1
71 117 1
71 72 1
71 15 1
47 68 1
14 94 1
11 5 1
59 68 1
59 69 1
59 85 1
59 84 1
59 76 1
59 56 1
59 86 1
59 89 1
59 48 1
59 88 1
59 47 1
59 94 1
59 2 1
76 40 1
63 42 1
94 14 1
76 69 1
40 73 1
26 24 1
40 76 1
76 40 1
40 73 1
40 72 1
40 74 1
40 3 1
40 13 1
40 8 1
88 15 1
29 88 1
29 21 1
29 48 1
21 29 1
8 27 1
8 13 1
8 40 1
88 29 1
53 4 1
39 27 1
48 29 1
4 53 1
66 13 1
48 85 1
5 11 1
29 48 1
29 21 1
29 88 1
21 29 1
88 29 1
29 75 1
29 7 1
29 10 1
88 29 1
94 65 1
94 14 1
65 94 1
10 29 1
14 94 1
75 29 1
1 38 1
80 59 1
68 47 1
9 1 1
9 25 1
59 80 1
3 13 1
3 27 1
42 63 1
69 76 1
86 50 1
86 40 1
86 93 1
86 101 1
86 124 1
86 27 1
50 86 1
48 29 1
6 106 1
6 106 1
85 48 1
6 106 1
85 48 1
40 86 1
86 40 1
76 40 1
40 76 1
85 94 1
76 40 1
39 54 1
19 86 1
73 40 1
69 76 1
26 15 1
42 63 1
68 67 1
25 26 1
26 25 1
85 68 1
44 80 1
26 3 1
40 74 1
40 3 1
40 13 1
40 72 1
40 8 1
25 8 1
25 3 1
25 15 1
25 26 1
85 48 1
48 85 1
27 81 1
88 15 1
14 44 1
44 14 1
44 80 1
115 67 1
25 45 1
45 25 1
15 25 1
68 85 1
48 68 1
68 48 1
70 53 1
70 53 1
70 53 1
70 53 1
70 53 1
26 25 1
14 59 1
14 9 1
14 67 1
26 66 1
9 14 1
56 15 1
86 19 1
21 88 1
88 21 1
88 15 1
68 9 1
80 44 1
15 56 1
93 4 1
9 67 1
9 66 1
67 66 1
67 9 1
76 19 1
67 14 1
8 25 1
80 44 1
67 66 1
67 80 1
67 115 1
67 115 1
66 9 1
86 69 1
44 80 1
69 86 1
53 70 1
54 56 1
54 117 1
54 15 1
86 53 1
44 80 1
53 70 1
53 70 1
53 70 1
53 70 1
53 70 1
80 67 1
53 70 1
53 4 1
67 80 1
67 80 1
53 4 1
53 70 1
53 70 1
53 4 1
53 70 1
96 15 1
96 61 1
96 12 1
4 93 1
4 93 1
4 53 1
93 4 1
13 3 1
44 14 1
44 59 1
44 14 1
82 49 1
82 101 1
94 65 1
94 14 1
94 9 1
3 8 1
3 13 1
3 51 1
3 25 1
61 96 1
51 3 1
3 26 1
3 8 1
3 20 1
70 53 1
3 13 1
4 70 1
4 13 1
4 53 1
4 76 1
70 53 1
13 3 1
8 3 1
13 3 1
8 3 1
13 4 1
96 15 1
96 61 1
70 53 1
82 21 1
82 63 1
82 151 1
82 42 1
59 44 1
4 53 1
4 53 1
20 3 1
56 54 1
94 56 1
94 76 1
94 68 1
94 88 1
94 69 1
94 86 1
94 48 1
94 85 1
94 47 1
94 123 1
56 94 1
3 66 1
3 8 1
3 68 1
3 69 1
3 85 1
3 67 1
3 13 1
3 40 1
3 4 1
3 17 1
4 3 1
44 112 1
112 44 1
123 94 1
66 3 1
47 94 1
66 115 1
65 94 1
42 82 1
67 3 1
63 82 1
76 94 1
40 74 1
151 82 1
40 74 1
25 26 1
73 72 1
73 9 1
73 14 1
73 65 1
76 4 1
70 53 1
70 53 1
70 4 1
13 3 1
15 96 1
15 96 1
61 96 1
68 3 1
68 94 1
15 54 1
53 4 1
88 94 1
151 115 1
115 151 1
21 82 1
115 67 1
67 115 1
40 72 1
8 3 1
40 72 1
40 74 1
86 19 1
86 94 1
86 123 1
74 4 1
73 1 1
15 56 1
56 15 1
3 66 1
3 8 1
3 13 1
29 22 1
65 73 1
48 94 1
8 3 1
68 67 1
65 94 1
6 106 1
54 15 1
88 89 1
44 125 1
17 56 1
56 17 1
56 15 1
56 88 1
15 56 1
13 3 1
88 56 1
54 29 1
54 15 1
54 39 1
1 73 1
29 54 1
94 65 1
15 88 1
15 54 1
15 54 1
86 19 1
88 15 1
18 93 1
93 18 1
4 74 1
18 93 1
13 3 1
13 62 1
93 18 1
13 62 1
18 93 1
93 18 1
94 74 1
94 72 1
94 40 1
3 13 1
71 72 1
71 15 1
71 73 1
71 5 1
71 117 1
3 53 1
20 3 1
3 20 1
86 19 1
20 3 1
3 20 1
40 47 1
15 88 1
53 3 1
70 53 1
11 5 1
82 115 1
82 43 1
82 58 1
82 29 1
59 68 1
59 9 1
9 73 1
9 94 1
4 13 1
4 3 1
4 74 1
4 40 1
39 54 1
9 67 1
39 27 1
67 9 1
33 54 1
54 33 1
88 15 1
9 94 1
47 40 1
88 5 1
3 13 1
3 51 1
3 26 1
3 20 1
26 3 1
118 33 1
88 15 1
85 94 1
85 3 1
115 82 1
15 88 1
13 3 1
88 15 1
47 68 1
41 40 1
68 47 1
41 40 1
59 67 1
86 57 1
29 82 1
29 39 1
29 120 1
40 3 1
3 40 1
57 69 1
57 86 1
57 18 1
86 57 1
76 53 1
29 30 1
86 57 1
94 65 1
94 14 1
32 24 1
29 80 1
94 9 1
30 29 1
59 68 1
59 69 1
59 76 1
59 88 1
59 47 1
59 2 1
59 56 1
59 85 1
59 86 1
59 84 1
59 89 1
59 48 1
59 94 1
6 106 1
20 3 1
6 106 1
94 74 1
94 72 1
94 40 1
21 70 1
21 75 1
21 10 1
86 57 1
10 21 1
57 86 1
57 18 1
75 21 1
75 53 1
86 57 1
74 94 1
83 63 1
54 73 1
65 94 1
70 21 1
65 94 1
90 67 1
90 66 1
90 56 1
90 68 1
85 68 1
56 90 1
5 11 1
51 3 1
63 83 1
59 2 1
76 53 1
25 26 1
73 54 1
57 76 1
57 69 1
76 57 1
68 85 1
69 19 1
69 57 1
69 76 1
37 39 1
80 29 1
39 37 1
80 9 1
9 80 1
39 29 1
18 57 1
18 57 1
68 47 1
68 90 1
1 73 1
73 1 1
26 25 1
9 80 1
94 65 1
58 82 1
80 9 1
86 53 1
59 14 1
59 9 1
21 69 1
93 4 1
90 69 1
90 68 1
90 56 1
90 88 1
90 85 1
85 90 1
90 9 1
68 90 1
9 67 1
9 90 1
66 3 1
74 72 1
54 15 1
69 76 1
4 93 1
96 15 1
96 61 1
96 12 1
74 4 1
4 74 1
4 74 1
94 65 1
94 14 1
93 47 1
74 4 1
61 96 1
15 96 1
15 54 1
33 118 1
54 15 1
75 53 1
94 47 1
94 56 1
94 88 1
94 76 1
94 69 1
94 86 1
94 68 1
94 48 1
94 85 1
15 54 1
96 15 1
96 61 1
15 96 1
33 15 1
33 5 1
47 94 1
47 93 1
61 96 1
67 9 1
5 33 1
70 48 1
70 68 1
65 94 1
2 94 1
65 94 1
48 70 1
68 70 1
76 94 1
67 90 1
88 90 1
72 117 1
72 117 1
2 1 1
88 94 1
56 90 1
11 5 1
5 11 1
13 20 1
72 117 1
94 65 1
68 94 1
53 75 1
72 117 1
48 56 1
56 48 1
56 94 1
9 80 1
59 2 1
17 56 1
3 17 1
3 66 1
3 67 1
3 8 1
3 13 1
3 40 1
3 4 1
3 68 1
3 69 1
66 3 1
68 3 1
56 17 1
66 90 1
80 9 1
66 90 1
94 65 1
94 14 1
13 3 1
65 94 1
65 94 1
75 53 1
74 59 1
74 94 1
11 65 1
11 14 1
11 5 1
11 15 1
94 65 1
94 74 1
8 3 1
67 3 1
74 72 1
33 15 1
9 67 1
4 3 1
71 15 1
71 72 1
71 73 1
71 5 1
71 117 1
67 9 1
5 11 1
86 94 1
67 59 1
65 11 1
48 94 1
67 66 1
9 67 1
9 66 1
66 9 1
59 74 1
70 53 1
90 66 1
33 54 1
56 88 1
53 70 1
53 75 1
70 53 1
75 53 1
53 50 1
50 53 1
88 56 1
86 69 1
53 49 1
53 50 1
53 86 1
86 53 1
53 75 1
53 75 1
53 70 1
53 70 1
53 76 1
53 76 1
54 33 1
49 53 1
15 54 1
54 15 1
54 15 1
15 54 1
76 53 1
53 70 1
53 4 1
69 19 1
69 57 1
33 117 1
76 53 1
4 76 1
4 13 1
4 18 1
4 3 1
4 70 1
3 4 1
69 27 1
53 75 1
53 50 1
54 15 1
54 73 1
83 24 1
76 4 1
13 4 1
18 4 1
4 53 1
94 65 1
94 14 1
53 75 1
53 50 1
65 94 1
63 43 1
75 53 1
70 4 1
70 53 1
75 53 1
56 5 1
21 88 1
88 21 1
88 61 1
88 96 1
88 15 1
88 61 1
88 96 1
88 15 1
88 12 1
53 70 1
53 4 1
4 53 1
70 53 1
6 106 1
74 4 1
4 74 1
6 106 1
13 4 1
13 3 1
6 106 1
53 70 1
53 4 1
59 67 1
4 13 1
40 3 1
26 25 1
85 94 1
4 106 1
24 83 1
70 53 1
4 53 1
6 106 1
5 56 1
47 55 1
69 81 1
119 54 1
76 57 1
68 69 1
68 85 1
93 47 1
28 20 1
73 54 1
69 3 1
28 83 1
28 54 1
47 93 1
69 3 1
3 69 1
3 13 1
15 54 1
3 13 1
15 11 1
15 33 1
15 33 1
3 69 1
3 8 1
3 40 1
3 40 1
3 8 1
3 69 1
3 13 1
13 3 1
13 3 1
3 67 1
3 66 1
3 66 1
3 13 1
13 3 1
3 66 1
3 13 1
76 40 1
13 3 1
3 69 1
69 3 1
55 47 1
15 65 1
15 14 1
69 76 1
80 67 1
76 69 1
83 28 1
67 80 1
67 3 1
66 3 1
67 9 1
66 3 1
83 61 1
20 28 1
54 28 1
90 69 1
90 76 1
90 18 1
13 3 1
3 13 1
103 52 1
56 69 1
3 69 1
59 2 1
3 40 1
3 4 1
3 8 1
3 13 1
3 51 1
3 52 1
3 53 1
3 18 1
3 128 1
3 20 1
52 3 1
52 103 1
8 3 1
8 3 1
21 85 1
21 56 1
21 47 1
21 69 1
21 88 1
21 76 1
21 89 1
21 48 1
21 68 1
21 86 1
21 90 1
85 21 1
8 3 1
37 36 1
37 38 1
37 1 1
89 21 1
1 37 1
86 21 1
76 21 1
68 21 1
54 15 1
37 36 1
37 38 1
37 1 1
1 37 1
47 21 1
3 40 1
3 13 1
3 53 1
3 66 1
24 3 1
24 8 1
24 51 1
24 26 1
24 66 1
61 83 1
3 24 1
3 13 1
3 52 1
3 128 1
52 3 1
53 3 1
53 3 1
8 24 1
59 80 1
15 54 1
65 94 1
65 15 1
69 67 1
69 9 1
69 66 1
69 72 1
69 15 1
69 3 1
69 68 1
69 56 1
69 65 1
18 90 1
13 3 1
13 3 1
13 3 1
13 4 1
13 74 1
13 3 1
20 3 1
40 65 1
40 17 1
96 15 1
96 61 1
13 3 1
13 40 1
13 4 1
74 13 1
4 13 1
74 13 1
94 65 1
13 74 1
3 13 1
94 65 1
94 14 1
3 13 1
3 40 1
3 8 1
3 4 1
13 3 1
4 17 1
4 65 1
4 3 1
4 3 1
71 94 1
71 5 1
8 3 1
15 71 1
15 72 1
15 73 1
15 117 1
15 96 1
94 72 1
94 59 1
94 74 1
94 40 1
94 2 1
5 71 1
5 72 1
5 73 1
5 74 1
5 11 1
96 15 1
96 61 1
15 12 1
15 96 1
3 4 1
3 69 1
3 66 1
3 67 1
3 8 1
3 13 1
3 40 1
3 68 1
3 85 1
3 17 1
57 76 1
13 3 1
66 3 1
8 3 1
66 24 1
59 94 1
66 3 1
66 3 1
4 3 1
2 94 1
65 4 1
74 5 1
65 94 1
56 21 1
71 15 1
61 96 1
71 5 1
76 57 1
72 71 1
72 5 1
72 117 1
72 73 1
72 12 1
72 15 1
72 74 1
26 24 1
68 3 1
94 88 1
94 69 1
94 68 1
94 85 1
94 56 1
94 76 1
94 86 1
94 48 1
94 47 1
76 94 1
47 94 1
56 94 1
11 5 1
11 5 1
3 13 1
3 8 1
3 51 1
3 20 1
5 11 1
68 94 1
3 68 1
3 69 1
3 66 1
88 21 1
13 3 1
68 3 1
80 9 1
66 3 1
9 80 1
20 3 1
26 3 1
86 94 1
48 94 1
51 3 1
17 56 1
8 3 1
56 17 1
88 94 1
56 88 1
88 56 1
51 24 1
51 3 1
59 67 1
87 10 1
87 10 1
71 72 1
71 15 1
71 73 1
71 5 1
71 117 1
93 47 1
43 42 1
43 82 1
47 93 1
76 69 1
54 15 1
15 54 1
2 59 1
2 40 1
2 72 1
2 74 1
2 117 1
2 58 1
2 94 1
59 2 1
73 5 1
73 15 1
89 75 1
89 88 1
89 21 1
21 89 1
75 89 1
48 21 1
61 96 1
73 65 1
73 9 1
73 14 1
47 68 1
88 89 1
74 2 1
74 94 1
15 39 1
9 73 1
1 7 1
94 2 1
94 59 1
68 47 1
47 68 1
39 81 1
68 47 1
2 94 1
59 94 1
94 2 1
43 63 1
43 42 1
43 45 1
43 79 1
43 79 1
43 45 1
43 79 1
43 42 1
43 42 1
43 45 1
43 79 1
43 42 1
43 45 1
43 79 1
43 10 1
45 43 1
74 4 1
79 43 1
81 39 1
79 43 1
79 43 1
79 43 1
79 43 1
54 15 1
54 73 1
70 4 1
70 53 1
59 68 1
59 47 1
59 83 1
59 32 1
59 56 1
59 69 1
59 86 1
59 76 1
59 85 1
59 89 1
59 48 1
59 88 1
59 94 1
59 2 1
15 54 1
59 32 1
59 94 1
59 83 1
59 30 1
59 2 1
4 70 1
4 74 1
40 3 1
3 40 1
40 121 1
76 50 1
50 76 1
76 53 1
69 19 1
4 106 1
19 69 1
85 94 1
85 3 1
76 27 1
73 54 1
34 24 1
24 34 1
6 106 1
6 106 1
6 106 1
90 21 1
106 58 1
59 86 1
59 48 1
59 76 1
59 88 1
59 47 1
59 68 1
59 69 1
59 56 1
59 85 1
59 84 1
59 89 1
59 94 1
59 2 1
73 1 1
1 73 1
94 9 1
94 14 1
94 65 1
9 94 1
58 2 1
40 72 1
40 3 1
86 69 1
86 81 1
86 50 1
86 8 1
3 40 1
39 53 1
3 13 1
3 13 1
13 3 1
53 70 1
53 39 1
13 3 1
39 15 1
80 151 1
80 59 1
80 21 1
80 45 1
80 69 1
80 68 1
80 104 1
80 29 1
80 44 1
45 80 1
68 80 1
104 80 1
21 80 1
80 59 1
59 80 1
59 80 1
39 15 1
3 53 1
15 39 1
106 117 1
106 58 1
106 73 1
74 59 1
74 94 1
53 3 1
59 74 1
53 3 1
3 53 1
59 94 1
59 2 1
94 74 1
45 43 1
81 8 1
8 81 1
83 63 1
53 76 1
53 50 1
76 53 1
53 70 1
53 4 1
76 40 1
67 66 1
101 50 1
101 50 1
101 47 1
101 50 1
101 50 1
96 15 1
96 61 1
96 12 1
29 80 1
100 66 1
121 40 1
42 43 1
42 43 1
42 43 1
27 39 1
63 83 1
45 43 1
45 43 1
23 29 1
23 42 1
27 76 1
4 53 1
27 77 1
77 27 1
61 96 1
15 96 1
3 4 1
3 68 1
3 66 1
3 67 1
3 8 1
3 13 1
3 40 1
3 69 1
3 85 1
3 17 1
36 38 1
36 37 1
38 36 1
94 69 1
94 68 1
94 85 1
94 56 1
94 76 1
94 88 1
94 86 1
94 48 1
94 47 1
94 123 1
94 2 1
94 20 1
94 95 1
96 15 1
96 61 1
104 66 1
15 96 1
123 94 1
104 57 1
13 3 1
2 94 1
61 96 1
70 53 1
1 38 1
4 3 1
66 104 1
94 14 1
94 9 1
96 54 1
66 104 1
66 3 1
66 100 1
104 66 1
88 94 1
76 94 1
43 42 1
56 94 1
3 62 1
3 13 1
3 51 1
3 66 1
66 27 1
13 3 1
9 94 1
105 103 1
47 94 1
103 105 1
8 3 1
76 75 1
62 113 1
86 68 1
113 62 1
86 94 1
59 68 1
59 69 1
59 86 1
59 94 1
59 56 1
59 85 1
59 84 1
59 89 1
59 48 1
59 76 1
59 88 1
59 47 1
59 2 1
86 123 1
75 53 1
53 75 1
66 3 1
54 96 1
42 43 1
86 69 1
86 76 1
86 47 1
86 48 1
86 13 1
86 68 1
86 85 1
86 56 1
86 75 1
86 70 1
86 82 1
23 34 1
23 52 1
19 86 1
56 15 1
151 80 1
70 4 1
51 3 1
34 23 1
47 50 1
50 47 1
47 53 1
93 101 1
101 93 1
52 23 1
23 52 1
4 70 1
11 5 1
5 11 1
86 19 1
25 31 1
31 25 1
15 56 1
82 70 1
82 43 1
82 93 1
82 58 1
82 75 1
82 151 1
82 29 1
82 6 1
82 101 1
82 19 1
29 82 1
101 82 1
93 82 1
76 27 1
76 50 1
19 57 1
76 81 1
15 72 1
15 5 1
15 117 1
70 82 1
20 3 1
3 20 1
48 94 1
75 82 1
59 67 1
3 20 1
3 66 1
3 42 1
48 47 1
66 3 1
42 3 1
33 15 1
42 43 1
69 68 1
42 43 1
69 85 1
17 56 1
56 17 1
53 47 1
4 106 1
6 82 1
56 59 1
59 56 1
20 3 1
118 33 1
43 40 1
43 58 1
43 18 1
53 3 1
43 18 1
3 53 1
6 106 1
6 106 1
36 53 1
47 48 1
6 106 1
85 94 1
85 3 1
85 48 1
69 53 1
48 85 1
15 33 1
32 18 1
18 32 1
4 76 1
76 4 1
76 4 1
4 81 1
42 63 1
81 4 1
5 15 1
53 36 1
42 20 1
86 8 1
86 50 1
86 81 1
86 69 1
10 22 1
10 98 1
20 13 1
47 93 1
47 101 1
47 124 1
47 27 1
101 47 1
93 47 1
74 94 1
74 59 1
59 74 1
59 2 1
38 37 1
38 36 1
94 74 1
32 18 1
88 15 1
69 81 1
98 10 1
117 151 1
48 85 1
85 48 1
47 81 1
81 47 1
58 82 1
3 66 1
38 36 1
76 47 1
74 65 1
74 117 1
74 9 1
74 14 1
74 58 1
74 72 1
9 74 1
64 42 1
18 32 1
13 20 1
107 57 1
27 47 1
27 81 1
27 101 1
27 102 1
27 93 1
27 124 1
101 27 1
96 15 1
96 61 1
1 10 1
1 44 1
1 9 1
1 8 1
1 14 1
1 13 1
1 12 1
1 15 1
1 7 1
1 3 1
1 5 1
1 17 1
1 4 1
1 11 1
1 16 1
1 2 1
1 40 1
1 65 1
1 6 1
2 1 1
13 1 1
8 1 1
37 36 1
10 1 1
3 1 1
36 38 1
124 27 1
93 27 1
28 29 1
58 74 1
124 47 1
61 96 1
15 1 1
94 9 1
94 14 1
15 96 1
94 48 1
94 56 1
94 76 1
94 88 1
94 86 1
94 68 1
94 85 1
94 47 1
44 1 1
48 94 1
3 66 1
3 69 1
3 67 1
3 8 1
3 13 1
3 40 1
3 4 1
3 68 1
3 85 1
3 17 1
8 3 1
9 94 1
63 42 1
96 15 1
96 61 1
96 54 1
15 96 1
61 96 1
6 1 1
11 1 1
66 3 1
13 3 1
66 3 1
9 1 1
5 1 1
117 58 1
117 58 1
58 117 1
42 112 1
56 94 1
58 117 1
29 28 1
4 1 1
4 3 1
16 1 1
94 56 1
94 85 1
94 68 1
3 53 1
3 13 1
3 18 1
56 94 1
18 3 1
88 94 1
53 3 1
13 3 1
68 85 1
68 48 1
68 47 1
68 3 1
68 3 1
76 94 1
13 53 1
53 13 1
68 94 1
68 94 1
68 94 1
76 19 1
76 57 1
76 18 1
86 94 1
70 53 1
33 151 1
17 56 1
71 72 1
69 76 1
56 17 1
73 72 1
83 26 1
83 24 1
86 19 1
15 33 1
151 117 1
151 82 1
15 33 1
24 83 1
33 15 1
33 15 1
31 32 1
32 31 1
59 68 1
59 69 1
59 86 1
59 56 1
59 85 1
59 84 1
59 89 1
59 48 1
59 76 1
59 88 1
59 47 1
59 94 1
59 2 1
2 95 1
88 61 1
88 96 1
88 12 1
88 15 1
149 83 1
73 1 1
1 73 1
83 149 1
88 61 1
88 96 1
88 12 1
88 15 1
71 73 1
71 117 1
71 72 1
71 15 1
71 5 1
149 83 1
149 83 1
66 24 1
95 2 1
149 83 1
6 106 1
149 83 1
83 149 1
149 83 1
149 83 1
81 69 1
149 83 1
6 106 1
6 106 1
76 49 1
76 40 1
76 75 1
6 106 1
20 3 1
11 5 1
3 20 1
5 11 1
59 67 1
6 106 1
3 66 1
83 33 1
37 38 1
38 37 1
4 106 1
33 83 1
9 66 1
9 67 1
81 39 1
54 15 1
54 61 1
39 81 1
61 54 1
88 5 1
88 15 1
66 9 1
53 70 1
66 9 1
66 67 1
86 4 1
86 40 1
86 75 1
86 93 1
86 101 1
86 124 1
86 27 1
53 69 1
9 66 1
15 54 1
23 52 1
85 94 1
85 3 1
86 69 1
85 94 1
15 88 1
72 9 1
72 117 1
88 15 1
68 48 1
68 85 1
68 47 1
56 88 1
88 56 1
86 69 1
46 23 1
93 86 1
86 93 1
19 93 1
24 66 1
48 47 1
68 48 1
68 85 1
68 47 1
24 66 1
86 19 1
21 72 1
21 86 1
69 86 1
23 51 1
51 23 1
86 21 1
34 24 1
72 117 1
72 5 1
72 66 1
72 15 1
93 19 1
76 69 1
76 53 1
66 24 1
66 3 1
71 53 1
56 55 1
56 18 1
18 56 1
69 86 1
24 34 1
34 51 1
68 48 1
76 4 1
4 70 1
4 93 1
4 101 1
4 124 1
4 27 1
101 4 1
53 13 1
13 53 1
70 4 1
42 43 1
42 63 1
93 4 1
53 71 1
56 94 1
104 57 1
51 34 1
53 70 1
71 53 1
55 56 1
53 75 1
75 53 1
69 86 1
70 53 1
86 40 1
86 4 1
81 62 1
9 67 1
9 42 1
54 96 1
53 76 1
76 53 1
66 15 1
66 5 1
117 38 1
117 61 1
68 47 1
74 9 1
74 65 1
74 72 1
74 14 1
74 17 1
69 86 1
69 86 1
1 7 1
1 5 1
1 6 1
1 2 1
1 44 1
1 3 1
1 8 1
1 9 1
1 10 1
1 11 1
1 12 1
1 65 1
1 13 1
1 14 1
1 15 1
1 4 1
1 40 1
1 16 1
1 17 1
