1 26 4
1 112 4
2 311 4
3 60 4
3 177 4
3 202 4
4 5 4
4 82 4
4 86 4
4 121 4
4 208 4
5 65 4
5 199 4
6 72 4
6 159 4
6 184 4
7 31 4
7 72 4
7 131 4
7 180 4
7 248 4
8 30 4
8 104 4
8 204 4
9 211 4
9 249 4
9 284 4
10 11 4
10 125 4
11 75 4
11 206 4
12 177 4
13 177 4
13 180 4
13 181 4
13 195 4
14 51 4
14 76 4
14 176 4
14 206 4
14 236 4
16 102 4
16 159 4
16 232 4
16 236 4
16 244 4
16 300 4
17 29 4
17 171 4
17 183 4
18 44 4
18 80 4
18 91 4
18 188 4
18 203 4
19 83 4
19 235 4
19 253 4
19 256 4
20 32 4
20 57 4
20 155 4
20 206 4
20 262 4
20 302 4
21 36 4
21 51 4
21 67 4
21 96 4
21 136 4
21 301 4
22 94 4
22 131 4
22 167 4
23 64 4
23 79 4
23 110 4
23 143 4
23 232 4
24 84 4
24 187 4
24 204 4
24 234 4
25 191 4
26 38 4
26 79 4
26 139 4
26 279 4
27 189 4
28 62 4
29 114 4
29 204 4
29 238 4
29 248 4
29 265 4
30 221 4
30 268 4
31 45 4
31 122 4
31 259 4
32 129 4
32 270 4
33 229 4
33 293 4
34 44 4
34 104 4
34 165 4
34 171 4
34 249 4
35 93 4
36 217 4
36 289 4
36 295 4
37 50 4
37 224 4
38 100 4
38 170 4
38 319 4
39 138 4
39 145 4
39 152 4
40 81 4
40 259 4
40 288 4
41 66 4
41 130 4
41 199 4
41 222 4
41 231 4
42 80 4
42 186 4
42 187 4
44 277 4
45 92 4
46 131 4
46 201 4
46 292 4
46 326 4
47 50 4
47 78 4
47 221 4
47 240 4
47 298 4
48 110 4
48 112 4
48 149 4
48 183 4
49 193 4
50 141 4
50 157 4
50 165 4
50 195 4
50 293 4
51 145 4
51 238 4
52 90 4
52 241 4
52 275 4
53 149 4
54 55 4
54 59 4
54 71 4
55 64 4
55 110 4
55 145 4
55 188 4
55 212 4
55 268 4
55 271 4
56 91 4
57 174 4
57 259 4
58 78 4
58 167 4
58 228 4
58 277 4
59 64 4
59 167 4
59 233 4
59 274 4
60 107 4
60 119 4
60 125 4
60 126 4
60 181 4
60 191 4
60 233 4
61 141 4
61 328 4
62 90 4
62 98 4
62 159 4
62 186 4
62 268 4
63 103 4
63 132 4
64 86 4
64 174 4
64 239 4
65 158 4
65 331 4
66 153 4
66 185 4
66 192 4
66 249 4
67 329 4
68 99 4
68 100 4
69 77 4
69 96 4
69 147 4
69 188 4
69 287 4
70 166 4
70 205 4
70 227 4
70 294 4
71 170 4
72 216 4
72 288 4
72 293 4
74 85 4
74 102 4
74 115 4
74 317 4
75 82 4
75 90 4
75 278 4
75 323 4
76 125 4
76 271 4
77 248 4
78 122 4
78 200 4
78 245 4
78 250 4
78 322 4
79 98 4
79 211 4
80 165 4
80 248 4
80 276 4
81 182 4
81 197 4
82 122 4
82 179 4
82 229 4
82 279 4
83 177 4
83 219 4
83 265 4
83 299 4
84 157 4
84 208 4
85 109 4
85 190 4
86 135 4
86 140 4
86 155 4
86 209 4
87 208 4
87 248 4
87 265 4
87 290 4
88 127 4
88 161 4
88 165 4
88 295 4
89 237 4
90 123 4
90 268 4
91 148 4
91 328 4
92 156 4
92 157 4
92 226 4
92 273 4
92 314 4
93 154 4
93 155 4
93 199 4
93 214 4
93 233 4
93 331 4
94 121 4
94 206 4
94 243 4
96 156 4
96 193 4
96 202 4
96 254 4
97 155 4
97 222 4
97 302 4
98 122 4
98 143 4
99 135 4
100 268 4
101 171 4
101 249 4
103 209 4
103 229 4
103 292 4
104 274 4
105 145 4
105 252 4
105 281 4
106 170 4
106 249 4
107 145 4
107 182 4
107 276 4
108 214 4
109 274 4
109 325 4
110 138 4
110 199 4
110 217 4
110 306 4
111 283 4
111 295 4
112 180 4
112 192 4
113 213 4
113 219 4
114 227 4
114 277 4
114 311 4
115 145 4
115 262 4
116 158 4
116 228 4
116 303 4
117 162 4
117 182 4
117 186 4
117 332 4
118 244 4
119 238 4
119 301 4
120 197 4
120 249 4
120 281 4
121 311 4
123 210 4
124 182 4
124 187 4
124 200 4
124 240 4
124 271 4
125 250 4
126 129 4
126 300 4
127 189 4
127 269 4
128 179 4
128 201 4
128 241 4
129 152 4
129 164 4
129 175 4
129 210 4
131 143 4
131 166 4
132 148 4
132 182 4
132 254 4
133 163 4
133 232 4
133 251 4
133 274 4
134 188 4
134 290 4
135 218 4
136 221 4
137 237 4
137 286 4
138 150 4
138 162 4
138 239 4
139 144 4
139 226 4
139 249 4
140 332 4
141 198 4
141 272 4
142 195 4
142 240 4
143 155 4
144 234 4
144 262 4
145 147 4
145 256 4
146 290 4
147 153 4
147 203 4
148 304 4
149 273 4
151 180 4
151 280 4
152 187 4
152 224 4
152 236 4
152 249 4
152 276 4
153 235 4
153 282 4
154 155 4
155 312 4
156 177 4
156 183 4
156 247 4
159 168 4
159 210 4
159 273 4
160 277 4
161 287 4
161 309 4
162 199 4
162 238 4
162 273 4
163 176 4
163 246 4
163 259 4
163 311 4
164 268 4
166 220 4
167 199 4
167 267 4
168 276 4
168 312 4
169 176 4
169 286 4
169 322 4
170 203 4
171 259 4
172 228 4
173 196 4
173 203 4
174 222 4
174 241 4
175 179 4
176 269 4
176 270 4
176 289 4
178 196 4
179 208 4
180 209 4
180 236 4
180 241 4
182 228 4
183 213 4
184 282 4
185 196 4
186 222 4
187 310 4
188 245 4
189 268 4
191 197 4
191 309 4
192 197 4
192 220 4
192 239 4
193 195 4
193 271 4
194 213 4
196 221 4
196 275 4
199 214 4
200 325 4
201 228 4
201 331 4
202 267 4
204 320 4
205 235 4
206 208 4
206 217 4
206 220 4
207 216 4
209 247 4
209 265 4
210 248 4
213 248 4
213 262 4
215 275 4
216 223 4
216 327 4
218 231 4
219 223 4
219 233 4
219 265 4
219 299 4
220 224 4
220 303 4
221 263 4
222 223 4
222 231 4
222 273 4
222 308 4
225 271 4
226 250 4
226 288 4
228 253 4
228 297 4
228 324 4
232 240 4
232 247 4
232 299 4
232 317 4
232 332 4
237 282 4
237 302 4
241 248 4
243 277 4
245 290 4
247 262 4
247 296 4
251 257 4
251 295 4
251 314 4
253 301 4
254 258 4
255 320 4
259 281 4
261 269 4
262 304 4
263 322 4
265 281 4
269 332 4
270 314 4
271 300 4
278 298 4
279 288 4
285 324 4
285 328 4
288 296 4
289 306 4
289 326 4
307 313 4
67 285 4
129 316 4
86 145 4
195 224 4
74 79 4
102 362 4
104 182 4
114 321 4
49 221 4
52 362 4
277 286 4
83 95 4
33 75 4
84 311 4
41 218 4
164 249 4
137 199 4
279 293 4
35 208 4
104 286 4
160 210 4
208 222 4
120 330 4
228 238 4
304 311 4
24 336 4
77 335 4
111 117 4
187 359 4
16 338 4
249 322 4
284 294 4
37 164 4
83 141 4
197 292 4
96 300 4
205 265 4
223 273 4
135 283 4
96 221 4
119 137 4
214 248 4
22 24 4
44 359 4
39 293 4
315 332 4
170 268 4
60 350 4
3 257 4
302 334 4
44 173 4
258 316 4
31 175 4
86 183 4
87 222 4
27 358 4
70 195 4
77 149 4
177 218 4
142 256 4
104 149 4
63 279 4
10 31 4
12 48 4
16 344 4
22 314 4
245 263 4
332 338 4
73 115 4
206 216 4
28 199 4
155 242 4
28 318 4
245 303 4
79 130 4
192 290 4
105 284 4
45 294 4
92 135 4
113 305 4
164 310 4
100 192 4
164 208 4
67 337 4
272 278 4
244 362 4
121 162 4
151 246 4
88 130 4
125 316 4
167 316 4
142 298 4
113 342 4
70 304 4
67 125 4
109 345 4
11 300 4
79 275 4
98 202 4
67 303 4
166 182 4
19 63 4
214 302 4
123 265 4
81 358 4
74 216 4
63 89 4
201 358 4
39 62 4
196 220 4
185 304 4
196 199 4
238 334 4
27 162 4
100 228 4
85 93 4
213 338 4
103 331 4
2 118 4
88 110 4
83 218 4
171 326 4
280 318 4
10 63 4
71 258 4
256 286 4
176 197 4
126 143 4
145 361 4
64 153 4
152 302 4
124 148 4
206 250 4
89 323 4
177 309 4
83 125 4
86 142 4
58 310 4
64 151 4
67 278 4
45 321 4
209 225 4
2 220 4
27 364 4
55 179 4
62 206 4
172 266 4
13 330 4
110 151 4
27 151 4
151 343 4
64 233 4
234 349 4
121 134 4
244 297 4
47 309 4
271 288 4
153 200 4
179 330 4
19 255 4
9 49 4
220 281 4
274 302 4
116 232 4
47 316 4
24 266 4
101 190 4
85 87 4
58 264 4
275 354 4
200 321 4
179 355 4
142 284 4
13 248 4
12 268 4
117 323 4
276 295 4
241 336 4
232 260 4
278 357 4
210 257 4
2 358 4
137 139 4
143 253 4
35 53 4
291 299 4
65 288 4
40 105 4
121 174 4
132 287 4
133 301 4
43 305 4
231 332 4
154 284 4
283 332 4
123 184 4
115 280 4
53 186 4
20 251 4
306 343 4
72 239 4
194 268 4
64 161 4
233 281 4
212 295 4
62 104 4
100 204 4
126 162 4
66 80 4
279 349 4
36 103 4
17 167 4
44 151 4
93 127 4
64 67 4
70 192 4
30 362 4
20 214 4
93 310 4
22 186 4
156 346 4
84 359 4
80 245 4
120 145 4
16 90 4
175 185 4
44 126 4
191 333 4
87 317 4
60 150 4
75 130 4
34 71 4
53 159 4
308 341 4
161 362 4
22 209 4
141 162 4
203 277 4
14 98 4
114 170 4
103 298 4
285 344 4
226 341 4
120 252 4
178 312 4
309 326 4
133 359 4
72 348 4
100 347 4
3 265 4
1 97 4
221 260 4
9 318 4
122 273 4
67 179 4
111 157 4
44 144 4
75 295 4
263 309 4
223 298 4
122 252 4
217 323 4
161 320 4
62 143 4
111 326 4
111 202 4
57 58 4
5 122 4
67 334 4
243 246 4
36 354 4
94 136 4
132 168 4
65 86 4
55 168 4
55 308 4
216 233 4
29 69 4
130 170 4
171 281 4
7 147 4
26 261 4
88 121 4
17 188 4
56 317 4
91 125 4
275 362 4
185 226 4
135 348 4
270 302 4
94 212 4
18 48 4
63 117 4
46 289 4
273 303 4
142 261 4
337 344 4
37 149 4
66 110 4
121 336 4
61 152 4
57 269 4
241 253 4
202 225 4
10 189 4
49 237 4
28 168 4
45 130 4
148 347 4
38 44 4
66 180 4
22 273 4
144 214 4
18 242 4
135 264 4
28 167 4
146 249 4
45 124 4
33 269 4
18 222 4
123 279 4
150 306 4
194 290 4
127 129 4
164 232 4
47 229 4
229 307 4
11 135 4
28 85 4
11 349 4
38 163 4
46 207 4
241 308 4
226 273 4
212 243 4
182 186 4
335 365 4
179 346 4
220 305 4
144 167 4
30 104 4
24 247 4
257 337 4
56 158 4
225 285 4
96 139 4
263 360 4
195 241 4
101 302 4
102 148 4
36 288 4
21 92 4
199 314 4
130 226 4
139 296 4
4 299 4
250 325 4
322 353 4
141 172 4
44 117 4
88 196 4
42 255 4
130 190 4
184 236 4
288 338 4
15 23 4
44 317 4
106 322 4
235 242 4
15 182 4
165 185 4
182 313 4
69 327 4
169 267 4
190 269 4
18 277 4
100 273 4
319 346 4
94 189 4
73 164 4
187 218 4
87 226 4
193 230 4
106 183 4
62 364 4
178 284 4
182 184 4
157 309 4
81 210 4
285 286 4
20 358 4
3 249 4
57 342 4
221 248 4
101 107 4
99 193 4
326 328 4
20 143 4
125 139 4
199 359 4
17 114 4
17 67 4
284 286 4
148 206 4
140 203 4
86 282 4
31 199 4
81 119 4
225 251 4
181 349 4
3 129 4
33 184 4
231 324 4
129 178 4
45 304 4
33 321 4
11 111 4
258 296 4
133 273 4
89 190 4
275 287 4
85 277 4
60 162 4
2 297 4
130 261 4
163 296 4
79 312 4
85 313 4
24 75 4
165 357 4
160 344 4
175 274 4
82 109 4
98 255 4
64 328 4
233 239 4
148 292 4
92 206 4
224 350 4
8 45 4
245 361 4
16 264 4
307 349 4
16 328 4
7 12 4
42 237 4
46 228 4
7 336 4
104 185 4
147 225 4
93 224 4
63 78 4
19 169 4
269 299 4
154 333 4
90 344 4
242 328 4
162 269 4
182 225 4
288 342 4
193 213 4
55 329 4
316 335 4
82 135 4
130 307 4
281 353 4
91 358 4
108 166 4
11 219 4
64 100 4
35 135 4
153 363 4
11 315 4
293 323 4
131 299 4
15 215 4
204 236 4
126 154 4
205 207 4
27 288 4
205 260 4
71 295 4
178 310 4
96 220 4
245 252 4
280 283 4
21 70 4
88 277 4
76 234 4
72 263 4
225 287 4
63 277 4
37 214 4
53 216 4
195 301 4
136 140 4
146 207 4
127 147 4
19 279 4
1 264 4
165 340 4
178 242 4
89 102 4
177 329 4
14 36 4
132 238 4
14 43 4
227 300 4
137 207 4
129 336 4
93 107 4
296 325 4
86 313 4
77 331 4
135 364 4
220 229 4
98 166 4
96 267 4
136 200 4
152 267 4
129 222 4
1 64 4
83 137 4
110 270 4
55 322 4
216 282 4
220 350 4
58 186 4
106 252 4
110 334 4
65 204 4
11 81 4
146 238 4
24 337 4
101 104 4
105 302 4
76 164 4
125 241 4
185 198 4
93 236 4
171 220 4
172 312 4
132 338 4
281 286 4
255 295 4
25 190 4
11 93 4
248 270 4
238 299 4
328 342 4
34 321 4
81 254 4
13 31 4
70 215 4
267 306 4
72 364 4
217 311 4
189 301 4
134 278 4
63 162 4
186 224 4
234 309 4
214 278 4
173 208 4
192 204 4
237 241 4
13 147 4
177 182 4
82 251 4
84 349 4
82 248 4
100 112 4
84 104 4
218 345 4
17 141 4
240 337 4
281 327 4
166 296 4
30 186 4
24 195 4
70 222 4
60 317 4
133 139 4
221 237 4
12 75 4
15 261 4
7 150 4
171 291 4
150 168 4
143 184 4
115 309 4
143 280 4
20 296 4
126 310 4
100 223 4
51 252 4
26 282 4
210 240 4
7 246 4
198 278 4
78 120 4
248 261 4
45 63 4
32 244 4
14 246 4
106 361 4
253 332 4
325 333 4
60 70 4
247 321 4
164 167 4
99 346 4
65 283 4
35 162 4
172 239 4
68 154 4
178 198 4
130 209 4
68 133 4
238 280 4
63 293 4
86 121 4
138 237 4
54 306 4
197 300 4
55 262 4
155 299 4
153 277 4
274 314 4
3 80 4
156 244 4
56 204 4
45 334 4
177 322 4
36 236 4
106 155 4
163 227 4
92 297 4
56 350 4
32 309 4
342 350 4
188 363 4
208 341 4
99 249 4
101 156 4
20 92 4
224 313 4
49 147 4
103 192 4
225 284 4
30 331 4
130 250 4
61 249 4
341 361 4
7 103 4
79 304 4
49 301 4
24 323 4
114 143 4
272 356 4
214 348 4
139 219 4
206 285 4
89 267 4
80 184 4
7 109 4
193 206 4
50 146 4
25 254 4
48 141 4
79 89 4
137 183 4
71 140 4
160 271 4
123 253 4
159 261 4
34 105 4
69 311 4
10 335 4
34 89 4
98 210 4
50 255 4
290 304 4
235 252 4
21 27 4
109 282 4
156 162 4
39 296 4
195 240 4
147 161 4
33 265 4
101 237 4
246 267 4
128 301 4
27 337 4
90 338 4
71 79 4
22 276 4
306 353 4
49 279 4
70 340 4
57 191 4
70 77 4
287 296 4
21 223 4
94 244 4
145 178 4
32 362 4
58 137 4
26 283 4
87 161 4
54 354 4
182 294 4
42 287 4
137 264 4
25 189 4
71 169 4
81 238 4
69 148 4
5 160 4
95 146 4
156 323 4
187 239 4
12 68 4
37 301 4
22 350 4
197 338 4
13 75 4
116 323 4
279 300 4
180 310 4
113 303 4
76 250 4
89 350 4
144 201 4
151 346 4
295 306 4
226 303 4
184 314 4
176 350 4
42 334 4
197 238 4
307 328 4
308 321 4
136 242 4
80 234 4
113 172 4
192 362 4
233 304 4
139 143 4
126 293 4
112 119 4
56 290 4
29 165 4
13 62 4
160 340 4
171 347 4
33 345 4
32 190 4
325 357 4
39 77 4
89 287 4
27 73 4
212 272 4
165 337 4
256 283 4
140 180 4
30 169 4
148 344 4
238 318 4
219 308 4
32 180 4
5 255 4
120 247 4
21 84 4
160 252 4
38 289 4
249 335 4
191 196 4
86 220 4
52 165 4
194 323 4
277 358 4
34 149 4
33 311 4
3 182 4
121 314 4
240 243 4
195 264 4
15 358 4
15 174 4
52 244 4
97 270 4
