1 125 4
1 270 4
2 80 4
2 151 4
3 97 4
3 101 4
3 104 4
3 127 4
3 160 4
3 188 4
3 190 4
3 238 4
3 259 4
3 305 4
5 67 4
5 71 4
5 182 4
5 230 4
6 184 4
6 304 4
7 16 4
7 132 4
7 275 4
7 308 4
7 331 4
8 127 4
8 195 4
9 127 4
9 159 4
10 158 4
11 91 4
11 98 4
11 136 4
11 159 4
12 87 4
12 180 4
12 220 4
12 300 4
13 34 4
13 37 4
13 67 4
13 87 4
13 127 4
13 178 4
13 278 4
15 206 4
16 90 4
16 180 4
16 214 4
17 48 4
17 217 4
17 222 4
17 236 4
18 127 4
18 180 4
18 216 4
20 159 4
20 179 4
20 189 4
20 253 4
20 261 4
22 37 4
22 193 4
23 49 4
23 82 4
23 157 4
23 180 4
23 184 4
23 299 4
24 106 4
24 184 4
24 199 4
25 172 4
25 227 4
26 46 4
26 91 4
26 140 4
26 170 4
27 220 4
27 249 4
28 279 4
29 226 4
29 232 4
30 127 4
30 220 4
30 325 4
31 61 4
31 157 4
31 216 4
32 38 4
32 269 4
33 145 4
33 220 4
33 241 4
34 42 4
35 53 4
35 199 4
35 216 4
35 220 4
35 228 4
35 236 4
35 274 4
36 88 4
36 125 4
36 180 4
36 254 4
36 269 4
37 42 4
37 109 4
37 164 4
37 230 4
38 41 4
38 64 4
38 73 4
38 99 4
38 121 4
38 141 4
38 177 4
38 229 4
38 306 4
40 41 4
40 52 4
41 42 4
41 52 4
41 155 4
42 103 4
42 140 4
42 184 4
42 191 4
42 248 4
42 260 4
42 307 4
43 56 4
43 75 4
43 92 4
43 200 4
44 66 4
44 113 4
44 127 4
45 47 4
45 84 4
45 156 4
45 215 4
45 300 4
46 159 4
46 177 4
47 99 4
47 132 4
47 182 4
47 185 4
47 218 4
47 220 4
47 254 4
47 320 4
48 52 4
48 127 4
48 182 4
48 225 4
48 232 4
48 250 4
48 291 4
49 82 4
49 155 4
49 174 4
49 319 4
50 127 4
50 129 4
51 82 4
51 120 4
51 323 4
52 216 4
53 133 4
53 156 4
53 234 4
53 250 4
54 182 4
54 183 4
55 143 4
55 159 4
55 185 4
55 233 4
55 276 4
56 111 4
57 269 4
58 220 4
59 103 4
59 233 4
60 91 4
61 180 4
61 227 4
62 182 4
63 127 4
63 220 4
63 237 4
63 256 4
64 84 4
65 160 4
65 176 4
67 82 4
68 126 4
68 137 4
68 141 4
68 184 4
68 203 4
68 211 4
68 220 4
70 229 4
71 302 4
72 147 4
72 253 4
73 180 4
73 203 4
73 253 4
74 182 4
75 88 4
75 91 4
75 106 4
75 157 4
75 240 4
75 269 4
76 305 4
77 78 4
77 238 4
77 242 4
78 260 4
79 180 4
79 224 4
80 127 4
81 180 4
81 220 4
82 89 4
82 162 4
82 179 4
82 185 4
82 220 4
82 226 4
82 254 4
83 127 4
83 132 4
84 88 4
84 99 4
84 129 4
85 275 4
87 93 4
87 179 4
88 99 4
88 113 4
88 131 4
88 183 4
88 221 4
88 238 4
88 280 4
89 127 4
89 191 4
90 109 4
91 112 4
91 120 4
91 140 4
91 156 4
91 160 4
91 183 4
91 190 4
92 107 4
93 114 4
93 156 4
93 252 4
95 105 4
95 117 4
96 109 4
96 220 4
97 159 4
97 217 4
98 220 4
99 116 4
99 150 4
99 231 4
100 233 4
101 153 4
101 220 4
101 226 4
102 182 4
103 118 4
103 198 4
103 296 4
104 182 4
104 213 4
104 216 4
105 109 4
105 220 4
106 217 4
106 234 4
106 279 4
107 220 4
109 198 4
109 221 4
110 118 4
111 157 4
114 132 4
114 182 4
114 253 4
114 313 4
114 322 4
115 220 4
115 312 4
116 182 4
117 140 4
117 182 4
117 248 4
118 216 4
120 136 4
121 184 4
122 127 4
122 165 4
122 183 4
123 171 4
124 260 4
126 183 4
126 188 4
127 145 4
127 150 4
127 153 4
127 157 4
127 161 4
127 192 4
127 193 4
127 206 4
127 217 4
127 224 4
127 226 4
127 234 4
127 250 4
127 254 4
127 262 4
127 264 4
127 267 4
127 272 4
127 275 4
127 283 4
127 284 4
127 317 4
127 320 4
128 182 4
129 163 4
129 224 4
131 142 4
131 169 4
131 180 4
132 145 4
132 182 4
132 184 4
132 186 4
132 201 4
132 210 4
132 279 4
133 184 4
133 216 4
134 207 4
136 227 4
137 216 4
138 197 4
139 177 4
139 184 4
139 216 4
140 265 4
141 281 4
142 215 4
142 233 4
144 157 4
144 180 4
144 191 4
144 244 4
144 253 4
146 173 4
146 207 4
146 220 4
146 294 4
147 155 4
147 328 4
149 203 4
150 261 4
152 188 4
152 252 4
152 277 4
152 331 4
153 246 4
154 226 4
156 184 4
157 159 4
157 307 4
158 268 4
159 180 4
159 210 4
159 211 4
159 220 4
160 207 4
161 174 4
161 220 4
161 226 4
163 241 4
164 253 4
165 166 4
165 182 4
166 220 4
167 180 4
167 233 4
167 275 4
168 184 4
168 255 4
170 266 4
171 182 4
172 220 4
172 233 4
172 284 4
172 304 4
174 191 4
174 226 4
174 312 4
175 178 4
175 199 4
177 220 4
177 316 4
178 183 4
178 230 4
178 273 4
179 215 4
180 197 4
180 223 4
180 231 4
180 270 4
180 330 4
181 210 4
181 220 4
182 200 4
182 202 4
182 215 4
182 234 4
182 253 4
182 263 4
182 266 4
182 296 4
182 297 4
182 302 4
182 309 4
182 315 4
182 316 4
183 191 4
183 203 4
183 223 4
183 227 4
183 245 4
183 277 4
183 303 4
183 308 4
183 322 4
183 332 4
184 201 4
184 214 4
184 290 4
184 301 4
186 248 4
187 258 4
188 225 4
192 244 4
192 249 4
196 250 4
196 260 4
197 207 4
199 202 4
199 236 4
199 279 4
202 278 4
203 217 4
203 220 4
203 324 4
204 227 4
204 259 4
204 281 4
206 226 4
207 247 4
207 291 4
207 312 4
208 253 4
209 248 4
210 220 4
210 227 4
213 216 4
213 248 4
213 277 4
216 220 4
216 245 4
216 252 4
216 267 4
216 318 4
217 238 4
217 323 4
218 270 4
219 269 4
220 221 4
220 286 4
220 331 4
224 248 4
225 257 4
225 284 4
226 236 4
227 268 4
227 281 4
227 287 4
227 324 4
229 233 4
230 290 4
231 236 4
232 272 4
233 237 4
233 264 4
233 295 4
233 331 4
243 266 4
246 292 4
249 256 4
249 268 4
250 266 4
250 296 4
252 258 4
252 268 4
252 271 4
252 273 4
253 263 4
253 297 4
254 300 4
258 268 4
259 261 4
260 273 4
262 289 4
272 283 4
290 297 4
296 307 4
45 216 4
230 281 4
48 206 4
113 182 4
42 197 4
52 322 4
132 284 4
44 182 4
158 204 4
172 178 4
117 127 4
16 266 4
217 294 4
58 157 4
270 357 4
195 216 4
48 272 4
127 147 4
33 178 4
160 246 4
90 275 4
127 294 4
68 209 4
56 100 4
127 243 4
159 306 4
151 156 4
37 283 4
5 330 4
170 345 4
177 181 4
91 291 4
163 274 4
45 160 4
127 160 4
178 245 4
37 182 4
20 127 4
122 230 4
169 308 4
148 182 4
121 329 4
194 253 4
20 129 4
101 249 4
227 292 4
16 127 4
250 278 4
26 77 4
183 268 4
220 364 4
56 206 4
156 183 4
147 258 4
49 243 4
253 323 4
108 250 4
225 246 4
74 127 4
42 302 4
198 227 4
18 69 4
82 336 4
75 246 4
161 341 4
147 277 4
99 339 4
5 183 4
13 131 4
177 302 4
100 182 4
155 172 4
220 236 4
21 220 4
152 253 4
133 220 4
38 318 4
236 305 4
203 259 4
142 180 4
41 180 4
13 182 4
112 259 4
102 252 4
115 323 4
107 127 4
99 205 4
88 345 4
196 312 4
162 289 4
153 317 4
264 274 4
204 218 4
121 131 4
42 320 4
1 216 4
86 332 4
104 159 4
89 220 4
7 48 4
111 179 4
167 331 4
119 220 4
151 228 4
204 303 4
114 329 4
21 216 4
36 48 4
154 190 4
155 161 4
127 180 4
3 204 4
144 362 4
75 293 4
36 195 4
187 250 4
40 165 4
183 185 4
88 110 4
91 271 4
184 355 4
31 349 4
233 305 4
5 323 4
178 278 4
3 290 4
127 238 4
91 252 4
77 183 4
214 225 4
73 75 4
50 157 4
182 319 4
129 150 4
71 293 4
216 277 4
234 327 4
203 233 4
197 293 4
142 216 4
297 363 4
31 264 4
220 297 4
103 335 4
26 308 4
227 254 4
90 161 4
82 318 4
55 127 4
98 223 4
182 211 4
180 211 4
127 190 4
177 182 4
111 233 4
48 327 4
37 76 4
153 216 4
13 234 4
88 228 4
29 183 4
78 359 4
37 209 4
56 222 4
155 269 4
80 91 4
88 143 4
3 34 4
49 194 4
12 133 4
182 274 4
55 285 4
159 339 4
269 346 4
3 136 4
116 230 4
220 283 4
127 288 4
226 364 4
77 85 4
97 127 4
233 284 4
261 265 4
187 238 4
40 103 4
46 216 4
247 250 4
109 217 4
302 310 4
40 351 4
110 290 4
20 258 4
55 110 4
166 204 4
230 338 4
13 231 4
105 128 4
114 243 4
188 305 4
42 303 4
94 220 4
287 305 4
26 258 4
102 114 4
16 220 4
119 233 4
245 284 4
114 206 4
263 282 4
15 159 4
42 117 4
182 360 4
97 205 4
13 81 4
180 315 4
84 259 4
100 187 4
132 333 4
50 216 4
39 42 4
219 322 4
14 85 4
26 152 4
13 216 4
86 296 4
52 365 4
141 152 4
217 275 4
127 257 4
103 127 4
32 220 4
63 153 4
11 196 4
55 96 4
216 232 4
68 91 4
109 162 4
88 201 4
42 256 4
144 327 4
127 260 4
96 182 4
90 127 4
156 159 4
220 274 4
120 333 4
42 357 4
236 256 4
104 161 4
225 343 4
184 252 4
172 296 4
46 183 4
64 180 4
68 232 4
315 316 4
174 336 4
216 255 4
100 216 4
13 362 4
46 241 4
208 287 4
47 69 4
73 191 4
234 271 4
93 180 4
87 349 4
18 99 4
233 256 4
93 193 4
22 180 4
23 365 4
59 185 4
101 127 4
47 116 4
184 225 4
184 235 4
13 296 4
55 253 4
43 157 4
204 284 4
16 355 4
106 127 4
133 147 4
2 42 4
31 299 4
95 103 4
178 235 4
68 127 4
179 182 4
145 220 4
56 219 4
127 315 4
157 350 4
114 284 4
53 337 4
245 278 4
186 258 4
155 273 4
123 227 4
47 186 4
61 183 4
81 99 4
44 198 4
84 285 4
250 338 4
25 220 4
38 92 4
226 362 4
101 312 4
156 249 4
192 318 4
128 226 4
3 333 4
48 147 4
322 340 4
189 353 4
216 302 4
155 301 4
6 38 4
120 236 4
71 312 4
13 174 4
185 253 4
185 331 4
114 298 4
27 296 4
58 174 4
40 233 4
60 253 4
131 241 4
26 167 4
56 242 4
204 326 4
182 289 4
69 188 4
127 350 4
127 194 4
64 183 4
25 55 4
175 183 4
130 179 4
77 249 4
14 53 4
3 214 4
18 48 4
110 253 4
153 176 4
84 216 4
127 210 4
127 274 4
69 182 4
253 254 4
99 332 4
127 285 4
12 189 4
189 268 4
42 59 4
89 258 4
79 296 4
103 216 4
183 236 4
160 165 4
109 171 4
210 356 4
127 359 4
105 301 4
140 310 4
262 273 4
179 332 4
47 330 4
49 127 4
182 300 4
3 302 4
67 99 4
12 127 4
15 75 4
192 259 4
185 196 4
46 278 4
127 159 4
56 172 4
252 303 4
55 221 4
178 218 4
55 337 4
22 26 4
182 188 4
127 148 4
23 93 4
178 256 4
1 327 4
60 127 4
127 203 4
52 218 4
36 138 4
155 265 4
134 305 4
26 82 4
253 309 4
73 183 4
216 217 4
234 349 4
325 355 4
48 123 4
178 304 4
127 339 4
80 309 4
158 269 4
75 235 4
8 206 4
183 362 4
196 353 4
75 109 4
50 218 4
75 279 4
220 284 4
35 359 4
38 89 4
157 268 4
23 52 4
131 137 4
182 351 4
62 159 4
74 177 4
218 240 4
159 219 4
109 196 4
125 277 4
13 113 4
135 253 4
36 42 4
154 192 4
10 102 4
207 254 4
78 238 4
140 220 4
70 203 4
112 220 4
31 127 4
234 261 4
78 253 4
127 175 4
160 241 4
159 218 4
127 236 4
20 98 4
52 81 4
28 365 4
26 326 4
93 223 4
92 233 4
34 184 4
14 178 4
146 184 4
153 287 4
132 324 4
182 239 4
64 127 4
305 326 4
31 74 4
182 299 4
1 165 4
98 178 4
16 77 4
235 356 4
26 301 4
127 363 4
63 210 4
220 323 4
31 85 4
24 99 4
15 38 4
152 278 4
45 77 4
36 307 4
82 349 4
53 219 4
57 252 4
174 358 4
96 241 4
127 169 4
144 222 4
61 182 4
127 176 4
141 230 4
92 321 4
29 159 4
27 114 4
178 312 4
249 253 4
86 127 4
39 55 4
144 207 4
154 182 4
290 324 4
154 272 4
20 146 4
258 322 4
182 333 4
159 310 4
185 195 4
236 290 4
174 279 4
12 14 4
94 290 4
184 212 4
220 294 4
91 103 4
172 246 4
127 188 4
121 127 4
223 253 4
34 233 4
184 347 4
182 184 4
104 207 4
200 220 4
17 170 4
228 270 4
89 185 4
25 183 4
28 98 4
10 302 4
79 285 4
94 159 4
35 281 4
182 216 4
112 127 4
15 154 4
127 235 4
43 259 4
127 246 4
127 134 4
196 278 4
103 290 4
76 127 4
139 209 4
171 287 4
109 279 4
106 191 4
102 216 4
183 186 4
108 199 4
115 315 4
127 331 4
194 220 4
207 277 4
33 229 4
69 101 4
148 183 4
88 127 4
45 183 4
7 326 4
30 42 4
108 356 4
71 323 4
253 330 4
58 332 4
111 184 4
127 185 4
36 220 4
91 170 4
183 290 4
276 355 4
127 223 4
278 334 4
38 273 4
113 341 4
233 316 4
18 118 4
55 320 4
233 304 4
143 241 4
134 154 4
120 320 4
75 182 4
161 273 4
4 159 4
91 243 4
36 234 4
38 249 4
9 104 4
331 348 4
127 271 4
136 139 4
107 182 4
54 109 4
106 281 4
251 341 4
93 210 4
128 206 4
3 21 4
129 220 4
31 105 4
127 199 4
190 250 4
133 335 4
52 324 4
125 289 4
142 255 4
134 214 4
188 233 4
130 233 4
18 300 4
89 124 4
140 206 4
26 259 4
127 276 4
44 170 4
319 323 4
3 151 4
20 105 4
220 352 4
127 179 4
46 314 4
33 127 4
152 271 4
131 258 4
39 199 4
98 245 4
56 270 4
53 162 4
212 283 4
216 347 4
6 183 4
35 88 4
127 360 4
289 307 4
66 100 4
119 226 4
32 183 4
99 193 4
62 178 4
13 254 4
127 266 4
182 197 4
26 230 4
93 130 4
175 288 4
315 338 4
230 324 4
54 75 4
92 220 4
231 327 4
42 349 4
101 361 4
210 293 4
73 153 4
191 270 4
342 353 4
215 350 4
186 206 4
182 290 4
131 268 4
68 182 4
127 151 4
233 292 4
183 363 4
180 258 4
73 127 4
171 284 4
54 104 4
127 343 4
91 227 4
220 340 4
25 287 4
88 314 4
26 66 4
86 279 4
221 273 4
64 220 4
127 345 4
147 269 4
99 226 4
56 345 4
216 251 4
36 103 4
136 249 4
109 335 4
184 331 4
38 145 4
127 293 4
59 211 4
77 159 4
155 251 4
83 183 4
11 83 4
42 261 4
127 307 4
267 346 4
100 220 4
13 355 4
55 149 4
55 182 4
95 182 4
59 92 4
110 225 4
127 346 4
96 127 4
36 231 4
150 159 4
113 189 4
182 287 4
21 206 4
277 287 4
17 182 4
177 365 4
156 168 4
181 227 4
147 256 4
127 222 4
55 62 4
167 216 4
123 188 4
210 233 4
191 220 4
138 285 4
159 290 4
101 144 4
45 174 4
113 285 4
9 69 4
60 183 4
182 328 4
182 306 4
69 73 4
170 183 4
26 334 4
214 220 4
16 289 4
71 168 4
197 249 4
152 182 4
57 132 4
127 268 4
40 348 4
220 308 4
26 265 4
182 352 4
38 235 4
97 249 4
101 365 4
276 332 4
304 351 4
21 301 4
17 91 4
8 139 4
167 307 4
194 225 4
24 48 4
89 121 4
40 155 4
167 175 4
220 285 4
92 331 4
101 239 4
102 344 4
48 338 4
161 281 4
18 172 4
26 124 4
168 252 4
98 192 4
71 153 4
57 159 4
342 356 4
206 343 4
43 127 4
41 241 4
233 312 4
115 290 4
146 353 4
168 234 4
145 270 4
132 301 4
1 35 4
50 227 4
123 179 4
171 340 4
207 225 4
100 189 4
91 354 4
90 315 4
216 328 4
182 335 4
96 305 4
22 137 4
145 157 4
126 223 4
80 183 4
237 279 4
105 331 4
183 248 4
56 79 4
239 245 4
