184 388 5
169 194 5
176 259 5
218 397 5
46 325 5
194 306 5
125 205 5
9 178 5
27 177 5
40 100 5
91 394 5
37 306 5
105 314 5
25 122 5
35 222 5
292 388 5
209 229 5
139 157 5
76 374 5
121 207 5
112 370 5
173 314 5
90 309 5
84 254 5
117 366 5
257 280 5
161 358 5
316 344 5
36 338 5
45 368 5
258 354 5
138 336 5
164 254 5
276 329 5
82 209 5
48 177 5
266 361 5
21 173 5
123 274 5
239 257 5
112 238 5
117 268 5
105 345 5
210 282 5
140 249 5
69 326 5
274 333 5
127 206 5
81 168 5
54 376 5
102 235 5
99 151 5
134 244 5
256 344 5
116 199 5
25 166 5
356 383 5
365 400 5
59 173 5
198 353 5
93 350 5
340 367 5
144 281 5
92 120 5
218 297 5
94 130 5
317 319 5
125 301 5
159 244 5
347 380 5
114 145 5
43 96 5
7 172 5
167 230 5
118 252 5
99 345 5
37 66 5
18 310 5
73 254 5
137 149 5
230 290 5
279 281 5
218 251 5
4 376 5
93 383 5
207 394 5
35 199 5
370 375 5
114 140 5
271 366 5
257 370 5
309 322 5
78 290 5
11 331 5
147 362 5
152 323 5
29 48 5
202 265 5
205 352 5
44 239 5
260 304 5
130 323 5
10 296 5
124 172 5
41 107 5
88 363 5
68 82 5
233 356 5
357 366 5
162 390 5
184 313 5
231 311 5
13 112 5
37 94 5
4 389 5
80 247 5
74 307 5
49 316 5
41 220 5
38 147 5
198 260 5
14 181 5
208 265 5
220 246 5
79 245 5
27 208 5
118 392 5
76 257 5
22 302 5
112 289 5
25 264 5
3 208 5
9 256 5
49 391 5
74 101 5
5 268 5
47 298 5
18 162 5
254 263 5
53 97 5
261 342 5
4 196 5
50 51 5
23 152 5
145 337 5
169 311 5
190 199 5
208 244 5
117 234 5
263 329 5
196 334 5
268 303 5
242 358 5
63 168 5
116 293 5
306 337 5
48 132 5
170 382 5
132 255 5
192 400 5
67 174 5
240 339 5
156 364 5
152 218 5
145 389 5
14 394 5
340 354 5
254 295 5
30 383 5
20 274 5
28 145 5
251 265 5
231 232 5
33 159 5
35 224 5
174 230 5
141 397 5
31 184 5
296 401 5
183 356 5
145 196 5
156 348 5
221 315 5
8 202 5
100 344 5
148 160 5
128 398 5
23 31 5
128 301 5
7 189 5
17 351 5
18 180 5
158 364 5
49 52 5
35 304 5
80 179 5
26 171 5
335 391 5
12 14 5
27 264 5
10 114 5
186 314 5
80 281 5
344 380 5
7 132 5
29 386 5
221 237 5
47 378 5
168 272 5
102 307 5
70 181 5
157 313 5
90 279 5
302 364 5
164 177 5
290 390 5
247 248 5
202 326 5
127 217 5
207 377 5
348 361 5
168 235 5
269 354 5
140 217 5
193 391 5
45 262 5
170 201 5
121 246 5
146 364 5
83 212 5
71 383 5
100 301 5
318 374 5
117 225 5
189 200 5
209 323 5
229 232 5
48 99 5
182 337 5
311 374 5
327 355 5
95 308 5
152 228 5
263 288 5
370 371 5
24 73 5
113 245 5
102 324 5
217 220 5
77 218 5
18 212 5
285 322 5
40 332 5
19 294 5
268 330 5
245 356 5
32 255 5
69 320 5
111 189 5
261 361 5
72 134 5
129 177 5
247 393 5
63 348 5
37 69 5
25 348 5
30 387 5
279 369 5
49 216 5
77 233 5
133 264 5
201 331 5
192 255 5
215 311 5
51 116 5
228 286 5
131 317 5
292 336 5
32 267 5
213 372 5
130 401 5
158 271 5
120 221 5
198 242 5
29 35 5
167 318 5
320 365 5
39 219 5
21 110 5
32 234 5
136 390 5
51 133 5
96 193 5
131 386 5
28 201 5
15 330 5
100 285 5
86 293 5
104 356 5
133 138 5
122 384 5
19 378 5
15 113 5
237 296 5
36 341 5
201 244 5
2 333 5
194 368 5
24 100 5
300 324 5
52 338 5
224 228 5
294 386 5
115 397 5
320 340 5
206 395 5
113 255 5
86 299 5
343 395 5
50 193 5
65 335 5
293 336 5
69 259 5
168 201 5
196 356 5
6 67 5
205 367 5
97 302 5
16 24 5
92 363 5
7 370 5
29 193 5
114 224 5
90 238 5
107 355 5
113 287 5
18 178 5
47 86 5
109 320 5
63 326 5
114 392 5
141 318 5
30 41 5
13 53 5
87 209 5
188 219 5
114 401 5
162 301 5
80 351 5
115 236 5
192 205 5
85 312 5
193 290 5
214 230 5
16 328 5
67 278 5
333 380 5
18 181 5
31 382 5
190 267 5
84 189 5
261 378 5
197 277 5
21 219 5
28 135 5
53 220 5
138 339 5
130 300 5
2 31 5
186 330 5
46 62 5
51 68 5
113 248 5
141 143 5
6 229 5
4 16 5
163 381 5
31 350 5
330 370 5
250 357 5
177 302 5
114 248 5
49 111 5
86 113 5
80 271 5
41 198 5
4 108 5
116 248 5
28 388 5
256 331 5
6 66 5
228 344 5
292 387 5
258 388 5
179 334 5
15 109 5
153 263 5
263 295 5
311 380 5
62 375 5
87 322 5
260 398 5
106 268 5
185 295 5
166 187 5
222 231 5
193 237 5
130 251 5
59 201 5
133 310 5
238 324 5
241 390 5
207 258 5
241 324 5
259 298 5
252 302 5
160 384 5
249 250 5
105 339 5
176 216 5
36 365 5
78 156 5
207 346 5
78 145 5
59 338 5
174 350 5
54 262 5
235 312 5
67 158 5
151 325 5
51 127 5
176 182 5
96 284 5
104 221 5
273 319 5
236 396 5
27 72 5
63 372 5
213 351 5
188 287 5
136 271 5
133 325 5
39 397 5
135 308 5
130 269 5
132 395 5
180 380 5
135 176 5
147 279 5
18 27 5
21 269 5
165 316 5
187 338 5
124 128 5
70 146 5
278 332 5
394 400 5
373 389 5
207 257 5
101 338 5
250 354 5
97 389 5
87 134 5
47 114 5
151 389 5
76 207 5
355 372 5
64 292 5
230 264 5
87 375 5
18 333 5
324 399 5
89 312 5
295 370 5
70 167 5
88 304 5
22 291 5
181 258 5
23 304 5
247 294 5
100 291 5
318 395 5
57 143 5
208 372 5
294 320 5
18 252 5
341 384 5
145 249 5
251 290 5
38 89 5
342 359 5
52 177 5
33 304 5
233 400 5
8 125 5
245 372 5
238 297 5
111 288 5
167 368 5
82 286 5
132 172 5
136 188 5
56 111 5
34 332 5
41 346 5
122 376 5
54 371 5
100 358 5
2 332 5
83 356 5
128 199 5
24 126 5
85 108 5
74 134 5
251 288 5
32 54 5
58 167 5
241 242 5
171 296 5
275 313 5
285 396 5
338 360 5
58 366 5
39 294 5
248 389 5
189 194 5
118 319 5
212 299 5
17 75 5
44 398 5
75 378 5
51 107 5
291 315 5
209 348 5
134 221 5
17 193 5
151 216 5
253 354 5
282 320 5
269 291 5
157 166 5
129 357 5
74 340 5
222 254 5
29 370 5
5 218 5
44 268 5
184 358 5
131 231 5
36 238 5
29 351 5
52 238 5
77 252 5
132 162 5
52 68 5
73 234 5
201 281 5
262 354 5
187 213 5
241 247 5
64 155 5
198 318 5
100 331 5
154 233 5
303 391 5
253 268 5
91 392 5
162 343 5
68 324 5
73 135 5
47 145 5
40 327 5
346 374 5
230 352 5
159 198 5
69 314 5
58 261 5
183 263 5
9 230 5
95 132 5
71 362 5
56 162 5
217 353 5
92 176 5
212 321 5
258 299 5
11 65 5
82 256 5
207 384 5
142 311 5
51 76 5
8 127 5
181 382 5
9 270 5
36 390 5
60 213 5
70 268 5
94 294 5
68 84 5
258 368 5
155 388 5
124 298 5
152 165 5
221 278 5
30 260 5
34 178 5
160 383 5
162 185 5
127 140 5
202 244 5
55 162 5
261 304 5
226 323 5
78 397 5
253 366 5
24 117 5
13 80 5
148 317 5
97 165 5
136 267 5
29 169 5
10 44 5
228 401 5
213 245 5
160 354 5
13 188 5
214 346 5
90 208 5
159 170 5
207 358 5
74 83 5
230 235 5
49 86 5
151 323 5
146 359 5
247 262 5
200 305 5
199 256 5
172 204 5
10 230 5
95 331 5
16 217 5
39 178 5
96 281 5
8 126 5
86 164 5
199 389 5
357 398 5
36 220 5
181 352 5
178 212 5
99 377 5
188 355 5
247 391 5
198 330 5
201 219 5
23 307 5
89 135 5
84 257 5
14 91 5
173 382 5
252 254 5
160 324 5
268 281 5
142 231 5
48 392 5
114 219 5
39 301 5
172 286 5
42 363 5
181 287 5
242 309 5
2 86 5
42 242 5
129 258 5
5 239 5
331 374 5
162 205 5
41 253 5
67 71 5
191 344 5
56 57 5
9 169 5
28 253 5
53 63 5
11 294 5
207 243 5
319 401 5
33 281 5
138 315 5
234 319 5
48 206 5
209 321 5
82 246 5
152 250 5
265 312 5
40 343 5
351 394 5
20 208 5
275 333 5
82 168 5
343 397 5
46 334 5
69 327 5
366 383 5
136 198 5
183 373 5
75 292 5
63 156 5
136 312 5
46 307 5
249 321 5
159 241 5
343 366 5
217 260 5
14 298 5
56 312 5
82 101 5
150 244 5
99 281 5
131 234 5
77 175 5
88 224 5
66 151 5
51 274 5
30 134 5
382 393 5
150 350 5
221 292 5
114 153 5
83 180 5
166 235 5
67 247 5
7 310 5
69 106 5
190 272 5
11 339 5
46 99 5
184 235 5
249 285 5
56 382 5
47 314 5
35 263 5
196 255 5
226 383 5
4 6 5
137 244 5
203 311 5
163 317 5
185 231 5
94 374 5
101 105 5
219 384 5
217 276 5
1 196 5
57 101 5
13 249 5
176 283 5
44 348 5
137 245 5
25 215 5
161 321 5
58 230 5
219 220 5
122 312 5
222 265 5
88 247 5
113 363 5
63 113 5
157 236 5
5 242 5
17 321 5
268 287 5
60 95 5
157 184 5
104 310 5
39 390 5
5 24 5
223 331 5
51 316 5
179 207 5
294 345 5
56 98 5
160 256 5
84 242 5
67 82 5
88 387 5
47 171 5
230 326 5
109 214 5
58 195 5
47 285 5
289 306 5
70 235 5
58 184 5
358 390 5
236 302 5
282 333 5
29 136 5
164 270 5
230 293 5
52 352 5
194 216 5
98 213 5
23 385 5
153 321 5
178 204 5
83 199 5
165 342 5
348 390 5
347 399 5
233 336 5
247 289 5
238 275 5
97 401 5
217 389 5
240 303 5
39 190 5
32 210 5
1 127 5
193 322 5
42 280 5
77 197 5
33 124 5
17 113 5
14 380 5
131 387 5
320 377 5
156 275 5
323 371 5
211 228 5
30 129 5
49 68 5
81 318 5
277 319 5
68 280 5
158 312 5
180 183 5
306 308 5
213 397 5
90 264 5
83 220 5
1 323 5
196 268 5
156 263 5
238 383 5
72 267 5
121 184 5
6 100 5
274 356 5
90 152 5
22 401 5
277 383 5
180 362 5
64 255 5
344 357 5
38 327 5
236 248 5
38 175 5
115 266 5
24 36 5
181 321 5
103 363 5
301 369 5
246 275 5
323 365 5
16 69 5
36 50 5
288 293 5
10 146 5
39 351 5
161 350 5
68 76 5
187 196 5
243 384 5
124 351 5
6 43 5
130 369 5
102 218 5
8 165 5
2 19 5
88 201 5
17 236 5
137 382 5
196 220 5
145 199 5
331 360 5
5 166 5
34 99 5
13 264 5
16 388 5
21 36 5
29 238 5
61 320 5
68 340 5
83 358 5
142 283 5
44 159 5
190 254 5
212 385 5
10 145 5
74 202 5
41 367 5
139 151 5
14 400 5
87 225 5
260 401 5
101 108 5
96 241 5
19 107 5
174 382 5
122 137 5
55 253 5
318 353 5
105 164 5
301 322 5
174 246 5
67 286 5
140 218 5
96 211 5
304 320 5
298 303 5
77 251 5
19 75 5
94 317 5
125 370 5
261 340 5
67 91 5
113 115 5
290 384 5
278 356 5
122 211 5
129 350 5
79 268 5
166 248 5
68 150 5
46 166 5
42 89 5
117 195 5
107 184 5
231 283 5
152 221 5
164 315 5
276 287 5
102 342 5
237 379 5
119 297 5
24 173 5
306 364 5
170 185 5
8 374 5
87 231 5
96 97 5
203 275 5
157 280 5
340 378 5
90 336 5
191 287 5
123 350 5
169 245 5
13 241 5
341 381 5
8 376 5
178 286 5
159 331 5
61 185 5
16 353 5
158 219 5
109 226 5
1 375 5
23 212 5
302 341 5
31 226 5
91 380 5
20 332 5
296 334 5
16 235 5
24 313 5
209 270 5
201 367 5
57 199 5
27 215 5
81 257 5
105 306 5
151 365 5
176 379 5
76 277 5
216 239 5
308 328 5
170 222 5
185 240 5
55 152 5
281 336 5
20 80 5
292 374 5
209 400 5
178 289 5
255 282 5
266 292 5
104 317 5
22 66 5
214 306 5
193 371 5
124 297 5
100 293 5
190 339 5
150 317 5
102 162 5
251 255 5
224 255 5
62 145 5
295 322 5
23 222 5
275 361 5
50 112 5
250 276 5
72 181 5
41 62 5
45 185 5
10 144 5
150 199 5
82 372 5
115 243 5
37 72 5
169 326 5
260 313 5
60 227 5
155 306 5
47 179 5
114 231 5
62 302 5
79 373 5
213 315 5
85 359 5
69 167 5
102 291 5
256 366 5
152 261 5
5 170 5
188 339 5
2 120 5
134 323 5
228 346 5
64 288 5
74 78 5
294 379 5
44 208 5
22 121 5
107 256 5
151 324 5
252 273 5
214 310 5
146 179 5
21 60 5
223 321 5
298 359 5
39 353 5
103 384 5
179 391 5
119 330 5
11 136 5
307 343 5
54 329 5
135 382 5
107 285 5
51 304 5
189 209 5
33 387 5
7 92 5
6 302 5
11 36 5
122 271 5
61 374 5
177 239 5
35 295 5
167 170 5
146 305 5
30 184 5
146 318 5
10 252 5
201 387 5
81 375 5
6 247 5
67 253 5
145 171 5
227 254 5
96 254 5
314 376 5
68 151 5
102 224 5
63 118 5
21 344 5
126 208 5
51 353 5
115 133 5
276 389 5
118 322 5
68 365 5
207 401 5
243 289 5
24 114 5
95 350 5
335 350 5
157 366 5
82 124 5
66 292 5
98 175 5
265 298 5
51 122 5
30 69 5
38 220 5
62 256 5
57 144 5
153 304 5
330 398 5
101 211 5
34 212 5
233 249 5
264 356 5
2 227 5
20 176 5
325 357 5
73 118 5
7 175 5
117 260 5
322 394 5
249 295 5
24 383 5
64 285 5
176 393 5
350 354 5
164 276 5
107 383 5
84 318 5
61 85 5
144 153 5
140 261 5
5 109 5
188 330 5
179 188 5
244 304 5
108 271 5
89 164 5
227 294 5
141 373 5
292 399 5
89 239 5
144 234 5
318 345 5
77 133 5
1 276 5
229 334 5
9 87 5
89 338 5
115 196 5
172 276 5
31 56 5
41 194 5
6 144 5
93 189 5
56 219 5
259 308 5
91 294 5
50 237 5
7 255 5
8 313 5
130 213 5
289 341 5
222 351 5
89 377 5
137 325 5
167 260 5
373 380 5
33 195 5
125 378 5
55 196 5
180 313 5
72 175 5
3 297 5
9 381 5
150 292 5
89 352 5
102 176 5
313 397 5
51 288 5
158 260 5
16 211 5
26 262 5
58 389 5
37 56 5
110 255 5
33 305 5
22 151 5
24 177 5
46 156 5
105 269 5
119 194 5
219 294 5
130 368 5
17 363 5
90 119 5
276 373 5
207 374 5
194 234 5
103 289 5
304 357 5
280 398 5
61 91 5
30 310 5
75 114 5
137 219 5
15 255 5
84 234 5
50 221 5
35 182 5
139 197 5
86 373 5
169 178 5
59 74 5
44 234 5
19 362 5
30 263 5
298 396 5
121 327 5
234 305 5
40 74 5
88 124 5
207 368 5
187 394 5
101 329 5
40 66 5
11 297 5
137 152 5
261 283 5
210 304 5
115 170 5
49 395 5
273 292 5
44 393 5
217 348 5
290 298 5
59 94 5
25 50 5
42 373 5
211 301 5
142 250 5
38 366 5
116 333 5
193 247 5
56 70 5
168 258 5
162 298 5
169 306 5
125 349 5
233 341 5
203 368 5
26 303 5
296 352 5
50 267 5
261 393 5
166 207 5
182 204 5
187 317 5
162 319 5
51 61 5
217 218 5
187 318 5
51 222 5
175 355 5
243 260 5
188 209 5
61 89 5
28 234 5
112 284 5
176 294 5
132 216 5
382 397 5
297 335 5
255 325 5
58 305 5
347 385 5
122 374 5
132 245 5
159 268 5
92 109 5
17 279 5
39 150 5
150 177 5
32 142 5
320 398 5
346 379 5
352 388 5
242 347 5
3 276 5
145 332 5
22 339 5
226 378 5
244 256 5
347 384 5
72 352 5
267 297 5
294 335 5
88 142 5
156 192 5
152 284 5
110 301 5
97 202 5
148 252 5
199 338 5
154 223 5
92 251 5
142 347 5
93 124 5
43 365 5
260 269 5
161 383 5
69 266 5
93 303 5
258 261 5
317 370 5
118 230 5
138 153 5
147 265 5
86 351 5
225 301 5
2 392 5
74 143 5
9 240 5
339 373 5
279 355 5
304 336 5
39 241 5
13 77 5
9 333 5
248 270 5
171 378 5
188 365 5
301 324 5
334 346 5
59 233 5
60 169 5
296 316 5
275 377 5
154 285 5
20 107 5
163 323 5
115 274 5
191 235 5
166 286 5
199 227 5
13 248 5
49 397 5
107 319 5
40 350 5
80 337 5
177 345 5
212 240 5
85 91 5
215 317 5
41 308 5
96 203 5
229 283 5
63 148 5
32 145 5
15 301 5
331 386 5
262 327 5
34 41 5
55 317 5
80 325 5
96 134 5
101 345 5
191 335 5
101 222 5
180 214 5
201 348 5
28 89 5
229 236 5
163 373 5
136 341 5
270 387 5
120 320 5
226 268 5
257 360 5
111 353 5
158 180 5
207 280 5
174 213 5
143 347 5
106 322 5
160 306 5
248 341 5
6 168 5
82 241 5
94 212 5
197 376 5
168 364 5
188 230 5
65 220 5
17 85 5
265 330 5
174 208 5
20 143 5
20 358 5
198 366 5
103 290 5
43 181 5
129 198 5
20 340 5
68 291 5
135 253 5
308 396 5
214 239 5
142 388 5
175 234 5
22 391 5
114 253 5
217 347 5
297 311 5
13 85 5
55 258 5
265 387 5
252 358 5
142 325 5
97 132 5
3 66 5
126 220 5
339 374 5
33 58 5
152 305 5
173 266 5
190 294 5
240 286 5
5 269 5
64 353 5
145 290 5
68 122 5
46 319 5
14 282 5
177 348 5
16 375 5
61 239 5
312 369 5
93 135 5
273 358 5
165 308 5
192 219 5
76 297 5
132 283 5
84 386 5
19 202 5
140 373 5
343 363 5
185 223 5
33 376 5
63 242 5
6 80 5
123 390 5
47 216 5
124 392 5
103 245 5
231 367 5
98 359 5
15 186 5
181 277 5
217 225 5
15 158 5
186 273 5
52 233 5
367 378 5
56 295 5
16 45 5
44 164 5
240 304 5
148 228 5
342 383 5
283 381 5
285 313 5
77 142 5
327 330 5
17 142 5
32 226 5
10 372 5
96 377 5
315 353 5
61 208 5
7 178 5
124 296 5
13 199 5
35 240 5
18 49 5
294 300 5
28 178 5
104 284 5
209 319 5
8 32 5
23 257 5
66 112 5
87 339 5
161 325 5
38 221 5
118 131 5
98 398 5
83 314 5
296 348 5
322 386 5
215 396 5
95 357 5
64 239 5
198 382 5
47 302 5
61 69 5
172 230 5
134 240 5
163 369 5
187 293 5
158 257 5
70 391 5
339 358 5
89 259 5
157 343 5
145 298 5
208 251 5
48 136 5
255 262 5
21 322 5
251 396 5
93 128 5
89 350 5
94 325 5
354 390 5
146 216 5
209 278 5
219 288 5
308 377 5
149 322 5
132 294 5
54 291 5
98 100 5
174 361 5
195 352 5
282 346 5
46 117 5
146 278 5
312 395 5
56 201 5
89 337 5
201 217 5
38 161 5
34 345 5
183 209 5
12 338 5
65 247 5
239 398 5
280 349 5
105 160 5
221 366 5
183 205 5
170 271 5
167 371 5
175 399 5
58 272 5
168 392 5
31 97 5
185 239 5
121 352 5
98 250 5
20 314 5
17 345 5
223 224 5
37 328 5
54 74 5
220 331 5
257 390 5
95 273 5
31 271 5
161 269 5
141 259 5
171 328 5
28 111 5
81 379 5
305 330 5
76 324 5
92 315 5
138 340 5
48 314 5
39 137 5
122 357 5
369 378 5
17 313 5
120 144 5
11 182 5
280 322 5
279 343 5
164 370 5
244 390 5
347 366 5
94 172 5
86 288 5
185 300 5
170 296 5
31 347 5
67 208 5
59 248 5
116 148 5
160 259 5
267 341 5
145 343 5
