1 274 3
2 76 3
2 223 3
3 128 3
3 137 3
3 139 3
4 84 3
4 96 3
4 157 3
4 187 3
5 137 3
5 257 3
8 137 3
8 152 3
8 257 3
9 151 3
11 120 3
12 137 3
13 92 3
13 182 3
14 97 3
14 154 3
15 100 3
15 101 3
15 137 3
15 223 3
16 35 3
16 242 3
16 257 3
19 90 3
19 103 3
19 182 3
19 197 3
19 216 3
19 223 3
20 45 3
20 55 3
20 97 3
20 250 3
22 33 3
22 85 3
22 120 3
22 141 3
22 155 3
22 184 3
23 137 3
23 210 3
23 223 3
24 177 3
24 239 3
25 137 3
25 156 3
26 88 3
27 75 3
27 122 3
27 154 3
27 223 3
27 232 3
27 237 3
30 97 3
30 198 3
30 223 3
31 36 3
31 41 3
31 97 3
31 104 3
31 108 3
31 199 3
31 211 3
32 97 3
33 55 3
33 97 3
33 122 3
34 110 3
34 164 3
34 270 3
35 73 3
35 108 3
35 115 3
35 122 3
35 128 3
35 146 3
36 137 3
37 64 3
37 243 3
38 61 3
38 111 3
38 143 3
38 181 3
38 231 3
39 137 3
40 175 3
41 231 3
42 88 3
43 51 3
43 53 3
43 97 3
43 120 3
43 248 3
46 87 3
46 191 3
47 133 3
47 182 3
48 110 3
48 193 3
49 72 3
49 77 3
49 249 3
50 110 3
50 115 3
50 236 3
50 247 3
50 250 3
50 252 3
50 301 3
52 97 3
52 120 3
52 163 3
52 184 3
52 261 3
52 265 3
52 273 3
52 294 3
53 75 3
53 86 3
53 128 3
54 137 3
54 187 3
54 223 3
54 272 3
55 93 3
55 137 3
55 202 3
55 241 3
55 275 3
56 72 3
56 76 3
56 137 3
57 97 3
57 110 3
58 78 3
58 151 3
58 280 3
59 61 3
59 108 3
59 250 3
60 137 3
60 257 3
62 97 3
62 102 3
63 120 3
63 137 3
63 264 3
64 137 3
65 116 3
65 192 3
65 231 3
67 184 3
69 97 3
69 252 3
70 97 3
70 137 3
70 140 3
70 163 3
70 182 3
70 223 3
71 205 3
72 73 3
72 137 3
72 146 3
72 172 3
72 231 3
74 92 3
74 97 3
74 137 3
75 231 3
75 281 3
76 88 3
76 97 3
76 107 3
76 192 3
76 275 3
78 103 3
78 136 3
79 129 3
79 180 3
79 223 3
80 122 3
80 202 3
80 282 3
81 174 3
82 274 3
83 97 3
83 106 3
83 128 3
83 137 3
83 169 3
83 181 3
83 205 3
83 223 3
84 97 3
84 206 3
84 213 3
84 234 3
84 251 3
86 97 3
86 171 3
86 182 3
86 283 3
87 97 3
87 151 3
87 278 3
88 128 3
88 137 3
88 164 3
89 137 3
89 154 3
90 97 3
90 119 3
90 193 3
90 256 3
91 254 3
92 93 3
92 97 3
92 182 3
93 130 3
93 209 3
93 236 3
93 274 3
94 182 3
94 184 3
94 257 3
95 129 3
95 137 3
96 235 3
97 98 3
97 102 3
97 107 3
97 108 3
97 114 3
97 119 3
97 127 3
97 140 3
97 142 3
97 143 3
97 146 3
97 149 3
97 161 3
97 163 3
97 165 3
97 175 3
97 180 3
97 186 3
97 187 3
97 197 3
97 199 3
97 207 3
97 210 3
97 213 3
97 217 3
97 220 3
97 221 3
97 226 3
97 229 3
97 232 3
97 241 3
97 245 3
97 248 3
97 258 3
97 260 3
97 261 3
97 269 3
97 271 3
97 274 3
97 292 3
97 293 3
97 298 3
98 122 3
98 182 3
99 182 3
99 245 3
101 137 3
101 177 3
101 239 3
102 192 3
102 215 3
102 235 3
102 250 3
102 270 3
103 104 3
103 182 3
104 109 3
104 182 3
104 200 3
104 250 3
106 110 3
106 223 3
107 137 3
107 169 3
107 250 3
108 182 3
109 205 3
110 244 3
110 250 3
111 122 3
111 137 3
112 137 3
112 147 3
113 120 3
113 182 3
113 222 3
113 292 3
114 233 3
115 250 3
115 275 3
118 137 3
119 223 3
119 224 3
120 122 3
120 131 3
120 138 3
120 172 3
120 200 3
120 205 3
120 264 3
120 272 3
120 289 3
120 294 3
121 182 3
121 235 3
121 276 3
121 287 3
122 284 3
123 182 3
123 292 3
124 257 3
125 235 3
127 250 3
128 137 3
128 237 3
131 159 3
131 213 3
132 137 3
132 235 3
132 263 3
133 196 3
133 197 3
133 240 3
133 252 3
134 137 3
136 223 3
137 139 3
137 143 3
137 144 3
137 147 3
137 150 3
137 158 3
137 162 3
137 169 3
137 178 3
137 180 3
137 192 3
137 195 3
137 199 3
137 202 3
137 225 3
137 227 3
137 229 3
137 230 3
137 236 3
137 243 3
137 249 3
137 252 3
137 254 3
137 257 3
137 265 3
137 269 3
137 278 3
137 279 3
137 302 3
139 196 3
139 286 3
140 213 3
141 185 3
143 177 3
145 187 3
145 216 3
146 223 3
146 268 3
147 166 3
148 223 3
148 236 3
149 182 3
152 182 3
152 257 3
154 286 3
156 182 3
156 257 3
159 182 3
161 182 3
161 274 3
162 223 3
163 264 3
164 182 3
165 173 3
165 191 3
165 193 3
168 223 3
170 223 3
171 184 3
172 252 3
174 187 3
175 192 3
176 275 3
177 224 3
177 247 3
177 295 3
178 182 3
178 266 3
180 182 3
180 223 3
182 193 3
182 222 3
182 225 3
182 231 3
182 236 3
182 244 3
182 245 3
182 260 3
182 274 3
182 298 3
183 220 3
184 274 3
185 248 3
186 223 3
187 260 3
189 222 3
191 223 3
191 271 3
192 281 3
193 272 3
195 211 3
195 257 3
195 288 3
199 209 3
199 295 3
200 204 3
201 223 3
205 251 3
205 289 3
212 257 3
213 219 3
215 281 3
216 257 3
218 250 3
219 246 3
219 273 3
222 250 3
222 264 3
223 252 3
223 280 3
223 284 3
227 248 3
234 264 3
235 273 3
239 272 3
243 268 3
252 289 3
261 282 3
264 298 3
287 293 3
63 154 3
137 176 3
72 242 3
17 97 3
101 276 3
121 220 3
83 291 3
93 294 3
84 137 3
115 326 3
49 79 3
57 151 3
1 111 3
3 182 3
115 306 3
55 307 3
76 223 3
182 191 3
97 177 3
3 64 3
54 195 3
261 307 3
182 282 3
62 263 3
29 35 3
158 235 3
71 157 3
4 120 3
101 241 3
114 182 3
97 218 3
52 226 3
137 179 3
120 323 3
184 328 3
70 241 3
115 177 3
14 68 3
132 271 3
78 223 3
257 298 3
72 196 3
71 128 3
1 309 3
18 37 3
91 106 3
97 134 3
87 301 3
60 182 3
106 305 3
223 250 3
10 97 3
65 240 3
137 285 3
184 276 3
97 324 3
38 137 3
14 94 3
67 169 3
195 310 3
173 248 3
97 128 3
132 288 3
83 283 3
93 178 3
120 253 3
177 189 3
137 232 3
9 97 3
6 97 3
99 275 3
250 256 3
50 274 3
113 190 3
148 331 3
137 155 3
137 222 3
8 89 3
250 283 3
8 97 3
221 284 3
172 212 3
159 253 3
33 99 3
90 184 3
250 287 3
38 212 3
130 137 3
86 285 3
250 258 3
26 203 3
120 273 3
14 48 3
205 239 3
289 319 3
52 175 3
30 245 3
124 247 3
76 174 3
31 244 3
186 291 3
137 245 3
97 302 3
47 65 3
119 137 3
18 137 3
169 283 3
137 219 3
293 305 3
80 128 3
45 76 3
33 223 3
170 278 3
50 97 3
91 120 3
182 314 3
57 182 3
30 34 3
110 223 3
292 322 3
101 182 3
164 240 3
108 223 3
10 157 3
39 250 3
5 79 3
30 287 3
3 328 3
21 97 3
137 154 3
28 53 3
66 97 3
18 97 3
149 177 3
18 265 3
53 208 3
77 137 3
49 247 3
61 87 3
97 193 3
191 293 3
97 133 3
52 231 3
5 154 3
110 154 3
69 223 3
120 186 3
65 286 3
72 253 3
78 289 3
49 321 3
18 89 3
198 257 3
184 233 3
42 231 3
231 246 3
108 253 3
169 209 3
196 275 3
75 137 3
119 232 3
79 182 3
137 332 3
12 58 3
120 158 3
59 83 3
280 317 3
4 196 3
16 122 3
111 299 3
127 137 3
93 245 3
60 120 3
257 261 3
5 15 3
35 283 3
97 157 3
94 106 3
246 288 3
30 313 3
103 137 3
59 295 3
77 169 3
110 246 3
62 231 3
137 256 3
137 246 3
182 195 3
243 269 3
111 311 3
53 99 3
43 131 3
1 182 3
97 201 3
113 161 3
97 205 3
37 106 3
110 297 3
244 285 3
137 163 3
216 223 3
43 281 3
137 217 3
103 154 3
57 102 3
225 272 3
73 97 3
58 316 3
50 221 3
137 216 3
97 323 3
161 173 3
16 97 3
182 234 3
70 110 3
173 182 3
191 219 3
220 275 3
169 208 3
62 70 3
247 324 3
189 230 3
181 223 3
186 250 3
97 332 3
19 277 3
80 177 3
223 308 3
97 126 3
91 182 3
8 52 3
7 137 3
22 144 3
111 210 3
117 205 3
97 178 3
27 120 3
29 169 3
52 327 3
136 283 3
1 63 3
11 49 3
45 279 3
210 252 3
191 319 3
182 278 3
80 212 3
188 324 3
31 284 3
102 273 3
33 84 3
75 148 3
182 226 3
231 295 3
22 137 3
231 325 3
88 298 3
1 133 3
267 274 3
210 278 3
69 184 3
75 283 3
88 116 3
30 164 3
134 215 3
165 201 3
261 292 3
16 137 3
30 263 3
29 250 3
276 292 3
89 240 3
49 83 3
46 182 3
44 128 3
239 259 3
50 323 3
12 144 3
78 302 3
1 137 3
97 100 3
78 311 3
35 257 3
45 97 3
20 245 3
70 227 3
65 137 3
137 309 3
26 87 3
224 313 3
16 186 3
243 279 3
36 171 3
38 97 3
89 170 3
73 115 3
223 326 3
109 137 3
191 257 3
3 68 3
187 272 3
43 275 3
9 80 3
39 173 3
72 192 3
179 298 3
284 310 3
163 302 3
9 120 3
73 87 3
97 190 3
87 109 3
57 137 3
26 189 3
117 169 3
85 263 3
55 109 3
190 285 3
178 259 3
120 198 3
14 243 3
45 223 3
82 219 3
83 317 3
89 327 3
80 156 3
133 137 3
97 299 3
2 180 3
132 150 3
57 284 3
3 136 3
8 18 3
22 326 3
97 106 3
129 246 3
261 331 3
21 90 3
137 286 3
12 212 3
137 283 3
53 115 3
55 105 3
61 223 3
106 109 3
140 189 3
88 250 3
88 288 3
35 318 3
146 234 3
137 327 3
137 156 3
137 301 3
182 262 3
261 264 3
13 222 3
31 316 3
182 217 3
60 97 3
221 331 3
52 236 3
93 264 3
134 184 3
28 137 3
187 226 3
97 243 3
60 128 3
76 304 3
120 291 3
120 250 3
57 313 3
31 195 3
3 97 3
31 118 3
36 155 3
165 252 3
54 145 3
88 194 3
221 265 3
66 242 3
160 223 3
35 137 3
144 146 3
1 259 3
169 276 3
137 171 3
61 154 3
36 215 3
56 172 3
41 49 3
167 223 3
15 316 3
161 330 3
83 286 3
10 182 3
19 241 3
231 291 3
97 116 3
87 300 3
182 264 3
97 307 3
7 97 3
173 200 3
31 288 3
93 279 3
149 275 3
235 307 3
137 220 3
102 229 3
137 233 3
209 213 3
186 305 3
137 253 3
223 265 3
157 282 3
93 137 3
63 222 3
250 319 3
133 303 3
126 223 3
66 137 3
248 278 3
60 190 3
198 226 3
188 286 3
120 147 3
83 251 3
110 142 3
97 115 3
20 137 3
19 256 3
88 126 3
19 153 3
172 318 3
120 245 3
54 67 3
74 128 3
43 111 3
67 223 3
282 318 3
47 132 3
161 223 3
10 325 3
182 312 3
97 164 3
68 137 3
182 330 3
127 233 3
109 212 3
52 152 3
27 175 3
97 195 3
111 305 3
19 40 3
192 304 3
137 241 3
169 278 3
97 223 3
106 143 3
89 145 3
52 182 3
219 266 3
109 302 3
77 246 3
122 137 3
243 285 3
182 326 3
75 90 3
61 137 3
110 280 3
118 234 3
27 43 3
35 268 3
26 236 3
191 216 3
174 267 3
73 314 3
1 270 3
76 183 3
1 49 3
81 257 3
31 292 3
24 97 3
137 260 3
117 137 3
117 176 3
182 242 3
35 99 3
156 172 3
184 186 3
182 304 3
89 126 3
120 169 3
155 219 3
97 313 3
70 238 3
161 207 3
283 316 3
30 178 3
58 230 3
115 185 3
131 247 3
137 323 3
110 155 3
183 224 3
30 137 3
182 273 3
137 271 3
8 92 3
113 263 3
139 305 3
97 295 3
146 226 3
180 206 3
137 317 3
6 33 3
97 278 3
97 145 3
142 171 3
156 189 3
80 182 3
68 93 3
1 24 3
36 223 3
145 182 3
43 164 3
11 97 3
44 137 3
97 311 3
105 137 3
97 312 3
21 73 3
95 110 3
174 298 3
261 325 3
4 182 3
97 321 3
97 135 3
243 245 3
105 146 3
19 97 3
195 223 3
1 223 3
40 97 3
54 97 3
38 83 3
65 322 3
37 92 3
77 307 3
124 154 3
172 291 3
109 223 3
177 188 3
144 331 3
137 331 3
137 168 3
41 70 3
123 223 3
267 318 3
30 282 3
57 241 3
97 283 3
161 215 3
37 97 3
169 279 3
75 108 3
97 227 3
243 257 3
118 223 3
48 261 3
67 278 3
41 169 3
182 214 3
170 324 3
97 231 3
147 182 3
57 142 3
70 77 3
60 115 3
15 64 3
80 96 3
287 294 3
117 280 3
124 288 3
97 160 3
97 242 3
38 260 3
55 97 3
73 114 3
151 332 3
38 229 3
27 68 3
50 182 3
182 192 3
137 185 3
136 154 3
157 192 3
289 324 3
120 164 3
160 224 3
108 303 3
97 105 3
238 250 3
87 260 3
26 137 3
106 245 3
170 184 3
16 168 3
24 247 3
137 281 3
137 223 3
128 196 3
137 151 3
97 228 3
133 258 3
161 260 3
159 242 3
174 222 3
45 263 3
22 97 3
241 321 3
31 285 3
137 207 3
35 39 3
163 182 3
160 177 3
149 243 3
113 160 3
154 332 3
182 223 3
73 259 3
