1 24 4
1 111 4
1 133 4
1 182 4
1 223 4
1 270 4
1 274 4
2 180 4
3 68 4
3 97 4
3 128 4
3 182 4
4 120 4
4 157 4
4 196 4
5 15 4
5 79 4
5 137 4
5 257 4
7 97 4
8 18 4
8 52 4
8 89 4
8 92 4
8 137 4
9 80 4
9 120 4
9 151 4
10 182 4
10 325 4
11 97 4
12 58 4
12 144 4
12 212 4
13 182 4
13 222 4
14 68 4
14 97 4
14 243 4
15 100 4
15 101 4
15 137 4
15 223 4
16 137 4
16 242 4
17 97 4
18 89 4
18 97 4
18 137 4
19 40 4
19 182 4
19 197 4
19 216 4
19 256 4
19 277 4
20 45 4
20 137 4
21 73 4
21 90 4
21 97 4
22 97 4
22 137 4
22 141 4
22 155 4
22 184 4
23 137 4
23 223 4
24 97 4
24 177 4
24 239 4
24 247 4
25 156 4
26 87 4
26 88 4
26 189 4
26 236 4
27 43 4
27 68 4
27 75 4
27 120 4
27 122 4
27 154 4
27 175 4
27 223 4
27 237 4
30 34 4
30 97 4
30 164 4
30 178 4
30 263 4
30 313 4
31 108 4
31 118 4
31 195 4
31 284 4
31 285 4
31 288 4
31 292 4
33 84 4
33 99 4
33 122 4
33 223 4
34 110 4
34 270 4
35 39 4
35 73 4
35 99 4
35 108 4
35 115 4
35 268 4
36 137 4
36 155 4
36 171 4
36 215 4
36 223 4
37 64 4
37 92 4
37 106 4
37 243 4
38 61 4
38 83 4
38 97 4
38 111 4
38 181 4
38 231 4
38 260 4
39 173 4
40 97 4
40 175 4
41 49 4
41 70 4
41 231 4
43 51 4
43 120 4
43 131 4
43 164 4
43 275 4
43 281 4
44 128 4
44 137 4
45 279 4
46 182 4
47 133 4
47 182 4
48 110 4
48 261 4
49 247 4
50 110 4
50 221 4
50 247 4
50 250 4
50 252 4
50 274 4
50 301 4
50 323 4
52 163 4
52 175 4
52 182 4
52 261 4
52 273 4
52 294 4
53 75 4
53 86 4
53 208 4
54 67 4
54 137 4
54 187 4
54 272 4
55 105 4
55 109 4
55 202 4
55 275 4
56 72 4
57 142 4
57 182 4
57 284 4
58 151 4
58 230 4
58 316 4
59 61 4
59 83 4
59 108 4
59 295 4
60 115 4
60 120 4
60 257 4
61 137 4
61 223 4
62 70 4
62 97 4
62 102 4
62 231 4
62 263 4
63 222 4
65 116 4
65 137 4
65 231 4
65 286 4
65 322 4
66 97 4
67 169 4
67 278 4
68 93 4
69 252 4
70 97 4
70 110 4
70 137 4
70 140 4
70 182 4
70 227 4
71 205 4
72 73 4
72 137 4
72 172 4
72 192 4
72 196 4
72 231 4
72 253 4
73 114 4
73 259 4
73 314 4
74 92 4
74 97 4
74 128 4
75 90 4
75 108 4
75 148 4
75 231 4
75 283 4
76 97 4
76 174 4
76 223 4
76 275 4
76 304 4
77 246 4
77 307 4
78 136 4
78 289 4
78 302 4
79 129 4
79 182 4
80 96 4
80 122 4
80 182 4
80 202 4
82 219 4
82 274 4
83 169 4
83 181 4
83 205 4
83 251 4
83 286 4
83 291 4
84 97 4
84 206 4
84 213 4
84 234 4
84 251 4
85 263 4
86 97 4
86 171 4
86 182 4
86 283 4
87 109 4
87 151 4
87 301 4
88 116 4
88 126 4
88 128 4
88 164 4
88 250 4
88 288 4
88 298 4
89 126 4
89 145 4
89 154 4
89 240 4
89 327 4
90 97 4
91 182 4
92 93 4
92 182 4
93 137 4
93 236 4
93 274 4
93 279 4
94 182 4
94 184 4
95 110 4
95 129 4
97 102 4
97 106 4
97 107 4
97 114 4
97 115 4
97 116 4
97 128 4
97 133 4
97 134 4
97 135 4
97 140 4
97 146 4
97 163 4
97 164 4
97 165 4
97 175 4
97 178 4
97 186 4
97 190 4
97 193 4
97 195 4
97 205 4
97 210 4
97 218 4
97 223 4
97 228 4
97 229 4
97 231 4
97 232 4
97 241 4
97 243 4
97 245 4
97 260 4
97 269 4
97 271 4
97 274 4
97 278 4
97 293 4
97 295 4
97 298 4
97 311 4
97 321 4
97 323 4
97 324 4
99 182 4
101 182 4
101 276 4
102 192 4
102 215 4
102 250 4
102 270 4
102 273 4
103 104 4
103 137 4
103 182 4
104 182 4
104 200 4
105 137 4
106 109 4
106 110 4
106 245 4
107 169 4
108 223 4
108 303 4
109 205 4
109 212 4
109 223 4
110 154 4
110 223 4
110 244 4
110 246 4
110 280 4
111 122 4
111 311 4
112 137 4
113 160 4
113 161 4
113 292 4
114 182 4
115 177 4
117 169 4
117 176 4
117 205 4
118 137 4
118 223 4
119 223 4
119 224 4
120 122 4
120 138 4
120 147 4
120 205 4
120 245 4
120 250 4
120 272 4
121 182 4
121 276 4
121 287 4
124 154 4
124 247 4
124 288 4
125 235 4
127 250 4
128 137 4
131 247 4
132 137 4
132 235 4
132 263 4
132 271 4
133 137 4
133 197 4
133 240 4
133 252 4
134 184 4
134 215 4
136 223 4
136 283 4
137 139 4
137 150 4
137 158 4
137 169 4
137 171 4
137 178 4
137 179 4
137 192 4
137 195 4
137 199 4
137 207 4
137 217 4
137 219 4
137 222 4
137 223 4
137 225 4
137 229 4
137 230 4
137 232 4
137 233 4
137 245 4
137 257 4
137 260 4
137 265 4
137 269 4
137 271 4
137 279 4
137 281 4
137 285 4
137 286 4
137 309 4
137 317 4
137 323 4
137 327 4
137 332 4
139 196 4
139 305 4
140 189 4
141 185 4
143 177 4
145 182 4
145 187 4
146 223 4
146 234 4
147 166 4
147 182 4
148 236 4
148 331 4
149 243 4
149 275 4
156 172 4
156 189 4
156 257 4
157 192 4
157 282 4
158 235 4
159 182 4
160 224 4
161 215 4
161 223 4
161 274 4
163 302 4
164 240 4
165 191 4
165 193 4
167 223 4
169 278 4
170 184 4
170 223 4
170 278 4
170 324 4
172 252 4
172 318 4
173 182 4
173 200 4
176 275 4
177 224 4
177 247 4
179 298 4
180 223 4
181 223 4
182 191 4
182 192 4
182 195 4
182 214 4
182 223 4
182 231 4
182 234 4
182 242 4
182 245 4
182 274 4
182 278 4
182 298 4
182 304 4
182 312 4
182 314 4
182 330 4
183 220 4
183 224 4
184 186 4
184 276 4
185 248 4
186 223 4
186 250 4
187 260 4
187 272 4
191 219 4
191 223 4
191 293 4
192 281 4
192 304 4
195 211 4
195 257 4
195 288 4
195 310 4
198 257 4
199 209 4
205 251 4
213 219 4
216 223 4
219 246 4
220 275 4
221 331 4
222 250 4
223 250 4
223 252 4
223 308 4
224 313 4
235 307 4
238 250 4
239 259 4
241 321 4
243 257 4
243 269 4
244 285 4
250 258 4
257 298 4
261 282 4
261 325 4
267 318 4
282 318 4
283 316 4
284 310 4
287 294 4
289 324 4
23 152 4
216 222 4
142 161 4
137 198 4
40 137 4
268 323 4
231 283 4
250 302 4
24 120 4
231 295 4
157 278 4
31 250 4
50 137 4
31 211 4
58 312 4
149 215 4
23 303 4
90 112 4
53 344 4
43 137 4
5 324 4
30 189 4
110 363 4
71 223 4
75 289 4
128 318 4
25 223 4
40 269 4
97 166 4
67 165 4
137 163 4
164 309 4
20 74 4
45 50 4
148 182 4
141 356 4
63 245 4
128 257 4
137 152 4
56 137 4
43 227 4
137 256 4
31 151 4
97 215 4
52 222 4
182 306 4
182 279 4
269 302 4
229 247 4
18 257 4
36 39 4
38 81 4
79 200 4
109 308 4
137 338 4
97 172 4
21 274 4
75 194 4
182 350 4
137 216 4
40 334 4
92 168 4
243 244 4
67 137 4
120 201 4
71 289 4
161 340 4
257 342 4
123 274 4
141 223 4
88 98 4
97 306 4
62 107 4
137 288 4
36 246 4
78 288 4
104 242 4
70 306 4
74 137 4
132 258 4
55 197 4
36 160 4
137 348 4
97 126 4
157 231 4
84 164 4
55 307 4
46 242 4
20 223 4
97 335 4
48 97 4
89 156 4
124 287 4
127 137 4
169 345 4
48 221 4
115 314 4
20 257 4
137 210 4
61 126 4
77 186 4
27 139 4
97 220 4
137 226 4
14 156 4
182 228 4
83 365 4
59 286 4
8 162 4
97 308 4
240 278 4
2 137 4
28 97 4
110 209 4
30 322 4
261 352 4
238 348 4
97 197 4
107 257 4
20 364 4
124 182 4
151 181 4
44 234 4
25 263 4
43 345 4
164 188 4
18 112 4
266 285 4
42 179 4
223 259 4
97 309 4
19 227 4
106 320 4
71 124 4
231 242 4
251 279 4
126 241 4
137 165 4
38 350 4
92 148 4
53 306 4
52 107 4
139 223 4
137 243 4
97 275 4
29 242 4
137 218 4
24 323 4
81 173 4
106 273 4
93 182 4
35 339 4
275 330 4
110 139 4
38 65 4
34 331 4
85 110 4
114 223 4
156 205 4
92 126 4
97 141 4
97 208 4
112 182 4
23 189 4
137 270 4
42 102 4
250 285 4
145 248 4
224 290 4
69 161 4
137 310 4
97 351 4
97 327 4
163 256 4
331 364 4
38 259 4
137 330 4
73 206 4
97 363 4
107 171 4
97 300 4
164 205 4
145 199 4
118 257 4
137 358 4
93 196 4
34 207 4
94 243 4
156 240 4
98 177 4
67 303 4
191 247 4
75 353 4
76 322 4
303 325 4
43 330 4
170 359 4
78 307 4
106 231 4
164 250 4
120 222 4
156 275 4
87 294 4
140 325 4
120 268 4
81 195 4
111 360 4
89 137 4
164 222 4
128 313 4
75 230 4
182 187 4
106 229 4
110 198 4
89 242 4
112 354 4
97 330 4
117 150 4
95 231 4
175 205 4
121 164 4
199 276 4
212 257 4
172 190 4
159 265 4
97 313 4
26 74 4
119 204 4
102 202 4
97 177 4
44 84 4
160 177 4
40 350 4
145 308 4
53 348 4
137 149 4
137 262 4
2 33 4
75 252 4
28 222 4
74 113 4
4 97 4
157 243 4
257 305 4
137 274 4
1 183 4
58 280 4
252 317 4
5 47 4
64 279 4
137 344 4
50 350 4
75 198 4
61 97 4
52 149 4
110 111 4
6 80 4
72 243 4
159 266 4
37 137 4
81 278 4
25 186 4
167 269 4
99 105 4
137 170 4
47 81 4
294 326 4
119 252 4
53 60 4
61 204 4
18 27 4
33 202 4
137 144 4
164 342 4
270 362 4
97 217 4
221 223 4
188 217 4
133 267 4
137 244 4
129 149 4
45 97 4
132 319 4
184 266 4
35 200 4
137 214 4
17 99 4
234 341 4
76 268 4
182 246 4
78 223 4
116 182 4
15 355 4
97 336 4
109 243 4
17 182 4
30 223 4
223 353 4
6 137 4
165 182 4
97 292 4
44 210 4
97 129 4
28 122 4
137 342 4
196 356 4
13 250 4
173 223 4
106 162 4
137 290 4
250 295 4
144 223 4
75 296 4
154 349 4
97 213 4
58 182 4
178 257 4
122 205 4
97 332 4
117 352 4
69 230 4
148 326 4
176 304 4
223 314 4
116 302 4
108 182 4
235 253 4
76 135 4
137 235 4
44 48 4
106 292 4
1 325 4
145 311 4
121 126 4
52 146 4
49 275 4
90 137 4
97 112 4
308 342 4
182 315 4
180 195 4
210 231 4
73 354 4
155 182 4
16 285 4
48 239 4
92 223 4
140 177 4
294 336 4
42 293 4
97 258 4
137 259 4
223 319 4
107 212 4
247 306 4
97 118 4
134 306 4
106 137 4
88 179 4
117 203 4
64 97 4
157 189 4
182 317 4
6 308 4
97 334 4
140 262 4
70 146 4
137 350 4
97 339 4
33 157 4
285 347 4
80 94 4
182 238 4
97 343 4
45 283 4
182 213 4
15 97 4
145 159 4
92 352 4
43 66 4
106 108 4
151 325 4
29 89 4
45 156 4
56 182 4
188 223 4
223 344 4
38 339 4
104 128 4
155 223 4
24 340 4
119 199 4
77 167 4
51 281 4
180 325 4
32 132 4
60 252 4
61 187 4
137 247 4
14 175 4
97 272 4
137 325 4
137 140 4
154 297 4
120 217 4
272 295 4
97 174 4
14 103 4
192 242 4
91 132 4
97 187 4
181 247 4
91 192 4
182 190 4
89 159 4
40 158 4
70 315 4
110 326 4
19 211 4
195 299 4
37 166 4
76 234 4
57 74 4
121 137 4
97 211 4
183 352 4
94 97 4
234 335 4
19 347 4
144 257 4
97 304 4
137 268 4
218 250 4
111 259 4
43 182 4
224 228 4
35 161 4
114 260 4
25 337 4
73 221 4
182 203 4
17 38 4
21 341 4
182 341 4
6 24 4
117 173 4
97 267 4
52 240 4
109 248 4
132 162 4
312 327 4
128 249 4
134 159 4
3 43 4
30 310 4
178 223 4
177 289 4
77 231 4
134 243 4
36 42 4
15 310 4
249 250 4
182 313 4
240 267 4
93 210 4
38 128 4
61 127 4
40 116 4
102 207 4
97 160 4
99 247 4
97 325 4
137 356 4
137 302 4
114 116 4
29 127 4
110 152 4
52 97 4
137 361 4
149 209 4
27 347 4
1 17 4
113 247 4
122 141 4
105 215 4
137 174 4
243 315 4
89 148 4
137 211 4
120 210 4
128 223 4
195 236 4
6 195 4
48 162 4
105 195 4
40 254 4
200 334 4
223 272 4
107 168 4
182 277 4
30 80 4
128 189 4
27 197 4
9 304 4
89 122 4
38 177 4
162 195 4
59 241 4
102 195 4
11 22 4
50 207 4
50 194 4
30 104 4
31 182 4
137 234 4
171 257 4
56 133 4
59 122 4
110 214 4
157 292 4
34 50 4
137 357 4
9 137 4
37 280 4
137 155 4
127 210 4
58 82 4
24 264 4
247 335 4
10 268 4
56 97 4
97 310 4
17 50 4
97 247 4
65 172 4
125 223 4
97 287 4
223 243 4
59 146 4
72 174 4
221 312 4
117 199 4
63 139 4
74 129 4
198 274 4
37 365 4
97 326 4
148 221 4
202 257 4
137 304 4
137 204 4
75 293 4
231 363 4
209 259 4
97 319 4
15 203 4
149 201 4
110 343 4
182 258 4
163 243 4
81 262 4
160 184 4
88 267 4
97 173 4
228 352 4
97 185 4
145 196 4
60 282 4
86 220 4
13 301 4
184 240 4
24 43 4
97 263 4
130 322 4
29 228 4
17 223 4
33 137 4
113 277 4
132 257 4
102 124 4
76 193 4
38 330 4
98 165 4
111 349 4
182 271 4
252 275 4
27 97 4
97 154 4
79 183 4
247 294 4
111 137 4
140 351 4
182 267 4
72 97 4
61 310 4
238 260 4
59 235 4
72 95 4
182 197 4
1 9 4
137 143 4
89 308 4
95 207 4
97 168 4
25 97 4
115 182 4
222 295 4
137 172 4
14 250 4
174 247 4
220 310 4
164 215 4
75 297 4
65 338 4
182 201 4
128 214 4
40 252 4
115 161 4
89 270 4
97 131 4
26 137 4
191 322 4
20 35 4
151 206 4
174 205 4
319 345 4
132 299 4
91 248 4
78 104 4
88 354 4
52 61 4
120 347 4
5 166 4
262 315 4
222 243 4
97 286 4
139 235 4
33 181 4
135 223 4
36 249 4
137 291 4
7 252 4
36 238 4
115 326 4
137 287 4
97 315 4
102 216 4
50 263 4
10 164 4
110 249 4
140 182 4
119 274 4
218 334 4
143 229 4
19 94 4
220 224 4
97 265 4
110 120 4
231 331 4
42 109 4
190 214 4
92 230 4
72 119 4
182 229 4
223 227 4
177 182 4
55 268 4
97 183 4
137 261 4
223 340 4
97 270 4
223 267 4
97 222 4
223 240 4
124 137 4
182 198 4
137 246 4
123 242 4
78 97 4
171 364 4
75 215 4
116 172 4
97 113 4
137 228 4
231 350 4
151 219 4
13 137 4
110 210 4
190 268 4
121 223 4
137 351 4
59 84 4
223 265 4
25 200 4
81 244 4
15 335 4
97 264 4
98 277 4
13 93 4
1 280 4
236 303 4
95 234 4
52 153 4
37 320 4
139 207 4
58 71 4
22 268 4
182 211 4
40 223 4
223 269 4
4 123 4
90 215 4
231 333 4
275 303 4
223 231 4
194 198 4
52 293 4
97 345 4
27 134 4
17 293 4
73 164 4
214 332 4
41 96 4
97 230 4
104 137 4
213 247 4
83 320 4
208 270 4
245 298 4
25 182 4
88 205 4
225 250 4
135 257 4
228 271 4
34 160 4
236 253 4
120 174 4
125 234 4
223 270 4
94 209 4
57 223 4
17 32 4
197 320 4
87 97 4
128 322 4
112 132 4
171 267 4
38 53 4
97 147 4
17 243 4
137 148 4
24 342 4
201 231 4
124 191 4
1 231 4
102 272 4
221 315 4
116 223 4
113 360 4
196 240 4
73 117 4
223 352 4
30 232 4
30 72 4
184 319 4
205 273 4
8 352 4
80 307 4
61 321 4
60 250 4
33 269 4
77 268 4
161 284 4
97 188 4
279 320 4
90 247 4
160 226 4
201 223 4
177 214 4
97 282 4
55 179 4
