1 77 2
1 171 2
2 107 2
2 216 2
2 245 2
2 259 2
4 94 2
4 246 2
5 107 2
5 245 2
6 164 2
6 203 2
6 273 2
7 27 2
7 189 2
7 217 2
7 245 2
7 272 2
8 42 2
8 189 2
8 229 2
8 266 2
9 77 2
9 107 2
9 245 2
10 87 2
11 38 2
11 117 2
11 123 2
11 234 2
11 245 2
12 61 2
12 87 2
12 201 2
12 237 2
13 59 2
13 164 2
14 45 2
14 245 2
15 87 2
15 90 2
15 237 2
16 87 2
16 158 2
16 164 2
16 208 2
16 217 2
17 28 2
17 74 2
17 189 2
17 246 2
19 194 2
20 250 2
22 46 2
22 275 2
23 164 2
24 59 2
24 189 2
25 151 2
26 46 2
26 107 2
27 79 2
27 87 2
28 171 2
29 237 2
29 250 2
31 189 2
32 107 2
32 193 2
32 275 2
33 246 2
34 221 2
36 163 2
36 245 2
37 245 2
38 110 2
38 118 2
38 120 2
38 191 2
39 87 2
39 145 2
40 207 2
40 250 2
41 46 2
41 113 2
41 245 2
42 51 2
42 81 2
42 95 2
42 104 2
42 129 2
42 133 2
42 183 2
42 237 2
43 87 2
43 94 2
44 45 2
45 60 2
45 76 2
45 84 2
45 165 2
45 189 2
45 200 2
45 237 2
45 241 2
46 250 2
46 269 2
50 158 2
51 189 2
51 254 2
52 145 2
52 182 2
54 87 2
54 150 2
54 164 2
56 77 2
56 100 2
56 265 2
58 119 2
58 158 2
58 188 2
59 111 2
59 150 2
59 203 2
59 241 2
59 244 2
59 254 2
60 215 2
60 264 2
61 87 2
61 216 2
62 207 2
63 77 2
64 79 2
64 158 2
64 245 2
69 189 2
70 233 2
71 250 2
72 168 2
73 94 2
73 145 2
73 237 2
74 217 2
75 87 2
76 91 2
76 245 2
77 250 2
78 113 2
78 128 2
78 168 2
80 189 2
80 275 2
81 246 2
81 258 2
82 130 2
82 237 2
83 237 2
84 85 2
84 151 2
84 218 2
84 237 2
84 241 2
85 124 2
85 126 2
85 145 2
85 189 2
85 190 2
85 247 2
86 124 2
87 91 2
87 101 2
87 104 2
87 119 2
87 132 2
87 133 2
87 145 2
87 146 2
87 158 2
87 159 2
87 164 2
87 177 2
87 178 2
87 183 2
87 185 2
87 188 2
87 190 2
87 191 2
87 192 2
87 194 2
87 216 2
87 232 2
87 237 2
87 248 2
89 107 2
89 245 2
90 107 2
90 164 2
91 124 2
91 209 2
92 164 2
92 180 2
92 237 2
93 237 2
95 158 2
95 261 2
96 254 2
98 246 2
98 258 2
100 213 2
101 133 2
103 247 2
104 245 2
104 252 2
104 253 2
105 254 2
107 118 2
107 124 2
107 136 2
107 165 2
107 217 2
107 227 2
107 263 2
107 264 2
108 163 2
108 192 2
109 138 2
109 232 2
109 233 2
109 246 2
109 267 2
110 259 2
111 245 2
112 245 2
113 237 2
113 250 2
116 261 2
117 194 2
117 202 2
117 250 2
118 173 2
119 133 2
120 199 2
120 225 2
121 246 2
125 246 2
127 133 2
128 246 2
131 268 2
131 274 2
133 144 2
133 163 2
133 177 2
133 183 2
133 189 2
134 189 2
134 197 2
134 252 2
134 264 2
135 251 2
135 264 2
136 237 2
136 250 2
136 260 2
139 237 2
141 237 2
143 247 2
144 237 2
146 201 2
146 234 2
146 259 2
147 237 2
147 255 2
148 238 2
148 245 2
149 232 2
149 246 2
150 171 2
150 254 2
151 237 2
152 159 2
153 252 2
155 237 2
156 245 2
157 158 2
157 233 2
158 165 2
158 170 2
158 187 2
158 190 2
158 211 2
158 245 2
158 263 2
158 264 2
159 237 2
162 163 2
163 170 2
163 186 2
163 237 2
163 245 2
164 231 2
164 248 2
164 268 2
166 189 2
166 234 2
166 237 2
166 245 2
167 237 2
168 229 2
168 245 2
170 245 2
171 237 2
171 261 2
172 250 2
175 246 2
175 275 2
176 253 2
179 237 2
182 207 2
184 209 2
184 237 2
186 259 2
187 237 2
187 261 2
189 233 2
189 243 2
189 270 2
191 250 2
193 246 2
194 239 2
196 237 2
196 273 2
198 237 2
198 245 2
199 204 2
201 245 2
203 211 2
203 233 2
203 250 2
203 251 2
204 239 2
204 250 2
205 237 2
205 262 2
207 244 2
207 250 2
209 253 2
210 245 2
210 270 2
211 221 2
212 267 2
214 234 2
214 245 2
215 245 2
220 237 2
221 237 2
222 237 2
223 245 2
223 246 2
225 265 2
225 268 2
226 246 2
230 246 2
233 245 2
233 272 2
237 239 2
237 242 2
237 243 2
237 245 2
237 248 2
237 255 2
237 258 2
237 261 2
237 264 2
237 267 2
239 250 2
239 252 2
241 245 2
245 259 2
245 261 2
245 265 2
245 272 2
245 275 2
246 253 2
246 273 2
247 250 2
249 261 2
250 259 2
250 275 2
206 237 2
98 247 2
95 237 2
76 87 2
242 245 2
137 237 2
84 147 2
163 249 2
245 277 2
122 252 2
63 145 2
120 158 2
7 107 2
180 245 2
171 236 2
54 271 2
158 280 2
237 288 2
104 291 2
206 233 2
158 208 2
27 68 2
237 294 2
6 276 2
46 83 2
67 238 2
70 237 2
120 245 2
155 232 2
75 252 2
144 203 2
193 276 2
129 207 2
87 252 2
17 70 2
69 234 2
78 265 2
97 237 2
233 279 2
3 168 2
183 246 2
241 290 2
189 207 2
142 245 2
59 182 2
177 209 2
11 85 2
59 91 2
87 197 2
15 120 2
16 252 2
222 239 2
85 283 2
87 150 2
50 150 2
158 219 2
116 275 2
199 283 2
245 284 2
17 87 2
63 120 2
51 140 2
87 125 2
176 288 2
196 245 2
101 258 2
100 207 2
13 165 2
87 96 2
22 245 2
6 237 2
32 292 2
16 130 2
26 203 2
45 238 2
150 271 2
15 200 2
81 104 2
250 281 2
246 286 2
87 175 2
128 191 2
131 158 2
12 17 2
36 218 2
28 187 2
54 107 2
41 292 2
243 252 2
237 271 2
191 263 2
244 301 2
46 147 2
100 237 2
56 120 2
140 168 2
104 116 2
79 138 2
135 163 2
91 256 2
73 221 2
204 237 2
251 265 2
24 87 2
219 254 2
31 78 2
119 213 2
47 245 2
80 90 2
189 299 2
85 185 2
132 245 2
108 261 2
79 272 2
114 134 2
174 245 2
250 269 2
67 80 2
192 254 2
179 245 2
60 116 2
130 216 2
149 192 2
164 269 2
192 220 2
133 237 2
197 207 2
142 258 2
75 133 2
182 232 2
190 245 2
94 237 2
105 107 2
52 264 2
239 259 2
243 245 2
43 46 2
105 278 2
58 237 2
79 245 2
163 251 2
258 287 2
113 241 2
85 99 2
41 267 2
161 246 2
87 93 2
232 247 2
37 250 2
85 237 2
168 257 2
67 133 2
92 166 2
108 245 2
239 245 2
134 231 2
41 176 2
145 287 2
74 255 2
228 258 2
87 140 2
104 173 2
81 245 2
181 189 2
96 237 2
228 245 2
146 250 2
131 207 2
120 132 2
107 291 2
111 148 2
84 124 2
190 246 2
82 246 2
209 245 2
17 219 2
75 145 2
224 265 2
159 270 2
60 245 2
189 201 2
58 257 2
59 113 2
87 262 2
15 267 2
6 121 2
228 246 2
91 263 2
133 246 2
152 164 2
157 193 2
216 245 2
45 163 2
187 245 2
105 191 2
226 232 2
17 101 2
45 171 2
159 291 2
21 59 2
20 233 2
50 245 2
31 171 2
225 245 2
71 245 2
109 195 2
248 254 2
128 165 2
47 133 2
151 197 2
127 250 2
5 87 2
154 163 2
238 250 2
107 127 2
107 277 2
163 217 2
47 84 2
102 265 2
38 289 2
87 142 2
29 300 2
128 158 2
45 139 2
92 175 2
177 180 2
5 94 2
87 210 2
26 245 2
7 109 2
156 254 2
17 73 2
54 260 2
158 198 2
90 237 2
106 245 2
109 111 2
99 207 2
245 248 2
202 238 2
233 258 2
170 292 2
31 207 2
186 292 2
2 45 2
32 239 2
64 239 2
79 158 2
27 180 2
14 132 2
28 264 2
36 248 2
233 249 2
31 180 2
87 112 2
17 125 2
51 157 2
29 203 2
146 185 2
87 250 2
3 130 2
64 213 2
240 245 2
171 280 2
195 245 2
71 205 2
62 126 2
32 166 2
74 129 2
61 274 2
81 225 2
158 255 2
193 237 2
85 288 2
189 231 2
14 213 2
39 217 2
87 173 2
204 269 2
33 264 2
38 245 2
45 130 2
152 156 2
24 237 2
186 237 2
109 245 2
7 270 2
179 258 2
200 250 2
135 243 2
120 157 2
22 254 2
184 250 2
95 131 2
17 64 2
10 254 2
91 103 2
97 250 2
86 237 2
18 97 2
61 237 2
133 203 2
87 261 2
87 235 2
150 247 2
59 112 2
171 263 2
14 247 2
128 236 2
107 210 2
158 209 2
113 193 2
87 149 2
106 210 2
88 247 2
180 284 2
59 129 2
130 174 2
194 237 2
261 300 2
78 268 2
87 102 2
59 143 2
237 295 2
18 232 2
103 134 2
185 245 2
98 165 2
141 218 2
135 194 2
189 228 2
91 179 2
146 204 2
42 85 2
106 232 2
237 274 2
1 277 2
87 283 2
1 245 2
206 246 2
87 259 2
156 249 2
81 236 2
225 237 2
52 246 2
132 259 2
109 219 2
201 299 2
222 245 2
45 125 2
70 87 2
150 192 2
178 246 2
4 164 2
211 233 2
23 87 2
21 215 2
83 87 2
182 199 2
15 230 2
93 189 2
111 191 2
265 287 2
155 233 2
183 252 2
32 46 2
233 264 2
28 45 2
237 284 2
40 124 2
84 145 2
2 285 2
133 268 2
76 237 2
237 263 2
78 256 2
237 270 2
120 302 2
25 150 2
26 193 2
163 166 2
87 167 2
169 238 2
196 225 2
232 295 2
75 113 2
87 163 2
205 212 2
107 266 2
266 292 2
17 33 2
35 42 2
145 261 2
19 250 2
75 246 2
91 237 2
58 59 2
35 47 2
38 154 2
194 245 2
213 237 2
157 171 2
47 156 2
146 237 2
38 237 2
87 224 2
57 60 2
87 110 2
87 275 2
182 291 2
114 237 2
102 133 2
237 285 2
85 150 2
277 285 2
55 245 2
17 197 2
54 247 2
87 129 2
130 171 2
101 146 2
144 197 2
264 267 2
236 237 2
108 133 2
87 92 2
49 144 2
6 17 2
274 275 2
237 281 2
40 237 2
17 294 2
164 245 2
75 214 2
189 193 2
237 276 2
61 147 2
37 119 2
234 237 2
84 208 2
14 87 2
190 237 2
55 138 2
88 246 2
207 301 2
5 237 2
72 109 2
78 107 2
228 237 2
258 285 2
107 131 2
107 156 2
154 237 2
86 105 2
127 150 2
19 132 2
193 206 2
82 255 2
47 54 2
269 288 2
83 123 2
233 246 2
98 250 2
2 158 2
68 245 2
58 117 2
200 252 2
2 18 2
8 112 2
119 302 2
88 255 2
19 255 2
104 300 2
203 222 2
22 120 2
95 218 2
233 239 2
158 249 2
45 59 2
10 170 2
59 246 2
234 238 2
128 230 2
23 246 2
76 159 2
22 102 2
47 241 2
87 282 2
209 232 2
130 237 2
9 87 2
36 64 2
136 189 2
75 264 2
58 297 2
81 139 2
86 209 2
175 221 2
77 158 2
19 189 2
107 177 2
36 91 2
25 179 2
245 271 2
45 48 2
97 143 2
54 231 2
14 203 2
45 269 2
87 234 2
82 186 2
168 294 2
113 245 2
234 280 2
243 264 2
138 250 2
17 18 2
86 89 2
68 244 2
74 237 2
69 87 2
246 298 2
206 219 2
