1 237 4
2 170 4
3 201 4
3 250 4
4 80 4
4 94 4
5 94 4
5 189 4
6 25 4
6 112 4
6 237 4
6 301 4
6 321 4
8 207 4
8 221 4
9 252 4
10 245 4
10 254 4
11 105 4
11 117 4
11 189 4
11 190 4
11 257 4
12 74 4
12 173 4
12 201 4
12 237 4
13 59 4
14 109 4
14 203 4
15 87 4
15 273 4
15 301 4
16 217 4
17 31 4
17 70 4
17 73 4
17 103 4
17 106 4
17 118 4
17 125 4
17 129 4
17 132 4
17 140 4
17 183 4
17 188 4
17 243 4
19 237 4
19 255 4
19 292 4
20 73 4
20 233 4
20 263 4
21 75 4
21 131 4
21 158 4
22 46 4
22 102 4
22 131 4
22 135 4
22 150 4
22 163 4
22 208 4
22 254 4
23 164 4
24 74 4
24 276 4
26 193 4
26 250 4
27 171 4
27 180 4
27 323 4
28 59 4
28 118 4
29 237 4
29 245 4
30 67 4
31 171 4
31 237 4
31 245 4
32 38 4
32 239 4
32 275 4
32 292 4
33 237 4
33 246 4
34 42 4
34 53 4
36 163 4
36 197 4
36 245 4
37 245 4
37 250 4
38 102 4
38 204 4
38 250 4
38 257 4
38 301 4
39 81 4
39 87 4
39 243 4
39 280 4
40 167 4
40 327 4
41 46 4
41 176 4
41 250 4
42 73 4
42 81 4
42 251 4
43 46 4
44 45 4
44 104 4
44 237 4
44 243 4
44 278 4
45 59 4
45 76 4
45 121 4
45 130 4
45 163 4
45 192 4
45 200 4
45 227 4
46 250 4
47 133 4
47 156 4
47 186 4
47 197 4
47 237 4
51 109 4
51 157 4
51 189 4
51 227 4
51 254 4
53 104 4
53 249 4
54 66 4
54 247 4
56 109 4
57 84 4
57 193 4
57 264 4
58 158 4
58 188 4
58 227 4
58 257 4
58 274 4
59 61 4
59 66 4
59 73 4
59 91 4
59 123 4
59 150 4
59 171 4
59 185 4
59 197 4
59 203 4
59 217 4
59 244 4
59 262 4
60 215 4
60 245 4
61 71 4
61 274 4
62 81 4
63 145 4
64 87 4
64 181 4
64 245 4
64 266 4
64 321 4
67 80 4
67 133 4
67 237 4
67 238 4
69 250 4
70 161 4
70 233 4
70 237 4
71 205 4
71 208 4
71 250 4
71 320 4
72 237 4
73 145 4
73 181 4
73 221 4
73 245 4
74 133 4
74 217 4
74 331 4
75 133 4
75 145 4
75 154 4
75 233 4
75 246 4
76 195 4
76 220 4
76 245 4
77 237 4
78 107 4
78 113 4
78 203 4
78 225 4
78 245 4
78 256 4
79 237 4
79 272 4
80 189 4
80 323 4
81 104 4
81 225 4
82 169 4
82 186 4
84 124 4
84 208 4
85 189 4
86 89 4
86 133 4
87 91 4
87 104 4
87 119 4
87 142 4
87 146 4
87 156 4
87 159 4
87 163 4
87 167 4
87 176 4
87 178 4
87 179 4
87 186 4
87 190 4
87 195 4
87 197 4
87 200 4
87 207 4
87 211 4
87 218 4
87 235 4
87 261 4
87 274 4
87 282 4
87 328 4
88 146 4
88 179 4
88 255 4
89 90 4
89 110 4
89 164 4
89 233 4
89 247 4
90 164 4
91 179 4
91 256 4
91 259 4
91 263 4
91 301 4
92 210 4
93 250 4
95 163 4
97 250 4
98 165 4
98 247 4
98 323 4
100 207 4
100 237 4
101 245 4
103 304 4
104 237 4
104 291 4
105 207 4
106 133 4
106 210 4
106 278 4
106 314 4
107 210 4
107 217 4
107 226 4
107 263 4
107 270 4
107 304 4
108 261 4
109 148 4
109 232 4
109 246 4
109 298 4
110 259 4
112 150 4
112 196 4
112 264 4
113 221 4
113 237 4
113 250 4
114 124 4
114 134 4
114 147 4
116 133 4
116 246 4
116 261 4
116 275 4
116 294 4
118 173 4
118 293 4
119 191 4
119 245 4
119 302 4
120 152 4
120 158 4
120 242 4
120 245 4
120 314 4
122 323 4
124 133 4
124 245 4
125 233 4
125 246 4
128 208 4
128 230 4
128 236 4
129 163 4
129 219 4
130 174 4
130 224 4
131 165 4
131 190 4
131 283 4
132 245 4
132 252 4
133 163 4
133 175 4
133 177 4
133 195 4
133 203 4
133 211 4
134 197 4
134 272 4
135 163 4
136 264 4
136 285 4
136 306 4
137 237 4
138 301 4
140 167 4
140 237 4
140 245 4
140 252 4
141 218 4
141 237 4
144 246 4
145 261 4
146 185 4
146 201 4
147 255 4
148 228 4
148 250 4
150 171 4
150 254 4
150 271 4
151 268 4
152 237 4
152 303 4
154 200 4
155 232 4
156 189 4
156 237 4
156 249 4
157 189 4
157 193 4
157 250 4
158 161 4
158 187 4
158 198 4
158 262 4
158 264 4
158 280 4
159 243 4
159 270 4
163 237 4
163 251 4
163 272 4
163 296 4
164 227 4
164 245 4
165 323 4
166 189 4
168 229 4
168 294 4
170 208 4
170 245 4
170 292 4
170 306 4
171 176 4
171 184 4
171 211 4
171 263 4
172 246 4
173 208 4
173 210 4
174 233 4
174 307 4
175 207 4
175 221 4
175 246 4
175 255 4
178 292 4
179 258 4
180 245 4
181 245 4
182 199 4
182 232 4
182 291 4
183 245 4
183 254 4
184 209 4
184 237 4
186 194 4
187 245 4
187 261 4
189 193 4
189 198 4
189 201 4
189 231 4
189 252 4
189 284 4
189 299 4
189 323 4
189 332 4
190 245 4
192 220 4
192 237 4
193 206 4
193 246 4
193 259 4
193 294 4
193 298 4
194 245 4
195 215 4
195 245 4
195 247 4
195 310 4
196 225 4
197 278 4
198 237 4
201 219 4
202 238 4
204 237 4
204 250 4
205 262 4
206 219 4
206 328 4
206 331 4
207 250 4
207 315 4
209 245 4
210 270 4
211 296 4
212 233 4
215 326 4
216 245 4
218 255 4
219 225 4
220 250 4
222 237 4
223 245 4
224 250 4
224 265 4
224 307 4
226 232 4
226 246 4
228 244 4
228 258 4
229 237 4
230 241 4
231 245 4
232 247 4
232 330 4
233 245 4
233 258 4
233 265 4
233 277 4
233 316 4
233 317 4
234 238 4
234 254 4
237 248 4
237 249 4
237 255 4
237 262 4
237 264 4
237 265 4
237 267 4
237 268 4
237 269 4
237 270 4
237 276 4
237 281 4
237 286 4
237 288 4
237 295 4
237 298 4
237 302 4
237 311 4
237 314 4
239 259 4
241 290 4
242 245 4
244 301 4
244 332 4
245 253 4
245 275 4
245 283 4
245 291 4
245 295 4
245 311 4
245 322 4
245 329 4
246 272 4
246 273 4
246 298 4
246 312 4
247 293 4
248 254 4
249 261 4
250 259 4
250 281 4
250 283 4
250 316 4
250 329 4
257 302 4
261 300 4
266 292 4
272 292 4
273 326 4
301 325 4
237 257 4
184 365 4
246 294 4
186 360 4
294 360 4
58 311 4
24 261 4
31 258 4
246 277 4
125 298 4
84 248 4
109 306 4
225 339 4
107 216 4
45 70 4
157 347 4
84 174 4
136 196 4
87 107 4
160 220 4
87 148 4
70 346 4
196 306 4
298 330 4
147 189 4
186 330 4
163 241 4
67 292 4
244 296 4
85 245 4
89 347 4
219 252 4
132 163 4
73 310 4
124 237 4
244 262 4
59 145 4
162 237 4
53 186 4
64 198 4
5 261 4
120 223 4
180 236 4
197 267 4
22 364 4
47 313 4
170 205 4
189 245 4
106 192 4
100 344 4
134 160 4
189 200 4
189 286 4
37 339 4
61 109 4
76 364 4
136 193 4
121 196 4
225 302 4
196 207 4
43 189 4
184 274 4
180 293 4
21 250 4
187 198 4
93 267 4
52 189 4
36 217 4
205 245 4
29 264 4
226 324 4
184 225 4
97 189 4
104 147 4
25 310 4
281 292 4
102 237 4
105 294 4
266 298 4
129 133 4
59 175 4
123 134 4
237 261 4
227 271 4
67 268 4
60 186 4
116 158 4
107 179 4
44 335 4
31 257 4
250 268 4
245 273 4
193 250 4
109 320 4
77 91 4
131 237 4
28 87 4
205 207 4
160 344 4
31 213 4
174 328 4
250 265 4
78 125 4
272 304 4
46 212 4
158 202 4
42 237 4
219 237 4
43 75 4
69 203 4
22 50 4
226 315 4
58 232 4
32 158 4
184 203 4
234 257 4
241 321 4
37 237 4
86 237 4
167 186 4
4 237 4
171 210 4
23 73 4
37 68 4
54 268 4
238 245 4
94 207 4
182 245 4
139 325 4
140 159 4
204 265 4
39 238 4
158 304 4
233 278 4
92 206 4
3 106 4
28 250 4
17 173 4
89 279 4
245 288 4
117 237 4
147 260 4
44 52 4
16 109 4
259 305 4
245 341 4
70 164 4
6 177 4
143 292 4
21 186 4
84 269 4
67 236 4
87 228 4
107 159 4
35 237 4
39 307 4
87 90 4
29 317 4
80 292 4
119 150 4
189 247 4
203 228 4
196 233 4
59 263 4
152 261 4
33 261 4
17 269 4
68 110 4
146 237 4
162 233 4
80 350 4
42 99 4
194 255 4
323 338 4
195 337 4
182 195 4
255 357 4
39 106 4
52 245 4
4 309 4
213 261 4
261 331 4
237 321 4
173 209 4
50 245 4
32 349 4
31 36 4
28 160 4
10 311 4
11 198 4
84 344 4
189 354 4
87 243 4
205 244 4
136 365 4
79 84 4
174 284 4
76 144 4
9 145 4
189 213 4
186 253 4
245 263 4
25 247 4
202 237 4
86 184 4
4 70 4
259 291 4
85 237 4
22 237 4
150 181 4
73 237 4
81 189 4
59 201 4
245 309 4
116 185 4
199 246 4
189 263 4
79 87 4
170 237 4
342 349 4
206 312 4
55 150 4
27 47 4
53 181 4
17 141 4
87 267 4
21 242 4
267 358 4
215 250 4
27 251 4
55 107 4
220 340 4
262 333 4
166 296 4
101 196 4
79 227 4
233 340 4
166 264 4
206 209 4
245 306 4
87 245 4
41 164 4
20 34 4
184 253 4
258 355 4
207 300 4
73 78 4
225 245 4
138 237 4
15 181 4
88 89 4
164 330 4
79 337 4
28 104 4
196 239 4
27 40 4
29 250 4
246 284 4
57 77 4
73 202 4
237 358 4
137 148 4
129 147 4
53 292 4
57 250 4
45 256 4
87 279 4
141 145 4
266 341 4
237 242 4
83 237 4
248 316 4
207 279 4
64 86 4
87 264 4
126 207 4
32 363 4
237 254 4
147 267 4
163 253 4
73 115 4
237 304 4
247 305 4
89 321 4
84 321 4
96 264 4
123 187 4
32 77 4
84 245 4
189 336 4
77 322 4
207 245 4
117 245 4
91 127 4
136 245 4
59 311 4
60 285 4
88 285 4
225 250 4
183 286 4
150 236 4
117 246 4
216 250 4
189 249 4
245 269 4
44 288 4
201 361 4
55 246 4
32 332 4
166 207 4
87 314 4
221 237 4
152 268 4
57 185 4
206 327 4
158 282 4
63 105 4
60 133 4
43 245 4
120 232 4
294 324 4
84 147 4
144 249 4
201 210 4
34 87 4
247 271 4
48 233 4
184 337 4
84 207 4
194 237 4
25 116 4
32 133 4
40 199 4
109 281 4
263 311 4
180 314 4
240 246 4
63 189 4
86 197 4
155 157 4
109 141 4
206 244 4
58 338 4
109 209 4
59 344 4
56 158 4
309 346 4
158 251 4
111 245 4
5 246 4
43 264 4
123 189 4
24 245 4
30 245 4
189 309 4
131 170 4
174 265 4
48 157 4
48 84 4
35 304 4
54 87 4
237 317 4
87 325 4
44 124 4
242 246 4
81 248 4
113 151 4
50 284 4
189 205 4
163 164 4
147 291 4
100 233 4
45 69 4
48 225 4
73 239 4
105 189 4
57 236 4
241 268 4
10 283 4
95 207 4
233 237 4
165 189 4
45 237 4
245 247 4
120 300 4
49 104 4
145 237 4
10 200 4
237 318 4
246 322 4
93 189 4
174 299 4
160 263 4
174 234 4
40 259 4
262 365 4
127 318 4
171 359 4
9 196 4
63 197 4
14 39 4
87 319 4
151 298 4
73 265 4
74 177 4
87 137 4
84 185 4
100 255 4
207 317 4
32 146 4
145 277 4
252 355 4
250 333 4
96 226 4
36 203 4
37 208 4
23 246 4
208 255 4
75 261 4
32 293 4
263 280 4
170 319 4
81 171 4
223 275 4
245 312 4
264 338 4
164 198 4
23 81 4
150 154 4
91 331 4
114 223 4
134 196 4
161 364 4
159 200 4
186 188 4
28 237 4
104 187 4
163 167 4
147 245 4
163 353 4
95 237 4
179 274 4
141 345 4
17 133 4
27 33 4
59 152 4
39 188 4
2 189 4
189 196 4
109 245 4
17 181 4
109 237 4
107 329 4
158 215 4
245 296 4
189 313 4
237 327 4
47 127 4
33 360 4
92 189 4
208 358 4
185 245 4
31 153 4
89 143 4
156 276 4
38 133 4
44 327 4
185 263 4
246 306 4
181 321 4
48 196 4
73 302 4
17 34 4
32 221 4
52 108 4
11 356 4
104 139 4
310 362 4
207 262 4
167 274 4
98 104 4
87 266 4
171 254 4
54 163 4
17 52 4
86 326 4
108 237 4
170 363 4
129 337 4
133 346 4
31 81 4
87 111 4
227 353 4
87 191 4
123 129 4
104 327 4
69 255 4
141 281 4
59 268 4
39 256 4
192 211 4
237 252 4
245 276 4
138 254 4
28 199 4
13 84 4
170 279 4
237 322 4
144 146 4
100 189 4
101 237 4
126 188 4
241 264 4
73 364 4
103 245 4
164 213 4
131 185 4
50 163 4
179 320 4
170 223 4
90 201 4
87 135 4
267 312 4
59 205 4
48 292 4
140 365 4
46 103 4
264 349 4
136 250 4
88 233 4
266 286 4
107 155 4
88 251 4
123 245 4
54 287 4
69 245 4
76 260 4
3 237 4
88 237 4
59 69 4
59 295 4
107 292 4
62 237 4
105 152 4
206 286 4
210 255 4
59 287 4
178 232 4
101 107 4
36 90 4
255 311 4
138 202 4
47 297 4
33 289 4
114 193 4
128 237 4
30 189 4
106 349 4
237 290 4
87 102 4
7 73 4
141 312 4
120 360 4
181 189 4
31 340 4
64 183 4
209 296 4
83 167 4
70 356 4
79 325 4
84 88 4
41 233 4
87 352 4
237 283 4
205 312 4
140 354 4
148 190 4
203 245 4
104 178 4
124 225 4
28 42 4
64 237 4
88 213 4
71 261 4
259 345 4
186 224 4
92 244 4
109 340 4
279 329 4
171 192 4
245 357 4
44 258 4
74 271 4
186 280 4
193 317 4
41 99 4
171 334 4
21 134 4
201 360 4
81 138 4
12 91 4
237 256 4
187 285 4
87 240 4
79 246 4
70 271 4
264 365 4
100 247 4
42 150 4
219 222 4
107 346 4
118 255 4
233 320 4
184 191 4
164 237 4
17 74 4
246 303 4
75 238 4
112 338 4
74 148 4
18 109 4
101 171 4
87 351 4
17 213 4
1 245 4
119 287 4
59 161 4
170 298 4
53 204 4
67 231 4
81 115 4
48 186 4
86 294 4
109 359 4
237 271 4
245 323 4
183 197 4
141 245 4
101 231 4
41 237 4
3 323 4
52 133 4
106 240 4
189 275 4
309 319 4
237 349 4
58 264 4
109 318 4
244 331 4
209 349 4
113 245 4
132 145 4
78 284 4
207 219 4
317 338 4
184 345 4
44 355 4
84 237 4
220 289 4
237 324 4
17 56 4
222 280 4
15 150 4
205 296 4
189 208 4
273 304 4
81 237 4
106 285 4
77 195 4
250 336 4
26 227 4
62 250 4
89 245 4
69 156 4
210 257 4
7 267 4
1 116 4
170 236 4
53 194 4
217 263 4
78 157 4
128 167 4
28 50 4
66 87 4
166 245 4
31 110 4
110 245 4
59 115 4
41 246 4
104 222 4
37 337 4
31 87 4
17 343 4
152 247 4
171 181 4
17 40 4
79 138 4
69 348 4
87 182 4
59 220 4
124 354 4
222 250 4
60 249 4
61 252 4
150 183 4
37 113 4
101 183 4
93 120 4
221 359 4
170 340 4
54 343 4
35 84 4
167 178 4
106 113 4
47 261 4
244 250 4
108 273 4
170 246 4
31 362 4
84 107 4
214 261 4
236 280 4
59 245 4
140 351 4
87 99 4
250 273 4
73 214 4
107 336 4
104 140 4
151 233 4
185 237 4
106 342 4
225 311 4
208 265 4
44 87 4
144 237 4
51 104 4
74 108 4
189 347 4
225 270 4
201 233 4
61 245 4
109 260 4
103 252 4
24 163 4
224 233 4
95 245 4
21 361 4
114 301 4
159 169 4
250 347 4
117 233 4
67 353 4
17 266 4
139 323 4
8 332 4
123 164 4
210 253 4
237 263 4
66 171 4
87 363 4
38 186 4
127 237 4
45 337 4
250 278 4
11 47 4
31 118 4
237 342 4
177 210 4
272 338 4
186 320 4
90 237 4
161 215 4
155 204 4
218 238 4
37 118 4
245 298 4
187 317 4
38 237 4
28 147 4
196 237 4
14 275 4
177 356 4
20 49 4
77 236 4
31 353 4
233 335 4
59 303 4
222 268 4
234 301 4
265 333 4
38 232 4
84 130 4
250 352 4
213 245 4
149 332 4
