1 116 5
1 245 5
2 170 5
3 201 5
3 237 5
3 250 5
4 70 5
4 80 5
4 237 5
6 25 5
6 301 5
6 321 5
7 73 5
7 267 5
8 207 5
8 221 5
8 332 5
9 145 5
9 196 5
9 252 5
11 47 5
11 190 5
11 198 5
12 74 5
15 87 5
15 150 5
16 109 5
17 31 5
17 52 5
17 70 5
17 73 5
17 74 5
17 106 5
17 125 5
17 129 5
17 140 5
17 188 5
17 243 5
19 237 5
19 255 5
19 292 5
20 73 5
21 158 5
21 186 5
21 242 5
22 102 5
22 150 5
22 208 5
22 237 5
22 254 5
23 73 5
23 164 5
24 74 5
24 245 5
24 261 5
25 310 5
26 193 5
26 227 5
26 250 5
27 33 5
27 171 5
27 180 5
28 50 5
28 59 5
28 118 5
28 160 5
29 237 5
29 250 5
29 264 5
29 317 5
30 67 5
31 36 5
31 81 5
31 87 5
31 110 5
31 118 5
31 153 5
31 213 5
31 258 5
31 353 5
31 362 5
32 38 5
32 77 5
32 158 5
32 275 5
32 292 5
32 349 5
33 237 5
33 289 5
34 87 5
35 84 5
35 304 5
36 197 5
36 217 5
37 68 5
37 113 5
37 118 5
37 208 5
37 237 5
38 102 5
38 204 5
38 257 5
39 243 5
39 256 5
40 327 5
41 164 5
41 176 5
41 233 5
41 246 5
41 250 5
42 81 5
42 150 5
42 237 5
42 251 5
43 46 5
43 75 5
43 189 5
43 245 5
44 45 5
44 104 5
44 278 5
44 288 5
44 327 5
44 355 5
45 59 5
45 70 5
45 76 5
45 130 5
45 163 5
45 227 5
45 237 5
46 103 5
46 212 5
47 127 5
47 133 5
47 156 5
47 237 5
47 297 5
47 313 5
48 84 5
48 186 5
48 225 5
49 104 5
50 245 5
51 104 5
51 157 5
51 254 5
52 133 5
52 245 5
53 104 5
53 186 5
53 292 5
54 87 5
54 163 5
54 247 5
55 150 5
56 158 5
57 236 5
57 264 5
58 158 5
58 188 5
58 264 5
59 66 5
59 73 5
59 91 5
59 123 5
59 145 5
59 150 5
59 152 5
59 203 5
59 205 5
59 217 5
59 220 5
59 263 5
59 268 5
60 133 5
60 186 5
60 245 5
60 285 5
61 71 5
61 109 5
61 245 5
62 81 5
62 237 5
62 250 5
63 105 5
63 145 5
63 197 5
64 86 5
64 87 5
64 183 5
64 266 5
67 80 5
67 133 5
67 238 5
67 292 5
67 353 5
69 245 5
69 250 5
70 161 5
70 164 5
70 271 5
70 356 5
71 208 5
71 250 5
71 261 5
71 320 5
73 115 5
73 145 5
73 181 5
73 239 5
73 245 5
73 265 5
73 302 5
73 310 5
74 108 5
74 133 5
74 177 5
74 217 5
75 145 5
75 233 5
75 238 5
75 246 5
75 261 5
76 144 5
76 195 5
76 220 5
76 245 5
76 260 5
76 364 5
77 91 5
77 195 5
77 237 5
77 322 5
78 107 5
78 125 5
78 157 5
78 225 5
78 284 5
79 237 5
79 246 5
79 272 5
79 337 5
80 189 5
80 292 5
81 104 5
81 115 5
81 138 5
81 171 5
81 189 5
81 237 5
83 167 5
83 237 5
84 107 5
84 130 5
84 185 5
84 245 5
84 269 5
85 189 5
86 89 5
86 133 5
86 197 5
87 90 5
87 104 5
87 107 5
87 111 5
87 119 5
87 142 5
87 156 5
87 159 5
87 167 5
87 176 5
87 179 5
87 182 5
87 186 5
87 190 5
87 195 5
87 197 5
87 200 5
87 207 5
87 218 5
87 228 5
87 235 5
87 261 5
87 264 5
87 325 5
87 328 5
87 351 5
87 352 5
87 363 5
88 179 5
88 213 5
88 237 5
88 251 5
88 255 5
88 285 5
89 90 5
89 110 5
89 233 5
89 247 5
90 201 5
91 127 5
91 179 5
91 256 5
91 263 5
91 301 5
91 331 5
92 210 5
93 120 5
93 189 5
93 250 5
93 267 5
94 207 5
96 226 5
96 264 5
98 323 5
100 207 5
100 247 5
101 171 5
101 245 5
102 237 5
103 304 5
104 139 5
104 140 5
104 147 5
104 187 5
104 222 5
104 291 5
104 327 5
105 152 5
105 207 5
105 294 5
106 113 5
106 133 5
106 192 5
106 210 5
106 240 5
106 285 5
106 314 5
106 342 5
107 226 5
107 263 5
107 304 5
108 237 5
108 273 5
109 209 5
109 232 5
109 237 5
109 245 5
109 246 5
109 260 5
109 306 5
109 320 5
109 340 5
109 359 5
110 259 5
112 196 5
112 264 5
112 338 5
113 245 5
113 250 5
114 147 5
114 223 5
116 133 5
116 158 5
116 185 5
116 246 5
116 275 5
118 173 5
120 245 5
120 300 5
120 360 5
122 323 5
123 129 5
123 134 5
123 164 5
123 187 5
123 189 5
123 245 5
124 225 5
124 354 5
125 233 5
125 246 5
127 318 5
128 230 5
128 236 5
128 237 5
129 147 5
129 163 5
131 170 5
131 190 5
131 283 5
132 145 5
133 177 5
133 211 5
134 160 5
134 197 5
135 163 5
136 193 5
136 196 5
136 250 5
136 306 5
136 365 5
138 254 5
138 301 5
139 323 5
139 325 5
140 159 5
140 237 5
140 354 5
140 365 5
141 145 5
141 218 5
141 237 5
141 281 5
141 312 5
144 146 5
144 246 5
145 277 5
146 185 5
147 189 5
147 255 5
147 260 5
147 267 5
147 291 5
148 190 5
150 154 5
150 171 5
150 183 5
150 254 5
150 271 5
151 268 5
152 268 5
154 200 5
155 204 5
156 189 5
156 237 5
157 189 5
157 193 5
157 250 5
158 161 5
158 215 5
158 251 5
158 262 5
158 264 5
159 243 5
159 270 5
160 263 5
161 364 5
162 233 5
163 237 5
163 353 5
164 213 5
164 227 5
164 237 5
164 245 5
164 330 5
166 207 5
166 245 5
166 264 5
166 296 5
167 274 5
168 294 5
170 208 5
170 237 5
170 245 5
170 319 5
170 363 5
171 181 5
171 210 5
171 359 5
172 246 5
173 208 5
173 209 5
173 210 5
174 233 5
174 265 5
174 284 5
174 299 5
174 307 5
175 207 5
175 221 5
175 255 5
177 210 5
178 292 5
179 258 5
179 274 5
180 236 5
180 245 5
183 197 5
183 245 5
183 286 5
184 191 5
184 203 5
184 225 5
184 237 5
184 274 5
185 237 5
185 245 5
185 263 5
186 194 5
186 253 5
186 280 5
186 320 5
186 330 5
186 360 5
189 201 5
189 213 5
189 245 5
189 284 5
189 286 5
189 309 5
189 313 5
189 323 5
189 332 5
189 347 5
189 354 5
192 211 5
192 220 5
193 206 5
193 246 5
193 317 5
194 245 5
194 255 5
195 247 5
195 337 5
196 207 5
196 225 5
196 233 5
196 237 5
201 210 5
201 219 5
201 360 5
202 237 5
202 238 5
203 245 5
204 237 5
205 244 5
205 245 5
205 262 5
205 296 5
206 327 5
206 328 5
207 245 5
207 315 5
207 317 5
209 245 5
210 255 5
210 257 5
210 270 5
213 245 5
214 261 5
215 326 5
216 245 5
217 263 5
218 238 5
219 222 5
219 225 5
220 250 5
220 289 5
220 340 5
221 237 5
222 237 5
222 268 5
223 245 5
223 275 5
224 233 5
224 265 5
224 307 5
225 245 5
225 250 5
225 311 5
226 232 5
226 246 5
226 315 5
226 324 5
227 353 5
228 244 5
230 241 5
232 247 5
232 330 5
233 237 5
233 245 5
233 277 5
233 278 5
233 316 5
233 317 5
233 320 5
234 301 5
237 242 5
237 252 5
237 254 5
237 257 5
237 261 5
237 263 5
237 264 5
237 267 5
237 270 5
237 286 5
237 290 5
237 317 5
238 245 5
241 290 5
244 250 5
244 262 5
244 296 5
244 331 5
244 332 5
245 253 5
245 273 5
245 275 5
245 276 5
245 283 5
245 291 5
245 295 5
245 312 5
245 322 5
246 272 5
246 284 5
246 303 5
246 306 5
246 312 5
246 322 5
248 316 5
249 261 5
250 259 5
250 265 5
250 268 5
250 273 5
250 278 5
250 283 5
250 333 5
250 336 5
250 347 5
250 352 5
252 355 5
255 311 5
255 357 5
261 300 5
261 331 5
264 338 5
264 365 5
266 292 5
266 341 5
272 292 5
272 304 5
272 338 5
273 326 5
294 324 5
298 330 5
309 346 5
310 362 5
323 338 5
342 349 5
107 372 5
55 302 5
81 353 5
270 281 5
17 19 5
262 285 5
42 202 5
141 302 5
47 68 5
83 120 5
131 309 5
164 198 5
3 87 5
251 385 5
292 381 5
123 270 5
161 245 5
217 233 5
84 210 5
27 273 5
31 388 5
75 91 5
32 214 5
17 199 5
71 353 5
99 233 5
70 239 5
237 269 5
124 391 5
81 136 5
14 237 5
216 292 5
170 212 5
285 321 5
152 237 5
118 313 5
116 233 5
108 245 5
62 91 5
191 320 5
47 87 5
116 392 5
59 74 5
27 169 5
245 351 5
237 326 5
17 384 5
126 296 5
118 187 5
105 340 5
87 289 5
35 135 5
168 237 5
268 290 5
3 189 5
155 244 5
254 368 5
106 150 5
75 213 5
41 187 5
155 297 5
93 245 5
40 186 5
183 342 5
37 153 5
113 126 5
145 264 5
17 98 5
168 200 5
78 399 5
59 347 5
158 383 5
68 246 5
170 313 5
292 390 5
43 238 5
8 43 5
146 184 5
237 375 5
237 384 5
262 273 5
281 338 5
129 245 5
237 365 5
157 165 5
59 313 5
31 332 5
26 69 5
104 237 5
24 237 5
177 226 5
105 194 5
233 270 5
61 252 5
77 87 5
87 106 5
128 129 5
114 262 5
128 262 5
332 335 5
163 184 5
41 228 5
127 292 5
87 163 5
158 180 5
66 245 5
73 185 5
170 320 5
87 118 5
207 331 5
76 91 5
179 315 5
315 373 5
20 177 5
21 289 5
114 245 5
82 245 5
118 230 5
25 74 5
66 87 5
76 278 5
52 237 5
113 400 5
297 370 5
105 300 5
73 365 5
180 237 5
245 370 5
53 244 5
52 236 5
153 166 5
99 186 5
174 209 5
29 384 5
14 245 5
77 376 5
250 376 5
291 373 5
107 204 5
73 173 5
189 237 5
323 331 5
131 211 5
94 211 5
242 321 5
246 377 5
29 144 5
28 214 5
54 166 5
65 91 5
84 222 5
80 379 5
70 221 5
84 385 5
262 359 5
117 186 5
17 254 5
130 341 5
104 146 5
83 280 5
250 395 5
178 189 5
61 162 5
245 270 5
28 231 5
54 135 5
21 106 5
96 252 5
32 291 5
186 288 5
302 363 5
138 383 5
278 340 5
110 152 5
43 134 5
87 273 5
231 291 5
152 230 5
206 324 5
189 390 5
107 378 5
66 337 5
104 245 5
106 345 5
122 223 5
236 283 5
201 237 5
158 362 5
36 106 5
84 333 5
158 179 5
167 189 5
94 254 5
351 371 5
165 245 5
245 359 5
133 274 5
57 209 5
104 153 5
273 398 5
149 166 5
27 351 5
153 159 5
22 189 5
250 320 5
153 203 5
104 226 5
148 245 5
136 208 5
17 88 5
87 274 5
174 310 5
74 87 5
25 189 5
131 292 5
126 213 5
83 340 5
27 189 5
226 398 5
183 324 5
94 164 5
68 401 5
237 289 5
59 283 5
145 360 5
128 247 5
73 350 5
49 87 5
230 289 5
106 341 5
75 109 5
338 372 5
76 106 5
11 186 5
232 237 5
103 186 5
54 116 5
124 362 5
174 353 5
85 109 5
303 313 5
228 306 5
91 129 5
141 187 5
237 313 5
136 383 5
285 306 5
46 363 5
87 170 5
95 164 5
211 237 5
233 362 5
213 300 5
29 179 5
71 376 5
48 65 5
150 194 5
158 222 5
21 183 5
80 301 5
166 202 5
4 11 5
263 377 5
145 169 5
35 163 5
165 237 5
12 106 5
146 189 5
124 356 5
87 320 5
26 151 5
22 70 5
274 394 5
181 245 5
87 346 5
3 22 5
71 73 5
199 207 5
57 87 5
169 245 5
237 245 5
246 367 5
36 336 5
262 277 5
121 365 5
203 216 5
25 338 5
277 319 5
2 153 5
187 236 5
60 233 5
108 213 5
156 245 5
106 288 5
128 245 5
31 342 5
134 329 5
245 357 5
74 246 5
37 87 5
10 87 5
245 309 5
53 199 5
28 274 5
81 399 5
43 287 5
289 342 5
245 341 5
240 245 5
233 360 5
78 184 5
162 237 5
33 50 5
25 174 5
120 234 5
70 358 5
203 308 5
245 378 5
246 335 5
107 225 5
190 237 5
57 245 5
25 200 5
87 298 5
87 236 5
35 347 5
209 237 5
21 388 5
62 127 5
9 17 5
153 361 5
232 339 5
19 87 5
33 186 5
159 237 5
56 204 5
73 351 5
107 339 5
45 250 5
87 390 5
80 105 5
152 361 5
66 140 5
4 331 5
91 347 5
131 264 5
104 110 5
228 270 5
82 196 5
105 237 5
152 308 5
237 396 5
3 310 5
251 391 5
112 164 5
104 261 5
65 166 5
8 264 5
118 158 5
43 363 5
72 158 5
106 364 5
8 245 5
26 217 5
168 189 5
10 128 5
272 318 5
179 317 5
159 245 5
17 334 5
245 344 5
17 307 5
203 278 5
87 96 5
158 171 5
133 149 5
348 388 5
105 161 5
315 393 5
73 84 5
53 233 5
19 342 5
147 216 5
101 246 5
339 369 5
217 313 5
68 87 5
213 283 5
283 310 5
117 246 5
75 111 5
42 328 5
100 349 5
164 272 5
245 337 5
75 389 5
20 183 5
84 214 5
53 253 5
21 237 5
224 347 5
245 311 5
70 124 5
287 313 5
205 250 5
220 394 5
100 340 5
126 342 5
42 383 5
44 203 5
148 246 5
133 382 5
189 262 5
267 285 5
65 189 5
237 315 5
107 363 5
87 252 5
140 355 5
115 205 5
46 391 5
183 192 5
141 225 5
134 237 5
211 264 5
8 122 5
254 276 5
250 355 5
21 40 5
71 92 5
9 176 5
40 208 5
76 366 5
293 363 5
210 374 5
37 47 5
3 14 5
125 309 5
73 136 5
142 245 5
172 189 5
91 132 5
87 375 5
246 353 5
35 238 5
192 249 5
272 379 5
32 213 5
189 303 5
102 322 5
245 380 5
104 156 5
58 255 5
246 334 5
207 387 5
252 263 5
237 300 5
197 233 5
143 318 5
260 380 5
140 278 5
245 319 5
27 205 5
236 252 5
64 164 5
189 190 5
182 342 5
100 215 5
233 363 5
9 263 5
262 397 5
72 200 5
53 255 5
197 317 5
105 235 5
59 310 5
176 287 5
111 297 5
216 225 5
225 295 5
25 292 5
141 245 5
43 90 5
72 245 5
167 341 5
49 164 5
21 156 5
254 382 5
88 171 5
231 261 5
207 385 5
87 184 5
174 369 5
234 245 5
67 350 5
160 197 5
3 154 5
87 337 5
233 249 5
295 333 5
144 382 5
56 254 5
104 119 5
84 226 5
91 101 5
104 328 5
73 394 5
23 104 5
125 189 5
215 244 5
207 322 5
167 351 5
11 46 5
1 238 5
245 385 5
104 125 5
164 206 5
264 400 5
106 358 5
360 392 5
222 243 5
53 339 5
28 222 5
87 364 5
122 274 5
118 342 5
73 259 5
152 247 5
106 254 5
341 372 5
1 133 5
96 211 5
27 375 5
107 352 5
87 191 5
313 314 5
183 357 5
167 353 5
56 107 5
191 308 5
150 292 5
52 307 5
87 158 5
76 214 5
148 353 5
16 87 5
54 348 5
71 274 5
122 245 5
305 342 5
17 354 5
256 297 5
250 302 5
133 365 5
236 381 5
213 250 5
242 375 5
146 215 5
204 401 5
81 87 5
129 375 5
4 391 5
120 219 5
118 378 5
203 342 5
248 302 5
15 19 5
286 313 5
6 245 5
129 327 5
146 232 5
268 391 5
233 263 5
37 157 5
245 300 5
7 310 5
91 308 5
74 387 5
245 304 5
14 296 5
81 394 5
51 166 5
9 301 5
39 263 5
29 379 5
183 344 5
65 237 5
59 196 5
293 398 5
18 203 5
108 324 5
107 228 5
106 249 5
135 250 5
30 362 5
138 152 5
3 225 5
59 216 5
66 189 5
182 204 5
87 392 5
28 96 5
46 118 5
131 286 5
74 220 5
122 233 5
35 124 5
32 356 5
174 373 5
46 390 5
22 233 5
233 322 5
255 349 5
237 309 5
128 206 5
162 196 5
333 345 5
80 268 5
131 271 5
209 287 5
114 118 5
230 359 5
245 254 5
250 325 5
313 345 5
146 245 5
91 253 5
130 164 5
17 260 5
244 388 5
139 161 5
141 207 5
189 365 5
3 135 5
47 233 5
206 352 5
17 291 5
227 271 5
87 124 5
123 257 5
57 252 5
164 358 5
113 264 5
207 240 5
27 133 5
43 372 5
230 279 5
87 89 5
236 315 5
104 178 5
59 92 5
217 312 5
59 108 5
135 200 5
54 173 5
165 178 5
237 376 5
98 180 5
36 227 5
28 241 5
228 358 5
198 375 5
59 219 5
173 237 5
73 214 5
150 401 5
31 318 5
87 301 5
166 288 5
24 238 5
206 250 5
113 334 5
25 119 5
6 285 5
236 305 5
6 152 5
86 248 5
238 371 5
201 372 5
164 225 5
71 396 5
103 189 5
55 233 5
170 267 5
193 389 5
233 309 5
115 245 5
233 345 5
180 226 5
233 334 5
59 63 5
261 342 5
147 352 5
34 183 5
29 342 5
24 195 5
164 250 5
90 263 5
133 241 5
77 245 5
17 46 5
201 245 5
113 394 5
11 142 5
33 87 5
71 78 5
213 393 5
21 64 5
233 301 5
164 280 5
164 379 5
245 262 5
201 300 5
14 158 5
214 237 5
106 188 5
38 250 5
186 303 5
106 311 5
87 318 5
106 287 5
166 324 5
114 201 5
45 57 5
100 196 5
2 207 5
39 237 5
196 352 5
50 252 5
245 255 5
245 249 5
308 317 5
19 261 5
360 398 5
165 248 5
301 377 5
163 208 5
270 389 5
137 319 5
45 245 5
110 387 5
147 295 5
65 329 5
186 370 5
360 378 5
130 252 5
83 278 5
70 211 5
59 224 5
23 31 5
84 338 5
29 318 5
64 165 5
245 272 5
246 254 5
7 163 5
67 87 5
91 187 5
178 245 5
55 70 5
105 205 5
104 205 5
227 263 5
82 190 5
181 272 5
295 361 5
9 221 5
66 261 5
143 233 5
336 384 5
87 339 5
4 87 5
17 370 5
21 73 5
27 265 5
96 242 5
137 225 5
164 193 5
10 136 5
91 245 5
375 396 5
237 246 5
87 255 5
68 189 5
15 59 5
158 355 5
122 320 5
149 310 5
7 64 5
46 269 5
263 323 5
18 106 5
66 111 5
143 245 5
319 386 5
109 236 5
28 232 5
171 213 5
71 104 5
363 389 5
135 237 5
236 285 5
153 255 5
17 275 5
28 115 5
148 174 5
304 342 5
136 225 5
82 174 5
308 357 5
16 104 5
23 87 5
123 143 5
102 340 5
105 199 5
7 233 5
33 189 5
347 354 5
32 295 5
87 99 5
71 295 5
199 390 5
61 346 5
145 339 5
60 87 5
225 231 5
48 261 5
264 304 5
325 363 5
124 265 5
250 313 5
150 376 5
189 216 5
42 205 5
291 336 5
83 187 5
221 228 5
44 384 5
174 257 5
237 277 5
199 237 5
316 342 5
87 94 5
126 229 5
95 231 5
245 256 5
106 226 5
226 290 5
207 286 5
124 237 5
244 319 5
193 233 5
186 383 5
9 367 5
113 214 5
79 87 5
167 261 5
39 274 5
285 330 5
250 371 5
232 289 5
31 340 5
106 340 5
171 363 5
64 360 5
154 274 5
11 197 5
159 167 5
87 113 5
73 189 5
87 116 5
134 356 5
229 233 5
28 250 5
59 148 5
76 361 5
124 395 5
52 59 5
32 140 5
237 340 5
25 73 5
245 374 5
254 270 5
194 340 5
11 315 5
7 184 5
4 339 5
170 215 5
59 138 5
60 100 5
20 91 5
2 250 5
139 145 5
149 255 5
81 300 5
16 237 5
272 351 5
161 171 5
57 84 5
124 389 5
52 150 5
46 256 5
46 51 5
215 293 5
87 331 5
151 245 5
87 157 5
239 247 5
237 363 5
223 254 5
360 390 5
87 266 5
15 171 5
245 259 5
237 244 5
91 200 5
81 228 5
26 106 5
71 173 5
42 134 5
59 147 5
47 199 5
78 161 5
65 275 5
50 70 5
28 328 5
38 134 5
107 322 5
170 301 5
196 333 5
203 237 5
261 278 5
133 334 5
31 312 5
29 109 5
137 246 5
186 312 5
87 194 5
19 313 5
166 274 5
151 213 5
87 394 5
14 289 5
106 195 5
158 243 5
22 251 5
285 351 5
170 255 5
165 262 5
322 400 5
48 301 5
167 237 5
183 396 5
129 148 5
