313 373 5
244 313 5
121 244 5
46 121 5
267 319 5
72 121 5
121 267 5
121 317 5
267 297 5
151 267 5
121 299 5
121 310 5
121 175 5
46 313 5
52 121 5
161 310 5
121 239 5
235 319 5
29 313 5
268 313 5
43 268 5
71 310 5
121 261 5
313 317 5
41 267 5
28 313 5
121 191 5
267 371 5
108 313 5
159 244 5
268 360 5
347 371 5
121 207 5
31 121 5
108 247 5
29 371 5
171 267 5
5 247 5
122 267 5
267 291 5
267 344 5
297 377 5
25 207 5
64 267 5
125 247 5
291 350 5
256 267 5
207 361 5
121 292 5
121 139 5
171 313 5
121 305 5
259 371 5
267 353 5
121 278 5
69 267 5
310 369 5
78 313 5
121 348 5
52 338 5
268 323 5
76 371 5
121 161 5
142 207 5
193 313 5
93 267 5
338 342 5
121 398 5
62 268 5
43 236 5
299 311 5
66 121 5
188 377 5
52 247 5
102 121 5
350 378 5
121 160 5
207 283 5
211 292 5
244 338 5
6 121 5
290 310 5
141 268 5
47 141 5
267 347 5
207 401 5
122 231 5
313 320 5
149 310 5
122 222 5
205 317 5
168 244 5
133 268 5
313 378 5
121 384 5
117 121 5
121 334 5
239 291 5
6 267 5
22 142 5
350 394 5
132 161 5
101 207 5
365 378 5
162 283 5
114 121 5
219 268 5
338 339 5
121 230 5
266 317 5
336 361 5
296 313 5
121 320 5
268 303 5
6 359 5
162 344 5
93 105 5
145 378 5
81 247 5
74 121 5
38 122 5
278 338 5
72 389 5
210 317 5
16 247 5
177 365 5
92 121 5
52 313 5
121 246 5
247 308 5
268 337 5
259 313 5
121 203 5
121 319 5
114 234 5
89 161 5
78 317 5
260 267 5
41 310 5
121 279 5
277 377 5
347 398 5
342 399 5
207 228 5
52 184 5
126 347 5
32 41 5
202 377 5
53 389 5
313 382 5
174 231 5
101 234 5
26 121 5
121 324 5
251 313 5
196 347 5
338 397 5
46 344 5
43 377 5
134 228 5
160 291 5
360 390 5
105 293 5
7 267 5
127 313 5
121 125 5
247 256 5
61 267 5
260 341 5
168 313 5
24 378 5
291 398 5
121 258 5
101 129 5
121 369 5
126 308 5
11 310 5
146 247 5
121 122 5
10 121 5
97 168 5
73 283 5
324 369 5
89 106 5
342 373 5
6 182 5
28 141 5
228 285 5
169 313 5
43 124 5
77 160 5
121 135 5
69 148 5
4 210 5
53 82 5
119 267 5
313 355 5
79 267 5
294 371 5
116 121 5
121 383 5
310 381 5
161 322 5
122 335 5
38 161 5
360 392 5
168 307 5
127 225 5
121 180 5
98 121 5
278 283 5
121 274 5
40 134 5
40 267 5
140 313 5
4 176 5
81 121 5
201 267 5
161 359 5
121 132 5
185 324 5
121 140 5
132 224 5
46 119 5
50 365 5
48 267 5
69 121 5
247 393 5
8 371 5
73 121 5
118 121 5
67 176 5
18 338 5
53 339 5
299 310 5
304 365 5
23 121 5
267 278 5
61 125 5
282 310 5
52 264 5
121 172 5
43 352 5
92 267 5
201 398 5
182 278 5
4 267 5
263 313 5
121 206 5
18 85 5
313 319 5
43 182 5
160 226 5
121 188 5
70 105 5
121 302 5
121 234 5
53 283 5
80 168 5
132 153 5
177 247 5
117 142 5
313 390 5
17 313 5
6 302 5
244 267 5
310 333 5
336 358 5
56 182 5
121 318 5
274 353 5
386 398 5
35 267 5
310 375 5
125 345 5
182 246 5
349 371 5
117 315 5
143 234 5
80 371 5
310 397 5
121 327 5
121 225 5
214 292 5
121 373 5
247 258 5
94 398 5
122 273 5
22 140 5
122 367 5
310 394 5
36 313 5
75 373 5
129 355 5
255 267 5
278 364 5
129 267 5
121 249 5
224 347 5
161 221 5
267 360 5
207 236 5
125 259 5
53 254 5
162 324 5
108 177 5
19 105 5
121 333 5
236 284 5
267 314 5
81 122 5
60 260 5
122 323 5
36 119 5
44 358 5
11 377 5
67 310 5
121 386 5
8 168 5
121 213 5
61 341 5
348 360 5
118 338 5
38 282 5
256 313 5
233 267 5
41 398 5
41 121 5
121 397 5
121 396 5
4 209 5
145 203 5
278 345 5
115 121 5
121 216 5
278 320 5
48 283 5
121 183 5
176 197 5
169 310 5
121 167 5
101 176 5
144 338 5
101 264 5
121 323 5
122 270 5
299 397 5
183 371 5
92 401 5
6 233 5
121 359 5
122 246 5
220 267 5
70 228 5
76 377 5
121 280 5
87 259 5
226 247 5
36 48 5
101 271 5
81 267 5
144 259 5
94 313 5
42 267 5
158 310 5
11 57 5
117 392 5
40 121 5
121 374 5
114 371 5
188 236 5
238 319 5
176 396 5
168 343 5
40 310 5
121 311 5
128 398 5
323 358 5
107 373 5
267 398 5
137 161 5
101 102 5
121 365 5
260 280 5
47 244 5
40 95 5
65 401 5
77 260 5
101 121 5
273 398 5
121 286 5
276 333 5
121 297 5
49 177 5
206 373 5
122 135 5
93 220 5
169 268 5
112 121 5
166 291 5
146 342 5
71 168 5
205 377 5
11 321 5
122 312 5
247 335 5
114 295 5
168 215 5
233 338 5
303 310 5
94 118 5
57 228 5
77 244 5
313 349 5
91 114 5
281 394 5
377 383 5
5 34 5
137 141 5
183 313 5
212 267 5
121 143 5
332 378 5
122 213 5
31 347 5
268 326 5
178 244 5
6 333 5
317 367 5
333 376 5
122 300 5
208 226 5
174 233 5
239 264 5
38 313 5
42 308 5
305 313 5
195 349 5
165 168 5
234 399 5
311 333 5
201 354 5
93 122 5
148 377 5
45 377 5
25 121 5
53 134 5
69 389 5
116 129 5
122 291 5
289 317 5
255 313 5
79 201 5
122 182 5
300 310 5
151 313 5
37 151 5
207 216 5
150 203 5
121 252 5
358 387 5
100 278 5
268 270 5
163 347 5
240 358 5
89 268 5
123 148 5
168 365 5
233 242 5
74 278 5
192 247 5
91 121 5
232 313 5
185 319 5
89 121 5
121 293 5
238 244 5
247 400 5
11 121 5
121 262 5
44 396 5
6 277 5
313 340 5
6 284 5
121 248 5
110 244 5
170 292 5
160 388 5
102 224 5
121 194 5
13 167 5
122 168 5
121 149 5
121 363 5
121 289 5
40 66 5
310 386 5
247 382 5
267 333 5
57 293 5
1 254 5
169 331 5
70 313 5
47 153 5
53 70 5
106 268 5
245 268 5
122 372 5
359 365 5
119 143 5
116 317 5
27 313 5
28 265 5
203 265 5
153 319 5
133 168 5
278 392 5
241 321 5
226 241 5
291 328 5
293 365 5
140 318 5
121 342 5
119 246 5
121 204 5
286 310 5
6 296 5
57 89 5
125 205 5
46 131 5
88 121 5
36 121 5
108 291 5
6 265 5
58 121 5
43 198 5
45 386 5
121 313 5
161 204 5
3 160 5
151 234 5
49 267 5
121 355 5
121 379 5
28 53 5
55 347 5
54 282 5
25 160 5
267 273 5
282 353 5
299 393 5
121 192 5
214 267 5
35 301 5
313 328 5
266 267 5
90 313 5
110 334 5
77 397 5
17 293 5
102 341 5
20 319 5
186 338 5
251 320 5
328 373 5
303 311 5
10 311 5
160 378 5
19 43 5
76 268 5
121 235 5
291 401 5
242 247 5
117 247 5
4 381 5
150 383 5
121 340 5
211 268 5
121 257 5
118 355 5
2 310 5
139 352 5
247 301 5
267 355 5
86 377 5
301 313 5
112 264 5
116 247 5
52 204 5
273 363 5
213 268 5
267 283 5
47 121 5
121 222 5
105 351 5
19 371 5
280 377 5
236 400 5
13 296 5
379 398 5
94 121 5
44 374 5
177 355 5
4 121 5
278 344 5
87 247 5
118 172 5
207 313 5
258 313 5
48 244 5
99 256 5
52 267 5
89 293 5
82 344 5
57 114 5
126 247 5
53 381 5
41 110 5
231 267 5
11 267 5
26 319 5
247 313 5
161 262 5
254 313 5
85 121 5
142 267 5
70 168 5
145 281 5
121 201 5
38 121 5
172 311 5
119 249 5
249 267 5
10 344 5
161 337 5
6 34 5
60 228 5
145 160 5
246 331 5
52 278 5
167 329 5
58 114 5
82 121 5
6 366 5
72 256 5
160 310 5
111 267 5
108 162 5
48 254 5
129 310 5
48 328 5
134 239 5
121 220 5
228 266 5
89 246 5
54 79 5
121 371 5
75 356 5
267 286 5
11 122 5
53 105 5
32 168 5
160 261 5
81 114 5
121 328 5
15 161 5
100 359 5
125 324 5
214 310 5
185 355 5
119 123 5
14 297 5
83 233 5
7 397 5
246 286 5
206 267 5
211 236 5
5 30 5
121 168 5
6 259 5
121 154 5
247 266 5
255 328 5
232 236 5
68 121 5
134 332 5
224 293 5
207 226 5
205 373 5
74 162 5
95 371 5
60 283 5
121 136 5
38 231 5
49 121 5
251 267 5
154 267 5
182 220 5
47 60 5
1 291 5
111 172 5
94 310 5
145 278 5
203 360 5
334 369 5
62 400 5
122 302 5
35 286 5
134 207 5
166 313 5
186 313 5
142 211 5
191 268 5
89 156 5
20 291 5
87 223 5
128 135 5
85 398 5
160 365 5
5 231 5
18 313 5
81 285 5
56 227 5
262 288 5
274 313 5
123 267 5
121 186 5
168 304 5
121 338 5
91 313 5
167 310 5
174 307 5
117 323 5
66 280 5
64 89 5
14 121 5
41 349 5
12 121 5
122 385 5
119 365 5
94 373 5
47 309 5
121 123 5
121 337 5
110 290 5
142 347 5
32 233 5
94 187 5
121 361 5
72 252 5
54 163 5
178 182 5
7 207 5
134 267 5
325 371 5
24 122 5
16 349 5
27 207 5
88 310 5
9 121 5
60 233 5
177 312 5
149 350 5
263 280 5
20 278 5
78 346 5
102 318 5
243 267 5
121 271 5
186 233 5
191 259 5
160 207 5
64 122 5
121 335 5
75 194 5
164 247 5
121 240 5
188 313 5
4 115 5
9 135 5
313 334 5
296 340 5
161 355 5
207 312 5
186 385 5
143 347 5
121 391 5
149 247 5
114 198 5
96 121 5
27 122 5
31 283 5
361 371 5
177 358 5
35 121 5
207 384 5
150 267 5
121 339 5
273 350 5
68 75 5
67 365 5
121 181 5
18 268 5
297 319 5
257 277 5
233 315 5
128 244 5
121 251 5
122 338 5
121 380 5
169 243 5
80 369 5
110 222 5
170 386 5
345 377 5
104 254 5
121 368 5
246 343 5
145 267 5
121 232 5
4 262 5
164 299 5
8 268 5
267 330 5
215 247 5
58 395 5
30 247 5
170 303 5
2 371 5
104 161 5
122 148 5
92 159 5
107 310 5
304 377 5
125 221 5
125 401 5
34 161 5
347 355 5
121 331 5
325 350 5
41 87 5
180 283 5
121 325 5
19 313 5
244 310 5
66 369 5
268 320 5
195 291 5
267 349 5
241 313 5
121 228 5
342 354 5
125 227 5
152 386 5
267 392 5
136 313 5
113 118 5
122 225 5
79 229 5
110 386 5
29 161 5
226 284 5
122 289 5
121 283 5
160 280 5
203 302 5
117 130 5
13 247 5
284 355 5
125 248 5
298 337 5
268 359 5
213 397 5
284 313 5
26 286 5
121 211 5
135 247 5
125 353 5
121 212 5
12 27 5
160 263 5
207 264 5
272 317 5
16 121 5
168 268 5
394 397 5
306 333 5
121 133 5
122 150 5
121 215 5
133 176 5
2 104 5
18 101 5
134 357 5
207 358 5
40 138 5
85 232 5
121 304 5
21 313 5
121 268 5
121 165 5
3 121 5
112 310 5
252 360 5
135 357 5
310 372 5
87 121 5
40 84 5
21 180 5
270 371 5
121 126 5
22 277 5
320 343 5
15 160 5
134 243 5
105 267 5
121 303 5
114 391 5
44 267 5
15 108 5
185 338 5
161 190 5
46 234 5
109 286 5
40 400 5
113 340 5
133 207 5
40 91 5
30 121 5
121 301 5
142 346 5
72 137 5
244 326 5
122 216 5
82 105 5
94 253 5
40 85 5
92 347 5
121 173 5
113 267 5
116 350 5
236 268 5
193 283 5
107 121 5
2 121 5
77 310 5
80 278 5
378 393 5
107 371 5
43 397 5
121 209 5
64 300 5
219 325 5
102 313 5
121 238 5
308 394 5
126 278 5
211 352 5
11 367 5
216 239 5
210 375 5
92 263 5
121 353 5
172 228 5
197 352 5
90 308 5
51 334 5
8 161 5
313 350 5
121 151 5
230 240 5
136 161 5
122 261 5
52 87 5
257 313 5
52 336 5
122 128 5
28 95 5
267 381 5
278 305 5
122 344 5
255 377 5
121 362 5
53 310 5
207 328 5
27 121 5
72 310 5
148 362 5
106 121 5
101 117 5
130 317 5
53 259 5
145 192 5
289 371 5
137 256 5
88 211 5
218 313 5
98 259 5
10 379 5
131 264 5
94 371 5
329 365 5
18 84 5
128 171 5
149 152 5
10 319 5
122 224 5
121 176 5
67 304 5
117 390 5
179 213 5
121 288 5
65 101 5
359 385 5
39 246 5
42 89 5
380 386 5
4 20 5
57 391 5
231 397 5
263 306 5
161 295 5
313 326 5
155 244 5
319 340 5
32 319 5
61 340 5
64 168 5
104 267 5
96 101 5
180 192 5
4 12 5
121 322 5
55 260 5
80 131 5
307 338 5
93 309 5
94 244 5
227 386 5
168 255 5
34 121 5
313 345 5
92 343 5
265 268 5
40 67 5
121 345 5
133 285 5
125 396 5
136 285 5
192 268 5
179 267 5
121 357 5
313 361 5
180 232 5
217 319 5
310 356 5
30 236 5
270 310 5
154 167 5
190 293 5
48 121 5
259 317 5
161 325 5
350 355 5
201 344 5
207 211 5
104 155 5
121 295 5
121 253 5
7 121 5
119 353 5
121 242 5
231 357 5
16 168 5
127 198 5
122 317 5
69 155 5
133 323 5
60 119 5
201 247 5
121 260 5
160 300 5
1 313 5
181 264 5
291 306 5
61 121 5
286 313 5
99 215 5
310 349 5
15 121 5
111 121 5
121 144 5
261 357 5
121 231 5
247 390 5
121 128 5
267 324 5
310 344 5
391 396 5
13 334 5
17 268 5
126 310 5
310 320 5
192 346 5
176 308 5
128 318 5
330 386 5
323 372 5
121 245 5
54 121 5
247 296 5
61 127 5
97 121 5
183 303 5
2 353 5
222 334 5
100 160 5
242 268 5
81 134 5
247 385 5
38 153 5
105 344 5
209 267 5
121 141 5
159 355 5
299 364 5
250 313 5
129 313 5
52 88 5
174 384 5
372 398 5
121 156 5
51 101 5
177 360 5
197 361 5
190 343 5
286 336 5
268 395 5
46 347 5
12 215 5
122 211 5
249 300 5
122 251 5
33 137 5
306 378 5
160 293 5
210 245 5
121 269 5
121 254 5
268 293 5
162 186 5
147 222 5
5 251 5
60 128 5
209 259 5
246 309 5
56 347 5
108 262 5
79 347 5
121 184 5
53 330 5
60 247 5
313 387 5
117 255 5
58 202 5
192 316 5
234 245 5
121 185 5
89 386 5
57 313 5
135 384 5
90 291 5
177 196 5
291 305 5
167 386 5
114 316 5
263 378 5
58 373 5
151 397 5
121 223 5
267 321 5
55 105 5
2 186 5
121 224 5
184 283 5
6 352 5
121 124 5
306 367 5
113 360 5
40 195 5
180 322 5
181 299 5
34 54 5
262 313 5
245 344 5
50 313 5
82 114 5
267 294 5
312 350 5
101 235 5
167 262 5
159 239 5
232 316 5
87 371 5
121 336 5
161 399 5
138 207 5
2 385 5
131 133 5
228 310 5
221 230 5
50 384 5
135 207 5
116 288 5
57 93 5
33 239 5
293 295 5
27 304 5
114 152 5
92 220 5
258 368 5
125 231 5
5 239 5
152 397 5
313 371 5
140 285 5
313 379 5
58 391 5
18 232 5
28 310 5
310 390 5
6 156 5
268 314 5
27 372 5
254 267 5
122 227 5
158 267 5
158 363 5
134 361 5
134 210 5
122 321 5
158 285 5
40 92 5
360 386 5
218 390 5
66 243 5
121 147 5
14 137 5
244 247 5
92 273 5
153 246 5
293 367 5
10 310 5
66 285 5
93 339 5
75 115 5
73 381 5
2 28 5
6 274 5
121 155 5
6 373 5
35 355 5
121 308 5
232 332 5
263 293 5
16 338 5
121 344 5
191 331 5
101 242 5
176 362 5
11 300 5
61 315 5
279 398 5
36 94 5
377 388 5
18 282 5
186 310 5
250 262 5
246 310 5
121 401 5
54 290 5
6 205 5
267 364 5
221 287 5
191 350 5
38 246 5
100 222 5
229 377 5
121 171 5
44 319 5
247 278 5
111 291 5
100 291 5
42 209 5
257 291 5
135 365 5
44 364 5
313 374 5
51 375 5
102 268 5
199 377 5
179 357 5
123 216 5
113 233 5
42 290 5
150 378 5
80 174 5
107 313 5
333 371 5
270 381 5
24 334 5
63 121 5
121 387 5
12 80 5
90 121 5
195 268 5
172 174 5
99 114 5
94 287 5
313 348 5
55 121 5
206 347 5
121 138 5
122 142 5
62 245 5
268 351 5
213 309 5
219 244 5
150 313 5
231 351 5
210 284 5
245 338 5
267 389 5
104 299 5
28 190 5
87 308 5
107 383 5
194 267 5
256 352 5
241 268 5
160 174 5
253 267 5
90 168 5
46 299 5
141 349 5
75 121 5
34 100 5
90 161 5
36 267 5
313 356 5
268 300 5
141 163 5
349 381 5
234 267 5
121 210 5
59 326 5
64 121 5
180 267 5
121 153 5
125 238 5
168 280 5
248 310 5
124 377 5
114 169 5
92 189 5
8 310 5
46 213 5
246 338 5
207 210 5
226 310 5
128 267 5
160 355 5
38 299 5
230 247 5
209 331 5
278 323 5
267 361 5
47 160 5
10 42 5
41 344 5
22 327 5
95 228 5
121 360 5
67 121 5
114 276 5
92 95 5
97 155 5
313 381 5
1 267 5
79 121 5
29 333 5
252 255 5
67 256 5
25 89 5
110 349 5
42 277 5
44 121 5
10 313 5
335 344 5
12 132 5
121 296 5
14 18 5
71 220 5
91 285 5
100 371 5
311 344 5
43 394 5
193 233 5
54 252 5
148 236 5
9 291 5
1 340 5
375 401 5
30 234 5
83 121 5
91 315 5
53 126 5
20 232 5
162 338 5
137 282 5
267 385 5
310 401 5
104 205 5
127 201 5
184 313 5
114 267 5
55 236 5
63 245 5
122 370 5
116 154 5
89 184 5
69 109 5
91 304 5
159 381 5
147 313 5
80 267 5
313 398 5
311 390 5
56 313 5
33 52 5
121 127 5
19 121 5
147 214 5
330 343 5
108 297 5
6 316 5
31 165 5
221 279 5
177 342 5
169 293 5
121 300 5
103 122 5
65 365 5
58 306 5
232 310 5
233 346 5
32 161 5
132 397 5
267 378 5
122 137 5
115 247 5
164 267 5
302 336 5
121 221 5
121 314 5
79 278 5
295 313 5
64 205 5
92 210 5
2 322 5
176 202 5
200 355 5
94 123 5
156 310 5
91 365 5
50 121 5
96 114 5
42 313 5
199 310 5
103 262 5
160 275 5
121 309 5
136 338 5
43 303 5
310 400 5
94 319 5
100 199 5
168 364 5
168 351 5
33 201 5
87 375 5
57 121 5
134 313 5
8 372 5
213 333 5
169 324 5
93 310 5
103 111 5
267 272 5
245 315 5
89 208 5
264 393 5
163 333 5
43 110 5
44 236 5
26 261 5
38 280 5
85 317 5
35 278 5
20 396 5
70 129 5
235 313 5
66 218 5
87 310 5
114 157 5
245 306 5
121 341 5
161 244 5
168 296 5
211 265 5
246 267 5
130 304 5
122 315 5
18 386 5
39 89 5
137 368 5
249 355 5
271 277 5
121 375 5
121 243 5
247 251 5
121 321 5
104 338 5
207 232 5
162 233 5
6 388 5
92 194 5
47 284 5
140 398 5
279 304 5
101 169 5
134 393 5
43 292 5
29 339 5
81 109 5
201 314 5
301 390 5
70 118 5
319 395 5
244 254 5
298 310 5
313 368 5
28 90 5
183 401 5
261 267 5
128 222 5
121 372 5
207 374 5
97 114 5
255 358 5
168 377 5
121 182 5
248 342 5
61 122 5
80 364 5
61 91 5
147 176 5
103 121 5
124 338 5
160 254 5
359 362 5
56 60 5
116 162 5
148 317 5
155 278 5
76 121 5
96 313 5
239 247 5
73 196 5
155 310 5
120 211 5
295 377 5
174 393 5
74 268 5
46 155 5
92 381 5
97 125 5
282 327 5
222 254 5
64 82 5
2 312 5
270 398 5
125 136 5
267 399 5
227 293 5
207 247 5
138 313 5
267 270 5
73 313 5
317 376 5
366 377 5
276 279 5
26 104 5
11 268 5
246 278 5
6 154 5
233 371 5
241 393 5
