120 126 1
4 32 1
120 203 1
97 120 1
4 207 1
27 32 1
97 107 1
27 175 1
27 74 1
27 246 1
4 82 1
7 246 1
4 182 1
94 175 1
182 227 1
8 27 1
39 182 1
227 242 1
27 101 1
33 120 1
7 72 1
27 78 1
33 264 1
182 243 1
4 78 1
27 87 1
82 126 1
16 27 1
119 175 1
7 106 1
4 142 1
7 93 1
97 130 1
107 175 1
11 227 1
82 232 1
5 27 1
94 191 1
182 267 1
97 253 1
94 147 1
27 139 1
16 235 1
4 73 1
126 261 1
32 200 1
207 241 1
162 175 1
66 94 1
182 257 1
32 103 1
97 229 1
97 171 1
27 202 1
46 93 1
7 84 1
72 235 1
4 9 1
120 147 1
27 148 1
101 113 1
126 235 1
120 189 1
4 193 1
27 90 1
42 203 1
119 209 1
27 199 1
25 182 1
107 229 1
27 259 1
25 56 1
96 189 1
72 91 1
60 97 1
97 131 1
27 240 1
245 261 1
119 126 1
4 234 1
24 27 1
20 97 1
27 45 1
101 131 1
32 39 1
110 131 1
121 253 1
4 138 1
163 199 1
56 260 1
128 203 1
27 196 1
196 246 1
232 235 1
49 94 1
66 202 1
32 175 1
225 245 1
11 161 1
27 76 1
71 199 1
27 43 1
82 228 1
27 133 1
120 180 1
183 228 1
27 72 1
101 264 1
110 126 1
136 182 1
46 97 1
126 143 1
88 203 1
123 203 1
4 275 1
54 91 1
198 242 1
27 243 1
74 120 1
145 182 1
86 203 1
170 232 1
82 142 1
27 274 1
7 102 1
232 259 1
27 123 1
43 94 1
16 260 1
27 30 1
46 275 1
154 234 1
136 137 1
27 249 1
27 146 1
25 212 1
130 203 1
175 248 1
7 136 1
60 116 1
4 168 1
137 237 1
81 133 1
27 145 1
27 126 1
27 57 1
27 226 1
97 211 1
27 29 1
42 243 1
63 88 1
236 264 1
4 129 1
46 154 1
48 146 1
27 256 1
4 173 1
9 27 1
24 262 1
78 157 1
146 220 1
7 33 1
94 232 1
8 61 1
14 264 1
20 101 1
16 254 1
4 128 1
222 236 1
17 236 1
27 190 1
57 175 1
139 202 1
203 231 1
4 57 1
138 175 1
4 233 1
14 165 1
27 245 1
137 210 1
132 243 1
47 168 1
175 228 1
136 164 1
182 264 1
143 260 1
27 38 1
60 257 1
27 56 1
27 137 1
97 255 1
110 165 1
137 242 1
4 215 1
26 137 1
236 271 1
4 61 1
61 218 1
4 241 1
99 236 1
91 137 1
29 74 1
97 270 1
27 242 1
21 32 1
106 137 1
27 69 1
4 66 1
109 198 1
25 180 1
27 255 1
92 173 1
4 180 1
175 212 1
4 112 1
182 230 1
137 220 1
36 248 1
163 229 1
7 127 1
27 36 1
101 220 1
33 77 1
9 199 1
76 243 1
136 193 1
67 138 1
54 259 1
27 209 1
126 142 1
63 189 1
41 101 1
27 50 1
55 97 1
27 169 1
27 222 1
10 259 1
106 242 1
10 114 1
27 221 1
260 266 1
120 270 1
209 233 1
61 230 1
173 222 1
13 126 1
65 242 1
50 97 1
49 50 1
176 227 1
27 182 1
99 221 1
133 175 1
34 97 1
7 124 1
60 121 1
4 24 1
66 96 1
56 207 1
32 101 1
16 127 1
48 57 1
12 175 1
27 41 1
12 143 1
46 84 1
129 207 1
24 265 1
4 101 1
27 252 1
59 120 1
182 186 1
27 68 1
41 137 1
105 254 1
27 93 1
87 175 1
50 134 1
4 242 1
21 35 1
259 260 1
52 203 1
97 218 1
166 175 1
142 241 1
76 182 1
27 111 1
107 138 1
175 203 1
46 272 1
43 229 1
27 51 1
74 193 1
35 120 1
23 126 1
2 222 1
74 101 1
125 198 1
27 82 1
89 189 1
120 237 1
2 188 1
7 266 1
27 124 1
27 262 1
29 243 1
27 224 1
60 127 1
44 94 1
86 240 1
3 27 1
27 275 1
4 122 1
8 245 1
166 264 1
19 36 1
16 168 1
37 257 1
91 176 1
143 203 1
27 141 1
26 120 1
128 272 1
27 239 1
27 100 1
4 143 1
14 46 1
136 166 1
171 269 1
27 233 1
66 134 1
91 95 1
27 53 1
9 217 1
34 224 1
54 175 1
4 195 1
4 100 1
4 48 1
182 207 1
27 172 1
27 153 1
165 254 1
55 71 1
48 265 1
81 248 1
45 76 1
120 265 1
9 64 1
112 182 1
32 269 1
25 120 1
123 175 1
48 52 1
4 199 1
243 247 1
7 260 1
180 194 1
27 91 1
4 204 1
182 238 1
247 253 1
27 264 1
112 242 1
49 127 1
86 155 1
52 232 1
120 202 1
24 103 1
17 219 1
53 77 1
136 264 1
4 172 1
32 244 1
211 257 1
52 126 1
63 120 1
32 259 1
4 266 1
18 196 1
81 272 1
199 263 1
182 270 1
52 242 1
4 81 1
46 270 1
9 133 1
7 45 1
124 182 1
16 49 1
8 132 1
95 260 1
86 122 1
141 260 1
175 238 1
27 204 1
27 250 1
182 229 1
27 225 1
27 121 1
66 244 1
97 155 1
126 252 1
127 147 1
158 249 1
170 225 1
151 219 1
27 272 1
27 58 1
27 171 1
27 55 1
32 195 1
155 241 1
215 235 1
115 126 1
44 46 1
110 124 1
34 110 1
55 203 1
138 194 1
104 264 1
9 97 1
27 132 1
136 240 1
56 196 1
156 182 1
27 109 1
42 158 1
47 82 1
199 242 1
184 253 1
85 259 1
27 268 1
120 198 1
96 195 1
27 266 1
11 175 1
4 92 1
3 139 1
50 215 1
124 175 1
218 232 1
92 254 1
53 200 1
127 266 1
163 200 1
27 210 1
4 222 1
163 257 1
15 199 1
162 163 1
222 243 1
27 238 1
80 87 1
224 257 1
196 232 1
126 244 1
4 27 1
131 224 1
16 62 1
76 165 1
27 59 1
38 175 1
199 205 1
8 175 1
21 222 1
27 102 1
91 181 1
9 48 1
137 140 1
84 199 1
68 203 1
14 50 1
97 254 1
189 202 1
31 72 1
26 207 1
210 254 1
38 94 1
182 197 1
53 240 1
27 193 1
5 266 1
56 271 1
48 114 1
188 259 1
87 222 1
27 44 1
27 161 1
32 152 1
27 131 1
20 27 1
203 253 1
202 249 1
152 244 1
48 68 1
23 55 1
27 223 1
1 154 1
9 32 1
83 235 1
29 227 1
137 244 1
182 189 1
57 144 1
90 130 1
86 87 1
74 208 1
27 66 1
182 198 1
4 35 1
67 168 1
48 124 1
27 86 1
1 175 1
4 17 1
27 135 1
136 204 1
222 246 1
109 207 1
206 224 1
120 211 1
15 242 1
114 247 1
136 261 1
131 167 1
4 136 1
199 234 1
68 76 1
120 264 1
82 119 1
173 175 1
78 124 1
58 203 1
20 40 1
242 263 1
27 115 1
236 272 1
4 174 1
182 247 1
183 222 1
51 236 1
72 247 1
38 182 1
27 151 1
50 258 1
94 196 1
4 238 1
6 175 1
95 182 1
47 203 1
32 74 1
27 120 1
27 205 1
7 188 1
9 114 1
76 236 1
68 138 1
76 94 1
170 175 1
145 196 1
161 260 1
63 175 1
195 253 1
2 47 1
72 79 1
4 260 1
171 177 1
4 88 1
28 55 1
233 268 1
74 155 1
82 229 1
8 83 1
6 27 1
63 146 1
182 273 1
126 264 1
235 266 1
58 120 1
13 171 1
4 53 1
97 200 1
49 193 1
27 138 1
196 209 1
4 5 1
4 218 1
64 236 1
227 237 1
180 266 1
127 225 1
177 236 1
16 172 1
160 182 1
93 94 1
27 33 1
32 110 1
203 248 1
111 218 1
27 208 1
66 138 1
30 67 1
42 207 1
119 182 1
42 141 1
152 240 1
30 199 1
203 257 1
33 134 1
56 244 1
13 248 1
137 180 1
134 196 1
63 203 1
9 211 1
33 260 1
4 26 1
66 181 1
27 157 1
58 186 1
61 242 1
111 120 1
61 85 1
47 266 1
27 165 1
4 231 1
79 225 1
126 161 1
4 223 1
8 170 1
27 198 1
4 72 1
3 127 1
63 245 1
48 214 1
83 175 1
4 127 1
32 94 1
20 63 1
125 244 1
63 246 1
45 49 1
188 271 1
175 221 1
37 72 1
130 170 1
56 91 1
124 192 1
120 205 1
87 209 1
9 143 1
209 255 1
131 190 1
33 54 1
197 218 1
27 116 1
46 59 1
153 203 1
32 176 1
4 41 1
7 174 1
7 67 1
126 188 1
3 185 1
203 225 1
2 235 1
81 194 1
27 52 1
203 230 1
55 198 1
137 207 1
9 200 1
4 205 1
116 240 1
172 193 1
158 243 1
43 135 1
9 50 1
32 102 1
52 197 1
140 242 1
126 149 1
165 233 1
131 265 1
33 183 1
9 209 1
27 150 1
51 101 1
8 29 1
15 48 1
182 272 1
27 167 1
9 239 1
227 244 1
152 232 1
191 198 1
75 81 1
27 162 1
201 266 1
33 34 1
16 248 1
9 52 1
73 94 1
4 109 1
87 194 1
27 125 1
47 88 1
143 251 1
9 184 1
71 124 1
72 82 1
70 120 1
52 162 1
32 82 1
137 265 1
51 168 1
243 275 1
27 110 1
54 211 1
59 159 1
98 268 1
54 116 1
174 182 1
64 209 1
27 206 1
1 27 1
153 168 1
152 242 1
87 177 1
36 175 1
246 259 1
120 218 1
27 104 1
182 254 1
27 269 1
120 141 1
27 158 1
27 128 1
16 182 1
27 77 1
107 135 1
15 97 1
202 262 1
65 126 1
7 27 1
97 222 1
101 153 1
4 107 1
134 153 1
119 191 1
7 43 1
238 245 1
27 254 1
37 230 1
119 149 1
