1 3 2
1 4 2
1 129 2
1 274 2
1 275 2
1 299 2
1 300 2
1 301 2
1 302 2
2 3 2
2 4 2
2 5 2
2 96 2
2 116 2
2 274 2
2 275 2
2 290 2
2 300 2
2 301 2
3 60 2
3 84 2
3 86 2
3 128 2
3 275 2
3 286 2
3 302 2
4 5 2
4 201 2
4 293 2
4 302 2
5 8 2
5 9 2
5 130 2
5 133 2
5 160 2
5 172 2
5 216 2
6 8 2
6 9 2
6 10 2
6 108 2
6 159 2
7 8 2
7 10 2
7 210 2
7 212 2
8 9 2
8 11 2
8 12 2
8 67 2
8 109 2
9 11 2
9 99 2
9 148 2
10 11 2
10 13 2
10 199 2
11 13 2
11 14 2
11 15 2
11 16 2
12 14 2
12 16 2
12 272 2
13 14 2
13 15 2
13 19 2
13 21 2
13 134 2
13 203 2
14 15 2
14 16 2
14 43 2
14 182 2
15 17 2
15 196 2
15 272 2
15 296 2
16 17 2
16 64 2
16 98 2
16 199 2
16 238 2
17 18 2
17 19 2
17 20 2
17 21 2
17 112 2
17 223 2
17 272 2
18 19 2
18 20 2
18 71 2
19 22 2
19 220 2
19 224 2
20 21 2
20 24 2
20 231 2
20 292 2
21 23 2
21 158 2
22 23 2
22 25 2
22 149 2
22 229 2
23 24 2
23 85 2
24 25 2
24 28 2
24 32 2
24 205 2
24 224 2
24 269 2
24 270 2
25 27 2
25 28 2
25 103 2
26 27 2
26 28 2
26 122 2
26 176 2
27 109 2
27 172 2
28 31 2
28 56 2
28 179 2
29 30 2
29 32 2
29 66 2
29 249 2
30 31 2
30 32 2
30 33 2
30 34 2
30 261 2
30 288 2
31 34 2
31 35 2
31 180 2
32 34 2
32 35 2
32 46 2
32 100 2
32 161 2
32 178 2
33 34 2
33 37 2
33 125 2
33 225 2
34 36 2
34 37 2
34 145 2
34 154 2
34 160 2
35 36 2
35 37 2
35 38 2
35 39 2
36 38 2
36 39 2
36 184 2
37 38 2
37 39 2
37 40 2
37 148 2
38 39 2
38 40 2
38 42 2
38 158 2
39 41 2
39 42 2
39 89 2
39 127 2
39 242 2
40 41 2
40 42 2
40 43 2
40 136 2
41 42 2
41 43 2
41 44 2
41 285 2
42 43 2
42 45 2
42 210 2
42 280 2
43 46 2
43 60 2
43 62 2
43 197 2
44 45 2
44 47 2
44 81 2
44 106 2
45 83 2
45 199 2
46 48 2
46 49 2
46 187 2
47 48 2
47 49 2
47 50 2
48 49 2
48 50 2
49 50 2
49 51 2
49 52 2
49 61 2
50 51 2
50 52 2
50 124 2
50 166 2
50 194 2
51 52 2
51 53 2
51 54 2
51 55 2
51 58 2
51 174 2
52 53 2
52 54 2
52 55 2
53 54 2
53 55 2
53 56 2
53 109 2
54 55 2
54 56 2
54 57 2
54 99 2
55 57 2
55 190 2
56 57 2
56 58 2
56 79 2
56 152 2
57 58 2
57 59 2
57 84 2
57 206 2
57 240 2
57 243 2
58 60 2
59 60 2
59 132 2
59 158 2
59 234 2
59 267 2
60 63 2
60 68 2
60 170 2
61 63 2
61 232 2
62 63 2
62 115 2
63 64 2
63 65 2
63 67 2
63 103 2
64 66 2
64 67 2
64 123 2
64 149 2
65 66 2
65 67 2
65 69 2
65 87 2
66 67 2
66 90 2
66 225 2
67 68 2
67 72 2
67 87 2
67 96 2
67 107 2
67 139 2
67 179 2
68 69 2
68 71 2
68 72 2
68 241 2
69 70 2
69 72 2
69 189 2
69 194 2
69 200 2
69 234 2
70 71 2
70 72 2
70 73 2
70 172 2
71 73 2
71 187 2
71 238 2
72 73 2
72 74 2
72 163 2
72 236 2
73 74 2
73 75 2
73 76 2
73 77 2
73 204 2
74 75 2
74 101 2
74 115 2
74 204 2
75 77 2
75 240 2
76 77 2
76 78 2
76 79 2
76 80 2
77 79 2
77 80 2
77 272 2
78 80 2
78 81 2
78 184 2
78 288 2
79 80 2
79 81 2
79 83 2
79 272 2
80 81 2
80 82 2
80 83 2
80 121 2
81 82 2
81 275 2
82 83 2
82 84 2
82 85 2
83 85 2
83 86 2
83 125 2
84 85 2
84 264 2
85 87 2
85 88 2
85 140 2
85 260 2
86 88 2
86 89 2
86 196 2
86 252 2
87 88 2
87 90 2
87 171 2
88 90 2
88 92 2
88 121 2
88 141 2
88 202 2
89 90 2
89 290 2
90 93 2
90 101 2
90 199 2
91 92 2
91 264 2
92 111 2
92 225 2
93 94 2
93 95 2
93 97 2
94 95 2
94 97 2
94 213 2
95 96 2
95 97 2
95 98 2
95 202 2
95 208 2
96 97 2
96 98 2
96 100 2
96 179 2
97 98 2
97 99 2
97 100 2
97 101 2
98 100 2
98 139 2
98 214 2
99 101 2
99 102 2
99 210 2
99 215 2
100 103 2
101 102 2
101 104 2
101 105 2
101 124 2
101 222 2
102 103 2
102 104 2
102 105 2
103 105 2
103 163 2
103 265 2
104 105 2
104 106 2
104 107 2
104 250 2
105 106 2
105 108 2
105 216 2
106 107 2
106 108 2
106 109 2
106 213 2
107 108 2
107 109 2
107 110 2
107 247 2
108 109 2
108 119 2
108 191 2
109 110 2
109 114 2
109 205 2
110 111 2
110 112 2
110 113 2
110 114 2
111 112 2
111 113 2
111 114 2
112 113 2
112 115 2
113 114 2
113 115 2
113 150 2
114 116 2
114 135 2
115 116 2
115 117 2
115 288 2
116 117 2
116 118 2
116 119 2
116 156 2
117 118 2
117 120 2
117 213 2
117 216 2
117 267 2
118 121 2
118 220 2
119 122 2
119 170 2
119 179 2
120 122 2
120 123 2
121 123 2
121 196 2
121 251 2
122 123 2
122 124 2
122 219 2
123 124 2
123 125 2
123 127 2
123 229 2
124 161 2
124 184 2
124 255 2
125 234 2
126 127 2
126 129 2
126 138 2
127 128 2
127 129 2
127 130 2
127 257 2
128 130 2
128 131 2
129 130 2
129 294 2
130 131 2
130 209 2
130 217 2
131 133 2
131 134 2
131 168 2
132 134 2
132 239 2
133 134 2
134 136 2
134 137 2
134 200 2
135 136 2
135 138 2
136 138 2
136 140 2
136 224 2
137 139 2
137 140 2
137 194 2
138 139 2
138 140 2
139 140 2
139 141 2
139 208 2
139 233 2
139 296 2
140 141 2
140 144 2
140 186 2
140 285 2
141 142 2
141 143 2
141 144 2
142 143 2
142 144 2
142 145 2
143 144 2
143 145 2
143 146 2
144 145 2
144 146 2
145 146 2
145 147 2
145 148 2
146 147 2
146 148 2
146 149 2
146 197 2
147 148 2
147 149 2
147 260 2
148 149 2
148 152 2
148 198 2
148 216 2
149 261 2
150 151 2
150 153 2
150 244 2
151 153 2
151 154 2
151 251 2
152 153 2
152 156 2
153 155 2
153 157 2
153 211 2
154 155 2
155 156 2
155 157 2
155 158 2
156 159 2
156 223 2
156 266 2
156 285 2
157 158 2
157 159 2
157 161 2
157 228 2
158 159 2
158 161 2
159 161 2
159 162 2
160 162 2
160 163 2
161 170 2
161 205 2
162 163 2
162 164 2
162 165 2
162 166 2
163 165 2
163 189 2
163 244 2
164 166 2
164 198 2
164 267 2
165 166 2
165 167 2
165 168 2
166 167 2
166 168 2
167 168 2
167 169 2
167 170 2
168 169 2
168 170 2
168 172 2
168 265 2
169 170 2
169 172 2
169 242 2
169 246 2
170 171 2
170 173 2
170 179 2
171 172 2
171 173 2
171 174 2
171 175 2
172 175 2
172 176 2
173 174 2
173 175 2
173 176 2
174 175 2
174 176 2
175 176 2
175 177 2
176 177 2
176 178 2
176 184 2
177 178 2
177 179 2
177 275 2
177 293 2
178 179 2
178 182 2
178 212 2
179 181 2
179 182 2
179 253 2
180 182 2
180 184 2
180 192 2
181 182 2
181 183 2
181 184 2
182 239 2
182 255 2
183 184 2
183 185 2
183 186 2
184 185 2
184 187 2
185 186 2
185 187 2
185 188 2
186 187 2
186 189 2
187 188 2
187 191 2
187 193 2
188 189 2
188 190 2
188 191 2
188 192 2
189 190 2
189 192 2
189 193 2
190 191 2
190 192 2
191 193 2
192 193 2
192 194 2
193 194 2
193 196 2
193 197 2
194 195 2
194 197 2
195 196 2
195 197 2
195 258 2
195 283 2
196 197 2
197 199 2
197 200 2
198 200 2
198 201 2
198 244 2
199 200 2
199 201 2
199 202 2
199 208 2
200 203 2
201 202 2
201 204 2
202 204 2
203 204 2
203 206 2
203 276 2
203 285 2
204 205 2
204 206 2
204 211 2
205 206 2
205 207 2
205 208 2
205 254 2
206 207 2
206 208 2
207 208 2
207 209 2
207 210 2
208 209 2
209 211 2
209 212 2
209 224 2
209 251 2
210 211 2
210 212 2
211 213 2
212 214 2
213 216 2
214 243 2
214 257 2
215 216 2
215 219 2
216 218 2
216 260 2
217 218 2
217 219 2
217 222 2
218 219 2
218 220 2
219 220 2
219 223 2
220 221 2
220 222 2
220 223 2
220 224 2
221 222 2
221 224 2
221 225 2
221 227 2
221 278 2
222 224 2
223 224 2
223 225 2
223 228 2
224 225 2
225 226 2
225 228 2
226 227 2
226 228 2
227 228 2
227 229 2
227 230 2
228 229 2
229 231 2
229 232 2
230 231 2
230 233 2
230 266 2
231 232 2
231 233 2
231 234 2
232 233 2
232 234 2
234 236 2
234 296 2
235 236 2
235 237 2
235 238 2
236 237 2
236 238 2
237 239 2
237 258 2
238 239 2
238 240 2
238 241 2
239 240 2
239 241 2
239 242 2
239 271 2
240 241 2
240 242 2
240 243 2
241 242 2
241 243 2
242 243 2
242 245 2
242 262 2
243 244 2
243 245 2
243 246 2
243 247 2
244 245 2
245 246 2
246 247 2
246 249 2
247 249 2
248 249 2
248 250 2
248 295 2
249 250 2
249 251 2
250 251 2
250 252 2
251 252 2
251 253 2
252 253 2
252 255 2
253 254 2
254 255 2
254 257 2
254 258 2
255 256 2
255 259 2
256 257 2
256 258 2
256 259 2
257 259 2
258 260 2
258 261 2
259 260 2
259 261 2
260 261 2
260 262 2
260 263 2
260 276 2
261 262 2
261 263 2
261 264 2
262 263 2
262 264 2
262 265 2
262 266 2
263 264 2
263 265 2
263 266 2
264 265 2
264 266 2
264 289 2
265 267 2
265 268 2
266 267 2
266 269 2
268 270 2
268 271 2
268 272 2
269 272 2
271 273 2
271 279 2
272 273 2
273 274 2
273 276 2
273 284 2
274 275 2
274 276 2
274 277 2
275 276 2
275 278 2
276 277 2
276 279 2
277 278 2
277 279 2
277 280 2
278 279 2
278 281 2
279 280 2
279 282 2
280 282 2
280 283 2
280 284 2
281 282 2
281 283 2
281 284 2
281 285 2
282 283 2
282 284 2
282 285 2
283 284 2
283 285 2
283 286 2
284 285 2
284 286 2
284 287 2
285 288 2
286 287 2
286 288 2
286 289 2
287 288 2
287 289 2
287 290 2
288 291 2
289 290 2
289 291 2
289 292 2
290 291 2
290 292 2
290 293 2
291 292 2
291 293 2
291 294 2
292 293 2
292 294 2
292 295 2
293 294 2
293 295 2
293 296 2
294 295 2
294 296 2
294 297 2
295 297 2
295 298 2
296 298 2
296 299 2
297 298 2
297 299 2
297 300 2
298 299 2
298 300 2
298 301 2
299 300 2
299 301 2
299 302 2
300 301 2
300 302 2
301 302 2
