150 174 1
121 150 1
54 121 1
79 150 1
130 150 1
14 121 1
150 151 1
150 236 1
150 247 1
9 79 1
39 151 1
35 79 1
49 151 1
115 150 1
14 68 1
74 150 1
150 240 1
115 174 1
68 154 1
35 207 1
50 150 1
47 121 1
197 240 1
189 207 1
42 151 1
35 180 1
121 179 1
68 119 1
29 150 1
35 67 1
6 39 1
79 111 1
43 151 1
102 130 1
29 256 1
115 146 1
179 208 1
79 80 1
150 220 1
102 108 1
25 39 1
208 274 1
121 202 1
119 249 1
150 201 1
150 243 1
115 121 1
54 177 1
150 273 1
47 81 1
49 235 1
151 263 1
121 274 1
115 274 1
133 150 1
43 188 1
121 260 1
68 127 1
133 271 1
151 208 1
11 220 1
23 68 1
59 151 1
201 256 1
121 268 1
140 220 1
150 156 1
139 207 1
82 102 1
76 151 1
121 183 1
121 127 1
87 121 1
160 208 1
102 198 1
52 150 1
84 115 1
161 177 1
28 151 1
59 208 1
80 208 1
178 268 1
39 243 1
150 192 1
95 256 1
150 179 1
16 207 1
35 182 1
93 256 1
138 208 1
60 115 1
69 268 1
5 68 1
99 150 1
131 150 1
169 197 1
112 121 1
66 150 1
53 121 1
80 198 1
115 219 1
40 197 1
79 136 1
252 268 1
46 268 1
35 248 1
185 240 1
82 150 1
75 198 1
1 235 1
49 104 1
122 240 1
262 268 1
57 87 1
121 122 1
150 258 1
50 54 1
35 233 1
19 220 1
115 143 1
169 256 1
57 199 1
153 183 1
39 200 1
150 254 1
33 150 1
115 225 1
34 80 1
133 210 1
150 257 1
43 207 1
112 263 1
115 163 1
65 150 1
115 221 1
110 112 1
14 248 1
91 143 1
57 105 1
61 102 1
53 207 1
80 97 1
98 183 1
115 201 1
5 97 1
4 79 1
79 114 1
65 209 1
8 25 1
58 127 1
117 197 1
140 226 1
68 100 1
12 207 1
51 150 1
24 256 1
56 98 1
14 23 1
27 76 1
40 159 1
102 103 1
97 169 1
37 208 1
176 256 1
76 207 1
35 190 1
40 121 1
167 226 1
97 256 1
42 129 1
68 271 1
150 242 1
97 134 1
102 236 1
43 272 1
126 151 1
19 150 1
49 192 1
2 98 1
133 164 1
117 150 1
150 274 1
109 151 1
37 115 1
102 224 1
75 243 1
20 104 1
165 190 1
14 139 1
67 115 1
15 133 1
58 256 1
115 194 1
51 106 1
15 208 1
35 60 1
1 190 1
80 246 1
29 42 1
120 240 1
121 272 1
69 208 1
32 150 1
68 260 1
35 86 1
111 150 1
150 223 1
127 140 1
127 150 1
49 174 1
140 186 1
150 246 1
57 107 1
141 151 1
81 102 1
118 240 1
3 150 1
187 207 1
32 151 1
81 214 1
53 181 1
5 49 1
78 99 1
24 68 1
51 95 1
35 247 1
151 158 1
64 102 1
32 201 1
207 216 1
29 100 1
97 167 1
5 202 1
132 209 1
101 150 1
102 189 1
158 207 1
90 243 1
150 264 1
39 102 1
150 161 1
142 263 1
141 263 1
80 116 1
120 150 1
84 177 1
79 99 1
13 84 1
61 221 1
150 175 1
68 130 1
64 104 1
62 150 1
26 35 1
56 193 1
150 211 1
102 184 1
86 115 1
60 208 1
43 150 1
156 220 1
32 207 1
115 222 1
35 256 1
49 52 1
136 180 1
181 208 1
49 240 1
56 196 1
115 272 1
150 226 1
27 115 1
61 262 1
57 66 1
140 150 1
38 76 1
208 268 1
121 222 1
68 181 1
94 119 1
58 208 1
82 191 1
119 199 1
115 211 1
67 200 1
68 103 1
69 222 1
242 256 1
71 79 1
50 51 1
183 228 1
18 268 1
115 123 1
150 182 1
56 221 1
23 52 1
88 256 1
96 240 1
69 79 1
53 183 1
51 209 1
116 150 1
44 150 1
150 173 1
68 248 1
111 205 1
126 141 1
155 198 1
39 49 1
134 151 1
56 79 1
29 238 1
53 163 1
19 168 1
206 263 1
52 109 1
150 260 1
51 93 1
150 262 1
29 39 1
6 79 1
216 240 1
23 79 1
116 121 1
35 221 1
32 241 1
121 151 1
110 222 1
1 29 1
11 150 1
111 141 1
8 150 1
25 170 1
80 249 1
35 242 1
207 242 1
99 179 1
235 241 1
108 150 1
29 89 1
64 149 1
26 226 1
150 270 1
89 121 1
4 150 1
248 253 1
104 138 1
51 229 1
24 100 1
109 268 1
13 150 1
106 127 1
220 243 1
182 196 1
150 241 1
244 268 1
94 240 1
50 268 1
97 208 1
23 54 1
209 247 1
35 229 1
182 213 1
150 215 1
95 151 1
67 132 1
55 158 1
139 223 1
255 256 1
5 264 1
147 209 1
14 39 1
29 144 1
25 150 1
190 247 1
29 125 1
29 211 1
23 240 1
51 134 1
50 273 1
150 159 1
100 207 1
150 152 1
80 121 1
139 183 1
84 102 1
205 220 1
147 150 1
19 208 1
151 242 1
207 246 1
43 180 1
87 153 1
86 150 1
126 229 1
144 150 1
139 168 1
88 243 1
39 161 1
12 150 1
115 124 1
49 257 1
84 245 1
150 244 1
58 79 1
58 202 1
6 150 1
151 200 1
186 202 1
132 150 1
151 193 1
151 180 1
151 228 1
5 205 1
33 263 1
45 139 1
132 167 1
107 151 1
91 115 1
14 150 1
68 245 1
256 274 1
158 167 1
150 166 1
150 251 1
102 104 1
87 150 1
29 139 1
134 240 1
30 39 1
35 136 1
209 252 1
53 150 1
183 259 1
6 7 1
150 210 1
54 128 1
3 115 1
154 226 1
44 76 1
136 158 1
29 124 1
229 266 1
144 210 1
5 268 1
61 206 1
19 62 1
37 126 1
124 150 1
149 150 1
200 263 1
109 229 1
39 55 1
36 115 1
29 110 1
150 209 1
132 231 1
76 118 1
88 244 1
121 234 1
192 209 1
35 44 1
47 80 1
80 180 1
80 172 1
162 248 1
179 222 1
236 271 1
16 108 1
150 213 1
106 138 1
150 183 1
132 217 1
64 209 1
202 256 1
8 202 1
102 125 1
30 115 1
115 122 1
140 167 1
16 150 1
80 206 1
115 245 1
178 242 1
51 192 1
139 208 1
132 274 1
100 150 1
74 207 1
217 256 1
150 255 1
190 273 1
169 263 1
268 269 1
31 180 1
170 183 1
150 167 1
112 181 1
94 268 1
88 205 1
12 181 1
22 207 1
86 151 1
39 140 1
55 99 1
3 151 1
64 161 1
14 164 1
63 202 1
29 231 1
5 13 1
121 211 1
12 256 1
152 268 1
150 205 1
100 171 1
135 151 1
150 268 1
45 102 1
202 246 1
124 266 1
93 208 1
170 207 1
60 256 1
113 150 1
55 115 1
111 179 1
121 240 1
175 256 1
102 262 1
115 138 1
68 82 1
103 223 1
52 249 1
51 258 1
85 256 1
150 195 1
55 68 1
91 140 1
25 209 1
78 177 1
28 256 1
68 97 1
102 136 1
61 121 1
103 207 1
6 81 1
33 96 1
35 70 1
72 274 1
5 150 1
143 150 1
150 170 1
108 222 1
68 142 1
126 242 1
122 150 1
5 128 1
148 190 1
102 174 1
5 48 1
19 28 1
97 161 1
112 150 1
121 161 1
41 150 1
133 200 1
80 102 1
49 231 1
3 160 1
151 219 1
158 248 1
76 143 1
23 199 1
128 150 1
24 95 1
23 248 1
97 268 1
58 68 1
97 151 1
100 242 1
150 233 1
68 123 1
76 80 1
39 106 1
62 102 1
35 100 1
208 273 1
143 155 1
179 230 1
111 252 1
169 187 1
251 256 1
49 160 1
78 150 1
12 13 1
121 154 1
117 132 1
224 258 1
121 208 1
211 241 1
232 274 1
54 164 1
68 173 1
68 212 1
229 231 1
81 173 1
38 127 1
88 159 1
85 150 1
41 115 1
150 245 1
105 125 1
22 138 1
122 227 1
29 161 1
21 150 1
112 222 1
3 132 1
150 261 1
151 191 1
79 176 1
74 79 1
68 266 1
2 121 1
60 150 1
51 53 1
111 271 1
19 30 1
150 214 1
12 79 1
82 235 1
23 227 1
40 146 1
79 221 1
140 237 1
60 195 1
49 171 1
201 230 1
43 268 1
179 194 1
104 208 1
73 200 1
109 156 1
7 144 1
11 193 1
117 268 1
23 119 1
49 57 1
64 68 1
25 65 1
110 209 1
65 104 1
74 102 1
49 82 1
35 183 1
69 239 1
151 257 1
18 80 1
115 187 1
151 215 1
75 270 1
49 155 1
56 192 1
162 244 1
151 275 1
148 220 1
190 235 1
38 256 1
26 81 1
195 228 1
144 242 1
92 150 1
101 178 1
172 197 1
86 232 1
23 268 1
161 206 1
30 86 1
29 126 1
106 273 1
151 206 1
88 160 1
19 102 1
139 226 1
115 232 1
79 213 1
86 261 1
1 126 1
69 274 1
13 215 1
70 148 1
74 106 1
10 81 1
25 51 1
64 182 1
80 243 1
134 219 1
93 248 1
49 119 1
122 151 1
126 145 1
1 240 1
145 274 1
3 261 1
5 246 1
46 57 1
52 151 1
113 248 1
33 35 1
48 197 1
67 151 1
102 122 1
76 249 1
66 207 1
18 143 1
99 143 1
16 271 1
78 110 1
190 268 1
8 115 1
33 56 1
90 99 1
150 194 1
175 208 1
121 176 1
128 151 1
80 175 1
24 236 1
150 228 1
150 219 1
104 150 1
58 195 1
135 202 1
240 262 1
5 107 1
121 251 1
29 64 1
5 167 1
49 118 1
115 131 1
150 158 1
74 179 1
150 275 1
150 266 1
106 150 1
177 209 1
49 209 1
156 227 1
121 192 1
136 141 1
55 211 1
73 230 1
56 113 1
145 248 1
5 11 1
