123 133 5
133 327 5
123 229 5
365 366 5
123 196 5
133 172 5
79 196 5
71 123 5
74 123 5
206 327 5
123 352 5
54 366 5
123 260 5
25 352 5
66 196 5
25 31 5
123 160 5
47 79 5
139 196 5
123 301 5
196 327 5
171 196 5
196 329 5
123 157 5
21 123 5
58 162 5
98 123 5
180 196 5
11 157 5
129 260 5
98 356 5
66 374 5
53 123 5
123 131 5
123 177 5
44 329 5
71 244 5
100 123 5
157 320 5
123 378 5
196 366 5
260 368 5
123 315 5
208 352 5
123 182 5
200 329 5
366 391 5
77 352 5
123 388 5
123 362 5
245 315 5
54 133 5
217 366 5
352 361 5
120 157 5
17 196 5
133 247 5
2 123 5
248 315 5
123 163 5
52 123 5
65 177 5
123 242 5
74 305 5
139 260 5
123 323 5
43 123 5
25 212 5
172 306 5
129 366 5
23 123 5
133 168 5
45 123 5
7 162 5
42 327 5
337 368 5
66 279 5
73 320 5
120 326 5
196 274 5
123 341 5
177 377 5
326 396 5
320 398 5
71 325 5
45 196 5
25 123 5
182 297 5
123 338 5
123 364 5
184 325 5
120 396 5
42 223 5
43 196 5
75 123 5
123 202 5
131 161 5
86 123 5
50 196 5
108 196 5
123 361 5
7 313 5
320 354 5
37 362 5
54 231 5
180 377 5
13 139 5
297 312 5
155 327 5
196 395 5
127 177 5
196 375 5
187 196 5
156 247 5
124 312 5
67 366 5
18 260 5
196 357 5
196 309 5
123 219 5
139 347 5
45 394 5
166 260 5
333 396 5
180 238 5
51 260 5
21 299 5
287 352 5
5 279 5
23 374 5
54 67 5
71 255 5
177 308 5
4 196 5
74 177 5
163 169 5
45 373 5
65 123 5
25 59 5
35 366 5
55 123 5
320 400 5
88 320 5
71 383 5
19 260 5
238 388 5
7 242 5
13 222 5
196 246 5
279 398 5
246 325 5
104 375 5
58 123 5
123 333 5
196 236 5
67 294 5
74 332 5
74 201 5
19 261 5
9 299 5
231 301 5
45 287 5
123 290 5
179 312 5
67 173 5
205 368 5
129 192 5
157 239 5
74 166 5
11 123 5
45 333 5
39 196 5
260 266 5
110 123 5
67 300 5
253 368 5
51 123 5
123 150 5
54 123 5
86 273 5
155 210 5
133 339 5
344 398 5
118 366 5
9 134 5
77 304 5
75 253 5
54 116 5
16 123 5
1 354 5
155 329 5
45 392 5
123 391 5
123 135 5
133 196 5
71 92 5
105 171 5
4 74 5
320 397 5
74 199 5
363 366 5
123 342 5
179 260 5
9 30 5
123 173 5
184 352 5
17 207 5
49 55 5
48 155 5
123 180 5
157 338 5
155 259 5
159 184 5
154 212 5
254 398 5
196 321 5
174 177 5
58 155 5
123 372 5
196 387 5
68 196 5
34 155 5
333 342 5
35 123 5
50 123 5
72 260 5
123 222 5
26 58 5
133 255 5
57 123 5
238 337 5
71 178 5
123 266 5
201 281 5
173 213 5
203 327 5
100 314 5
157 203 5
34 337 5
123 369 5
195 196 5
123 397 5
93 129 5
133 388 5
123 392 5
264 347 5
273 305 5
15 222 5
61 177 5
123 269 5
71 204 5
116 177 5
71 173 5
243 325 5
153 326 5
123 306 5
123 201 5
139 385 5
196 250 5
123 158 5
28 171 5
74 286 5
309 327 5
119 329 5
55 249 5
177 196 5
176 254 5
74 390 5
247 280 5
147 368 5
67 165 5
62 352 5
60 196 5
123 171 5
79 123 5
44 171 5
123 248 5
26 123 5
101 202 5
157 382 5
123 297 5
248 308 5
144 329 5
123 159 5
113 157 5
77 177 5
123 228 5
178 392 5
99 156 5
6 133 5
71 276 5
3 139 5
69 196 5
43 245 5
242 296 5
45 74 5
207 352 5
103 354 5
123 247 5
71 129 5
109 313 5
27 123 5
196 352 5
28 123 5
123 214 5
117 327 5
54 396 5
133 192 5
93 123 5
123 273 5
123 125 5
52 196 5
156 354 5
121 300 5
123 220 5
56 123 5
249 270 5
317 337 5
123 287 5
53 196 5
71 113 5
105 322 5
123 257 5
45 56 5
14 260 5
320 368 5
159 384 5
14 74 5
172 337 5
139 213 5
178 192 5
12 196 5
54 129 5
248 252 5
366 398 5
196 259 5
134 206 5
297 367 5
123 307 5
196 318 5
17 129 5
104 398 5
45 296 5
123 194 5
354 399 5
206 246 5
123 335 5
45 83 5
180 330 5
183 327 5
44 87 5
92 252 5
7 56 5
155 380 5
297 308 5
157 342 5
123 187 5
159 274 5
74 84 5
123 292 5
133 136 5
242 326 5
187 395 5
123 245 5
93 196 5
45 92 5
260 359 5
187 257 5
60 398 5
351 356 5
60 162 5
302 392 5
196 374 5
54 226 5
41 123 5
196 254 5
187 352 5
99 239 5
21 327 5
287 358 5
157 172 5
177 195 5
38 139 5
105 357 5
123 275 5
128 139 5
4 23 5
157 401 5
352 388 5
123 337 5
123 244 5
54 268 5
184 256 5
123 314 5
15 123 5
1 123 5
139 340 5
24 123 5
123 350 5
192 267 5
109 295 5
74 381 5
107 123 5
125 360 5
45 330 5
123 367 5
230 313 5
103 131 5
123 284 5
45 269 5
46 396 5
168 314 5
139 324 5
123 399 5
87 245 5
79 321 5
123 298 5
279 348 5
16 71 5
117 269 5
221 326 5
123 203 5
234 366 5
77 332 5
186 214 5
53 60 5
57 255 5
123 176 5
96 367 5
300 333 5
45 91 5
123 280 5
239 325 5
45 87 5
123 216 5
122 242 5
7 171 5
134 391 5
30 354 5
79 352 5
34 123 5
13 141 5
123 316 5
105 164 5
123 124 5
163 187 5
74 341 5
111 154 5
307 375 5
54 96 5
8 9 5
147 262 5
156 238 5
103 260 5
206 230 5
45 147 5
19 123 5
74 154 5
23 260 5
123 250 5
45 130 5
142 342 5
60 193 5
192 209 5
313 337 5
105 149 5
177 301 5
72 123 5
123 168 5
96 157 5
119 123 5
39 123 5
123 165 5
71 163 5
123 259 5
123 136 5
112 352 5
37 74 5
46 123 5
43 249 5
186 196 5
123 376 5
298 342 5
196 390 5
330 392 5
54 363 5
5 123 5
271 366 5
241 329 5
109 255 5
196 359 5
31 390 5
229 238 5
157 375 5
196 399 5
76 83 5
123 312 5
35 391 5
72 217 5
74 296 5
16 196 5
94 376 5
127 320 5
123 211 5
106 157 5
196 351 5
52 361 5
74 254 5
368 392 5
139 219 5
70 257 5
66 351 5
203 389 5
196 222 5
196 231 5
196 228 5
37 202 5
61 366 5
66 327 5
123 217 5
173 260 5
17 352 5
105 352 5
127 196 5
69 74 5
365 381 5
131 246 5
56 133 5
145 300 5
65 341 5
87 293 5
196 396 5
252 327 5
49 123 5
260 399 5
45 243 5
165 171 5
123 334 5
71 291 5
123 152 5
123 224 5
254 259 5
45 224 5
80 314 5
5 307 5
139 322 5
254 320 5
9 310 5
4 123 5
221 327 5
25 54 5
40 238 5
162 377 5
103 224 5
222 233 5
285 327 5
133 205 5
95 201 5
34 129 5
75 109 5
23 314 5
157 355 5
116 196 5
19 41 5
202 364 5
34 288 5
140 231 5
94 123 5
163 386 5
22 388 5
255 398 5
157 362 5
133 301 5
123 233 5
191 301 5
55 329 5
101 123 5
63 196 5
79 351 5
73 74 5
201 390 5
43 133 5
122 166 5
74 231 5
3 21 5
222 382 5
74 355 5
22 196 5
9 56 5
53 156 5
109 123 5
123 365 5
196 310 5
34 281 5
125 260 5
177 307 5
110 337 5
139 160 5
99 396 5
62 71 5
163 363 5
18 67 5
9 306 5
9 308 5
123 199 5
157 199 5
188 196 5
15 208 5
25 110 5
8 279 5
288 352 5
240 257 5
103 123 5
300 398 5
9 25 5
325 327 5
123 357 5
79 369 5
34 84 5
163 244 5
30 71 5
340 354 5
184 236 5
21 45 5
49 187 5
123 308 5
120 128 5
140 254 5
82 348 5
211 376 5
135 196 5
129 133 5
45 155 5
123 161 5
35 45 5
76 196 5
140 196 5
123 385 5
123 129 5
25 184 5
214 316 5
99 327 5
123 288 5
60 320 5
123 340 5
323 352 5
142 249 5
84 260 5
123 223 5
89 315 5
131 169 5
36 163 5
156 318 5
167 172 5
303 348 5
13 123 5
84 300 5
284 294 5
115 123 5
45 145 5
112 222 5
150 327 5
233 351 5
214 379 5
123 226 5
117 391 5
135 255 5
122 290 5
103 317 5
390 398 5
348 387 5
99 165 5
159 241 5
143 399 5
196 337 5
67 90 5
79 242 5
123 138 5
109 397 5
196 279 5
53 329 5
123 371 5
53 316 5
196 201 5
210 315 5
123 386 5
4 111 5
74 196 5
173 287 5
56 125 5
320 329 5
11 384 5
157 300 5
196 386 5
285 353 5
108 120 5
171 216 5
308 324 5
196 257 5
4 43 5
177 236 5
171 214 5
113 123 5
90 300 5
117 196 5
173 370 5
37 196 5
123 256 5
280 288 5
44 154 5
290 366 5
93 135 5
87 127 5
70 123 5
118 134 5
123 153 5
220 254 5
123 141 5
91 300 5
209 391 5
7 139 5
139 283 5
44 58 5
144 326 5
157 218 5
15 157 5
252 350 5
34 401 5
196 241 5
123 331 5
103 387 5
123 130 5
239 352 5
34 294 5
232 366 5
34 301 5
71 97 5
123 200 5
166 201 5
1 245 5
70 231 5
203 268 5
27 67 5
178 356 5
156 187 5
74 111 5
187 261 5
34 233 5
189 260 5
139 140 5
177 313 5
88 224 5
90 239 5
24 44 5
196 368 5
123 128 5
392 396 5
5 286 5
31 132 5
80 123 5
82 325 5
25 262 5
187 370 5
2 87 5
344 352 5
120 387 5
91 326 5
157 242 5
58 120 5
45 117 5
352 393 5
88 123 5
179 345 5
112 236 5
44 289 5
221 259 5
136 313 5
222 243 5
3 199 5
66 270 5
249 321 5
98 214 5
45 146 5
224 234 5
19 74 5
285 399 5
142 155 5
12 98 5
61 157 5
19 370 5
317 367 5
45 149 5
116 312 5
157 252 5
273 354 5
260 386 5
352 399 5
155 233 5
134 305 5
189 203 5
123 396 5
54 312 5
63 222 5
325 344 5
30 123 5
123 360 5
25 322 5
146 305 5
196 219 5
260 380 5
138 326 5
232 273 5
196 197 5
209 260 5
123 243 5
123 282 5
196 400 5
123 253 5
217 252 5
117 204 5
204 232 5
9 123 5
139 223 5
42 123 5
103 231 5
127 301 5
128 259 5
60 157 5
110 316 5
111 166 5
227 363 5
153 196 5
64 352 5
76 116 5
45 160 5
72 280 5
95 315 5
92 368 5
196 342 5
74 212 5
133 228 5
72 159 5
19 377 5
85 352 5
123 379 5
125 165 5
63 74 5
140 320 5
74 339 5
38 123 5
143 299 5
123 347 5
103 111 5
25 114 5
2 97 5
266 269 5
74 171 5
171 228 5
123 215 5
186 306 5
18 320 5
66 142 5
162 277 5
200 222 5
174 196 5
131 153 5
44 113 5
183 248 5
28 239 5
38 85 5
68 123 5
221 252 5
364 366 5
152 155 5
228 259 5
71 192 5
173 325 5
43 103 5
45 77 5
9 246 5
183 196 5
187 345 5
82 204 5
256 366 5
274 324 5
156 251 5
124 208 5
265 298 5
246 301 5
34 338 5
44 79 5
267 325 5
140 226 5
9 400 5
159 304 5
101 162 5
133 256 5
34 183 5
146 177 5
123 355 5
40 246 5
123 239 5
184 354 5
71 379 5
16 209 5
25 148 5
62 196 5
55 359 5
171 328 5
342 360 5
130 398 5
142 211 5
123 330 5
307 357 5
26 382 5
187 350 5
123 258 5
123 349 5
97 123 5
222 271 5
3 123 5
123 374 5
17 123 5
230 382 5
32 196 5
252 394 5
50 165 5
130 288 5
104 347 5
6 155 5
34 312 5
22 371 5
217 280 5
354 366 5
67 292 5
123 205 5
56 297 5
296 365 5
9 45 5
152 196 5
75 272 5
13 75 5
123 263 5
45 351 5
60 109 5
123 184 5
122 212 5
56 205 5
173 332 5
46 207 5
69 123 5
325 331 5
231 394 5
49 91 5
91 211 5
80 307 5
40 260 5
74 365 5
30 371 5
16 198 5
196 362 5
289 294 5
54 179 5
123 325 5
196 215 5
45 199 5
104 123 5
91 139 5
45 159 5
15 186 5
71 362 5
11 316 5
152 303 5
299 375 5
19 378 5
8 34 5
123 204 5
44 246 5
358 398 5
204 283 5
196 204 5
73 260 5
52 307 5
71 373 5
7 55 5
273 314 5
253 332 5
260 362 5
5 31 5
110 378 5
6 293 5
210 317 5
235 337 5
160 246 5
58 316 5
71 355 5
123 254 5
19 350 5
45 109 5
36 196 5
152 366 5
201 249 5
204 380 5
51 348 5
110 366 5
16 341 5
78 348 5
201 202 5
174 260 5
123 232 5
60 177 5
196 209 5
74 383 5
34 145 5
196 389 5
123 170 5
189 330 5
56 222 5
123 183 5
62 257 5
233 331 5
123 167 5
129 131 5
139 190 5
185 234 5
279 377 5
196 341 5
179 329 5
28 169 5
250 260 5
45 350 5
133 366 5
137 196 5
139 392 5
386 399 5
157 379 5
110 161 5
78 179 5
4 9 5
64 123 5
171 298 5
122 157 5
123 218 5
13 255 5
222 389 5
43 181 5
206 343 5
56 337 5
131 247 5
141 257 5
32 123 5
255 316 5
314 389 5
3 358 5
92 244 5
88 157 5
147 155 5
153 399 5
354 392 5
54 364 5
83 196 5
45 108 5
143 157 5
132 177 5
196 303 5
74 109 5
6 196 5
233 252 5
123 271 5
26 162 5
254 318 5
131 319 5
150 198 5
196 220 5
62 322 5
45 100 5
123 377 5
203 366 5
110 246 5
54 195 5
39 45 5
28 61 5
139 348 5
142 222 5
284 352 5
47 123 5
6 123 5
3 110 5
66 123 5
53 166 5
289 320 5
41 267 5
126 279 5
178 196 5
233 295 5
254 382 5
123 313 5
292 391 5
63 157 5
169 187 5
6 225 5
157 360 5
36 117 5
45 360 5
4 46 5
38 157 5
196 205 5
172 258 5
34 156 5
77 305 5
10 46 5
157 391 5
282 300 5
45 248 5
309 354 5
102 352 5
157 392 5
377 388 5
165 385 5
128 327 5
189 196 5
7 225 5
196 285 5
227 337 5
11 295 5
74 98 5
228 337 5
384 386 5
320 359 5
123 251 5
61 131 5
157 183 5
196 272 5
157 171 5
139 214 5
43 359 5
149 196 5
45 212 5
123 343 5
161 370 5
45 89 5
260 394 5
96 201 5
216 327 5
109 367 5
4 52 5
59 139 5
10 196 5
326 343 5
74 304 5
123 148 5
50 361 5
45 126 5
295 317 5
1 196 5
83 123 5
282 325 5
227 264 5
99 123 5
123 230 5
49 232 5
227 283 5
314 374 5
83 173 5
251 352 5
203 352 5
34 221 5
45 294 5
123 140 5
196 378 5
178 199 5
123 249 5
236 320 5
258 358 5
71 135 5
58 215 5
13 289 5
202 354 5
324 348 5
20 228 5
229 362 5
99 202 5
329 362 5
139 209 5
44 239 5
45 216 5
139 333 5
78 133 5
245 378 5
138 214 5
196 242 5
6 383 5
123 241 5
117 254 5
177 311 5
61 364 5
27 266 5
93 308 5
123 289 5
74 331 5
78 362 5
118 182 5
222 363 5
157 158 5
18 123 5
45 202 5
133 260 5
54 119 5
123 310 5
85 123 5
138 196 5
98 354 5
123 309 5
123 126 5
154 231 5
90 326 5
224 260 5
292 326 5
123 286 5
153 347 5
310 320 5
163 333 5
76 296 5
68 352 5
133 332 5
54 107 5
260 344 5
74 320 5
14 112 5
226 368 5
224 349 5
264 392 5
196 360 5
51 249 5
155 368 5
184 211 5
155 189 5
109 335 5
196 225 5
107 196 5
121 267 5
131 180 5
123 268 5
124 281 5
307 327 5
123 190 5
45 246 5
155 378 5
124 326 5
19 227 5
74 265 5
107 392 5
157 349 5
196 264 5
4 328 5
145 329 5
289 326 5
26 366 5
248 327 5
124 270 5
57 194 5
29 74 5
148 392 5
196 363 5
166 264 5
4 61 5
196 325 5
7 255 5
278 384 5
17 49 5
162 233 5
123 156 5
71 193 5
354 359 5
5 333 5
79 107 5
127 393 5
196 198 5
4 398 5
70 353 5
123 234 5
53 72 5
42 320 5
66 263 5
44 287 5
87 196 5
66 380 5
51 193 5
74 240 5
123 395 5
13 325 5
178 297 5
131 204 5
123 383 5
123 235 5
3 386 5
74 116 5
38 209 5
34 250 5
162 171 5
34 148 5
198 348 5
124 126 5
204 392 5
325 392 5
86 172 5
280 377 5
245 265 5
71 332 5
133 249 5
86 196 5
171 232 5
318 378 5
155 399 5
153 192 5
34 202 5
10 338 5
53 86 5
2 224 5
45 377 5
18 196 5
123 311 5
13 174 5
354 396 5
352 398 5
183 234 5
178 276 5
342 376 5
34 214 5
4 38 5
123 285 5
64 351 5
196 234 5
160 300 5
223 326 5
66 158 5
238 331 5
4 33 5
59 74 5
284 365 5
74 163 5
150 196 5
18 349 5
83 177 5
45 256 5
196 270 5
62 111 5
131 138 5
301 378 5
66 328 5
161 352 5
72 186 5
113 189 5
34 191 5
196 335 5
337 370 5
86 126 5
123 246 5
45 96 5
53 289 5
282 382 5
62 123 5
205 260 5
49 174 5
108 123 5
136 337 5
242 321 5
77 279 5
297 320 5
91 252 5
114 123 5
127 168 5
196 317 5
231 337 5
279 341 5
45 252 5
57 133 5
32 183 5
196 319 5
326 335 5
154 392 5
67 166 5
101 249 5
38 246 5
123 303 5
126 129 5
196 278 5
246 298 5
32 327 5
77 358 5
287 345 5
288 329 5
163 251 5
114 233 5
58 196 5
57 359 5
110 375 5
45 277 5
259 289 5
226 398 5
250 354 5
165 344 5
202 218 5
123 363 5
73 118 5
175 352 5
155 173 5
99 139 5
32 171 5
133 236 5
88 276 5
122 325 5
11 66 5
111 175 5
13 28 5
302 308 5
149 310 5
6 10 5
202 346 5
76 294 5
259 348 5
115 396 5
119 366 5
76 390 5
336 352 5
301 351 5
96 110 5
315 398 5
157 247 5
190 350 5
190 315 5
320 324 5
75 196 5
278 327 5
123 294 5
206 378 5
15 387 5
139 256 5
256 387 5
282 333 5
123 261 5
38 54 5
196 206 5
80 196 5
56 390 5
296 320 5
245 257 5
9 373 5
47 284 5
196 213 5
146 281 5
82 369 5
61 347 5
111 159 5
48 123 5
177 181 5
287 329 5
72 275 5
138 381 5
85 306 5
146 352 5
233 281 5
348 367 5
33 177 5
132 196 5
40 171 5
95 289 5
257 266 5
123 236 5
168 364 5
45 118 5
282 339 5
81 91 5
44 349 5
175 305 5
43 401 5
224 261 5
83 193 5
327 337 5
45 151 5
199 309 5
354 394 5
91 246 5
74 213 5
117 230 5
21 195 5
5 289 5
184 304 5
171 175 5
25 233 5
206 398 5
74 279 5
91 219 5
33 298 5
34 343 5
209 302 5
74 141 5
172 224 5
177 354 5
184 327 5
126 239 5
123 387 5
173 258 5
86 231 5
74 309 5
123 162 5
9 290 5
74 183 5
197 300 5
45 342 5
13 128 5
238 262 5
334 352 5
206 323 5
200 325 5
138 270 5
127 222 5
338 391 5
172 397 5
222 393 5
25 35 5
109 348 5
218 348 5
14 248 5
123 188 5
196 298 5
9 71 5
74 364 5
66 258 5
179 279 5
127 167 5
38 277 5
67 290 5
177 284 5
123 299 5
1 329 5
47 196 5
177 279 5
137 205 5
320 376 5
4 394 5
98 196 5
43 217 5
208 354 5
139 154 5
196 354 5
144 231 5
123 145 5
233 320 5
171 236 5
238 385 5
167 315 5
19 329 5
133 295 5
133 286 5
129 243 5
133 285 5
363 375 5
64 248 5
145 391 5
354 384 5
35 328 5
123 353 5
100 368 5
123 237 5
57 352 5
184 321 5
170 186 5
130 183 5
141 260 5
147 157 5
282 327 5
34 138 5
156 243 5
187 213 5
204 270 5
329 383 5
214 308 5
108 256 5
72 279 5
79 226 5
74 113 5
30 310 5
142 392 5
123 132 5
288 342 5
112 359 5
239 305 5
316 325 5
130 210 5
184 329 5
83 310 5
123 366 5
157 385 5
133 384 5
16 43 5
53 363 5
57 353 5
279 309 5
107 366 5
55 253 5
169 370 5
139 311 5
66 91 5
106 292 5
83 233 5
165 214 5
25 397 5
