61 117 2
61 224 2
61 245 2
59 117 2
21 61 2
61 123 2
61 169 2
94 117 2
169 235 2
235 288 2
94 249 2
81 224 2
123 240 2
240 284 2
240 243 2
61 267 2
77 117 2
70 243 2
61 237 2
146 224 2
113 224 2
61 277 2
277 284 2
113 242 2
128 249 2
77 168 2
61 112 2
61 82 2
61 102 2
100 117 2
36 224 2
117 219 2
188 243 2
117 203 2
117 162 2
235 300 2
95 224 2
113 201 2
51 117 2
78 117 2
196 224 2
94 149 2
19 168 2
21 283 2
35 61 2
21 74 2
61 292 2
46 283 2
186 249 2
114 117 2
84 224 2
59 81 2
240 279 2
65 169 2
51 183 2
224 242 2
168 295 2
233 240 2
123 231 2
19 61 2
61 129 2
117 263 2
159 284 2
74 284 2
73 240 2
222 242 2
31 219 2
65 112 2
117 279 2
65 82 2
31 213 2
75 240 2
242 274 2
65 211 2
102 226 2
164 284 2
175 284 2
179 235 2
61 96 2
256 263 2
61 221 2
61 91 2
47 242 2
94 198 2
65 255 2
113 142 2
104 284 2
82 131 2
69 149 2
226 250 2
106 162 2
65 132 2
207 224 2
71 117 2
42 222 2
117 158 2
173 219 2
61 181 2
77 164 2
219 283 2
126 181 2
75 117 2
153 242 2
202 245 2
117 254 2
196 248 2
240 245 2
61 158 2
117 233 2
82 175 2
117 135 2
138 300 2
61 121 2
117 289 2
34 65 2
91 284 2
223 284 2
117 179 2
191 224 2
81 172 2
61 79 2
95 264 2
73 117 2
178 263 2
50 196 2
149 214 2
44 254 2
65 269 2
124 255 2
39 224 2
139 255 2
54 61 2
284 297 2
61 154 2
61 165 2
71 284 2
57 175 2
61 128 2
117 141 2
224 225 2
117 250 2
111 245 2
79 165 2
61 187 2
130 254 2
116 235 2
68 82 2
1 131 2
245 257 2
61 69 2
61 105 2
140 146 2
61 186 2
61 145 2
61 283 2
1 292 2
84 284 2
61 68 2
36 146 2
3 219 2
93 257 2
1 133 2
241 274 2
157 225 2
111 224 2
30 284 2
117 301 2
142 224 2
126 246 2
117 200 2
117 195 2
109 284 2
217 297 2
73 156 2
79 97 2
163 242 2
117 223 2
117 294 2
117 124 2
117 131 2
118 269 2
4 61 2
1 3 2
255 300 2
30 52 2
34 117 2
68 235 2
192 203 2
226 298 2
129 177 2
194 213 2
242 301 2
1 86 2
5 135 2
188 224 2
86 219 2
21 146 2
137 240 2
31 265 2
182 240 2
61 246 2
222 233 2
61 110 2
65 76 2
24 248 2
160 284 2
68 129 2
62 301 2
108 135 2
80 240 2
224 226 2
54 255 2
86 117 2
61 193 2
235 265 2
57 117 2
84 162 2
193 284 2
69 97 2
97 270 2
186 240 2
20 117 2
219 282 2
267 284 2
117 161 2
14 117 2
123 124 2
107 224 2
240 258 2
82 240 2
153 224 2
135 213 2
183 240 2
65 300 2
252 265 2
61 199 2
166 168 2
170 245 2
216 249 2
21 118 2
68 238 2
63 117 2
234 257 2
284 286 2
61 250 2
135 211 2
77 240 2
192 221 2
12 168 2
44 300 2
117 150 2
162 270 2
134 258 2
124 277 2
281 283 2
34 205 2
53 175 2
297 302 2
201 272 2
42 285 2
66 282 2
123 162 2
181 198 2
179 284 2
122 211 2
118 144 2
65 157 2
61 269 2
175 242 2
97 284 2
27 118 2
5 27 2
117 192 2
165 219 2
58 224 2
64 240 2
218 233 2
184 256 2
88 146 2
82 233 2
244 284 2
224 273 2
111 157 2
203 287 2
161 211 2
32 117 2
27 72 2
48 282 2
120 131 2
109 117 2
35 238 2
101 287 2
19 171 2
175 223 2
284 295 2
146 160 2
39 77 2
12 117 2
125 162 2
33 84 2
95 240 2
182 193 2
144 242 2
117 267 2
217 243 2
89 117 2
240 269 2
18 117 2
221 240 2
61 137 2
115 117 2
96 235 2
9 284 2
133 291 2
177 224 2
52 240 2
82 172 2
192 240 2
10 297 2
133 277 2
61 75 2
111 284 2
68 282 2
227 284 2
22 68 2
223 236 2
79 283 2
10 240 2
74 291 2
61 238 2
6 124 2
163 190 2
37 61 2
117 137 2
68 81 2
113 117 2
201 275 2
41 242 2
61 265 2
117 197 2
117 275 2
61 86 2
28 117 2
123 174 2
61 211 2
174 188 2
208 287 2
133 292 2
61 132 2
1 87 2
117 282 2
192 294 2
45 126 2
175 209 2
117 217 2
61 150 2
240 286 2
81 117 2
19 205 2
240 299 2
240 247 2
200 242 2
41 240 2
61 111 2
5 122 2
98 168 2
27 61 2
22 217 2
240 270 2
117 239 2
51 61 2
164 217 2
190 284 2
14 61 2
122 263 2
175 272 2
260 283 2
203 255 2
65 280 2
112 226 2
53 164 2
34 128 2
21 117 2
142 200 2
175 195 2
42 240 2
124 271 2
114 224 2
26 61 2
21 62 2
61 254 2
107 124 2
52 179 2
35 117 2
61 107 2
161 207 2
68 117 2
117 160 2
78 97 2
222 238 2
30 118 2
61 97 2
61 239 2
65 98 2
34 57 2
159 255 2
117 177 2
6 284 2
87 283 2
73 283 2
52 117 2
61 151 2
117 193 2
174 282 2
75 205 2
83 240 2
202 203 2
114 240 2
20 52 2
196 199 2
117 206 2
42 172 2
61 183 2
71 118 2
84 94 2
82 93 2
233 283 2
46 61 2
5 61 2
88 112 2
80 117 2
15 137 2
61 259 2
95 109 2
90 201 2
171 284 2
61 156 2
61 142 2
81 184 2
54 240 2
19 123 2
5 107 2
50 168 2
61 140 2
73 75 2
222 234 2
132 296 2
29 242 2
73 212 2
52 246 2
149 211 2
117 249 2
289 301 2
187 254 2
52 224 2
117 218 2
77 163 2
27 81 2
61 276 2
30 53 2
218 242 2
117 226 2
58 67 2
134 226 2
50 240 2
55 240 2
40 117 2
79 162 2
68 271 2
218 262 2
28 126 2
11 277 2
245 277 2
61 161 2
257 301 2
118 276 2
35 65 2
171 258 2
65 218 2
220 234 2
80 228 2
297 301 2
73 225 2
25 222 2
58 104 2
91 281 2
61 197 2
66 136 2
284 288 2
224 258 2
54 204 2
142 299 2
48 224 2
37 117 2
265 277 2
53 103 2
53 268 2
32 270 2
108 238 2
240 285 2
117 277 2
10 117 2
9 162 2
138 162 2
61 146 2
192 253 2
1 22 2
257 284 2
19 159 2
65 84 2
4 245 2
53 117 2
192 218 2
65 163 2
35 295 2
137 252 2
77 106 2
117 210 2
61 72 2
225 284 2
37 240 2
114 247 2
100 254 2
148 245 2
5 252 2
1 261 2
142 256 2
82 192 2
81 176 2
242 271 2
117 252 2
82 287 2
2 242 2
16 94 2
161 182 2
191 283 2
19 29 2
95 139 2
7 61 2
230 284 2
9 240 2
61 266 2
187 192 2
91 99 2
170 283 2
93 117 2
119 186 2
218 225 2
156 224 2
9 117 2
57 65 2
204 225 2
64 117 2
101 156 2
206 211 2
45 257 2
43 284 2
142 240 2
165 243 2
68 227 2
117 159 2
174 287 2
111 149 2
120 205 2
52 193 2
48 160 2
135 277 2
217 240 2
229 242 2
65 128 2
61 144 2
4 184 2
117 163 2
172 297 2
54 190 2
199 301 2
204 287 2
25 61 2
83 102 2
61 134 2
129 235 2
35 76 2
164 174 2
129 240 2
70 240 2
131 179 2
208 283 2
117 133 2
65 216 2
1 61 2
42 154 2
239 259 2
240 280 2
240 271 2
72 117 2
10 283 2
94 153 2
117 132 2
53 138 2
228 257 2
6 61 2
50 100 2
147 199 2
209 235 2
36 94 2
26 269 2
102 249 2
117 138 2
269 284 2
80 283 2
242 288 2
63 288 2
140 142 2
117 208 2
102 280 2
61 206 2
26 196 2
149 239 2
71 224 2
40 179 2
28 68 2
243 261 2
170 284 2
36 274 2
5 146 2
27 33 2
65 272 2
193 267 2
117 191 2
117 190 2
10 68 2
106 163 2
25 284 2
189 224 2
169 176 2
38 124 2
61 196 2
157 240 2
121 164 2
44 285 2
5 181 2
61 78 2
174 240 2
102 165 2
36 284 2
61 243 2
39 284 2
229 247 2
170 240 2
230 240 2
122 124 2
61 290 2
19 83 2
61 163 2
1 151 2
36 218 2
149 215 2
88 126 2
218 290 2
61 172 2
53 106 2
53 236 2
188 284 2
128 193 2
114 163 2
6 132 2
144 290 2
61 80 2
15 61 2
240 274 2
10 47 2
259 283 2
163 237 2
163 231 2
226 247 2
34 257 2
61 64 2
5 222 2
48 240 2
234 247 2
156 257 2
61 268 2
117 157 2
10 125 2
55 283 2
105 117 2
117 262 2
36 240 2
51 136 2
88 232 2
122 156 2
54 191 2
117 268 2
117 209 2
88 127 2
162 284 2
61 133 2
74 174 2
68 214 2
117 142 2
5 182 2
27 159 2
56 191 2
65 207 2
117 229 2
61 155 2
16 193 2
118 284 2
56 117 2
117 189 2
61 185 2
126 161 2
9 196 2
122 205 2
224 278 2
107 161 2
151 240 2
5 189 2
193 292 2
88 215 2
218 301 2
161 293 2
61 232 2
97 166 2
92 190 2
36 207 2
57 61 2
61 297 2
50 133 2
19 150 2
104 121 2
154 240 2
125 264 2
102 117 2
132 246 2
124 217 2
168 242 2
162 281 2
92 182 2
164 248 2
69 194 2
248 283 2
44 242 2
61 65 2
37 71 2
47 278 2
34 186 2
123 132 2
207 225 2
223 294 2
107 232 2
123 151 2
61 175 2
44 61 2
189 193 2
24 65 2
124 219 2
65 277 2
250 269 2
53 124 2
107 131 2
117 281 2
83 288 2
71 244 2
160 226 2
112 162 2
23 199 2
18 57 2
109 240 2
155 240 2
63 73 2
9 266 2
201 215 2
248 267 2
103 124 2
31 117 2
56 218 2
38 190 2
150 225 2
131 193 2
1 137 2
240 244 2
179 187 2
36 291 2
64 301 2
61 302 2
48 142 2
219 250 2
52 54 2
61 295 2
12 167 2
27 126 2
60 72 2
87 277 2
89 102 2
41 61 2
78 82 2
217 262 2
26 117 2
193 203 2
117 182 2
27 279 2
65 117 2
272 284 2
34 60 2
179 222 2
10 59 2
224 241 2
79 202 2
24 77 2
242 265 2
78 224 2
2 240 2
169 249 2
73 176 2
38 240 2
61 291 2
72 297 2
61 260 2
223 277 2
123 201 2
140 253 2
69 102 2
36 227 2
204 240 2
61 162 2
120 211 2
182 246 2
23 61 2
207 240 2
144 227 2
113 184 2
117 123 2
18 293 2
61 93 2
8 117 2
82 117 2
127 240 2
80 242 2
27 143 2
79 182 2
28 65 2
98 157 2
117 232 2
61 235 2
3 68 2
117 207 2
208 216 2
282 286 2
106 117 2
140 210 2
61 258 2
142 235 2
63 291 2
12 70 2
205 207 2
77 253 2
161 262 2
246 280 2
42 162 2
119 245 2
163 260 2
24 157 2
223 253 2
122 284 2
117 156 2
125 240 2
67 224 2
171 182 2
210 240 2
78 137 2
65 141 2
36 142 2
224 283 2
163 191 2
245 255 2
187 194 2
216 240 2
95 190 2
24 235 2
152 242 2
149 154 2
168 201 2
165 240 2
50 61 2
190 287 2
186 257 2
6 224 2
76 241 2
83 169 2
52 267 2
61 114 2
40 61 2
20 73 2
117 280 2
149 302 2
132 209 2
124 300 2
99 117 2
222 298 2
219 242 2
95 117 2
5 248 2
163 236 2
184 201 2
106 214 2
94 126 2
107 255 2
78 130 2
129 288 2
61 164 2
226 283 2
