5 304 4
24 42 4
16 299 4
317 364 4
5 55 4
11 219 4
229 298 4
110 309 4
81 85 4
201 290 4
69 90 4
77 286 4
52 194 4
69 230 4
31 145 4
26 333 4
67 206 4
50 140 4
1 82 4
138 143 4
113 205 4
45 361 4
68 105 4
45 209 4
26 242 4
101 331 4
79 94 4
99 344 4
187 328 4
105 217 4
129 164 4
5 299 4
195 348 4
201 333 4
30 349 4
153 167 4
162 291 4
50 197 4
242 323 4
256 258 4
50 267 4
53 278 4
11 128 4
31 314 4
31 192 4
194 222 4
156 321 4
150 198 4
90 195 4
118 235 4
119 341 4
22 44 4
138 219 4
93 152 4
152 350 4
100 110 4
35 69 4
80 307 4
110 168 4
81 133 4
88 360 4
250 293 4
123 295 4
104 339 4
93 357 4
14 79 4
136 216 4
229 289 4
60 132 4
216 270 4
241 361 4
152 284 4
55 215 4
74 93 4
221 225 4
211 216 4
5 139 4
100 299 4
73 261 4
37 252 4
115 165 4
322 358 4
23 245 4
82 221 4
68 182 4
309 354 4
178 272 4
84 152 4
244 327 4
157 239 4
59 160 4
89 164 4
188 197 4
92 97 4
133 318 4
36 174 4
49 248 4
166 270 4
78 351 4
43 53 4
31 260 4
53 129 4
204 359 4
12 212 4
60 82 4
242 251 4
118 339 4
40 315 4
194 219 4
98 171 4
190 326 4
208 344 4
145 296 4
169 281 4
222 268 4
173 333 4
78 298 4
301 349 4
204 281 4
55 360 4
263 302 4
73 296 4
27 276 4
22 186 4
176 220 4
48 238 4
26 58 4
137 353 4
227 306 4
141 325 4
208 349 4
5 198 4
61 306 4
238 342 4
144 289 4
31 99 4
18 226 4
136 171 4
101 249 4
13 321 4
60 116 4
173 250 4
21 142 4
61 217 4
176 326 4
201 226 4
160 262 4
115 220 4
44 202 4
38 253 4
283 332 4
192 193 4
357 363 4
19 93 4
31 303 4
53 105 4
90 354 4
232 283 4
9 134 4
27 292 4
2 184 4
218 309 4
80 115 4
129 339 4
17 158 4
68 124 4
260 356 4
8 348 4
26 314 4
132 308 4
57 236 4
203 360 4
277 281 4
69 346 4
52 103 4
64 161 4
7 292 4
13 64 4
178 198 4
27 94 4
214 218 4
151 262 4
169 215 4
117 301 4
67 240 4
59 296 4
110 359 4
191 331 4
79 316 4
238 311 4
3 10 4
33 351 4
73 102 4
106 251 4
199 299 4
148 277 4
51 119 4
101 276 4
36 333 4
84 265 4
159 199 4
209 252 4
77 309 4
22 174 4
28 119 4
87 259 4
185 348 4
72 258 4
84 235 4
17 200 4
68 168 4
176 221 4
287 321 4
86 311 4
48 170 4
206 210 4
3 97 4
3 49 4
173 222 4
81 257 4
31 33 4
217 343 4
13 107 4
96 166 4
341 365 4
100 170 4
25 168 4
146 275 4
38 53 4
85 148 4
50 279 4
291 338 4
31 146 4
10 341 4
113 253 4
324 342 4
144 301 4
156 193 4
99 359 4
74 309 4
50 113 4
174 274 4
140 194 4
54 231 4
249 259 4
8 219 4
298 308 4
145 192 4
20 224 4
211 272 4
169 336 4
171 248 4
105 133 4
203 327 4
183 327 4
232 334 4
74 199 4
141 324 4
30 251 4
247 336 4
144 254 4
143 189 4
72 243 4
262 287 4
133 295 4
226 323 4
165 301 4
97 128 4
146 297 4
114 357 4
17 107 4
38 237 4
215 235 4
253 301 4
134 177 4
13 271 4
22 95 4
155 321 4
134 223 4
210 217 4
77 266 4
167 258 4
299 351 4
230 355 4
38 189 4
36 295 4
54 73 4
224 268 4
111 364 4
175 203 4
166 244 4
187 322 4
34 317 4
174 277 4
167 185 4
18 124 4
241 319 4
16 252 4
5 284 4
107 173 4
99 208 4
316 337 4
111 335 4
118 314 4
202 361 4
80 171 4
9 122 4
113 342 4
295 336 4
162 313 4
94 172 4
110 188 4
58 106 4
171 230 4
269 270 4
130 362 4
101 113 4
4 224 4
122 128 4
172 329 4
174 342 4
100 183 4
98 270 4
84 216 4
12 240 4
26 31 4
240 276 4
135 297 4
73 362 4
219 342 4
323 348 4
71 338 4
140 341 4
267 294 4
154 157 4
287 328 4
22 190 4
202 344 4
52 291 4
62 222 4
121 150 4
247 360 4
60 73 4
132 292 4
70 202 4
84 165 4
184 194 4
154 323 4
139 227 4
15 282 4
203 295 4
176 342 4
178 281 4
154 263 4
230 273 4
120 350 4
57 58 4
116 344 4
131 327 4
257 304 4
104 163 4
38 340 4
186 354 4
53 215 4
324 334 4
230 311 4
206 228 4
121 201 4
76 275 4
98 362 4
182 274 4
38 295 4
73 332 4
45 154 4
40 92 4
45 311 4
76 200 4
189 349 4
93 261 4
38 277 4
118 267 4
222 345 4
165 342 4
237 297 4
308 335 4
181 350 4
22 243 4
110 266 4
151 211 4
54 242 4
155 308 4
142 188 4
228 288 4
22 183 4
60 320 4
72 151 4
7 18 4
108 239 4
41 345 4
227 348 4
6 211 4
164 305 4
232 330 4
18 206 4
176 316 4
118 259 4
138 163 4
85 316 4
338 365 4
319 324 4
89 110 4
82 163 4
116 190 4
94 156 4
226 320 4
139 231 4
166 359 4
89 170 4
15 67 4
106 190 4
18 57 4
180 364 4
7 251 4
251 321 4
36 279 4
124 261 4
23 343 4
139 343 4
71 224 4
141 351 4
26 181 4
6 248 4
174 232 4
246 336 4
134 299 4
70 316 4
126 247 4
132 187 4
132 199 4
74 167 4
112 335 4
135 347 4
4 324 4
284 330 4
87 315 4
59 169 4
64 131 4
51 361 4
78 295 4
241 285 4
3 211 4
149 292 4
170 185 4
281 316 4
3 354 4
115 174 4
15 212 4
75 249 4
227 270 4
313 358 4
51 219 4
41 173 4
171 223 4
37 158 4
277 358 4
77 260 4
4 336 4
44 155 4
230 324 4
162 233 4
4 335 4
19 347 4
238 287 4
93 100 4
143 191 4
44 104 4
250 277 4
56 85 4
178 191 4
183 270 4
38 146 4
78 117 4
98 121 4
125 136 4
195 196 4
151 176 4
24 214 4
154 364 4
180 344 4
198 283 4
79 82 4
163 194 4
77 194 4
32 98 4
178 259 4
28 193 4
290 351 4
205 313 4
252 340 4
72 138 4
223 228 4
5 133 4
158 303 4
117 188 4
20 136 4
34 215 4
102 285 4
69 352 4
101 361 4
142 311 4
334 335 4
320 339 4
235 258 4
202 267 4
31 267 4
31 129 4
36 310 4
247 261 4
84 193 4
21 363 4
88 103 4
235 261 4
64 360 4
59 248 4
24 95 4
5 121 4
35 49 4
75 363 4
34 269 4
170 199 4
64 230 4
8 298 4
251 322 4
149 311 4
308 334 4
71 169 4
87 95 4
24 151 4
90 328 4
241 266 4
43 327 4
91 362 4
128 361 4
88 322 4
161 287 4
183 281 4
173 208 4
164 345 4
58 290 4
4 26 4
173 289 4
11 153 4
176 324 4
48 218 4
118 138 4
180 346 4
34 80 4
132 327 4
50 161 4
14 145 4
28 328 4
292 351 4
135 331 4
90 192 4
150 255 4
179 274 4
14 61 4
246 338 4
98 294 4
77 123 4
57 272 4
351 360 4
90 321 4
175 251 4
5 319 4
32 321 4
281 306 4
107 323 4
104 271 4
218 355 4
263 311 4
88 324 4
16 25 4
296 309 4
8 122 4
66 85 4
60 64 4
71 211 4
73 302 4
77 153 4
108 255 4
166 228 4
48 180 4
11 26 4
16 341 4
285 286 4
7 278 4
244 293 4
31 232 4
209 293 4
51 296 4
293 359 4
55 167 4
239 261 4
48 356 4
303 316 4
155 173 4
222 260 4
247 352 4
19 270 4
189 262 4
232 304 4
240 252 4
216 339 4
106 144 4
36 239 4
166 194 4
86 360 4
278 347 4
234 325 4
86 241 4
241 262 4
48 175 4
91 135 4
57 96 4
110 318 4
48 341 4
241 284 4
92 344 4
84 257 4
130 235 4
120 176 4
319 352 4
171 264 4
96 357 4
77 281 4
28 234 4
132 317 4
44 143 4
100 223 4
24 295 4
109 327 4
71 350 4
107 245 4
76 136 4
2 247 4
58 322 4
178 309 4
11 40 4
2 264 4
136 236 4
78 220 4
87 105 4
148 352 4
209 286 4
273 304 4
47 232 4
234 359 4
31 114 4
100 163 4
306 347 4
221 320 4
33 96 4
163 320 4
73 275 4
164 265 4
146 298 4
119 250 4
76 105 4
54 89 4
5 27 4
293 326 4
130 194 4
218 287 4
78 364 4
72 362 4
116 293 4
8 268 4
19 325 4
65 89 4
285 293 4
73 353 4
107 275 4
14 350 4
159 268 4
38 273 4
55 242 4
64 200 4
178 306 4
281 361 4
313 352 4
49 63 4
56 279 4
296 331 4
74 87 4
19 59 4
188 281 4
170 202 4
72 322 4
52 360 4
36 351 4
106 236 4
46 49 4
105 329 4
42 52 4
7 90 4
172 343 4
194 203 4
273 276 4
280 348 4
334 343 4
46 157 4
215 258 4
50 272 4
158 344 4
14 266 4
63 143 4
191 306 4
103 109 4
150 211 4
211 275 4
17 296 4
133 252 4
216 267 4
101 239 4
126 255 4
216 301 4
166 339 4
80 207 4
72 185 4
29 238 4
15 256 4
91 196 4
256 263 4
165 355 4
97 201 4
28 74 4
217 325 4
176 217 4
232 317 4
49 122 4
135 321 4
108 114 4
178 320 4
188 249 4
60 197 4
87 334 4
117 131 4
85 339 4
7 329 4
104 250 4
164 323 4
72 188 4
96 340 4
263 304 4
105 352 4
76 239 4
189 365 4
177 346 4
201 225 4
32 118 4
86 341 4
118 164 4
91 259 4
248 266 4
111 189 4
61 331 4
147 305 4
38 178 4
33 35 4
132 139 4
20 208 4
12 76 4
50 88 4
252 288 4
61 274 4
307 319 4
71 147 4
97 105 4
219 352 4
329 362 4
114 176 4
14 295 4
24 53 4
145 248 4
14 56 4
132 283 4
221 352 4
207 309 4
36 151 4
1 231 4
211 242 4
49 307 4
103 312 4
146 222 4
147 199 4
186 322 4
172 313 4
27 57 4
195 331 4
201 307 4
119 344 4
74 257 4
162 337 4
197 257 4
122 179 4
25 254 4
55 253 4
59 73 4
136 280 4
109 157 4
113 149 4
232 328 4
169 214 4
62 197 4
156 176 4
180 286 4
33 124 4
15 257 4
71 229 4
174 193 4
95 305 4
61 224 4
108 363 4
77 334 4
242 243 4
27 126 4
145 354 4
157 258 4
147 359 4
206 218 4
89 322 4
126 137 4
74 121 4
41 151 4
35 144 4
215 295 4
31 332 4
28 154 4
74 287 4
9 54 4
163 179 4
35 151 4
323 349 4
316 364 4
187 217 4
200 213 4
338 362 4
175 336 4
47 178 4
215 247 4
121 213 4
234 243 4
22 145 4
218 328 4
16 308 4
105 226 4
251 317 4
208 312 4
310 358 4
179 216 4
63 218 4
14 215 4
41 93 4
24 196 4
219 295 4
66 77 4
2 51 4
195 365 4
19 23 4
22 104 4
22 34 4
183 341 4
129 338 4
22 241 4
74 148 4
258 348 4
267 328 4
197 359 4
3 277 4
189 221 4
207 323 4
314 343 4
324 343 4
39 143 4
303 361 4
60 87 4
243 324 4
119 354 4
6 359 4
10 136 4
141 267 4
43 119 4
7 229 4
93 232 4
282 284 4
144 182 4
122 296 4
130 311 4
156 329 4
151 349 4
101 266 4
225 294 4
105 343 4
40 213 4
98 222 4
176 296 4
181 351 4
101 338 4
24 332 4
95 168 4
25 205 4
289 334 4
28 136 4
68 297 4
198 343 4
168 272 4
114 202 4
68 326 4
165 242 4
109 239 4
111 152 4
94 181 4
199 212 4
235 303 4
32 223 4
62 94 4
74 114 4
31 141 4
19 209 4
187 208 4
68 273 4
21 150 4
217 269 4
38 145 4
73 334 4
225 310 4
38 79 4
40 290 4
237 342 4
94 217 4
2 66 4
179 212 4
76 299 4
319 341 4
218 318 4
219 282 4
3 342 4
246 303 4
32 276 4
82 349 4
84 365 4
79 265 4
178 361 4
60 106 4
30 333 4
95 256 4
103 335 4
102 273 4
36 283 4
77 353 4
192 296 4
169 270 4
264 355 4
106 266 4
244 352 4
306 352 4
262 327 4
65 140 4
181 257 4
245 343 4
136 149 4
72 118 4
238 344 4
318 352 4
145 318 4
279 339 4
21 313 4
53 234 4
220 343 4
340 353 4
206 315 4
236 327 4
89 184 4
25 143 4
162 348 4
160 290 4
89 100 4
10 326 4
54 278 4
53 63 4
57 84 4
33 61 4
104 266 4
138 170 4
158 177 4
75 112 4
39 164 4
36 309 4
222 235 4
75 333 4
185 217 4
8 365 4
273 325 4
18 74 4
127 237 4
80 351 4
112 267 4
46 62 4
69 273 4
199 246 4
65 310 4
228 320 4
47 348 4
171 261 4
195 282 4
28 190 4
14 27 4
198 344 4
43 271 4
336 361 4
76 89 4
321 355 4
59 244 4
5 51 4
249 331 4
87 250 4
250 261 4
289 314 4
176 364 4
242 337 4
5 269 4
19 162 4
51 352 4
29 362 4
49 321 4
102 364 4
12 181 4
60 91 4
70 199 4
64 92 4
81 178 4
183 322 4
4 320 4
245 358 4
54 292 4
88 205 4
72 191 4
125 195 4
150 219 4
174 275 4
308 354 4
91 286 4
47 105 4
225 289 4
62 138 4
7 286 4
142 242 4
203 246 4
254 295 4
139 180 4
344 348 4
112 324 4
153 226 4
80 236 4
101 359 4
354 359 4
147 331 4
84 308 4
7 12 4
168 206 4
125 145 4
212 324 4
22 149 4
218 332 4
78 356 4
60 146 4
26 161 4
171 252 4
5 99 4
23 55 4
11 256 4
37 48 4
131 341 4
44 345 4
137 204 4
249 319 4
152 348 4
61 334 4
186 300 4
12 27 4
176 229 4
128 259 4
81 299 4
85 145 4
89 167 4
36 140 4
187 234 4
73 266 4
10 109 4
203 309 4
192 312 4
156 351 4
35 124 4
47 334 4
73 309 4
177 345 4
107 359 4
74 127 4
97 271 4
159 242 4
129 355 4
42 233 4
242 319 4
150 319 4
80 153 4
202 292 4
138 236 4
51 184 4
51 204 4
240 314 4
284 307 4
38 45 4
15 135 4
7 230 4
68 192 4
219 345 4
144 245 4
21 255 4
20 227 4
99 265 4
14 158 4
26 152 4
28 133 4
288 335 4
240 283 4
159 162 4
200 281 4
260 353 4
26 324 4
93 217 4
128 150 4
87 130 4
207 271 4
33 347 4
69 298 4
81 82 4
90 163 4
175 233 4
260 352 4
97 226 4
234 316 4
76 207 4
28 207 4
194 232 4
102 351 4
16 192 4
202 229 4
191 278 4
3 44 4
112 173 4
310 357 4
81 250 4
164 175 4
150 312 4
101 126 4
67 359 4
51 200 4
200 257 4
85 284 4
180 269 4
187 252 4
50 152 4
122 146 4
189 298 4
105 124 4
115 357 4
106 298 4
252 269 4
107 199 4
110 232 4
233 356 4
41 283 4
117 124 4
42 354 4
202 225 4
2 23 4
168 211 4
129 313 4
61 332 4
147 193 4
184 222 4
19 261 4
117 204 4
280 287 4
88 94 4
84 147 4
181 193 4
169 237 4
73 235 4
85 293 4
152 310 4
138 338 4
161 257 4
85 90 4
307 312 4
259 325 4
22 133 4
1 98 4
48 191 4
88 194 4
157 332 4
147 314 4
185 350 4
8 276 4
92 315 4
158 260 4
33 36 4
130 350 4
126 192 4
85 280 4
85 301 4
182 275 4
301 322 4
24 65 4
31 207 4
155 237 4
234 278 4
31 241 4
37 188 4
25 83 4
117 195 4
16 172 4
56 158 4
283 292 4
206 304 4
24 60 4
142 334 4
77 262 4
18 290 4
157 188 4
29 105 4
339 342 4
64 363 4
186 214 4
101 295 4
295 325 4
47 188 4
2 204 4
294 300 4
179 239 4
134 238 4
319 332 4
206 215 4
44 187 4
200 290 4
9 29 4
42 285 4
2 283 4
162 273 4
176 202 4
248 305 4
250 363 4
201 297 4
14 178 4
3 170 4
180 251 4
148 335 4
13 30 4
91 269 4
39 246 4
41 189 4
220 350 4
5 71 4
206 247 4
186 246 4
203 243 4
38 70 4
231 247 4
51 93 4
307 358 4
272 276 4
197 358 4
279 288 4
3 248 4
4 42 4
185 192 4
39 139 4
143 233 4
109 171 4
40 46 4
299 357 4
61 288 4
211 336 4
78 365 4
303 306 4
127 209 4
15 216 4
195 202 4
261 293 4
134 296 4
302 319 4
132 179 4
49 104 4
215 331 4
63 274 4
260 265 4
240 361 4
18 332 4
74 85 4
22 101 4
14 228 4
286 287 4
180 299 4
172 227 4
76 305 4
69 214 4
85 315 4
258 364 4
188 223 4
96 270 4
164 285 4
53 281 4
95 127 4
179 304 4
96 200 4
213 257 4
15 236 4
190 314 4
50 361 4
175 182 4
80 357 4
