1 24 4
1 206 4
1 256 4
2 11 4
2 23 4
2 52 4
2 122 4
2 138 4
2 142 4
2 206 4
3 147 4
3 171 4
3 206 4
4 196 4
5 52 4
5 206 4
6 92 4
6 112 4
6 115 4
6 119 4
6 268 4
7 41 4
7 42 4
7 57 4
7 127 4
7 157 4
8 32 4
8 54 4
8 260 4
9 125 4
9 165 4
9 206 4
9 215 4
10 52 4
10 217 4
10 253 4
11 208 4
12 76 4
12 194 4
13 140 4
13 195 4
15 254 4
15 275 4
16 132 4
16 151 4
16 162 4
16 206 4
17 101 4
17 253 4
18 40 4
18 89 4
19 124 4
20 86 4
20 100 4
20 107 4
20 180 4
20 213 4
20 219 4
20 222 4
21 272 4
21 274 4
22 43 4
22 97 4
23 54 4
23 79 4
23 302 4
24 148 4
24 206 4
26 267 4
27 49 4
27 60 4
27 66 4
27 75 4
27 132 4
27 206 4
28 36 4
28 46 4
28 55 4
28 60 4
28 85 4
28 98 4
28 104 4
28 110 4
28 122 4
28 163 4
28 171 4
28 178 4
28 205 4
28 208 4
28 274 4
29 124 4
30 148 4
30 230 4
30 269 4
30 285 4
30 286 4
32 149 4
32 276 4
33 163 4
33 272 4
34 108 4
34 188 4
34 212 4
34 241 4
34 248 4
34 287 4
35 198 4
36 100 4
36 171 4
38 39 4
38 63 4
38 151 4
38 179 4
38 202 4
38 214 4
38 215 4
38 263 4
39 206 4
40 116 4
40 121 4
40 177 4
40 198 4
40 228 4
40 232 4
40 256 4
40 261 4
40 291 4
40 311 4
42 52 4
42 97 4
42 114 4
42 117 4
42 124 4
42 130 4
42 162 4
42 234 4
42 297 4
44 194 4
45 105 4
45 125 4
45 173 4
45 272 4
46 313 4
47 55 4
47 122 4
47 192 4
47 284 4
49 206 4
49 272 4
50 136 4
51 54 4
51 107 4
51 115 4
51 185 4
51 324 4
52 63 4
52 97 4
52 98 4
52 114 4
52 119 4
52 124 4
52 130 4
52 131 4
52 139 4
52 147 4
52 173 4
52 204 4
52 220 4
52 227 4
52 237 4
52 244 4
52 251 4
52 258 4
52 259 4
52 263 4
52 277 4
52 293 4
52 301 4
53 122 4
54 79 4
54 82 4
54 88 4
54 96 4
54 101 4
54 119 4
54 140 4
54 159 4
54 178 4
54 181 4
54 182 4
54 183 4
54 185 4
54 189 4
54 193 4
54 198 4
54 202 4
54 208 4
54 216 4
54 219 4
54 234 4
54 239 4
54 316 4
54 318 4
55 140 4
55 178 4
56 122 4
56 206 4
56 253 4
57 64 4
57 69 4
57 75 4
57 153 4
57 200 4
57 267 4
58 79 4
59 73 4
59 102 4
59 148 4
59 171 4
59 174 4
59 235 4
60 65 4
60 80 4
60 120 4
60 124 4
60 126 4
60 174 4
60 202 4
60 205 4
61 227 4
61 267 4
62 85 4
62 95 4
62 321 4
63 75 4
63 124 4
63 257 4
63 295 4
64 69 4
64 251 4
65 79 4
65 157 4
65 283 4
66 72 4
66 182 4
67 97 4
67 257 4
68 127 4
68 240 4
68 256 4
68 273 4
68 306 4
70 79 4
70 194 4
71 224 4
71 328 4
72 92 4
72 251 4
72 259 4
72 267 4
73 241 4
74 116 4
74 177 4
74 202 4
74 206 4
74 285 4
75 102 4
75 191 4
75 212 4
75 249 4
76 263 4
76 304 4
77 206 4
79 169 4
79 196 4
79 211 4
79 217 4
79 238 4
79 269 4
80 122 4
80 206 4
80 243 4
81 100 4
83 124 4
83 163 4
83 284 4
84 159 4
84 178 4
84 190 4
84 199 4
84 206 4
84 209 4
84 237 4
84 267 4
85 157 4
85 206 4
85 267 4
85 280 4
85 328 4
86 100 4
86 141 4
86 165 4
86 166 4
86 173 4
86 225 4
86 239 4
86 293 4
87 113 4
87 213 4
89 96 4
89 247 4
90 148 4
90 206 4
91 121 4
91 122 4
91 151 4
91 206 4
93 143 4
94 189 4
96 129 4
96 274 4
97 150 4
97 206 4
97 238 4
98 108 4
98 206 4
98 227 4
98 266 4
99 130 4
99 158 4
99 206 4
99 232 4
99 251 4
100 238 4
100 262 4
100 268 4
101 187 4
101 194 4
101 206 4
102 194 4
102 215 4
103 108 4
103 129 4
103 199 4
103 206 4
103 209 4
104 116 4
104 124 4
104 127 4
104 263 4
105 149 4
105 151 4
105 159 4
105 256 4
105 277 4
106 267 4
108 138 4
108 180 4
108 206 4
110 171 4
112 206 4
114 206 4
115 171 4
116 228 4
118 165 4
118 171 4
118 206 4
119 256 4
120 122 4
120 225 4
121 263 4
122 181 4
122 189 4
122 204 4
122 295 4
123 177 4
123 180 4
123 322 4
124 134 4
124 138 4
124 140 4
124 165 4
124 176 4
124 227 4
125 185 4
125 186 4
126 144 4
127 172 4
128 206 4
130 171 4
130 206 4
130 247 4
131 206 4
133 206 4
135 206 4
135 224 4
136 206 4
138 160 4
138 215 4
138 267 4
140 226 4
141 182 4
141 206 4
142 148 4
142 163 4
142 165 4
144 256 4
146 169 4
146 190 4
146 202 4
147 165 4
147 177 4
147 206 4
148 161 4
148 209 4
148 242 4
150 263 4
150 290 4
152 222 4
154 198 4
154 265 4
154 272 4
155 263 4
155 272 4
156 190 4
157 167 4
157 186 4
157 202 4
157 206 4
157 276 4
157 289 4
157 304 4
158 206 4
158 214 4
158 259 4
159 173 4
159 221 4
159 280 4
161 256 4
162 216 4
164 206 4
165 253 4
165 275 4
165 284 4
166 177 4
166 206 4
166 307 4
170 177 4
170 259 4
171 177 4
171 181 4
171 237 4
171 238 4
171 251 4
171 267 4
171 275 4
171 277 4
171 330 4
173 184 4
173 198 4
173 256 4
173 267 4
173 272 4
173 328 4
176 206 4
176 281 4
177 322 4
178 180 4
178 206 4
179 206 4
180 191 4
180 225 4
180 272 4
181 242 4
183 282 4
183 315 4
185 194 4
188 202 4
188 206 4
190 220 4
190 231 4
190 246 4
190 253 4
192 232 4
194 207 4
194 244 4
194 267 4
194 297 4
194 326 4
198 206 4
198 283 4
199 223 4
200 256 4
202 272 4
202 297 4
203 206 4
204 299 4
206 209 4
206 210 4
206 214 4
206 218 4
206 224 4
206 227 4
206 228 4
206 238 4
206 245 4
206 254 4
206 255 4
206 258 4
206 259 4
206 262 4
206 267 4
206 271 4
206 277 4
206 293 4
206 294 4
206 295 4
206 296 4
206 297 4
206 300 4
206 306 4
206 319 4
208 281 4
209 256 4
209 269 4
211 234 4
212 267 4
213 248 4
214 296 4
214 324 4
215 308 4
216 232 4
217 258 4
217 269 4
226 272 4
227 228 4
227 253 4
231 255 4
231 265 4
231 317 4
232 256 4
232 273 4
234 254 4
236 293 4
240 253 4
240 277 4
241 252 4
243 283 4
244 274 4
244 302 4
253 264 4
253 266 4
253 290 4
253 300 4
253 312 4
253 328 4
256 265 4
258 268 4
261 272 4
261 277 4
261 324 4
263 323 4
267 283 4
271 272 4
277 284 4
281 312 4
295 308 4
297 315 4
59 173 4
59 140 4
153 253 4
35 103 4
124 195 4
28 225 4
92 212 4
50 206 4
72 135 4
79 256 4
28 293 4
54 72 4
60 96 4
75 85 4
35 124 4
6 287 4
41 206 4
3 232 4
20 312 4
44 109 4
203 269 4
190 195 4
215 296 4
86 324 4
41 225 4
124 135 4
293 300 4
73 91 4
72 364 4
72 210 4
28 209 4
88 178 4
20 266 4
9 124 4
25 267 4
185 275 4
206 340 4
91 276 4
39 259 4
172 339 4
171 268 4
165 206 4
108 172 4
86 362 4
138 365 4
141 321 4
149 254 4
74 353 4
74 255 4
256 285 4
54 110 4
53 253 4
126 206 4
141 174 4
206 250 4
103 340 4
47 194 4
62 206 4
103 122 4
129 131 4
145 157 4
199 206 4
34 209 4
73 235 4
122 147 4
31 165 4
20 304 4
206 309 4
194 361 4
79 327 4
54 201 4
2 54 4
98 277 4
104 135 4
83 113 4
125 210 4
36 317 4
29 122 4
44 173 4
69 327 4
199 358 4
95 97 4
191 256 4
267 277 4
22 174 4
52 308 4
171 298 4
106 206 4
78 171 4
206 301 4
111 206 4
114 341 4
238 241 4
26 178 4
100 135 4
263 325 4
175 217 4
149 363 4
243 301 4
244 322 4
163 340 4
206 221 4
114 301 4
155 206 4
85 286 4
154 206 4
52 255 4
206 215 4
22 149 4
79 99 4
138 285 4
70 86 4
124 261 4
276 296 4
132 171 4
52 178 4
194 212 4
2 297 4
52 190 4
54 287 4
54 222 4
48 202 4
25 28 4
212 349 4
42 268 4
54 299 4
116 176 4
5 44 4
29 38 4
15 320 4
96 141 4
263 338 4
38 115 4
10 325 4
124 148 4
200 207 4
42 299 4
25 206 4
85 201 4
74 139 4
138 242 4
49 319 4
54 260 4
103 316 4
77 260 4
75 115 4
16 253 4
54 227 4
100 242 4
67 122 4
75 257 4
206 365 4
141 292 4
263 284 4
4 227 4
84 322 4
62 122 4
10 236 4
117 251 4
34 364 4
63 184 4
97 195 4
164 253 4
124 225 4
115 155 4
46 123 4
237 356 4
3 165 4
38 168 4
160 316 4
304 315 4
30 54 4
202 258 4
238 284 4
58 115 4
102 206 4
140 144 4
10 127 4
155 179 4
206 232 4
185 327 4
60 292 4
251 253 4
72 332 4
141 159 4
206 305 4
38 64 4
51 122 4
185 228 4
135 229 4
91 103 4
159 294 4
267 278 4
100 206 4
65 206 4
54 289 4
190 268 4
138 229 4
151 268 4
218 254 4
214 267 4
240 334 4
6 38 4
78 206 4
124 184 4
45 116 4
136 213 4
194 205 4
121 268 4
15 116 4
85 216 4
203 241 4
198 218 4
40 43 4
80 297 4
10 86 4
159 209 4
114 119 4
13 96 4
130 174 4
29 165 4
38 231 4
60 338 4
54 83 4
117 136 4
270 272 4
52 76 4
51 86 4
30 182 4
206 312 4
76 206 4
206 350 4
141 171 4
2 232 4
52 272 4
54 266 4
60 223 4
68 324 4
178 328 4
29 156 4
62 267 4
34 353 4
78 238 4
52 334 4
206 310 4
99 171 4
31 274 4
162 163 4
165 298 4
218 278 4
124 206 4
54 213 4
30 83 4
26 74 4
86 222 4
127 259 4
206 248 4
206 334 4
54 102 4
124 144 4
272 297 4
39 108 4
4 60 4
19 270 4
57 345 4
126 202 4
31 84 4
54 283 4
69 206 4
213 323 4
204 289 4
92 360 4
62 167 4
7 357 4
10 245 4
293 304 4
65 347 4
259 310 4
188 198 4
206 298 4
2 136 4
54 275 4
182 345 4
84 210 4
40 109 4
234 272 4
31 206 4
272 364 4
88 213 4
232 261 4
155 268 4
35 206 4
113 202 4
98 125 4
54 236 4
206 314 4
206 325 4
182 249 4
52 57 4
54 252 4
42 263 4
159 175 4
54 122 4
105 272 4
130 326 4
268 354 4
186 272 4
113 296 4
40 59 4
206 359 4
76 250 4
44 251 4
150 302 4
151 181 4
151 363 4
206 213 4
60 288 4
164 272 4
91 150 4
159 206 4
100 177 4
152 316 4
171 273 4
26 42 4
126 251 4
24 79 4
250 274 4
206 352 4
52 174 4
40 320 4
194 329 4
126 291 4
132 224 4
272 326 4
188 348 4
101 144 4
171 342 4
41 194 4
123 162 4
235 351 4
165 308 4
43 206 4
21 54 4
206 264 4
31 267 4
206 280 4
187 206 4
260 285 4
28 347 4
254 277 4
51 237 4
207 245 4
116 171 4
52 165 4
59 69 4
227 250 4
52 253 4
21 94 4
137 166 4
206 316 4
52 281 4
171 188 4
18 281 4
127 178 4
272 293 4
74 149 4
157 285 4
171 303 4
122 165 4
9 52 4
165 251 4
209 298 4
123 305 4
20 131 4
17 206 4
22 111 4
237 284 4
138 205 4
165 365 4
52 108 4
110 229 4
57 321 4
228 267 4
9 41 4
256 290 4
125 277 4
206 237 4
10 48 4
106 145 4
170 218 4
28 226 4
125 127 4
88 238 4
171 311 4
136 171 4
52 208 4
7 18 4
152 206 4
84 137 4
63 188 4
102 122 4
28 302 4
112 212 4
34 258 4
52 55 4
227 328 4
5 202 4
123 206 4
226 253 4
24 52 4
33 105 4
44 252 4
159 257 4
54 253 4
138 336 4
137 313 4
15 223 4
62 333 4
36 165 4
39 78 4
33 229 4
248 267 4
206 332 4
15 354 4
178 361 4
113 216 4
86 294 4
58 255 4
116 239 4
114 339 4
66 206 4
59 284 4
215 320 4
52 170 4
125 226 4
206 344 4
60 87 4
268 323 4
250 264 4
39 48 4
78 86 4
206 275 4
2 321 4
249 272 4
151 243 4
226 296 4
43 253 4
138 171 4
86 313 4
115 132 4
140 333 4
134 364 4
124 305 4
110 264 4
13 277 4
52 355 4
64 175 4
42 243 4
72 331 4
140 204 4
42 109 4
64 165 4
74 207 4
190 227 4
104 206 4
129 206 4
17 328 4
179 200 4
103 220 4
75 323 4
175 253 4
206 226 4
41 54 4
100 130 4
232 352 4
84 331 4
42 104 4
137 253 4
44 361 4
265 304 4
173 240 4
263 315 4
159 187 4
34 220 4
23 286 4
222 328 4
21 217 4
8 34 4
173 264 4
206 225 4
143 151 4
206 331 4
87 263 4
75 226 4
258 286 4
88 318 4
74 119 4
171 333 4
168 206 4
286 318 4
20 240 4
106 202 4
2 344 4
255 309 4
19 120 4
157 161 4
60 364 4
178 305 4
119 301 4
10 271 4
69 294 4
138 206 4
178 313 4
25 63 4
132 337 4
46 54 4
106 253 4
74 102 4
78 254 4
30 206 4
154 216 4
140 276 4
171 334 4
194 272 4
189 206 4
11 41 4
123 140 4
193 212 4
71 206 4
267 314 4
114 134 4
74 198 4
8 308 4
155 171 4
28 256 4
198 213 4
17 317 4
37 108 4
128 177 4
206 287 4
105 190 4
174 264 4
191 206 4
15 339 4
47 337 4
23 188 4
51 72 4
217 288 4
161 288 4
79 259 4
138 199 4
202 206 4
304 328 4
272 332 4
36 116 4
148 195 4
174 256 4
206 269 4
58 86 4
225 286 4
163 274 4
198 337 4
206 341 4
54 232 4
52 264 4
165 357 4
38 108 4
206 257 4
47 339 4
103 352 4
327 328 4
150 261 4
125 239 4
166 226 4
49 341 4
186 226 4
70 272 4
206 343 4
123 237 4
65 171 4
159 171 4
116 309 4
5 69 4
45 124 4
47 146 4
116 206 4
155 357 4
40 357 4
136 177 4
40 328 4
36 206 4
36 94 4
134 202 4
28 271 4
63 354 4
47 143 4
74 361 4
157 238 4
156 263 4
150 342 4
206 355 4
42 152 4
272 308 4
102 174 4
68 317 4
104 166 4
52 181 4
206 256 4
51 278 4
48 52 4
54 139 4
27 216 4
118 190 4
130 156 4
281 358 4
35 253 4
54 147 4
54 113 4
30 199 4
296 330 4
38 297 4
232 333 4
51 333 4
229 256 4
195 206 4
143 269 4
104 290 4
44 336 4
45 214 4
100 163 4
138 265 4
89 182 4
76 244 4
114 226 4
86 316 4
92 133 4
72 310 4
293 317 4
183 277 4
206 274 4
157 314 4
86 302 4
189 232 4
23 62 4
103 157 4
157 357 4
51 263 4
141 233 4
206 360 4
54 248 4
85 361 4
72 146 4
228 360 4
54 295 4
163 215 4
206 285 4
104 219 4
28 339 4
12 206 4
206 333 4
230 251 4
214 256 4
128 130 4
161 263 4
79 241 4
56 132 4
105 157 4
15 338 4
174 304 4
125 146 4
89 190 4
114 138 4
209 322 4
206 284 4
52 135 4
136 309 4
2 213 4
206 243 4
7 256 4
171 259 4
10 232 4
178 333 4
72 97 4
170 190 4
267 346 4
1 97 4
42 303 4
26 269 4
45 69 4
18 62 4
160 277 4
75 304 4
133 259 4
70 98 4
70 326 4
209 226 4
25 244 4
79 206 4
174 195 4
72 208 4
40 139 4
8 291 4
206 358 4
81 273 4
52 152 4
9 15 4
92 277 4
304 323 4
206 304 4
122 206 4
74 80 4
52 364 4
149 272 4
52 209 4
206 315 4
40 327 4
19 99 4
54 107 4
163 322 4
32 213 4
100 219 4
212 272 4
130 242 4
100 139 4
165 236 4
85 364 4
206 347 4
86 97 4
145 150 4
182 206 4
217 321 4
206 289 4
31 236 4
97 168 4
71 165 4
51 322 4
202 279 4
123 220 4
68 206 4
59 142 4
136 159 4
206 320 4
161 247 4
41 99 4
76 251 4
284 365 4
105 167 4
138 310 4
141 265 4
105 259 4
92 130 4
13 178 4
38 194 4
59 260 4
40 152 4
194 224 4
267 286 4
45 107 4
140 335 4
156 171 4
51 228 4
47 176 4
206 336 4
162 206 4
