1 22 5
1 206 5
1 254 5
3 60 5
3 258 5
4 45 5
4 85 5
4 122 5
4 147 5
4 151 5
4 198 5
4 246 5
4 266 5
4 330 5
5 176 5
5 297 5
6 57 5
6 60 5
6 97 5
6 157 5
8 43 5
8 47 5
8 68 5
8 91 5
9 22 5
9 81 5
9 289 5
10 60 5
10 89 5
11 205 5
11 232 5
12 62 5
12 190 5
12 252 5
14 184 5
14 204 5
14 233 5
15 36 5
15 92 5
16 89 5
16 349 5
17 33 5
17 34 5
17 247 5
17 256 5
17 306 5
17 348 5
18 62 5
18 283 5
19 232 5
19 266 5
20 100 5
20 145 5
20 219 5
21 109 5
21 111 5
21 123 5
21 129 5
21 272 5
22 26 5
22 46 5
22 60 5
22 106 5
22 187 5
22 195 5
22 212 5
22 235 5
25 36 5
25 218 5
25 232 5
25 242 5
26 42 5
26 255 5
26 351 5
28 155 5
28 167 5
28 190 5
28 207 5
28 217 5
28 285 5
29 53 5
29 77 5
29 85 5
29 122 5
29 148 5
29 251 5
29 289 5
29 318 5
30 51 5
30 84 5
30 103 5
30 277 5
30 353 5
32 277 5
33 140 5
33 190 5
34 35 5
34 51 5
34 162 5
34 249 5
34 300 5
34 324 5
34 339 5
36 60 5
36 122 5
36 137 5
36 158 5
36 181 5
36 247 5
36 299 5
36 303 5
36 312 5
37 60 5
37 92 5
37 104 5
38 43 5
38 62 5
38 185 5
39 97 5
39 282 5
41 115 5
41 289 5
42 145 5
42 227 5
42 350 5
43 156 5
43 162 5
43 208 5
43 285 5
43 302 5
44 60 5
44 115 5
44 189 5
44 232 5
45 66 5
45 78 5
45 97 5
45 333 5
45 339 5
46 197 5
46 233 5
46 349 5
47 97 5
47 141 5
47 186 5
48 104 5
48 123 5
48 129 5
48 272 5
50 86 5
50 94 5
51 89 5
51 122 5
51 216 5
51 217 5
51 237 5
51 242 5
51 282 5
52 129 5
52 132 5
52 206 5
52 243 5
52 272 5
53 56 5
53 71 5
54 150 5
54 190 5
54 283 5
54 287 5
55 58 5
55 97 5
55 167 5
55 284 5
56 123 5
57 172 5
58 147 5
58 237 5
59 162 5
60 62 5
60 86 5
60 89 5
60 95 5
60 96 5
60 97 5
60 108 5
60 132 5
60 160 5
60 191 5
60 196 5
60 221 5
60 232 5
60 267 5
60 284 5
60 285 5
60 286 5
60 301 5
61 183 5
62 207 5
62 230 5
62 255 5
62 281 5
62 294 5
63 272 5
64 197 5
64 357 5
65 272 5
66 255 5
67 190 5
67 322 5
68 220 5
68 232 5
69 79 5
69 207 5
70 71 5
70 272 5
71 75 5
71 182 5
71 203 5
72 97 5
72 194 5
72 322 5
73 198 5
73 204 5
73 223 5
74 205 5
75 89 5
75 162 5
76 173 5
76 272 5
77 91 5
77 159 5
77 176 5
77 204 5
77 214 5
77 285 5
77 298 5
77 325 5
77 361 5
78 155 5
78 158 5
78 172 5
78 202 5
78 218 5
78 221 5
78 232 5
78 254 5
78 264 5
78 274 5
78 286 5
78 293 5
78 342 5
78 346 5
78 355 5
79 87 5
80 89 5
80 111 5
80 233 5
81 190 5
81 275 5
82 192 5
82 232 5
83 119 5
83 289 5
83 309 5
84 91 5
84 121 5
84 203 5
84 217 5
85 170 5
85 204 5
85 232 5
85 268 5
85 272 5
86 165 5
86 232 5
86 307 5
87 88 5
87 173 5
87 180 5
87 232 5
87 307 5
88 107 5
88 157 5
88 232 5
89 105 5
89 126 5
89 181 5
89 215 5
89 216 5
89 226 5
89 237 5
89 245 5
89 358 5
90 95 5
90 174 5
90 204 5
90 225 5
90 234 5
91 127 5
91 130 5
91 174 5
91 187 5
91 218 5
91 306 5
92 97 5
92 144 5
92 255 5
92 322 5
93 185 5
93 286 5
94 112 5
94 157 5
94 283 5
95 243 5
96 97 5
96 118 5
96 206 5
96 226 5
96 232 5
97 104 5
97 109 5
97 121 5
97 123 5
97 154 5
97 158 5
97 166 5
97 172 5
97 176 5
97 192 5
97 204 5
97 217 5
97 245 5
97 254 5
97 266 5
97 281 5
97 325 5
97 328 5
97 332 5
98 124 5
98 290 5
100 174 5
100 232 5
101 114 5
102 109 5
103 104 5
103 185 5
103 193 5
104 161 5
104 172 5
104 246 5
104 304 5
104 314 5
104 316 5
107 134 5
108 178 5
108 219 5
108 277 5
109 160 5
110 241 5
111 135 5
111 140 5
111 176 5
111 218 5
112 153 5
112 232 5
113 122 5
113 157 5
113 223 5
113 232 5
113 347 5
114 117 5
114 185 5
114 242 5
114 272 5
115 171 5
115 232 5
115 272 5
115 281 5
115 306 5
116 147 5
116 172 5
116 211 5
116 221 5
118 185 5
118 356 5
120 190 5
120 272 5
121 216 5
121 252 5
121 319 5
122 166 5
122 207 5
122 301 5
122 353 5
122 365 5
123 244 5
123 251 5
124 232 5
124 251 5
127 243 5
127 272 5
127 322 5
128 232 5
129 166 5
129 237 5
129 276 5
129 281 5
129 340 5
130 151 5
130 166 5
130 232 5
130 296 5
130 354 5
131 180 5
131 192 5
131 348 5
132 220 5
132 272 5
133 184 5
133 251 5
134 156 5
134 350 5
135 287 5
136 190 5
136 274 5
137 141 5
137 328 5
138 315 5
139 176 5
139 272 5
139 308 5
140 272 5
141 165 5
141 180 5
141 245 5
142 190 5
143 264 5
144 162 5
144 248 5
145 200 5
145 232 5
146 205 5
147 190 5
147 200 5
147 311 5
147 342 5
148 224 5
148 240 5
148 244 5
148 275 5
149 217 5
149 272 5
151 217 5
152 160 5
152 190 5
152 240 5
152 325 5
153 194 5
154 351 5
157 249 5
157 262 5
157 358 5
159 232 5
161 232 5
161 243 5
162 250 5
162 272 5
162 326 5
163 183 5
163 330 5
164 224 5
164 240 5
166 171 5
168 287 5
170 232 5
171 243 5
172 194 5
172 290 5
173 265 5
173 346 5
174 232 5
176 216 5
176 240 5
176 318 5
177 235 5
178 192 5
178 268 5
179 190 5
179 321 5
180 185 5
180 232 5
180 272 5
182 227 5
182 228 5
182 232 5
182 258 5
182 293 5
184 230 5
184 251 5
184 325 5
185 253 5
185 259 5
185 340 5
187 197 5
188 346 5
189 214 5
189 272 5
190 191 5
190 222 5
190 226 5
190 258 5
190 264 5
190 282 5
190 290 5
190 349 5
191 216 5
191 249 5
192 224 5
193 220 5
193 257 5
193 356 5
194 201 5
194 227 5
194 232 5
194 293 5
195 242 5
195 272 5
196 198 5
196 239 5
196 251 5
196 257 5
201 233 5
201 248 5
201 316 5
202 211 5
202 240 5
204 240 5
205 212 5
207 220 5
207 272 5
208 214 5
210 262 5
210 292 5
210 355 5
211 242 5
211 286 5
211 298 5
212 236 5
213 224 5
213 302 5
214 273 5
214 283 5
214 318 5
216 269 5
216 287 5
217 223 5
217 251 5
218 272 5
218 349 5
218 350 5
219 232 5
219 248 5
221 232 5
221 241 5
221 272 5
221 273 5
222 225 5
222 234 5
222 293 5
222 294 5
223 251 5
223 272 5
223 359 5
223 364 5
229 232 5
232 233 5
232 235 5
232 241 5
232 245 5
232 257 5
232 259 5
232 261 5
232 264 5
232 268 5
232 269 5
232 277 5
232 279 5
232 290 5
232 294 5
232 295 5
232 304 5
232 312 5
232 321 5
232 323 5
232 325 5
232 332 5
232 336 5
232 348 5
232 362 5
232 365 5
234 271 5
234 336 5
237 272 5
238 283 5
239 259 5
239 272 5
239 316 5
243 317 5
244 251 5
247 271 5
248 272 5
251 322 5
251 362 5
254 266 5
254 292 5
257 272 5
259 272 5
263 333 5
263 339 5
264 272 5
264 318 5
264 322 5
269 278 5
270 272 5
270 283 5
271 320 5
272 281 5
272 295 5
272 298 5
272 333 5
272 334 5
272 343 5
272 351 5
276 285 5
276 323 5
279 295 5
281 362 5
284 286 5
292 318 5
295 339 5
302 312 5
308 338 5
309 356 5
317 345 5
325 361 5
341 349 5
360 361 5
20 329 5
143 353 5
326 349 5
290 353 5
59 232 5
349 356 5
144 256 5
38 157 5
68 353 5
85 174 5
102 232 5
172 365 5
115 203 5
34 267 5
89 99 5
60 145 5
32 219 5
45 191 5
178 272 5
232 371 5
6 82 5
232 400 5
51 272 5
157 370 5
28 349 5
38 189 5
21 154 5
259 296 5
130 147 5
272 309 5
1 207 5
100 251 5
90 279 5
11 97 5
166 383 5
196 302 5
4 399 5
62 99 5
172 206 5
256 380 5
82 266 5
76 349 5
108 216 5
22 385 5
103 215 5
232 333 5
89 255 5
97 317 5
232 250 5
97 256 5
179 232 5
1 97 5
189 328 5
60 189 5
208 400 5
43 307 5
167 372 5
174 191 5
122 148 5
81 272 5
190 340 5
296 316 5
166 252 5
126 325 5
15 234 5
227 272 5
32 86 5
293 319 5
272 326 5
60 373 5
77 232 5
103 117 5
21 34 5
140 217 5
197 317 5
219 396 5
114 128 5
177 243 5
249 381 5
161 166 5
77 211 5
85 199 5
183 248 5
217 330 5
254 395 5
191 371 5
116 234 5
46 55 5
190 208 5
12 266 5
86 97 5
147 350 5
41 131 5
264 339 5
211 327 5
116 400 5
49 56 5
110 272 5
224 368 5
229 282 5
41 318 5
78 173 5
190 260 5
216 225 5
272 387 5
156 222 5
83 349 5
253 271 5
6 215 5
97 311 5
18 83 5
22 71 5
47 83 5
77 131 5
170 223 5
31 232 5
113 284 5
77 147 5
24 284 5
89 349 5
63 97 5
26 242 5
72 305 5
128 272 5
228 272 5
166 207 5
290 321 5
34 197 5
220 358 5
5 88 5
99 162 5
240 319 5
107 116 5
119 249 5
232 395 5
225 271 5
176 273 5
166 233 5
212 296 5
78 90 5
323 382 5
108 359 5
220 224 5
143 222 5
181 272 5
147 151 5
31 114 5
1 273 5
232 240 5
273 317 5
125 234 5
51 195 5
12 156 5
96 333 5
38 48 5
91 189 5
1 274 5
45 287 5
63 183 5
191 343 5
174 332 5
13 34 5
4 348 5
46 132 5
80 227 5
177 312 5
94 239 5
234 378 5
166 238 5
232 360 5
327 334 5
120 154 5
62 254 5
16 86 5
349 359 5
87 389 5
37 58 5
133 272 5
11 310 5
276 335 5
272 306 5
306 389 5
232 274 5
196 370 5
49 60 5
89 235 5
218 302 5
111 232 5
104 391 5
198 249 5
217 272 5
60 159 5
187 263 5
254 401 5
227 305 5
4 130 5
112 338 5
145 291 5
204 232 5
254 389 5
232 283 5
272 339 5
76 340 5
108 309 5
147 290 5
248 296 5
211 255 5
272 388 5
5 190 5
97 248 5
133 322 5
175 190 5
33 348 5
271 282 5
7 272 5
60 206 5
101 232 5
59 285 5
80 282 5
249 256 5
129 213 5
248 298 5
87 381 5
4 168 5
97 129 5
133 308 5
97 344 5
102 285 5
287 344 5
31 290 5
8 355 5
190 221 5
166 195 5
22 129 5
77 265 5
66 76 5
1 91 5
60 313 5
156 312 5
122 233 5
69 255 5
242 272 5
27 190 5
45 272 5
146 190 5
227 367 5
7 373 5
239 333 5
234 394 5
1 155 5
89 335 5
79 115 5
27 272 5
167 302 5
20 43 5
36 195 5
202 270 5
286 310 5
219 357 5
148 263 5
64 272 5
156 305 5
243 314 5
174 239 5
232 352 5
351 377 5
78 348 5
2 190 5
80 336 5
97 352 5
242 293 5
123 347 5
231 232 5
159 174 5
160 272 5
21 61 5
122 291 5
4 249 5
1 18 5
188 292 5
232 375 5
132 326 5
41 90 5
197 272 5
89 91 5
80 190 5
45 122 5
185 257 5
295 325 5
224 261 5
174 234 5
97 261 5
176 297 5
87 139 5
89 153 5
254 356 5
96 398 5
60 85 5
170 225 5
30 399 5
173 284 5
206 224 5
96 185 5
19 217 5
98 182 5
3 160 5
190 300 5
89 265 5
3 4 5
63 294 5
122 230 5
232 278 5
356 375 5
316 333 5
245 251 5
10 190 5
111 355 5
251 398 5
43 394 5
88 175 5
18 332 5
45 82 5
52 190 5
344 392 5
133 354 5
160 335 5
166 178 5
30 255 5
6 225 5
190 255 5
205 272 5
221 285 5
85 181 5
237 264 5
172 401 5
85 205 5
192 272 5
239 276 5
83 215 5
30 287 5
110 175 5
60 361 5
129 312 5
144 296 5
4 264 5
177 194 5
48 254 5
174 187 5
215 339 5
79 284 5
48 228 5
141 189 5
57 220 5
97 214 5
29 232 5
238 361 5
162 190 5
134 215 5
216 283 5
20 388 5
75 166 5
190 219 5
107 270 5
272 383 5
262 280 5
315 371 5
3 58 5
51 289 5
182 389 5
14 337 5
258 282 5
23 122 5
215 272 5
110 284 5
232 239 5
65 145 5
78 314 5
54 198 5
4 40 5
197 205 5
81 379 5
76 81 5
43 70 5
36 344 5
361 367 5
196 272 5
37 190 5
255 321 5
60 324 5
85 397 5
97 244 5
109 249 5
134 232 5
34 54 5
173 232 5
62 186 5
18 398 5
52 232 5
134 245 5
251 278 5
222 241 5
171 189 5
6 115 5
283 339 5
77 328 5
60 364 5
19 129 5
69 272 5
90 233 5
190 337 5
78 107 5
126 295 5
156 272 5
24 273 5
107 218 5
4 200 5
97 400 5
232 372 5
42 251 5
96 112 5
291 332 5
87 236 5
233 326 5
232 335 5
197 251 5
375 401 5
89 369 5
81 91 5
190 244 5
24 102 5
181 189 5
60 139 5
13 272 5
6 396 5
65 232 5
60 276 5
220 254 5
78 170 5
167 218 5
41 190 5
42 208 5
78 271 5
94 214 5
244 313 5
112 230 5
77 278 5
272 371 5
20 204 5
232 311 5
3 224 5
232 301 5
133 205 5
60 268 5
157 276 5
106 236 5
30 383 5
4 22 5
43 232 5
47 272 5
236 348 5
22 204 5
290 334 5
35 97 5
57 398 5
31 222 5
109 396 5
97 224 5
249 382 5
184 346 5
246 374 5
141 278 5
215 349 5
103 109 5
49 246 5
177 216 5
85 351 5
200 204 5
64 207 5
190 200 5
18 104 5
24 44 5
170 341 5
109 215 5
296 393 5
141 327 5
40 251 5
181 291 5
107 209 5
188 189 5
156 332 5
223 390 5
56 232 5
123 334 5
15 97 5
255 371 5
272 382 5
88 274 5
85 222 5
272 363 5
22 198 5
109 311 5
35 104 5
23 272 5
318 399 5
18 160 5
54 343 5
24 242 5
68 159 5
272 393 5
81 400 5
1 46 5
116 232 5
104 256 5
24 290 5
53 98 5
216 355 5
71 199 5
62 75 5
30 331 5
82 318 5
78 284 5
235 278 5
187 369 5
144 365 5
40 342 5
40 97 5
232 350 5
317 383 5
190 274 5
42 243 5
297 362 5
29 108 5
34 255 5
126 232 5
369 371 5
282 398 5
187 259 5
71 272 5
104 180 5
87 251 5
255 332 5
184 199 5
95 272 5
88 146 5
114 328 5
166 232 5
12 326 5
29 272 5
89 135 5
83 223 5
97 193 5
207 251 5
91 342 5
133 171 5
29 154 5
190 322 5
97 304 5
51 293 5
60 330 5
97 335 5
96 342 5
38 85 5
66 251 5
200 232 5
249 326 5
41 233 5
246 251 5
57 214 5
97 195 5
105 146 5
130 387 5
49 196 5
125 330 5
272 330 5
6 138 5
76 112 5
211 233 5
240 332 5
88 365 5
139 374 5
190 360 5
188 328 5
244 341 5
3 295 5
77 137 5
40 87 5
186 330 5
26 328 5
92 104 5
150 272 5
97 279 5
73 232 5
255 349 5
215 348 5
232 270 5
232 368 5
203 255 5
186 229 5
60 156 5
20 117 5
256 370 5
62 171 5
215 236 5
97 367 5
42 387 5
38 190 5
54 400 5
6 351 5
104 143 5
206 240 5
127 280 5
109 352 5
25 284 5
200 236 5
187 346 5
161 186 5
272 335 5
35 167 5
78 326 5
35 93 5
173 277 5
26 53 5
153 319 5
16 195 5
97 114 5
20 158 5
86 288 5
10 37 5
104 141 5
218 364 5
227 377 5
272 357 5
104 190 5
272 362 5
11 281 5
131 237 5
254 394 5
172 183 5
82 240 5
16 237 5
171 178 5
29 89 5
169 233 5
68 78 5
309 314 5
147 360 5
113 272 5
4 360 5
92 243 5
104 379 5
202 272 5
89 102 5
5 77 5
141 232 5
131 232 5
141 272 5
79 198 5
297 325 5
253 285 5
12 371 5
107 348 5
121 272 5
66 96 5
6 272 5
26 184 5
217 294 5
263 345 5
50 195 5
45 258 5
139 164 5
6 213 5
97 291 5
134 346 5
78 363 5
215 361 5
54 329 5
127 144 5
29 367 5
148 173 5
232 302 5
286 357 5
244 362 5
173 249 5
12 140 5
314 328 5
154 399 5
17 159 5
298 371 5
51 397 5
243 322 5
234 360 5
134 251 5
181 279 5
11 290 5
39 317 5
83 172 5
185 383 5
118 344 5
118 287 5
78 109 5
171 190 5
81 211 5
4 258 5
255 258 5
26 272 5
136 177 5
251 356 5
249 314 5
97 239 5
204 211 5
282 294 5
174 215 5
168 201 5
276 326 5
71 173 5
114 232 5
214 378 5
175 232 5
161 257 5
62 97 5
57 156 5
74 97 5
1 390 5
145 321 5
87 262 5
143 256 5
22 236 5
197 372 5
58 200 5
159 399 5
39 198 5
85 362 5
95 115 5
109 306 5
8 272 5
295 386 5
124 199 5
135 232 5
134 258 5
143 232 5
59 77 5
209 353 5
91 214 5
39 217 5
51 271 5
203 244 5
35 246 5
78 139 5
24 123 5
114 190 5
201 306 5
1 322 5
169 264 5
30 117 5
203 381 5
97 164 5
182 241 5
13 355 5
236 323 5
207 308 5
269 272 5
75 263 5
272 287 5
182 214 5
12 149 5
174 183 5
30 390 5
60 238 5
193 394 5
187 277 5
211 371 5
63 180 5
4 290 5
161 388 5
54 60 5
44 296 5
47 291 5
220 369 5
4 141 5
259 340 5
62 180 5
295 308 5
176 385 5
30 193 5
100 397 5
270 279 5
3 237 5
251 323 5
31 272 5
69 256 5
254 307 5
4 142 5
130 286 5
104 358 5
147 285 5
1 391 5
103 196 5
115 365 5
30 150 5
116 155 5
30 300 5
17 151 5
22 142 5
138 232 5
200 355 5
68 322 5
272 396 5
272 294 5
56 328 5
203 397 5
36 359 5
272 353 5
30 373 5
126 287 5
50 314 5
60 377 5
97 179 5
188 191 5
216 260 5
182 265 5
187 324 5
295 376 5
90 314 5
224 232 5
60 342 5
200 330 5
15 272 5
300 330 5
10 96 5
124 270 5
1 324 5
60 87 5
238 284 5
21 122 5
154 337 5
142 185 5
251 375 5
75 339 5
195 289 5
256 365 5
167 363 5
195 200 5
97 181 5
97 265 5
82 148 5
123 382 5
47 240 5
39 272 5
89 350 5
128 282 5
81 344 5
30 196 5
62 92 5
72 272 5
83 272 5
57 364 5
77 209 5
184 322 5
232 353 5
54 339 5
157 389 5
200 216 5
171 375 5
272 323 5
60 401 5
82 356 5
87 383 5
62 359 5
85 344 5
97 159 5
188 314 5
132 232 5
174 377 5
145 333 5
233 357 5
162 279 5
232 384 5
45 308 5
97 277 5
267 339 5
209 272 5
29 323 5
131 152 5
88 282 5
26 216 5
201 272 5
192 212 5
178 223 5
132 338 5
6 42 5
13 17 5
370 399 5
87 311 5
325 351 5
4 185 5
65 202 5
112 215 5
123 127 5
325 327 5
28 140 5
77 283 5
190 232 5
266 391 5
196 271 5
85 150 5
191 358 5
224 288 5
88 97 5
64 99 5
129 235 5
121 232 5
157 277 5
152 344 5
13 97 5
157 341 5
82 341 5
215 271 5
302 304 5
41 272 5
109 186 5
282 382 5
144 243 5
85 173 5
47 81 5
280 286 5
89 260 5
219 230 5
13 89 5
246 346 5
63 332 5
89 114 5
33 343 5
309 345 5
84 89 5
36 77 5
7 270 5
6 359 5
60 322 5
121 292 5
187 232 5
74 316 5
142 349 5
107 203 5
230 232 5
95 251 5
114 193 5
190 210 5
161 400 5
232 338 5
185 231 5
235 279 5
240 261 5
267 282 5
157 307 5
131 272 5
5 69 5
1 174 5
181 278 5
7 32 5
298 318 5
129 354 5
