1 33 3
1 205 3
2 134 3
2 216 3
2 230 3
3 43 3
3 63 3
3 64 3
3 73 3
3 78 3
3 117 3
3 176 3
3 263 3
4 16 3
4 161 3
4 191 3
4 252 3
4 267 3
5 32 3
5 45 3
5 134 3
6 21 3
6 64 3
6 235 3
7 64 3
7 119 3
7 121 3
7 201 3
8 28 3
8 88 3
8 148 3
8 167 3
8 181 3
8 197 3
8 212 3
8 222 3
8 230 3
8 253 3
8 260 3
11 64 3
11 164 3
12 53 3
13 58 3
13 142 3
14 75 3
14 120 3
14 154 3
14 230 3
14 260 3
15 36 3
15 138 3
15 273 3
16 31 3
16 230 3
17 223 3
17 230 3
18 256 3
19 23 3
19 112 3
19 236 3
19 246 3
20 165 3
20 206 3
20 235 3
21 45 3
21 61 3
21 64 3
21 67 3
21 172 3
21 212 3
21 246 3
21 297 3
22 64 3
22 125 3
22 258 3
23 64 3
23 105 3
23 198 3
23 230 3
23 290 3
24 64 3
24 230 3
25 105 3
26 63 3
26 65 3
26 105 3
26 159 3
26 171 3
26 204 3
27 79 3
27 179 3
30 163 3
30 189 3
30 200 3
30 248 3
32 64 3
32 104 3
33 45 3
34 64 3
35 64 3
36 125 3
36 139 3
36 251 3
37 242 3
38 63 3
38 123 3
39 64 3
40 251 3
41 209 3
42 64 3
42 181 3
43 265 3
44 268 3
45 216 3
45 230 3
45 299 3
46 54 3
46 105 3
46 235 3
47 84 3
47 88 3
48 53 3
48 272 3
48 279 3
51 169 3
52 57 3
52 64 3
52 260 3
53 57 3
53 80 3
53 108 3
53 124 3
53 152 3
53 157 3
53 158 3
53 200 3
53 208 3
53 210 3
53 214 3
53 216 3
53 254 3
53 298 3
54 105 3
54 126 3
54 185 3
56 61 3
57 63 3
58 87 3
58 142 3
59 107 3
59 146 3
59 262 3
59 272 3
60 166 3
61 79 3
61 88 3
61 89 3
61 98 3
61 106 3
61 107 3
61 146 3
61 165 3
61 190 3
61 227 3
61 232 3
61 243 3
61 281 3
62 260 3
63 68 3
63 94 3
63 106 3
63 134 3
63 151 3
63 162 3
63 168 3
63 169 3
63 182 3
63 193 3
63 197 3
63 210 3
63 218 3
63 228 3
63 236 3
63 245 3
63 263 3
64 65 3
64 66 3
64 69 3
64 77 3
64 78 3
64 85 3
64 86 3
64 88 3
64 89 3
64 91 3
64 93 3
64 98 3
64 101 3
64 103 3
64 104 3
64 105 3
64 106 3
64 107 3
64 110 3
64 117 3
64 119 3
64 127 3
64 130 3
64 131 3
64 132 3
64 136 3
64 137 3
64 143 3
64 144 3
64 147 3
64 153 3
64 158 3
64 160 3
64 161 3
64 162 3
64 163 3
64 164 3
64 173 3
64 175 3
64 176 3
64 177 3
64 184 3
64 188 3
64 189 3
64 193 3
64 198 3
64 201 3
64 207 3
64 208 3
64 210 3
64 214 3
64 215 3
64 218 3
64 219 3
64 220 3
64 222 3
64 223 3
64 224 3
64 225 3
64 226 3
64 228 3
64 229 3
64 232 3
64 233 3
64 240 3
64 247 3
64 251 3
64 252 3
64 260 3
64 271 3
64 274 3
64 276 3
64 290 3
64 291 3
64 292 3
64 294 3
64 298 3
64 300 3
64 301 3
64 302 3
65 235 3
66 242 3
67 105 3
68 145 3
69 230 3
72 131 3
72 265 3
73 260 3
74 204 3
74 297 3
76 105 3
78 103 3
78 105 3
78 256 3
79 105 3
79 218 3
80 121 3
81 105 3
81 268 3
82 197 3
84 96 3
84 135 3
84 230 3
85 117 3
85 228 3
85 259 3
86 230 3
86 249 3
87 261 3
88 235 3
89 91 3
89 144 3
89 200 3
89 212 3
89 268 3
90 169 3
91 105 3
91 121 3
91 157 3
94 117 3
95 177 3
95 189 3
95 256 3
96 230 3
97 104 3
98 252 3
98 260 3
98 262 3
99 230 3
101 221 3
104 145 3
104 168 3
105 114 3
105 118 3
105 131 3
105 140 3
105 148 3
105 160 3
105 171 3
105 193 3
105 202 3
105 212 3
105 213 3
105 226 3
105 232 3
105 243 3
105 251 3
105 253 3
105 264 3
105 269 3
105 298 3
105 299 3
105 300 3
106 260 3
106 298 3
107 193 3
108 113 3
108 230 3
110 230 3
111 230 3
112 256 3
112 261 3
113 215 3
114 151 3
114 152 3
114 163 3
114 222 3
115 202 3
116 139 3
116 260 3
117 168 3
117 207 3
117 220 3
117 252 3
118 124 3
118 216 3
118 217 3
119 260 3
121 258 3
122 260 3
124 288 3
125 230 3
128 129 3
128 260 3
129 156 3
129 184 3
129 204 3
129 302 3
131 154 3
132 193 3
133 231 3
133 235 3
134 222 3
134 256 3
135 192 3
135 228 3
135 256 3
138 204 3
139 230 3
141 166 3
141 273 3
142 230 3
144 210 3
146 150 3
146 230 3
149 223 3
149 235 3
151 154 3
153 154 3
153 173 3
154 211 3
154 300 3
156 186 3
157 256 3
158 256 3
159 235 3
161 193 3
163 268 3
163 294 3
165 230 3
167 181 3
169 253 3
173 230 3
175 200 3
175 230 3
175 235 3
175 254 3
175 256 3
175 261 3
176 215 3
176 230 3
181 210 3
184 201 3
184 269 3
184 272 3
186 240 3
189 230 3
189 245 3
191 223 3
192 230 3
196 260 3
200 208 3
201 245 3
202 230 3
202 235 3
202 260 3
203 260 3
209 216 3
210 245 3
212 277 3
213 257 3
216 231 3
218 259 3
221 230 3
222 230 3
223 270 3
223 289 3
227 230 3
228 256 3
230 236 3
230 246 3
230 247 3
230 258 3
230 276 3
231 243 3
235 264 3
237 260 3
241 262 3
249 273 3
250 271 3
253 286 3
256 260 3
258 260 3
260 268 3
260 278 3
260 294 3
264 274 3
278 290 3
142 296 3
164 218 3
39 89 3
35 235 3
63 281 3
27 61 3
81 97 3
103 114 3
64 156 3
184 199 3
128 285 3
64 330 3
67 212 3
189 291 3
155 272 3
71 228 3
208 251 3
32 45 3
212 270 3
218 258 3
89 125 3
140 307 3
84 113 3
21 229 3
131 297 3
66 230 3
260 310 3
105 189 3
118 138 3
15 64 3
121 128 3
33 136 3
42 223 3
114 215 3
32 98 3
129 137 3
63 159 3
23 284 3
12 24 3
185 218 3
98 114 3
168 332 3
23 218 3
9 212 3
128 167 3
141 297 3
28 64 3
77 176 3
137 260 3
126 256 3
64 118 3
19 196 3
42 139 3
229 300 3
87 262 3
30 87 3
191 319 3
18 64 3
258 266 3
64 112 3
50 131 3
45 64 3
228 275 3
85 311 3
127 213 3
26 66 3
13 21 3
215 225 3
230 305 3
83 94 3
63 292 3
78 143 3
35 218 3
105 292 3
257 260 3
19 278 3
187 208 3
144 260 3
27 230 3
154 187 3
186 256 3
116 288 3
63 285 3
247 302 3
64 100 3
54 220 3
21 321 3
192 255 3
230 283 3
44 79 3
213 298 3
90 114 3
163 304 3
63 216 3
59 235 3
64 79 3
79 152 3
121 146 3
37 64 3
41 63 3
63 287 3
38 53 3
70 252 3
8 47 3
59 203 3
193 319 3
66 142 3
64 71 3
12 107 3
168 313 3
229 323 3
16 64 3
64 121 3
71 107 3
142 218 3
197 253 3
98 323 3
149 254 3
169 198 3
230 269 3
160 198 3
244 265 3
114 246 3
298 314 3
176 321 3
36 98 3
21 81 3
132 256 3
64 243 3
4 152 3
45 154 3
230 260 3
65 105 3
61 72 3
64 97 3
10 33 3
112 151 3
4 173 3
159 193 3
106 285 3
43 151 3
217 260 3
38 99 3
139 256 3
29 64 3
219 319 3
79 268 3
20 64 3
175 307 3
222 229 3
73 235 3
36 108 3
197 298 3
165 297 3
230 278 3
9 126 3
256 284 3
63 221 3
55 60 3
122 298 3
34 235 3
64 167 3
105 284 3
186 323 3
64 319 3
17 120 3
128 189 3
265 332 3
1 113 3
46 202 3
65 89 3
52 283 3
70 105 3
153 202 3
134 144 3
20 278 3
78 132 3
125 196 3
117 152 3
64 83 3
190 258 3
181 330 3
120 302 3
105 270 3
107 320 3
94 191 3
8 190 3
143 292 3
294 331 3
56 212 3
8 304 3
53 119 3
85 315 3
118 182 3
105 330 3
228 252 3
172 230 3
138 168 3
3 270 3
212 214 3
61 215 3
1 112 3
215 247 3
117 132 3
33 237 3
8 96 3
105 278 3
53 202 3
117 141 3
105 143 3
8 92 3
23 267 3
128 247 3
80 89 3
112 167 3
64 239 3
179 202 3
12 216 3
36 90 3
204 295 3
297 304 3
53 230 3
169 244 3
45 217 3
21 327 3
17 64 3
63 133 3
173 292 3
189 259 3
183 298 3
65 280 3
33 55 3
20 329 3
124 202 3
6 238 3
98 174 3
175 274 3
235 281 3
147 151 3
56 230 3
21 147 3
247 293 3
78 260 3
54 218 3
123 197 3
200 230 3
230 301 3
105 228 3
208 228 3
18 193 3
64 212 3
63 325 3
64 277 3
46 96 3
57 204 3
64 270 3
85 105 3
80 248 3
247 268 3
135 200 3
64 134 3
93 197 3
45 145 3
51 286 3
53 58 3
227 322 3
237 245 3
63 227 3
145 201 3
3 38 3
230 245 3
4 63 3
261 293 3
64 128 3
64 313 3
21 56 3
105 235 3
193 289 3
33 230 3
64 111 3
64 197 3
105 310 3
105 181 3
21 198 3
105 239 3
65 291 3
246 267 3
201 313 3
64 269 3
65 296 3
150 292 3
141 233 3
28 302 3
235 285 3
89 122 3
11 82 3
213 292 3
21 204 3
12 89 3
63 156 3
183 238 3
60 223 3
252 253 3
146 254 3
76 154 3
64 299 3
58 287 3
154 188 3
5 227 3
112 131 3
78 277 3
134 199 3
121 305 3
114 229 3
64 174 3
5 176 3
189 310 3
64 320 3
27 105 3
67 284 3
80 298 3
52 80 3
105 204 3
64 296 3
34 222 3
64 138 3
297 308 3
189 278 3
162 271 3
12 64 3
25 212 3
8 320 3
136 270 3
202 309 3
48 228 3
84 260 3
60 64 3
7 306 3
41 119 3
63 164 3
230 316 3
114 193 3
132 236 3
14 197 3
112 234 3
63 289 3
151 163 3
20 260 3
86 193 3
81 212 3
94 201 3
4 29 3
105 223 3
63 86 3
16 20 3
64 263 3
107 258 3
16 83 3
47 323 3
235 300 3
86 98 3
80 284 3
64 211 3
164 259 3
95 133 3
64 321 3
21 307 3
30 63 3
260 279 3
24 235 3
111 256 3
265 275 3
78 253 3
53 190 3
64 227 3
230 257 3
127 268 3
65 332 3
64 258 3
73 106 3
4 110 3
64 303 3
6 260 3
45 52 3
61 70 3
64 182 3
64 213 3
163 289 3
278 310 3
30 256 3
79 236 3
230 266 3
106 120 3
164 206 3
64 146 3
86 163 3
44 190 3
63 214 3
53 147 3
199 252 3
103 252 3
63 74 3
17 292 3
121 180 3
20 120 3
201 256 3
68 204 3
298 318 3
103 332 3
82 98 3
12 243 3
145 162 3
281 298 3
22 104 3
280 302 3
183 255 3
26 64 3
61 148 3
100 169 3
6 40 3
88 299 3
64 109 3
72 167 3
45 74 3
64 221 3
78 88 3
37 228 3
121 262 3
228 236 3
225 289 3
64 311 3
6 188 3
24 212 3
21 168 3
7 184 3
29 89 3
37 82 3
63 64 3
60 290 3
64 322 3
44 179 3
93 128 3
76 204 3
46 231 3
57 131 3
3 61 3
7 237 3
63 266 3
148 298 3
192 315 3
4 292 3
124 223 3
140 285 3
21 142 3
105 267 3
35 314 3
65 229 3
54 109 3
53 176 3
68 171 3
151 225 3
53 174 3
74 260 3
204 273 3
4 144 3
2 146 3
182 230 3
39 105 3
154 235 3
64 216 3
230 315 3
82 228 3
220 228 3
137 237 3
16 110 3
150 230 3
34 150 3
9 68 3
220 284 3
7 77 3
107 253 3
78 191 3
41 232 3
145 327 3
133 189 3
121 301 3
53 154 3
64 94 3
232 256 3
145 217 3
4 95 3
245 257 3
151 318 3
115 260 3
245 319 3
34 216 3
13 22 3
206 230 3
245 275 3
38 168 3
244 256 3
6 51 3
63 212 3
141 256 3
208 293 3
167 223 3
47 298 3
116 230 3
105 316 3
209 256 3
28 193 3
78 173 3
20 178 3
8 256 3
64 142 3
131 170 3
193 254 3
60 205 3
6 144 3
230 241 3
61 217 3
21 316 3
53 131 3
27 164 3
69 235 3
105 287 3
32 197 3
62 258 3
16 105 3
219 330 3
1 332 3
4 150 3
38 61 3
49 91 3
125 287 3
21 292 3
62 289 3
165 331 3
45 89 3
45 199 3
9 15 3
198 320 3
21 32 3
197 252 3
4 235 3
259 289 3
89 127 3
10 260 3
278 289 3
18 200 3
174 285 3
64 295 3
222 270 3
146 260 3
107 206 3
46 142 3
51 64 3
6 217 3
76 230 3
63 120 3
230 292 3
64 282 3
64 191 3
170 253 3
142 191 3
127 132 3
27 52 3
138 193 3
76 79 3
20 74 3
20 105 3
53 295 3
115 173 3
202 233 3
8 64 3
55 261 3
41 79 3
105 184 3
53 317 3
169 284 3
123 230 3
13 63 3
146 256 3
146 264 3
74 216 3
65 272 3
64 149 3
79 112 3
99 216 3
84 110 3
64 206 3
142 318 3
142 316 3
105 128 3
7 44 3
65 123 3
169 212 3
200 305 3
120 159 3
197 202 3
142 281 3
64 171 3
64 287 3
11 124 3
3 253 3
63 178 3
63 136 3
156 280 3
197 272 3
24 134 3
139 224 3
27 304 3
204 249 3
192 245 3
231 268 3
276 288 3
193 195 3
235 309 3
23 54 3
5 202 3
68 81 3
89 221 3
106 177 3
190 219 3
239 259 3
124 187 3
84 207 3
105 106 3
171 251 3
6 228 3
56 146 3
98 192 3
53 263 3
105 290 3
54 230 3
64 122 3
32 136 3
51 105 3
64 242 3
