45 176 1
68 106 1
93 252 1
163 203 1
16 59 1
265 271 1
154 241 1
10 168 1
60 174 1
55 180 1
12 20 1
31 95 1
78 126 1
194 199 1
88 249 1
26 106 1
9 50 1
131 260 1
142 211 1
147 157 1
13 269 1
30 111 1
39 44 1
3 94 1
59 250 1
148 261 1
79 242 1
17 81 1
92 197 1
151 170 1
56 257 1
64 72 1
31 202 1
48 173 1
71 137 1
7 206 1
83 112 1
118 126 1
27 272 1
2 219 1
56 244 1
134 262 1
87 155 1
8 91 1
123 242 1
54 178 1
125 223 1
130 241 1
52 165 1
27 65 1
110 235 1
43 72 1
66 98 1
45 125 1
62 141 1
126 269 1
109 264 1
4 195 1
21 95 1
80 143 1
61 133 1
8 198 1
40 258 1
14 186 1
193 205 1
41 250 1
27 198 1
124 235 1
5 140 1
125 202 1
22 127 1
72 130 1
76 116 1
13 201 1
5 170 1
32 230 1
138 229 1
114 272 1
127 269 1
75 182 1
33 44 1
115 222 1
108 227 1
223 247 1
72 231 1
50 129 1
122 199 1
191 258 1
60 197 1
80 243 1
65 111 1
79 197 1
65 187 1
75 210 1
133 190 1
111 161 1
42 152 1
57 149 1
103 156 1
121 210 1
47 228 1
28 63 1
45 168 1
95 241 1
174 257 1
46 208 1
6 9 1
124 225 1
69 75 1
36 259 1
84 196 1
94 125 1
27 73 1
52 274 1
183 271 1
12 262 1
42 49 1
39 87 1
10 246 1
52 227 1
137 183 1
68 149 1
142 149 1
88 170 1
82 223 1
71 183 1
3 41 1
32 227 1
30 219 1
126 155 1
141 177 1
137 219 1
52 67 1
30 189 1
61 233 1
17 120 1
94 165 1
65 113 1
190 234 1
14 200 1
40 147 1
194 196 1
64 227 1
7 22 1
134 177 1
35 133 1
146 194 1
130 137 1
36 75 1
50 135 1
218 269 1
132 239 1
196 259 1
173 228 1
29 31 1
186 222 1
52 106 1
18 115 1
39 210 1
122 220 1
92 131 1
163 254 1
153 261 1
24 227 1
21 226 1
166 239 1
95 168 1
7 152 1
167 234 1
74 201 1
112 140 1
20 191 1
37 94 1
31 180 1
29 228 1
124 196 1
159 255 1
36 83 1
107 240 1
137 140 1
103 209 1
28 101 1
74 186 1
117 129 1
55 144 1
160 190 1
43 209 1
13 76 1
106 123 1
193 227 1
134 193 1
24 169 1
107 172 1
13 81 1
90 220 1
23 150 1
54 199 1
272 275 1
129 239 1
113 259 1
60 179 1
102 144 1
113 219 1
112 266 1
183 201 1
211 215 1
238 253 1
104 149 1
184 221 1
35 162 1
6 188 1
204 209 1
209 241 1
78 81 1
62 67 1
216 273 1
84 246 1
99 235 1
179 241 1
223 256 1
149 162 1
3 191 1
1 171 1
151 222 1
189 232 1
114 133 1
67 253 1
42 218 1
271 275 1
175 213 1
116 215 1
185 210 1
76 185 1
21 132 1
150 243 1
112 175 1
6 180 1
158 177 1
75 205 1
104 183 1
237 270 1
21 248 1
180 215 1
67 179 1
210 242 1
149 268 1
79 234 1
34 210 1
107 263 1
14 165 1
154 226 1
66 231 1
58 119 1
9 114 1
94 200 1
192 195 1
207 212 1
111 167 1
110 151 1
14 238 1
158 228 1
186 263 1
198 236 1
100 220 1
29 261 1
114 132 1
56 139 1
73 87 1
77 174 1
82 99 1
48 150 1
170 254 1
86 213 1
90 114 1
47 255 1
228 275 1
138 215 1
185 250 1
6 14 1
75 195 1
65 144 1
51 159 1
14 120 1
170 232 1
91 190 1
138 145 1
39 64 1
26 268 1
234 251 1
16 175 1
214 243 1
174 228 1
60 235 1
73 202 1
118 153 1
138 267 1
42 217 1
21 213 1
56 129 1
23 260 1
129 195 1
37 135 1
29 45 1
20 38 1
53 263 1
71 78 1
173 244 1
30 232 1
81 108 1
29 75 1
173 261 1
79 212 1
109 214 1
146 169 1
153 238 1
34 168 1
81 158 1
169 202 1
206 262 1
99 249 1
135 169 1
32 203 1
15 232 1
140 247 1
46 216 1
198 201 1
134 218 1
33 157 1
202 242 1
81 179 1
79 223 1
113 115 1
160 181 1
167 192 1
90 167 1
17 101 1
212 219 1
10 103 1
52 149 1
226 267 1
148 194 1
13 70 1
6 103 1
46 125 1
29 101 1
82 259 1
73 200 1
105 248 1
164 232 1
148 198 1
164 207 1
24 144 1
33 259 1
35 123 1
58 74 1
129 179 1
125 221 1
18 104 1
63 227 1
105 132 1
40 186 1
115 117 1
87 259 1
92 98 1
128 246 1
167 211 1
11 190 1
231 270 1
79 99 1
33 181 1
84 152 1
38 249 1
56 85 1
36 229 1
58 118 1
35 44 1
158 244 1
104 151 1
122 248 1
72 126 1
95 238 1
61 106 1
17 29 1
4 100 1
5 247 1
37 123 1
226 241 1
50 248 1
6 202 1
1 238 1
6 259 1
35 104 1
41 62 1
39 84 1
33 186 1
6 164 1
101 270 1
111 176 1
87 269 1
179 240 1
92 243 1
85 239 1
43 212 1
48 135 1
15 249 1
150 200 1
131 234 1
171 254 1
172 214 1
83 86 1
126 246 1
118 240 1
75 227 1
18 220 1
38 196 1
157 185 1
25 165 1
84 242 1
113 253 1
127 131 1
208 226 1
2 233 1
132 166 1
129 215 1
70 91 1
22 193 1
217 261 1
35 168 1
52 212 1
126 264 1
50 124 1
7 13 1
75 125 1
96 187 1
102 104 1
191 204 1
36 192 1
78 162 1
167 200 1
17 146 1
190 257 1
63 198 1
52 97 1
242 263 1
25 108 1
113 149 1
157 272 1
38 108 1
11 121 1
172 223 1
87 266 1
26 28 1
155 189 1
79 255 1
80 149 1
62 224 1
63 164 1
115 136 1
255 260 1
162 254 1
87 92 1
35 120 1
224 240 1
85 228 1
1 234 1
184 224 1
212 239 1
106 125 1
73 82 1
131 173 1
20 193 1
61 155 1
184 198 1
134 163 1
84 97 1
131 270 1
95 217 1
46 218 1
54 56 1
46 117 1
9 154 1
5 53 1
3 54 1
75 262 1
12 117 1
31 247 1
185 186 1
63 95 1
73 107 1
112 170 1
61 263 1
3 206 1
33 138 1
78 208 1
87 254 1
183 238 1
91 240 1
114 229 1
39 125 1
70 162 1
33 132 1
71 95 1
54 226 1
44 207 1
90 243 1
28 43 1
77 125 1
109 183 1
115 140 1
63 118 1
25 201 1
168 178 1
16 141 1
56 121 1
17 67 1
49 218 1
76 165 1
20 26 1
64 219 1
63 233 1
30 152 1
107 243 1
150 154 1
92 170 1
32 141 1
12 67 1
66 208 1
74 111 1
81 109 1
129 250 1
52 223 1
23 127 1
195 265 1
153 208 1
135 262 1
164 270 1
15 237 1
45 147 1
116 263 1
129 214 1
103 147 1
168 182 1
29 126 1
35 167 1
100 219 1
134 274 1
70 123 1
99 193 1
52 55 1
202 237 1
40 239 1
21 28 1
79 112 1
102 156 1
104 214 1
58 106 1
10 238 1
108 177 1
207 272 1
131 272 1
66 83 1
130 275 1
42 185 1
3 204 1
21 263 1
27 131 1
29 136 1
54 92 1
86 140 1
70 78 1
66 127 1
60 76 1
90 168 1
129 238 1
125 251 1
210 245 1
67 100 1
210 260 1
15 161 1
148 263 1
118 187 1
174 199 1
23 105 1
15 162 1
67 85 1
133 239 1
88 176 1
54 85 1
213 220 1
17 72 1
138 214 1
7 157 1
93 237 1
122 142 1
146 170 1
45 275 1
23 93 1
149 260 1
92 184 1
25 221 1
33 224 1
33 77 1
21 87 1
122 255 1
92 212 1
117 250 1
94 231 1
219 235 1
202 229 1
100 117 1
96 116 1
66 144 1
138 169 1
50 199 1
260 270 1
86 223 1
24 179 1
265 270 1
117 196 1
121 164 1
53 238 1
23 139 1
70 82 1
23 134 1
9 250 1
122 256 1
91 142 1
46 105 1
35 247 1
28 172 1
118 127 1
22 134 1
27 128 1
163 222 1
121 161 1
111 174 1
123 126 1
69 196 1
91 92 1
90 181 1
73 148 1
143 253 1
157 242 1
191 236 1
9 49 1
35 134 1
22 53 1
134 174 1
182 244 1
181 224 1
94 144 1
177 249 1
216 227 1
133 269 1
30 218 1
5 138 1
134 212 1
5 55 1
16 195 1
168 176 1
26 120 1
172 210 1
47 68 1
70 105 1
18 188 1
6 162 1
12 39 1
60 265 1
53 228 1
4 270 1
83 271 1
137 275 1
15 29 1
71 182 1
190 204 1
16 207 1
131 239 1
33 83 1
148 235 1
203 274 1
30 118 1
10 89 1
237 259 1
18 258 1
164 248 1
138 243 1
151 247 1
120 138 1
180 190 1
44 108 1
127 257 1
123 220 1
83 257 1
94 129 1
208 230 1
92 136 1
50 253 1
186 225 1
92 242 1
45 64 1
8 182 1
31 131 1
27 57 1
113 268 1
188 217 1
198 221 1
39 220 1
19 173 1
27 147 1
133 266 1
232 234 1
6 269 1
95 211 1
27 68 1
112 213 1
18 273 1
24 219 1
64 117 1
131 161 1
47 191 1
106 209 1
9 219 1
86 233 1
142 189 1
12 196 1
8 71 1
16 106 1
35 195 1
1 127 1
22 140 1
91 150 1
51 125 1
187 188 1
42 167 1
74 235 1
56 240 1
45 60 1
2 64 1
22 205 1
67 217 1
15 93 1
75 225 1
30 136 1
156 270 1
11 13 1
54 163 1
101 178 1
164 213 1
91 256 1
41 83 1
47 92 1
137 248 1
36 107 1
5 15 1
82 118 1
210 222 1
