98 226 2
127 226 2
114 226 2
150 226 2
226 227 2
83 226 2
226 274 2
226 242 2
226 276 2
151 226 2
150 160 2
125 276 2
151 203 2
202 276 2
136 151 2
226 266 2
226 238 2
178 226 2
79 226 2
105 203 2
226 284 2
136 247 2
192 226 2
70 226 2
160 170 2
151 298 2
160 292 2
192 214 2
226 281 2
167 226 2
197 226 2
98 136 2
92 226 2
74 276 2
164 226 2
22 125 2
295 298 2
247 294 2
5 214 2
83 151 2
65 125 2
70 113 2
54 98 2
61 247 2
226 255 2
226 283 2
226 235 2
37 276 2
226 233 2
22 138 2
22 132 2
44 226 2
79 187 2
176 226 2
62 192 2
22 135 2
61 300 2
98 212 2
215 226 2
98 217 2
205 226 2
216 226 2
74 226 2
133 138 2
98 254 2
138 151 2
36 226 2
192 194 2
83 138 2
135 243 2
62 219 2
203 237 2
133 231 2
46 70 2
99 114 2
212 226 2
138 150 2
119 215 2
192 204 2
192 213 2
167 298 2
22 174 2
213 257 2
192 193 2
183 226 2
22 222 2
226 280 2
185 213 2
38 74 2
123 226 2
201 226 2
78 266 2
151 152 2
1 83 2
61 171 2
125 130 2
102 274 2
109 114 2
52 295 2
17 226 2
150 159 2
108 226 2
151 212 2
73 226 2
70 149 2
281 285 2
206 226 2
119 257 2
73 92 2
226 228 2
124 151 2
2 226 2
139 151 2
226 251 2
125 284 2
133 161 2
211 276 2
62 173 2
79 121 2
125 288 2
1 194 2
92 203 2
126 226 2
30 194 2
44 190 2
131 226 2
7 226 2
125 163 2
33 192 2
141 192 2
135 205 2
1 169 2
9 226 2
53 83 2
19 123 2
70 255 2
141 226 2
35 226 2
255 281 2
174 175 2
117 192 2
35 229 2
15 108 2
82 216 2
180 217 2
226 270 2
47 226 2
44 138 2
207 212 2
199 203 2
79 192 2
40 105 2
163 226 2
104 226 2
192 222 2
142 192 2
63 226 2
100 226 2
125 294 2
46 233 2
179 274 2
157 206 2
206 207 2
176 293 2
192 262 2
75 226 2
262 279 2
203 227 2
226 269 2
138 201 2
60 226 2
222 289 2
158 226 2
128 160 2
175 257 2
182 226 2
146 276 2
226 294 2
82 226 2
63 136 2
192 196 2
12 98 2
192 254 2
126 160 2
134 226 2
156 201 2
35 45 2
35 223 2
120 226 2
195 226 2
165 255 2
19 125 2
260 274 2
94 135 2
66 160 2
208 276 2
80 98 2
247 276 2
117 154 2
212 217 2
41 276 2
159 181 2
203 249 2
226 252 2
46 116 2
237 247 2
226 264 2
226 271 2
173 177 2
50 226 2
119 226 2
88 92 2
28 136 2
69 226 2
18 203 2
264 276 2
226 230 2
15 226 2
214 226 2
247 293 2
92 272 2
208 226 2
80 233 2
199 276 2
2 125 2
235 255 2
103 294 2
76 289 2
30 36 2
53 226 2
178 274 2
99 136 2
42 53 2
206 278 2
199 242 2
233 252 2
151 281 2
82 176 2
276 299 2
226 254 2
32 192 2
13 126 2
175 296 2
151 170 2
62 226 2
125 213 2
127 151 2
43 50 2
171 175 2
73 274 2
66 285 2
112 175 2
85 151 2
12 32 2
75 236 2
30 226 2
32 46 2
27 226 2
1 226 2
37 46 2
40 226 2
25 226 2
107 226 2
101 151 2
186 192 2
19 22 2
222 226 2
138 213 2
97 226 2
63 125 2
201 282 2
150 155 2
89 226 2
83 107 2
60 213 2
199 221 2
121 226 2
133 261 2
125 226 2
151 227 2
180 212 2
72 133 2
174 281 2
265 272 2
278 300 2
72 173 2
125 180 2
42 125 2
12 39 2
93 255 2
5 22 2
226 287 2
172 255 2
109 289 2
160 175 2
230 276 2
24 125 2
192 246 2
218 270 2
157 226 2
226 245 2
125 290 2
20 160 2
93 207 2
133 149 2
8 226 2
213 277 2
12 224 2
231 235 2
231 255 2
230 231 2
150 281 2
71 125 2
170 209 2
148 180 2
85 207 2
226 240 2
30 103 2
109 151 2
125 197 2
22 250 2
60 112 2
1 22 2
44 186 2
14 22 2
1 205 2
66 257 2
91 173 2
23 136 2
10 125 2
76 106 2
95 138 2
162 227 2
76 241 2
226 247 2
78 151 2
203 297 2
1 118 2
147 226 2
92 192 2
160 270 2
87 226 2
57 69 2
56 224 2
61 148 2
163 185 2
63 208 2
192 294 2
89 227 2
138 226 2
109 118 2
1 23 2
63 247 2
226 291 2
20 276 2
58 160 2
151 215 2
61 192 2
88 226 2
105 122 2
235 274 2
43 125 2
98 110 2
47 185 2
75 240 2
226 292 2
131 274 2
21 226 2
173 191 2
74 96 2
40 155 2
283 298 2
22 238 2
16 74 2
259 294 2
83 253 2
66 74 2
151 195 2
125 218 2
105 197 2
85 247 2
93 285 2
61 248 2
54 226 2
98 289 2
162 255 2
80 88 2
150 298 2
22 194 2
190 233 2
34 125 2
83 299 2
125 146 2
159 247 2
143 226 2
150 210 2
45 276 2
160 203 2
82 247 2
151 206 2
35 210 2
80 232 2
80 160 2
132 235 2
62 250 2
138 245 2
210 226 2
32 231 2
200 226 2
259 278 2
31 227 2
131 289 2
118 265 2
12 279 2
125 153 2
226 302 2
25 71 2
174 244 2
4 125 2
226 237 2
120 302 2
92 173 2
118 184 2
119 212 2
151 207 2
92 224 2
64 226 2
151 169 2
151 168 2
22 191 2
151 213 2
106 274 2
34 255 2
1 208 2
223 226 2
216 270 2
46 192 2
116 160 2
52 201 2
46 61 2
160 228 2
83 147 2
19 189 2
138 287 2
257 279 2
191 198 2
36 92 2
276 287 2
233 255 2
173 231 2
150 184 2
71 126 2
98 181 2
92 149 2
1 87 2
129 192 2
116 293 2
114 237 2
54 175 2
260 276 2
109 226 2
159 276 2
50 149 2
223 276 2
192 215 2
192 207 2
21 108 2
103 109 2
49 132 2
17 125 2
1 200 2
20 79 2
1 130 2
186 237 2
226 259 2
154 227 2
24 226 2
237 293 2
13 234 2
171 290 2
131 247 2
94 250 2
125 177 2
82 125 2
78 226 2
159 192 2
35 61 2
165 226 2
226 299 2
51 226 2
144 233 2
74 109 2
226 253 2
83 125 2
115 224 2
116 152 2
20 226 2
193 276 2
66 125 2
171 299 2
180 242 2
74 277 2
76 181 2
46 242 2
74 246 2
249 276 2
39 127 2
173 187 2
151 210 2
22 185 2
56 274 2
43 151 2
125 258 2
91 226 2
203 288 2
255 297 2
62 125 2
55 83 2
90 151 2
138 242 2
117 160 2
17 208 2
40 166 2
43 204 2
83 295 2
77 212 2
148 270 2
84 298 2
1 124 2
83 185 2
92 290 2
236 276 2
199 226 2
125 132 2
151 273 2
92 280 2
11 235 2
127 150 2
65 160 2
226 285 2
38 247 2
253 281 2
56 226 2
162 288 2
125 162 2
95 192 2
39 255 2
61 107 2
110 226 2
46 51 2
220 276 2
22 75 2
1 184 2
55 226 2
149 170 2
26 151 2
44 276 2
177 228 2
160 227 2
167 295 2
111 192 2
269 276 2
192 258 2
24 201 2
104 224 2
72 162 2
109 216 2
138 197 2
34 226 2
20 74 2
125 164 2
97 162 2
160 163 2
19 156 2
125 157 2
22 265 2
83 286 2
151 257 2
154 282 2
226 268 2
117 292 2
50 255 2
160 185 2
11 181 2
43 226 2
234 276 2
66 226 2
29 223 2
63 263 2
133 151 2
198 257 2
98 218 2
107 200 2
125 219 2
102 203 2
154 276 2
134 247 2
113 177 2
226 231 2
124 184 2
74 247 2
70 192 2
192 206 2
229 252 2
226 301 2
127 188 2
22 131 2
41 218 2
32 226 2
3 226 2
61 285 2
83 116 2
71 162 2
133 244 2
98 102 2
157 237 2
148 258 2
2 82 2
68 269 2
196 299 2
192 236 2
145 238 2
125 285 2
11 276 2
131 225 2
160 268 2
19 226 2
2 276 2
119 248 2
180 218 2
164 202 2
129 134 2
57 160 2
226 243 2
57 66 2
25 151 2
9 56 2
71 140 2
71 217 2
243 276 2
61 292 2
216 276 2
229 292 2
93 120 2
77 233 2
137 217 2
5 25 2
175 275 2
102 226 2
185 276 2
66 96 2
114 230 2
109 188 2
62 198 2
185 226 2
227 283 2
56 83 2
140 226 2
244 276 2
169 279 2
207 226 2
221 226 2
222 276 2
176 184 2
25 281 2
87 208 2
49 184 2
76 180 2
203 226 2
133 232 2
24 39 2
98 224 2
122 274 2
125 166 2
74 117 2
80 227 2
167 268 2
1 53 2
226 262 2
23 41 2
62 126 2
14 20 2
63 92 2
192 230 2
80 135 2
152 298 2
86 192 2
30 149 2
83 137 2
94 226 2
160 198 2
55 192 2
6 32 2
91 274 2
74 299 2
63 192 2
207 276 2
125 209 2
133 135 2
107 122 2
204 226 2
81 259 2
121 125 2
138 217 2
207 235 2
170 226 2
83 164 2
92 112 2
64 92 2
33 226 2
125 227 2
74 171 2
63 165 2
83 292 2
83 124 2
149 212 2
61 183 2
82 203 2
178 283 2
207 251 2
131 233 2
22 139 2
19 247 2
151 250 2
61 135 2
200 276 2
132 184 2
156 253 2
226 298 2
125 205 2
126 231 2
135 295 2
164 224 2
189 238 2
223 234 2
168 226 2
67 226 2
128 285 2
185 208 2
149 158 2
5 151 2
100 247 2
47 276 2
1 144 2
177 280 2
92 243 2
16 78 2
88 156 2
157 235 2
1 274 2
102 293 2
67 216 2
72 192 2
106 175 2
32 266 2
83 118 2
10 226 2
160 220 2
92 257 2
58 76 2
226 258 2
64 83 2
83 114 2
201 219 2
47 294 2
222 292 2
189 226 2
82 212 2
82 300 2
21 235 2
24 297 2
53 269 2
92 150 2
112 162 2
11 207 2
226 275 2
219 226 2
20 71 2
81 226 2
140 207 2
198 226 2
152 164 2
186 226 2
268 279 2
7 125 2
63 262 2
137 226 2
44 302 2
131 256 2
11 203 2
153 192 2
31 226 2
87 190 2
151 275 2
161 226 2
66 139 2
9 255 2
119 186 2
115 160 2
209 235 2
134 231 2
60 160 2
21 76 2
62 68 2
26 285 2
92 125 2
226 297 2
76 302 2
77 138 2
98 279 2
43 249 2
199 243 2
129 257 2
212 282 2
145 226 2
73 164 2
109 161 2
30 217 2
66 81 2
83 168 2
32 58 2
226 296 2
1 202 2
79 234 2
70 276 2
71 295 2
180 192 2
76 298 2
192 261 2
220 226 2
7 160 2
175 201 2
212 235 2
92 186 2
208 258 2
45 179 2
186 243 2
47 151 2
175 205 2
204 292 2
47 67 2
93 226 2
49 151 2
99 125 2
119 238 2
132 226 2
42 276 2
92 133 2
198 239 2
151 301 2
74 260 2
175 301 2
151 159 2
91 264 2
257 284 2
45 226 2
13 202 2
104 292 2
179 226 2
138 172 2
133 191 2
139 226 2
155 226 2
71 192 2
20 249 2
83 284 2
199 266 2
99 226 2
125 201 2
162 189 2
194 207 2
138 218 2
14 44 2
226 248 2
186 223 2
138 283 2
160 233 2
68 226 2
127 210 2
177 213 2
63 282 2
85 124 2
116 226 2
92 109 2
45 160 2
97 215 2
91 192 2
193 226 2
2 66 2
43 86 2
160 179 2
22 280 2
64 252 2
91 125 2
55 276 2
82 244 2
30 204 2
98 241 2
14 73 2
127 128 2
86 226 2
46 226 2
5 236 2
39 149 2
169 212 2
9 117 2
70 151 2
4 226 2
151 175 2
1 10 2
46 127 2
152 231 2
