129 357 5
146 357 5
146 335 5
227 357 5
91 133 5
35 227 5
13 254 5
130 146 5
205 227 5
147 335 5
331 335 5
133 146 5
205 238 5
146 230 5
227 254 5
193 357 5
146 280 5
89 357 5
258 357 5
153 205 5
227 348 5
39 357 5
269 331 5
6 146 5
13 267 5
146 329 5
146 283 5
280 355 5
4 357 5
335 359 5
150 258 5
225 258 5
227 235 5
13 158 5
91 102 5
146 248 5
13 277 5
1 335 5
324 335 5
13 296 5
104 280 5
130 259 5
106 324 5
64 89 5
25 91 5
16 227 5
146 216 5
13 19 5
202 225 5
129 382 5
13 152 5
258 372 5
113 254 5
295 357 5
4 127 5
136 227 5
112 335 5
146 149 5
11 357 5
139 227 5
227 295 5
59 324 5
47 205 5
254 272 5
152 352 5
161 335 5
83 130 5
180 324 5
150 290 5
177 372 5
90 177 5
26 161 5
97 227 5
74 89 5
130 396 5
130 368 5
216 272 5
227 236 5
227 376 5
25 272 5
13 59 5
9 359 5
163 357 5
13 336 5
13 77 5
91 207 5
13 22 5
146 192 5
7 230 5
280 353 5
26 221 5
280 399 5
149 280 5
57 335 5
347 357 5
260 357 5
36 146 5
150 209 5
89 340 5
109 254 5
90 154 5
148 336 5
78 149 5
213 357 5
13 32 5
13 96 5
10 227 5
254 395 5
357 380 5
254 380 5
41 359 5
111 227 5
232 290 5
112 399 5
335 387 5
13 232 5
13 60 5
70 227 5
1 280 5
202 227 5
148 164 5
144 177 5
112 193 5
54 161 5
44 146 5
55 227 5
246 258 5
91 291 5
90 286 5
161 162 5
130 215 5
102 335 5
258 395 5
65 221 5
67 207 5
54 357 5
34 133 5
241 335 5
4 78 5
58 146 5
227 264 5
59 357 5
223 291 5
195 335 5
11 335 5
130 198 5
157 227 5
205 360 5
11 227 5
130 175 5
60 130 5
200 230 5
90 287 5
89 333 5
225 393 5
9 148 5
142 359 5
148 363 5
26 399 5
109 163 5
101 153 5
13 361 5
133 332 5
56 146 5
205 346 5
146 339 5
58 91 5
94 227 5
212 258 5
254 398 5
314 357 5
18 147 5
146 244 5
70 335 5
146 375 5
282 357 5
13 128 5
81 227 5
254 345 5
118 360 5
196 372 5
17 147 5
94 205 5
91 290 5
101 328 5
227 392 5
146 171 5
155 335 5
11 161 5
41 315 5
35 286 5
7 335 5
26 190 5
277 381 5
89 388 5
171 335 5
307 335 5
43 171 5
97 354 5
13 392 5
15 133 5
227 304 5
90 280 5
6 112 5
13 62 5
13 166 5
207 226 5
194 248 5
146 184 5
116 259 5
103 146 5
58 374 5
125 335 5
225 370 5
216 232 5
53 345 5
160 315 5
216 226 5
227 355 5
217 227 5
13 229 5
106 310 5
227 253 5
230 274 5
340 355 5
256 355 5
120 129 5
243 315 5
13 164 5
47 357 5
86 331 5
280 360 5
198 237 5
161 200 5
126 146 5
154 156 5
274 357 5
146 178 5
153 227 5
149 158 5
266 280 5
153 335 5
81 275 5
13 231 5
189 357 5
227 301 5
146 172 5
129 155 5
65 70 5
357 385 5
327 347 5
154 233 5
155 357 5
348 374 5
226 281 5
67 146 5
130 279 5
327 335 5
202 357 5
226 341 5
13 175 5
192 324 5
156 227 5
85 130 5
355 399 5
90 144 5
27 130 5
9 39 5
146 188 5
227 251 5
128 146 5
28 90 5
239 357 5
13 129 5
62 146 5
130 372 5
227 231 5
13 385 5
38 227 5
15 155 5
26 396 5
19 335 5
22 389 5
245 324 5
32 72 5
97 393 5
258 378 5
161 273 5
155 187 5
81 345 5
227 268 5
62 301 5
173 225 5
254 346 5
13 52 5
267 370 5
14 274 5
218 352 5
227 252 5
316 346 5
211 339 5
11 376 5
227 273 5
200 254 5
345 357 5
129 203 5
332 357 5
84 162 5
114 385 5
14 335 5
227 333 5
191 291 5
146 295 5
119 357 5
254 309 5
24 130 5
122 227 5
199 280 5
37 146 5
10 259 5
171 357 5
130 330 5
106 148 5
45 59 5
117 280 5
157 352 5
169 200 5
357 401 5
272 358 5
81 82 5
248 258 5
227 232 5
205 375 5
243 279 5
37 357 5
359 366 5
38 335 5
141 175 5
146 240 5
280 323 5
161 378 5
161 401 5
299 385 5
200 401 5
117 227 5
130 303 5
129 262 5
70 136 5
48 147 5
146 245 5
130 165 5
132 324 5
19 278 5
254 369 5
180 232 5
83 146 5
146 210 5
33 357 5
90 255 5
122 146 5
97 345 5
356 357 5
147 342 5
258 272 5
246 357 5
154 227 5
298 308 5
294 361 5
92 227 5
130 381 5
87 128 5
149 213 5
264 324 5
102 146 5
146 225 5
62 177 5
29 129 5
11 45 5
77 357 5
278 298 5
323 378 5
274 355 5
130 274 5
53 97 5
122 236 5
146 217 5
62 214 5
13 132 5
196 378 5
279 357 5
243 357 5
77 87 5
66 102 5
237 274 5
359 394 5
112 211 5
227 366 5
250 357 5
212 299 5
130 367 5
309 336 5
13 248 5
139 146 5
162 239 5
294 357 5
112 390 5
211 375 5
21 147 5
130 275 5
76 133 5
276 357 5
13 154 5
136 274 5
335 371 5
185 341 5
13 359 5
128 393 5
90 209 5
79 258 5
230 276 5
89 134 5
91 391 5
144 187 5
50 335 5
82 130 5
29 335 5
35 321 5
62 89 5
146 181 5
147 151 5
268 357 5
4 147 5
6 254 5
147 357 5
227 367 5
13 131 5
232 336 5
7 42 5
13 291 5
129 234 5
289 345 5
13 395 5
113 258 5
9 399 5
129 269 5
75 355 5
227 390 5
79 399 5
151 357 5
129 245 5
36 227 5
95 139 5
62 184 5
154 271 5
51 374 5
105 112 5
368 390 5
160 335 5
121 254 5
261 335 5
226 377 5
4 114 5
203 306 5
238 280 5
271 357 5
103 376 5
6 357 5
335 395 5
237 265 5
130 204 5
103 299 5
13 218 5
82 335 5
45 69 5
14 147 5
19 241 5
232 348 5
146 396 5
114 232 5
153 198 5
77 146 5
80 269 5
194 274 5
208 357 5
21 198 5
7 301 5
152 227 5
122 380 5
13 15 5
85 107 5
13 141 5
171 197 5
141 331 5
299 306 5
56 254 5
105 232 5
305 374 5
58 291 5
101 372 5
89 93 5
81 130 5
68 180 5
156 383 5
196 254 5
62 63 5
200 337 5
70 89 5
109 130 5
174 299 5
8 280 5
146 317 5
150 392 5
97 208 5
40 148 5
65 146 5
14 267 5
167 335 5
13 86 5
84 200 5
130 164 5
13 261 5
15 324 5
93 175 5
18 152 5
212 291 5
280 284 5
182 267 5
137 146 5
205 380 5
76 218 5
205 358 5
258 337 5
97 205 5
251 295 5
296 357 5
16 324 5
37 379 5
9 357 5
128 258 5
122 206 5
129 227 5
148 292 5
130 221 5
18 227 5
158 319 5
15 146 5
198 280 5
13 379 5
175 335 5
102 129 5
160 221 5
38 230 5
3 239 5
145 376 5
200 257 5
128 354 5
323 358 5
59 190 5
91 167 5
194 217 5
146 274 5
210 343 5
13 306 5
101 391 5
267 357 5
295 335 5
17 130 5
88 324 5
103 137 5
60 115 5
227 321 5
112 227 5
116 232 5
146 152 5
4 57 5
224 273 5
313 341 5
130 369 5
47 96 5
153 357 5
153 367 5
149 181 5
227 280 5
8 336 5
13 50 5
110 357 5
248 399 5
102 340 5
118 331 5
176 299 5
1 13 5
220 227 5
160 232 5
239 319 5
123 355 5
26 237 5
194 280 5
253 297 5
241 254 5
35 130 5
21 297 5
2 9 5
146 322 5
149 192 5
25 171 5
4 137 5
130 131 5
36 130 5
223 335 5
263 357 5
237 361 5
90 274 5
109 360 5
60 165 5
142 200 5
211 351 5
39 382 5
322 356 5
200 333 5
138 357 5
119 280 5
335 341 5
139 401 5
15 213 5
146 195 5
13 111 5
89 113 5
232 388 5
45 149 5
13 272 5
101 335 5
160 235 5
232 259 5
44 129 5
62 66 5
56 357 5
16 326 5
328 357 5
130 265 5
91 104 5
55 102 5
77 365 5
258 317 5
91 256 5
184 239 5
17 146 5
150 379 5
147 296 5
209 395 5
348 388 5
139 335 5
227 260 5
150 167 5
18 188 5
133 326 5
174 357 5
90 232 5
344 345 5
316 357 5
14 146 5
196 390 5
33 227 5
14 369 5
102 291 5
93 207 5
112 141 5
13 394 5
23 227 5
115 146 5
130 226 5
149 335 5
213 310 5
13 108 5
100 171 5
136 355 5
101 365 5
50 90 5
123 254 5
237 339 5
116 155 5
112 244 5
184 349 5
203 291 5
50 174 5
119 224 5
130 319 5
27 227 5
130 238 5
335 401 5
13 138 5
130 298 5
227 299 5
8 258 5
146 381 5
45 155 5
80 274 5
332 355 5
13 389 5
146 390 5
130 179 5
130 184 5
227 399 5
147 197 5
139 232 5
42 253 5
253 394 5
151 200 5
335 385 5
260 384 5
292 325 5
18 256 5
13 250 5
32 227 5
164 274 5
221 357 5
58 248 5
127 334 5
138 146 5
27 357 5
99 196 5
67 227 5
214 341 5
129 226 5
1 284 5
301 361 5
136 259 5
13 115 5
58 237 5
101 254 5
198 232 5
47 125 5
43 94 5
50 319 5
174 272 5
58 149 5
92 161 5
13 234 5
95 335 5
101 246 5
261 272 5
227 388 5
46 91 5
81 313 5
113 133 5
122 264 5
149 254 5
16 23 5
130 286 5
31 324 5
255 308 5
128 306 5
268 274 5
213 335 5
13 327 5
159 180 5
21 161 5
273 357 5
130 337 5
54 148 5
76 227 5
28 213 5
110 376 5
25 200 5
130 176 5
322 335 5
50 220 5
18 130 5
69 146 5
130 208 5
13 135 5
129 287 5
130 269 5
55 126 5
5 277 5
110 184 5
130 313 5
130 375 5
187 397 5
13 381 5
318 380 5
130 296 5
133 227 5
107 121 5
232 357 5
2 90 5
146 260 5
147 306 5
70 84 5
228 399 5
55 273 5
165 249 5
12 130 5
300 385 5
262 357 5
167 205 5
146 238 5
149 237 5
161 266 5
325 383 5
12 296 5
141 227 5
120 335 5
155 190 5
106 146 5
13 198 5
89 376 5
99 227 5
308 374 5
33 130 5
13 350 5
180 326 5
13 330 5
205 271 5
320 378 5
276 335 5
13 98 5
202 282 5
13 354 5
254 330 5
79 227 5
137 147 5
315 335 5
341 386 5
35 280 5
178 359 5
259 315 5
102 283 5
11 42 5
227 246 5
147 274 5
13 119 5
279 324 5
223 227 5
146 259 5
26 277 5
278 338 5
37 112 5
32 376 5
45 335 5
83 335 5
171 187 5
64 264 5
237 335 5
130 306 5
256 323 5
227 241 5
29 248 5
16 146 5
160 207 5
42 62 5
156 173 5
212 217 5
350 359 5
129 295 5
227 341 5
248 256 5
152 235 5
45 315 5
15 385 5
298 336 5
65 149 5
146 347 5
210 250 5
81 394 5
83 232 5
13 120 5
319 384 5
183 227 5
205 322 5
24 227 5
227 283 5
26 351 5
149 164 5
109 137 5
129 223 5
357 369 5
215 229 5
88 357 5
26 328 5
227 328 5
203 345 5
227 391 5
90 237 5
274 401 5
146 249 5
80 227 5
201 322 5
56 335 5
250 254 5
84 357 5
200 388 5
11 250 5
108 359 5
184 373 5
227 379 5
330 334 5
154 258 5
200 238 5
25 246 5
192 322 5
311 371 5
133 188 5
324 344 5
280 357 5
54 335 5
14 209 5
132 200 5
239 362 5
8 200 5
13 372 5
47 130 5
76 257 5
28 221 5
71 130 5
130 157 5
10 90 5
13 167 5
146 179 5
171 232 5
290 357 5
200 392 5
146 157 5
57 271 5
15 54 5
13 352 5
21 344 5
98 146 5
15 284 5
258 273 5
89 339 5
108 146 5
151 221 5
8 401 5
107 357 5
261 339 5
163 385 5
64 355 5
199 376 5
270 292 5
79 354 5
112 122 5
31 155 5
186 227 5
153 251 5
298 318 5
13 187 5
13 148 5
128 195 5
252 254 5
109 270 5
45 227 5
290 310 5
192 343 5
41 47 5
339 379 5
13 125 5
129 130 5
300 324 5
29 254 5
13 337 5
4 341 5
39 227 5
13 38 5
146 364 5
227 249 5
149 307 5
294 329 5
234 280 5
227 285 5
79 130 5
9 153 5
96 227 5
246 399 5
254 341 5
131 291 5
4 355 5
13 181 5
326 346 5
130 343 5
58 187 5
13 302 5
147 210 5
126 306 5
78 262 5
152 247 5
346 355 5
44 161 5
56 381 5
124 130 5
59 82 5
373 390 5
97 305 5
97 357 5
24 146 5
58 339 5
64 335 5
164 205 5
36 148 5
89 100 5
36 198 5
97 207 5
130 332 5
130 380 5
34 254 5
248 257 5
76 146 5
26 188 5
130 344 5
42 119 5
9 123 5
146 288 5
13 360 5
130 363 5
81 351 5
213 387 5
13 190 5
97 162 5
88 268 5
146 331 5
15 369 5
219 227 5
89 292 5
68 146 5
146 385 5
122 366 5
145 388 5
127 401 5
56 377 5
13 78 5
194 335 5
13 202 5
35 92 5
52 130 5
146 344 5
63 357 5
72 254 5
180 376 5
132 246 5
91 364 5
138 384 5
87 129 5
262 328 5
173 372 5
155 171 5
41 389 5
40 324 5
91 179 5
282 355 5
13 356 5
63 250 5
215 335 5
274 391 5
110 149 5
161 232 5
152 232 5
84 247 5
73 307 5
146 353 5
267 316 5
160 329 5
153 333 5
13 49 5
173 357 5
13 308 5
164 357 5
125 271 5
153 163 5
52 82 5
123 130 5
190 274 5
171 237 5
341 380 5
42 182 5
187 238 5
164 362 5
124 335 5
170 232 5
180 227 5
148 177 5
130 199 5
62 111 5
66 380 5
82 276 5
98 355 5
76 351 5
163 235 5
13 212 5
92 357 5
187 213 5
146 202 5
254 306 5
49 146 5
130 235 5
205 292 5
115 258 5
324 369 5
227 332 5
291 372 5
89 147 5
76 313 5
205 399 5
5 339 5
10 178 5
75 78 5
110 161 5
168 384 5
30 332 5
393 395 5
25 351 5
13 316 5
22 322 5
79 146 5
255 361 5
205 247 5
203 232 5
223 231 5
227 287 5
239 263 5
3 205 5
168 385 5
5 250 5
238 299 5
94 226 5
16 309 5
118 161 5
117 123 5
309 357 5
13 295 5
21 171 5
43 112 5
136 155 5
7 226 5
25 306 5
179 235 5
36 387 5
63 129 5
14 57 5
262 274 5
259 338 5
95 190 5
25 335 5
25 85 5
225 299 5
174 227 5
59 145 5
13 67 5
280 359 5
10 313 5
127 274 5
12 220 5
227 395 5
35 335 5
13 258 5
35 281 5
223 234 5
37 79 5
294 395 5
13 222 5
147 170 5
107 181 5
155 227 5
13 318 5
72 226 5
184 191 5
29 225 5
18 328 5
61 196 5
90 203 5
13 221 5
125 130 5
82 357 5
92 254 5
74 100 5
93 357 5
325 335 5
146 380 5
229 295 5
232 252 5
229 331 5
24 238 5
146 302 5
161 253 5
239 310 5
60 316 5
93 229 5
13 259 5
33 90 5
347 399 5
212 290 5
1 146 5
59 261 5
246 273 5
43 248 5
230 357 5
146 264 5
313 372 5
11 366 5
227 261 5
25 27 5
58 254 5
252 357 5
62 369 5
13 24 5
179 369 5
34 333 5
69 306 5
279 401 5
204 355 5
90 295 5
69 227 5
58 227 5
39 248 5
133 157 5
65 227 5
94 147 5
194 203 5
5 383 5
313 355 5
212 245 5
8 357 5
227 240 5
49 227 5
148 227 5
13 396 5
130 349 5
153 243 5
235 326 5
197 254 5
192 227 5
39 257 5
114 130 5
73 101 5
148 313 5
89 280 5
182 227 5
113 331 5
90 166 5
149 376 5
227 234 5
251 399 5
182 376 5
20 235 5
66 160 5
124 258 5
19 264 5
59 223 5
228 331 5
14 96 5
13 343 5
13 66 5
45 130 5
9 401 5
130 287 5
146 384 5
55 248 5
9 121 5
26 361 5
60 309 5
131 324 5
36 128 5
151 325 5
130 356 5
82 91 5
38 334 5
280 394 5
92 127 5
203 340 5
39 58 5
58 203 5
13 122 5
133 179 5
146 153 5
153 299 5
100 360 5
339 389 5
59 328 5
118 351 5
145 385 5
80 130 5
41 58 5
181 258 5
101 216 5
296 330 5
107 169 5
212 383 5
17 298 5
196 365 5
158 335 5
195 227 5
291 310 5
323 357 5
32 393 5
227 387 5
259 374 5
10 349 5
4 310 5
62 372 5
13 103 5
150 335 5
38 345 5
247 254 5
78 357 5
40 146 5
58 193 5
28 232 5
146 277 5
26 329 5
146 332 5
148 189 5
176 376 5
146 198 5
49 335 5
13 269 5
149 155 5
187 204 5
72 355 5
130 353 5
73 254 5
217 364 5
61 146 5
30 355 5
225 254 5
12 211 5
149 200 5
294 368 5
110 232 5
129 248 5
274 335 5
204 227 5
160 348 5
200 341 5
254 319 5
351 357 5
65 339 5
227 364 5
51 396 5
13 14 5
152 294 5
170 384 5
157 173 5
210 357 5
280 314 5
26 255 5
182 301 5
227 365 5
91 220 5
146 155 5
258 265 5
146 182 5
44 384 5
69 258 5
119 332 5
13 26 5
1 227 5
260 280 5
132 183 5
13 182 5
98 253 5
26 205 5
42 66 5
131 362 5
99 130 5
314 335 5
2 94 5
155 309 5
142 331 5
13 393 5
133 269 5
221 330 5
146 204 5
147 204 5
106 260 5
146 320 5
15 318 5
132 146 5
227 347 5
114 262 5
278 280 5
62 228 5
227 335 5
156 280 5
98 308 5
130 362 5
146 196 5
243 324 5
258 259 5
24 400 5
149 275 5
334 379 5
146 154 5
101 200 5
206 227 5
69 372 5
227 244 5
146 150 5
130 291 5
42 345 5
148 365 5
84 232 5
13 45 5
232 380 5
18 280 5
45 300 5
215 345 5
133 320 5
74 90 5
13 183 5
22 170 5
101 341 5
63 355 5
174 332 5
11 249 5
130 318 5
161 226 5
146 336 5
242 324 5
129 381 5
13 367 5
136 232 5
234 299 5
146 309 5
1 148 5
88 239 5
100 359 5
134 215 5
150 265 5
115 130 5
84 181 5
46 254 5
51 385 5
56 265 5
70 155 5
29 100 5
20 130 5
123 295 5
130 252 5
331 357 5
274 297 5
13 27 5
68 324 5
51 130 5
80 146 5
10 13 5
43 146 5
68 258 5
77 344 5
13 94 5
232 316 5
9 314 5
25 316 5
232 356 5
160 227 5
136 389 5
271 291 5
57 145 5
156 161 5
49 341 5
39 314 5
284 293 5
133 236 5
130 314 5
5 11 5
42 103 5
23 355 5
40 334 5
324 364 5
136 156 5
26 227 5
162 309 5
199 250 5
214 227 5
131 357 5
78 228 5
153 166 5
102 130 5
109 341 5
58 196 5
78 242 5
162 346 5
26 146 5
168 226 5
13 65 5
105 394 5
62 74 5
147 346 5
227 393 5
150 306 5
273 328 5
89 329 5
176 227 5
81 128 5
315 357 5
153 195 5
258 373 5
280 327 5
255 343 5
65 381 5
235 334 5
299 331 5
49 160 5
90 391 5
88 146 5
114 155 5
153 254 5
227 318 5
50 227 5
6 283 5
147 340 5
368 401 5
58 309 5
149 166 5
203 261 5
89 142 5
13 163 5
130 393 5
97 111 5
99 137 5
26 186 5
118 355 5
66 357 5
168 307 5
193 376 5
258 264 5
222 280 5
272 367 5
237 248 5
91 378 5
30 157 5
158 227 5
137 318 5
168 324 5
184 266 5
18 95 5
214 357 5
149 246 5
378 382 5
4 146 5
112 226 5
91 300 5
274 290 5
110 246 5
254 337 5
357 382 5
68 254 5
25 194 5
335 397 5
133 258 5
185 232 5
76 274 5
13 63 5
113 333 5
177 376 5
13 279 5
163 291 5
26 214 5
24 158 5
55 390 5
324 387 5
280 331 5
10 302 5
254 383 5
100 129 5
66 298 5
146 255 5
39 327 5
116 284 5
129 265 5
355 388 5
62 275 5
133 138 5
78 177 5
10 284 5
66 245 5
60 121 5
270 309 5
249 335 5
248 385 5
82 97 5
159 234 5
74 239 5
130 328 5
30 312 5
148 260 5
176 209 5
226 323 5
15 341 5
43 321 5
226 371 5
153 204 5
76 119 5
78 258 5
42 316 5
96 349 5
55 145 5
129 390 5
146 191 5
97 318 5
86 138 5
280 328 5
23 356 5
92 146 5
146 346 5
248 282 5
335 348 5
43 199 5
14 114 5
37 43 5
178 372 5
