1 31 4
1 101 4
1 104 4
1 231 4
2 161 4
3 162 4
3 169 4
3 223 4
4 23 4
4 132 4
4 173 4
5 208 4
5 317 4
6 34 4
8 9 4
8 138 4
8 159 4
8 183 4
9 41 4
9 196 4
9 278 4
10 100 4
10 132 4
10 153 4
10 229 4
10 273 4
11 56 4
11 104 4
11 110 4
11 112 4
12 132 4
13 61 4
13 72 4
13 90 4
13 134 4
13 210 4
13 240 4
13 269 4
13 312 4
14 103 4
14 169 4
14 170 4
14 266 4
15 23 4
15 123 4
15 219 4
15 260 4
16 58 4
16 85 4
17 30 4
17 50 4
17 261 4
17 270 4
18 48 4
20 56 4
20 123 4
20 169 4
20 216 4
21 177 4
22 44 4
22 58 4
22 68 4
22 104 4
22 185 4
22 261 4
23 255 4
23 265 4
24 182 4
26 33 4
27 104 4
27 152 4
27 208 4
27 255 4
28 200 4
28 261 4
28 271 4
28 274 4
28 297 4
29 184 4
29 266 4
30 249 4
30 279 4
31 169 4
31 244 4
31 261 4
32 64 4
32 71 4
32 104 4
33 104 4
34 111 4
34 118 4
34 251 4
34 261 4
35 44 4
35 47 4
35 56 4
35 59 4
35 63 4
35 90 4
35 99 4
35 102 4
35 114 4
35 123 4
35 127 4
35 140 4
35 185 4
35 189 4
35 210 4
35 261 4
35 265 4
35 324 4
36 136 4
36 265 4
37 103 4
37 115 4
37 207 4
37 216 4
37 239 4
38 136 4
39 184 4
40 50 4
40 58 4
40 208 4
41 104 4
41 123 4
41 175 4
41 274 4
41 283 4
42 48 4
42 163 4
42 173 4
42 184 4
42 261 4
43 117 4
43 261 4
43 321 4
44 70 4
44 173 4
44 244 4
44 255 4
44 261 4
44 318 4
45 261 4
46 172 4
46 208 4
48 112 4
48 204 4
48 208 4
48 227 4
49 173 4
50 58 4
50 96 4
50 104 4
50 109 4
50 188 4
50 261 4
50 280 4
51 58 4
51 218 4
51 261 4
52 145 4
52 246 4
52 271 4
52 297 4
53 71 4
53 207 4
54 148 4
54 261 4
55 261 4
55 265 4
56 183 4
57 104 4
57 218 4
58 61 4
58 65 4
58 78 4
58 100 4
58 117 4
58 123 4
58 130 4
58 144 4
58 157 4
58 162 4
58 170 4
58 173 4
58 196 4
58 208 4
58 215 4
58 216 4
58 226 4
58 227 4
58 295 4
58 306 4
58 309 4
58 332 4
59 100 4
59 104 4
59 133 4
60 104 4
60 218 4
60 261 4
62 104 4
63 84 4
63 151 4
63 206 4
63 261 4
63 265 4
63 266 4
63 274 4
63 301 4
64 125 4
64 184 4
65 297 4
70 83 4
70 97 4
70 104 4
70 264 4
71 123 4
71 175 4
71 280 4
71 304 4
72 150 4
72 218 4
73 132 4
74 97 4
74 104 4
74 183 4
74 261 4
74 309 4
75 84 4
75 104 4
75 143 4
75 297 4
75 304 4
76 254 4
78 103 4
78 179 4
78 207 4
79 104 4
79 121 4
79 205 4
79 207 4
79 302 4
80 206 4
80 261 4
80 266 4
81 184 4
81 251 4
81 261 4
83 153 4
84 86 4
84 167 4
84 183 4
84 251 4
84 277 4
84 317 4
85 104 4
85 270 4
86 124 4
86 132 4
86 184 4
86 201 4
86 247 4
87 154 4
87 261 4
90 97 4
90 144 4
90 166 4
90 237 4
91 183 4
91 257 4
92 132 4
92 247 4
93 212 4
93 261 4
94 128 4
94 177 4
94 222 4
94 271 4
97 196 4
97 218 4
97 316 4
98 225 4
99 292 4
101 104 4
101 116 4
101 133 4
101 193 4
102 136 4
103 179 4
104 118 4
104 122 4
104 133 4
104 148 4
104 151 4
104 155 4
104 159 4
104 168 4
104 169 4
104 170 4
104 171 4
104 174 4
104 179 4
104 195 4
104 199 4
104 203 4
104 219 4
104 220 4
104 226 4
104 230 4
104 254 4
104 259 4
104 260 4
104 261 4
104 274 4
104 276 4
104 287 4
104 291 4
104 300 4
104 304 4
104 305 4
104 316 4
104 322 4
104 324 4
104 326 4
105 200 4
105 306 4
108 144 4
109 112 4
109 269 4
111 206 4
111 224 4
111 274 4
112 122 4
113 261 4
114 207 4
116 209 4
116 218 4
116 316 4
117 214 4
117 227 4
117 261 4
118 148 4
118 195 4
118 261 4
118 317 4
119 179 4
119 271 4
120 123 4
120 172 4
120 182 4
120 249 4
122 261 4
123 125 4
123 163 4
123 192 4
123 203 4
123 241 4
123 249 4
123 291 4
123 307 4
124 261 4
125 261 4
126 257 4
126 263 4
129 208 4
130 271 4
131 180 4
131 246 4
132 162 4
132 180 4
132 213 4
132 215 4
132 231 4
132 253 4
132 285 4
132 299 4
132 316 4
134 197 4
134 228 4
134 278 4
135 249 4
135 261 4
136 163 4
136 208 4
136 261 4
140 249 4
141 261 4
142 171 4
142 253 4
145 204 4
146 261 4
147 148 4
147 267 4
149 261 4
150 168 4
151 170 4
151 208 4
151 270 4
152 163 4
152 193 4
153 261 4
154 261 4
155 243 4
157 265 4
158 185 4
158 249 4
158 296 4
158 309 4
160 172 4
160 261 4
161 227 4
161 252 4
161 269 4
162 235 4
163 205 4
163 274 4
164 172 4
165 331 4
167 261 4
169 211 4
169 221 4
169 236 4
169 255 4
169 302 4
169 320 4
171 261 4
171 323 4
172 195 4
172 248 4
172 263 4
172 279 4
172 308 4
173 261 4
173 274 4
175 183 4
175 218 4
175 261 4
176 178 4
176 261 4
178 208 4
178 261 4
180 206 4
180 288 4
181 210 4
181 261 4
182 203 4
182 225 4
182 261 4
183 218 4
183 251 4
183 256 4
184 186 4
184 190 4
184 197 4
184 202 4
184 214 4
184 266 4
184 292 4
185 249 4
185 332 4
187 208 4
188 216 4
189 241 4
190 274 4
191 208 4
192 231 4
193 261 4
193 265 4
198 242 4
198 261 4
200 274 4
200 302 4
202 210 4
203 242 4
204 296 4
204 309 4
205 235 4
205 263 4
206 227 4
206 246 4
206 250 4
206 271 4
206 279 4
207 249 4
207 296 4
208 307 4
209 218 4
209 246 4
209 261 4
213 241 4
215 261 4
216 218 4
216 261 4
218 226 4
218 235 4
218 239 4
218 261 4
218 278 4
220 332 4
221 274 4
222 252 4
225 236 4
225 261 4
226 261 4
227 261 4
227 264 4
229 289 4
230 261 4
233 261 4
234 240 4
236 258 4
239 329 4
240 261 4
240 289 4
241 267 4
243 309 4
244 249 4
244 261 4
248 249 4
249 261 4
249 293 4
249 297 4
251 261 4
252 253 4
252 267 4
252 271 4
253 261 4
255 313 4
257 282 4
261 262 4
261 263 4
261 273 4
261 274 4
261 281 4
261 290 4
261 294 4
261 298 4
261 302 4
261 303 4
261 305 4
261 307 4
261 319 4
261 320 4
263 286 4
264 280 4
271 317 4
249 309 4
180 181 4
57 294 4
22 282 4
222 249 4
161 296 4
35 58 4
29 223 4
183 188 4
261 329 4
31 222 4
54 156 4
5 264 4
3 212 4
58 198 4
75 245 4
156 263 4
39 261 4
135 207 4
179 261 4
102 201 4
170 349 4
91 152 4
104 350 4
169 289 4
137 271 4
261 355 4
26 265 4
94 236 4
104 156 4
222 266 4
222 261 4
72 104 4
99 261 4
223 246 4
25 169 4
119 240 4
58 188 4
53 59 4
123 365 4
123 323 4
8 182 4
11 261 4
87 242 4
159 183 4
123 188 4
75 77 4
84 172 4
196 261 4
83 104 4
226 323 4
95 212 4
117 300 4
62 249 4
217 252 4
123 230 4
196 233 4
90 261 4
82 104 4
90 250 4
237 261 4
34 64 4
38 261 4
237 355 4
207 286 4
78 261 4
7 9 4
90 203 4
162 350 4
216 274 4
112 226 4
180 291 4
3 144 4
95 261 4
7 152 4
53 261 4
84 190 4
110 132 4
94 104 4
261 352 4
12 261 4
104 277 4
64 244 4
106 261 4
4 261 4
31 105 4
185 298 4
41 250 4
29 113 4
12 334 4
115 251 4
60 192 4
44 164 4
104 153 4
6 265 4
112 118 4
37 66 4
7 261 4
261 268 4
41 58 4
183 254 4
37 240 4
248 292 4
60 64 4
12 244 4
174 350 4
110 134 4
12 322 4
148 261 4
252 261 4
218 360 4
104 160 4
305 314 4
100 183 4
124 209 4
131 181 4
91 176 4
31 187 4
28 265 4
300 313 4
241 269 4
22 246 4
126 208 4
35 352 4
163 260 4
167 362 4
52 125 4
58 155 4
146 161 4
185 224 4
261 309 4
100 152 4
89 233 4
207 334 4
261 265 4
8 172 4
74 201 4
63 258 4
16 219 4
32 156 4
28 92 4
261 286 4
44 361 4
78 210 4
46 244 4
163 183 4
169 281 4
74 103 4
252 298 4
89 216 4
132 347 4
118 190 4
123 228 4
87 132 4
104 116 4
116 347 4
9 184 4
8 274 4
261 285 4
3 344 4
209 311 4
254 261 4
3 248 4
6 301 4
71 80 4
184 199 4
121 170 4
91 365 4
104 175 4
179 347 4
97 204 4
163 222 4
184 218 4
134 309 4
160 202 4
234 252 4
125 271 4
116 334 4
11 93 4
28 136 4
138 261 4
104 329 4
104 163 4
78 285 4
261 357 4
264 356 4
132 288 4
60 73 4
183 198 4
29 35 4
30 319 4
134 271 4
96 124 4
71 197 4
127 209 4
35 168 4
261 343 4
179 249 4
35 176 4
104 181 4
192 286 4
148 325 4
214 261 4
39 183 4
172 339 4
176 258 4
104 191 4
261 313 4
104 294 4
163 215 4
134 360 4
188 275 4
76 338 4
9 104 4
261 356 4
70 109 4
157 258 4
104 113 4
184 289 4
218 303 4
56 261 4
136 153 4
131 172 4
19 261 4
274 327 4
172 289 4
86 361 4
86 324 4
58 350 4
89 91 4
104 183 4
89 239 4
27 184 4
140 263 4
28 74 4
316 354 4
65 218 4
52 106 4
10 58 4
186 206 4
208 261 4
104 120 4
42 106 4
22 54 4
121 230 4
123 318 4
267 336 4
43 132 4
81 160 4
184 288 4
114 309 4
261 346 4
97 172 4
169 186 4
134 183 4
250 271 4
112 179 4
254 361 4
99 184 4
86 329 4
58 210 4
8 158 4
104 106 4
169 220 4
202 261 4
24 205 4
296 308 4
107 132 4
35 89 4
123 355 4
9 361 4
116 183 4
124 348 4
58 172 4
74 288 4
117 274 4
329 340 4
96 222 4
28 101 4
229 244 4
274 316 4
81 125 4
39 104 4
89 146 4
35 358 4
71 262 4
309 343 4
44 302 4
236 266 4
37 352 4
261 289 4
51 161 4
14 329 4
35 239 4
45 160 4
5 20 4
123 185 4
58 305 4
111 280 4
13 355 4
58 174 4
92 219 4
82 202 4
3 102 4
183 265 4
258 318 4
66 116 4
104 262 4
119 261 4
165 261 4
35 272 4
14 261 4
132 175 4
255 261 4
235 323 4
59 190 4
179 297 4
67 261 4
162 322 4
123 193 4
66 99 4
104 131 4
104 267 4
212 241 4
40 165 4
104 125 4
8 206 4
27 106 4
124 184 4
70 322 4
48 287 4
198 343 4
240 265 4
58 107 4
62 240 4
57 161 4
183 351 4
32 142 4
183 279 4
104 107 4
185 346 4
85 185 4
36 180 4
55 93 4
257 261 4
259 345 4
148 174 4
199 278 4
28 362 4
170 293 4
74 144 4
72 261 4
182 218 4
141 206 4
31 183 4
44 349 4
179 260 4
85 272 4
104 268 4
56 104 4
152 179 4
17 309 4
5 285 4
138 262 4
46 358 4
112 130 4
240 316 4
109 316 4
104 127 4
171 267 4
266 344 4
249 364 4
179 301 4
218 236 4
179 318 4
166 308 4
211 261 4
56 206 4
97 313 4
73 222 4
6 194 4
169 227 4
62 74 4
285 315 4
13 132 4
183 345 4
199 265 4
101 179 4
92 274 4
64 104 4
68 261 4
11 308 4
195 235 4
105 123 4
18 261 4
179 279 4
25 112 4
206 261 4
106 318 4
198 221 4
38 152 4
66 104 4
215 304 4
50 165 4
101 240 4
33 103 4
95 258 4
35 52 4
315 316 4
159 261 4
116 141 4
249 269 4
104 188 4
104 360 4
249 320 4
130 261 4
98 271 4
225 343 4
25 74 4
104 193 4
44 67 4
104 365 4
118 304 4
23 261 4
80 89 4
13 165 4
30 271 4
31 243 4
218 300 4
3 74 4
50 117 4
115 317 4
55 104 4
110 332 4
11 218 4
117 311 4
113 318 4
265 336 4
144 260 4
169 254 4
164 218 4
192 327 4
130 259 4
35 163 4
166 311 4
43 99 4
179 198 4
58 124 4
40 247 4
77 132 4
104 227 4
104 177 4
130 140 4
206 231 4
32 363 4
104 301 4
81 132 4
114 282 4
47 161 4
208 237 4
64 325 4
193 283 4
57 358 4
147 163 4
236 249 4
330 346 4
44 347 4
183 287 4
39 265 4
73 207 4
97 242 4
66 102 4
90 249 4
18 169 4
58 159 4
28 111 4
78 287 4
30 216 4
104 164 4
112 121 4
194 231 4
206 303 4
13 125 4
270 337 4
79 269 4
188 248 4
183 252 4
50 119 4
89 170 4
163 295 4
296 356 4
179 336 4
106 123 4
46 125 4
57 138 4
124 177 4
218 344 4
84 289 4
315 361 4
122 255 4
114 163 4
47 251 4
58 261 4
249 330 4
277 332 4
74 262 4
31 229 4
47 55 4
134 182 4
36 132 4
208 232 4
17 183 4
22 201 4
65 193 4
10 351 4
224 230 4
79 353 4
82 174 4
166 307 4
31 232 4
35 162 4
12 248 4
104 202 4
78 122 4
30 222 4
261 271 4
90 113 4
48 264 4
67 297 4
222 290 4
95 348 4
241 261 4
169 239 4
181 186 4
106 340 4
226 331 4
29 249 4
238 261 4
232 261 4
172 249 4
95 134 4
232 274 4
5 104 4
90 117 4
85 261 4
261 282 4
162 261 4
252 295 4
206 304 4
186 218 4
265 292 4
88 282 4
50 193 4
251 364 4
61 261 4
50 85 4
44 104 4
247 338 4
25 50 4
204 295 4
75 256 4
206 299 4
104 339 4
53 79 4
35 130 4
265 330 4
180 278 4
249 283 4
271 339 4
104 218 4
3 184 4
46 261 4
41 207 4
163 362 4
104 248 4
52 362 4
89 168 4
35 188 4
5 194 4
134 199 4
134 308 4
164 350 4
111 261 4
159 248 4
74 118 4
104 229 4
30 183 4
261 321 4
116 184 4
258 261 4
209 249 4
31 57 4
104 303 4
61 104 4
36 86 4
104 297 4
209 307 4
207 258 4
31 104 4
183 187 4
261 267 4
106 163 4
169 212 4
177 261 4
261 301 4
139 261 4
148 319 4
74 224 4
185 312 4
101 115 4
196 198 4
47 274 4
112 155 4
152 326 4
44 77 4
1 96 4
10 261 4
35 212 4
41 240 4
101 246 4
210 316 4
158 288 4
84 173 4
35 326 4
58 175 4
117 257 4
89 141 4
10 192 4
104 362 4
186 297 4
64 171 4
137 346 4
206 226 4
54 179 4
179 327 4
188 334 4
156 191 4
150 347 4
73 213 4
218 240 4
23 82 4
104 157 4
84 304 4
156 350 4
44 145 4
156 336 4
141 364 4
33 217 4
75 255 4
261 292 4
30 350 4
175 234 4
70 77 4
28 83 4
53 145 4
174 289 4
271 337 4
42 179 4
86 261 4
169 198 4
231 260 4
63 336 4
104 222 4
167 271 4
93 151 4
261 358 4
30 65 4
30 269 4
99 126 4
208 210 4
35 107 4
102 104 4
29 340 4
196 317 4
307 319 4
48 262 4
201 261 4
5 276 4
45 79 4
231 361 4
268 339 4
34 321 4
77 271 4
104 271 4
78 269 4
105 328 4
48 329 4
238 301 4
218 249 4
39 292 4
93 251 4
77 90 4
86 333 4
20 21 4
112 232 4
12 104 4
65 104 4
115 261 4
206 326 4
299 307 4
65 82 4
118 180 4
180 338 4
90 335 4
50 339 4
79 149 4
156 162 4
13 16 4
164 249 4
172 180 4
332 342 4
238 330 4
205 261 4
83 183 4
24 104 4
8 80 4
35 339 4
153 188 4
86 258 4
265 323 4
125 165 4
218 352 4
148 311 4
47 155 4
31 174 4
71 256 4
126 184 4
231 362 4
161 267 4
26 333 4
127 236 4
43 92 4
261 276 4
232 248 4
132 331 4
58 71 4
119 359 4
127 261 4
104 244 4
13 60 4
9 212 4
123 274 4
262 286 4
67 104 4
197 261 4
271 323 4
141 290 4
37 111 4
54 352 4
112 222 4
228 327 4
231 336 4
169 308 4
49 241 4
13 207 4
116 195 4
155 223 4
227 347 4
131 267 4
27 261 4
79 204 4
27 321 4
48 249 4
123 138 4
121 132 4
35 346 4
145 150 4
200 348 4
58 241 4
249 357 4
214 317 4
104 286 4
144 261 4
260 332 4
94 142 4
123 263 4
1 175 4
29 171 4
34 125 4
46 285 4
26 251 4
65 94 4
149 216 4
3 261 4
57 233 4
