1 2 5
1 10 5
1 35 5
1 52 5
1 88 5
1 99 5
1 100 5
1 111 5
1 117 5
1 138 5
1 185 5
1 195 5
1 208 5
1 241 5
1 243 5
1 262 5
1 269 5
1 275 5
1 293 5
1 363 5
1 364 5
1 365 5
1 398 5
1 401 5
2 5 5
2 6 5
2 27 5
2 123 5
2 129 5
2 164 5
2 241 5
2 273 5
2 275 5
2 276 5
2 283 5
2 301 5
2 302 5
2 331 5
2 332 5
2 354 5
2 363 5
2 365 5
2 398 5
2 399 5
2 400 5
2 401 5
3 7 5
3 51 5
3 83 5
3 130 5
3 189 5
3 234 5
3 256 5
3 273 5
3 302 5
3 332 5
3 347 5
3 399 5
3 401 5
4 7 5
4 8 5
4 19 5
4 43 5
4 117 5
4 188 5
4 195 5
4 215 5
4 216 5
4 365 5
4 400 5
4 401 5
5 7 5
5 74 5
5 76 5
5 101 5
5 176 5
5 288 5
5 319 5
5 335 5
6 7 5
6 80 5
6 128 5
6 290 5
6 293 5
6 331 5
7 8 5
7 10 5
7 112 5
7 128 5
7 302 5
7 353 5
8 9 5
8 12 5
8 24 5
8 47 5
8 113 5
8 201 5
8 230 5
9 10 5
9 88 5
9 97 5
9 130 5
9 171 5
9 308 5
9 340 5
10 13 5
10 14 5
10 15 5
10 40 5
10 75 5
10 196 5
10 203 5
10 219 5
10 255 5
11 13 5
11 20 5
11 184 5
11 255 5
11 333 5
12 23 5
12 54 5
12 94 5
12 124 5
12 131 5
12 198 5
12 291 5
12 322 5
13 14 5
13 17 5
13 19 5
13 29 5
13 115 5
13 160 5
13 229 5
13 239 5
13 254 5
14 44 5
14 50 5
14 64 5
14 125 5
14 146 5
14 190 5
14 287 5
14 383 5
15 27 5
15 63 5
15 78 5
15 107 5
15 142 5
15 186 5
15 331 5
15 365 5
16 17 5
16 35 5
16 83 5
16 92 5
16 200 5
16 215 5
16 244 5
16 299 5
16 330 5
16 379 5
17 18 5
17 21 5
17 23 5
17 56 5
17 145 5
17 205 5
18 36 5
18 43 5
18 142 5
18 178 5
18 179 5
18 348 5
19 22 5
19 23 5
19 28 5
19 72 5
19 155 5
19 261 5
19 345 5
20 21 5
20 22 5
20 134 5
20 160 5
20 278 5
21 24 5
21 104 5
21 110 5
21 139 5
21 142 5
21 143 5
21 194 5
21 363 5
22 24 5
22 26 5
22 56 5
22 90 5
22 94 5
22 100 5
22 173 5
22 178 5
22 183 5
22 243 5
23 25 5
23 27 5
23 28 5
23 60 5
23 66 5
23 83 5
23 155 5
23 183 5
23 280 5
24 27 5
24 28 5
24 118 5
24 136 5
24 152 5
24 198 5
24 251 5
24 257 5
24 293 5
24 314 5
25 26 5
25 27 5
25 39 5
25 61 5
25 118 5
25 197 5
25 316 5
26 47 5
26 123 5
26 164 5
26 169 5
26 268 5
26 359 5
27 28 5
27 29 5
27 32 5
27 326 5
27 361 5
28 32 5
28 70 5
28 75 5
28 127 5
28 130 5
28 192 5
28 375 5
28 386 5
29 33 5
29 91 5
29 102 5
29 175 5
29 249 5
29 278 5
30 100 5
30 161 5
30 227 5
30 327 5
31 33 5
31 89 5
31 175 5
31 200 5
31 308 5
32 34 5
32 36 5
32 69 5
32 128 5
32 284 5
32 306 5
33 34 5
33 37 5
33 39 5
33 66 5
33 299 5
34 35 5
34 36 5
34 37 5
34 176 5
34 259 5
34 324 5
35 38 5
35 195 5
35 257 5
35 344 5
35 348 5
36 37 5
36 38 5
36 41 5
36 66 5
36 137 5
36 184 5
36 228 5
36 362 5
37 38 5
37 39 5
37 41 5
37 42 5
37 99 5
37 126 5
37 166 5
37 167 5
37 174 5
37 352 5
38 40 5
38 42 5
38 74 5
38 92 5
38 102 5
39 43 5
39 44 5
39 88 5
39 193 5
39 226 5
39 231 5
40 44 5
40 76 5
40 84 5
40 168 5
40 186 5
41 42 5
41 43 5
41 308 5
41 370 5
42 93 5
42 94 5
42 106 5
42 117 5
42 128 5
43 45 5
43 46 5
43 48 5
43 95 5
43 341 5
44 45 5
44 52 5
44 80 5
44 86 5
44 146 5
45 82 5
45 153 5
45 178 5
45 186 5
45 203 5
45 234 5
46 50 5
46 127 5
46 220 5
46 258 5
47 49 5
47 50 5
47 105 5
47 158 5
47 315 5
47 357 5
48 49 5
48 51 5
48 67 5
48 70 5
48 288 5
48 324 5
49 50 5
49 51 5
49 53 5
49 144 5
49 175 5
49 214 5
49 309 5
50 51 5
50 91 5
50 104 5
50 162 5
50 167 5
50 177 5
50 220 5
50 251 5
50 297 5
51 55 5
51 56 5
51 140 5
51 165 5
51 178 5
51 234 5
51 258 5
51 298 5
51 354 5
52 56 5
52 57 5
52 67 5
52 75 5
52 190 5
52 192 5
52 231 5
52 239 5
52 285 5
53 63 5
53 181 5
53 213 5
53 260 5
53 262 5
53 289 5
53 335 5
54 56 5
54 57 5
54 58 5
54 59 5
54 68 5
54 300 5
54 321 5
54 344 5
55 56 5
55 57 5
55 58 5
55 95 5
55 183 5
55 184 5
55 225 5
55 226 5
55 288 5
55 341 5
56 58 5
56 86 5
56 109 5
56 208 5
56 248 5
57 58 5
57 259 5
58 62 5
58 94 5
58 122 5
58 130 5
58 134 5
58 141 5
58 193 5
59 61 5
59 72 5
59 104 5
59 113 5
59 281 5
60 61 5
60 64 5
60 174 5
60 220 5
60 244 5
60 281 5
60 363 5
61 65 5
61 112 5
61 179 5
61 209 5
62 63 5
62 110 5
62 269 5
62 272 5
62 301 5
62 310 5
63 65 5
63 67 5
63 78 5
63 120 5
63 228 5
63 278 5
63 341 5
64 203 5
64 290 5
64 311 5
65 68 5
65 69 5
65 300 5
66 67 5
66 113 5
66 262 5
66 296 5
67 69 5
67 91 5
67 206 5
67 268 5
68 71 5
68 240 5
68 317 5
68 385 5
69 70 5
69 71 5
69 72 5
69 74 5
69 180 5
69 190 5
70 72 5
70 105 5
70 136 5
70 213 5
70 244 5
70 263 5
70 323 5
70 328 5
70 355 5
71 72 5
71 74 5
71 75 5
71 76 5
71 203 5
71 290 5
72 73 5
72 74 5
72 76 5
72 77 5
72 135 5
72 168 5
72 259 5
72 320 5
73 76 5
73 91 5
73 176 5
73 207 5
73 227 5
73 242 5
73 279 5
74 77 5
74 117 5
74 138 5
74 200 5
74 210 5
74 291 5
75 76 5
75 118 5
75 316 5
75 362 5
76 187 5
76 219 5
76 266 5
76 324 5
77 80 5
77 82 5
77 220 5
78 80 5
78 82 5
78 137 5
78 220 5
79 83 5
79 84 5
79 137 5
79 192 5
79 196 5
79 241 5
79 360 5
79 398 5
80 85 5
80 187 5
80 250 5
80 357 5
81 82 5
81 86 5
81 229 5
81 260 5
81 268 5
81 359 5
82 86 5
82 99 5
82 113 5
82 222 5
82 240 5
82 310 5
82 344 5
83 85 5
83 86 5
83 87 5
83 88 5
83 90 5
84 85 5
84 87 5
84 97 5
84 146 5
84 180 5
84 194 5
84 251 5
84 261 5
84 318 5
85 87 5
85 88 5
85 99 5
85 125 5
85 188 5
85 251 5
85 272 5
86 91 5
86 115 5
86 119 5
86 267 5
86 286 5
86 369 5
87 88 5
87 89 5
87 91 5
87 92 5
87 189 5
87 241 5
87 322 5
88 90 5
88 91 5
88 150 5
88 202 5
88 206 5
88 227 5
88 233 5
89 91 5
89 92 5
89 93 5
89 94 5
89 286 5
90 92 5
90 147 5
90 182 5
90 264 5
90 268 5
90 276 5
91 92 5
91 93 5
91 111 5
91 303 5
91 307 5
92 93 5
92 170 5
92 358 5
93 97 5
93 103 5
93 119 5
93 186 5
93 227 5
94 268 5
95 97 5
95 99 5
96 97 5
96 127 5
96 150 5
96 277 5
96 279 5
97 98 5
97 101 5
98 99 5
98 104 5
98 113 5
98 250 5
98 308 5
99 209 5
100 101 5
100 105 5
100 166 5
100 217 5
100 218 5
100 224 5
100 270 5
100 303 5
101 102 5
101 168 5
101 211 5
101 228 5
101 303 5
102 104 5
102 106 5
102 132 5
102 149 5
102 183 5
102 235 5
103 104 5
103 105 5
103 106 5
103 133 5
103 152 5
103 189 5
103 197 5
103 201 5
103 338 5
104 109 5
104 114 5
104 218 5
104 313 5
105 107 5
105 110 5
105 254 5
105 267 5
105 299 5
106 107 5
106 109 5
106 110 5
106 128 5
106 184 5
106 290 5
107 110 5
107 111 5
107 112 5
107 290 5
107 352 5
108 109 5
108 111 5
108 112 5
108 117 5
109 110 5
109 111 5
109 112 5
109 161 5
110 111 5
110 112 5
110 151 5
110 171 5
110 388 5
111 113 5
111 152 5
111 158 5
111 181 5
111 198 5
111 247 5
111 332 5
112 117 5
112 201 5
112 221 5
113 117 5
113 193 5
113 283 5
113 335 5
114 115 5
114 116 5
114 118 5
114 201 5
114 203 5
114 218 5
115 119 5
115 158 5
115 171 5
115 270 5
116 118 5
116 159 5
116 202 5
116 214 5
117 118 5
117 119 5
117 194 5
117 208 5
118 120 5
118 121 5
118 149 5
118 176 5
118 191 5
118 245 5
118 383 5
119 121 5
119 122 5
119 123 5
119 277 5
120 121 5
120 122 5
120 288 5
121 126 5
121 187 5
121 207 5
121 208 5
121 353 5
122 125 5
122 127 5
122 141 5
122 180 5
122 230 5
123 125 5
123 127 5
123 168 5
124 125 5
124 128 5
124 129 5
125 128 5
125 129 5
125 211 5
125 226 5
126 127 5
126 129 5
126 164 5
126 176 5
126 267 5
127 128 5
127 131 5
127 138 5
127 162 5
127 263 5
127 325 5
128 129 5
128 131 5
128 132 5
129 133 5
129 170 5
129 189 5
129 200 5
129 209 5
129 287 5
130 131 5
130 135 5
130 165 5
131 168 5
131 200 5
131 249 5
131 253 5
131 263 5
131 299 5
132 134 5
132 170 5
132 198 5
132 266 5
132 283 5
132 339 5
133 134 5
133 178 5
133 299 5
134 138 5
134 228 5
134 283 5
135 136 5
135 138 5
135 348 5
136 138 5
137 139 5
137 141 5
137 142 5
137 230 5
138 141 5
138 144 5
138 175 5
138 328 5
139 140 5
139 141 5
139 186 5
139 309 5
140 144 5
140 193 5
140 238 5
140 278 5
140 311 5
141 142 5
141 143 5
141 145 5
141 258 5
141 313 5
142 143 5
142 146 5
142 293 5
142 350 5
143 144 5
144 147 5
144 174 5
144 237 5
144 267 5
145 146 5
145 147 5
145 148 5
145 149 5
145 190 5
145 276 5
145 334 5
145 339 5
145 373 5
146 149 5
146 150 5
146 302 5
146 309 5
147 151 5
147 239 5
148 150 5
148 152 5
148 166 5
148 251 5
149 151 5
149 153 5
149 154 5
149 161 5
149 213 5
150 256 5
150 318 5
150 354 5
151 156 5
151 234 5
151 285 5
152 153 5
152 156 5
152 178 5
153 157 5
153 212 5
154 155 5
154 163 5
154 257 5
154 264 5
155 158 5
155 159 5
155 219 5
156 159 5
156 160 5
156 187 5
157 159 5
157 160 5
157 162 5
157 317 5
157 335 5
157 342 5
158 161 5
158 162 5
158 163 5
159 160 5
159 161 5
159 298 5
160 163 5
160 164 5
160 346 5
160 351 5
161 339 5
162 167 5
162 385 5
163 164 5
163 167 5
163 168 5
163 223 5
163 299 5
164 166 5
164 278 5
164 345 5
165 167 5
165 180 5
165 251 5
165 335 5
166 170 5
166 291 5
167 169 5
167 170 5
167 172 5
168 179 5
168 372 5
169 171 5
169 173 5
169 174 5
169 215 5
169 355 5
170 174 5
170 175 5
170 181 5
170 298 5
171 173 5
171 176 5
171 182 5
172 173 5
172 176 5
172 191 5
172 247 5
172 258 5
172 273 5
172 327 5
173 175 5
173 289 5
174 177 5
174 178 5
174 288 5
175 179 5
175 180 5
175 271 5
176 178 5
177 181 5
177 381 5
178 182 5
178 190 5
178 367 5
179 180 5
179 181 5
179 183 5
179 184 5
179 280 5
179 331 5
180 181 5
180 184 5
180 234 5
180 367 5
181 183 5
181 204 5
181 221 5
181 256 5
181 278 5
181 279 5
181 304 5
181 386 5
182 184 5
182 185 5
182 186 5
183 189 5
183 205 5
183 323 5
183 329 5
184 185 5
184 186 5
184 189 5
184 246 5
185 187 5
185 190 5
185 224 5
185 295 5
186 187 5
186 188 5
186 190 5
186 315 5
186 344 5
186 366 5
187 188 5
187 189 5
187 202 5
188 191 5
188 193 5
188 282 5
188 290 5
189 192 5
189 193 5
190 194 5
190 277 5
190 388 5
191 195 5
191 196 5
192 196 5
192 197 5
193 257 5
194 198 5
194 236 5
194 243 5
194 300 5
194 318 5
195 196 5
195 198 5
195 245 5
195 276 5
195 330 5
196 199 5
196 201 5
196 269 5
197 200 5
197 257 5
197 272 5
197 332 5
197 341 5
198 201 5
199 203 5
199 204 5
199 255 5
199 342 5
199 358 5
200 201 5
200 205 5
201 206 5
201 226 5
201 328 5
202 203 5
202 205 5
202 245 5
202 386 5
203 206 5
203 287 5
204 206 5
204 207 5
204 208 5
204 209 5
204 236 5
205 206 5
205 212 5
205 239 5
205 246 5
206 207 5
206 208 5
206 209 5
206 210 5
207 211 5
208 212 5
208 300 5
208 344 5
209 234 5
209 267 5
209 292 5
210 211 5
210 212 5
210 213 5
210 214 5
210 246 5
211 212 5
211 215 5
211 217 5
211 230 5
212 273 5
213 214 5
213 215 5
213 217 5
213 222 5
213 227 5
214 217 5
215 217 5
216 220 5
216 221 5
216 230 5
217 273 5
217 333 5
217 341 5
218 231 5
218 349 5
219 220 5
220 224 5
221 226 5
221 347 5
221 362 5
222 226 5
222 303 5
223 225 5
223 227 5
223 313 5
224 226 5
225 226 5
226 228 5
226 229 5
227 228 5
227 279 5
227 373 5
228 231 5
229 243 5
229 376 5
230 235 5
230 238 5
230 251 5
231 232 5
231 233 5
231 242 5
231 253 5
231 271 5
232 233 5
232 235 5
232 247 5
233 234 5
233 237 5
233 332 5
234 235 5
234 239 5
235 237 5
235 238 5
235 239 5
235 240 5
235 252 5
236 328 5
237 241 5
237 260 5
237 296 5
237 312 5
238 239 5
238 240 5
238 242 5
238 272 5
238 282 5
239 240 5
239 243 5
239 389 5
240 241 5
240 243 5
240 244 5
241 242 5
241 309 5
242 243 5
242 245 5
242 246 5
243 245 5
243 248 5
244 246 5
245 247 5
245 249 5
245 333 5
246 247 5
247 251 5
247 252 5
248 249 5
248 250 5
248 252 5
248 301 5
248 384 5
249 250 5
250 252 5
250 311 5
250 327 5
251 254 5
252 256 5
252 257 5
252 319 5
253 255 5
253 358 5
254 307 5
255 256 5
255 259 5
255 260 5
255 291 5
255 368 5
256 257 5
256 261 5
256 285 5
256 341 5
256 364 5
257 261 5
257 297 5
258 261 5
258 262 5
259 260 5
259 262 5
259 329 5
260 299 5
260 332 5
261 263 5
261 265 5
261 299 5
262 265 5
262 266 5
263 265 5
264 265 5
264 268 5
264 269 5
264 275 5
264 336 5
264 337 5
264 363 5
264 388 5
265 267 5
265 268 5
265 400 5
266 268 5
266 269 5
266 270 5
266 279 5
267 270 5
267 301 5
267 347 5
268 270 5
269 273 5
269 304 5
269 329 5
269 376 5
270 274 5
271 275 5
272 274 5
272 276 5
272 284 5
273 275 5
273 277 5
273 311 5
274 276 5
274 277 5
274 280 5
274 361 5
275 277 5
275 279 5
275 280 5
275 300 5
275 382 5
276 280 5
276 281 5
276 360 5
277 278 5
277 281 5
277 282 5
278 280 5
278 281 5
278 282 5
278 283 5
279 283 5
279 320 5
280 285 5
281 282 5
281 283 5
281 326 5
282 284 5
282 285 5
282 286 5
282 287 5
283 284 5
283 287 5
283 296 5
283 323 5
283 374 5
284 285 5
284 287 5
285 289 5
285 298 5
286 287 5
286 290 5
287 290 5
287 308 5
288 289 5
288 311 5
288 350 5
289 291 5
289 292 5
290 291 5
290 295 5
290 320 5
291 292 5
291 325 5
292 293 5
292 294 5
292 296 5
293 294 5
293 296 5
293 297 5
294 295 5
294 296 5
294 306 5
295 296 5
295 297 5
295 346 5
296 297 5
296 299 5
296 317 5
297 298 5
297 302 5
298 299 5
298 303 5
299 302 5
299 303 5
300 312 5
301 303 5
301 306 5
302 304 5
303 304 5
303 307 5
303 316 5
303 352 5
304 308 5
304 309 5
304 384 5
305 306 5
305 307 5
305 308 5
305 309 5
306 308 5
306 311 5
306 328 5
307 308 5
307 310 5
307 312 5
308 310 5
308 312 5
309 310 5
309 312 5
310 312 5
310 320 5
310 339 5
311 332 5
312 313 5
312 314 5
312 315 5
312 317 5
313 317 5
313 354 5
314 315 5
314 316 5
314 317 5
314 318 5
315 316 5
315 317 5
316 317 5
316 320 5
317 318 5
317 321 5
318 319 5
318 323 5
319 320 5
319 321 5
319 323 5
320 322 5
321 322 5
321 323 5
321 325 5
321 326 5
321 343 5
322 323 5
322 324 5
322 325 5
322 327 5
323 325 5
323 327 5
324 327 5
324 328 5
324 333 5
324 383 5
325 326 5
325 328 5
326 329 5
327 328 5
327 367 5
328 329 5
329 331 5
329 332 5
329 334 5
330 331 5
330 334 5
331 332 5
331 333 5
331 334 5
332 333 5
332 334 5
333 334 5
334 335 5
334 336 5
334 337 5
335 339 5
335 340 5
336 337 5
336 338 5
336 339 5
337 338 5
337 339 5
337 340 5
338 339 5
338 342 5
338 359 5
338 360 5
339 341 5
339 344 5
340 341 5
340 342 5
340 343 5
341 346 5
342 343 5
342 363 5
343 344 5
343 345 5
343 346 5
343 348 5
344 345 5
345 346 5
345 348 5
345 350 5
346 348 5
346 349 5
346 350 5
347 348 5
347 349 5
347 394 5
348 350 5
348 352 5
348 353 5
349 350 5
349 351 5
349 352 5
350 351 5
350 353 5
351 352 5
351 353 5
351 355 5
351 356 5
352 353 5
352 354 5
353 354 5
353 356 5
353 399 5
354 355 5
354 357 5
355 356 5
355 357 5
355 358 5
356 357 5
356 358 5
356 359 5
356 360 5
356 361 5
356 394 5
357 358 5
357 359 5
357 360 5
358 360 5
358 361 5
359 360 5
359 362 5
360 361 5
361 365 5
362 363 5
362 365 5
362 366 5
362 381 5
363 364 5
363 366 5
363 367 5
364 365 5
364 366 5
364 367 5
364 368 5
364 381 5
365 366 5
365 367 5
365 368 5
365 369 5
366 367 5
366 369 5
366 370 5
367 368 5
367 372 5
367 393 5
368 370 5
368 371 5
368 372 5
368 373 5
369 370 5
369 371 5
369 372 5
370 371 5
370 372 5
370 374 5
371 372 5
371 373 5
371 374 5
371 375 5
372 373 5
372 374 5
372 375 5
373 374 5
373 375 5
373 377 5
373 378 5
374 376 5
374 377 5
374 378 5
374 379 5
375 376 5
375 377 5
375 378 5
375 379 5
376 378 5
376 380 5
376 381 5
377 378 5
377 379 5
377 380 5
377 381 5
377 382 5
378 379 5
378 380 5
378 381 5
378 382 5
379 380 5
379 381 5
379 382 5
379 383 5
379 384 5
380 381 5
380 382 5
380 383 5
380 384 5
380 390 5
381 384 5
381 385 5
382 383 5
382 384 5
382 385 5
382 387 5
383 384 5
383 385 5
383 388 5
384 385 5
384 386 5
384 389 5
385 386 5
385 388 5
385 389 5
385 398 5
386 387 5
386 390 5
387 389 5
387 390 5
387 391 5
387 400 5
388 390 5
389 391 5
389 392 5
389 393 5
390 391 5
390 392 5
390 394 5
391 392 5
391 393 5
391 394 5
391 395 5
391 396 5
392 393 5
392 394 5
392 395 5
392 396 5
393 394 5
393 395 5
393 396 5
393 397 5
394 396 5
394 398 5
394 399 5
395 396 5
395 397 5
395 398 5
395 399 5
395 400 5
396 397 5
396 398 5
396 399 5
396 400 5
396 401 5
397 398 5
397 399 5
397 400 5
397 401 5
398 401 5
399 400 5
399 401 5
400 401 5
