57 88 1
112 116 1
9 180 1
173 265 1
173 189 1
23 80 1
39 90 1
199 255 1
119 232 1
106 255 1
86 239 1
25 239 1
3 101 1
95 132 1
174 260 1
41 86 1
74 138 1
24 33 1
22 130 1
43 196 1
71 152 1
66 161 1
141 191 1
17 34 1
98 272 1
16 61 1
40 234 1
59 177 1
33 195 1
30 179 1
84 115 1
219 221 1
65 129 1
195 244 1
41 150 1
221 237 1
179 193 1
106 260 1
197 274 1
19 170 1
186 270 1
228 231 1
102 132 1
21 163 1
42 193 1
125 199 1
20 184 1
70 249 1
148 191 1
168 174 1
6 231 1
25 119 1
62 101 1
9 258 1
56 100 1
153 246 1
108 241 1
76 219 1
115 117 1
158 240 1
32 40 1
7 93 1
76 211 1
66 235 1
110 266 1
99 134 1
129 267 1
53 123 1
9 107 1
35 83 1
64 187 1
53 181 1
5 172 1
13 124 1
120 240 1
28 170 1
157 176 1
92 120 1
62 128 1
204 271 1
48 214 1
40 94 1
67 93 1
50 92 1
4 101 1
41 132 1
67 185 1
221 238 1
66 222 1
185 250 1
63 144 1
213 219 1
196 209 1
49 188 1
116 271 1
44 195 1
14 206 1
149 234 1
106 203 1
84 199 1
55 206 1
1 272 1
99 116 1
112 182 1
45 86 1
107 243 1
107 180 1
27 203 1
115 266 1
138 227 1
107 270 1
57 189 1
16 160 1
62 143 1
218 260 1
25 226 1
192 226 1
32 173 1
9 201 1
90 245 1
58 247 1
229 230 1
33 237 1
133 227 1
24 85 1
130 241 1
23 231 1
195 268 1
38 256 1
132 135 1
85 241 1
33 157 1
187 205 1
65 113 1
91 155 1
214 234 1
64 212 1
50 168 1
177 248 1
154 271 1
119 261 1
2 94 1
141 196 1
55 86 1
177 220 1
19 186 1
181 218 1
52 244 1
25 116 1
233 267 1
69 270 1
205 206 1
9 249 1
133 257 1
11 150 1
13 252 1
129 131 1
258 270 1
51 68 1
49 104 1
112 164 1
122 221 1
173 206 1
189 230 1
24 166 1
160 221 1
27 92 1
243 252 1
100 275 1
27 233 1
87 110 1
39 115 1
173 217 1
109 144 1
35 240 1
5 248 1
94 146 1
76 225 1
15 144 1
34 183 1
5 38 1
6 70 1
32 37 1
183 258 1
13 92 1
209 274 1
124 178 1
114 271 1
21 222 1
137 140 1
112 256 1
3 18 1
82 119 1
102 231 1
11 15 1
12 48 1
19 82 1
202 206 1
65 270 1
8 262 1
72 156 1
6 211 1
73 119 1
93 206 1
70 218 1
75 107 1
58 124 1
17 230 1
120 185 1
130 270 1
7 199 1
54 94 1
88 259 1
82 173 1
159 200 1
81 241 1
107 124 1
16 179 1
119 221 1
149 213 1
168 255 1
13 102 1
242 255 1
99 118 1
28 265 1
103 228 1
159 271 1
73 83 1
142 245 1
41 219 1
5 159 1
24 112 1
39 159 1
2 167 1
40 136 1
180 215 1
19 104 1
7 151 1
1 70 1
126 249 1
231 265 1
76 260 1
114 148 1
132 219 1
137 270 1
75 274 1
98 172 1
55 262 1
13 154 1
26 56 1
70 147 1
89 205 1
88 250 1
44 116 1
89 241 1
169 230 1
196 244 1
34 92 1
187 269 1
166 263 1
48 240 1
96 138 1
2 215 1
104 150 1
32 83 1
101 129 1
59 229 1
66 204 1
23 181 1
124 263 1
18 24 1
218 219 1
186 261 1
130 131 1
97 172 1
22 270 1
10 136 1
117 227 1
11 267 1
56 194 1
74 184 1
19 27 1
119 237 1
19 107 1
19 231 1
6 42 1
223 248 1
110 138 1
133 267 1
107 241 1
112 163 1
128 175 1
121 244 1
4 8 1
59 112 1
62 201 1
97 119 1
115 241 1
58 72 1
133 228 1
27 138 1
270 274 1
9 238 1
247 261 1
226 275 1
39 78 1
62 205 1
60 90 1
51 93 1
67 162 1
28 145 1
101 147 1
66 241 1
175 261 1
118 137 1
4 41 1
132 150 1
94 191 1
158 176 1
34 66 1
3 143 1
65 72 1
39 225 1
1 275 1
67 131 1
38 159 1
88 138 1
53 182 1
80 167 1
94 104 1
108 161 1
17 134 1
49 257 1
17 263 1
53 102 1
50 104 1
72 274 1
45 173 1
37 45 1
49 167 1
239 264 1
76 202 1
108 253 1
6 58 1
151 261 1
36 151 1
161 245 1
205 227 1
86 192 1
120 187 1
121 169 1
16 69 1
60 167 1
80 242 1
167 257 1
124 245 1
50 130 1
108 197 1
35 202 1
42 185 1
65 192 1
34 98 1
179 229 1
39 137 1
247 256 1
103 244 1
118 150 1
37 193 1
54 155 1
187 273 1
47 121 1
33 53 1
47 230 1
81 160 1
33 201 1
97 143 1
117 269 1
8 222 1
20 144 1
138 143 1
125 240 1
111 151 1
24 234 1
164 220 1
179 217 1
76 102 1
108 214 1
154 261 1
39 214 1
218 247 1
85 116 1
110 220 1
201 227 1
208 220 1
96 222 1
97 239 1
63 74 1
21 124 1
68 98 1
62 153 1
14 162 1
100 254 1
132 273 1
212 237 1
47 180 1
40 60 1
156 264 1
67 149 1
108 233 1
80 163 1
127 180 1
53 242 1
53 200 1
140 174 1
120 201 1
51 158 1
29 91 1
88 135 1
38 96 1
176 236 1
112 152 1
18 275 1
25 268 1
84 252 1
246 258 1
39 208 1
97 260 1
157 174 1
21 37 1
33 72 1
98 123 1
65 68 1
28 202 1
153 217 1
174 205 1
51 55 1
42 54 1
186 220 1
28 231 1
162 213 1
94 273 1
128 247 1
9 230 1
22 143 1
30 93 1
4 175 1
92 119 1
69 272 1
45 98 1
90 96 1
27 144 1
146 220 1
75 90 1
7 30 1
45 269 1
143 242 1
15 246 1
114 244 1
12 254 1
111 160 1
105 163 1
73 164 1
6 109 1
203 221 1
36 206 1
23 109 1
45 179 1
206 253 1
11 212 1
4 7 1
125 257 1
146 148 1
137 247 1
117 226 1
104 148 1
129 262 1
27 143 1
26 79 1
24 135 1
217 228 1
59 127 1
51 115 1
133 171 1
181 244 1
128 221 1
61 79 1
83 129 1
101 227 1
68 219 1
203 244 1
48 189 1
191 249 1
52 216 1
75 93 1
45 76 1
11 17 1
171 219 1
2 218 1
123 228 1
173 275 1
60 250 1
252 255 1
142 203 1
80 238 1
7 147 1
71 83 1
56 73 1
13 138 1
108 230 1
60 87 1
151 255 1
198 222 1
75 224 1
27 140 1
16 223 1
77 197 1
53 75 1
53 94 1
10 132 1
56 155 1
16 138 1
225 240 1
70 88 1
177 252 1
194 216 1
70 113 1
60 72 1
147 267 1
9 160 1
50 259 1
24 126 1
57 251 1
109 178 1
69 186 1
1 118 1
11 65 1
15 167 1
84 250 1
227 254 1
49 138 1
44 127 1
115 118 1
63 262 1
99 261 1
36 147 1
47 82 1
38 138 1
22 216 1
242 247 1
3 89 1
68 242 1
133 251 1
226 234 1
89 217 1
54 231 1
97 137 1
82 132 1
145 211 1
74 270 1
141 243 1
50 261 1
23 64 1
64 86 1
35 115 1
52 118 1
1 171 1
62 251 1
20 28 1
78 244 1
8 260 1
76 273 1
104 158 1
6 192 1
152 179 1
23 142 1
127 169 1
224 233 1
13 149 1
43 264 1
199 246 1
199 258 1
44 141 1
52 169 1
6 215 1
14 76 1
14 242 1
225 269 1
124 231 1
62 179 1
107 203 1
1 201 1
150 206 1
80 233 1
152 162 1
220 237 1
79 122 1
140 161 1
89 122 1
185 213 1
75 246 1
13 136 1
41 237 1
41 130 1
68 69 1
53 219 1
22 148 1
53 78 1
162 171 1
34 209 1
130 190 1
36 170 1
207 208 1
52 206 1
172 236 1
32 188 1
3 228 1
9 146 1
146 214 1
77 241 1
101 266 1
195 262 1
34 178 1
81 212 1
147 242 1
14 66 1
151 183 1
97 111 1
81 269 1
72 101 1
15 132 1
2 88 1
110 176 1
93 252 1
76 83 1
62 77 1
3 131 1
235 248 1
67 214 1
10 107 1
104 166 1
160 201 1
1 117 1
71 224 1
83 217 1
84 226 1
49 97 1
104 272 1
158 196 1
110 125 1
4 78 1
158 172 1
86 144 1
152 269 1
234 252 1
38 215 1
74 142 1
17 20 1
68 87 1
9 120 1
81 169 1
111 142 1
16 163 1
17 135 1
15 150 1
46 247 1
57 172 1
43 66 1
85 176 1
19 123 1
38 267 1
8 73 1
57 140 1
26 139 1
133 136 1
15 158 1
50 75 1
55 87 1
37 101 1
126 150 1
191 245 1
55 192 1
210 243 1
54 235 1
126 247 1
119 180 1
143 213 1
110 168 1
119 228 1
28 262 1
134 255 1
36 188 1
102 218 1
43 116 1
15 241 1
69 137 1
33 260 1
152 191 1
72 121 1
43 111 1
123 230 1
100 265 1
44 209 1
148 157 1
52 62 1
135 185 1
47 193 1
135 249 1
25 89 1
54 192 1
123 206 1
53 115 1
107 120 1
178 267 1
240 254 1
87 98 1
74 85 1
5 229 1
7 262 1
153 210 1
48 164 1
117 272 1
210 245 1
235 251 1
182 211 1
141 151 1
29 80 1
12 256 1
199 247 1
40 67 1
41 102 1
126 187 1
79 114 1
191 272 1
218 220 1
83 265 1
79 108 1
195 259 1
111 201 1
31 136 1
17 58 1
1 197 1
133 137 1
60 209 1
256 275 1
83 99 1
101 192 1
182 269 1
57 61 1
178 274 1
6 137 1
113 140 1
123 216 1
141 184 1
127 153 1
153 271 1
49 132 1
