87 148 3
79 106 3
294 297 3
6 255 3
105 217 3
288 315 3
113 128 3
12 69 3
38 134 3
123 193 3
59 300 3
240 269 3
122 159 3
107 188 3
4 178 3
192 245 3
10 270 3
18 306 3
192 231 3
35 231 3
186 217 3
17 249 3
280 313 3
35 317 3
97 318 3
157 296 3
13 65 3
123 143 3
54 231 3
232 249 3
108 234 3
64 243 3
2 297 3
116 136 3
193 287 3
77 150 3
87 140 3
41 325 3
230 286 3
191 327 3
151 246 3
74 310 3
84 197 3
120 137 3
37 95 3
248 288 3
20 64 3
29 78 3
21 133 3
133 144 3
87 213 3
130 147 3
42 299 3
173 187 3
181 271 3
31 185 3
105 251 3
2 82 3
202 221 3
59 235 3
158 266 3
70 141 3
147 285 3
169 225 3
199 232 3
26 286 3
113 155 3
20 331 3
196 206 3
55 171 3
202 306 3
159 224 3
226 240 3
114 146 3
29 124 3
16 106 3
57 85 3
10 247 3
3 151 3
17 154 3
155 179 3
222 267 3
241 253 3
117 185 3
24 34 3
7 91 3
145 249 3
38 151 3
76 216 3
25 151 3
7 86 3
50 63 3
90 216 3
160 324 3
146 219 3
96 293 3
244 318 3
165 227 3
146 331 3
180 201 3
22 211 3
86 106 3
47 176 3
122 123 3
59 193 3
65 66 3
116 198 3
48 207 3
291 331 3
34 137 3
24 130 3
97 268 3
35 243 3
20 180 3
140 242 3
183 279 3
18 305 3
64 269 3
59 148 3
105 207 3
171 172 3
37 191 3
158 286 3
244 284 3
117 277 3
60 89 3
105 326 3
28 327 3
16 266 3
208 257 3
73 74 3
90 107 3
43 46 3
73 114 3
22 178 3
193 240 3
16 98 3
149 221 3
60 176 3
172 212 3
180 257 3
250 271 3
266 285 3
198 220 3
199 325 3
64 192 3
66 170 3
32 281 3
22 133 3
74 145 3
52 119 3
134 266 3
2 69 3
22 244 3
62 113 3
43 238 3
213 314 3
75 85 3
167 272 3
285 304 3
35 264 3
144 250 3
13 124 3
176 281 3
13 286 3
72 249 3
64 102 3
52 205 3
104 146 3
85 296 3
6 178 3
58 322 3
64 239 3
62 73 3
4 285 3
187 278 3
89 319 3
31 104 3
52 101 3
54 126 3
43 64 3
45 47 3
64 249 3
99 167 3
160 251 3
160 239 3
137 146 3
199 224 3
138 147 3
83 151 3
58 253 3
25 92 3
8 192 3
133 328 3
166 312 3
175 210 3
26 239 3
44 47 3
280 325 3
164 277 3
107 184 3
244 323 3
134 249 3
30 54 3
100 200 3
121 137 3
157 228 3
65 164 3
7 60 3
92 217 3
39 311 3
222 317 3
188 217 3
130 280 3
135 225 3
242 293 3
76 203 3
73 324 3
22 257 3
124 297 3
21 121 3
164 198 3
168 228 3
29 175 3
165 288 3
186 246 3
144 327 3
150 280 3
98 182 3
77 317 3
289 322 3
146 317 3
138 160 3
84 228 3
159 192 3
127 199 3
213 291 3
48 64 3
93 186 3
141 142 3
248 257 3
307 320 3
124 242 3
92 268 3
12 221 3
130 328 3
141 221 3
48 114 3
9 198 3
24 51 3
97 121 3
222 253 3
55 286 3
161 220 3
30 298 3
142 301 3
195 197 3
106 130 3
317 319 3
117 207 3
112 328 3
5 216 3
38 172 3
37 183 3
153 299 3
87 312 3
202 250 3
224 259 3
75 146 3
52 292 3
95 273 3
21 291 3
70 135 3
121 317 3
54 101 3
248 302 3
172 213 3
185 304 3
209 288 3
9 95 3
108 320 3
101 277 3
27 109 3
103 169 3
173 220 3
62 267 3
3 80 3
146 215 3
130 324 3
3 46 3
170 230 3
30 267 3
9 39 3
138 254 3
262 326 3
22 232 3
249 253 3
278 298 3
54 279 3
39 48 3
30 194 3
226 273 3
32 39 3
155 275 3
78 168 3
317 320 3
174 247 3
176 267 3
188 213 3
206 313 3
117 132 3
227 285 3
52 113 3
150 331 3
166 198 3
27 289 3
182 227 3
178 300 3
42 220 3
120 307 3
28 119 3
286 292 3
146 201 3
1 129 3
1 29 3
37 207 3
21 160 3
212 241 3
53 59 3
130 139 3
86 176 3
165 322 3
52 268 3
75 87 3
14 126 3
50 132 3
73 261 3
5 194 3
74 133 3
194 326 3
68 161 3
241 282 3
9 190 3
61 120 3
168 169 3
199 263 3
254 284 3
109 252 3
184 268 3
52 153 3
124 320 3
81 244 3
74 317 3
179 297 3
45 319 3
166 268 3
94 285 3
45 72 3
75 213 3
240 273 3
63 82 3
144 315 3
190 319 3
240 293 3
174 291 3
113 161 3
83 193 3
67 325 3
186 289 3
165 172 3
1 251 3
107 286 3
12 152 3
86 277 3
105 284 3
14 279 3
10 186 3
248 295 3
156 328 3
170 256 3
34 36 3
116 250 3
149 242 3
2 103 3
118 187 3
94 119 3
105 200 3
72 117 3
268 271 3
142 202 3
40 68 3
145 156 3
78 323 3
73 108 3
146 283 3
162 180 3
238 332 3
54 215 3
241 317 3
27 308 3
69 92 3
65 196 3
56 188 3
47 312 3
102 323 3
188 283 3
169 263 3
95 166 3
122 254 3
239 319 3
72 320 3
166 310 3
49 319 3
228 283 3
258 285 3
44 174 3
158 246 3
22 160 3
59 213 3
123 320 3
80 175 3
73 249 3
26 168 3
2 279 3
209 240 3
265 281 3
19 228 3
134 178 3
128 319 3
191 281 3
122 306 3
139 155 3
199 314 3
79 80 3
40 67 3
120 122 3
194 242 3
267 288 3
281 289 3
133 158 3
117 317 3
26 264 3
3 203 3
65 321 3
14 250 3
143 180 3
55 254 3
174 282 3
29 235 3
172 194 3
233 257 3
108 155 3
23 111 3
243 317 3
21 100 3
45 227 3
150 284 3
167 268 3
58 85 3
157 201 3
176 227 3
78 96 3
17 232 3
45 188 3
60 94 3
149 246 3
223 316 3
14 274 3
165 258 3
176 265 3
278 322 3
149 309 3
139 144 3
4 197 3
148 205 3
21 294 3
19 300 3
58 316 3
102 250 3
11 171 3
161 239 3
64 177 3
118 129 3
294 329 3
43 172 3
146 240 3
42 161 3
220 308 3
185 231 3
84 252 3
23 24 3
214 322 3
42 271 3
292 305 3
64 292 3
40 222 3
66 302 3
19 103 3
65 232 3
45 190 3
18 304 3
86 199 3
191 237 3
98 240 3
110 120 3
264 323 3
110 225 3
2 181 3
140 184 3
317 326 3
99 287 3
59 121 3
82 225 3
124 139 3
146 328 3
38 88 3
93 266 3
90 236 3
253 283 3
313 330 3
41 181 3
70 223 3
72 73 3
257 323 3
131 308 3
182 228 3
74 270 3
77 309 3
43 197 3
72 204 3
80 257 3
296 315 3
15 167 3
12 236 3
147 196 3
192 289 3
184 185 3
28 175 3
28 79 3
70 197 3
228 251 3
13 165 3
241 324 3
108 161 3
153 283 3
30 311 3
77 195 3
91 265 3
29 168 3
22 95 3
133 283 3
51 135 3
317 331 3
12 229 3
77 299 3
129 224 3
137 141 3
49 56 3
49 137 3
156 252 3
55 289 3
33 281 3
169 213 3
44 197 3
65 300 3
170 291 3
118 261 3
102 224 3
121 259 3
3 33 3
7 81 3
143 226 3
111 190 3
6 187 3
109 294 3
161 309 3
246 329 3
110 289 3
77 193 3
71 274 3
59 167 3
58 251 3
160 178 3
112 178 3
100 104 3
193 326 3
1 167 3
115 277 3
40 190 3
131 218 3
253 291 3
166 195 3
207 304 3
43 319 3
300 316 3
134 309 3
228 294 3
41 192 3
73 289 3
152 172 3
61 264 3
85 147 3
119 265 3
42 91 3
142 158 3
260 330 3
20 42 3
84 227 3
126 265 3
213 232 3
29 190 3
286 322 3
65 85 3
30 77 3
21 101 3
1 248 3
1 33 3
67 217 3
119 158 3
197 258 3
105 219 3
194 238 3
146 277 3
52 330 3
265 322 3
18 230 3
42 103 3
46 259 3
167 208 3
107 122 3
37 309 3
28 261 3
94 289 3
65 328 3
171 322 3
57 192 3
15 305 3
80 215 3
250 266 3
78 159 3
118 227 3
97 159 3
23 249 3
83 124 3
231 245 3
109 127 3
56 202 3
158 307 3
39 150 3
153 240 3
264 280 3
99 237 3
74 294 3
150 152 3
185 248 3
101 228 3
20 191 3
9 103 3
184 211 3
53 135 3
109 187 3
4 131 3
147 203 3
94 163 3
47 55 3
291 308 3
145 269 3
177 284 3
103 227 3
79 246 3
141 271 3
99 129 3
80 201 3
137 264 3
191 331 3
185 236 3
34 299 3
33 108 3
157 271 3
46 211 3
273 317 3
89 130 3
40 209 3
23 306 3
62 139 3
21 332 3
119 279 3
27 128 3
184 319 3
210 318 3
42 113 3
170 260 3
67 278 3
143 212 3
136 258 3
21 120 3
109 118 3
247 249 3
68 142 3
129 269 3
200 290 3
49 147 3
76 176 3
93 315 3
222 280 3
300 321 3
137 254 3
240 249 3
2 128 3
50 137 3
70 305 3
11 257 3
93 178 3
165 257 3
22 294 3
10 70 3
66 88 3
100 105 3
48 304 3
15 321 3
243 293 3
71 129 3
150 325 3
120 176 3
129 149 3
189 305 3
79 287 3
3 318 3
60 119 3
115 332 3
1 105 3
89 261 3
170 286 3
108 137 3
97 257 3
151 217 3
141 259 3
265 328 3
109 133 3
115 182 3
177 224 3
154 255 3
59 178 3
216 257 3
118 291 3
119 216 3
63 64 3
127 152 3
17 234 3
194 288 3
26 330 3
176 330 3
87 263 3
139 172 3
39 286 3
215 320 3
142 177 3
57 274 3
200 233 3
158 238 3
191 293 3
24 174 3
150 276 3
245 293 3
51 121 3
74 301 3
66 71 3
144 152 3
1 315 3
189 278 3
93 285 3
7 149 3
127 147 3
49 224 3
32 160 3
104 307 3
47 253 3
124 165 3
7 94 3
80 285 3
62 271 3
71 126 3
71 90 3
28 300 3
136 282 3
42 166 3
9 92 3
111 155 3
159 218 3
46 169 3
149 238 3
143 158 3
115 186 3
122 243 3
115 200 3
121 261 3
53 111 3
63 306 3
2 182 3
30 51 3
115 137 3
92 145 3
202 207 3
12 219 3
184 281 3
101 106 3
163 252 3
17 94 3
76 136 3
116 208 3
261 316 3
227 290 3
243 328 3
272 291 3
15 46 3
57 307 3
80 101 3
179 218 3
112 127 3
70 132 3
152 321 3
3 295 3
23 231 3
18 96 3
34 304 3
17 134 3
28 152 3
62 226 3
23 104 3
68 253 3
119 227 3
44 118 3
222 327 3
3 27 3
268 324 3
88 158 3
120 313 3
90 255 3
186 270 3
193 303 3
77 326 3
228 240 3
289 295 3
129 237 3
275 282 3
24 325 3
60 270 3
215 314 3
150 296 3
206 237 3
161 247 3
19 48 3
20 240 3
96 321 3
148 153 3
93 243 3
199 281 3
55 105 3
4 247 3
47 270 3
26 329 3
128 131 3
91 259 3
232 280 3
105 132 3
25 213 3
19 325 3
38 231 3
139 152 3
53 305 3
287 295 3
65 155 3
40 81 3
259 327 3
43 225 3
185 291 3
250 312 3
89 176 3
70 289 3
122 328 3
61 272 3
2 79 3
232 264 3
4 36 3
88 290 3
228 244 3
50 292 3
130 318 3
164 251 3
44 214 3
228 308 3
181 207 3
197 321 3
137 236 3
117 318 3
95 319 3
115 279 3
138 150 3
95 282 3
157 177 3
126 259 3
56 244 3
175 307 3
218 328 3
108 303 3
114 199 3
116 240 3
24 47 3
103 104 3
89 179 3
219 273 3
1 75 3
132 219 3
70 88 3
146 227 3
153 264 3
240 271 3
113 316 3
214 231 3
251 321 3
202 284 3
187 237 3
154 191 3
180 295 3
26 176 3
303 315 3
218 298 3
25 235 3
97 305 3
112 323 3
38 44 3
63 309 3
203 299 3
9 84 3
197 259 3
318 324 3
98 210 3
222 321 3
69 171 3
15 203 3
14 173 3
232 329 3
138 231 3
155 256 3
123 287 3
145 161 3
128 250 3
57 120 3
65 94 3
123 290 3
114 244 3
41 276 3
85 132 3
29 302 3
154 231 3
87 236 3
152 324 3
49 238 3
81 303 3
13 203 3
36 268 3
173 285 3
63 149 3
73 76 3
115 214 3
33 45 3
229 308 3
85 280 3
114 313 3
134 169 3
73 264 3
140 175 3
46 144 3
114 144 3
127 161 3
201 219 3
34 183 3
36 106 3
169 258 3
211 220 3
36 213 3
106 217 3
86 235 3
72 330 3
182 219 3
64 279 3
207 276 3
87 324 3
117 321 3
21 35 3
198 221 3
231 253 3
208 324 3
249 256 3
63 296 3
96 127 3
99 233 3
253 313 3
230 318 3
125 244 3
79 307 3
23 71 3
102 314 3
10 29 3
49 98 3
44 295 3
216 270 3
193 261 3
12 116 3
97 307 3
144 179 3
71 197 3
51 296 3
37 201 3
280 281 3
245 279 3
235 255 3
24 221 3
216 249 3
285 314 3
298 328 3
155 196 3
132 309 3
3 143 3
12 19 3
110 117 3
162 187 3
45 226 3
157 263 3
25 246 3
158 211 3
53 223 3
31 61 3
276 329 3
279 281 3
164 177 3
197 293 3
318 328 3
189 240 3
138 200 3
254 259 3
8 230 3
29 123 3
53 105 3
298 305 3
103 129 3
43 271 3
103 156 3
72 301 3
248 299 3
63 272 3
136 331 3
237 275 3
144 268 3
251 322 3
110 148 3
58 330 3
50 270 3
162 163 3
211 267 3
265 309 3
8 149 3
118 332 3
79 218 3
19 285 3
280 283 3
74 223 3
125 187 3
251 273 3
191 312 3
89 240 3
6 157 3
146 196 3
126 228 3
60 278 3
106 210 3
254 289 3
218 288 3
216 291 3
173 243 3
40 154 3
114 228 3
182 220 3
20 43 3
138 331 3
233 298 3
8 159 3
73 122 3
248 274 3
219 300 3
307 325 3
16 183 3
233 247 3
125 138 3
117 230 3
190 288 3
69 190 3
85 291 3
24 288 3
1 14 3
23 154 3
282 311 3
