127 143 4
25 357 4
91 343 4
127 361 4
14 185 4
215 349 4
180 297 4
151 299 4
194 207 4
190 313 4
141 354 4
269 355 4
74 126 4
211 325 4
137 354 4
264 319 4
131 310 4
279 288 4
106 344 4
221 274 4
119 314 4
50 70 4
3 185 4
13 258 4
205 267 4
255 260 4
163 345 4
162 245 4
147 293 4
64 121 4
131 136 4
19 323 4
76 306 4
111 236 4
47 202 4
222 331 4
92 207 4
27 272 4
152 164 4
39 53 4
3 355 4
39 364 4
152 300 4
79 200 4
82 320 4
143 217 4
143 218 4
174 218 4
102 159 4
20 262 4
43 360 4
118 201 4
81 134 4
227 285 4
301 323 4
29 360 4
28 312 4
33 99 4
289 327 4
43 234 4
68 301 4
78 316 4
125 286 4
136 352 4
6 283 4
32 277 4
48 206 4
112 239 4
287 339 4
158 279 4
187 353 4
274 299 4
271 306 4
89 232 4
230 323 4
222 332 4
82 282 4
2 299 4
98 285 4
15 137 4
225 290 4
30 291 4
66 95 4
44 268 4
68 117 4
14 112 4
287 360 4
45 265 4
191 285 4
132 206 4
98 205 4
62 286 4
71 360 4
169 345 4
173 279 4
183 203 4
33 166 4
155 289 4
248 260 4
19 255 4
268 365 4
51 130 4
190 231 4
109 316 4
56 139 4
314 317 4
10 293 4
295 363 4
61 274 4
166 339 4
41 81 4
170 233 4
157 206 4
100 324 4
96 270 4
118 152 4
173 304 4
54 203 4
169 210 4
219 282 4
224 348 4
233 332 4
162 290 4
21 350 4
127 244 4
208 323 4
247 284 4
12 124 4
28 38 4
191 280 4
89 297 4
161 342 4
27 179 4
195 214 4
23 67 4
62 111 4
36 347 4
28 271 4
49 254 4
16 255 4
269 292 4
210 280 4
151 348 4
25 245 4
10 361 4
70 364 4
47 84 4
159 167 4
65 225 4
53 305 4
188 221 4
1 170 4
29 256 4
75 144 4
77 330 4
60 216 4
130 290 4
75 326 4
42 113 4
179 320 4
24 37 4
177 234 4
28 127 4
343 352 4
30 92 4
279 291 4
250 348 4
83 197 4
11 215 4
33 144 4
179 248 4
103 203 4
70 220 4
235 239 4
189 261 4
109 297 4
269 343 4
31 165 4
5 199 4
74 153 4
56 286 4
123 227 4
38 206 4
59 106 4
55 148 4
249 290 4
30 144 4
84 156 4
318 363 4
29 259 4
195 198 4
159 247 4
47 172 4
233 246 4
11 302 4
20 222 4
66 142 4
84 160 4
39 199 4
150 265 4
206 346 4
10 74 4
38 223 4
224 308 4
114 296 4
137 235 4
272 365 4
209 338 4
232 274 4
219 251 4
131 284 4
85 214 4
123 135 4
35 47 4
84 273 4
38 297 4
150 280 4
7 309 4
9 168 4
7 305 4
143 281 4
231 244 4
143 203 4
9 87 4
111 305 4
298 317 4
36 280 4
106 203 4
215 306 4
179 197 4
24 128 4
174 274 4
99 217 4
108 180 4
76 186 4
104 356 4
21 334 4
220 291 4
12 171 4
228 338 4
8 236 4
271 344 4
108 328 4
85 178 4
49 281 4
48 72 4
44 321 4
199 245 4
117 173 4
248 306 4
44 359 4
14 296 4
12 221 4
182 233 4
153 290 4
155 354 4
60 80 4
43 333 4
109 224 4
272 277 4
24 324 4
36 124 4
280 337 4
144 323 4
88 263 4
26 82 4
13 307 4
10 152 4
77 291 4
249 272 4
38 286 4
260 365 4
154 227 4
69 99 4
10 335 4
51 341 4
26 68 4
174 305 4
39 188 4
127 140 4
86 222 4
84 265 4
108 235 4
150 160 4
33 184 4
66 161 4
17 70 4
218 280 4
301 316 4
327 349 4
16 18 4
12 43 4
83 243 4
39 121 4
65 178 4
207 304 4
34 260 4
325 347 4
3 132 4
119 243 4
164 241 4
39 291 4
256 315 4
250 262 4
245 263 4
211 280 4
223 317 4
14 91 4
52 157 4
212 221 4
207 286 4
120 320 4
101 102 4
161 279 4
90 289 4
38 88 4
22 133 4
70 336 4
80 331 4
277 343 4
123 268 4
219 314 4
37 328 4
193 310 4
71 213 4
105 357 4
111 281 4
3 212 4
74 338 4
7 362 4
102 119 4
84 198 4
153 291 4
6 168 4
137 176 4
40 78 4
259 353 4
296 352 4
7 297 4
135 236 4
32 201 4
183 312 4
242 313 4
21 158 4
214 222 4
17 333 4
15 158 4
165 305 4
2 24 4
2 177 4
41 160 4
110 311 4
86 242 4
96 149 4
23 230 4
66 283 4
55 100 4
12 59 4
226 341 4
79 247 4
139 152 4
210 271 4
1 127 4
3 150 4
150 208 4
2 236 4
182 249 4
26 168 4
115 321 4
174 344 4
92 343 4
89 101 4
112 248 4
147 281 4
30 225 4
162 168 4
69 124 4
13 69 4
219 250 4
91 128 4
56 61 4
1 92 4
237 317 4
26 43 4
200 272 4
21 249 4
179 348 4
30 287 4
176 347 4
11 202 4
55 93 4
161 236 4
178 248 4
62 229 4
49 158 4
153 275 4
104 301 4
32 276 4
252 358 4
74 158 4
151 192 4
99 231 4
128 329 4
153 311 4
354 360 4
87 321 4
101 191 4
247 278 4
130 168 4
32 344 4
216 241 4
11 254 4
176 221 4
42 120 4
115 213 4
97 334 4
67 265 4
229 327 4
171 251 4
231 246 4
217 243 4
317 332 4
126 271 4
286 312 4
9 73 4
291 345 4
236 249 4
117 355 4
31 148 4
236 360 4
145 204 4
101 148 4
167 328 4
21 270 4
251 337 4
150 188 4
129 174 4
196 311 4
79 174 4
208 257 4
123 187 4
109 233 4
239 256 4
166 263 4
99 308 4
4 90 4
23 199 4
220 256 4
285 293 4
134 162 4
164 347 4
360 364 4
134 292 4
184 225 4
41 341 4
57 219 4
163 223 4
86 93 4
40 113 4
55 258 4
195 319 4
29 202 4
92 341 4
305 325 4
11 158 4
151 175 4
140 149 4
123 226 4
85 283 4
315 363 4
55 182 4
226 345 4
3 334 4
72 81 4
43 330 4
193 237 4
29 283 4
315 322 4
177 318 4
245 275 4
60 111 4
54 307 4
265 336 4
64 239 4
55 62 4
189 236 4
49 173 4
141 272 4
36 51 4
150 278 4
57 105 4
79 339 4
35 190 4
2 345 4
311 353 4
155 303 4
48 62 4
96 327 4
18 216 4
129 200 4
80 334 4
56 141 4
20 185 4
236 338 4
55 251 4
77 111 4
47 155 4
141 294 4
120 247 4
291 352 4
66 289 4
80 184 4
232 336 4
45 145 4
37 82 4
51 173 4
116 285 4
248 301 4
221 304 4
50 228 4
163 361 4
160 209 4
151 357 4
89 137 4
112 123 4
14 234 4
46 150 4
73 109 4
16 254 4
117 154 4
346 347 4
97 204 4
144 266 4
89 261 4
8 364 4
161 311 4
4 105 4
61 211 4
97 255 4
265 299 4
4 12 4
115 190 4
153 298 4
225 244 4
243 361 4
13 224 4
274 341 4
13 298 4
52 158 4
107 194 4
139 223 4
226 267 4
19 300 4
88 128 4
118 273 4
44 342 4
121 233 4
91 330 4
26 223 4
157 189 4
21 201 4
16 54 4
85 166 4
217 351 4
236 299 4
156 323 4
9 281 4
1 16 4
200 300 4
88 264 4
132 317 4
72 240 4
56 330 4
36 335 4
224 356 4
68 127 4
117 199 4
178 282 4
164 283 4
191 216 4
91 205 4
7 157 4
79 121 4
112 157 4
279 301 4
10 230 4
124 250 4
180 359 4
29 271 4
206 318 4
310 332 4
78 118 4
165 255 4
91 139 4
110 338 4
47 201 4
110 178 4
355 357 4
148 245 4
101 158 4
140 167 4
80 264 4
51 73 4
14 135 4
158 340 4
159 331 4
100 307 4
163 333 4
116 355 4
99 359 4
40 88 4
299 322 4
206 347 4
85 311 4
103 186 4
300 326 4
14 270 4
12 224 4
143 358 4
82 357 4
24 105 4
22 208 4
175 204 4
193 242 4
235 347 4
70 292 4
282 331 4
26 171 4
29 264 4
84 312 4
131 246 4
44 92 4
316 324 4
150 161 4
8 242 4
32 142 4
41 346 4
53 185 4
272 294 4
12 254 4
220 360 4
15 185 4
40 334 4
47 232 4
125 359 4
7 313 4
51 296 4
39 247 4
66 199 4
31 74 4
133 229 4
113 162 4
269 271 4
176 297 4
1 200 4
111 121 4
52 135 4
20 353 4
34 231 4
251 356 4
84 258 4
15 303 4
33 365 4
122 261 4
289 348 4
56 195 4
48 212 4
168 172 4
157 319 4
39 210 4
157 159 4
265 320 4
293 307 4
216 285 4
33 227 4
116 206 4
176 200 4
130 232 4
82 232 4
212 354 4
65 240 4
267 333 4
127 288 4
139 241 4
235 283 4
85 131 4
28 39 4
13 30 4
6 38 4
70 228 4
125 233 4
43 242 4
64 324 4
247 275 4
145 263 4
94 266 4
52 194 4
116 233 4
64 178 4
152 356 4
75 355 4
17 339 4
4 171 4
86 265 4
5 66 4
298 334 4
129 267 4
307 330 4
26 110 4
176 261 4
67 89 4
227 357 4
97 262 4
55 252 4
101 305 4
19 279 4
117 246 4
260 339 4
39 145 4
170 264 4
85 337 4
4 71 4
36 228 4
2 253 4
202 319 4
120 268 4
39 42 4
259 303 4
5 135 4
74 247 4
105 265 4
44 279 4
17 202 4
173 346 4
56 128 4
84 150 4
212 220 4
145 312 4
19 148 4
98 139 4
108 196 4
1 177 4
3 191 4
6 72 4
133 167 4
28 177 4
80 229 4
193 309 4
266 305 4
50 72 4
23 340 4
166 326 4
49 273 4
125 310 4
99 112 4
219 320 4
131 352 4
177 277 4
190 282 4
305 322 4
24 140 4
190 220 4
75 309 4
163 209 4
14 291 4
37 315 4
266 275 4
6 259 4
239 261 4
43 187 4
141 359 4
261 345 4
172 271 4
152 213 4
145 152 4
166 285 4
232 355 4
175 196 4
50 64 4
75 135 4
24 341 4
171 298 4
64 356 4
229 360 4
182 324 4
10 271 4
224 322 4
46 285 4
87 259 4
71 232 4
102 293 4
208 334 4
95 283 4
38 143 4
144 218 4
172 176 4
34 298 4
108 288 4
155 160 4
170 209 4
171 341 4
179 354 4
29 225 4
173 273 4
36 175 4
96 276 4
20 303 4
244 359 4
79 89 4
32 232 4
260 353 4
43 285 4
207 294 4
140 265 4
1 108 4
33 309 4
123 278 4
22 364 4
39 351 4
171 270 4
78 323 4
98 180 4
116 317 4
40 91 4
179 251 4
238 271 4
74 313 4
59 214 4
113 212 4
198 212 4
141 277 4
190 302 4
320 323 4
50 245 4
107 365 4
11 78 4
64 248 4
15 232 4
14 363 4
54 305 4
193 324 4
234 323 4
82 329 4
73 232 4
252 327 4
78 163 4
71 159 4
44 171 4
28 288 4
85 220 4
29 288 4
92 162 4
85 170 4
163 167 4
98 216 4
163 347 4
31 232 4
252 361 4
125 169 4
112 118 4
86 252 4
10 323 4
50 350 4
298 326 4
18 126 4
248 287 4
52 167 4
63 329 4
218 275 4
72 237 4
103 256 4
159 309 4
328 354 4
68 106 4
74 154 4
40 357 4
90 314 4
50 139 4
39 356 4
116 156 4
96 113 4
95 336 4
147 214 4
114 300 4
66 228 4
36 330 4
10 322 4
24 363 4
128 172 4
220 234 4
168 323 4
169 274 4
153 216 4
1 312 4
23 59 4
96 174 4
30 242 4
21 23 4
47 145 4
248 289 4
215 269 4
171 324 4
321 335 4
141 252 4
140 177 4
307 360 4
135 220 4
215 344 4
127 218 4
36 150 4
131 334 4
15 363 4
65 94 4
75 111 4
34 145 4
339 357 4
308 316 4
4 259 4
83 201 4
70 134 4
142 261 4
49 354 4
115 297 4
323 332 4
291 321 4
98 336 4
162 345 4
54 64 4
329 359 4
124 363 4
97 196 4
46 146 4
96 107 4
96 178 4
165 307 4
4 140 4
61 357 4
188 357 4
146 163 4
119 323 4
112 128 4
108 146 4
266 273 4
218 237 4
260 342 4
147 291 4
130 336 4
226 349 4
79 134 4
75 95 4
98 243 4
215 360 4
94 146 4
43 309 4
58 239 4
59 62 4
169 207 4
134 166 4
18 107 4
58 62 4
44 51 4
204 238 4
14 187 4
98 148 4
249 322 4
200 279 4
39 128 4
184 251 4
222 294 4
127 152 4
245 351 4
210 211 4
67 143 4
36 307 4
85 97 4
192 364 4
140 260 4
64 211 4
138 218 4
50 95 4
102 328 4
197 351 4
148 236 4
15 61 4
199 221 4
212 263 4
114 135 4
109 335 4
180 201 4
276 321 4
331 355 4
129 148 4
225 268 4
31 55 4
121 137 4
149 279 4
157 191 4
110 361 4
61 181 4
56 339 4
71 267 4
236 263 4
36 72 4
232 252 4
142 237 4
226 264 4
46 107 4
24 46 4
134 314 4
78 126 4
270 283 4
39 118 4
108 148 4
113 225 4
20 168 4
91 198 4
126 127 4
255 353 4
161 219 4
89 141 4
97 360 4
158 314 4
52 142 4
147 181 4
185 258 4
146 272 4
2 175 4
321 339 4
68 149 4
199 226 4
88 293 4
111 316 4
213 303 4
9 365 4
198 213 4
154 264 4
103 294 4
56 127 4
211 237 4
30 274 4
129 237 4
232 361 4
187 239 4
79 334 4
224 312 4
239 304 4
311 312 4
216 349 4
40 305 4
152 281 4
70 237 4
107 165 4
163 229 4
74 292 4
34 257 4
103 219 4
26 185 4
115 271 4
213 297 4
159 251 4
189 212 4
89 158 4
129 192 4
66 131 4
168 346 4
40 340 4
50 81 4
204 278 4
187 300 4
25 351 4
78 145 4
263 301 4
206 228 4
69 75 4
194 319 4
41 290 4
70 200 4
26 255 4
198 320 4
156 365 4
187 301 4
300 325 4
259 320 4
178 362 4
256 284 4
199 219 4
61 210 4
116 278 4
192 310 4
173 289 4
42 123 4
242 296 4
74 148 4
251 360 4
130 243 4
182 226 4
141 284 4
217 295 4
29 91 4
9 292 4
182 341 4
185 284 4
92 242 4
125 155 4
78 93 4
134 297 4
200 230 4
39 64 4
6 360 4
33 124 4
248 271 4
41 167 4
103 257 4
153 194 4
79 286 4
259 261 4
235 317 4
138 193 4
326 349 4
9 53 4
118 305 4
9 243 4
226 363 4
47 220 4
4 136 4
36 251 4
76 99 4
109 201 4
25 262 4
2 86 4
32 345 4
319 349 4
148 271 4
231 233 4
131 242 4
305 340 4
217 238 4
156 313 4
51 214 4
10 274 4
102 244 4
217 342 4
17 235 4
177 259 4
263 278 4
2 260 4
213 299 4
42 204 4
274 361 4
69 183 4
100 207 4
123 137 4
8 127 4
278 292 4
178 301 4
56 187 4
38 95 4
32 329 4
111 265 4
81 222 4
162 173 4
82 152 4
77 123 4
129 355 4
88 115 4
295 312 4
126 214 4
49 252 4
121 191 4
41 69 4
135 233 4
163 264 4
98 273 4
221 319 4
74 353 4
126 183 4
226 260 4
215 248 4
23 28 4
22 26 4
14 292 4
136 208 4
152 205 4
87 184 4
224 272 4
140 155 4
9 359 4
95 148 4
281 315 4
159 326 4
81 341 4
86 306 4
26 292 4
212 315 4
53 233 4
32 123 4
160 297 4
56 258 4
76 83 4
142 354 4
353 356 4
185 349 4
337 361 4
132 333 4
290 343 4
58 350 4
128 322 4
249 363 4
153 267 4
255 262 4
134 343 4
19 350 4
274 276 4
97 356 4
43 238 4
33 37 4
221 282 4
74 334 4
192 262 4
227 359 4
243 343 4
199 284 4
105 339 4
139 314 4
28 240 4
65 267 4
6 342 4
107 336 4
203 309 4
327 351 4
55 76 4
49 76 4
149 275 4
18 159 4
11 45 4
20 344 4
45 360 4
177 207 4
316 333 4
155 207 4
35 114 4
97 329 4
70 90 4
34 68 4
29 272 4
39 76 4
83 151 4
49 88 4
162 299 4
35 264 4
172 340 4
13 273 4
247 335 4
114 359 4
197 326 4
258 288 4
74 221 4
20 220 4
87 347 4
172 329 4
311 349 4
128 171 4
51 105 4
289 315 4
209 346 4
7 59 4
90 173 4
1 343 4
190 315 4
227 284 4
174 208 4
62 119 4
95 233 4
82 135 4
178 252 4
229 262 4
48 185 4
235 244 4
272 336 4
233 279 4
316 336 4
140 210 4
142 267 4
203 353 4
20 139 4
128 158 4
331 362 4
102 227 4
149 225 4
104 151 4
84 131 4
58 227 4
28 217 4
94 167 4
360 363 4
306 339 4
91 161 4
119 302 4
163 358 4
69 196 4
323 358 4
15 227 4
20 320 4
236 242 4
225 345 4
22 309 4
136 167 4
19 170 4
163 321 4
185 217 4
183 315 4
110 190 4
273 365 4
46 322 4
219 242 4
26 268 4
256 309 4
210 283 4
216 328 4
81 187 4
159 195 4
53 187 4
49 351 4
71 148 4
4 313 4
56 318 4
130 245 4
63 94 4
165 301 4
51 154 4
98 133 4
56 354 4
