1 177 5
2 57 5
2 80 5
2 119 5
2 136 5
2 189 5
2 236 5
2 257 5
3 71 5
3 139 5
3 150 5
4 136 5
4 177 5
4 231 5
5 223 5
5 293 5
6 256 5
7 61 5
7 98 5
7 177 5
8 187 5
8 214 5
8 257 5
8 281 5
9 61 5
9 286 5
10 28 5
10 145 5
10 177 5
10 253 5
11 58 5
11 71 5
11 127 5
11 177 5
12 158 5
12 195 5
12 257 5
12 259 5
13 177 5
13 213 5
13 257 5
14 70 5
14 109 5
14 147 5
14 253 5
14 268 5
14 311 5
15 162 5
15 218 5
15 257 5
16 97 5
16 187 5
16 257 5
18 71 5
18 133 5
19 23 5
19 249 5
19 257 5
20 43 5
20 197 5
20 254 5
21 89 5
21 159 5
21 177 5
21 227 5
22 113 5
22 137 5
22 158 5
22 221 5
22 318 5
23 35 5
23 166 5
23 171 5
23 258 5
24 182 5
24 296 5
25 62 5
25 257 5
26 98 5
26 152 5
26 254 5
27 195 5
28 82 5
28 256 5
29 141 5
29 187 5
29 270 5
30 78 5
30 132 5
30 175 5
30 295 5
30 316 5
31 177 5
32 128 5
32 147 5
32 262 5
32 295 5
33 71 5
34 278 5
34 288 5
34 295 5
35 40 5
35 89 5
35 138 5
35 170 5
35 177 5
35 270 5
36 85 5
36 110 5
36 148 5
37 171 5
37 177 5
37 240 5
37 305 5
38 172 5
38 247 5
38 257 5
38 279 5
39 80 5
39 133 5
39 144 5
39 257 5
39 263 5
40 71 5
40 295 5
41 51 5
41 73 5
41 212 5
42 49 5
42 116 5
42 177 5
43 250 5
43 254 5
43 312 5
44 177 5
44 222 5
45 166 5
45 257 5
45 271 5
46 216 5
47 71 5
48 74 5
48 158 5
48 165 5
48 254 5
48 257 5
48 288 5
48 294 5
48 299 5
49 59 5
49 63 5
49 80 5
49 212 5
49 217 5
49 239 5
49 261 5
49 271 5
49 297 5
50 177 5
51 89 5
51 187 5
51 212 5
51 214 5
51 264 5
52 89 5
52 222 5
54 127 5
54 159 5
54 177 5
55 71 5
55 177 5
55 261 5
56 177 5
57 97 5
57 136 5
57 352 5
59 223 5
59 242 5
60 80 5
61 177 5
61 257 5
61 260 5
61 262 5
62 257 5
63 293 5
63 321 5
64 269 5
65 87 5
65 149 5
65 177 5
65 215 5
65 238 5
66 99 5
66 142 5
66 177 5
66 257 5
67 71 5
67 102 5
67 155 5
68 97 5
68 177 5
68 213 5
68 295 5
70 177 5
70 310 5
71 76 5
71 87 5
71 110 5
71 111 5
71 128 5
71 129 5
71 135 5
71 139 5
71 144 5
71 148 5
71 151 5
71 153 5
71 155 5
71 174 5
71 177 5
71 182 5
71 192 5
71 196 5
71 197 5
71 198 5
71 199 5
71 200 5
71 207 5
71 223 5
71 231 5
71 236 5
71 238 5
71 241 5
71 254 5
71 257 5
71 298 5
71 299 5
71 300 5
71 301 5
71 312 5
71 317 5
71 326 5
71 341 5
71 342 5
71 350 5
71 362 5
72 177 5
72 183 5
73 208 5
73 340 5
73 341 5
74 185 5
75 242 5
76 219 5
76 252 5
77 151 5
78 184 5
79 142 5
79 211 5
79 293 5
79 310 5
80 96 5
80 133 5
80 316 5
81 126 5
81 177 5
83 110 5
83 177 5
83 257 5
83 293 5
84 155 5
85 177 5
86 98 5
86 211 5
87 128 5
87 177 5
87 300 5
88 171 5
88 184 5
89 92 5
89 97 5
89 247 5
89 275 5
89 327 5
90 108 5
90 257 5
91 177 5
91 209 5
92 187 5
92 253 5
93 99 5
93 177 5
93 290 5
93 339 5
94 103 5
94 139 5
94 212 5
94 331 5
94 341 5
95 135 5
95 166 5
95 177 5
96 177 5
96 190 5
96 248 5
96 353 5
97 117 5
97 166 5
97 177 5
97 198 5
97 199 5
97 208 5
97 210 5
97 220 5
98 147 5
98 164 5
98 193 5
98 209 5
98 224 5
98 252 5
98 257 5
98 262 5
99 177 5
99 289 5
100 164 5
100 177 5
100 257 5
100 282 5
100 354 5
101 164 5
101 176 5
101 309 5
101 330 5
103 195 5
104 132 5
104 177 5
104 309 5
105 288 5
105 294 5
106 212 5
106 284 5
106 303 5
107 136 5
107 177 5
108 137 5
108 177 5
108 243 5
109 288 5
110 150 5
110 180 5
110 243 5
110 255 5
110 341 5
111 177 5
111 227 5
111 252 5
111 315 5
113 133 5
114 310 5
115 118 5
115 121 5
115 142 5
115 241 5
115 364 5
116 140 5
116 154 5
116 183 5
116 206 5
116 362 5
117 201 5
118 318 5
120 164 5
120 316 5
121 136 5
121 149 5
121 177 5
121 243 5
121 269 5
121 279 5
121 314 5
122 157 5
123 256 5
124 177 5
125 127 5
125 134 5
125 177 5
125 183 5
125 192 5
125 238 5
125 264 5
126 177 5
126 244 5
126 273 5
127 177 5
128 286 5
129 237 5
129 280 5
132 177 5
132 213 5
133 291 5
133 306 5
134 244 5
135 162 5
135 177 5
136 138 5
136 155 5
136 173 5
136 189 5
136 191 5
136 231 5
136 232 5
136 261 5
136 277 5
136 291 5
136 358 5
137 157 5
137 192 5
138 215 5
139 142 5
139 155 5
139 177 5
139 192 5
143 215 5
144 177 5
144 219 5
144 312 5
145 241 5
145 289 5
147 197 5
147 212 5
147 295 5
147 319 5
148 179 5
149 304 5
150 177 5
150 241 5
150 307 5
150 312 5
150 317 5
151 177 5
151 220 5
151 277 5
152 155 5
153 177 5
154 215 5
154 254 5
155 166 5
155 175 5
155 177 5
155 194 5
155 268 5
155 283 5
157 188 5
157 223 5
158 187 5
158 226 5
158 257 5
159 162 5
159 313 5
159 353 5
161 183 5
161 250 5
161 260 5
161 303 5
161 327 5
161 348 5
162 182 5
162 287 5
162 326 5
163 248 5
164 189 5
164 228 5
164 257 5
164 289 5
164 347 5
165 231 5
165 239 5
165 313 5
165 336 5
165 362 5
166 286 5
166 291 5
166 360 5
167 257 5
171 215 5
172 257 5
173 257 5
174 225 5
174 245 5
174 345 5
175 200 5
175 345 5
176 187 5
176 227 5
177 181 5
177 182 5
177 184 5
177 185 5
177 186 5
177 191 5
177 192 5
177 194 5
177 196 5
177 198 5
177 200 5
177 206 5
177 208 5
177 209 5
177 211 5
177 214 5
177 216 5
177 221 5
177 228 5
177 231 5
177 232 5
177 234 5
177 235 5
177 240 5
177 242 5
177 247 5
177 250 5
177 251 5
177 253 5
177 257 5
177 259 5
177 263 5
177 270 5
177 271 5
177 272 5
177 282 5
177 285 5
177 297 5
177 298 5
177 302 5
177 305 5
177 310 5
177 314 5
177 326 5
177 329 5
177 336 5
177 338 5
177 341 5
177 343 5
177 357 5
177 360 5
177 361 5
178 195 5
180 277 5
182 197 5
183 306 5
185 288 5
185 327 5
185 344 5
187 220 5
187 264 5
188 295 5
189 334 5
190 236 5
195 224 5
195 256 5
195 262 5
195 295 5
195 318 5
197 255 5
198 268 5
198 290 5
200 259 5
201 257 5
201 309 5
201 324 5
202 206 5
202 272 5
205 213 5
206 216 5
206 229 5
207 257 5
209 280 5
209 346 5
210 327 5
211 345 5
211 359 5
212 259 5
212 268 5
213 215 5
215 267 5
215 307 5
215 308 5
215 317 5
215 343 5
215 353 5
216 246 5
219 222 5
220 224 5
220 269 5
220 293 5
220 303 5
220 323 5
222 289 5
225 240 5
226 229 5
226 295 5
229 324 5
230 262 5
232 245 5
233 254 5
236 257 5
240 282 5
240 290 5
240 320 5
240 324 5
241 245 5
242 257 5
243 244 5
244 257 5
244 346 5
245 354 5
246 247 5
247 281 5
247 363 5
248 306 5
249 286 5
251 333 5
252 257 5
252 304 5
252 319 5
255 288 5
256 324 5
256 363 5
257 272 5
257 277 5
257 289 5
257 302 5
257 313 5
257 315 5
257 350 5
257 359 5
258 295 5
259 284 5
261 269 5
261 302 5
261 334 5
263 301 5
267 270 5
267 282 5
271 306 5
272 301 5
272 362 5
275 325 5
275 328 5
278 332 5
289 351 5
293 305 5
293 332 5
295 331 5
295 339 5
295 344 5
299 330 5
303 305 5
303 348 5
307 346 5
309 319 5
316 349 5
316 350 5
322 350 5
326 332 5
327 355 5
329 330 5
331 361 5
69 284 5
98 375 5
146 293 5
11 205 5
108 190 5
126 145 5
136 170 5
22 121 5
286 323 5
136 238 5
6 32 5
157 351 5
57 221 5
43 54 5
209 215 5
151 285 5
127 352 5
183 313 5
150 372 5
143 257 5
177 202 5
135 237 5
177 371 5
115 341 5
292 306 5
129 186 5
177 207 5
241 368 5
98 250 5
99 395 5
28 253 5
54 289 5
154 177 5
287 295 5
140 213 5
125 399 5
71 226 5
84 101 5
183 400 5
6 99 5
68 72 5
7 183 5
75 155 5
100 130 5
52 177 5
7 245 5
341 400 5
177 307 5
71 120 5
304 381 5
14 71 5
293 375 5
257 352 5
166 320 5
137 293 5
71 373 5
155 391 5
178 304 5
125 162 5
71 260 5
257 281 5
177 328 5
207 363 5
136 172 5
35 254 5
65 296 5
192 350 5
18 247 5
111 152 5
198 323 5
101 257 5
19 293 5
253 275 5
136 330 5
113 177 5
10 331 5
177 335 5
96 297 5
251 334 5
113 233 5
96 126 5
197 333 5
71 92 5
125 363 5
177 345 5
177 374 5
144 328 5
192 201 5
177 193 5
177 273 5
20 257 5
177 280 5
171 355 5
58 197 5
216 260 5
47 54 5
22 307 5
108 337 5
45 231 5
25 43 5
96 323 5
260 381 5
169 341 5
257 377 5
65 228 5
142 149 5
99 230 5
12 222 5
76 77 5
143 335 5
61 361 5
184 289 5
61 77 5
295 322 5
71 88 5
140 345 5
98 248 5
177 246 5
187 257 5
159 271 5
284 299 5
29 77 5
257 361 5
82 177 5
155 163 5
71 228 5
18 390 5
134 315 5
80 290 5
178 206 5
11 293 5
69 237 5
152 215 5
44 268 5
115 177 5
177 309 5
286 306 5
33 165 5
324 396 5
161 340 5
257 388 5
177 222 5
71 159 5
222 257 5
74 157 5
177 290 5
61 220 5
150 321 5
88 177 5
113 370 5
118 157 5
136 319 5
167 177 5
279 340 5
50 257 5
190 228 5
14 294 5
136 316 5
2 226 5
109 206 5
35 275 5
15 198 5
100 125 5
186 302 5
155 212 5
28 346 5
264 388 5
98 120 5
57 257 5
166 212 5
71 287 5
319 358 5
177 331 5
30 105 5
98 312 5
54 398 5
232 288 5
312 394 5
212 248 5
215 315 5
71 396 5
177 321 5
155 170 5
176 269 5
143 177 5
30 115 5
43 177 5
123 215 5
61 84 5
177 382 5
203 284 5
48 205 5
206 329 5
90 234 5
122 174 5
216 381 5
30 347 5
284 289 5
15 29 5
166 182 5
341 359 5
27 172 5
101 177 5
69 136 5
15 177 5
61 134 5
279 310 5
22 71 5
38 93 5
75 141 5
98 303 5
177 368 5
184 336 5
35 257 5
65 220 5
206 257 5
309 324 5
348 357 5
26 237 5
71 344 5
195 349 5
177 387 5
146 257 5
227 247 5
67 257 5
159 375 5
68 160 5
43 104 5
38 345 5
212 395 5
71 288 5
107 257 5
71 308 5
177 292 5
136 187 5
12 44 5
246 256 5
65 136 5
168 288 5
27 268 5
60 66 5
52 158 5
155 351 5
62 306 5
83 97 5
71 353 5
27 257 5
136 290 5
23 245 5
177 248 5
14 184 5
155 224 5
71 145 5
195 271 5
177 249 5
84 177 5
164 177 5
155 260 5
122 313 5
62 360 5
35 62 5
115 257 5
275 348 5
6 165 5
84 293 5
34 245 5
234 319 5
155 235 5
257 312 5
210 212 5
101 285 5
241 295 5
361 375 5
107 212 5
14 160 5
195 217 5
53 334 5
136 205 5
227 368 5
101 108 5
102 136 5
264 287 5
133 218 5
179 330 5
30 93 5
23 51 5
241 293 5
120 236 5
281 326 5
135 376 5
71 78 5
1 237 5
178 339 5
177 319 5
107 295 5
129 177 5
64 177 5
201 299 5
102 177 5
287 341 5
111 166 5
53 181 5
50 164 5
7 257 5
29 71 5
74 385 5
177 346 5
102 251 5
71 364 5
221 257 5
108 342 5
58 306 5
43 303 5
147 157 5
142 368 5
97 113 5
19 37 5
44 274 5
236 295 5
179 246 5
219 348 5
71 242 5
145 343 5
177 284 5
13 178 5
16 177 5
210 265 5
47 206 5
221 293 5
192 208 5
211 328 5
11 155 5
71 283 5
66 136 5
130 159 5
196 257 5
72 343 5
122 385 5
37 334 5
199 212 5
54 199 5
30 48 5
56 164 5
77 365 5
257 345 5
207 375 5
19 113 5
215 397 5
222 228 5
12 177 5
284 318 5
98 118 5
109 159 5
138 176 5
123 295 5
38 320 5
155 251 5
177 339 5
155 392 5
132 289 5
177 195 5
177 349 5
39 184 5
295 391 5
313 329 5
27 164 5
104 319 5
126 253 5
39 306 5
35 94 5
181 189 5
212 382 5
47 257 5
160 246 5
114 303 5
261 336 5
140 177 5
105 265 5
157 158 5
155 160 5
71 269 5
227 398 5
248 257 5
71 265 5
30 181 5
177 340 5
273 326 5
5 184 5
67 293 5
71 345 5
177 316 5
177 393 5
133 243 5
125 283 5
198 388 5
71 114 5
54 321 5
233 289 5
177 237 5
53 177 5
152 303 5
284 302 5
108 324 5
293 353 5
61 282 5
77 257 5
101 381 5
203 315 5
125 265 5
124 248 5
138 257 5
101 231 5
7 146 5
234 254 5
149 177 5
293 324 5
187 203 5
124 215 5
177 401 5
113 174 5
131 143 5
10 236 5
93 257 5
95 260 5
45 76 5
32 257 5
309 312 5
110 134 5
199 275 5
177 378 5
177 277 5
350 357 5
7 12 5
262 323 5
94 177 5
136 254 5
212 323 5
15 179 5
129 264 5
113 277 5
19 155 5
345 400 5
70 145 5
47 149 5
91 307 5
113 149 5
39 193 5
164 264 5
25 158 5
24 123 5
257 331 5
177 364 5
98 356 5
14 177 5
169 177 5
177 279 5
202 345 5
96 144 5
74 152 5
170 177 5
291 333 5
175 309 5
39 151 5
32 136 5
90 305 5
9 332 5
129 306 5
198 222 5
34 260 5
49 71 5
232 295 5
48 70 5
155 248 5
85 155 5
8 126 5
129 332 5
37 286 5
238 339 5
38 357 5
239 246 5
181 346 5
177 315 5
6 216 5
195 366 5
97 213 5
241 397 5
61 297 5
141 310 5
53 226 5
122 154 5
93 106 5
177 351 5
53 294 5
51 177 5
71 276 5
97 110 5
228 282 5
4 61 5
7 222 5
49 127 5
71 215 5
219 293 5
259 364 5
26 146 5
71 280 5
113 200 5
257 393 5
314 369 5
71 366 5
89 177 5
215 300 5
45 164 5
254 257 5
12 382 5
231 294 5
121 248 5
192 262 5
100 335 5
159 249 5
97 399 5
49 389 5
222 371 5
30 243 5
43 279 5
46 101 5
181 380 5
3 260 5
5 177 5
249 268 5
71 284 5
333 366 5
193 364 5
82 164 5
81 257 5
71 244 5
129 185 5
177 275 5
71 386 5
30 279 5
177 274 5
263 293 5
81 116 5
135 289 5
126 166 5
177 239 5
82 212 5
58 334 5
93 145 5
98 103 5
177 295 5
60 309 5
185 334 5
22 260 5
35 229 5
37 381 5
24 177 5
265 315 5
159 163 5
71 118 5
144 364 5
126 396 5
307 372 5
94 332 5
184 324 5
89 153 5
38 71 5
72 136 5
232 344 5
46 177 5
12 293 5
172 176 5
273 308 5
74 247 5
177 197 5
136 317 5
83 226 5
266 300 5
155 186 5
41 173 5
173 221 5
329 344 5
271 365 5
5 165 5
229 257 5
281 392 5
7 279 5
173 341 5
47 360 5
201 249 5
215 394 5
302 319 5
6 301 5
161 269 5
232 366 5
212 387 5
111 296 5
149 257 5
158 239 5
52 311 5
61 101 5
177 358 5
138 266 5
225 279 5
102 206 5
275 377 5
177 236 5
39 379 5
1 71 5
71 130 5
155 299 5
110 369 5
11 401 5
11 209 5
147 221 5
306 367 5
125 323 5
100 256 5
90 177 5
194 307 5
161 299 5
78 312 5
40 257 5
197 354 5
316 384 5
155 290 5
19 168 5
71 394 5
27 293 5
293 301 5
30 188 5
195 244 5
37 257 5
104 140 5
145 233 5
356 362 5
177 354 5
217 245 5
194 265 5
303 343 5
177 322 5
124 149 5
171 293 5
182 387 5
180 257 5
119 157 5
100 380 5
247 352 5
10 316 5
61 181 5
258 279 5
3 164 5
121 324 5
11 290 5
98 311 5
158 162 5
34 155 5
69 109 5
89 248 5
69 220 5
22 176 5
57 359 5
124 244 5
81 143 5
55 188 5
45 96 5
25 395 5
120 246 5
183 350 5
241 257 5
250 325 5
77 316 5
49 279 5
276 334 5
164 398 5
284 317 5
168 177 5
61 363 5
156 293 5
196 220 5
69 293 5
125 354 5
222 295 5
100 237 5
124 164 5
132 158 5
211 303 5
293 393 5
223 266 5
61 322 5
1 372 5
140 394 5
198 257 5
177 353 5
11 283 5
17 264 5
187 372 5
61 237 5
34 306 5
5 383 5
313 320 5
137 177 5
200 257 5
63 65 5
171 177 5
177 283 5
267 295 5
88 220 5
155 348 5
221 339 5
272 380 5
7 223 5
71 314 5
152 279 5
62 136 5
193 334 5
54 302 5
169 174 5
191 368 5
157 269 5
177 261 5
49 180 5
211 316 5
257 347 5
78 356 5
164 180 5
29 399 5
177 333 5
200 254 5
64 369 5
22 373 5
222 396 5
293 379 5
233 398 5
234 290 5
124 251 5
222 279 5
177 348 5
112 248 5
42 71 5
130 144 5
21 222 5
174 353 5
12 345 5
65 134 5
124 345 5
290 327 5
155 386 5
257 342 5
74 97 5
13 136 5
289 321 5
164 366 5
71 372 5
123 217 5
67 312 5
80 201 5
136 314 5
175 278 5
288 300 5
129 326 5
183 366 5
262 289 5
257 268 5
26 45 5
66 369 5
177 296 5
202 257 5
18 207 5
116 279 5
3 257 5
185 208 5
86 299 5
113 158 5
187 337 5
35 80 5
27 242 5
231 257 5
164 200 5
294 381 5
71 335 5
56 87 5
120 155 5
289 304 5
59 214 5
257 265 5
177 363 5
71 123 5
96 188 5
146 373 5
134 186 5
166 311 5
103 162 5
241 359 5
147 164 5
108 378 5
28 396 5
295 312 5
11 281 5
102 400 5
164 314 5
71 374 5
249 294 5
155 331 5
98 277 5
5 77 5
71 202 5
89 214 5
217 314 5
85 227 5
65 173 5
107 187 5
162 261 5
135 322 5
24 37 5
155 361 5
289 393 5
129 249 5
248 312 5
177 179 5
187 330 5
187 221 5
228 319 5
104 108 5
93 210 5
80 128 5
149 399 5
289 370 5
36 205 5
197 324 5
136 311 5
43 160 5
72 108 5
71 358 5
11 108 5
44 301 5
19 144 5
62 71 5
212 270 5
33 321 5
206 382 5
177 365 5
295 347 5
264 365 5
276 313 5
161 198 5
58 269 5
119 177 5
257 286 5
187 252 5
34 326 5
11 72 5
299 341 5
60 315 5
45 139 5
20 353 5
115 354 5
320 349 5
257 372 5
11 242 5
17 71 5
152 158 5
14 234 5
71 384 5
65 169 5
104 197 5
139 286 5
77 400 5
257 275 5
62 113 5
232 354 5
112 257 5
195 215 5
99 280 5
164 192 5
69 174 5
176 333 5
31 257 5
113 129 5
41 375 5
293 346 5
94 356 5
38 231 5
8 14 5
129 312 5
32 212 5
22 263 5
53 147 5
159 177 5
4 324 5
45 287 5
212 253 5
86 257 5
58 149 5
115 295 5
68 114 5
157 382 5
49 233 5
230 257 5
306 307 5
177 217 5
155 309 5
215 313 5
177 352 5
54 155 5
309 397 5
183 390 5
44 296 5
18 290 5
151 298 5
177 178 5
72 284 5
125 319 5
131 310 5
61 111 5
71 338 5
177 265 5
32 281 5
123 177 5
150 329 5
15 247 5
99 295 5
155 377 5
71 319 5
125 138 5
13 129 5
322 327 5
18 35 5
62 177 5
88 120 5
237 276 5
193 257 5
29 115 5
98 342 5
115 362 5
32 207 5
128 259 5
177 370 5
195 339 5
350 399 5
125 364 5
