1 2 2
1 4 2
1 127 2
1 187 2
1 203 2
1 274 2
1 275 2
1 286 2
1 299 2
1 301 2
2 4 2
2 5 2
2 25 2
2 62 2
2 211 2
2 223 2
2 274 2
2 275 2
2 301 2
2 302 2
3 4 2
3 6 2
3 65 2
3 275 2
3 302 2
4 5 2
4 13 2
4 72 2
4 209 2
5 7 2
5 40 2
5 215 2
6 7 2
6 8 2
6 137 2
6 153 2
6 261 2
7 8 2
7 9 2
8 9 2
8 10 2
8 11 2
8 88 2
8 265 2
9 11 2
9 12 2
9 21 2
9 65 2
9 244 2
9 277 2
9 290 2
10 13 2
10 14 2
10 26 2
10 181 2
10 185 2
11 14 2
11 15 2
11 63 2
11 79 2
11 120 2
12 13 2
12 14 2
12 15 2
12 16 2
13 14 2
13 15 2
13 16 2
13 114 2
14 74 2
14 133 2
14 215 2
14 282 2
15 17 2
15 18 2
15 142 2
15 196 2
15 273 2
16 17 2
16 18 2
16 19 2
17 19 2
17 24 2
17 59 2
17 197 2
18 21 2
18 110 2
18 115 2
18 297 2
19 21 2
19 22 2
19 93 2
19 128 2
19 232 2
20 21 2
20 22 2
20 23 2
20 94 2
20 123 2
20 252 2
21 22 2
21 23 2
21 49 2
21 101 2
22 23 2
22 124 2
22 134 2
22 164 2
22 266 2
23 24 2
23 26 2
23 69 2
23 151 2
24 25 2
24 28 2
24 64 2
24 76 2
24 141 2
24 204 2
25 26 2
25 29 2
25 90 2
25 145 2
26 27 2
26 28 2
26 29 2
26 53 2
26 190 2
26 197 2
26 249 2
27 28 2
27 30 2
27 40 2
27 130 2
28 29 2
28 30 2
28 55 2
28 108 2
28 151 2
28 177 2
28 241 2
29 31 2
29 32 2
29 110 2
29 171 2
30 31 2
30 34 2
30 82 2
30 94 2
30 171 2
30 253 2
31 32 2
31 34 2
31 65 2
31 279 2
32 34 2
32 133 2
32 147 2
33 36 2
33 80 2
33 100 2
34 36 2
34 37 2
34 133 2
35 36 2
35 37 2
35 38 2
35 39 2
36 38 2
36 39 2
36 50 2
36 167 2
36 181 2
37 38 2
37 39 2
37 41 2
38 41 2
38 49 2
38 227 2
38 229 2
39 41 2
39 42 2
39 119 2
39 147 2
40 42 2
40 43 2
40 44 2
40 70 2
41 42 2
41 43 2
41 44 2
41 181 2
41 187 2
42 44 2
42 118 2
43 44 2
43 58 2
43 99 2
43 154 2
43 209 2
43 275 2
44 46 2
44 47 2
44 163 2
45 46 2
45 48 2
45 70 2
45 158 2
45 175 2
46 47 2
46 48 2
46 123 2
46 148 2
46 163 2
47 48 2
47 238 2
47 261 2
48 49 2
48 50 2
48 73 2
48 111 2
49 50 2
49 52 2
49 92 2
49 187 2
49 265 2
50 52 2
50 91 2
51 52 2
51 53 2
51 54 2
52 54 2
52 55 2
52 135 2
52 216 2
53 55 2
53 56 2
53 191 2
53 249 2
54 55 2
54 56 2
54 63 2
54 98 2
54 129 2
54 138 2
54 213 2
55 56 2
55 87 2
55 94 2
55 258 2
56 57 2
56 58 2
56 212 2
57 61 2
57 198 2
57 211 2
58 61 2
59 60 2
59 62 2
59 105 2
60 61 2
60 62 2
60 219 2
60 242 2
60 250 2
61 62 2
61 63 2
61 130 2
61 184 2
61 295 2
62 64 2
62 225 2
62 283 2
63 66 2
63 94 2
63 99 2
63 226 2
63 276 2
64 65 2
64 66 2
65 67 2
65 69 2
65 273 2
66 67 2
66 69 2
66 70 2
66 139 2
66 286 2
67 68 2
67 69 2
67 71 2
67 117 2
68 70 2
68 72 2
68 84 2
68 182 2
69 71 2
69 72 2
70 72 2
70 73 2
71 72 2
71 73 2
71 138 2
71 148 2
71 242 2
72 74 2
72 75 2
72 109 2
72 170 2
72 174 2
73 74 2
73 76 2
73 104 2
74 75 2
74 76 2
74 77 2
74 78 2
74 91 2
74 288 2
75 78 2
75 79 2
75 142 2
75 169 2
75 206 2
75 254 2
75 287 2
76 77 2
76 79 2
76 80 2
77 78 2
77 79 2
77 80 2
77 81 2
78 79 2
78 121 2
78 163 2
79 81 2
79 83 2
80 81 2
80 82 2
80 83 2
80 84 2
80 301 2
81 82 2
81 83 2
81 84 2
81 119 2
81 198 2
81 259 2
82 84 2
82 86 2
82 149 2
83 86 2
83 87 2
83 146 2
83 209 2
84 85 2
84 172 2
84 207 2
85 86 2
85 87 2
85 88 2
85 162 2
86 87 2
86 88 2
86 228 2
86 299 2
87 88 2
87 89 2
88 90 2
88 91 2
89 93 2
89 203 2
89 262 2
90 91 2
90 113 2
90 194 2
90 233 2
90 267 2
91 94 2
91 203 2
92 95 2
92 243 2
93 95 2
94 95 2
94 97 2
94 158 2
94 208 2
95 96 2
95 97 2
95 98 2
95 99 2
96 98 2
96 99 2
96 100 2
96 212 2
97 98 2
97 99 2
97 100 2
97 276 2
98 101 2
98 102 2
98 231 2
98 250 2
99 101 2
99 149 2
100 101 2
100 102 2
100 296 2
101 104 2
101 180 2
101 282 2
102 103 2
102 104 2
102 118 2
103 104 2
103 105 2
104 105 2
104 106 2
105 106 2
105 108 2
105 235 2
106 107 2
106 108 2
106 109 2
107 109 2
107 110 2
107 122 2
107 140 2
107 177 2
107 189 2
108 110 2
108 111 2
109 110 2
110 112 2
110 113 2
110 271 2
111 113 2
111 114 2
111 120 2
111 252 2
112 113 2
112 114 2
112 115 2
112 167 2
112 222 2
113 114 2
114 115 2
114 116 2
114 118 2
115 116 2
115 129 2
115 194 2
116 118 2
116 119 2
116 203 2
117 120 2
117 204 2
118 119 2
118 160 2
118 193 2
119 120 2
119 122 2
119 201 2
120 122 2
120 123 2
121 122 2
121 123 2
121 243 2
121 273 2
122 124 2
122 125 2
122 182 2
123 125 2
123 290 2
123 293 2
124 126 2
124 127 2
124 197 2
124 213 2
125 126 2
125 127 2
126 127 2
126 128 2
126 194 2
126 220 2
127 145 2
127 167 2
127 201 2
127 208 2
128 130 2
128 131 2
128 250 2
128 258 2
129 130 2
129 131 2
129 133 2
129 150 2
130 131 2
130 132 2
130 170 2
130 287 2
131 132 2
131 222 2
132 133 2
132 149 2
132 166 2
133 134 2
133 136 2
134 135 2
134 136 2
135 138 2
135 202 2
135 237 2
136 137 2
136 139 2
136 182 2
136 202 2
136 249 2
137 155 2
137 209 2
137 230 2
139 141 2
139 142 2
139 143 2
140 141 2
140 142 2
140 143 2
140 144 2
140 230 2
141 143 2
141 145 2
142 143 2
142 144 2
143 144 2
143 145 2
143 146 2
143 260 2
143 268 2
144 145 2
144 146 2
144 147 2
145 147 2
145 195 2
146 147 2
146 148 2
146 154 2
146 222 2
147 148 2
147 190 2
147 272 2
148 150 2
148 151 2
148 188 2
149 150 2
149 152 2
150 151 2
150 152 2
151 209 2
152 153 2
152 154 2
152 155 2
153 156 2
154 262 2
155 156 2
155 158 2
155 159 2
155 169 2
156 157 2
156 158 2
156 159 2
157 158 2
157 159 2
157 160 2
158 178 2
159 160 2
159 161 2
159 162 2
160 161 2
160 163 2
160 257 2
161 162 2
161 163 2
161 164 2
161 165 2
161 230 2
162 165 2
162 254 2
163 164 2
163 166 2
163 261 2
164 166 2
164 167 2
165 167 2
165 168 2
165 187 2
165 294 2
166 167 2
166 169 2
166 170 2
166 258 2
167 169 2
168 169 2
168 170 2
168 171 2
168 260 2
169 171 2
169 172 2
169 191 2
170 171 2
170 173 2
172 173 2
172 174 2
173 174 2
173 175 2
173 176 2
174 175 2
174 176 2
174 177 2
174 178 2
174 227 2
175 176 2
175 178 2
176 177 2
176 179 2
176 292 2
177 179 2
178 179 2
178 180 2
178 248 2
179 180 2
179 181 2
180 183 2
180 207 2
180 208 2
181 183 2
181 184 2
182 184 2
182 185 2
182 193 2
182 222 2
183 184 2
183 185 2
183 292 2
184 186 2
184 188 2
184 261 2
185 187 2
185 188 2
185 189 2
185 225 2
186 187 2
186 188 2
186 189 2
188 189 2
188 190 2
188 191 2
189 190 2
189 192 2
190 192 2
191 193 2
191 212 2
191 238 2
192 194 2
192 195 2
192 221 2
192 222 2
192 251 2
193 195 2
193 197 2
194 231 2
194 244 2
194 274 2
195 197 2
196 198 2
197 199 2
198 201 2
198 241 2
199 201 2
199 202 2
200 201 2
200 203 2
201 204 2
201 289 2
202 203 2
202 204 2
203 204 2
204 205 2
205 207 2
205 208 2
206 207 2
206 208 2
206 216 2
206 240 2
207 208 2
207 209 2
207 210 2
209 211 2
209 257 2
210 211 2
210 216 2
211 212 2
211 214 2
211 215 2
211 248 2
212 213 2
212 214 2
212 215 2
212 290 2
213 216 2
214 215 2
214 216 2
214 217 2
214 218 2
215 218 2
215 233 2
216 219 2
217 218 2
217 219 2
217 220 2
217 225 2
218 219 2
218 220 2
218 221 2
218 222 2
219 220 2
219 221 2
219 222 2
220 222 2
220 223 2
220 239 2
221 222 2
221 225 2
221 271 2
222 225 2
223 224 2
223 225 2
224 225 2
224 243 2
224 262 2
225 227 2
226 227 2
226 228 2
227 229 2
227 230 2
228 229 2
228 230 2
228 232 2
228 286 2
229 230 2
229 232 2
230 232 2
231 234 2
232 234 2
232 235 2
233 234 2
233 235 2
233 236 2
233 237 2
234 235 2
234 236 2
235 236 2
235 237 2
235 238 2
235 271 2
236 237 2
236 238 2
237 238 2
237 239 2
237 240 2
238 239 2
238 241 2
239 240 2
239 241 2
239 291 2
240 241 2
240 243 2
241 243 2
241 244 2
242 243 2
243 244 2
244 245 2
244 248 2
245 247 2
245 248 2
246 247 2
246 248 2
246 249 2
247 248 2
247 249 2
247 250 2
248 250 2
249 250 2
249 251 2
249 292 2
250 252 2
251 252 2
251 254 2
252 255 2
253 254 2
253 256 2
254 255 2
254 256 2
254 257 2
255 256 2
255 257 2
255 258 2
256 257 2
256 258 2
256 260 2
256 289 2
257 258 2
258 259 2
258 260 2
258 261 2
259 260 2
259 261 2
261 262 2
262 263 2
262 264 2
263 264 2
263 265 2
264 265 2
264 266 2
264 267 2
264 268 2
265 268 2
266 267 2
266 268 2
267 268 2
267 269 2
267 270 2
268 270 2
268 271 2
269 270 2
269 271 2
270 271 2
270 272 2
270 273 2
271 272 2
272 274 2
272 275 2
272 276 2
272 295 2
273 274 2
273 276 2
274 275 2
274 276 2
274 277 2
275 276 2
275 277 2
275 278 2
276 277 2
276 278 2
277 278 2
277 279 2
278 279 2
278 280 2
278 281 2
279 281 2
279 282 2
280 281 2
280 282 2
280 283 2
281 282 2
281 283 2
281 284 2
282 284 2
282 285 2
283 284 2
283 285 2
283 286 2
284 285 2
284 286 2
284 287 2
285 286 2
285 287 2
285 288 2
286 287 2
286 289 2
287 290 2
288 290 2
288 291 2
288 294 2
289 292 2
290 292 2
290 293 2
291 292 2
291 293 2
292 293 2
292 294 2
293 294 2
293 295 2
294 295 2
294 296 2
294 298 2
295 298 2
296 297 2
296 298 2
297 298 2
297 299 2
297 300 2
297 301 2
298 299 2
298 300 2
298 301 2
298 302 2
299 301 2
299 302 2
300 301 2
300 302 2
301 302 2
