217 377 5
107 388 5
64 176 5
43 121 5
98 284 5
250 362 5
70 107 5
281 396 5
121 123 5
216 377 5
128 398 5
143 337 5
203 246 5
159 318 5
188 271 5
160 331 5
236 390 5
10 266 5
59 125 5
126 223 5
159 342 5
10 144 5
23 266 5
4 58 5
53 146 5
215 274 5
209 253 5
55 358 5
126 274 5
286 397 5
133 289 5
41 228 5
165 277 5
1 50 5
175 223 5
163 223 5
6 366 5
245 271 5
60 322 5
205 328 5
273 374 5
19 225 5
48 80 5
206 352 5
237 321 5
125 274 5
100 197 5
72 165 5
264 288 5
72 159 5
134 367 5
139 394 5
238 331 5
8 391 5
8 158 5
203 267 5
353 358 5
99 105 5
4 123 5
383 397 5
31 255 5
194 227 5
26 30 5
298 362 5
42 317 5
50 119 5
7 112 5
261 338 5
21 342 5
251 400 5
338 349 5
52 300 5
223 295 5
3 371 5
57 345 5
39 375 5
232 311 5
8 273 5
170 261 5
177 370 5
160 211 5
290 299 5
158 271 5
226 291 5
171 297 5
118 213 5
234 337 5
90 200 5
159 165 5
169 175 5
222 280 5
204 222 5
93 110 5
43 212 5
253 335 5
217 292 5
11 189 5
106 282 5
3 18 5
189 244 5
56 300 5
205 379 5
64 140 5
3 222 5
244 378 5
69 198 5
123 290 5
73 232 5
54 284 5
274 389 5
135 164 5
146 204 5
24 309 5
99 115 5
14 312 5
283 376 5
142 353 5
86 206 5
161 165 5
99 141 5
3 167 5
10 125 5
82 128 5
29 182 5
38 375 5
242 245 5
117 211 5
307 390 5
98 160 5
20 81 5
67 174 5
315 363 5
19 47 5
183 192 5
207 291 5
282 396 5
4 56 5
79 257 5
85 180 5
110 122 5
153 351 5
35 367 5
27 139 5
14 236 5
106 260 5
32 316 5
173 277 5
18 264 5
210 396 5
45 274 5
112 172 5
155 300 5
115 306 5
155 272 5
84 264 5
309 394 5
31 286 5
24 344 5
130 357 5
259 389 5
61 247 5
92 233 5
122 183 5
168 190 5
64 212 5
135 235 5
362 396 5
109 133 5
266 361 5
349 381 5
45 223 5
181 257 5
148 272 5
204 277 5
134 227 5
338 360 5
101 380 5
174 265 5
31 356 5
18 35 5
169 316 5
310 325 5
57 130 5
91 395 5
16 70 5
311 343 5
187 271 5
163 334 5
38 141 5
39 282 5
172 218 5
70 223 5
6 392 5
68 346 5
102 110 5
24 36 5
271 360 5
5 400 5
88 168 5
65 176 5
79 237 5
95 159 5
321 349 5
27 161 5
309 359 5
202 272 5
198 342 5
96 261 5
19 237 5
128 279 5
314 338 5
224 280 5
229 345 5
105 278 5
15 396 5
305 353 5
114 399 5
98 103 5
133 274 5
5 145 5
6 275 5
158 174 5
135 176 5
9 12 5
304 347 5
126 398 5
13 298 5
26 248 5
94 117 5
69 262 5
70 354 5
140 251 5
25 66 5
12 237 5
157 314 5
156 235 5
188 386 5
8 322 5
16 160 5
5 135 5
1 34 5
332 334 5
13 359 5
178 203 5
38 124 5
193 344 5
63 266 5
129 333 5
241 291 5
119 140 5
154 368 5
341 354 5
352 361 5
183 334 5
48 338 5
82 391 5
10 323 5
22 85 5
262 353 5
76 297 5
239 372 5
33 341 5
104 345 5
234 394 5
185 373 5
10 184 5
11 136 5
22 34 5
168 355 5
216 217 5
279 364 5
370 373 5
53 200 5
66 224 5
35 387 5
29 372 5
273 312 5
48 61 5
295 328 5
113 184 5
297 339 5
22 266 5
31 287 5
55 272 5
313 344 5
86 275 5
127 221 5
92 319 5
57 252 5
237 316 5
91 286 5
35 265 5
269 398 5
83 269 5
195 364 5
124 375 5
163 390 5
194 396 5
122 275 5
137 187 5
65 222 5
133 358 5
20 51 5
49 271 5
36 180 5
179 270 5
115 394 5
262 377 5
111 131 5
147 202 5
325 326 5
120 160 5
187 313 5
25 187 5
161 308 5
44 373 5
54 104 5
1 73 5
122 227 5
5 15 5
157 193 5
149 347 5
307 396 5
82 90 5
125 283 5
122 236 5
27 207 5
191 282 5
286 306 5
265 377 5
20 66 5
119 309 5
197 382 5
95 265 5
175 279 5
100 331 5
118 144 5
49 151 5
112 233 5
211 237 5
118 187 5
30 65 5
144 311 5
101 256 5
216 304 5
354 366 5
346 397 5
144 192 5
80 399 5
172 286 5
57 359 5
101 174 5
248 324 5
31 222 5
32 228 5
87 267 5
149 370 5
151 366 5
78 279 5
138 166 5
102 382 5
191 377 5
119 335 5
116 240 5
13 197 5
43 360 5
132 254 5
173 216 5
37 128 5
203 355 5
68 142 5
40 289 5
110 264 5
60 326 5
63 341 5
226 394 5
15 237 5
356 369 5
21 280 5
29 76 5
1 149 5
233 365 5
173 360 5
73 375 5
140 314 5
25 115 5
100 297 5
25 288 5
301 357 5
160 181 5
293 396 5
268 334 5
350 362 5
92 212 5
67 287 5
193 288 5
24 287 5
58 324 5
384 396 5
105 369 5
207 219 5
65 307 5
25 188 5
3 143 5
162 325 5
216 396 5
229 262 5
148 178 5
295 360 5
342 361 5
133 318 5
204 321 5
229 243 5
211 261 5
238 365 5
43 251 5
256 316 5
21 42 5
23 340 5
257 336 5
251 257 5
150 158 5
184 371 5
7 78 5
1 348 5
37 318 5
152 357 5
193 380 5
126 272 5
108 263 5
112 162 5
89 223 5
99 244 5
37 203 5
58 339 5
268 372 5
194 308 5
24 91 5
30 236 5
168 309 5
49 277 5
273 298 5
90 306 5
176 251 5
112 288 5
48 283 5
104 297 5
137 395 5
19 339 5
104 358 5
74 397 5
224 376 5
320 340 5
65 174 5
21 232 5
142 154 5
51 181 5
13 85 5
213 263 5
99 260 5
47 214 5
15 146 5
355 390 5
8 81 5
111 366 5
37 361 5
258 333 5
269 335 5
72 251 5
115 344 5
268 376 5
84 155 5
96 318 5
202 312 5
30 243 5
149 300 5
118 128 5
117 163 5
71 244 5
35 197 5
26 306 5
67 283 5
74 237 5
159 224 5
218 338 5
174 192 5
204 257 5
19 194 5
24 330 5
126 395 5
172 367 5
275 299 5
83 109 5
87 226 5
352 356 5
50 334 5
72 260 5
4 168 5
145 227 5
362 399 5
163 171 5
39 226 5
195 305 5
172 371 5
15 321 5
267 336 5
90 387 5
47 72 5
71 316 5
100 321 5
31 120 5
123 392 5
199 209 5
22 269 5
184 242 5
66 112 5
283 295 5
198 309 5
77 153 5
69 241 5
167 175 5
7 225 5
126 338 5
297 325 5
196 396 5
244 315 5
25 234 5
110 296 5
114 131 5
237 356 5
348 387 5
20 354 5
1 302 5
50 150 5
226 390 5
64 191 5
197 237 5
173 289 5
184 323 5
96 190 5
11 251 5
177 348 5
286 317 5
30 316 5
88 151 5
146 385 5
76 170 5
70 98 5
149 321 5
120 374 5
310 382 5
37 217 5
179 325 5
61 173 5
180 229 5
102 362 5
137 239 5
121 155 5
35 94 5
181 184 5
240 258 5
99 327 5
23 388 5
136 169 5
15 361 5
108 397 5
217 342 5
192 212 5
213 346 5
64 364 5
173 398 5
84 238 5
133 359 5
227 311 5
65 93 5
79 323 5
4 77 5
93 391 5
100 334 5
187 198 5
293 306 5
182 307 5
66 194 5
79 97 5
10 133 5
142 255 5
129 380 5
334 338 5
247 337 5
11 311 5
67 87 5
160 387 5
92 347 5
125 324 5
117 363 5
131 190 5
195 272 5
8 336 5
63 126 5
135 387 5
69 395 5
54 300 5
67 137 5
133 209 5
195 224 5
365 373 5
24 56 5
318 368 5
112 241 5
146 165 5
26 29 5
296 349 5
284 298 5
95 303 5
18 362 5
86 229 5
93 386 5
91 266 5
299 314 5
59 262 5
156 358 5
317 347 5
100 195 5
186 359 5
287 318 5
57 266 5
181 354 5
148 156 5
120 165 5
116 348 5
142 324 5
302 308 5
64 235 5
132 172 5
304 377 5
5 65 5
54 131 5
325 351 5
209 226 5
143 356 5
11 94 5
7 348 5
36 154 5
102 155 5
290 391 5
174 386 5
30 147 5
337 365 5
136 210 5
140 258 5
111 205 5
241 262 5
212 258 5
155 237 5
19 264 5
185 297 5
303 347 5
204 382 5
128 305 5
191 208 5
266 382 5
175 296 5
139 200 5
9 231 5
43 347 5
129 266 5
200 247 5
41 176 5
10 277 5
101 330 5
140 226 5
158 285 5
88 200 5
139 328 5
18 64 5
2 117 5
71 364 5
271 297 5
101 199 5
46 352 5
241 289 5
159 174 5
87 214 5
6 169 5
163 336 5
269 375 5
226 233 5
31 131 5
342 386 5
48 358 5
146 360 5
29 122 5
17 109 5
282 372 5
289 395 5
201 401 5
173 283 5
32 369 5
37 59 5
210 294 5
77 372 5
267 276 5
69 375 5
307 359 5
10 336 5
41 79 5
154 200 5
142 262 5
113 290 5
215 250 5
106 214 5
60 122 5
59 153 5
101 190 5
190 310 5
82 233 5
20 58 5
32 108 5
86 88 5
62 170 5
93 140 5
210 246 5
12 24 5
179 301 5
209 394 5
149 387 5
206 270 5
46 337 5
95 146 5
125 284 5
54 206 5
184 188 5
295 298 5
215 386 5
52 277 5
88 109 5
62 99 5
132 241 5
340 399 5
219 306 5
183 325 5
42 161 5
119 255 5
187 243 5
210 313 5
121 397 5
17 96 5
364 383 5
74 87 5
331 374 5
18 231 5
81 366 5
116 285 5
187 278 5
182 296 5
77 292 5
36 237 5
154 334 5
163 192 5
44 69 5
177 189 5
113 345 5
75 278 5
326 352 5
234 256 5
137 397 5
76 346 5
60 101 5
32 378 5
319 327 5
158 396 5
193 217 5
222 304 5
19 139 5
13 87 5
189 255 5
348 367 5
132 297 5
113 129 5
320 347 5
56 315 5
82 401 5
62 182 5
93 133 5
50 231 5
18 388 5
117 308 5
93 252 5
128 343 5
213 304 5
101 157 5
120 401 5
123 204 5
16 308 5
5 335 5
60 253 5
6 322 5
60 383 5
260 265 5
75 89 5
165 387 5
75 103 5
71 400 5
199 268 5
13 170 5
83 114 5
156 326 5
120 233 5
321 359 5
27 35 5
255 352 5
95 175 5
227 358 5
156 216 5
90 303 5
75 305 5
51 67 5
137 250 5
122 189 5
7 135 5
90 358 5
248 356 5
152 245 5
74 275 5
72 173 5
383 399 5
76 124 5
153 245 5
302 400 5
63 368 5
344 375 5
40 137 5
59 67 5
188 249 5
247 329 5
204 395 5
17 314 5
231 334 5
65 377 5
209 280 5
149 261 5
206 345 5
8 49 5
96 309 5
120 135 5
93 371 5
78 180 5
144 205 5
53 311 5
3 156 5
381 398 5
31 69 5
261 310 5
46 74 5
25 237 5
57 327 5
131 286 5
366 401 5
95 252 5
347 372 5
229 389 5
136 306 5
13 167 5
76 121 5
138 197 5
117 305 5
7 266 5
247 258 5
3 268 5
176 293 5
27 218 5
232 385 5
21 231 5
272 350 5
295 325 5
225 315 5
123 282 5
121 203 5
208 323 5
269 345 5
172 191 5
55 133 5
252 390 5
118 302 5
64 266 5
90 366 5
155 196 5
74 175 5
95 98 5
94 119 5
61 105 5
318 342 5
192 300 5
106 134 5
2 187 5
49 377 5
246 254 5
31 96 5
315 332 5
286 378 5
250 269 5
22 140 5
117 286 5
197 287 5
380 388 5
39 380 5
91 370 5
52 63 5
160 186 5
241 346 5
260 363 5
104 395 5
24 215 5
129 273 5
27 230 5
178 295 5
79 317 5
268 389 5
184 201 5
154 179 5
205 243 5
6 290 5
14 246 5
68 78 5
199 308 5
95 130 5
88 269 5
83 306 5
177 184 5
283 284 5
6 60 5
157 176 5
237 377 5
96 176 5
19 249 5
27 262 5
126 389 5
340 371 5
1 6 5
47 272 5
142 386 5
254 401 5
229 306 5
8 85 5
154 364 5
232 367 5
22 142 5
70 388 5
83 378 5
68 319 5
3 345 5
1 128 5
332 340 5
5 171 5
17 217 5
2 276 5
30 276 5
328 332 5
7 180 5
15 333 5
370 381 5
63 164 5
194 223 5
133 243 5
50 378 5
311 381 5
66 384 5
69 180 5
350 396 5
11 73 5
166 349 5
85 268 5
84 223 5
74 198 5
90 212 5
58 78 5
192 314 5
194 385 5
136 326 5
112 227 5
47 209 5
112 164 5
191 344 5
180 258 5
253 292 5
129 342 5
25 273 5
94 397 5
182 266 5
167 271 5
77 244 5
1 268 5
157 194 5
251 365 5
149 191 5
148 237 5
312 357 5
220 348 5
199 327 5
76 290 5
16 123 5
114 159 5
87 295 5
23 326 5
99 237 5
242 310 5
38 398 5
102 289 5
33 292 5
65 200 5
146 163 5
88 284 5
17 359 5
50 139 5
140 375 5
133 160 5
219 298 5
53 393 5
217 362 5
57 91 5
128 271 5
44 126 5
88 158 5
8 197 5
207 337 5
172 261 5
216 353 5
332 369 5
173 381 5
179 219 5
119 311 5
88 378 5
102 202 5
17 80 5
136 243 5
5 73 5
198 370 5
48 130 5
55 355 5
326 363 5
258 262 5
206 286 5
72 137 5
317 326 5
103 116 5
135 308 5
86 184 5
219 359 5
166 303 5
60 375 5
102 170 5
244 290 5
270 304 5
17 301 5
304 351 5
109 157 5
301 308 5
232 318 5
105 216 5
6 22 5
84 91 5
151 279 5
49 309 5
41 351 5
73 174 5
315 397 5
239 275 5
203 250 5
180 219 5
83 149 5
241 378 5
147 264 5
180 277 5
50 91 5
129 284 5
186 368 5
63 292 5
190 341 5
230 371 5
115 290 5
2 286 5
28 349 5
196 230 5
197 376 5
17 121 5
33 130 5
393 394 5
180 269 5
244 302 5
32 126 5
29 217 5
92 321 5
352 354 5
260 394 5
183 221 5
107 184 5
134 178 5
205 374 5
35 73 5
20 228 5
90 222 5
82 261 5
39 213 5
55 351 5
12 54 5
41 253 5
17 270 5
293 361 5
292 370 5
224 358 5
63 111 5
7 362 5
269 284 5
6 376 5
25 356 5
44 203 5
62 319 5
126 203 5
148 173 5
184 330 5
181 201 5
142 297 5
270 329 5
33 239 5
219 390 5
2 61 5
124 140 5
35 64 5
22 40 5
38 50 5
137 240 5
54 93 5
291 374 5
218 256 5
37 184 5
36 42 5
50 306 5
82 371 5
216 261 5
143 276 5
335 339 5
88 369 5
1 182 5
143 231 5
23 324 5
269 397 5
123 286 5
286 323 5
31 379 5
14 231 5
73 281 5
42 392 5
34 206 5
250 375 5
80 309 5
187 240 5
261 349 5
21 356 5
251 372 5
170 394 5
38 246 5
61 131 5
233 347 5
125 211 5
49 355 5
121 297 5
234 287 5
235 268 5
91 282 5
116 243 5
189 375 5
82 209 5
102 234 5
204 236 5
5 24 5
270 343 5
115 330 5
19 72 5
269 348 5
302 397 5
197 222 5
55 189 5
96 155 5
318 395 5
109 377 5
160 237 5
82 314 5
44 389 5
87 280 5
183 264 5
132 357 5
124 143 5
134 268 5
80 161 5
62 135 5
148 357 5
9 331 5
83 158 5
76 104 5
74 152 5
257 306 5
60 338 5
176 291 5
377 398 5
127 261 5
82 159 5
355 392 5
197 297 5
57 222 5
277 356 5
96 191 5
193 384 5
65 104 5
22 280 5
140 169 5
103 396 5
73 162 5
5 364 5
1 10 5
242 334 5
291 398 5
186 196 5
16 193 5
68 315 5
43 177 5
26 237 5
12 42 5
63 90 5
292 303 5
66 231 5
297 377 5
301 374 5
11 310 5
21 375 5
44 380 5
6 336 5
130 376 5
168 192 5
145 178 5
187 308 5
143 355 5
68 285 5
155 375 5
118 130 5
33 349 5
183 244 5
81 82 5
91 290 5
63 336 5
180 184 5
118 314 5
185 289 5
48 247 5
55 63 5
34 226 5
252 323 5
177 206 5
3 392 5
120 252 5
193 199 5
225 375 5
115 305 5
3 129 5
191 395 5
251 338 5
42 323 5
227 368 5
210 287 5
274 337 5
171 349 5
270 371 5
94 219 5
84 148 5
71 294 5
85 277 5
173 270 5
56 131 5
77 259 5
131 143 5
122 140 5
65 163 5
32 61 5
61 271 5
7 318 5
265 279 5
250 321 5
207 344 5
26 138 5
99 103 5
47 96 5
187 365 5
220 318 5
92 369 5
222 248 5
41 183 5
248 361 5
21 277 5
9 279 5
268 364 5
15 241 5
204 265 5
82 161 5
280 371 5
50 107 5
73 203 5
170 332 5
239 389 5
321 331 5
28 241 5
224 283 5
184 281 5
129 229 5
79 277 5
238 239 5
18 252 5
151 222 5
188 311 5
139 303 5
82 354 5
98 189 5
30 284 5
28 121 5
17 349 5
117 123 5
261 347 5
213 399 5
127 202 5
41 150 5
296 388 5
201 210 5
61 189 5
90 120 5
145 199 5
59 171 5
126 242 5
177 320 5
41 289 5
221 293 5
59 364 5
33 333 5
38 81 5
5 222 5
193 350 5
141 282 5
153 356 5
198 285 5
324 372 5
65 242 5
26 147 5
112 355 5
86 246 5
74 278 5
17 235 5
22 171 5
43 345 5
310 350 5
258 338 5
214 291 5
168 398 5
42 354 5
326 366 5
150 361 5
215 296 5
114 201 5
227 313 5
225 230 5
371 385 5
74 180 5
201 277 5
244 294 5
225 317 5
242 253 5
127 155 5
142 224 5
257 295 5
177 332 5
181 326 5
148 291 5
163 212 5
196 261 5
61 85 5
25 45 5
127 204 5
3 118 5
33 76 5
296 392 5
209 257 5
10 316 5
130 335 5
301 307 5
82 386 5
238 304 5
79 193 5
291 385 5
317 355 5
15 85 5
73 109 5
132 200 5
322 385 5
60 275 5
169 354 5
38 49 5
55 365 5
240 270 5
297 356 5
23 331 5
101 133 5
123 189 5
63 149 5
104 148 5
177 236 5
329 367 5
376 386 5
287 322 5
44 312 5
89 239 5
210 266 5
302 349 5
187 264 5
170 291 5
82 192 5
214 221 5
343 365 5
27 74 5
163 178 5
247 399 5
26 174 5
364 401 5
231 323 5
274 394 5
81 306 5
170 185 5
132 290 5
70 225 5
312 319 5
115 400 5
7 175 5
139 286 5
21 359 5
165 183 5
83 208 5
180 233 5
143 329 5
159 305 5
137 297 5
41 104 5
288 377 5
211 338 5
19 353 5
235 337 5
264 349 5
7 37 5
27 292 5
47 248 5
84 323 5
8 166 5
94 362 5
223 265 5
252 359 5
234 355 5
71 209 5
242 281 5
219 333 5
52 306 5
168 341 5
72 347 5
171 277 5
124 311 5
217 305 5
44 207 5
32 373 5
65 124 5
138 346 5
2 389 5
235 376 5
14 46 5
115 328 5
5 399 5
259 303 5
129 271 5
142 273 5
18 217 5
42 199 5
214 258 5
19 102 5
206 375 5
63 170 5
200 344 5
17 115 5
162 260 5
251 347 5
37 280 5
273 278 5
115 204 5
243 252 5
66 73 5
188 362 5
156 229 5
159 369 5
159 333 5
59 205 5
122 211 5
153 374 5
160 394 5
169 326 5
91 322 5
200 271 5
200 215 5
149 314 5
17 73 5
163 229 5
15 138 5
123 293 5
316 355 5
146 260 5
286 318 5
95 350 5
111 396 5
154 160 5
101 147 5
250 371 5
19 49 5
240 257 5
34 347 5
312 335 5
48 108 5
303 349 5
12 337 5
256 344 5
81 214 5
103 334 5
43 381 5
170 300 5
292 396 5
58 392 5
142 381 5
33 233 5
101 290 5
71 134 5
235 383 5
14 68 5
88 102 5
187 316 5
96 171 5
129 250 5
56 134 5
35 352 5
193 250 5
140 334 5
64 187 5
131 401 5
43 236 5
143 305 5
103 349 5
29 88 5
116 203 5
31 176 5
271 389 5
190 274 5
119 329 5
142 323 5
171 363 5
6 369 5
31 113 5
73 265 5
20 169 5
217 288 5
216 235 5
244 319 5
107 323 5
45 170 5
106 137 5
82 112 5
304 368 5
82 289 5
44 116 5
123 132 5
113 315 5
251 299 5
258 391 5
18 144 5
206 306 5
51 197 5
148 373 5
266 303 5
111 141 5
43 325 5
9 192 5
227 346 5
297 344 5
60 100 5
65 143 5
51 286 5
183 328 5
185 301 5
246 392 5
50 401 5
50 296 5
116 319 5
21 220 5
234 381 5
22 330 5
158 193 5
30 56 5
137 399 5
197 399 5
62 171 5
11 55 5
