139 145 1
39 74 1
114 138 1
87 222 1
105 186 1
97 124 1
112 273 1
212 236 1
54 218 1
161 258 1
186 240 1
22 168 1
18 204 1
218 257 1
228 265 1
48 134 1
121 244 1
49 106 1
111 136 1
52 216 1
46 175 1
37 195 1
126 163 1
155 258 1
179 192 1
117 241 1
16 156 1
133 173 1
115 219 1
115 208 1
39 67 1
35 218 1
159 266 1
140 270 1
3 69 1
87 200 1
120 275 1
160 271 1
27 125 1
28 142 1
218 258 1
250 269 1
126 273 1
25 216 1
16 117 1
25 184 1
55 119 1
95 213 1
112 262 1
84 141 1
57 170 1
66 176 1
47 61 1
60 171 1
78 88 1
182 199 1
69 213 1
87 157 1
58 71 1
180 188 1
73 81 1
127 248 1
200 219 1
63 217 1
55 177 1
203 263 1
224 268 1
164 270 1
100 206 1
165 170 1
55 240 1
228 267 1
33 261 1
230 256 1
43 134 1
116 168 1
140 215 1
119 139 1
60 235 1
15 78 1
5 114 1
62 154 1
42 273 1
56 80 1
19 97 1
225 249 1
62 78 1
216 246 1
64 170 1
106 226 1
181 270 1
120 221 1
65 134 1
94 135 1
1 212 1
114 260 1
138 216 1
52 90 1
57 107 1
46 227 1
81 171 1
142 176 1
249 268 1
37 264 1
39 215 1
142 219 1
209 240 1
215 220 1
74 181 1
181 190 1
51 162 1
172 255 1
65 223 1
221 273 1
207 267 1
12 224 1
39 124 1
12 153 1
18 268 1
32 48 1
67 232 1
43 127 1
31 67 1
139 211 1
17 205 1
179 268 1
164 255 1
35 44 1
255 264 1
42 195 1
123 142 1
162 206 1
143 235 1
50 135 1
250 252 1
43 86 1
41 170 1
5 223 1
143 236 1
129 158 1
27 72 1
184 203 1
68 218 1
56 123 1
41 75 1
197 250 1
57 183 1
50 235 1
10 16 1
61 144 1
104 259 1
106 176 1
110 150 1
110 123 1
129 157 1
77 238 1
147 183 1
4 250 1
127 241 1
30 40 1
156 167 1
114 226 1
212 225 1
104 275 1
213 234 1
94 248 1
193 230 1
67 146 1
65 268 1
176 193 1
15 26 1
147 209 1
38 150 1
4 60 1
153 242 1
45 195 1
185 274 1
211 270 1
135 147 1
191 245 1
40 236 1
153 216 1
86 270 1
59 219 1
119 231 1
128 256 1
10 274 1
189 200 1
26 126 1
80 178 1
92 274 1
90 99 1
61 94 1
177 195 1
93 117 1
77 164 1
9 104 1
3 229 1
49 190 1
145 213 1
44 218 1
2 53 1
68 93 1
118 252 1
193 208 1
161 173 1
84 271 1
127 144 1
29 241 1
63 82 1
103 273 1
6 35 1
140 207 1
161 273 1
188 250 1
19 231 1
20 192 1
161 162 1
14 87 1
4 156 1
176 222 1
30 41 1
49 168 1
14 50 1
73 112 1
222 248 1
159 214 1
22 104 1
24 264 1
88 171 1
66 116 1
32 196 1
81 238 1
49 193 1
74 246 1
82 192 1
122 126 1
98 174 1
147 166 1
115 188 1
37 135 1
61 226 1
165 195 1
218 247 1
20 30 1
145 183 1
85 103 1
47 54 1
60 246 1
30 248 1
54 196 1
47 99 1
52 196 1
95 220 1
9 220 1
79 209 1
45 147 1
29 240 1
36 153 1
59 217 1
118 172 1
87 133 1
140 220 1
156 180 1
29 262 1
63 183 1
161 234 1
162 229 1
50 233 1
133 177 1
59 67 1
133 255 1
38 213 1
125 219 1
155 190 1
66 238 1
29 272 1
94 96 1
152 168 1
155 249 1
57 188 1
15 62 1
73 167 1
53 183 1
186 216 1
151 236 1
93 129 1
131 218 1
131 226 1
67 197 1
9 257 1
160 254 1
38 132 1
205 224 1
8 74 1
216 236 1
174 262 1
211 230 1
7 65 1
6 118 1
69 79 1
33 197 1
40 48 1
55 139 1
82 143 1
124 252 1
13 91 1
128 254 1
21 202 1
180 209 1
47 153 1
120 139 1
220 226 1
10 226 1
69 109 1
167 178 1
24 199 1
71 99 1
116 238 1
3 258 1
44 254 1
11 106 1
143 237 1
15 40 1
40 224 1
192 219 1
63 147 1
91 207 1
158 165 1
100 273 1
103 143 1
126 175 1
151 219 1
59 73 1
75 113 1
33 41 1
23 205 1
44 224 1
58 259 1
24 263 1
158 206 1
29 92 1
145 176 1
186 272 1
58 248 1
37 184 1
83 116 1
39 59 1
111 233 1
222 269 1
132 267 1
52 208 1
69 216 1
109 203 1
144 244 1
11 60 1
32 49 1
112 197 1
46 218 1
3 170 1
10 82 1
120 237 1
72 220 1
108 213 1
26 123 1
161 207 1
77 101 1
63 275 1
181 243 1
68 206 1
131 180 1
99 168 1
53 193 1
214 222 1
20 195 1
108 157 1
17 52 1
124 228 1
122 141 1
18 263 1
148 178 1
101 194 1
71 156 1
61 163 1
93 190 1
128 246 1
101 103 1
30 139 1
21 77 1
92 128 1
235 248 1
125 264 1
163 229 1
28 112 1
6 76 1
15 100 1
85 184 1
64 200 1
88 155 1
70 124 1
57 128 1
34 192 1
55 230 1
63 127 1
131 190 1
104 219 1
26 68 1
188 244 1
22 233 1
92 249 1
238 258 1
146 225 1
68 149 1
86 99 1
86 113 1
45 47 1
213 237 1
168 232 1
16 20 1
19 24 1
86 114 1
4 264 1
182 247 1
176 203 1
204 268 1
53 167 1
2 127 1
189 194 1
27 275 1
17 170 1
85 214 1
63 175 1
19 175 1
68 219 1
114 190 1
153 243 1
228 246 1
134 141 1
94 193 1
175 213 1
62 265 1
189 218 1
131 143 1
169 259 1
7 153 1
185 244 1
92 124 1
20 238 1
209 210 1
54 76 1
28 238 1
24 255 1
38 270 1
173 250 1
169 234 1
116 263 1
24 258 1
8 270 1
29 154 1
160 213 1
122 128 1
62 141 1
233 271 1
82 103 1
43 178 1
6 136 1
36 83 1
120 260 1
30 34 1
75 247 1
87 145 1
168 214 1
209 222 1
52 127 1
87 212 1
85 216 1
2 216 1
102 211 1
111 204 1
18 154 1
30 258 1
65 159 1
20 65 1
185 247 1
54 156 1
119 137 1
217 242 1
19 70 1
33 68 1
9 107 1
47 269 1
95 162 1
258 273 1
23 152 1
151 157 1
181 186 1
122 222 1
82 131 1
93 135 1
16 163 1
158 209 1
29 176 1
98 100 1
44 194 1
7 177 1
52 275 1
91 223 1
82 94 1
240 268 1
233 267 1
15 149 1
54 95 1
135 137 1
102 106 1
141 270 1
203 273 1
24 26 1
123 255 1
50 275 1
6 43 1
226 247 1
157 174 1
62 127 1
26 255 1
90 119 1
145 169 1
104 222 1
117 239 1
81 218 1
100 227 1
97 235 1
11 123 1
122 257 1
25 61 1
5 163 1
38 271 1
209 213 1
70 165 1
8 111 1
4 159 1
139 152 1
225 268 1
133 182 1
87 232 1
46 134 1
165 205 1
52 181 1
162 175 1
51 112 1
63 207 1
210 275 1
89 244 1
133 143 1
130 158 1
18 193 1
46 133 1
209 234 1
66 190 1
1 141 1
151 174 1
103 199 1
40 104 1
91 155 1
82 142 1
82 203 1
13 79 1
133 168 1
44 188 1
202 266 1
42 160 1
52 119 1
204 205 1
10 120 1
27 269 1
167 272 1
54 72 1
93 147 1
52 178 1
71 184 1
259 263 1
148 152 1
5 261 1
147 231 1
64 150 1
113 201 1
87 263 1
109 257 1
257 266 1
25 44 1
54 171 1
14 105 1
73 197 1
175 208 1
61 203 1
155 232 1
124 237 1
140 231 1
204 260 1
45 105 1
182 263 1
157 250 1
142 269 1
108 259 1
123 133 1
53 179 1
180 192 1
35 130 1
86 265 1
62 202 1
14 19 1
14 81 1
132 221 1
244 268 1
26 226 1
37 165 1
70 132 1
2 139 1
211 247 1
137 211 1
41 256 1
37 140 1
109 174 1
99 166 1
228 260 1
25 150 1
123 258 1
163 254 1
131 203 1
105 246 1
160 233 1
90 269 1
9 229 1
42 91 1
132 228 1
112 129 1
145 268 1
149 253 1
39 167 1
28 76 1
143 253 1
177 265 1
216 235 1
39 120 1
223 243 1
143 181 1
13 127 1
80 147 1
21 237 1
153 273 1
66 126 1
210 264 1
14 119 1
65 162 1
140 205 1
66 224 1
119 269 1
214 228 1
59 210 1
6 143 1
162 177 1
28 63 1
174 209 1
195 260 1
72 265 1
212 260 1
77 103 1
141 226 1
32 141 1
157 206 1
151 255 1
70 201 1
255 259 1
5 275 1
141 181 1
161 204 1
60 86 1
14 222 1
213 254 1
50 80 1
203 216 1
4 138 1
195 240 1
21 60 1
177 271 1
128 142 1
67 204 1
61 197 1
50 78 1
60 68 1
136 220 1
98 148 1
4 161 1
44 134 1
99 275 1
60 178 1
198 216 1
58 135 1
78 162 1
35 72 1
131 213 1
60 162 1
157 235 1
120 206 1
38 56 1
150 173 1
22 275 1
156 270 1
60 190 1
14 35 1
74 189 1
6 212 1
269 271 1
18 34 1
89 223 1
68 78 1
106 178 1
14 59 1
10 66 1
103 142 1
16 65 1
217 275 1
190 269 1
97 249 1
110 183 1
8 248 1
60 96 1
207 254 1
148 241 1
188 241 1
33 236 1
138 142 1
139 156 1
81 197 1
63 165 1
183 230 1
182 230 1
48 144 1
52 144 1
111 117 1
1 130 1
83 190 1
213 248 1
121 213 1
85 238 1
2 197 1
144 148 1
163 212 1
133 176 1
65 243 1
72 150 1
171 178 1
208 218 1
47 136 1
40 238 1
93 246 1
41 205 1
