124 369 5
236 386 5
24 267 5
46 115 5
49 401 5
178 262 5
225 247 5
158 321 5
37 292 5
269 351 5
291 374 5
177 197 5
155 304 5
231 332 5
100 371 5
51 223 5
10 359 5
277 281 5
382 395 5
53 395 5
42 255 5
231 339 5
173 388 5
210 259 5
281 352 5
150 314 5
18 253 5
90 155 5
93 172 5
57 345 5
136 180 5
145 166 5
118 137 5
20 191 5
13 111 5
153 243 5
145 341 5
90 112 5
20 205 5
155 394 5
216 300 5
140 224 5
229 233 5
50 77 5
106 395 5
20 129 5
258 285 5
94 273 5
366 376 5
158 284 5
198 378 5
310 390 5
72 343 5
174 219 5
164 166 5
63 373 5
53 184 5
8 85 5
34 78 5
113 126 5
70 279 5
223 383 5
29 163 5
118 187 5
187 237 5
168 315 5
298 329 5
70 312 5
75 146 5
117 236 5
210 288 5
167 374 5
57 245 5
174 351 5
134 287 5
75 84 5
28 130 5
190 306 5
165 231 5
16 307 5
73 220 5
257 370 5
167 221 5
39 366 5
314 347 5
122 155 5
127 306 5
223 289 5
134 183 5
172 389 5
19 247 5
46 71 5
278 308 5
212 213 5
357 367 5
105 295 5
326 398 5
36 133 5
46 362 5
54 115 5
240 359 5
200 314 5
95 180 5
24 334 5
24 82 5
152 343 5
143 390 5
49 200 5
83 339 5
304 335 5
39 111 5
36 197 5
107 330 5
67 144 5
47 197 5
255 286 5
167 227 5
79 85 5
17 262 5
15 102 5
40 43 5
167 182 5
38 104 5
41 304 5
193 237 5
304 345 5
19 213 5
11 125 5
154 214 5
260 264 5
117 350 5
145 249 5
302 357 5
290 327 5
27 391 5
102 304 5
245 357 5
252 259 5
44 358 5
167 301 5
19 185 5
30 186 5
382 399 5
183 244 5
205 258 5
33 74 5
52 61 5
47 378 5
36 350 5
76 325 5
137 217 5
66 165 5
133 390 5
22 89 5
105 261 5
62 124 5
44 320 5
97 153 5
317 335 5
246 341 5
45 211 5
335 392 5
37 105 5
126 384 5
58 145 5
49 355 5
114 347 5
118 151 5
176 213 5
280 313 5
72 374 5
2 189 5
154 365 5
280 285 5
161 297 5
43 198 5
261 341 5
117 378 5
360 371 5
187 242 5
90 291 5
108 140 5
76 331 5
251 332 5
142 243 5
130 286 5
204 288 5
146 251 5
30 358 5
190 202 5
71 326 5
232 339 5
208 332 5
54 374 5
240 296 5
1 159 5
258 299 5
181 333 5
111 301 5
114 256 5
25 57 5
312 399 5
144 260 5
234 289 5
35 246 5
77 170 5
178 309 5
108 180 5
188 234 5
80 99 5
201 312 5
130 172 5
209 353 5
108 134 5
61 135 5
160 294 5
117 291 5
143 377 5
49 106 5
264 351 5
156 341 5
193 333 5
321 372 5
113 180 5
265 277 5
149 279 5
49 175 5
278 383 5
73 84 5
162 208 5
54 144 5
39 261 5
17 254 5
122 309 5
171 302 5
56 145 5
183 337 5
175 389 5
100 307 5
183 355 5
36 305 5
3 211 5
281 353 5
98 265 5
99 364 5
106 378 5
15 225 5
38 241 5
341 346 5
35 242 5
179 189 5
43 370 5
114 357 5
92 218 5
128 244 5
237 347 5
147 350 5
46 171 5
302 310 5
268 337 5
7 244 5
114 305 5
152 331 5
144 271 5
169 251 5
184 357 5
101 152 5
287 400 5
181 289 5
379 381 5
131 324 5
216 277 5
261 345 5
46 245 5
243 387 5
253 322 5
229 367 5
225 232 5
190 369 5
101 358 5
291 357 5
387 392 5
107 385 5
277 287 5
327 345 5
74 340 5
154 250 5
22 266 5
67 87 5
183 329 5
34 125 5
249 354 5
72 73 5
257 261 5
29 113 5
2 218 5
203 385 5
65 90 5
14 259 5
49 202 5
340 388 5
261 348 5
213 369 5
126 299 5
107 308 5
226 232 5
13 74 5
85 257 5
112 219 5
331 345 5
140 234 5
4 123 5
69 108 5
285 366 5
5 82 5
20 239 5
64 185 5
78 152 5
174 259 5
385 400 5
162 397 5
17 145 5
80 363 5
97 128 5
292 340 5
295 330 5
37 134 5
17 35 5
74 189 5
95 386 5
158 209 5
161 169 5
33 394 5
207 238 5
294 324 5
84 278 5
21 289 5
41 100 5
55 300 5
18 210 5
211 311 5
43 385 5
132 394 5
207 226 5
87 378 5
218 384 5
15 247 5
156 210 5
205 294 5
48 170 5
9 288 5
59 263 5
122 317 5
30 331 5
6 340 5
140 391 5
59 382 5
8 113 5
124 287 5
100 338 5
374 393 5
292 390 5
7 199 5
47 373 5
75 94 5
142 363 5
76 175 5
93 296 5
65 196 5
70 225 5
59 188 5
139 168 5
291 300 5
25 309 5
390 398 5
301 378 5
288 380 5
6 248 5
323 351 5
100 164 5
274 357 5
121 240 5
242 377 5
65 316 5
45 49 5
104 174 5
309 341 5
242 280 5
230 339 5
187 291 5
159 335 5
295 341 5
210 260 5
233 300 5
71 254 5
282 396 5
17 307 5
2 258 5
282 317 5
395 400 5
37 168 5
175 345 5
15 180 5
82 296 5
26 82 5
360 372 5
313 384 5
122 326 5
243 298 5
168 354 5
20 368 5
49 384 5
50 400 5
313 353 5
38 307 5
148 351 5
124 146 5
164 398 5
59 212 5
78 237 5
122 213 5
124 268 5
104 193 5
18 318 5
89 343 5
55 186 5
234 363 5
111 361 5
95 356 5
65 312 5
335 401 5
212 218 5
57 376 5
215 268 5
106 292 5
176 318 5
12 43 5
40 189 5
30 235 5
206 396 5
63 372 5
122 333 5
232 369 5
323 365 5
349 400 5
60 399 5
271 282 5
10 289 5
175 318 5
22 351 5
125 138 5
11 150 5
51 167 5
10 73 5
80 288 5
50 67 5
189 351 5
55 318 5
91 92 5
163 313 5
38 372 5
161 392 5
121 314 5
1 304 5
295 351 5
31 325 5
147 336 5
253 314 5
58 335 5
58 210 5
198 222 5
171 332 5
58 386 5
160 222 5
144 149 5
186 385 5
187 217 5
100 177 5
250 337 5
2 303 5
199 399 5
5 345 5
5 331 5
135 330 5
60 264 5
84 344 5
257 348 5
254 314 5
4 13 5
152 207 5
190 229 5
15 338 5
5 186 5
13 114 5
107 188 5
305 315 5
258 393 5
321 336 5
322 323 5
69 184 5
85 382 5
268 310 5
31 120 5
34 295 5
100 205 5
33 259 5
268 290 5
47 294 5
125 233 5
231 380 5
92 366 5
207 349 5
126 357 5
277 283 5
24 120 5
60 100 5
108 400 5
81 211 5
191 375 5
317 396 5
74 174 5
100 363 5
113 219 5
237 328 5
123 379 5
66 287 5
272 344 5
234 299 5
189 398 5
175 189 5
285 307 5
64 362 5
41 305 5
94 274 5
15 262 5
88 161 5
108 333 5
122 220 5
121 223 5
56 345 5
99 121 5
41 303 5
136 393 5
61 339 5
185 397 5
249 353 5
163 282 5
15 66 5
323 361 5
233 337 5
221 393 5
96 401 5
290 398 5
219 220 5
9 275 5
180 236 5
67 137 5
58 293 5
12 191 5
87 112 5
323 364 5
50 393 5
387 388 5
9 292 5
303 395 5
89 284 5
353 375 5
50 193 5
132 170 5
4 139 5
206 311 5
203 214 5
157 336 5
105 199 5
242 264 5
277 310 5
185 374 5
245 327 5
7 360 5
135 353 5
90 382 5
114 356 5
41 163 5
147 211 5
286 367 5
90 172 5
97 151 5
1 255 5
242 295 5
190 276 5
117 375 5
42 249 5
218 280 5
122 352 5
89 114 5
56 154 5
203 252 5
217 364 5
160 323 5
165 322 5
93 315 5
17 93 5
241 312 5
6 30 5
123 186 5
3 106 5
237 293 5
57 358 5
316 361 5
28 59 5
48 114 5
182 372 5
217 389 5
147 261 5
24 211 5
140 304 5
11 157 5
68 251 5
74 140 5
353 398 5
27 196 5
103 104 5
232 319 5
61 307 5
191 192 5
239 334 5
187 305 5
282 366 5
76 141 5
111 286 5
238 251 5
261 321 5
79 329 5
170 218 5
1 195 5
269 287 5
61 221 5
44 139 5
104 293 5
82 117 5
122 295 5
272 393 5
274 309 5
56 236 5
18 86 5
13 396 5
274 341 5
91 315 5
157 274 5
347 381 5
267 351 5
170 214 5
327 330 5
291 381 5
33 96 5
373 400 5
36 218 5
198 343 5
250 382 5
67 253 5
338 341 5
134 280 5
48 210 5
82 371 5
22 204 5
27 153 5
288 313 5
287 395 5
242 375 5
176 347 5
142 220 5
17 359 5
32 256 5
155 236 5
79 281 5
220 375 5
16 108 5
172 298 5
155 214 5
30 380 5
78 235 5
195 255 5
248 391 5
80 304 5
255 294 5
35 249 5
74 338 5
1 393 5
220 369 5
236 322 5
283 371 5
58 140 5
384 390 5
216 356 5
6 269 5
103 318 5
83 171 5
145 297 5
48 90 5
47 384 5
302 368 5
47 90 5
154 305 5
47 345 5
45 356 5
15 265 5
77 237 5
145 298 5
59 99 5
185 328 5
101 177 5
102 333 5
70 344 5
32 76 5
117 123 5
87 90 5
162 176 5
137 138 5
2 256 5
46 82 5
210 346 5
45 133 5
21 278 5
153 342 5
48 125 5
152 225 5
298 326 5
156 240 5
67 304 5
183 272 5
30 98 5
260 345 5
153 279 5
280 397 5
8 150 5
217 398 5
95 130 5
188 335 5
79 275 5
126 340 5
72 163 5
22 369 5
87 250 5
153 208 5
151 153 5
7 323 5
24 180 5
57 181 5
176 250 5
8 183 5
5 399 5
72 165 5
5 134 5
285 353 5
352 364 5
9 22 5
104 126 5
63 285 5
25 343 5
110 250 5
92 116 5
172 344 5
24 139 5
73 388 5
80 346 5
169 344 5
84 313 5
180 290 5
204 317 5
173 341 5
167 255 5
34 365 5
96 358 5
321 382 5
29 110 5
201 304 5
74 145 5
217 356 5
97 289 5
42 342 5
183 368 5
57 124 5
94 309 5
12 83 5
112 258 5
111 128 5
140 314 5
224 233 5
95 335 5
151 206 5
21 241 5
105 338 5
119 382 5
51 348 5
180 374 5
70 139 5
155 160 5
221 271 5
11 315 5
194 220 5
42 205 5
5 338 5
110 270 5
43 342 5
37 219 5
193 277 5
312 370 5
286 292 5
8 87 5
132 239 5
187 381 5
19 271 5
163 207 5
289 290 5
77 181 5
82 191 5
57 159 5
166 200 5
28 140 5
137 281 5
31 72 5
12 342 5
114 298 5
233 273 5
143 305 5
4 164 5
122 274 5
182 329 5
35 142 5
184 217 5
372 395 5
46 51 5
202 318 5
289 302 5
130 242 5
37 160 5
49 386 5
98 100 5
4 18 5
322 371 5
146 374 5
157 341 5
10 319 5
25 341 5
225 229 5
218 282 5
272 400 5
73 341 5
302 317 5
45 46 5
83 142 5
126 204 5
204 376 5
221 297 5
52 266 5
214 270 5
311 371 5
282 301 5
221 380 5
276 398 5
122 278 5
65 93 5
105 277 5
210 265 5
5 256 5
219 309 5
184 338 5
17 140 5
231 313 5
32 282 5
245 250 5
224 232 5
104 214 5
204 266 5
200 398 5
118 140 5
77 305 5
25 182 5
82 392 5
159 362 5
269 319 5
328 378 5
66 124 5
26 66 5
170 378 5
299 308 5
13 130 5
202 227 5
4 306 5
164 302 5
203 376 5
18 352 5
273 353 5
33 48 5
8 336 5
191 326 5
240 349 5
71 252 5
305 390 5
97 354 5
76 158 5
170 251 5
124 278 5
68 182 5
127 231 5
83 330 5
173 279 5
230 353 5
117 401 5
124 262 5
7 124 5
48 356 5
299 364 5
98 267 5
267 287 5
43 220 5
14 142 5
213 291 5
266 280 5
145 392 5
183 300 5
60 393 5
71 345 5
261 362 5
222 344 5
22 384 5
17 31 5
377 380 5
147 329 5
215 246 5
12 137 5
99 257 5
141 278 5
61 215 5
206 275 5
103 270 5
6 247 5
213 367 5
179 228 5
161 260 5
250 276 5
191 298 5
192 255 5
43 99 5
78 128 5
6 308 5
184 226 5
147 286 5
239 399 5
163 276 5
112 338 5
117 217 5
102 256 5
33 82 5
13 329 5
194 250 5
56 288 5
141 147 5
262 320 5
312 397 5
61 291 5
2 359 5
74 148 5
144 317 5
58 151 5
91 169 5
87 380 5
343 358 5
80 111 5
47 81 5
123 313 5
82 330 5
148 369 5
296 360 5
82 279 5
142 356 5
29 169 5
173 315 5
161 249 5
130 306 5
220 311 5
146 397 5
102 271 5
10 351 5
57 285 5
30 79 5
31 369 5
8 160 5
127 179 5
40 260 5
5 395 5
73 173 5
22 318 5
159 270 5
77 288 5
247 387 5
179 392 5
48 55 5
64 165 5
121 398 5
26 193 5
199 234 5
30 57 5
308 314 5
157 353 5
234 239 5
18 311 5
5 112 5
163 228 5
53 377 5
49 299 5
300 363 5
89 289 5
125 347 5
152 344 5
17 245 5
41 115 5
170 323 5
145 308 5
76 374 5
260 314 5
206 350 5
283 297 5
61 196 5
113 117 5
165 171 5
11 205 5
81 293 5
117 169 5
12 23 5
64 133 5
127 200 5
306 344 5
33 382 5
365 389 5
193 367 5
262 314 5
46 74 5
129 190 5
158 300 5
26 241 5
103 161 5
68 285 5
52 241 5
184 337 5
136 389 5
72 335 5
114 377 5
219 350 5
337 357 5
183 396 5
168 201 5
329 347 5
57 213 5
42 208 5
233 356 5
130 283 5
65 239 5
270 379 5
52 363 5
97 314 5
112 385 5
104 225 5
125 360 5
116 389 5
134 371 5
55 334 5
137 383 5
21 353 5
38 159 5
62 65 5
16 64 5
201 268 5
136 254 5
178 215 5
163 261 5
372 385 5
146 160 5
178 269 5
284 384 5
16 238 5
353 365 5
22 161 5
46 346 5
56 181 5
204 315 5
120 340 5
3 59 5
140 256 5
268 317 5
127 143 5
79 199 5
97 297 5
358 365 5
146 313 5
19 55 5
1 43 5
18 95 5
36 276 5
55 140 5
91 343 5
42 283 5
44 355 5
93 342 5
208 372 5
8 186 5
6 159 5
102 384 5
12 128 5
139 273 5
230 325 5
398 401 5
17 273 5
91 147 5
52 230 5
215 275 5
244 389 5
97 197 5
31 110 5
1 289 5
317 370 5
260 322 5
200 242 5
95 327 5
306 327 5
199 323 5
135 198 5
79 319 5
81 287 5
11 298 5
244 310 5
231 394 5
94 334 5
54 102 5
7 17 5
95 266 5
10 295 5
106 178 5
104 220 5
25 289 5
15 360 5
39 246 5
9 95 5
76 329 5
225 325 5
155 301 5
66 218 5
160 319 5
166 192 5
8 287 5
30 90 5
180 209 5
71 267 5
21 312 5
9 161 5
23 93 5
36 118 5
36 174 5
97 193 5
165 261 5
77 324 5
83 230 5
21 67 5
147 248 5
351 380 5
158 237 5
158 175 5
141 228 5
60 268 5
149 322 5
172 179 5
86 287 5
259 362 5
153 323 5
255 355 5
351 391 5
3 292 5
32 69 5
352 385 5
289 363 5
124 301 5
119 130 5
19 371 5
238 271 5
91 151 5
1 158 5
243 335 5
288 295 5
173 282 5
120 199 5
109 135 5
148 210 5
252 400 5
351 384 5
238 276 5
248 345 5
33 136 5
3 378 5
227 320 5
240 377 5
9 69 5
344 378 5
337 384 5
155 237 5
290 356 5
25 96 5
136 246 5
208 305 5
96 254 5
263 371 5
91 279 5
123 291 5
86 267 5
198 312 5
36 185 5
193 361 5
9 177 5
208 232 5
17 44 5
58 306 5
71 83 5
280 401 5
304 328 5
86 95 5
229 348 5
138 392 5
27 225 5
114 311 5
293 311 5
149 294 5
19 326 5
13 268 5
221 334 5
22 99 5
156 264 5
6 327 5
238 399 5
237 285 5
42 374 5
202 332 5
61 68 5
192 359 5
167 378 5
58 341 5
233 361 5
279 379 5
231 291 5
236 318 5
15 110 5
45 258 5
171 256 5
51 80 5
7 254 5
226 390 5
122 320 5
26 182 5
59 291 5
139 225 5
78 267 5
226 355 5
232 384 5
213 276 5
121 193 5
47 304 5
280 377 5
122 348 5
70 232 5
84 202 5
150 190 5
271 382 5
7 181 5
51 239 5
263 297 5
135 235 5
88 340 5
60 322 5
7 392 5
184 206 5
199 326 5
78 86 5
33 301 5
131 199 5
72 175 5
287 324 5
268 334 5
113 193 5
274 317 5
23 242 5
178 230 5
148 189 5
207 317 5
183 380 5
287 388 5
157 163 5
248 312 5
212 234 5
105 353 5
14 127 5
249 301 5
122 255 5
167 388 5
39 112 5
62 303 5
25 152 5
172 364 5
280 340 5
51 121 5
331 337 5
92 181 5
12 399 5
364 375 5
95 162 5
284 288 5
126 349 5
343 388 5
237 244 5
48 334 5
10 67 5
78 104 5
154 362 5
199 365 5
162 379 5
55 254 5
66 141 5
115 324 5
97 102 5
175 263 5
134 191 5
139 218 5
159 332 5
125 167 5
74 245 5
172 213 5
275 327 5
291 361 5
88 101 5
262 397 5
50 138 5
187 351 5
109 189 5
137 363 5
278 384 5
141 297 5
116 187 5
46 279 5
17 75 5
164 285 5
55 392 5
376 390 5
2 265 5
21 175 5
16 24 5
108 234 5
139 295 5
184 400 5
75 393 5
25 361 5
329 376 5
90 165 5
114 115 5
131 209 5
165 189 5
252 294 5
268 293 5
240 294 5
205 261 5
140 228 5
247 349 5
61 86 5
213 317 5
84 361 5
116 308 5
282 385 5
44 148 5
44 230 5
262 325 5
122 360 5
88 325 5
373 380 5
265 284 5
68 345 5
83 216 5
164 368 5
100 330 5
141 322 5
78 88 5
173 396 5
156 193 5
309 349 5
64 376 5
211 236 5
169 388 5
29 75 5
73 166 5
53 102 5
29 70 5
242 244 5
152 208 5
79 153 5
73 381 5
67 367 5
138 150 5
14 134 5
82 294 5
268 396 5
145 205 5
176 205 5
45 277 5
279 283 5
3 350 5
378 384 5
72 224 5
293 297 5
44 104 5
48 83 5
86 189 5
10 222 5
224 356 5
23 189 5
90 109 5
128 326 5
367 376 5
11 129 5
6 252 5
273 293 5
82 349 5
153 322 5
213 244 5
121 347 5
242 329 5
101 116 5
323 327 5
125 222 5
221 277 5
57 82 5
210 383 5
349 382 5
110 184 5
31 107 5
188 396 5
269 379 5
299 343 5
94 186 5
184 214 5
184 204 5
54 305 5
53 300 5
96 226 5
174 347 5
28 389 5
230 371 5
210 237 5
92 391 5
20 392 5
179 199 5
14 249 5
29 46 5
139 147 5
2 214 5
16 25 5
151 185 5
83 320 5
203 217 5
149 252 5
312 390 5
249 291 5
84 281 5
100 343 5
90 248 5
118 362 5
48 268 5
367 387 5
76 185 5
124 289 5
186 221 5
370 377 5
369 372 5
125 246 5
184 376 5
66 246 5
286 314 5
135 239 5
69 234 5
253 317 5
214 397 5
106 336 5
71 261 5
8 321 5
117 255 5
39 369 5
337 344 5
8 380 5
132 311 5
167 225 5
179 290 5
11 136 5
145 276 5
46 344 5
51 299 5
46 332 5
37 184 5
53 116 5
34 123 5
90 162 5
145 170 5
105 152 5
15 149 5
206 254 5
6 264 5
281 342 5
59 80 5
130 224 5
29 227 5
212 248 5
263 301 5
42 327 5
121 346 5
148 179 5
283 292 5
348 388 5
116 168 5
74 143 5
285 327 5
291 349 5
189 362 5
243 341 5
19 138 5
48 70 5
365 390 5
226 332 5
331 362 5
306 340 5
86 123 5
5 156 5
176 378 5
165 392 5
15 64 5
300 307 5
254 390 5
250 262 5
103 287 5
189 379 5
314 331 5
98 277 5
28 393 5
174 353 5
30 113 5
153 331 5
85 271 5
157 320 5
147 260 5
83 275 5
62 283 5
246 344 5
106 315 5
265 274 5
125 281 5
193 251 5
128 348 5
68 119 5
47 315 5
70 77 5
99 400 5
229 369 5
84 385 5
343 361 5
42 203 5
157 289 5
103 133 5
90 99 5
35 311 5
35 191 5
159 285 5
286 383 5
123 231 5
109 146 5
25 207 5
144 253 5
247 300 5
206 236 5
110 242 5
202 321 5
36 335 5
244 257 5
70 291 5
106 229 5
161 247 5
149 186 5
262 356 5
63 98 5
6 122 5
149 269 5
187 375 5
48 282 5
362 393 5
385 392 5
235 329 5
78 168 5
7 365 5
84 106 5
262 297 5
143 334 5
21 192 5
291 376 5
52 60 5
37 57 5
182 378 5
155 278 5
