28 28 1
1015 1017 1
959 959 1
991 991 1
1015 1017 1
1015 1017 1
3368 3368 1
14752 14736 1
1015 1017 1
1531 1080 1
2684 2684 1
7780 7780 1
1021 1021 1
1084 1083 1
1595 1021 1
1207 525 1
533 509 1
1207 524 1
1207 524 1
6027 527 1
688 688 1
1021 1595 1
5626 4581 1
991 3806 1
533 521 1
3368 521 1
527 8734 1
1015 1017 1
1021 17377 1
726 2926 1
476 476 1
7010 7010 1
6541 4349 1
9119 9119 1
12429 5556 1
1207 524 1
688 5377 1
10017 9313 1
1576 1576 1
7780 7780 1
1083 1088 1
7010 7010 1
5884 5884 1
1639 1639 1
2024 5042 1
245 232 1
1080 1088 1
6468 5356 1
4575 4473 1
5884 5884 1
27630 27630 1
2258 2258 1
5884 4915 1
5884 5884 1
5863 4591 1
4592 4592 1
7010 7010 1
3163 3163 1
4592 4472 1
7010 7010 1
7010 7010 1
1988 1988 1
1206 12108 1
1991 1991 1
1083 1088 1
1206 1206 1
688 12167 1
17663 17663 1
4133 4133 1
8505 556 1
4679 4679 1
3163 3163 1
17663 17663 1
17663 17663 1
17663 17663 1
9989 9989 1
67 2316 1
2299 2316 1
876 876 1
18311 18311 1
876 876 1
1595 1557 1
14549 9990 1
4915 4935 1
5042 2024 1
9119 9119 1
8006 8006 1
1991 309 1
3573 3573 1
1990 2111 1
1016 1021 1
4026 4026 1
533 103 1
964 4909 1
2812 2812 1
27839 27839 1
27839 27839 1
27839 27839 1
8505 8503 1
1639 1639 1
2648 2648 1
688 12581 1
1207 15 1
17368 17368 1
2261 4553 1
1039 5372 1
4516 4591 1
1991 1991 1
17475 3158 1
3158 17475 1
5407 5407 1
1084 1088 1
9990 14549 1
990 990 1
27839 27839 1
27839 27839 1
991 3806 1
1189 488 1
991 3806 1
1207 1207 1
1431 1431 1
1431 1431 1
6363 4692 1
27839 27839 1
10043 915 1
3356 3356 1
5550 5550 1
2073 4474 1
8143 8143 1
10017 12158 1
27839 27839 1
27839 27839 1
972 972 1
991 3806 1
18416 4139 1
1207 15 1
3267 1438 1
1992 1992 1
2648 2648 1
7033 7033 1
876 876 1
972 972 1
2151 2151 1
991 3806 1
27630 27630 1
1380 1380 1
6363 15251 1
962 962 1
68 2769 1
12413 12413 1
10180 10180 1
13635 4908 1
4731 4731 1
13706 7968 1
1021 1021 1
12412 3403 1
3355 3355 1
1021 1016 1
13706 10724 1
13706 10724 1
688 12581 1
2258 2258 1
17779 17779 1
20523 20523 1
5042 17436 1
991 3806 1
16661 16661 1
17779 17779 1
1016 1021 1
2691 2691 1
1015 1017 1
5231 3791 1
5276 7438 1
1964 1971 1
17779 17779 1
1125 1587 1
972 972 1
