27701 27701 1
7522 18674 1
15327 15327 1
14618 9769 1
9705 5428 1
8885 5428 1
1439 18873 1
5803 852 1
18458 15048 1
5428 8885 1
14618 12447 1
5097 9215 1
9215 5097 1
17505 17505 1
27211 8770 1
257 3266 1
17348 13132 1
7999 720 1
8550 5384 1
5039 15565 1
1743 507 1
6843 9369 1
17459 20756 1
15811 680 1
14134 21071 1
8198 2194 1
5118 15565 1
7576 9826 1
7576 9826 1
14874 7892 1
8508 13704 1
886 880 1
17333 12752 1
18168 11452 1
18641 7903 1
14874 14874 1
5321 3131 1
8403 11789 1
5076 3474 1
15048 18458 1
574 3584 1
10542 5800 1
9799 4288 1
14964 5121 1
8833 8754 1
5231 3791 1
16144 24191 1
4138 716 1
13374 10737 1
13374 10737 1
18641 7903 1
1215 1215 1
8258 8506 1
9359 15294 1
18458 15048 1
1743 47071 1
27211 8770 1
14874 14874 1
2850 2494 1
10600 5715 1
18149 5565 1
5779 29563 1
7576 10131 1
14864 886 1
4816 3331 1
2916 8933 1
886 14864 1
2917 449 1
9184 3587 1
1563 3430 1
8594 14874 1
7821 868 1
14874 14874 1
5984 8261 1
10542 1230 1
5064 3608 1
17333 33138 1
17834 868 1
2028 2765 1
1210 1412 1
9707 5119 1
12968 8119 1
4516 4591 1
5044 5044 1
2434 2434 1
4975 1085 1
5097 8074 1
15327 15327 1
2917 726 1
5402 7512 1
8405 7512 1
32418 1926 1
6702 14925 1
26042 21605 1
25488 16582 1
13376 13377 1
22033 21383 1
617 1414 1
1121 556 1
27211 14374 1
8412 7909 1
7179 15110 1
16788 13292 1
20940 20940 1
8199 9941 1
4784 1891 1
1121 5321 1
5097 8074 1
24191 16144 1
27211 14374 1
868 3159 1
16513 14083 1
1412 1640 1
4975 4784 1
8885 8885 1
9359 17100 1
4504 4495 1
5118 15565 1
4504 4133 1
24431 24431 1
24431 24431 1
1212 1212 1
8898 6331 1
18903 7329 1
991 3806 1
18404 810 1
8898 491 1
13024 12320 1
20594 20594 1
17333 8461 1
17333 8461 1
17810 10617 1
18654 12510 1
18903 5891 1
17349 17346 1
14961 15380 1
24431 24431 1
23524 23524 1
20523 14036 1
12857 12857 1
17333 5993 1
21466 16652 1
146 8857 1
3975 3975 1
17333 21834 1
146 13732 1
8885 8885 1
14520 14520 1
14134 8937 1
1212 7519 1
7202 18613 1
2507 2516 1
7996 7996 1
7217 852 1
1125 309 1
1072 2516 1
4133 4504 1
4133 4504 1
14874 8603 1
8943 12397 1
12511 3859 1
4504 4133 1
4504 4133 1
1215 1215 1
10179 10173 1
1125 1587 1
24395 3980 1
21466 16652 1
18149 22876 1
22909 8118 1
1206 8504 1
617 5867 1
5095 5013 1
15309 5013 1
1212 2326 1
17663 17663 1
5097 5060 1
5097 5060 1
12669 2695 1
5097 5060 1
24431 4037 1
2299 1412 1
1212 310 1
146 146 1
25983 27153 1
3898 3898 1
17166 27153 1
22909 10677 1
7217 852 1
3242 1271 1
6702 5707 1
18480 15565 1
7217 852 1
1206 12108 1
694 693 1
693 693 1
4699 10888 1
98 521 1
317 317 1
7738 4351 1
29301 4351 1
10179 10173 1
7739 5095 1
5428 2315 1
23247 23247 1
23247 12805 1
15327 15327 1
17434 21135 1
21215 3453 1
23247 23247 1
7739 3797 1
991 3806 1
5097 8074 1
98 1974 1
17231 17231 1
868 13670 1
4351 7738 1
7739 5057 1
12968 1924 1
7576 7576 1
1408 1594 1
1206 449 1
5319 1300 1
9215 8074 1
591 4433 1
8885 5428 1
5097 5060 1
98 56 1
3985 14204 1
18641 7903 1
1212 1212 1
4731 5046 1
1212 1212 1
12968 13024 1
13024 12968 1
729 1296 1
29550 29550 1
7739 12170 1
8899 8895 1
6160 12294 1
668 3159 1
1907 15239 1
1127 2440 1
9992 9988 1
15574 24357 1
17224 32153 1
15574 15574 1
36381 36436 1
8885 8885 1
5118 15565 1
12200 3253 1
5438 5438 1
18791 18791 1
17041 27153 1
22682 22682 1
79 79 1
317 317 1
2569 13033 1
1907 5057 1
8885 16832 1
17764 17764 1
1566 8503 1
5097 5060 1
884 10735 1
5097 5060 1
886 14864 1
14134 8937 1
1974 3380 1
1212 1212 1
5118 15565 1
14864 886 1
16652 21466 1
574 3584 1
15327 3588 1
7907 3588 1
7576 3588 1
7052 3588 1
817 3588 1
17505 17505 1
9289 9982 1
2092 2092 1
4871 4690 1
2028 2029 1
7907 7051 1
8899 7660 1
8885 2321 1
7576 5058 1
22201 7403 1
12197 2321 1
6383 2321 1
24154 10027 1
4975 9310 1
9305 10516 1
8474 8474 1
5584 5584 1
5584 5584 1
6803 6803 1
8458 17168 1
12968 1924 1
5788 5867 1
22033 31318 1
7522 1925 1
13926 13926 1
13926 13926 1
21215 3453 1
3823 4154 1
19402 7512 1
13706 10724 1
13376 13377 1
26042 21605 1
20989 20989 1
4604 7660 1
9750 883 1
17504 16553 1
7217 852 1
17866 17866 1
8458 17727 1
17583 14722 1
4692 15251 1
4243 4245 1
19402 5057 1
19402 7052 1
10617 17810 1
17810 10617 1
17123 4350 1
617 616 1
3371 20953 1
10617 17810 1
18794 263 1
17810 10617 1
4699 5116 1
8902 9388 1
1908 9215 1
9941 8199 1
2073 4474 1
9984 13856 1
886 910 1
8505 8503 1
2762 1085 1
21299 23510 1
1908 3867 1
8458 9369 1
9215 1908 1
5308 5307 1
8898 491 1
27701 16155 1
38 38 1
19402 19402 1
17411 17038 1
8405 5438 1
3807 3807 1
5438 8405 1
4252 4252 1
15010 2167 1
4029 4030 1
3985 3982 1
9215 1908 1
12968 18473 1
13705 5554 1
5321 16221 1
8119 5055 1
5754 1595 1
5584 51545 1
5439 5095 1
7976 13654 1
13654 7976 1
7976 13654 1
8546 7044 1
14475 12066 1
9137 9138 1
13687 716 1
10254 12201 1
792 18458 1
9371 911 1
13654 7976 1
6538 4835 1
5439 8603 1
1015 680 1
3900 3904 1
1412 2299 1
25379 20954 1
2700 17206 1
591 4433 1
1080 1083 1
5439 5041 1
8546 20942 1
12686 7403 1
4038 5087 1
1080 1080 1
14874 14874 1
4590 1083 1
7901 7051 1
8546 2976 1
12059 12054 1
7901 7576 1
32215 29207 1
7976 6942 1
7976 6942 1
17764 36561 1
7901 9826 1
14701 8124 1
13056 17097 1
17206 9369 1
8899 10098 1
8546 1562 1
6141 8292 1
1412 1435 1
8546 6842 1
14701 8119 1
8546 12431 1
271 272 1
8833 14134 1
4237 4248 1
32182 32182 1
4138 1297 1
20904 4745 1
886 14864 1
17206 2700 1
14134 8937 1
14134 8937 1
29550 29550 1
9924 9924 1
14083 11787 1
10468 3476 1
1647 16878 1
28006 28006 1
94 101 1
1722 1717 1
3904 309 1
8546 2075 1
9215 5093 1
3900 3868 1
3904 3868 1
7303 3904 1
10676 3868 1
3918 3868 1
7907 7051 1
12059 3243 1
3975 3975 1
15550 15550 1
16878 1647 1
7976 13654 1
17206 14534 1
13705 5554 1
13654 7976 1
1639 1639 1
15048 18458 1
22201 13812 1
18654 1215 1
24076 17809 1
1563 3430 1
1072 2517 1
3371 3374 1
15010 2167 1
7522 15949 1
5584 51545 1
5584 51545 1
4691 4691 1
8899 10098 1
15560 9769 1
5281 12638 1
1180 1176 1
5097 23104 1
5534 5534 1
1215 18654 1
14134 8937 1
5097 5097 1
14205 5013 1
1722 1717 1
18654 1215 1
17817 14998 1
14998 9748 1
18458 15048 1
3267 1438 1
15550 15550 1
22033 22033 1
4482 668 1
3975 12211 1
1215 18654 1
12688 12688 1
2299 1435 1
8754 7320 1
7976 13654 1
13654 7976 1
24158 24158 1
7976 13654 1
15048 18458 1
13654 7976 1
7976 13654 1
812 817 1
13654 7976 1
13654 7976 1
13654 7976 1
13654 7976 1
13654 7976 1
18836 1759 1
1084 1184 1
3918 3918 1
3060 5907 1
9705 5428 1
12511 13410 1
4052 964 1
24431 4037 1
1212 7511 1
8703 8703 1
3985 14204 1
7892 14874 1
257 3266 1
7976 13654 1
13654 7976 1
4069 4069 1
1189 1194 1
4693 1793 1
7996 1215 1
12443 6432 1
7907 790 1
1215 7996 1
7976 13654 1
8148 17775 1
24431 24431 1
9850 7051 1
8288 5892 1
21019 7516 1
8148 29207 1
668 3159 1
9757 9760 1
8148 9698 1
7907 790 1
8148 35482 1
8397 11786 1
7907 790 1
8905 8897 1
10386 14057 1
9924 5867 1
20193 7217 1
6258 679 1
17517 4788 1
8730 411 1
25196 25196 1
7907 790 1
5076 4585 1
6840 15809 1
6432 15809 1
920 14476 1
6669 6777 1
8148 18572 1
8148 16553 1
5097 8074 1
5097 8074 1
5097 8074 1
5097 8074 1
5097 8074 1
5097 8074 1
5097 8074 1
5097 8074 1
5097 8074 1
5097 5097 1
5097 8074 1
9850 8603 1
8898 491 1
34042 34042 1
7522 12641 1
7907 790 1
18419 18419 1
7907 790 1
6669 12441 1
7907 432 1
6669 6116 1
17206 10282 1
6383 14964 1
403 14316 1
29000 29001 1
3371 20953 1
3371 20953 1
8703 8703 1
6383 8401 1
14134 8937 1
13654 13653 1
9850 9831 1
4069 4069 1
8730 411 1
7907 790 1
146 38903 1
4259 12448 1
3290 3824 1
23170 6151 1
19373 14057 1
12761 7199 1
9850 9850 1
17866 33193 1
1206 12108 1
668 3159 1
22428 9369 1
17479 7161 1
13469 35007 1
1206 8504 1
8943 1448 1
9184 3587 1
4026 21651 1
11916 5795 1
1206 2272 1
3066 4904 1
18291 9753 1
13926 13926 1
786 10098 1
5118 15565 1
16040 1920 1
16040 1920 1
8899 7660 1
5097 5030 1
17099 7320 1
2977 2976 1
5097 8074 1
7320 17099 1
23381 23381 1
7957 7957 1
5815 8610 1
6662 3153 1
19402 16620 1
8943 1448 1
886 910 1
7033 12823 1
7907 10681 1
4446 15030 1
14177 12833 1
5097 8074 1
5097 8074 1
21863 5800 1
514 513 1
37333 37333 1
2137 1422 1
4724 2441 1
8943 1448 1
8746 577 1
18086 21091 1
4903 4968 1
7738 22719 1
5118 15565 1
8943 16885 1
519 2440 1
886 14864 1
5788 5867 1
4999 4905 1
8460 5360 1
2568 2769 1
591 4433 1
20193 852 1
24191 18572 1
317 317 1
7217 20193 1
1215 1215 1
8943 1448 1
909 910 1
1084 1088 1
6754 19792 1
9766 12857 1
15380 14961 1
9456 9285 1
9215 9215 1
5754 1087 1
12855 3424 1
5097 9215 1
22682 8703 1
4733 1761 1
717 7781 1
622 6069 1
8943 1448 1
16513 16514 1
18641 15565 1
18641 7578 1
18011 8926 1
13865 21718 1
19473 25204 1
5097 8074 1
9215 8074 1
12977 12977 1
5097 8074 1
21687 16883 1
7892 5065 1
14874 14874 1
8594 14874 1
15571 14874 1
14874 14874 1
8943 1448 1
17166 27153 1
29563 17810 1
24431 4037 1
3159 3978 1
21551 11608 1
18456 10298 1
10298 18456 1
23887 22481 1
22481 23887 1
8943 1448 1
15325 15325 1
12788 2584 1
1207 15 1
8943 1448 1
6383 2321 1
5118 15565 1
18641 10677 1
9291 22737 1
7976 21234 1
7976 8734 1
317 317 1
21687 21383 1
7976 6942 1
7996 1215 1
13730 10298 1
22183 11576 1
29550 13652 1
16958 19062 1
916 898 1
8943 1448 1
8249 8249 1
7976 8089 1
21687 21077 1
29550 13652 1
3474 15228 1
1215 7996 1
14740 21638 1
4908 5833 1
14204 14204 1
10358 13121 1
5438 5438 1
16883 21687 1
21383 21687 1
688 13905 1
7820 7825 1
20942 9534 1
1087 1085 1
20942 8734 1
1087 1595 1
12511 3859 1
8401 6383 1
1087 9753 1
4351 4353 1
12511 2930 1
16958 19062 1
991 3806 1
7907 4297 1
20942 8553 1
36 36 1
617 5867 1
892 874 1
6720 17582 1
20942 8734 1
8071 3166 1
20942 21234 1
20942 526 1
10330 7055 1
8546 12431 1
15522 15521 1
574 3584 1
23620 23620 1
1087 14377 1
18836 7155 1
5118 15565 1
6843 9369 1
4351 7738 1
13106 2773 1
6027 4784 1
8201 4742 1
16040 19012 1
7218 7218 1
29890 19012 1
6377 6377 1
5240 4279 1
18903 7329 1
6377 19292 1
5115 8605 1
4138 19186 1
5115 5089 1
8943 1448 1
25200 25870 1
6116 5618 1
960 5618 1
5115 5090 1
5221 5221 1
3433 3425 1
5240 13048 1
4784 1891 1
1215 1215 1
7738 4351 1
1212 5417 1
10809 315 1
5115 3606 1
23442 23442 1
17352 17352 1
4725 4725 1
17351 680 1
8943 9942 1
17663 17582 1
17663 17582 1
5240 2972 1
5447 8118 1
4138 716 1
5115 5065 1
4351 7738 1
8885 8233 1
7302 1252 1
8899 7660 1
4604 7660 1
426 4198 1
8899 8895 1
6724 7441 1
4351 7738 1
13374 9239 1
14966 7043 1
5566 4353 1
23189 7043 1
94 7043 1
10103 16789 1
3490 4748 1
14187 15809 1
6702 14925 1
6702 14925 1
991 3806 1
7892 5065 1
5448 5065 1
2569 14194 1
4133 4504 1
4959 4961 1
6724 12751 1
18641 7898 1
5428 7898 1
8885 7898 1
4504 4133 1
20637 3252 1
5118 15565 1
18641 15565 1
4837 6922 1
33492 3778 1
9941 15666 1
5097 5097 1
8899 7660 1
7576 7898 1
13465 13465 1
8235 8235 1
8235 8235 1
3414 8235 1
8235 8235 1
5097 5116 1
717 7781 1
16786 13858 1
15666 1182 1
1241 577 1
12060 6028 1
5352 10179 1
773 577 1
426 577 1
574 577 1
4505 6028 1
4077 6028 1
786 577 1
8746 577 1
4516 6028 1
16993 6028 1
9359 6028 1
15666 9941 1
3154 27889 1
25196 9836 1
8943 1448 1
717 717 1
17434 13121 1
10358 13121 1
8833 9150 1
869 2523 1
6028 4077 1
4725 4725 1
4725 4725 1
8288 6141 1
12412 3403 1
16513 14656 1
5097 5030 1
4699 10888 1
7907 9291 1
17048 9291 1
5069 526 1
1908 9215 1
9291 7907 1
9215 1908 1
21214 21214 1
8288 9769 1
6028 3250 1
5710 3250 1
6848 3250 1
15399 3628 1
4666 17100 1
20252 17100 1
1215 7996 1
14204 5397 1
16359 2523 1
15399 14881 1
3887 3887 1
7996 1215 1
7004 4030 1
717 21286 1
5069 3166 1
34042 34042 1
11694 4297 1
15309 15309 1
8200 6095 1
11694 3595 1
317 317 1
916 898 1
7004 4030 1
9291 15324 1
3403 12412 1
13134 1586 1
3290 2552 1
8899 7660 1
8899 7660 1
9703 9703 1
12439 8315 1
8625 9291 1
26795 4740 1
11694 3587 1
13865 21718 1
2192 2318 1
14465 15522 1
2192 2318 1
15011 19812 1
15522 9434 1
5402 17883 1
17048 10727 1
17882 10727 1
16043 3494 1
9561 10182 1
5988 7970 1
18168 9401 1
16144 9401 1
1908 9215 1
6028 12711 1
1595 1087 1
3076 449 1
12412 3403 1
21299 23510 1
1595 1021 1
7901 7901 1
712 1296 1
7892 16278 1
1595 5754 1
5988 5237 1
21643 9318 1
4533 4870 1
1595 1557 1
27211 5532 1
18793 3430 1
271 14198 1
12856 13973 1
8148 35482 1
34042 34042 1
14656 29806 1
12856 20559 1
37614 23381 1
7004 4030 1
9368 6912 1
4663 6310 1
16043 3494 1
1241 577 1
10179 896 1
916 898 1
792 15048 1
7004 4030 1
8594 11787 1
8148 13653 1
1241 794 1
574 105 1
2518 4522 1
12610 6069 1
14187 882 1
9291 17009 1
13973 21018 1
7202 18613 1
4999 4522 1
4837 6922 1
5438 6264 1
916 862 1
1125 1290 1
24787 13095 1
21535 9152 1
12968 6261 1
991 3806 1
9291 15324 1
869 2523 1
916 898 1
12610 507 1
15228 17585 1
12439 2081 1
27338 21955 1
14187 23169 1
5026 2775 1
5026 2775 1
8127 8127 1
4999 4905 1
12610 8857 1
4077 8380 1
25320 9089 1
7957 9089 1
2932 2022 1
15228 2022 1
4122 2022 1
17206 17206 1
11735 16169 1
5438 6264 1
22428 9369 1
3823 3821 1
24431 8119 1
15522 9434 1
11916 15052 1
21029 7976 1
2318 309 1
16346 16346 1
7160 26203 1
12009 12007 1
5231 3791 1
15228 17585 1
14204 14206 1
5308 5307 1
8148 17734 1
10492 7480 1
3574 17810 1
146 507 1
4679 4964 1
574 3584 1
8375 12440 1
33245 11608 1
7576 7576 1
5845 3574 1
21907 7414 1
7576 10131 1
14134 8937 1
1195 536 1
22623 10606 1
16247 2523 1
8258 8506 1
3533 9755 1
16247 7883 1
8148 35482 1
4967 10274 1
5115 5090 1
16247 3533 1
31414 29423 1
8885 8885 1
8505 8503 1
30839 30839 1
717 7781 1
7901 7901 1
12718 12718 1
3266 257 1
13469 11115 1
16943 1920 1
16943 5089 1
5115 5090 1
16943 14881 1
792 577 1
1241 577 1
773 577 1
426 577 1
574 577 1
6366 14518 1
5438 5438 1
3368 577 1
786 577 1
2496 5318 1
14083 14083 1
574 3584 1
574 3584 1
6366 6432 1
4837 7195 1
27211 45553 1
16943 5428 1
16943 27845 1
14083 15880 1
19402 19402 1
10130 17096 1
591 4433 1
7329 9943 1
9941 8199 1
1080 5758 1
12968 18473 1
14134 8937 1
2111 309 1
1533 1533 1
3079 9375 1
5255 5254 1
9469 15383 1
9469 15383 1
2399 4472 1
9941 8553 1
22033 31318 1
920 14476 1
146 8857 1
1194 2035 1
1080 1083 1
2507 2516 1
712 2696 1
3533 8457 1
6843 8457 1
33339 33339 1
5619 5361 1
14083 14884 1
4211 1415 1
4211 4652 1
8148 13653 1
6366 1231 1
1566 8503 1
18836 295 1
13449 450 1
20942 8734 1
24191 9698 1
30 3977 1
17819 18615 1
18087 12704 1
1072 2516 1
4871 25989 1
4601 4472 1
12688 12688 1
14520 18188 1
21010 4942 1
14135 2327 1
8271 3380 1
3493 3493 1
4198 4652 1
5118 5118 1
8271 25201 1
14204 14204 1
3454 5759 1
10062 10062 1
14502 24422 1
8899 7660 1
16513 7512 1
10064 10064 1
18836 7155 1
3894 5417 1
4973 4975 1
15228 3474 1
22033 31318 1
8612 8612 1
12968 6261 1
8119 24431 1
15600 10939 1
21215 3453 1
4973 676 1
1303 1304 1
5276 7439 1
21215 3453 1
18446 1760 1
6851 21588 1
2318 2318 1
11595 11595 1
1908 9215 1
8375 263 1
4973 3159 1
17114 5079 1
8456 2436 1
4973 8584 1
5438 3986 1
12968 1924 1
12911 29550 1
4077 8380 1
10130 6649 1
5428 9694 1
6803 17531 1
12968 8634 1
21215 3453 1
6363 15251 1
22725 13631 1
8899 2034 1
9705 9705 1
5563 17533 1
15228 3474 1
146 810 1
4238 4238 1
7005 3131 1
5563 12704 1
15228 17585 1
6844 14163 1
146 505 1
35105 26469 1
895 1150 1
5563 5557 1
6274 13688 1
5563 2979 1
3404 897 1
8397 8397 1
7217 852 1
15228 5558 1
19162 21588 1
10130 6649 1
9215 1908 1
22725 720 1
4662 16287 1
146 810 1
8833 8833 1
5438 3986 1
1643 1644 1
16513 24568 1
8292 8073 1
15327 15327 1
3807 1718 1
3451 8602 1
14131 10735 1
18104 18104 1
4999 9369 1
26469 35105 1
5180 11498 1
7451 12539 1
5009 8343 1
4999 889 1
4999 9368 1
4999 6912 1
14131 2192 1
1194 4892 1
12857 526 1
14721 7298 1
8119 12968 1
15327 15327 1
3414 5410 1
6116 2979 1
19162 21588 1
20420 2946 1
6116 5618 1
18640 7898 1
8271 7508 1
6116 25989 1
15228 3474 1
14502 14502 1
12228 1135 1
21652 2412 1
2402 4503 1
4959 4961 1
146 150 1
146 150 1
8397 8186 1
21652 21652 1
6116 22435 1
10045 19341 1
9469 9469 1
668 3159 1
9469 9469 1
3413 4895 1
2318 2318 1
21803 13121 1
31894 27019 1
10358 13121 1
12688 12688 1
4663 2769 1
5352 10179 1
18836 295 1
2318 738 1
17774 12054 1
6850 14935 1
10330 8181 1
786 577 1
22934 23377 1
30839 30839 1
18640 4895 1
4331 30183 1
10179 14310 1
5097 5030 1
5097 5030 1
13282 4789 1
1207 525 1
8505 556 1
14409 14409 1
12856 20559 1
20574 6058 1
8474 8474 1
5565 9318 1
6840 12630 1
8033 28792 1
9429 8554 1
7996 7996 1
13738 12856 1
9215 8606 1
19188 2412 1
9798 9798 1
10330 10330 1
2967 1158 1
68 2769 1
13469 13469 1
5097 5030 1
8833 8833 1
5438 3380 1
27211 27206 1
17663 21071 1
27211 41896 1
886 14864 1
14656 29806 1
5097 5060 1
8405 17910 1
25924 25924 1
24191 18572 1
688 1891 1
15228 17585 1
591 4433 1
23928 5758 1
32349 32349 1
7290 16302 1
12968 8119 1
17100 17096 1
792 18458 1
5428 5428 1
1215 1215 1
3267 3267 1
11289 213 1
3429 911 1
23928 4269 1
3413 4895 1
14864 886 1
2970 2969 1
2970 2970 1
4516 6028 1
4140 6581 1
22951 22950 1
14135 18416 1
12686 7403 1
8375 6968 1
18458 15048 1
9220 9220 1
17505 17505 1
574 105 1
9798 9798 1
33245 11608 1
14083 15880 1
24669 17166 1
13024 12968 1
18416 14135 1
617 616 1
1567 9751 1
2299 12201 1
17663 17663 1
5097 5060 1
574 3584 1
13155 13155 1
24547 12805 1
13108 12805 1
1293 2696 1
19424 9369 1
5428 14082 1
9798 9798 1
5438 5443 1
2299 2321 1
3371 3371 1
5438 1913 1
2200 35281 1
10806 1913 1
916 898 1
2299 1926 1
6804 13715 1
19330 10298 1
19330 10298 1
2299 10675 1
16289 9698 1
3159 668 1
2299 7510 1
2859 9948 1
4729 6095 1
2970 2969 1
8885 8594 1
5758 23928 1
668 3159 1
4484 3159 1
6844 14163 1
2299 2302 1
6427 21588 1
4814 2011 1
7999 7272 1
24431 9089 1
964 1718 1
3807 1718 1
3403 12542 1
3290 3824 1
23247 23247 1
148 150 1
2299 2316 1
2299 517 1
9215 11785 1
3985 8120 1
9371 13360 1
8554 5268 1
148 150 1
4662 16287 1
8899 7660 1
7217 852 1
9371 15616 1
21588 6427 1
7209 9423 1
6427 21588 1
426 426 1
8899 8895 1
12968 5438 1
37614 23381 1
8554 11128 1
4729 4729 1
4729 4729 1
21173 13689 1
21588 6427 1
21173 6851 1
2194 8031 1
24461 16518 1
12968 13024 1
5118 15565 1
7280 5012 1
15048 18458 1
23928 5758 1
963 3169 1
426 426 1
12856 5281 1
16801 16801 1
5097 774 1
1567 9745 1
14083 4302 1
17680 3748 1
13024 12968 1
4903 4968 1
2194 14815 1
24750 7976 1
18641 15565 1
3596 15565 1
14502 14502 1
3596 15565 1
7001 7000 1
426 426 1
3596 3596 1
14083 15880 1
17657 11892 1
1205 9434 1
25983 27153 1
10180 4426 1
15615 17475 1
2859 9948 1
18104 18104 1
5420 5416 1
2859 10662 1
12443 9992 1
14069 4288 1
6840 5204 1
21173 22874 1
5428 5060 1
5428 5060 1
9143 18572 1
21716 18572 1
25983 27153 1
8830 8735 1
3983 24191 1
5386 5377 1
2834 3403 1
15396 3887 1
3403 2834 1
3451 8602 1
12178 9291 1
8830 8833 1
14131 2690 1
2566 2565 1
2567 2565 1
8830 8896 1
8885 15565 1
2834 6840 1
9368 7883 1
6840 2834 1
18793 3430 1
47071 6302 1
94 101 1
17268 5062 1
47071 50275 1
5754 1595 1
3404 18085 1
17583 14722 1
6720 7998 1
4029 4030 1
13108 16907 1
18382 18382 1
817 432 1
22481 10026 1
21962 21056 1
17349 17346 1
19810 8031 1
2582 5019 1
14722 17583 1
21962 5618 1
12576 9926 1
21716 9403 1
21716 8148 1
21215 3453 1
6095 5253 1
37614 23381 1
17882 10727 1
21716 21282 1
21716 21518 1
1180 3075 1
37374 2651 1
10179 896 1
17047 5755 1
7996 7996 1
17047 19804 1
3404 1765 1
7427 8921 1
17047 6673 1
7427 14052 1
7427 21368 1
21716 4982 1
5097 5060 1
15048 18458 1
10026 22481 1
16943 5428 1
4254 4248 1
7427 8921 1
146 8857 1
22934 16129 1
668 3159 1
7427 7380 1
7202 18613 1
24431 4037 1
17047 18836 1
10433 885 1
895 899 1
13730 18456 1
3607 3589 1
7976 13072 1
1153 4239 1
6446 1533 1
17882 23971 1
13469 13469 1
28291 18516 1
3451 8602 1
8597 5062 1
2569 7433 1
5606 5606 1
4725 4725 1
8597 1090 1
9984 9188 1
18146 6720 1
25200 25870 1
13374 13671 1
13469 17045 1
8597 5065 1
10179 896 1
3290 18802 1
8597 5423 1
33339 20921 1
5386 5377 1
22587 12013 1
22481 10026 1
13469 11115 1
21827 22901 1
19341 10045 1
21827 22901 1
9798 15294 1
9508 2851 1
5281 12638 1
5281 491 1
6096 4744 1
14204 14206 1
4447 17835 1
13469 3173 1
21411 3983 1
8885 5428 1
3867 14877 1
5815 8909 1
28435 35482 1
4817 4817 1
8597 10882 1
9476 14369 1
6097 9983 1
14204 14206 1
5428 8885 1
4331 30183 1
1409 2073 1
4817 4817 1
18382 17009 1
13495 5173 1
4590 1083 1
7890 689 1
7312 13688 1
5892 13688 1
8031 7449 1
5118 15565 1
4817 4817 1
14656 29806 1
13469 35007 1
5758 19877 1
5033 9829 1
14966 14876 1
12968 18473 1
7890 7890 1
6377 21651 1
4533 14437 1
10254 22719 1
1533 6446 1
4691 56 1
14134 8937 1
7328 7328 1
1015 1017 1
1134 4701 1
9097 4701 1
4747 4744 1
19424 9369 1
12197 12175 1
10208 10208 1
21643 12175 1
3985 3985 1
32320 32320 1
28435 19807 1
24537 17910 1
15327 15327 1
5097 8074 1
2551 2073 1
15380 14961 1
14134 8937 1
18087 12704 1
5097 8074 1
3596 15565 1
5039 15565 1
6446 1533 1
17818 13674 1
6095 5253 1
9508 2851 1
8127 8126 1
6377 19292 1
13852 19162 1
6377 19292 1
5892 13688 1
3463 3463 1
8127 16518 1
14204 14206 1
22033 31318 1
8127 8119 1
25196 1926 1
13706 1298 1
8271 3380 1
22951 22950 1
1964 1971 1
8885 15565 1
29550 29550 1
1083 5549 1
5218 5913 1
5758 19877 1
5352 10179 1
895 895 1
24461 24461 1
1840 17835 1
7427 8857 1
5245 4520 1
1084 6297 1
20420 6125 1
10095 10099 1
24191 18572 1
35105 8293 1
7427 7427 1
1194 1191 1
8505 13716 1
3975 3975 1
1722 5324 1
5359 5359 1
12056 18676 1
22969 7218 1
7200 7218 1
22970 7218 1
18503 7218 1
6844 7218 1
5118 15565 1
9992 22950 1
5039 15565 1
5118 15565 1
3898 3898 1
13591 11695 1
8260 5884 1
9368 6912 1
9368 6912 1
9368 6912 1
7218 22969 1
7218 3425 1
22033 31318 1
574 3584 1
1897 9215 1
21713 4271 1
18641 15565 1
21916 12711 1
1533 2183 1
1897 14084 1
1252 9751 1
13706 10724 1
22033 31318 1
24461 24461 1
13654 7976 1
2567 2564 1
21916 16882 1
10095 10099 1
5892 13688 1
4032 4030 1
14204 5397 1
14204 5397 1
28668 11016 1
11606 14879 1
859 912 1
859 912 1
24887 2695 1
6434 2317 1
11606 8398 1
17866 17866 1
4959 4961 1
14134 8937 1
1897 9291 1
14502 24422 1
8885 5428 1
5866 5866 1
10064 10064 1
533 103 1
27389 15600 1
9291 9291 1
27211 27206 1
5428 8885 1
14087 1897 1
3173 20 1
15746 15943 1
20637 3252 1
2073 4474 1
20523 14036 1
869 2523 1
4663 6310 1
18640 9694 1
533 509 1
8885 5428 1
146 150 1
3465 3469 1
920 14476 1
23510 19449 1
3427 3428 1
3904 3879 1
10179 896 1
1439 18873 1
5428 8885 1
5428 5413 1
14087 9214 1
6840 18085 1
22909 22909 1
15574 24357 1
146 608 1
146 608 1
27701 14963 1
17893 13034 1
14204 14206 1
14204 14206 1
14134 8937 1
12178 15577 1
668 3159 1
14087 5057 1
668 3159 1
3465 3465 1
10330 7055 1
146 608 1
4052 11503 1
13108 16907 1
17349 5318 1
8899 7660 1
15577 13468 1
146 443 1
8397 15565 1
12211 3977 1
3975 3977 1
17910 17910 1
10095 10098 1
17910 17910 1
17910 17910 1
12857 526 1
5448 7892 1
10330 10330 1
24358 9831 1
3915 14964 1
4871 4690 1
5448 19402 1
964 11503 1
146 21368 1
12857 5433 1
24358 7907 1
10330 7055 1
5448 1217 1
5448 3300 1
5448 5065 1
14134 8937 1
24358 24357 1
17207 7118 1
5448 14873 1
15307 15306 1
37323 37323 1
8885 5428 1
47071 14794 1
21436 10882 1
8148 17734 1
8459 3977 1
5448 11488 1
5448 8119 1
3596 774 1
4731 18459 1
10103 16789 1
7657 6922 1
35623 33572 1
5097 8074 1
4663 2769 1
9359 17100 1
4817 4817 1
5448 4895 1
12968 5438 1
24358 15324 1
13673 2918 1
5097 8074 1
7325 9585 1
2264 2264 1
5438 12968 1
24461 16518 1
7576 5058 1
4243 4243 1
18418 9764 1
30183 4331 1
14964 3915 1
14722 7826 1
4837 5758 1
10431 10724 1
4731 3455 1
5758 4837 1
24461 8598 1
10103 19459 1
4590 1083 1
1080 1083 1
5711 12911 1
10103 20054 1
4731 4743 1
991 3806 1
3451 8602 1
14961 15380 1
13673 6592 1
4731 4731 1
146 8857 1
4731 5046 1
1080 1407 1
13673 21056 1
14134 8937 1
21962 21962 1
15327 15327 1
7217 20193 1
4533 4870 1
25346 25346 1
4038 4038 1
15380 14961 1
12911 5711 1
10103 10095 1
591 4433 1
14131 2690 1
178 9 1
3490 4748 1
24358 24358 1
5428 3595 1
17999 10736 1
8031 7449 1
25456 25456 1
7976 6942 1
4331 30183 1
7576 7576 1
7976 13654 1
4731 9034 1
1563 3430 1
2934 2934 1
3425 7218 1
8403 11789 1
13654 7976 1
8085 8085 1
9766 9764 1
32722 31318 1
958 962 1
17888 11451 1
7907 24357 1
8899 8904 1
962 958 1
15327 15327 1
3328 3327 1
3843 3124 1
9766 12857 1
13106 14163 1
146 507 1
8602 3451 1
6378 6379 1
17099 7320 1
14204 5397 1
1897 5397 1
14966 22535 1
7890 14964 1
146 608 1
9126 14311 1
3451 3457 1
14311 9126 1
15327 15327 1
1720 9324 1
1720 9324 1
1720 9324 1
1720 9324 1
28349 542 1
8757 9836 1
4817 4817 1
25346 25346 1
18149 17584 1
3607 3589 1
14204 14206 1
963 9324 1
4999 4905 1
19373 27206 1
286 286 1
28747 20941 1
6378 13360 1
303 303 1
5402 17883 1
12977 16512 1
6378 7735 1
21456 3166 1
5402 3587 1
5402 10961 1
14204 14206 1
18404 25132 1
1080 1083 1
5402 5414 1
6378 9369 1
6378 12431 1
1080 5758 1
3267 1438 1
6378 15616 1
5402 16513 1
5402 449 1
5402 14873 1
10298 645 1
963 3471 1
7907 24357 1
9291 24357 1
963 489 1
18214 18214 1
963 17732 1
14502 20662 1
146 38903 1
1080 1407 1
17888 11451 1
7890 14966 1
37322 37323 1
12146 15 1
15962 12760 1
18900 1158 1
5386 12631 1
15522 15521 1
7004 56 1
1202 110 1
10064 10064 1
5402 310 1
8899 7660 1
1080 712 1
35623 33572 1
5402 17882 1
18900 4070 1
5402 7289 1
14961 15380 1
12176 12176 1
5402 5405 1
15380 14961 1
6595 2976 1
501 6760 1
7932 7932 1
18104 18104 1
7118 17207 1
8292 8073 1
7932 10432 1
22815 22815 1
5307 5308 1
7890 689 1
5565 689 1
5565 689 1
5801 5715 1
12197 12175 1
5402 5446 1
16801 16801 1
7890 7890 1
18836 7155 1
7932 10432 1
10432 7932 1
1080 5549 1
2934 2934 1
3913 22719 1
18382 18382 1
22815 22168 1
9126 14135 1
14965 2322 1
22815 22815 1
15962 27211 1
13926 13926 1
14465 15565 1
5118 15565 1
8235 8235 1
4747 4744 1
14134 8937 1
5097 8074 1
11606 11606 1
2260 15010 1
13673 23657 1
9184 2477 1
22815 22168 1
12623 2494 1
22815 22815 1
9990 14549 1
17888 11451 1
991 171 1
4908 2167 1
4908 3131 1
10179 896 1
22924 2183 1
5097 8621 1
14135 9126 1
493 8932 1
5308 5307 1
17392 6152 1
9126 14135 1
5246 5246 1
14135 9126 1
5307 5308 1
17392 6842 1
4052 10017 1
8885 5091 1
14961 3916 1
17834 3977 1
8459 3977 1
146 608 1
5911 4260 1
2934 2934 1
4903 4968 1
10179 896 1
1195 536 1
975 975 1
5321 5318 1
18641 15565 1
18146 6720 1
3900 11990 1
7522 18674 1
5321 5618 1
5118 5118 1
28455 28455 1
3625 15383 1
817 15383 1
9469 15383 1
20 7275 1
3900 26340 1
514 524 1
10095 10098 1
8899 10098 1
3900 14881 1
786 10098 1
4260 5911 1
5118 15565 1
8292 8073 1
4699 10888 1
10095 10098 1
991 3806 1
5712 10541 1
5009 8345 1
14740 10206 1
3780 5008 1
1781 6302 1
9213 5119 1
8553 13977 1
668 3159 1
7004 56 1
2967 13853 1
5118 15565 1
18641 15565 1
13999 4428 1
14069 1901 1
13999 13284 1
9215 8074 1
13999 13610 1
5118 15565 1
5026 1085 1
5026 1085 1
8033 21077 1
5118 5118 1
5118 5118 1
2195 14961 1
25535 25535 1
6804 5567 1
5026 1087 1
5026 1087 1
17682 7020 1
18793 3430 1
15048 5038 1
509 513 1
1253 27903 1
2195 2195 1
14961 2195 1
5026 2775 1
5026 2775 1
509 533 1
8260 5884 1
7280 17426 1
509 103 1
12737 4027 1
4724 1085 1
1781 6302 1
509 1211 1
509 99 1
24329 9042 1
3952 13495 1
5779 1586 1
1072 2516 1
12669 2695 1
2977 2975 1
11055 11055 1
8260 2011 1
574 3584 1
17426 7280 1
1984 56 1
5026 5754 1
5026 5754 1
15327 15327 1
792 792 1
35105 8293 1
5118 15565 1
5118 15565 1
1567 2690 1
617 616 1
4138 4429 1
3913 5428 1
17974 14815 1
4267 6702 1
28018 28018 1
10383 19371 1
244 639 1
15962 8858 1
9016 13866 1
13724 3563 1
24078 21926 1
9157 8124 1
8899 8895 1
8119 8124 1
18793 17588 1
16786 11714 1
17843 21984 1
17819 12752 1
7576 5058 1
5898 4903 1
14134 8937 1
8885 8885 1
35060 35060 1
2073 4474 1
8885 8885 1
10017 9313 1
5620 8609 1
2781 888 1
12197 2321 1
3186 10222 1
14094 14094 1
12197 12175 1
21643 12175 1
14961 15380 1
4533 9751 1
15380 14961 1
12197 9358 1
18104 10891 1
8609 5620 1
2551 4503 1
6702 14925 1
21499 5795 1
1207 15 1
17415 18855 1
7576 5058 1
9984 9188 1
14706 14706 1
8554 11128 1
6726 1838 1
10017 12158 1
13495 3952 1
13611 16596 1
5009 8343 1
7201 5891 1
7890 7890 1
4038 15354 1
9707 5119 1
4691 56 1
23381 23381 1
500 2921 1
963 9324 1
28018 28018 1
1928 8127 1
1928 8119 1
21879 21879 1
5321 16221 1
12211 3977 1
12197 21652 1
1928 12976 1
1928 2605 1
6850 964 1
25726 2154 1
2565 2566 1
4724 2441 1
2566 2565 1
14137 8895 1
12197 3887 1
1567 9755 1
1928 526 1
12211 3975 1
6432 12443 1
33117 12711 1
17974 14815 1
17866 21540 1
5095 5057 1
12443 6432 1
3975 12211 1
574 3584 1
14094 14094 1
1743 14794 1
1743 507 1
3901 14877 1
5246 10600 1
8294 9764 1
16349 15085 1
16221 16202 1
7890 7890 1
5321 16202 1
35144 35144 1
9804 8455 1
28349 28349 1
28349 28349 1
3913 22719 1
10134 27634 1
1299 2892 1
21827 8921 1
13724 3563 1
1567 16302 1
17501 5406 1
12292 19943 1
13706 10724 1
146 21368 1
5295 4217 1
314 303 1
5362 21522 1
1567 4533 1
3899 3842 1
12421 17809 1
17583 17584 1
9291 17009 1
15962 7427 1
1722 503 1
1590 503 1
5802 5797 1
17392 1912 1
1743 14791 1
22815 22168 1
22815 22815 1
28018 28018 1
2967 556 1
17843 21984 1
9291 10329 1
18416 21008 1
9291 12178 1
9841 1217 1
3625 10813 1
18104 18104 1
9291 24357 1
14885 19469 1
9291 8617 1
9291 16734 1
2565 2566 1
3625 3608 1
9841 9836 1
3290 18802 1
18416 14135 1
5064 5043 1
10134 9829 1
18416 5555 1
13973 21018 1
4731 5048 1
14885 15577 1
9291 19469 1
1207 525 1
9841 5055 1
18416 7903 1
9841 5039 1
18416 4139 1
2512 1194 1
9291 11789 1
17268 17268 1
501 484 1
10045 19341 1
2850 2850 1
18416 18129 1
18104 10891 1
9841 12979 1
1194 1189 1
18416 4248 1
3430 3424 1
1899 69 1
7738 69 1
11661 69 1
17837 6432 1
717 7781 1
9841 22756 1
32418 25196 1
514 524 1
15522 15521 1
18416 14998 1
9291 13468 1
3778 3778 1
9291 6261 1
5041 5041 1
14521 21319 1
14961 15380 1
15380 14961 1
69 526 1
15380 14961 1
14885 14885 1
14134 8937 1
3161 17413 1
13724 3563 1
10179 10173 1
18104 18104 1
1928 1928 1
18104 18104 1
5565 689 1
5565 689 1
3975 12211 1
7820 7820 1
8397 1906 1
426 2930 1
1134 6143 1
7907 790 1
991 3806 1
5064 5064 1
5097 18966 1
69 7738 1
14706 14706 1
7901 5058 1
7576 5058 1
817 5058 1
3901 5119 1
14204 14206 1
14204 14206 1
17413 3161 1
6596 17036 1
17505 17505 1
10208 5554 1
2849 2851 1
9291 15324 1
5892 1225 1
18382 18382 1
28018 14371 1
4871 25989 1
94 101 1
14961 15380 1
17099 7320 1
1572 1573 1
19687 2329 1
7320 17099 1
7576 9826 1
20735 27651 1
4663 6310 1
4038 15354 1
9212 21481 1
16765 21481 1
2977 1440 1
7976 8548 1
10179 3012 1
14438 28291 1
4253 4248 1
7738 69 1
15380 14961 1
4253 4245 1
5435 12170 1
69 7738 1
5711 10067 1
8905 8901 1
10067 5711 1
10179 896 1
8899 7660 1
4253 4253 1
10179 896 1
27211 12760 1
12211 3975 1
15380 14961 1
8885 5428 1
7318 12441 1
17351 17351 1
18641 15565 1
3952 13495 1
14083 14083 1
17505 17505 1
14961 15380 1
3807 1718 1
6383 5077 1
5241 12742 1
17137 17137 1
8397 10888 1
25200 25870 1
23189 3595 1
10208 5554 1
9655 5363 1
13736 11229 1
501 6760 1
23635 23635 1
21597 12630 1
3270 3272 1
10542 5800 1
10542 5800 1
2967 13853 1
12421 12441 1
13866 9016 1
12421 6777 1
9016 13866 1
9016 13866 1
15327 15327 1
1070 1071 1
792 18458 1
14961 9704 1
13866 9016 1
9798 26340 1
9016 13866 1
15380 14961 1
16589 16589 1
9191 9188 1
146 150 1
10542 5800 1
107 2919 1
10179 896 1
17501 2412 1
12968 18473 1
5788 5867 1
617 790 1
8609 8937 1
8899 8895 1
17501 18572 1
33339 20921 1
107 21018 1
4729 4729 1
14295 14295 1
33152 33152 1
10179 10173 1
3887 7511 1
10179 896 1
9841 5094 1
13780 22990 1
6596 7163 1
16302 6062 1
18146 7998 1
14220 14211 1
17137 14211 1
5333 5333 1
3492 12062 1
27211 5532 1
7576 5058 1
7576 5058 1
15228 8609 1
1070 1071 1
1070 1071 1
13736 11229 1
591 4433 1
7320 12397 1
1070 1071 1
4446 22090 1
13108 9760 1
14499 1374 1
887 893 1
3607 3589 1
887 893 1
12 15627 1
12968 18473 1
2587 14547 1
12968 12968 1
6596 17036 1
3975 3977 1
8405 12968 1
3153 6031 1
12968 18473 1
3494 4745 1
9476 2804 1
501 484 1
10600 4288 1
5452 3989 1
3530 7439 1
7159 13071 1
8729 496 1
7574 7574 1
10600 1181 1
958 962 1
5118 15565 1
7159 14127 1
3327 3327 1
5565 689 1
10576 33193 1
14220 14211 1
17137 14211 1
10600 15911 1
27211 5532 1
21157 21157 1
7321 31414 1
12924 12925 1
9476 2804 1
1070 1071 1
4446 20925 1
8200 6095 1
1194 1189 1
14835 4239 1
18674 18674 1
1070 1071 1
5246 6098 1
1070 1071 1
9703 9703 1
1215 7996 1
14131 2690 1
9808 9808 1
12421 24076 1
1070 1071 1
4731 5046 1
1194 21131 1
792 18458 1
9220 10888 1
5428 3595 1
3328 3327 1
8885 8885 1
12108 15792 1
2496 5318 1
617 5867 1
28349 28349 1
6095 8200 1
4729 4742 1
5803 852 1
3533 17038 1
964 1560 1
4729 13862 1
887 899 1
9992 9988 1
9992 9988 1
8751 8087 1
7329 18903 1
24076 12421 1
18903 7329 1
7329 18903 1
8594 8407 1
18903 7329 1
7329 18903 1
4038 15354 1
3913 3913 1
24537 17910 1
23189 4895 1
18802 3290 1
7022 7022 1
13904 13903 1
18641 8885 1
16765 21481 1
4271 285 1
8885 18641 1
688 13905 1
16221 5618 1
1878 622 1
1878 622 1
13605 5583 1
4029 4030 1
28018 14371 1
5620 8609 1
8119 8126 1
8609 5620 1
8554 14618 1
16155 25199 1
8899 7660 1
8885 5428 1
4729 14544 1
3978 10225 1
3493 3493 1
28668 11016 1
4729 4729 1
8885 8885 1
1189 1989 1
3901 5119 1
8458 4693 1
17348 13132 1
3494 14477 1
8899 10098 1
8560 10103 1
2967 10098 1
3978 877 1
3978 7314 1
14209 23387 1
12108 8504 1
2964 10176 1
17351 23895 1
6744 1217 1
7976 8937 1
7530 7530 1
3978 14994 1
3978 9768 1
24585 12065 1
17501 5406 1
8899 7660 1
8560 11229 1
15857 23387 1
501 6760 1
1125 1587 1
1180 3075 1
3494 14477 1
6744 15573 1
6744 9801 1
5620 8609 1
6744 14874 1
10067 5711 1
7890 7890 1
7890 7890 1
11055 11055 1
5118 15565 1
5118 15565 1
1070 1071 1
17843 17843 1
17888 11451 1
3573 4032 1
15380 14961 1
6744 9841 1
1972 1964 1
23381 23381 1
18793 17588 1
303 308 1
14520 8345 1
18146 7998 1
6720 7998 1
5428 5428 1
6744 14881 1
2320 315 1
9757 3533 1
6720 1565 1
5217 964 1
7576 5058 1
3161 3159 1
27211 5532 1
4138 716 1
964 5217 1
7320 17099 1
7907 790 1
9757 9753 1
5988 7970 1
4776 4679 1
5118 15565 1
9194 17392 1
17348 13132 1
1070 1071 1
6720 1565 1
12968 785 1
5241 6510 1
6720 7998 1
6720 1565 1
1194 21131 1
12968 5043 1
7890 14966 1
1624 13435 1
15571 14874 1
14874 14874 1
7118 17207 1
8885 8885 1
8885 8885 1
3913 22719 1
8885 8885 1
10650 12760 1
4032 3573 1
8397 8397 1
10814 69 1
3607 3589 1
21248 2930 1
7442 7403 1
3596 15565 1
8885 8885 1
7442 9119 1
146 608 1
8885 8885 1
28815 21091 1
4604 7660 1
918 21383 1
303 303 1
8885 8885 1
5444 15239 1
1154 1154 1
32349 32349 1
3128 3131 1
8198 12805 1
18480 12440 1
5428 3595 1
18900 1564 1
2967 2035 1
8885 8885 1
3596 15565 1
17137 14211 1
12968 1924 1
7530 14877 1
21478 6418 1
1964 1972 1
8885 7903 1
17137 17137 1
4959 4961 1
886 14864 1
9215 11785 1
2758 1181 1
21643 7516 1
1722 503 1
8199 6096 1
14134 8937 1
16144 9401 1
886 880 1
6097 9983 1
6097 9983 1
4871 4690 1
886 887 1
22876 18418 1
886 893 1
22876 14994 1
14131 2690 1
33245 17734 1
17635 31414 1
9510 213 1
7162 4737 1
13736 6970 1
5430 5410 1
14885 8127 1
12979 5090 1
23188 4895 1
12979 8114 1
12979 10888 1
8127 8127 1
14070 14070 1
4476 4476 1
1169 1181 1
12979 9841 1
7329 18903 1
3852 716 1
1441 12061 1
17469 15891 1
886 888 1
12178 24357 1
13866 9016 1
12979 14881 1
22815 22815 1
5430 5434 1
3852 6667 1
17392 9194 1
6754 19792 1
3852 2780 1
18418 22876 1
10022 13374 1
18791 2321 1
8899 7660 1
509 99 1
21588 1181 1
8127 8119 1
19162 21588 1
3913 3913 1
21588 1181 1
21588 1181 1
21588 1181 1
21588 1181 1
29550 29550 1
15233 7903 1
1966 170 1
1974 1971 1
7996 7996 1
14702 1921 1
1974 99 1
8751 8835 1
1974 1964 1
5802 5797 1
1974 1969 1
15380 14961 1
7209 6777 1
10064 10064 1
7576 9826 1
12968 6261 1
7890 7890 1
7890 7890 1
35548 20822 1
5064 5064 1
14961 15380 1
13706 10724 1
14209 14208 1
35547 22623 1
717 5890 1
18104 10891 1
964 11503 1
13999 13284 1
17635 8461 1
18903 7329 1
7209 2695 1
6097 3968 1
7978 2695 1
500 15615 1
7209 17820 1
3913 22719 1
8602 3457 1
3430 3424 1
14204 5397 1
511 100 1
1974 4701 1
100 511 1
7530 14877 1
3901 14877 1
8751 8087 1
5591 4721 1
961 958 1
7004 4030 1
3492 12062 1
9855 5034 1
13706 10724 1
7576 9830 1
17843 21984 1
10431 10724 1
14134 8937 1
14069 14069 1
13495 5173 1
1974 3380 1
14070 14070 1
13578 2289 1
14069 21719 1
17911 17911 1
7004 7004 1
29711 3778 1
8258 8506 1
15615 500 1
501 484 1
32349 32349 1
12968 6261 1
23266 23818 1
37471 37471 1
21428 11115 1
8885 8885 1
8899 7660 1
12968 8600 1
509 1189 1
15522 15521 1
12968 2605 1
12968 12976 1
12968 12976 1
3778 29711 1
9827 9830 1
17635 31414 1
17635 13374 1
17910 23387 1
15857 23387 1
15560 12641 1
8609 5620 1
1212 3901 1
12968 1907 1
17635 13672 1
8397 1906 1
8602 3457 1
4837 6922 1
12968 3374 1
15560 3007 1
5118 5118 1
8271 3380 1
236 236 1
10330 7055 1
12968 689 1
14127 18622 1
12108 8504 1
33339 20921 1
4692 6528 1
4732 21275 1
35248 35248 1
2756 6099 1
8397 5043 1
6116 5618 1
2977 23895 1
16221 5618 1
12424 13903 1
16221 22623 1
5118 9830 1
1379 1378 1
21715 9698 1
26469 22623 1
7576 9830 1
9850 9830 1
35547 22623 1
509 99 1
12968 8119 1
32349 32349 1
7530 14877 1
3901 14877 1
18146 6720 1
8033 21077 1
5917 1751 1
16447 21077 1
21687 21077 1
14706 2327 1
14211 5414 1
14961 15380 1
14961 15380 1
3609 7894 1
9469 15383 1
3985 14204 1
1430 17440 1
9285 9456 1
8127 689 1
15560 1158 1
12968 8114 1
7071 2322 1
18641 15565 1
5118 15565 1
7890 2322 1
10022 9239 1
16220 16202 1
8127 16518 1
23381 23381 1
16221 16202 1
7004 56 1
16359 16359 1
3901 5119 1
17099 7320 1
5039 5119 1
17657 17587 1
1722 1717 1
19803 8030 1
3290 18802 1
7320 17099 1
21157 1181 1
13705 5554 1
918 8378 1
10542 5800 1
6720 1565 1
13724 3563 1
15560 13713 1
12968 8182 1
12424 17835 1
958 961 1
8405 8127 1
15380 14961 1
4691 56 1
12911 5711 1
8397 10888 1
10022 10022 1
877 10022 1
12968 11789 1
8609 8591 1
20735 27651 1
15262 19494 1
8591 5620 1
14137 5620 1
12968 315 1
6432 12443 1
18104 18104 1
7976 6942 1
4271 14551 1
10650 27980 1
7892 5065 1
18404 25132 1
17479 7161 1
12968 13024 1
23818 23266 1
14204 9147 1
8380 4424 1
21157 6547 1
7004 4030 1
2512 4207 1
9798 9798 1
12443 6432 1
29711 3778 1
3901 14873 1
4533 14437 1
9220 14882 1
15380 14961 1
22815 22168 1
5118 5118 1
17635 7660 1
7654 7653 1
14961 15380 1
7004 2930 1
17137 17137 1
21157 10358 1
21588 19162 1
18104 18104 1
10330 7055 1
5118 15565 1
10650 12760 1
7329 18903 1
22623 26469 1
20252 4666 1
18903 7329 1
18903 7329 1
8885 8885 1
9137 6302 1
7329 18903 1
18903 7329 1
7329 18903 1
7999 1762 1
12968 12968 1
18234 7971 1
12061 1441 1
2967 556 1
18104 18104 1
9456 9285 1
5115 5090 1
1209 488 1
4207 2512 1
1209 2310 1
15325 13468 1
3076 449 1
1209 2311 1
14474 14474 1
12749 2311 1
1441 12061 1
1209 1209 1
9594 9590 1
5118 5118 1
2512 4207 1
1209 10098 1
18104 18104 1
6151 6739 1
1209 99 1
286 8197 1
7320 8402 1
2024 5042 1
8591 8609 1
5620 8609 1
5042 2024 1
8020 8024 1
16908 899 1
11 12 1
5042 2024 1
22815 22815 1
94 8413 1
2024 5042 1
146 150 1
146 150 1
12977 12977 1
3778 3778 1
5042 2024 1
12 11 1
18234 7971 1
2024 5042 1
21411 21412 1
5115 5090 1
8836 5054 1
5241 492 1
23603 21410 1
12749 14605 1
991 3806 1
5788 5867 1
22623 16221 1
794 26399 1
7957 26399 1
501 484 1
12664 4784 1
12435 23824 1
2998 3013 1
7443 712 1
8024 8020 1
8381 20671 1
7976 3476 1
8380 13121 1
5711 10067 1
3973 8461 1
21480 13048 1
617 790 1
10999 7055 1
8899 7660 1
8899 8904 1
3000 2996 1
8553 8549 1
1293 2696 1
21480 7195 1
8345 8343 1
7978 9423 1
17208 17208 1
17208 17208 1
4663 4027 1
10542 5800 1
6116 8087 1
8271 3380 1
8885 5428 1
7530 14877 1
3901 14877 1
10650 6735 1
13724 3563 1
8899 7660 1
5711 6854 1
12968 5043 1
8899 7660 1
10383 14797 1
10179 896 1
12435 12434 1
7576 7576 1
5802 5791 1
12666 9278 1
5241 492 1
5832 5832 1
14134 8937 1
15522 15521 1
5428 5060 1
10101 1181 1
15380 14961 1
1586 9534 1
6803 6448 1
8899 2034 1
17137 14211 1
17137 14211 1
5241 2026 1
8899 8904 1
3609 7894 1
1180 3075 1
7999 3007 1
688 13905 1
617 790 1
18900 1158 1
32698 23387 1
12435 14474 1
3973 3983 1
14474 12435 1
18419 4248 1
991 3806 1
5042 2024 1
2024 5042 1
4730 4744 1
5042 2024 1
5042 2024 1
6095 5253 1
991 3806 1
32418 25196 1
4238 4235 1
501 6760 1
2024 5042 1
4663 6310 1
15380 14961 1
14086 8181 1
1189 2035 1
39449 39449 1
15380 14961 1
5042 2024 1
10330 8181 1
8594 7908 1
5900 8731 1
9707 7908 1
3474 17623 1
3153 2074 1
10179 896 1
26469 9340 1
17208 17208 1
9310 5010 1
18791 18791 1
7055 10330 1
7530 14877 1
3901 14877 1
10542 1230 1
7004 7004 1
7892 14095 1
7203 8024 1
3153 6547 1
18948 2587 1
12115 12119 1
21530 21530 1
866 260 1
3153 6673 1
7055 8554 1
8621 18966 1
8397 1906 1
1080 1407 1
2967 13853 1
5428 8885 1
18164 18164 1
7004 4690 1
960 4892 1
3534 5318 1
8899 7660 1
8885 8885 1
17075 9753 1
5386 5377 1
6095 5253 1
6095 5256 1
15379 14785 1
8602 3457 1
1278 4523 1
3534 3531 1
5802 5791 1
5803 5797 1
5802 5797 1
146 21368 1
146 150 1
7530 3875 1
14134 8937 1
17048 9291 1
17048 313 1
1278 4615 1
4615 1278 1
25200 25870 1
12968 14785 1
991 3806 1
5386 5377 1
9984 14553 1
8085 8085 1
12968 429 1
11794 14942 1
13999 13284 1
991 3806 1
1409 56 1
24191 9698 1
9194 6164 1
14095 14882 1
886 14864 1
10101 1181 1
3534 1085 1
8899 7660 1
15120 12769 1
8899 7660 1
2320 315 1
12511 19687 1
22815 22168 1
6095 4744 1
20637 2742 1
591 4433 1
10813 10813 1
25196 32418 1
22623 16221 1
8145 17663 1
4259 12448 1
7004 4030 1
15085 16349 1
8899 2034 1
885 7118 1
10064 10064 1
36473 9186 1
16349 15085 1
3975 12211 1
3430 3430 1
27211 41896 1
14961 2195 1
14478 14472 1
14478 3471 1
15085 16349 1
7506 7506 1
10814 5119 1
2967 556 1
16349 15085 1
5791 5797 1
1080 1083 1
8885 8885 1
2195 14961 1
2195 14961 1
2967 556 1
962 958 1
1906 7072 1
1906 7072 1
1906 1901 1
3596 15565 1
28954 28954 1
5451 1901 1
2648 2648 1
12968 785 1
28381 29534 1
5295 2723 1
1176 1173 1
27211 27206 1
14070 14070 1
5356 10173 1
15067 7734 1
15085 16349 1
10492 7480 1
10492 7480 1
14961 15380 1
8289 20957 1
5218 5913 1
274 265 1
12968 12968 1
21643 12175 1
27211 5532 1
2502 1290 1
73 75 1
7530 3909 1
22815 22815 1
27211 45553 1
15380 14961 1
4935 5884 1
146 8857 1
13724 3563 1
27211 8858 1
12968 14785 1
146 150 1
25775 25775 1
25775 25775 1
9683 3560 1
6837 6837 1
6837 6837 1
6837 6837 1
8899 7660 1
1908 9215 1
10358 13121 1
22623 15120 1
534 4154 1
8380 13121 1
7004 4030 1
7004 4030 1
8397 8397 1
8505 8503 1
911 12438 1
1379 210 1
2192 272 1
8899 7660 1
2181 1426 1
16349 15085 1
1984 56 1
5360 12062 1
20 7275 1
12968 14785 1
274 265 1
958 962 1
17392 6152 1
15380 14961 1
5884 15047 1
2648 2648 1
12435 14474 1
1120 556 1
5042 2024 1
20 7275 1
12968 18473 1
37550 37550 1
24372 24372 1
9703 5032 1
8899 7660 1
5428 5106 1
9799 14068 1
2967 556 1
3901 14877 1
13738 12856 1
5591 5591 1
7530 14877 1
6164 12441 1
5791 5802 1
24431 4037 1
5900 5900 1
5900 5900 1
8292 19718 1
15085 16349 1
21962 21962 1
6720 1565 1
3451 2180 1
3413 4895 1
9801 7574 1
7202 18613 1
8899 7660 1
4331 4325 1
7323 888 1
2781 888 1
23635 23635 1
8380 13121 1
6095 5553 1
12749 2011 1
9799 9799 1
15327 15327 1
8505 8503 1
2024 5042 1
9801 310 1
17385 5318 1
3867 3867 1
1722 503 1
8380 13121 1
14965 14067 1
15577 13468 1
16349 15085 1
4295 2412 1
4615 5548 1
15981 622 1
440 622 1
15085 16349 1
1215 1984 1
6095 5253 1
15577 19469 1
7329 18903 1
18903 7329 1
8885 8885 1
20379 1782 1
15577 3908 1
5606 5606 1
8899 7660 1
10383 19371 1
15577 24357 1
17583 8084 1
317 317 1
2507 2516 1
1189 1194 1
9703 1989 1
8505 556 1
9799 11695 1
4794 5407 1
9191 18085 1
4794 4794 1
7203 8020 1
7050 3527 1
8594 8594 1
4554 13370 1
15577 15575 1
4794 15715 1
8397 1906 1
15577 14873 1
1906 8397 1
5620 8610 1
14752 14752 1
8594 15967 1
12968 5043 1
9799 4288 1
15577 14881 1
9841 5126 1
15577 15577 1
4510 4738 1
15577 9291 1
9801 23314 1
10383 14794 1
146 8857 1
4533 4870 1
911 14601 1
15327 15327 1
1207 15 1
1897 15 1
13374 9239 1
3901 15 1
6670 29345 1
676 9275 1
7203 8028 1
8885 14961 1
2195 14961 1
10383 14797 1
10045 4220 1
14478 14478 1
10383 507 1
14961 3916 1
15715 4794 1
8118 12976 1
8118 8114 1
15962 12760 1
9703 8233 1
10030 9313 1
5095 429 1
2967 2035 1
8118 12968 1
23381 23381 1
1412 5320 1
274 26488 1
5565 22668 1
792 8731 1
5900 8731 1
1906 7507 1
22623 16221 1
11794 5108 1
16359 6097 1
8899 7660 1
14965 14965 1
10179 10173 1
12065 12062 1
12248 8621 1
14137 5620 1
8609 5620 1
1984 511 1
9215 11785 1
1437 4139 1
20637 21614 1
7312 13688 1
13635 13665 1
8411 3901 1
16221 22623 1
8899 10098 1
10030 5800 1
5009 8343 1
9992 8343 1
20637 3252 1
8292 12294 1
4533 4870 1
4837 5758 1
668 3159 1
9940 12148 1
14069 1901 1
4794 15715 1
14961 15380 1
4740 7904 1
9940 3606 1
2264 8512 1
6720 1565 1
6720 1385 1
22427 22427 1
15120 22623 1
12761 12769 1
7052 1899 1
8118 8118 1
7530 14872 1
1441 17855 1
14961 2195 1
6789 6790 1
8776 898 1
8776 898 1
3867 14095 1
22623 15120 1
6720 1565 1
18146 6720 1
6720 1565 1
6720 1565 1
17392 6152 1
5802 5791 1
19162 21588 1
3159 668 1
4465 4465 1
15328 15328 1
9940 8594 1
2195 14961 1
4669 2571 1
4669 2571 1
11797 27634 1
1983 15 1
33873 5108 1
2571 4669 1
21157 7298 1
4692 15251 1
14134 21071 1
7196 6049 1
2200 35281 1
591 4433 1
146 13732 1
7124 7124 1
10179 10173 1
8397 1906 1
7196 13686 1
2195 14961 1
1899 1898 1
7312 8558 1
16513 12510 1
7196 6968 1
20637 3252 1
5042 17436 1
5042 17436 1
15380 14961 1
17843 21984 1
1964 1971 1
146 507 1
2781 888 1
7890 689 1
1984 3253 1
7530 3875 1
21715 12294 1
9213 5119 1
15120 12769 1
15120 12769 1
1984 56 1
10432 7122 1
1906 1901 1
7312 11229 1
15327 15327 1
2241 5993 1
1212 9215 1
19401 8073 1
12095 1838 1
12096 1838 1
10030 10538 1
4049 4054 1
154 5181 1
5438 20844 1
30 3977 1
1643 1646 1
12108 8504 1
7045 6581 1
1439 3821 1
94 4895 1
12977 12977 1
9220 10888 1
4472 4473 1
8594 9940 1
6334 4183 1
9291 15324 1
15359 19293 1
735 735 1
4038 4038 1
20919 20919 1
991 3806 1
12977 12977 1
25983 27153 1
17975 14815 1
15380 14961 1
2195 14961 1
12977 10808 1
9215 315 1
18384 18384 1
5428 5106 1
13320 13320 1
991 5738 1
8591 8592 1
15359 15358 1
3371 20953 1
3371 20953 1
212 211 1
3371 3371 1
21411 6334 1
8591 8592 1
18622 14601 1
7530 14877 1
7530 14877 1
3901 14877 1
6807 17866 1
14969 14961 1
12179 5013 1
10064 7819 1
8201 6095 1
10101 12066 1
14095 14095 1
16202 16202 1
4533 17843 1
4026 12060 1
14969 15380 1
14134 8937 1
18311 22542 1
16630 16630 1
14204 5397 1
14069 21719 1
8505 13716 1
1722 1717 1
15380 14961 1
14712 14715 1
7435 5883 1
12179 5441 1
12179 2298 1
17910 17910 1
73 78 1
63122 17587 1
4026 12061 1
718 2552 1
7209 19308 1
10179 10173 1
8380 6406 1
5281 12638 1
4679 4964 1
5039 15565 1
6097 9983 1
8375 21071 1
13465 13466 1
1984 56 1
527 1782 1
7999 1762 1
5039 15573 1
4026 21652 1
14743 6248 1
4266 4269 1
12 11 1
5281 8561 1
3371 4819 1
2661 2660 1
14961 15380 1
3701 5075 1
1722 1717 1
5054 8919 1
12977 7512 1
5434 23970 1
9802 9802 1
14133 2921 1
500 2921 1
18873 5868 1
15573 5039 1
18873 5711 1
18404 1782 1
895 5993 1
10064 10064 1
1080 1407 1
4819 3371 1
26214 26214 1
4962 4614 1
5386 5377 1
15380 14961 1
8380 13121 1
8558 7312 1
29550 13652 1
21717 13652 1
9799 14068 1
11160 9539 1
5868 18873 1
5039 1918 1
5386 12631 1
5039 9841 1
4269 4266 1
8541 2290 1
8458 17168 1
10997 6649 1
5039 5119 1
3077 14310 1
5039 5039 1
7576 7576 1
6028 12444 1
7506 7506 1
5438 5443 1
1412 5317 1
10997 17096 1
17818 13674 1
4533 14437 1
1722 503 1
5039 10329 1
27211 5532 1
5039 5423 1
5039 14873 1
5039 5417 1
8558 7972 1
8558 7972 1
1533 3254 1
