3290 3827 1
20650 1878 1
8137 8124 1
7118 17206 1
94 94 1
23880 12767 1
6028 1046 1
1209 1189 1
3247 4668 1
8380 13121 1
4699 5116 1
7576 7067 1
10386 3457 1
9827 7067 1
2967 556 1
2967 556 1
10997 17100 1
28719 28685 1
10889 15235 1
13374 9239 1
9841 5039 1
18640 15047 1
4077 915 1
6116 8087 1
36473 9186 1
7320 12397 1
10889 5419 1
2964 5661 1
9802 16514 1
12746 12746 1
5118 5118 1
11055 11055 1
15085 16349 1
2566 2565 1
21643 12175 1
5097 5030 1
1412 5320 1
4026 21651 1
16349 15085 1
1984 56 1
12749 6591 1
1906 1901 1
1412 5317 1
3704 8233 1
1070 1071 1
21428 11115 1
1949 1913 1
3413 14882 1
617 616 1
7053 24422 1
1725 27172 1
3077 14310 1
3415 3415 1
6720 1565 1
7058 7058 1
895 5993 1
8397 10888 1
24111 13907 1
20309 10127 1
6146 12438 1
911 12438 1
2569 14194 1
18873 5868 1
1722 503 1
1194 21131 1
6146 2780 1
4663 6310 1
1194 1189 1
20193 17036 1
6789 6790 1
28668 28668 1
10542 10541 1
17819 6591 1
24431 4037 1
7576 9826 1
18900 4070 1
8505 8503 1
15380 14961 1
4891 960 1
20054 8392 1
5308 5307 1
8758 16668 1
17392 5056 1
7996 7996 1
1180 3075 1
13926 13926 1
16127 16127 1
28719 20662 1
1437 1437 1
10045 4220 1
16668 13915 1
4038 15354 1
21827 22901 1
1412 1435 1
911 12438 1
8598 8616 1
3490 3471 1
8598 8616 1
617 616 1
5252 25602 1
14134 14136 1
9703 9703 1
960 4891 1
9137 15303 1
7999 1762 1
22045 3454 1
7201 9593 1
3454 22045 1
12435 22950 1
21715 21715 1
8397 11538 1
7522 30358 1
7053 24422 1
7055 10889 1
7427 21368 1
17663 17582 1
910 888 1
2299 2297 1
7427 13972 1
18404 13972 1
8553 20309 1
3531 3530 1
2970 2969 1
1563 20309 1
24111 13906 1
6060 249 1
1184 10807 1
4891 536 1
14965 14067 1
6840 5204 1
20560 5204 1
617 790 1
9990 556 1
10127 20309 1
9990 14549 1
9593 7201 1
5118 5118 1
1624 12397 1
3008 2259 1
8553 10127 1
1639 6 1
18641 15565 1
1437 1441 1
5666 5666 1
5118 15565 1
3159 4483 1
37852 37852 1
18641 15565 1
14134 8937 1
2964 10176 1
10101 1181 1
8621 8182 1
8591 8591 1
16220 16202 1
8885 8885 1
6840 6840 1
6840 6840 1
23402 12176 1
4679 4649 1
6840 17727 1
6840 2834 1
2193 9212 1
3173 2661 1
8591 8592 1
15982 15982 1
17911 17911 1
17911 17911 1
617 790 1
8591 8592 1
6661 2695 1
8381 16290 1
21863 5800 1
8397 5060 1
617 616 1
7323 888 1
6840 6842 1
3895 2298 1
20251 4666 1
7202 18613 1
6840 6254 1
895 2241 1
3173 5917 1
6097 9983 1
21863 10538 1
3451 2267 1
617 617 1
3903 3842 1
15577 15577 1
8137 8124 1
10127 21955 1
1189 488 1
16346 16346 1
5386 12631 1
34124 22534 1
6840 6447 1
12146 8931 1
13665 8374 1
21827 13855 1
8594 2154 1
24585 4220 1
178 9 1
1209 150 1
12146 2038 1
21827 22901 1
146 482 1
13706 1298 1
12146 12148 1
12176 14067 1
15962 8858 1
13978 502 1
12146 2298 1
501 484 1
8286 297 1
2299 2297 1
910 1156 1
910 888 1
16359 2523 1
3852 8087 1
3736 7055 1
5900 5900 1
14095 14218 1
3483 1622 1
5900 5900 1
5039 5039 1
12146 10882 1
2967 1158 1
5097 8074 1
10870 10870 1
14832 2320 1
20309 10127 1
7323 888 1
1915 1594 1
8885 5428 1
28719 28685 1
18836 7155 1
28719 28719 1
2299 2297 1
1949 20587 1
23409 3433 1
13323 15894 1
3371 3371 1
5246 15047 1
17268 15047 1
18640 15047 1
5619 15047 1
5884 15047 1
17841 4918 1
3778 3778 1
5097 8074 1
14127 1840 1
5428 8885 1
8594 2154 1
24113 8382 1
1512 452 1
1964 1971 1
14127 14603 1
624 1838 1
5754 1086 1
14086 789 1
8381 8383 1
14127 2571 1
14743 6248 1
13706 1298 1
13665 6418 1
20251 4666 1
2299 2297 1
6095 4742 1
5386 5759 1
14127 7159 1
6670 6099 1
6288 4024 1
3704 11681 1
5076 4585 1
14086 11607 1
5788 5867 1
15359 15358 1
6702 14925 1
5626 4581 1
8542 10098 1
15380 14961 1
7053 24422 1
1907 14961 1
13914 13914 1
24111 21827 1
4052 964 1
1626 14703 1
2109 783 1
8292 8073 1
1626 14703 1
5386 8373 1
783 2109 1
18933 2769 1
2299 2297 1
10256 1217 1
4699 10888 1
7996 7996 1
961 958 1
14961 2195 1
20251 17100 1
15380 14961 1
2195 14961 1
2195 14961 1
17206 7118 1
5354 5354 1
15399 15399 1
10179 896 1
3540 8294 1
9984 8294 1
8373 5386 1
2551 4503 1
37868 37868 1
885 7118 1
14961 1907 1
14127 7118 1
2967 556 1
3328 3328 1
5428 3595 1
17843 21984 1
18641 3712 1
1906 1901 1
17843 21984 1
14478 14472 1
18291 17205 1
12439 8315 1
6146 6661 1
8591 8592 1
3430 3424 1
1899 1898 1
1070 1071 1
21717 13652 1
8397 8397 1
24382 7984 1
8598 5117 1
13605 21204 1
1907 14961 1
1899 449 1
13706 10724 1
17540 5916 1
8885 11538 1
4660 2571 1
3537 3537 1
8612 11538 1
18641 15563 1
2195 14961 1
15380 14961 1
7217 20193 1
7976 6942 1
405 8841 1
10337 15563 1
13108 892 1
9936 9939 1
10179 896 1
3627 11538 1
1189 1922 1
4237 4248 1
9593 8071 1
7201 8071 1
6097 3968 1
10045 4220 1
34372 25775 1
28719 28685 1
14961 15380 1
10542 5800 1
16202 16220 1
12974 12974 1
1899 449 1
15948 17205 1
32418 25196 1
25196 32418 1
4747 4744 1
5438 1913 1
8401 101 1
8401 7892 1
1984 56 1
9088 16248 1
7976 6942 1
5438 8455 1
8401 779 1
15962 8857 1
10179 5237 1
10179 5250 1
12664 7020 1
11786 5100 1
20637 21614 1
14864 888 1
5438 9215 1
8401 577 1
5438 3374 1
8071 9593 1
4237 265 1
17890 14997 1
527 11230 1
10179 896 1
5438 5419 1
20309 1563 1
6262 7511 1
17540 2589 1
15715 15434 1
5438 9089 1
5438 8600 1
12788 2584 1
8401 8620 1
12435 12433 1
5009 8343 1
789 14084 1
236 2662 1
22924 2183 1
14069 11788 1
5438 8118 1
3363 3363 1
2260 2259 1
789 7051 1
789 8123 1
5438 12981 1
12788 5038 1
7522 30358 1
8401 432 1
789 432 1
5438 10806 1
789 3606 1
5438 8114 1
789 785 1
10179 14310 1
5438 27845 1
1878 20650 1
17764 36561 1
1080 494 1
8885 17097 1
792 18458 1
17666 8383 1
8885 11538 1
4138 1297 1
11055 11055 1
2964 5661 1
726 526 1
74 2690 1
1084 1085 1
10179 897 1
7890 7890 1
16224 16202 1
789 5100 1
9769 14994 1
5438 3986 1
19341 10045 1
3494 1046 1
5438 532 1
17605 6962 1
412 407 1
412 407 1
5438 5443 1
13812 17442 1
16327 5867 1
6158 1182 1
21717 13652 1
4529 5549 1
5438 8634 1
5619 1626 1
8401 8413 1
789 8413 1
3430 12441 1
10027 10027 1
8401 8406 1
15075 7984 1
10806 5438 1
8118 5438 1
8612 11538 1
1189 150 1
789 3609 1
8005 7431 1
5687 3131 1
1563 20309 1
4237 4245 1
5438 315 1
789 7901 1
10127 20309 1
5438 12968 1
7890 5039 1
9769 22876 1
5438 5065 1
13706 4696 1
5097 5030 1
7530 14877 1
22623 16221 1
5438 307 1
9476 2804 1
3901 14877 1
7999 1762 1
35824 31984 1
1688 1688 1
3290 3827 1
16993 6028 1
6850 964 1
9191 9188 1
16221 15120 1
3533 295 1
13706 1298 1
3416 5117 1
7999 3007 1
3778 3778 1
14083 7529 1
15175 17009 1
9400 14163 1
2568 6402 1
3778 3778 1
8899 10098 1
2977 8737 1
6844 6429 1
16327 5867 1
15120 22623 1
2831 3237 1
7999 7272 1
9469 15383 1
22623 15120 1
9016 13866 1
19690 19690 1
11324 11324 1
9400 14163 1
6114 577 1
16327 5867 1
1566 8503 1
1189 150 1
5245 4520 1
9561 10182 1
8885 8885 1
5438 8114 1
146 150 1
7004 4030 1
7004 4030 1
18404 146 1
533 1970 1
2387 2387 1
1437 8028 1
8020 8028 1
7530 14877 1
146 2290 1
9191 1041 1
6402 2568 1
18086 21091 1
17009 1046 1
10101 1181 1
5241 2026 1
10101 12066 1
12435 12434 1
4038 4038 1
991 991 1
8899 7660 1
8899 7660 1
25522 19689 1
25522 19689 1
10179 896 1
8546 20183 1
3895 12151 1
12435 14474 1
3887 12151 1
3077 1565 1
14969 5118 1
6661 9592 1
3486 8735 1
9291 17009 1
3465 2930 1
17116 6334 1
3736 7055 1
4663 4663 1
6850 14935 1
20735 27651 1
7142 4551 1
415 8087 1
37885 33649 1
3463 3475 1
5900 5900 1
2934 2934 1
13374 879 1
14276 14117 1
3904 4291 1
20193 18900 1
236 236 1
7329 18903 1
8342 8343 1
2194 17205 1
14207 5397 1
20637 3252 1
4032 4033 1
11690 13359 1
14204 5397 1
27630 27630 1
27630 27630 1
7320 24210 1
20904 24210 1
16221 15120 1
11794 3615 1
14276 23387 1
1437 1441 1
7325 7325 1
18188 14520 1
9152 12645 1
21000 4240 1
20637 2742 1
22623 16221 1
786 13864 1
12974 1920 1
12610 608 1
7202 18613 1
5097 5060 1
5866 1990 1
1194 1189 1
1983 1207 1
14276 14208 1
13374 879 1
10728 10069 1
1189 1194 1
13056 9704 1
9684 21955 1
8316 5216 1
8591 5620 1
910 888 1
8345 14520 1
10487 14276 1
14520 18188 1
7530 14877 1
7530 14877 1
15522 15521 1
18086 25989 1
23602 9369 1
6114 577 1
4966 4966 1
7996 7996 1
22521 21984 1
9804 8455 1
32418 1926 1
25196 1926 1
18086 21091 1
18188 14520 1
6114 16791 1
7657 9423 1
12977 7066 1
14520 6099 1
18431 17973 1
7196 5078 1
14520 18188 1
8316 5216 1
9796 3606 1
2932 2943 1
4505 4505 1
4693 1793 1
18086 12013 1
8594 8593 1
10890 11789 1
35824 31984 1
10890 3615 1
3419 3428 1
10890 5090 1
15327 15327 1
17843 21984 1
16144 14997 1
17893 13034 1
7530 14877 1
9802 9802 1
17392 17392 1
9796 9801 1
617 790 1
19165 19165 1
13706 1298 1
617 5867 1
17504 16553 1
6114 78 1
8147 14836 1
94 518 1
3620 5099 1
94 6261 1
9191 2589 1
94 7043 1
33350 33350 1
28349 28349 1
22890 24422 1
9191 21319 1
14134 8937 1
94 103 1
94 794 1
94 432 1
24356 8124 1
5660 785 1
94 785 1
991 478 1
5660 5057 1
16221 15120 1
94 513 1
94 8400 1
17392 6152 1
94 8401 1
94 5030 1
94 541 1
5660 3168 1
2200 35281 1
24356 8119 1
94 779 1
14521 20231 1
94 8413 1
94 123 1
94 56 1
94 56 1
94 7907 1
7427 13972 1
94 583 1
8885 14882 1
12176 530 1
1441 1181 1
94 1757 1
9942 1973 1
26795 28212 1
617 616 1
2934 1626 1
94 101 1
94 105 1
6288 10542 1
7568 20587 1
14722 2976 1
5660 3873 1
94 428 1
10806 12176 1
5660 5119 1
5660 14082 1
7004 4030 1
35482 13653 1
1984 1984 1
14858 2256 1
21827 8921 1
20309 10127 1
16144 14997 1
31260 31260 1
9801 9796 1
1207 1983 1
8380 13121 1
7574 9796 1
4533 6510 1
22521 13685 1
14478 14480 1
1984 56 1
17477 17477 1
2194 17205 1
35482 8148 1
688 13905 1
20942 7044 1
12176 10806 1
7159 14127 1
4179 22972 1
25726 2154 1
2551 4503 1
21713 4271 1
14478 14480 1
8560 6939 1
15522 15521 1
3454 22006 1
8557 6939 1
1626 2934 1
14416 6298 1
12968 18473 1
789 805 1
37333 21286 1
1441 12061 1
22623 16221 1
1154 1154 1
6383 7511 1
910 260 1
29550 13652 1
789 8181 1
8397 5043 1
14094 3609 1
22201 10605 1
1563 1570 1
8542 1570 1
3454 16885 1
7329 18903 1
37885 33649 1
22481 6149 1
1563 13861 1
1563 13466 1
18903 7329 1
14635 15933 1
1563 3430 1
7329 18903 1
29890 23314 1
717 1357 1
10391 9801 1
2033 2030 1
1563 10099 1
8542 10099 1
22623 15120 1
991 991 1
7441 13359 1
3627 11785 1
991 3806 1
7203 8024 1
12435 14474 1
1437 510 1
14220 10468 1
1568 2697 1
25983 11372 1
178 9 1
24461 15354 1
1209 7433 1
1568 4734 1
668 3159 1
910 260 1
16202 5256 1
964 1559 1
21827 8921 1
14134 8937 1
9310 5010 1
964 492 1
16446 4785 1
14635 13918 1
15399 19104 1
5101 8399 1
1983 1207 1
33228 33228 1
15399 19104 1
2063 21571 1
887 893 1
22588 15175 1
31414 7321 1
17843 21984 1
9942 1973 1
9942 12397 1
8550 13866 1
14478 14472 1
4836 5020 1
1209 2076 1
717 5890 1
14134 8937 1
14127 7159 1
5788 7819 1
26795 4745 1
18234 7971 1
8505 8503 1
15120 22623 1
2569 7433 1
1906 8397 1
9703 9703 1
7506 7506 1
18431 18431 1
2943 75 1
12974 12974 1
21234 12006 1
8505 556 1
14069 14069 1
15380 14961 1
6673 18104 1
8505 4782 1
7530 3908 1
18188 14520 1
3620 8127 1
1180 3075 1
10469 21410 1
18104 18104 1
1906 1901 1
26795 4747 1
14520 18188 1
5033 9829 1
26795 4746 1
4747 26795 1
3620 9704 1
8899 7660 1
9992 9988 1
500 2921 1
12749 8026 1
9366 21000 1
3620 3608 1
500 17809 1
26795 4745 1
30855 29399 1
26795 4734 1
8505 12431 1
500 489 1
20630 20630 1
3404 897 1
26795 4744 1
9942 12397 1
500 1448 1
14806 15520 1
9194 6164 1
3620 3615 1
5241 2026 1
18448 10435 1
12749 14605 1
10179 14196 1
3620 5099 1
991 3806 1
441 15737 1
2830 6516 1
1720 9324 1
500 2697 1
3493 18382 1
14069 11788 1
8885 11538 1
4271 8024 1
25775 32584 1
1084 6297 1
14618 13292 1
7427 810 1
107 2919 1
9220 10888 1
5566 22534 1
500 9277 1
1180 1176 1
25200 25870 1
1209 150 1
12968 429 1
7976 8322 1
6097 9983 1
3620 11786 1
20637 21614 1
2569 14605 1
16768 17492 1
7530 12148 1
7530 7530 1
8505 8504 1
5434 23970 1
2964 10176 1
23895 17351 1
5362 9995 1
7530 3901 1
7329 18903 1
4742 4744 1
30855 32165 1
2073 1194 1
8322 7976 1
1694 1694 1
5214 6968 1
1720 9324 1
3978 14994 1
4742 8089 1
3807 3807 1
9943 14994 1
7530 14872 1
4742 5253 1
18900 20193 1
4742 6098 1
1299 5280 1
729 1287 1
991 991 1
23970 23970 1
10103 19459 1
7142 4551 1
8118 5096 1
3867 14095 1
3913 5428 1
12450 12307 1
12450 3173 1
14277 14208 1
12450 12448 1
8899 7660 1
17351 23895 1
24111 13907 1
15048 2024 1
21827 8921 1
1984 56 1
7530 14877 1
2024 15048 1
3483 1622 1
23917 23602 1
1720 9324 1
1720 9324 1
1720 9324 1
12450 3403 1
22815 22815 1
7530 3875 1
15048 2024 1
27211 5532 1
7976 8322 1
9191 18085 1
14095 14218 1
14095 14218 1
3704 11498 1
5180 11498 1
20054 19459 1
20054 6351 1
3778 3778 1
2935 1532 1
3704 5181 1
5180 5181 1
21217 9430 1
8373 15615 1
441 150 1
13999 13284 1
15262 19494 1
3451 8602 1
9368 6912 1
8397 5043 1
7530 6262 1
7530 1907 1
14474 3010 1
19165 19165 1
8560 6939 1
6366 7979 1
8508 7979 1
5064 5064 1
9220 10888 1
964 1559 1
12450 2661 1
4207 2512 1
2260 12804 1
1906 8397 1
918 8378 1
26322 8378 1
10095 10099 1
9946 9940 1
9844 9831 1
8602 3451 1
15262 15262 1
412 12826 1
8322 7976 1
236 2662 1
11798 6152 1
236 2662 1
26315 3252 1
10027 10027 1
10027 10027 1
10064 10064 1
5386 5377 1
17413 5377 1
13737 14133 1
8342 9745 1
13303 10045 1
8199 9941 1
3493 21215 1
2551 4503 1
8748 8399 1
16144 14996 1
8602 3451 1
4615 5548 1
5118 5118 1
12973 13004 1
7206 12927 1
12511 2930 1
3490 3252 1
8729 500 1
412 2697 1
12974 12974 1
9193 13004 1
10101 1181 1
10103 6351 1
12974 1920 1
15715 15434 1
4959 4961 1
30087 9944 1
10336 10336 1
2967 1158 1
412 407 1
1084 1713 1
8885 14961 1
8885 14882 1
20637 3252 1
12974 12974 1
1209 150 1
13706 7662 1
1209 150 1
10095 7035 1
3454 22006 1
991 3806 1
14961 8885 1
9476 8699 1
1409 2071 1
33178 33178 1
717 5890 1
8899 7660 1
8148 17734 1
24111 13906 1
3290 3824 1
14961 3916 1
94 7043 1
8397 11785 1
2320 315 1
8375 18038 1
8885 8630 1
8885 8594 1
5402 17883 1
14961 7576 1
17434 13121 1
8885 15565 1
8885 6262 1
15932 17657 1
15932 5256 1
885 7118 1
918 8378 1
10487 14211 1
14275 14276 1
8885 10677 1
8885 7898 1
8885 5065 1
8885 5053 1
8885 3704 1
9368 7883 1
2571 14163 1
7272 14163 1
18641 18640 1
14961 1907 1
9798 15294 1
9798 15294 1
1906 8397 1
11786 8397 1
23818 23266 1
3537 1907 1
19502 1907 1
8885 14087 1
5241 2026 1
14835 4239 1
5386 5377 1
14961 15380 1
12688 7516 1
887 893 1
1718 9948 1
3537 9213 1
30498 6333 1
8885 5107 1
410 413 1
8119 8608 1
1906 8608 1
3913 22719 1
5431 5429 1
19342 19342 1
19108 2038 1
17680 3748 1
8885 2154 1
6596 17036 1
5101 5057 1
410 1515 1
14118 10136 1
535 7034 1
8397 12147 1
9368 6912 1
20630 20630 1
3736 7055 1
309 3904 1
1915 1915 1
5431 20756 1
7055 3736 1
5428 3595 1
17099 7320 1
8885 2321 1
911 6912 1
309 2321 1
309 1990 1
5803 852 1
2723 5295 1
15577 5055 1
8885 5428 1
22815 22815 1
19502 19502 1
4554 13360 1
4554 4547 1
1840 10044 1
6661 2780 1
7004 4030 1
18640 18641 1
8397 11538 1
2583 6510 1
2583 6510 1
39794 25775 1
13915 4739 1
5118 5118 1
13468 8395 1
13468 9147 1
910 888 1
884 887 1
12412 3403 1
17392 6152 1
25775 39794 1
13468 15577 1
39794 25775 1
2934 1226 1
26803 17734 1
26803 17734 1
2020 613 1
13468 19754 1
23188 23188 1
4554 2962 1
15577 5055 1
8899 7660 1
1906 8608 1
7004 7004 1
13468 9291 1
37333 21286 1
4211 2963 1
146 482 1
8899 7660 1
4703 12148 1
17413 18655 1
10870 10870 1
10889 10889 1
16088 25775 1
9289 8594 1
1195 536 1
911 10741 1
2272 13449 1
911 13360 1
8899 8895 1
5237 7970 1
4703 17775 1
146 90 1
146 482 1
5237 2584 1
802 7568 1
14094 3609 1
3904 3609 1
7896 3609 1
3328 3327 1
8899 12550 1
4615 5548 1
4815 2053 1
911 8343 1
10101 1181 1
16327 1626 1
22682 3374 1
13584 20962 1
9289 5060 1
2234 243 1
9289 5417 1
5985 5985 1
13468 13468 1
10030 10538 1
911 8029 1
911 14601 1
9289 9801 1
1964 1971 1
5237 14197 1
7004 7004 1
14134 8937 1
911 491 1
26150 17375 1
14118 14082 1
14118 14082 1
35548 20822 1
7197 4523 1
5428 3595 1
911 14553 1
22682 12976 1
3247 1718 1
911 22950 1
16088 8414 1
4576 287 1
4703 1588 1
8943 1622 1
4576 287 1
12439 2081 1
5237 21520 1
22682 5120 1
9310 5010 1
4776 4964 1
11118 11124 1
6095 4742 1
5985 5985 1
1770 714 1
8397 8186 1
7976 8089 1
13495 8397 1
8899 10099 1
415 10371 1
12968 6261 1
13024 8591 1
8885 11538 1
183 2906 1
10069 10728 1
7976 8089 1
9802 16514 1
1626 11065 1
2662 236 1
10179 10173 1
3620 3620 1
20637 21614 1
10179 14196 1
4703 4470 1
15120 12769 1
8412 5053 1
7890 7890 1
10542 5800 1
24461 3991 1
8292 8073 1
7976 8089 1
18104 6673 1
8292 19718 1
1347 28625 1
4981 12441 1
33873 33873 1
9799 6581 1
4747 4744 1
10542 5800 1
7976 8089 1
10101 10101 1
9683 3560 1
5386 5377 1
9456 9285 1
13495 5173 1
21552 23170 1
14478 14480 1
8342 8343 1
5428 14963 1
9684 17047 1
7197 7197 1
910 888 1
19931 6791 1
20637 3252 1
9684 27161 1
13665 13665 1
3869 3869 1
2568 3424 1
22045 4909 1
146 150 1
591 591 1
28349 28349 1
14478 14480 1
8292 6141 1
146 150 1
12108 8504 1
146 150 1
23970 5434 1
146 150 1
9193 13004 1
3985 3985 1
2235 4839 1
17680 3748 1
415 6668 1
1626 11065 1
21827 8853 1
3901 14877 1
7530 14877 1
8594 19494 1
2766 4242 1
16418 16418 1
415 407 1
3620 5099 1
9215 6261 1
415 8836 1
415 405 1
4615 5548 1
17392 5056 1
7976 8734 1
17779 17779 1
14087 5068 1
5434 23970 1
5083 15814 1
9942 12397 1
23486 14437 1
5070 29324 1
23170 21552 1
18796 14703 1
15380 14961 1
5452 5417 1
4957 6095 1
7738 4351 1
8119 8608 1
12974 12974 1
4351 7738 1
10062 10062 1
8119 8127 1
10487 14211 1
7738 56 1
2587 14547 1
5451 5080 1
14069 14069 1
15932 17348 1
23188 23188 1
14920 14920 1
2147 2147 1
3904 2436 1
14069 11788 1
14137 8895 1
10103 16789 1
18778 12764 1
493 2703 1
22815 22815 1
19341 10045 1
4816 2053 1
5988 5994 1
8899 7660 1
29073 21260 1
14964 4960 1
14964 4960 1
8127 8119 1
8885 8885 1
7738 22719 1
3901 9842 1
964 1560 1
11796 5117 1
1722 503 1
8343 8342 1
6851 8939 1
11118 11124 1
15615 17423 1
8885 14874 1
236 2662 1
4344 6801 1
1906 1901 1
7504 14964 1
21018 1382 1
11283 2695 1
16349 15085 1
236 2662 1
20776 7907 1
5911 1560 1
2756 6099 1
8739 13862 1
1180 1176 1
4031 8608 1
1180 3075 1
4553 2991 1
14964 7504 1
8739 6249 1
12664 7020 1
10064 10064 1
8380 13121 1
3328 3327 1
1180 1173 1
1180 1173 1
8739 8399 1
20637 3252 1
5070 29324 1
7504 2312 1
3056 3056 1
13046 8734 1
1906 8186 1
4447 17835 1
21518 5653 1
4731 5046 1
39794 25775 1
1906 1901 1
22428 9369 1
14211 10487 1
14874 8885 1
2518 4522 1
527 5755 1
16224 4350 1
8943 4350 1
4344 17168 1
10487 14211 1
6116 8087 1
13303 13304 1
8591 10889 1
10064 4734 1
10064 10064 1
6434 16248 1
2876 16757 1
2876 16757 1
27211 16757 1
9476 16757 1
7504 10675 1
7504 3870 1
3704 5181 1
154 5181 1
4604 7660 1
21215 11737 1
8899 7660 1
1207 15 1
2568 3424 1
802 608 1
3327 3328 1
7568 15737 1
14134 21071 1
4344 4975 1
5992 17204 1
11290 10662 1
1722 1717 1
8591 8592 1
22063 11024 1
13046 6592 1
1626 11065 1
1194 518 1
3901 14877 1
2662 236 1
8498 7312 1
14478 14480 1
1964 1971 1
3867 14877 1
5386 5377 1
9310 5010 1
27211 5532 1
4472 2399 1
4576 287 1
8070 13856 1
11577 17588 1
1209 7999 1
16144 14996 1
12974 12974 1
3371 524 1
918 8378 1
25983 11372 1
236 2662 1
10179 10173 1
20964 16273 1
2318 309 1
7206 12927 1
236 2662 1
1984 56 1
8024 7203 1
242 1640 1
20964 287 1
8838 7971 1
8885 11538 1
6840 8512 1
1693 1693 1
3529 753 1
1176 1180 1
2850 12635 1
1595 4924 1
5056 6262 1
7530 6262 1
8397 5043 1
493 2703 1
7204 8084 1
8899 7660 1
8902 8906 1
12508 9185 1
8146 14310 1
493 8932 1
11916 15052 1
30498 6333 1
1715 15251 1
4483 4503 1
18146 7998 1
11786 5423 1
20964 19063 1
13462 8119 1
14961 15380 1
13915 16668 1
8119 5043 1
17375 26150 1
20964 20963 1
6840 8512 1
871 7812 1
3529 10177 1
7204 5078 1
9249 6591 1
6840 8512 1
3529 3533 1
1593 1176 1
7204 8833 1
2569 13033 1
16668 13915 1
23678 23679 1
15239 15232 1
8119 7508 1
1593 1295 1
3529 295 1
12153 12153 1
14478 14480 1
9476 9476 1
1209 150 1
21018 6310 1
7204 8835 1
13915 16668 1
4038 4038 1
8591 8592 1
7827 7826 1
4692 15251 1
5386 12631 1
10103 10106 1
17352 7034 1
535 7034 1
910 888 1
5892 13688 1
4903 5898 1
5788 5867 1
3529 3534 1
4903 5898 1
33873 5108 1
20964 20964 1
17975 14815 1
12435 12434 1
16333 2290 1
5898 4903 1
8119 13462 1
7901 14879 1
11606 779 1
15120 22623 1
16144 9401 1
12968 12968 1
7055 24336 1
10330 24336 1
6427 6427 1
28349 28349 1
212 210 1
236 236 1
22521 21984 1
8598 5053 1
18291 17205 1
7202 2199 1
7314 3131 1
8119 8126 1
1969 1969 1
493 10099 1
10103 10106 1
14069 5061 1
5788 5867 1
4973 8584 1
7192 5256 1
1905 5428 1
7314 9249 1
8504 15792 1
16212 16212 1
8885 11538 1
8885 11538 1
1720 9324 1
7314 3978 1
8397 11786 1
7314 3533 1
8907 13856 1
7314 14994 1
9840 785 1
24431 4037 1
9992 9016 1
15085 16349 1
12974 1920 1
6434 2317 1
7314 9369 1
24372 24372 1
13495 3952 1
10650 553 1
15419 3704 1
12435 4870 1
21018 55 1
6258 679 1
16212 16212 1
18383 2918 1
5892 13688 1
236 236 1
236 236 1
55 21018 1
4924 7311 1
13584 16328 1
3474 8504 1
2967 13853 1
15380 14961 1
12282 15667 1
21724 21723 1
12056 18676 1
14619 11785 1
15380 14961 1
5845 13033 1
8602 3457 1
12282 15667 1
28660 8378 1
12968 18473 1
20637 3252 1
18291 9753 1
8885 11538 1
8885 11538 1
3596 11538 1
7713 29073 1
21283 9340 1
20637 21614 1
11564 9272 1
14619 13359 1
8127 3620 1
9798 9798 1
13013 1906 1
5447 315 1
23442 23442 1
5118 5118 1
13495 5173 1
15239 3908 1
15575 7907 1
3704 11680 1
11118 11915 1
3620 8127 1
10487 14211 1
15575 19469 1
21827 8853 1
3620 3620 1
15575 13468 1
4924 1595 1
1906 7512 1
25775 16088 1
802 608 1
10179 3012 1
7738 22719 1
3596 15565 1
10030 10538 1
25023 17459 1
1906 7512 1
3620 3620 1
1194 4892 1
15575 15577 1
1194 1595 1
2109 783 1
3620 3620 1
13024 3178 1
18238 16791 1
783 2109 1
10386 553 1
11534 23266 1
500 1973 1
23266 11534 1
13732 13972 1
7320 8404 1
4038 4038 1
22725 7119 1
34372 25775 1
16088 25775 1
7200 14438 1
10095 10097 1
688 1891 1
5845 13033 1
22428 9369 1
19424 9369 1
3891 3905 1
2508 4495 1
1984 56 1
16349 15085 1
500 1973 1
14133 5558 1
19424 9369 1
10542 5800 1
881 14642 1
15075 8033 1
26095 32820 1
1925 1975 1
1304 1173 1
501 3983 1
9016 9992 1
10542 5800 1
6095 29324 1
29324 6095 1
16088 25775 1
17459 25023 1
14069 3880 1
7200 5256 1
8552 19632 1
7522 30358 1
10179 3012 1
2259 3009 1
8504 3474 1
9799 14068 1
1215 12195 1
4354 12768 1
4354 7795 1
2299 7734 1
9940 9946 1
21827 22901 1
14069 7908 1
1304 1303 1
7200 13323 1
12060 4026 1
12434 14474 1
24840 21371 1
10542 5800 1
18641 5053 1
9940 7983 1
14474 12434 1
16943 5053 1
2259 2260 1
14474 3010 1
15962 8857 1
500 1973 1
8591 8592 1
4940 4837 1
8397 1906 1
3290 2552 1
1304 712 1
22815 22168 1
16333 13861 1
13705 5554 1
1084 6297 1
14134 8937 1
1906 8397 1
11118 11229 1
21172 13813 1
14069 1901 1
4038 15354 1
10064 4734 1
5917 1751 1
10358 28684 1
1984 56 1
22815 22815 1
10127 8553 1
20309 8553 1
5845 13033 1
1906 7512 1
1212 1212 1
3869 19690 1
886 893 1
10064 10064 1
18104 18104 1
18104 18104 1
10358 13121 1
22521 13685 1
21018 7662 1
13780 7272 1
6434 16248 1
10358 11016 1
7907 790 1
3427 22972 1
5431 3984 1
3984 3984 1
14474 8875 1
8899 7660 1
7272 13780 1
8899 7660 1
5428 5032 1
17843 21984 1
17347 10743 1
17843 21984 1
19806 9758 1
1722 1717 1
8119 24431 1
4533 4870 1
5120 5120 1
17764 3989 1
15239 3908 1
6840 6840 1
18104 10891 1
5884 5884 1
8553 10127 1
527 8734 1
8258 8506 1
16144 3989 1
8128 5438 1
6152 17392 1
5056 17392 1
10127 8553 1
533 608 1
17454 14358 1
19690 3869 1
17433 13706 1
17413 12422 1
12974 1920 1
25535 4030 1
20637 21614 1
17831 17516 1
14095 14218 1
14095 14218 1
10358 18855 1
4982 12177 1
10179 896 1
8294 9249 1
8401 432 1
6383 5077 1
10183 5066 1
11055 14276 1
14205 14276 1
617 616 1
4903 4968 1
17433 17433 1
19792 7998 1
2299 2297 1
5352 2524 1
5565 23896 1
14209 23896 1
6095 29324 1
10330 10330 1
13737 1973 1
5085 12170 1
9249 8294 1
13024 8591 1
8594 14874 1
8885 11538 1
8612 11538 1
1194 2512 1
5085 8607 1
8903 8835 1
8903 11229 1
18836 7155 1
5085 5057 1
8903 8553 1
4533 4870 1
14840 14840 1
7217 20193 1
5085 8623 1
2512 1194 1
6720 19792 1
11786 5423 1
15715 15434 1
19792 5253 1
7957 26399 1
16037 16037 1
5085 2038 1
8553 20309 1
9799 14068 1
180 180 1
22587 5991 1
5085 3991 1
1722 1717 1
1722 1717 1
9188 13684 1
18146 6720 1
8602 3457 1
6720 18146 1
19792 18146 1
19792 6720 1
12688 8606 1
18933 2769 1
2830 6516 1
146 8857 1
20942 7044 1
5085 7739 1
8903 8904 1
16786 13858 1
13732 146 1
9310 5010 1
18146 19792 1
6720 19792 1
7004 4030 1
7004 4030 1
7004 4030 1
668 2493 1
501 484 1
9802 9802 1
3247 1718 1
5085 3606 1
5281 12856 1
1899 449 1
2261 4553 1
24113 21092 1
146 507 1
6434 16248 1
1715 56 1
15809 2011 1
2977 8553 1
8553 2977 1
18459 13361 1
7328 7328 1
4354 4354 1
1722 1717 1
1907 15232 1
2977 8737 1
2977 8737 1
18104 18104 1
2977 1440 1
14204 14206 1
14478 3471 1
3913 3913 1
2043 2043 1
895 260 1
14276 11055 1
14961 14785 1
8129 23896 1
14209 23896 1
14204 23896 1
8343 8342 1
14874 8594 1
6432 5708 1
9683 3560 1
13376 13674 1
9707 23896 1
2258 2258 1
11072 8901 1
8129 23896 1
3074 3392 1
100 1594 1
15809 2695 1
2977 6942 1
25196 25196 1
18104 18104 1
100 56 1
9567 12840 1
15228 5279 1
14961 14881 1
15809 6840 1
8128 8614 1
14478 3471 1
18104 10728 1
10728 18104 1
2977 5253 1
20193 7217 1
2977 2039 1
2977 2039 1
12610 608 1
2977 6249 1
19806 9369 1
8885 11538 1
9215 8606 1
7504 530 1
3901 9842 1
3901 9842 1
15809 18085 1
15809 18613 1
24431 8119 1
10027 10027 1
10027 10027 1
4077 915 1
2977 8833 1
14961 14881 1
7312 2035 1
18238 16791 1
7576 7576 1
2977 5062 1
19806 9763 1
17392 17392 1
18238 16791 1
14864 888 1
7568 20587 1
5118 9851 1
9802 8074 1
9802 8074 1
10432 7932 1
1718 3247 1
8701 5064 1
13468 13468 1
1897 9215 1
4031 5565 1
18459 9764 1
9215 1897 1
18459 14619 1
13410 13410 1
18873 5423 1
14722 17583 1
13630 1293 1
15715 7311 1
10330 7055 1
28349 28349 1
17843 21984 1
22521 21984 1
18459 9747 1
2758 4837 1
17891 1027 1
2977 1440 1
3290 3827 1
4837 2312 1
3871 3905 1
2195 14961 1
25448 25448 1
5237 2584 1
2967 13853 1
16878 1647 1
18459 14996 1
5064 5043 1
12754 9948 1
8373 1891 1
24431 1918 1
5064 5064 1
3557 3560 1
18640 1975 1
25005 23602 1
25448 16161 1
18459 17657 1
5386 5377 1
10095 10099 1
24887 2695 1
5985 5985 1
5292 2401 1
5565 4031 1
9936 7983 1
5386 5377 1
1293 13630 1
12611 12611 1
13630 9369 1
25448 25448 1
2723 5295 1
15615 9366 1
17856 2976 1
17583 14722 1
146 12369 1
883 22692 1
5428 3595 1
1195 536 1
8397 8397 1
1906 8397 1
8397 8629 1
17426 7280 1
2304 9802 1
17856 12061 1
28925 28925 1
3778 3778 1
7272 7999 1
7290 5754 1
13611 16596 1
16633 3290 1
1718 3807 1
3807 1718 1
527 539 1
14966 3870 1
10679 3870 1
2321 3870 1
5428 7906 1
4472 4601 1
4140 9401 1
18238 17585 1
7445 13674 1
8594 11787 1
21927 8089 1
15942 10743 1
7973 491 1
11731 8900 1
6668 14555 1
8885 8885 1
8776 898 1
5428 3595 1
13671 13913 1
18086 21091 1
22972 3427 1
20574 6058 1
21570 21570 1
13056 12968 1
1910 1515 1
13056 5410 1
1975 18640 1
13056 5120 1
13056 583 1
15911 15910 1
4837 3761 1
14211 10487 1
10487 14211 1
6097 9983 1
8635 11789 1
14087 17246 1
14095 17246 1
8635 5060 1
14086 17246 1
8885 5428 1
13056 6649 1
8635 7503 1
13056 17097 1
14478 3471 1
14083 14083 1
8635 11785 1
13056 123 1
15379 14785 1
4504 2400 1
5428 8885 1
1910 6302 1
13056 11538 1
5064 5043 1
1209 7999 1
688 13905 1
1899 449 1
13056 432 1
5245 4520 1
8885 5107 1
13056 5108 1
7280 15251 1
23635 23635 1
5708 6432 1
7202 18613 1
13056 532 1
1910 801 1
13056 7903 1
6962 16753 1
13056 8608 1
1910 1759 1
1910 553 1
13056 17096 1
13056 3704 1
8397 1906 1
8635 5419 1
13056 11498 1
10045 4220 1
1910 18836 1
11731 4033 1
2967 556 1
14478 14478 1
7303 3904 1
5064 5055 1
5064 5055 1
493 1719 1
5797 5797 1
13024 3178 1
23602 9369 1
21827 8921 1
14806 15520 1
5797 3131 1
22013 556 1
5438 14117 1
236 236 1
3824 6164 1
16333 13861 1
8594 14874 1
7892 14874 1
18104 18104 1
2967 556 1
3077 1764 1
9188 8936 1
2967 556 1
13323 29304 1
2967 556 1
3824 8838 1
23672 6547 1
14806 15520 1
18238 17585 1
1002 2614 1
2584 5237 1
5237 2584 1
8631 14091 1
5758 505 1
13056 13056 1
9016 13866 1
3077 1764 1
17856 17856 1
15746 17727 1
29324 6095 1
5797 3131 1
5124 9851 1
24431 22668 1
9371 911 1
3824 3291 1
5565 22668 1
911 9371 1
21827 8921 1
8505 10100 1
13578 7381 1
5438 5065 1
22271 2267 1
975 6770 1
4579 4579 1
10183 10183 1
8739 112 1
8343 8342 1
8342 8343 1
6258 679 1
7713 415 1
14961 9704 1
5788 5867 1
8899 7660 1
1906 1907 1
624 1838 1
5438 6264 1
4576 287 1
12200 12200 1
18934 10371 1
1906 8397 1
1906 1901 1
41896 27208 1
8556 8399 1
1906 13013 1
1906 3628 1
10179 12763 1
964 1560 1
6095 29324 1
18836 7155 1
12200 7480 1
1906 22664 1
18934 4740 1
1906 8608 1
789 8181 1
27701 16155 1
10255 16155 1
10255 16155 1
1906 5417 1
964 2029 1
14478 3471 1
1906 5100 1
1906 5030 1
8899 7660 1
1906 5065 1
14874 8594 1
1906 9214 1
964 3401 1
16155 16155 1
15262 7048 1
8899 7660 1
2508 4495 1
6613 26652 1
18934 4734 1
6258 679 1
1906 14084 1
1906 5043 1
8623 5043 1
415 8087 1
964 1994 1
964 1559 1
14520 6099 1
1906 8629 1
18404 810 1
14874 7892 1
8373 12581 1
964 11503 1
18238 18238 1
6613 1782 1
2508 4495 1
18934 4744 1
18404 25132 1
5438 3374 1
1906 5090 1
1906 2326 1
1300 2168 1
18104 25361 1
1906 8186 1
2876 413 1
23672 2930 1
18238 16791 1
10889 10891 1
13578 7381 1
8631 8591 1
16359 2523 1
1754 2167 1
17116 17113 1
2964 10176 1
6613 810 1
6613 20379 1
14520 18188 1
3013 722 1
18188 14520 1
4617 3153 1
8594 14874 1
4617 4617 1
14520 18188 1
4446 15627 1
27211 5532 1
14520 12440 1
3609 3904 1
4871 4690 1
11840 6249 1
6151 4549 1
9191 18085 1
964 4052 1
964 492 1
3807 1718 1
16155 10255 1
910 260 1
4576 287 1
1906 8397 1
25798 3608 1
9703 1989 1
10946 12976 1
4651 4497 1
1215 1215 1
4482 668 1
8899 5283 1
12137 12137 1
410 8921 1
9843 33873 1
5308 5307 1
28187 16516 1
8504 5558 1
8397 1906 1
1906 1906 1
2493 7451 1
8553 8087 1
6613 6302 1
4776 4679 1
3008 2260 1
14798 35496 1
12098 13685 1
12098 13685 1
13866 9016 1
20 1231 1
8591 8592 1
8137 8124 1
18873 5423 1
3984 14210 1
14798 9698 1
12412 12448 1
1897 14118 1
7477 1027 1
6840 18085 1
8621 6649 1
9798 2298 1
17009 1046 1
7311 14815 1
7311 15294 1
8621 6649 1
12412 12450 1
13973 21018 1
717 21285 1
24431 22668 1
12701 12701 1
20637 21614 1
3430 12441 1
2967 10099 1
8343 8342 1
8118 1928 1
37322 37322 1
37322 37322 1
23635 23635 1
1984 56 1
18238 16791 1
18238 16791 1
18238 18238 1
14798 17506 1
6330 7120 1
18238 16791 1
9404 6760 1
18238 16791 1
3824 3290 1
15716 15716 1
1120 21984 1
4651 7408 1
802 8857 1
7449 8031 1
24887 2695 1
514 524 1
1984 56 1
24431 26136 1
11798 26136 1
10542 10538 1
7191 873 1
28005 28006 1
22274 14377 1
2259 5549 1
15715 7505 1
8397 8629 1
1906 8629 1
9186 8454 1
14475 12066 1
7191 5735 1
8119 12968 1
12974 12974 1
5438 12968 1
16221 16202 1
12115 12119 1
868 2701 1
1599 3485 1
8631 16169 1
5064 5064 1
8701 5064 1
3430 12441 1
3008 2259 1
8591 8591 1
10889 8591 1
13732 38903 1
17564 17168 1
14998 1921 1
1899 4855 1
16202 5618 1
18446 263 1
533 103 1
13584 20962 1
5069 528 1
5711 5715 1
11488 3908 1
12974 1920 1
1568 13909 1
415 8087 1
6116 8087 1
8751 8087 1
410 26652 1
1442 529 1
4239 14835 1
5620 8609 1
14478 3471 1
17564 4245 1
7414 9403 1
21215 11737 1
13578 7381 1
8591 10889 1
17564 15052 1
14478 3471 1
13999 13284 1
902 14835 1
868 3159 1
5788 5867 1
8899 7660 1
8119 6261 1
15420 15420 1
7711 2019 1
14475 2038 1
6097 9983 1
18836 7155 1
8755 1218 1
6095 6098 1
4967 7653 1
21927 8089 1
2259 5549 1
10420 1176 1
1176 10420 1
29073 11041 1
21962 21056 1
1928 8118 1
28187 9806 1
909 910 1
28187 5419 1
236 236 1
3159 868 1
910 858 1
6098 6095 1
3011 2260 1
910 909 1
13495 5173 1
24431 4037 1
20964 20963 1
25726 2154 1
2756 6310 1
12623 2494 1
5402 5403 1
9822 17348 1
8119 8126 1
19401 13674 1
15262 5123 1
5076 4585 1
21018 13973 1
15262 5123 1
1298 7662 1
25313 3914 1
868 17834 1
14618 5614 1
4349 16882 1
28187 22665 1
8031 7449 1
3454 5759 1
792 18458 1
792 18458 1
7414 21282 1
410 26652 1
14118 14092 1
18903 7329 1
5802 15942 1
540 540 1
2967 556 1
39794 25775 1
34372 34372 1
441 452 1
5386 5377 1
415 8087 1
10869 530 1
7504 530 1
12176 530 1
4602 4602 1
14806 15520 1
16121 911 1
7329 18903 1
5428 7902 1
21229 5073 1
10889 10891 1
415 11391 1
29333 4350 1
2964 10176 1
1084 1085 1
802 6069 1
8595 5088 1
24461 15354 1
24461 8624 1
1212 1212 1
24461 8624 1
13973 6968 1
6840 8512 1
6840 8512 1
19646 9157 1
23602 9369 1
8899 7660 1
909 14555 1
859 862 1
9157 19646 1
3451 8602 1
15420 9806 1
9 9 1
9 9 1
5386 5377 1
4505 6028 1
7192 9368 1
5064 5064 1
7519 1212 1
18480 12440 1
15420 14961 1
23602 3781 1
10386 6058 1
15399 5119 1
23602 17843 1
17665 14549 1
7192 6840 1
12973 13004 1
23602 25005 1
15420 26340 1
7192 5256 1
12973 13004 1
23602 4533 1
802 608 1
24669 16753 1
11731 4035 1
24669 16753 1
16202 16221 1
5041 5041 1
23602 14534 1
146 8857 1
410 413 1
7329 6062 1
5386 5377 1
24669 16753 1
1180 1173 1
14205 5013 1
7329 6062 1
832 6649 1
6840 8512 1
910 886 1
14879 14088 1
10256 779 1
7530 14877 1
14806 15520 1
23602 2695 1
7192 6838 1
668 3159 1
7576 5058 1
886 910 1
12425 1085 1
3736 13409 1
1984 56 1
25130 18922 1
6639 6640 1
24431 26136 1
8833 1763 1
895 899 1
6363 15251 1
9840 9840 1
8294 9764 1
5892 14935 1
17206 23784 1
5892 13688 1
10027 10027 1
25196 22756 1
5320 1435 1
5892 13034 1
10542 5800 1
1070 1071 1
20811 2323 1
13495 4895 1
5320 5322 1
12974 12974 1
19807 25926 1
5428 3897 1
6691 8749 1
17665 17665 1
5320 7329 1
10027 10027 1
12115 12119 1
25130 16328 1
17115 9764 1
6840 8512 1
25130 20677 1
21827 8921 1
5056 6262 1
14211 5414 1
12974 1920 1
15574 25270 1
8317 20921 1
8343 8342 1
14164 18615 1
5428 4299 1
11523 11089 1
9799 4288 1
718 2552 1
9940 9936 1
9836 9836 1
10133 10133 1
1624 1626 1
13410 13410 1
9836 25196 1
9291 25270 1
5892 9763 1
802 608 1
9799 4297 1
9799 4297 1
3736 13409 1
3574 12421 1
27211 5532 1
8342 7979 1
9469 9469 1
20231 7979 1
3179 728 1
6366 7979 1
24330 24330 1
12688 8606 1
25196 1926 1
21927 8089 1
19401 13674 1
2758 4563 1
4957 4958 1
5117 5117 1
2508 2508 1
18459 9764 1
18418 9764 1
9758 9764 1
17207 7118 1
6366 7979 1
2859 9948 1
19806 9369 1
12806 21135 1
6434 16248 1
36188 36188 1
1626 11065 1
21716 18572 1
24191 18572 1
14996 18572 1
36897 36897 1
2859 9948 1
12974 12974 1
24461 15354 1
3852 14163 1
3984 14210 1
25196 9836 1
7633 12973 1
12973 7633 1
5929 2386 1
4633 6624 1
4591 662 1
6114 376 1
15327 15327 1
10179 896 1
11041 29073 1
2758 1127 1
2758 1127 1
12435 23824 1
12434 23824 1
2524 12424 1
17811 12421 1
2568 2769 1
27211 27206 1
27211 27206 1
8085 8085 1
2524 4426 1
2024 2695 1
1908 9215 1
236 236 1
2512 4207 1
5320 5317 1
9799 14069 1
2662 21697 1
4692 15251 1
7058 11228 1
14164 18615 1
2978 1305 1
2063 1532 1
4254 872 1
8899 7660 1
4207 2512 1
17663 17582 1
4604 7660 1
415 11391 1
1626 11065 1
909 14555 1
9924 426 1
9990 9988 1
24585 24585 1
15048 8833 1
12113 14555 1
14619 6840 1
11798 26136 1
14277 14217 1
15380 14961 1
9089 18024 1
9215 8606 1
7311 3131 1
1718 9948 1
15048 2024 1
911 8029 1
1305 2978 1
1722 503 1
3159 868 1
1718 9948 1
19165 19165 1
29073 7713 1
6850 14935 1
6773 13685 1
14874 25270 1
1305 2978 1
40148 801 1
13495 5173 1
3430 3424 1
9593 3424 1
14474 23824 1
2568 3424 1
14885 15420 1
30855 29399 1
15120 22623 1
5251 5253 1
9847 9842 1
15048 8754 1
260 7276 1
28719 14502 1
27211 39721 1
5565 3897 1
21927 8089 1
15380 14961 1
7272 7999 1
15048 18458 1
24461 16518 1
14131 2690 1
8899 7660 1
9089 18024 1
15075 7984 1
22623 15120 1
10179 10173 1
25163 24109 1
25163 24109 1
16786 11714 1
10102 5417 1
24431 26136 1
24585 24585 1
640 1435 1
15120 22623 1
2568 3424 1
14961 15380 1
16302 14994 1
19391 4585 1
13449 5403 1
5554 5715 1
1969 1986 1
18238 16791 1
14474 23824 1
14502 28719 1
25535 4030 1
7890 7890 1
13625 15745 1
8109 21518 1
28719 14502 1
34184 33313 1
9186 2436 1
13625 15745 1
10102 6743 1
3154 4553 1
6597 2975 1
17116 6596 1
7163 6596 1
8899 7660 1
25577 22063 1
1626 11065 1
17883 10961 1
7217 852 1
547 8857 1
9655 14741 1
9655 5363 1
48041 48041 1
5317 1435 1
8594 15967 1
5317 1435 1
1626 1624 1
5386 5377 1
1209 1189 1
5892 9763 1
10102 13688 1
8594 15234 1
9847 7043 1
12973 13004 1
12973 13004 1
6789 2078 1
5428 28365 1
1189 150 1
29343 4350 1
16346 16346 1
8343 8342 1
14479 4353 1
7504 14963 1
17883 6599 1
8397 12147 1
12974 1920 1
3173 12152 1
6152 23694 1
13706 1298 1
17816 17816 1
7713 29073 1
1584 1586 1
8397 8397 1
13029 13029 1
10208 5554 1
7504 4960 1
5802 5800 1
24431 24431 1
1120 5558 1
7504 3879 1
2876 12760 1
13915 4739 1
12974 12974 1
2321 12175 1
1769 1407 1
20722 20722 1
19165 19165 1
7504 8626 1
19165 19165 1
19165 19165 1
18383 2918 1
7504 530 1
2524 15792 1
7504 3871 1
1120 556 1
11228 7275 1
1379 210 1
6291 6291 1
7504 3870 1
688 13905 1
12974 1920 1
21518 8109 1
5848 664 1
17816 17816 1
23694 6152 1
2523 17816 1
7504 7514 1
24840 21371 1
5039 5423 1
7504 5121 1
5039 5423 1
17774 12054 1
3247 1718 1
27211 27206 1
832 779 1
376 6114 1
1984 56 1
2024 15047 1
2024 15048 1
18234 7971 1
17816 2523 1
21215 11737 1
887 893 1
4204 3469 1
7504 7504 1
2667 6547 1
802 6069 1
26200 49372 1
6028 12444 1
22282 22282 1
415 415 1
11793 8124 1
28719 14502 1
7208 3859 1
5788 5867 1
1422 1422 1
880 879 1
3331 4816 1
15262 15262 1
8119 13462 1
880 260 1
1215 3253 1
2024 2695 1
7660 8899 1
6661 2780 1
13705 5554 1
14502 28685 1
880 14864 1
16513 16514 1
880 899 1
10179 896 1
8899 7660 1
13024 12968 1
9796 16514 1
12968 24538 1
14966 16514 1
9802 16514 1
9799 14068 1
211 210 1
1194 1189 1
8594 8594 1
9089 18024 1
617 616 1
27891 31296 1
12199 7734 1
32788 16979 1
8293 35105 1
591 1588 1
534 6720 1
23343 4163 1
7996 7996 1
4891 1273 1
17856 1386 1
11892 12444 1
1639 1639 1
2583 6510 1
509 89 1
7999 7272 1
9936 16174 1
17268 15047 1
27211 27206 1
68 64 1
2967 556 1
17855 1441 1
910 888 1
94 583 1
8293 8283 1
9476 14792 1
6402 1891 1
2259 2260 1
8970 8970 1
1298 7662 1
2876 12760 1
2260 2259 1
27211 12760 1
5917 1301 1
24431 26136 1
1189 1194 1
10384 27177 1
8070 18238 1
12968 13024 1
18238 8070 1
9476 14792 1
4740 4646 1
17268 11080 1
35482 28435 1
3607 8181 1
3079 28023 1
9847 3579 1
27211 5532 1
11534 23266 1
415 415 1
9707 3579 1
8293 21766 1
2016 1271 1
6691 4697 1
146 507 1
14478 14480 1
8343 8342 1
8293 21518 1
12054 2568 1
9469 9469 1
9469 9469 1
8753 8087 1
4576 287 1
17836 8144 1
7660 8899 1
2496 5318 1
2859 13705 1
14961 2195 1
2524 14194 1
2195 14961 1
27211 5532 1
15327 3579 1
19473 3579 1
5452 3579 1
17268 6661 1
10889 10891 1
48041 48041 1
17856 1441 1
17843 21984 1
4966 4966 1
8293 35496 1
909 14555 1
1964 1971 1
14478 14480 1
1906 8629 1
415 8087 1
640 1435 1
1412 5322 1
94 94 1
6691 8749 1
14520 12440 1
5386 5377 1
1907 14961 1
14996 14996 1
2259 2260 1
6691 4697 1
13625 15745 1
15380 14961 1
9747 8895 1
7999 7272 1
9747 9759 1
11118 11124 1
8591 9139 1
8505 556 1
13705 2167 1
9847 7043 1
11124 11118 1
718 718 1
15309 4299 1
17426 7280 1
5295 5295 1
1137 2297 1
16359 16359 1
1969 1986 1
8591 8592 1
7280 17426 1
2758 1181 1
13046 2971 1
27211 39721 1
25577 9137 1
7329 6062 1
27211 12760 1
7826 7825 1
1305 712 1
794 1973 1
3761 3532 1
712 1305 1
2399 4600 1
14478 14480 1
14656 11535 1
22201 12686 1
9747 9758 1
123 1214 1
146 8857 1
3778 3778 1
9747 9764 1
2109 783 1
8591 8592 1
1209 150 1
9747 4728 1
123 518 1
415 415 1
547 146 1
9683 7141 1
24157 21135 1
12973 7633 1
24460 313 1
547 90 1
17663 4822 1
13851 9044 1
19872 4738 1
18291 17205 1
6803 6803 1
24431 4037 1
8474 8474 1
832 6649 1
9798 9798 1
15327 5123 1
7660 8899 1
14520 18188 1
146 507 1
2033 2030 1
10650 553 1
415 8087 1
2259 3004 1
1646 687 1
7217 3432 1
18104 25361 1
2260 2259 1
617 616 1
2259 2260 1
9823 10044 1
591 4433 1
2259 3004 1
15962 39721 1
27211 12760 1
5117 5117 1
14478 14480 1
3429 911 1
17657 17587 1
911 3429 1
5908 12624 1
19011 17831 1
24431 4037 1
8342 8343 1
7304 5096 1
7738 69 1
7280 15251 1
877 10022 1
9561 16202 1
3984 3984 1
5386 5377 1
9567 10575 1
7304 4075 1
25277 25277 1
12061 1441 1
910 888 1
13706 7662 1
7217 17036 1
9823 12435 1
20637 21614 1
7304 2436 1
5386 5377 1
5386 5377 1
4259 12448 1
20637 21614 1
1441 12061 1
2195 14961 1
6145 13836 1
21652 21652 1
6027 8734 1
17657 11892 1
17657 2697 1
7304 29158 1
17416 8378 1
5564 6116 1
12434 23824 1
12855 15616 1
11892 17657 1
960 4892 1
13705 2167 1
911 14601 1
6027 4788 1
5317 640 1
13495 3952 1
6639 6640 1
7427 15962 1
14095 5090 1
512 1203 1
1899 4855 1
18903 112 1
8739 5054 1
7304 4332 1
4819 3371 1
214 882 1
5564 6777 1
1595 5754 1
6639 6640 1
6639 6640 1
5754 1595 1
5386 5377 1
7304 26399 1
7071 7066 1
7890 7066 1
8373 15615 1
5081 7066 1
4982 25926 1
18674 18674 1
35060 35060 1
25416 5078 1
6691 4697 1
3913 3913 1
6377 23657 1
19777 15419 1
9137 25577 1
4036 4748 1
7427 8857 1
146 8857 1
4837 15616 1
25577 9137 1
5452 11055 1
8342 8343 1
6639 6640 1
6639 6640 1
1180 1173 1
16359 2523 1
28435 35482 1
18572 24192 1
1595 5754 1
7660 8899 1
13374 13670 1
688 13905 1
8899 7660 1
8899 7660 1
16359 16359 1
3807 1718 1
14930 14929 1
17416 8378 1
911 12438 1
17816 2523 1
8948 2697 1
8343 8342 1
2523 17816 1
14134 1514 1
15962 8858 1
4967 7653 1
24431 4037 1
9822 3748 1
22951 22950 1
5214 9455 1
5892 14935 1
9215 11607 1
15962 8857 1
15962 8857 1
13706 613 1
2758 1127 1
15948 9369 1
9476 14792 1
2498 8069 1
9476 14792 1
30498 6333 1
28435 35462 1
5788 5867 1
5386 5377 1
2259 3004 1
7196 11117 1
28349 28349 1
6095 5253 1
8259 10961 1
15715 15434 1
2829 4138 1
8109 2775 1
640 1435 1
960 1595 1
21588 19162 1
1194 1595 1
7890 7890 1
1595 1194 1
16359 16359 1
9186 2436 1
3899 1918 1
640 1435 1
5241 6510 1
17416 8378 1
9476 14792 1
21588 1181 1
7504 14963 1
13046 2971 1
3867 14095 1
2523 9758 1
27211 27206 1
14478 3471 1
9758 2523 1
2020 613 1
18238 16791 1
3899 3899 1
13410 13410 1
14478 14480 1
14221 5397 1
4597 5548 1
1897 5417 1
19806 9369 1
19424 9369 1
7904 5065 1
18641 3712 1
4692 15251 1
2932 4179 1
7660 8899 1
1964 1971 1
2523 869 1
10889 10891 1
17433 13706 1
5386 5759 1
23657 6377 1
5101 5057 1
13999 13284 1
1184 2667 1
154 11680 1
2193 9212 1
1184 10807 1
5024 2859 1
154 109 1
991 3806 1
6661 4792 1
21638 21916 1
17416 8378 1
1184 1898 1
5386 12653 1
17095 7118 1
1184 1181 1
32349 32349 1
154 17097 1
7441 5698 1
21588 19162 1
9476 14792 1
9476 14792 1
5884 17775 1
3290 2552 1
5386 17647 1
15962 7427 1
154 101 1
5386 4426 1
14929 14930 1
5884 15047 1
6116 8750 1
154 123 1
1184 6547 1
19164 5438 1
5386 16882 1
2313 8410 1
9984 12437 1
2193 2321 1
1184 18215 1
154 3704 1
14478 14480 1
16622 8088 1
154 17096 1
5898 4903 1
1533 3254 1
18238 16791 1
5988 5988 1
2323 14962 1
17137 17137 1
27284 27284 1
3158 3151 1
257 722 1
9476 14792 1
22924 2183 1
5064 5064 1
9798 9798 1
27211 5532 1
61 61 1
3887 3887 1
10616 1840 1
802 6069 1
9836 1904 1
9119 4662 1
5054 8919 1
6803 6803 1
784 3457 1
4482 2493 1
4662 9119 1
18238 16791 1
11523 16791 1
14603 14194 1
4590 4475 1
12421 12441 1
8271 3380 1
8271 3380 1
2512 4892 1
3430 12441 1
3404 1765 1
23635 23635 1
9220 10888 1
8145 6249 1
13732 146 1
6597 2975 1
146 482 1
7999 6995 1
7999 6995 1
7999 6995 1
3290 2552 1
14603 13828 1
5360 12062 1
547 547 1
5628 18873 1
16333 13861 1
9476 14792 1
146 507 1
3540 1514 1
5064 8701 1
14603 14127 1
15962 8858 1
27211 39721 1
8505 556 1
18873 5628 1
10095 10099 1
910 888 1
11520 112 1
22201 12695 1
12434 12433 1
8701 5064 1
17855 12061 1
14603 14199 1
22655 24933 1
9799 6581 1
14608 12767 1
17855 2976 1
17856 2976 1
14603 18622 1
5064 5064 1
5386 5377 1
5064 8701 1
5064 5064 1
5064 8701 1
5064 8701 1
3823 3821 1
13024 3178 1
1084 1087 1
617 616 1
1091 1087 1
14220 14211 1
94 101 1
18640 15047 1
18640 17098 1
4516 4591 1
35482 28435 1
15635 5283 1
2859 9948 1
1084 8895 1
1928 315 1
20845 14884 1
7329 18903 1
20845 14884 1
18640 4895 1
18903 7329 1
7329 18903 1
8458 17727 1
7999 1762 1
2604 9702 1
9215 8074 1
14220 8123 1
7660 8899 1
14220 14208 1
13024 3178 1
18640 9694 1
1084 1082 1
18640 1975 1
9836 1904 1
12886 12885 1
690 9285 1
9848 8119 1
12117 719 1
9836 1904 1
18903 7329 1
15175 1046 1
9836 1904 1
12435 23824 1
21916 21638 1
8591 9139 1
12435 13360 1
7203 8024 1
22934 508 1
8591 9139 1
18640 5413 1
8591 8591 1
7442 10018 1
19861 8137 1
5064 5064 1
527 528 1
74 2287 1
7713 29073 1
1084 5384 1
12117 10051 1
94 94 1
146 12369 1
22228 22227 1
617 616 1
22227 22228 1
3701 5081 1
22655 24933 1
8591 9139 1
12117 1838 1
3901 3911 1
16329 12629 1
14502 28719 1
9476 14792 1
8729 8932 1
9089 13362 1
12435 23824 1
14220 5414 1
14220 5414 1
12117 720 1
29399 4030 1
122 18473 1
5892 1225 1
19810 19810 1
12009 8392 1
5448 2322 1
6366 8287 1
6116 8087 1
3901 3911 1
1084 1090 1
1091 1090 1
5064 5064 1
10889 10891 1
9089 13362 1
9007 2697 1
2301 2299 1
1084 9005 1
13999 13284 1
12062 5360 1
3526 3527 1
13736 6968 1
9836 1904 1
1195 78 1
19493 9831 1
7901 9831 1
376 78 1
14965 14067 1
4155 6720 1
17891 1087 1
19367 4154 1
4077 915 1
10179 12804 1
12977 12977 1
1722 503 1
5118 5118 1
12968 785 1
8754 8087 1
1212 15565 1
877 10022 1
7010 7010 1
6840 1361 1
3000 2996 1
1439 29399 1
17891 3164 1
1205 1218 1
22521 13685 1
617 616 1
4243 4245 1
15399 19104 1
617 616 1
17454 14358 1
17454 14358 1
23635 23635 1
4660 1558 1
10208 14998 1
1743 14791 1
12830 14791 1
29399 4030 1
10022 877 1
17891 1027 1
640 5320 1
4692 8108 1
4155 4154 1
12434 23824 1
1722 1717 1
4663 6310 1
1906 7739 1
1205 533 1
33440 33440 1
8943 12397 1
7739 1906 1
5320 1412 1
3532 728 1
274 26488 1
5320 640 1
18516 21765 1
617 616 1
10542 5800 1
5120 16790 1
12435 23824 1
3270 3272 1
8504 1206 1
2967 484 1
7058 11228 1
20650 8109 1
28668 11016 1
10890 23713 1
1127 2440 1
20650 5653 1
3761 16810 1
15380 14961 1
2195 14961 1
7010 13132 1
8342 9394 1
7010 7010 1
32418 14933 1
5914 3852 1
1412 1435 1
4821 4619 1
617 616 1
1412 5320 1
3565 2020 1
20845 14884 1
1304 712 1
8739 112 1
25797 3579 1
12434 23844 1
2259 2260 1
1577 1577 1
9429 8943 1
7531 9852 1
9456 9285 1
2264 2264 1
3984 14210 1
5914 5908 1
2166 5845 1
8943 12397 1
10542 5800 1
6538 4835 1
27211 27206 1
14177 12833 1
6849 6836 1
13469 13469 1
13132 7010 1
11661 13812 1
3152 665 1
40148 22901 1
21827 22901 1
9220 5061 1
4527 6402 1
17764 36561 1
14961 14785 1
7633 12973 1
2020 613 1
9936 9939 1
377 4119 1
13469 12066 1
1412 5322 1
27211 28159 1
2120 243 1
3430 3424 1
6545 2667 1
2109 783 1
5900 8731 1
617 616 1
27211 39721 1
17009 1046 1
15399 19104 1
2967 13853 1
14478 14480 1
7329 6062 1
1512 548 1
14835 4248 1
3983 25926 1
1781 1515 1
5245 4520 1
17811 12421 1
377 382 1
13705 2167 1
21827 8920 1
10542 5800 1
4982 7414 1
4255 265 1
28668 9759 1
7045 9318 1
9220 16512 1
17116 6596 1
2667 6545 1
12973 7633 1
17809 12421 1
9476 14792 1
13999 13284 1
5097 8074 1
7829 8074 1
15047 8626 1
4207 4208 1
9220 10888 1
15047 8626 1
9215 11785 1
4699 10888 1
12060 4585 1
2551 4503 1
8836 12695 1
617 616 1
19810 15948 1
13999 13284 1
10386 3457 1
712 712 1
22594 22594 1
6434 16248 1
1195 536 1
13286 16789 1
13286 25005 1
1215 1984 1
9220 12177 1
5850 5850 1
2584 11230 1
9394 8342 1
8343 8342 1
19063 4300 1
2303 1435 1
1433 19425 1
13469 12066 1
7829 7829 1
2977 1440 1
2967 13853 1
9220 19165 1
2303 530 1
18641 15565 1
2967 556 1
3008 2259 1
5097 8074 1
894 912 1
15809 15942 1
9984 12438 1
11126 7196 1
894 14376 1
6803 6448 1
2585 875 1
9799 14068 1
9799 14068 1
23279 10022 1
13469 12066 1
4248 5558 1
11126 11125 1
1906 7739 1
1381 17727 1
5758 505 1
1899 4855 1
25005 13286 1
12719 2831 1
8373 5386 1
11520 11520 1
9220 14882 1
9476 14792 1
14095 5100 1
29399 4030 1
911 12438 1
12968 14095 1
22063 11024 1
2551 4503 1
1770 5385 1
2831 12719 1
9476 14792 1
29399 4030 1
9188 19449 1
29399 4030 1
18640 18640 1
20574 6058 1
14885 3620 1
8397 8397 1
5988 10389 1
10890 5117 1
24431 4037 1
4597 5548 1
14930 14929 1
29399 4030 1
1127 1072 1
5320 1412 1
13286 25005 1
8943 12397 1
500 7000 1
4558 1278 1
7504 7504 1
18641 15565 1
4558 4559 1
17809 18674 1
13836 6145 1
5797 7381 1
5791 5797 1
4651 4497 1
4651 4497 1
5438 1913 1
16221 15120 1
5434 5450 1
1906 8397 1
9769 9745 1
1722 2384 1
17809 24076 1
9850 9850 1
11128 10371 1
17809 10617 1
11128 13906 1
5438 1913 1
617 616 1
30 3977 1
18903 7329 1
9476 14792 1
2387 2387 1
18234 7971 1
4678 4503 1
11128 8555 1
18238 16791 1
2518 4522 1
6145 13836 1
9476 14792 1
7329 18903 1
13265 2327 1
8397 11538 1
5101 5057 1
8397 1906 1
783 2109 1
10182 10179 1
7568 20587 1
17809 12421 1
894 14548 1
1080 1407 1
1120 556 1
25313 5417 1
18836 7155 1
14118 5108 1
8959 377 1
965 2697 1
3474 17623 1
13704 7440 1
4791 2311 1
11557 790 1
18792 263 1
23844 23824 1
547 146 1
14118 6649 1
11523 16791 1
9476 14792 1
11523 8087 1
21552 23170 1
6378 15616 1
2967 13853 1
24113 8382 1
3807 1718 1
2195 14961 1
7999 3007 1
784 3457 1
14118 15233 1
547 90 1
25313 25314 1
5101 16517 1
14118 17096 1
3007 7999 1
273 888 1
3404 897 1
5898 4968 1
8943 10728 1
14118 8233 1
33339 20921 1
12103 12103 1
8458 9369 1
12852 2690 1
24330 8397 1
273 4248 1
7829 8074 1
887 893 1
887 893 1
8943 9429 1
877 10022 1
9561 16203 1
17009 1046 1
3807 3401 1
3807 3401 1
11523 11089 1
18238 16791 1
3486 8399 1
3807 5738 1
13358 9983 1
12974 12974 1
17816 2523 1
18792 5062 1
9476 13608 1
6145 13835 1
1072 633 1
14118 14092 1
4791 2316 1
12 11 1
2523 17816 1
14070 16734 1
14118 11489 1
15379 7531 1
5081 1594 1
5064 5064 1
1120 556 1
14095 12968 1
4344 6801 1
11557 295 1
9758 12438 1
2660 2661 1
31408 10727 1
13171 35932 1
5438 5091 1
6288 10541 1
19063 10541 1
8397 1906 1
8397 12147 1
5033 9829 1
6661 2780 1
22271 12697 1
20192 4733 1
19807 19806 1
12968 14095 1
17816 2523 1
9476 14792 1
1984 56 1
5451 5080 1
5451 5451 1
8701 5064 1
802 6069 1
5428 3595 1
5033 5034 1
307 9214 1
3430 3424 1
13374 13670 1
9656 9655 1
633 1072 1
4180 16203 1
307 5090 1
29343 4350 1
26279 22668 1
22063 11024 1
8591 8592 1
29399 4030 1
8591 8592 1
8397 5043 1
1910 1784 1
14478 14480 1
6027 6027 1
783 2109 1
11523 11089 1
5033 3588 1
16203 4180 1
8623 9289 1
27211 39721 1
12634 3178 1
307 5041 1
29399 4030 1
9211 2298 1
12968 24538 1
307 5089 1
15380 14961 1
9249 6591 1
5033 10132 1
307 3374 1
6263 3374 1
23170 21552 1
15220 1190 1
7067 7067 1
9211 12177 1
5033 7067 1
4615 5548 1
13673 21056 1
1441 12061 1
2583 6510 1
1840 10616 1
12973 13004 1
591 4433 1
1927 1904 1
6759 12056 1
1586 9534 1
18641 15563 1
6759 2976 1
6758 2976 1
16203 9561 1
2850 5797 1
9561 16203 1
25577 6302 1
13620 8512 1
1927 14879 1
9808 11787 1
4619 4821 1
23189 29500 1
14619 8512 1
4821 4619 1
8899 7660 1
23188 4895 1
688 13905 1
10616 1840 1
7045 7044 1
14478 3471 1
1927 14880 1
9936 2831 1
9936 2831 1
1441 5618 1
9476 8699 1
9476 14792 1
2831 9936 1
3013 2998 1
5797 7381 1
8412 8412 1
14478 14480 1
4138 1297 1
5245 4520 1
4732 21275 1
2137 2117 1
11731 25023 1
23189 3595 1
7892 14095 1
3701 14095 1
7053 24422 1
640 13033 1
530 530 1
17426 17411 1
27678 27678 1
5214 5384 1
1906 8629 1
3903 3842 1
5284 16219 1
24431 24431 1
24431 24431 1
24431 24431 1
24431 4037 1
24460 24460 1
8397 1906 1
13813 13821 1
910 886 1
123 8413 1
14083 15880 1
8623 5043 1
12634 12639 1
5438 8117 1
5438 8117 1
2660 2661 1
8381 6647 1
16534 28718 1
123 123 1
10542 5800 1
911 5066 1
17434 5993 1
20637 21614 1
4472 4473 1
13705 5554 1
15563 7903 1
9801 7574 1
1533 3254 1
3905 3871 1
14209 23896 1
15563 24357 1
2259 2260 1
100 1973 1
5554 13705 1
5214 18902 1
9404 17846 1
8594 11787 1
23188 4895 1
15563 5055 1
24431 22668 1
22924 2183 1
5214 2919 1
25359 17392 1
2260 2259 1
3430 3424 1
5845 2166 1
8560 16789 1
2259 2260 1
12054 5884 1
7139 4971 1
14478 14480 1
3454 3254 1
8397 8397 1
5064 5064 1
591 4433 1
15563 3877 1
5214 963 1
146 150 1
14095 3701 1
3701 14095 1
65 1412 1
9476 8699 1
1533 6446 1
5317 1412 1
1910 801 1
14879 14088 1
9404 9403 1
9476 14792 1
15359 15358 1
1209 10098 1
2967 10098 1
5214 21234 1
376 6114 1
7660 8899 1
9476 14792 1
27211 21703 1
16734 12066 1
27211 21703 1
5097 8074 1
15563 15575 1
1906 8397 1
3867 11787 1
9089 18024 1
24431 22668 1
17663 17582 1
9089 18024 1
4553 3154 1
5917 1751 1
5064 5064 1
8899 7660 1
9289 5060 1
11126 5384 1
6661 2695 1
8701 5064 1
4173 3466 1
4615 5548 1
3490 3463 1
3463 3490 1
9476 4387 1
792 18458 1
3154 23259 1
3432 13918 1
9016 19425 1
2967 556 1
1987 1218 1
33473 432 1
2020 3565 1
960 1595 1
1412 1435 1
1564 1564 1
2313 8410 1
1381 2614 1
2739 1557 1
14095 8632 1
14095 3701 1
2739 3471 1
2756 678 1
3474 17623 1
1298 21072 1
15010 2167 1
1595 960 1
640 283 1
10027 10027 1
3579 17291 1
1987 1301 1
9476 13732 1
909 909 1
14478 14480 1
3451 3457 1
3451 3457 1
9476 507 1
9476 14794 1
5054 8739 1
5444 2294 1
11523 20677 1
14478 3471 1
8739 5054 1
22203 7883 1
10103 19459 1
12115 12119 1
1910 801 1
146 8857 1
36466 36466 1
29399 4030 1
2081 6720 1
22271 14057 1
11523 20677 1
9476 14792 1
18448 10435 1
18238 16791 1
964 1994 1
5898 4903 1
9476 12408 1
21215 11737 1
5591 4721 1
21215 11737 1
9476 12329 1
10949 10950 1
11111 5384 1
9476 4388 1
15563 15563 1
802 608 1
9476 1997 1
6661 5911 1
20320 14318 1
5900 6275 1
11892 5377 1
3886 4325 1
2518 4522 1
25577 6302 1
14069 11788 1
5620 8592 1
20845 5105 1
2053 2295 1
5097 8074 1
13462 12968 1
13462 6264 1
8560 16789 1
13462 8119 1
8119 13462 1
14929 14929 1
21499 5795 1
14929 14929 1
5917 1751 1
9476 14792 1
14095 5093 1
29399 4030 1
18419 4248 1
15379 2312 1
5620 5568 1
16810 3761 1
3826 9358 1
7504 7504 1
1228 12167 1
5249 5377 1
19688 3897 1
8129 23896 1
1723 2728 1
1228 7161 1
1298 21072 1
3913 3879 1
13462 1907 1
30358 7522 1
1228 4788 1
18238 16791 1
13462 18473 1
12062 3492 1
3249 8069 1
5831 9759 1
21072 1298 1
16622 8088 1
1298 21072 1
8608 8618 1
1180 3075 1
1180 3075 1
12974 12974 1
27611 3815 1
1298 7662 1
5801 5715 1
1202 110 1
1202 110 1
1202 110 1
1202 110 1
1202 110 1
1202 110 1
1202 110 1
1202 110 1
1202 110 1
1202 110 1
5620 5060 1
7522 30358 1
14478 14478 1
9476 8699 1
8608 8618 1
4592 4516 1
8905 8904 1
18104 10728 1
8541 7196 1
3826 6739 1
14133 5384 1
5900 1415 1
7894 14117 1
34372 25775 1
5117 15353 1
14474 23824 1
5620 8591 1
5359 5359 1
25416 39786 1
5900 1415 1
2299 2299 1
19162 21588 1
2383 6734 1
21588 19162 1
1228 7155 1
15359 15358 1
15239 15232 1
14209 14204 1
17396 3895 1
910 888 1
14478 14480 1
4903 5898 1
18312 18671 1
5101 27651 1
14964 3911 1
21902 5619 1
5401 2312 1
14964 10675 1
7202 2199 1
20943 17665 1
8720 8720 1
21827 8920 1
6116 8087 1
35824 31984 1
2020 2032 1
5118 5118 1
3895 17396 1
1081 1085 1
3492 12062 1
17554 4182 1
12666 12769 1
964 964 1
20943 5062 1
20943 15949 1
14964 7504 1
18011 8926 1
3059 3131 1
8069 14608 1
14209 9806 1
22934 3009 1
14209 23896 1
4615 2441 1
17411 7280 1
5320 1435 1
10542 5800 1
14209 14220 1
14209 9831 1
14472 14471 1
6429 21750 1
20943 20918 1
3904 2436 1
7976 8937 1
3903 9694 1
18234 7971 1
18011 17817 1
1081 1090 1
15120 12769 1
14478 14480 1
21821 5891 1
32182 14933 1
25130 20677 1
4837 14471 1
8591 8592 1
13462 8119 1
17554 24927 1
20943 8734 1
4663 2769 1
12974 1920 1
17396 1920 1
14209 5108 1
5188 5115 1
15048 18458 1
6970 6968 1
3540 1514 1
13636 7658 1
23602 9369 1
12610 608 1
17098 10469 1
14134 14134 1
5097 8074 1
8554 13741 1
13055 5412 1
8899 7660 1
4472 1082 1
17583 17584 1
7660 8899 1
5070 2976 1
14608 8069 1
18419 4248 1
18458 15048 1
9563 8282 1
9841 5094 1
2589 896 1
16327 6333 1
6840 1361 1
5070 15565 1
13055 17098 1
15048 18458 1
1964 1971 1
9683 3560 1
17378 11451 1
5070 5423 1
3429 3424 1
14069 14069 1
16327 5384 1
5241 6510 1
8635 11786 1
8596 8596 1
18458 15048 1
7280 17411 1
3433 23409 1
8073 8292 1
12442 8033 1
12830 14791 1
13999 13610 1
5788 5867 1
6639 6639 1
8541 8592 1
12830 12329 1
17411 7280 1
9476 14792 1
3807 1718 1
17378 4788 1
14835 4248 1
12830 14797 1
5240 14198 1
17434 5993 1
17224 30486 1
41896 27206 1
18419 10435 1
2304 9089 1
1210 2316 1
2970 2969 1
18416 1597 1
11520 11520 1
2589 5066 1
1984 56 1
21173 22874 1
2181 1426 1
2016 3565 1
415 8087 1
17583 2976 1
12061 1441 1
12061 1441 1
2970 4138 1
10383 14797 1
10383 14797 1
9476 14792 1
2970 1158 1
9476 14792 1
2970 10206 1
1273 1273 1
9089 2304 1
26059 26059 1
792 18458 1
4248 14835 1
14929 14929 1
2970 2972 1
4254 4248 1
8129 532 1
6661 5911 1
5556 12429 1
802 608 1
27211 5532 1
2970 12700 1
12429 5556 1
24111 13906 1
4738 5618 1
8838 10616 1
9476 14792 1
146 482 1
3761 4837 1
3540 1514 1
8129 541 1
7314 6062 1
17396 1920 1
2970 5654 1
1169 1181 1
146 8857 1
5911 6661 1
17583 8084 1
5064 5064 1
1984 3253 1
27211 5532 1
212 950 1
212 950 1
4551 2477 1
8753 5054 1
1915 7066 1
10616 8838 1
2967 8838 1
7053 24422 1
1412 4549 1
30358 7522 1
8378 33138 1
12974 12974 1
21019 1181 1
17583 17584 1
8129 12968 1
12974 12974 1
13462 8119 1
8119 13462 1
1072 2516 1
21018 13689 1
4220 13304 1
13736 6970 1
16810 15886 1
1646 1640 1
29745 29745 1
29745 29745 1
21019 13466 1
8838 2967 1
16289 21879 1
14134 21071 1
2967 8838 1
18873 5423 1
21821 13684 1
21821 13684 1
4155 6720 1
12911 29550 1
2304 9089 1
4693 1793 1
8756 13920 1
1781 6302 1
1781 1515 1
2948 2948 1
12911 5711 1
20618 8026 1
13736 11229 1
5118 5118 1
16787 16790 1
5711 12911 1
123 105 1
1439 29399 1
4176 4184 1
7522 30358 1
4679 4964 1
9990 9988 1
688 13905 1
18146 6720 1
1021 1595 1
12435 13360 1
14276 10487 1
1906 7072 1
9840 9840 1
7522 9318 1
7504 7504 1
1155 6510 1
13732 38903 1
12830 14791 1
11072 21587 1
12830 14797 1
1084 6297 1
9089 2304 1
10435 18419 1
14135 1372 1
5333 5590 1
12830 14797 1
21019 20942 1
1595 1021 1
12830 14797 1
12830 14797 1
12830 14791 1
20942 526 1
12830 14791 1
4789 3530 1
6116 8750 1
591 4433 1
1840 10616 1
9215 6261 1
21019 7516 1
5064 5043 1
37868 37868 1
146 8699 1
27211 27206 1
5064 5043 1
10021 14834 1
717 7781 1
15522 15521 1
21019 15294 1
12435 14474 1
1212 16620 1
2304 9089 1
10542 5800 1
12974 12974 1
5240 14198 1
4837 5758 1
5931 23895 1
6720 4155 1
12974 12974 1
5931 14435 1
9822 17348 1
8292 8073 1
909 909 1
9089 2304 1
14474 12435 1
2137 2117 1
5077 16248 1
5077 16248 1
1910 2290 1
1718 3807 1
3807 1718 1
3428 2501 1
1127 633 1
5410 4299 1
1184 25848 1
29550 12911 1
17413 5377 1
5758 4837 1
10542 5800 1
3154 2991 1
16327 1626 1
14961 15380 1
18416 1597 1
12911 29550 1
8943 1448 1
9563 8282 1
11109 5711 1
8073 8292 1
909 909 1
909 909 1
6842 8506 1
14874 8600 1
12968 19468 1
5428 7902 1
12974 1920 1
802 6069 1
12061 1441 1
22428 9369 1
12968 8129 1
18238 16791 1
29315 2834 1
8594 20812 1
8293 6154 1
802 608 1
5931 5564 1
16844 5564 1
5931 15294 1
6726 6726 1
16202 8066 1
12061 1441 1
802 8857 1
5064 8701 1
17855 1441 1
18038 263 1
27211 27206 1
13999 13284 1
3913 22719 1
14135 1372 1
547 146 1
146 8699 1
802 146 1
27211 27206 1
146 8699 1
8119 6261 1
12061 1441 1
27211 27206 1
1441 12061 1
8343 8342 1
35482 28435 1
3413 14882 1
146 608 1
14961 2195 1
4166 1372 1
18793 579 1
2195 14961 1
15380 14961 1
22227 4447 1
3564 1136 1
15962 11024 1
13410 13410 1
4447 22227 1
21010 7044 1
4572 4572 1
5077 8407 1
17459 4036 1
5917 1751 1
272 272 1
6446 1533 1
9990 9988 1
2318 309 1
12974 12974 1
12830 14797 1
3077 1764 1
8294 9764 1
1984 3253 1
21821 5891 1
8504 15792 1
2259 2260 1
1412 1640 1
2137 2117 1
2932 6116 1
2830 6516 1
5917 1994 1
5917 10724 1
2260 2259 1
2259 2260 1
18147 3455 1
2935 8934 1
11160 11012 1
3007 7999 1
3077 1764 1
3077 1764 1
7999 3007 1
14131 2690 1
5917 1764 1
3077 1764 1
15948 18312 1
18312 15948 1
146 2290 1
7449 18312 1
7443 712 1
8504 5558 1
1374 1372 1
2756 2512 1
712 7443 1
5917 1771 1
5118 15565 1
18641 15565 1
5917 1588 1
25196 1926 1
4903 4968 1
20983 5559 1
17075 5559 1
16302 5559 1
16329 10221 1
5050 5559 1
18419 5559 1
8922 14368 1
14996 14996 1
13357 5355 1
20336 32505 1
13410 7518 1
7055 3736 1
19468 5088 1
7957 3190 1
18622 10616 1
1215 1215 1
13732 8922 1
8087 8937 1
12830 14797 1
8922 13732 1
5917 27980 1
7829 7829 1
21643 12175 1
3455 18147 1
8623 27845 1
17387 14358 1
146 547 1
9563 8282 1
18793 579 1
12686 12695 1
5661 3423 1
5661 3423 1
1899 1898 1
8087 11391 1
10179 896 1
24927 8235 1
8951 18964 1
13732 8922 1
17224 30486 1
3901 25953 1
7829 8074 1
17846 6760 1
8087 8399 1
3761 3532 1
1021 1595 1
7320 8402 1
9476 14792 1
12424 13903 1
8397 1906 1
2200 35281 1
8598 8397 1
4648 1278 1
3736 7055 1
1925 7522 1
8397 8598 1
591 4433 1
2584 5891 1
500 2921 1
17224 17224 1
11520 8512 1
2693 2500 1
4255 2662 1
2967 10098 1
17843 21984 1
2691 2701 1
14069 14069 1
9799 14069 1
11290 6739 1
547 146 1
15948 9369 1
14069 3986 1
4821 4619 1
5081 1594 1
1127 633 1
1127 633 1
17224 17224 1
7520 9683 1
20560 5086 1
27211 5532 1
27211 5532 1
22934 3009 1
9476 14792 1
1760 18446 1
3910 15232 1
27211 5532 1
4122 2022 1
12450 3403 1
4738 6113 1
3152 1127 1
25130 11953 1
17224 32153 1
13630 13630 1
7576 5058 1
910 888 1
18147 3455 1
16359 2523 1
19468 5088 1
17888 11451 1
5985 2128 1
8235 24927 1
4118 17934 1
3077 14310 1
21570 12062 1
1906 13013 1
12062 21570 1
236 236 1
13013 1906 1
4822 17588 1
4822 21071 1
16553 1025 1
10542 10538 1
591 4433 1
93 1920 1
19064 3986 1
21570 9758 1
93 1928 1
8560 16789 1
1426 2181 1
21821 5891 1
6851 6778 1
8951 18964 1
8875 8197 1
21570 32820 1
909 14555 1
909 14555 1
93 1211 1
8560 8548 1
19064 13925 1
4138 1297 1
6840 6842 1
10101 10099 1
1899 1898 1
4176 13688 1
93 8129 1
19064 4699 1
93 8119 1
4122 2022 1
5832 5832 1
15028 20963 1
6083 862 1
23694 6152 1
6262 14081 1
24382 7984 1
18793 579 1
9211 2298 1
19064 7516 1
7067 9839 1
3540 1514 1
5788 5867 1
1906 8397 1
910 888 1
880 888 1
93 7895 1
41896 27208 1
9213 8452 1
1212 7536 1
8598 8624 1
8591 8592 1
3904 2436 1
93 532 1
1722 503 1
22403 13095 1
22227 5603 1
6842 12641 1
24111 13906 1
10469 17098 1
23694 10228 1
6288 10541 1
1212 5417 1
7052 5417 1
6152 23694 1
10228 23694 1
1212 9694 1
7660 8899 1
888 858 1
12176 14067 1
916 862 1
6691 494 1
5603 22227 1
4458 10222 1
6468 2032 1
13974 2032 1
14964 4960 1
8635 8635 1
1212 1975 1
1212 7046 1
1207 15 1
1194 15 1
8397 8629 1
27211 5532 1
2259 5549 1
1212 1920 1
7052 7051 1
12111 6151 1
9767 18129 1
916 2138 1
8951 8592 1
6468 18515 1
916 14935 1
1212 9318 1
22033 31283 1
11126 9992 1
20943 15949 1
9141 19449 1
8921 16753 1
8598 8624 1
1212 7036 1
3368 616 1
22033 31283 1
17883 8263 1
7312 2035 1
7519 8400 1
7536 1212 1
70 4555 1
6668 14555 1
16906 899 1
22271 3457 1
9992 11126 1
8343 8342 1
17888 11451 1
3433 23409 1
27048 730 1
10728 18104 1
27048 730 1
17888 295 1
27211 5532 1
27211 28159 1
286 8197 1
441 146 1
22271 5553 1
24358 15563 1
887 899 1
29500 29500 1
5352 10179 1
1975 1212 1
7046 1212 1
4895 9939 1
5092 8184 1
14520 12440 1
5352 4426 1
2856 2168 1
2726 5775 1
8921 16753 1
12061 1441 1
29001 29001 1
5352 10176 1
24431 26136 1
3627 11789 1
16906 4240 1
9808 1926 1
19401 13674 1
1974 1964 1
15380 14961 1
7528 5105 1
12634 413 1
1964 1974 1
7519 5032 1
15419 19777 1
2192 14131 1
10542 1230 1
93 93 1
3290 2552 1
27211 5532 1
958 958 1
260 260 1
11124 11124 1
5848 5848 1
12968 24538 1
12386 12386 1
6599 17883 1
591 4433 1
493 10099 1
2259 5549 1
9211 5407 1
4220 13304 1
3451 3457 1
4692 15251 1
1974 1964 1
5401 3874 1
2387 712 1
493 10097 1
5067 16174 1
7320 8404 1
7320 8404 1
493 2703 1
493 489 1
7519 9694 1
9215 8606 1
1194 15 1
7045 6581 1
8602 3457 1
1127 2440 1
6842 8506 1
31296 31296 1
1127 2758 1
4458 4981 1
718 1838 1
2302 2316 1
2302 2316 1
8556 8592 1
5788 5867 1
5788 5867 1
15379 27738 1
493 963 1
5249 5377 1
5249 5377 1
8397 1906 1
12061 1441 1
9703 5032 1
8905 8897 1
17843 21984 1
21821 13684 1
3430 3424 1
17520 17269 1
1512 6069 1
7513 1918 1
7513 14877 1
7513 11535 1
24537 8600 1
13813 21172 1
10185 12767 1
7513 18674 1
15239 15232 1
7513 3875 1
9188 13684 1
7513 9318 1
27211 27206 1
4122 2022 1
8504 15792 1
14069 2319 1
8397 6261 1
6842 12431 1
7513 5417 1
5245 4520 1
27611 8855 1
530 4239 1
7217 17036 1
14835 4239 1
8397 5043 1
8905 8897 1
27211 27206 1
5386 5377 1
21072 9748 1
1228 7154 1
8608 5043 1
13374 2769 1
8397 5043 1
1966 170 1
4140 9401 1
24537 12968 1
9852 7531 1
7280 15251 1
17843 21984 1
21010 7044 1
5831 9759 1
2739 2739 1
5917 1751 1
4239 14835 1
14603 14194 1
6082 1038 1
15379 27738 1
15379 27738 1
24157 21135 1
5180 8271 1
10404 20925 1
5831 2440 1
8608 5043 1
30225 7480 1
3076 449 1
5661 3423 1
8556 8592 1
20920 23828 1
8905 8897 1
5620 8592 1
1080 494 1
4958 478 1
1966 1971 1
802 12338 1
8943 1448 1
8623 16162 1
8921 22901 1
9703 3704 1
1964 1971 1
10017 10029 1
9119 1562 1
3404 9592 1
1374 1372 1
5868 11647 1
12973 13004 1
12973 13004 1
9119 6429 1
12927 7206 1
7290 6062 1
5095 429 1
3807 1718 1
15047 8626 1
7405 21765 1
16558 22615 1
14994 8736 1
8073 8292 1
7405 21765 1
27211 27206 1
13047 3374 1
7660 8404 1
1765 9372 1
1722 1717 1
1722 1717 1
3540 1514 1
15047 21327 1
2661 21327 1
13047 532 1
20588 20745 1
9908 6735 1
5249 5377 1
7531 9852 1
5661 3423 1
5900 1415 1
8959 1228 1
6262 1986 1
9476 14792 1
3904 1904 1
887 893 1
17434 5993 1
7143 7143 1
4568 1085 1
17831 915 1
9394 10993 1
6613 1782 1
6840 13684 1
8609 5620 1
4483 4503 1
14087 5068 1
14608 12767 1
7536 4302 1
28435 35482 1
14083 4302 1
17041 30176 1
17764 36561 1
1016 1021 1
16221 15120 1
21130 12738 1
2302 2316 1
877 10022 1
22045 3454 1
1169 1181 1
1207 525 1
7206 12927 1
20418 11524 1
5900 1415 1
14994 8736 1
5985 2128 1
260 910 1
9394 9369 1
6287 9402 1
9703 1211 1
5450 5434 1
20637 3252 1
5559 5559 1
8344 1361 1
17864 6543 1
9394 8342 1
8343 8342 1
1228 8959 1
3824 3827 1
9476 14792 1
21902 5619 1
7053 24422 1
910 260 1
8875 8197 1
7504 7504 1
8397 1906 1
27211 12760 1
15047 8626 1
13735 7972 1
7320 8404 1
13630 13630 1
1906 8397 1
14835 4239 1
24533 7630 1
27211 39721 1
17206 2695 1
8959 1228 1
16789 13286 1
3008 5549 1
1910 1784 1
9852 7531 1
7320 8402 1
8943 3480 1
12061 1441 1
6670 2976 1
10806 4960 1
1906 8397 1
10806 1913 1
17866 6807 1
8943 4037 1
8342 9394 1
15372 5423 1
22868 22870 1
6095 1294 1
8943 5759 1
6670 6099 1
8943 18676 1
18146 6720 1
154 109 1
35482 28435 1
10806 12176 1
15372 12176 1
2498 18903 1
18903 2498 1
2498 18903 1
3008 2260 1
2850 2260 1
1770 1761 1
8074 541 1
22527 8901 1
15372 5417 1
4239 530 1
5101 5057 1
7404 8072 1
29376 19471 1
12176 15372 1
5378 1432 1
8943 18676 1
493 1719 1
23657 13673 1
2498 13103 1
29376 5438 1
14520 8345 1
8623 3606 1
2235 2511 1
7320 8404 1
19690 6581 1
1910 1910 1
5101 27651 1
20361 20361 1
27211 12760 1
3540 1514 1
7320 17099 1
14205 25953 1
18312 18671 1
27211 12760 1
15962 12760 1
3910 3910 1
7405 21765 1
5101 8414 1
8943 3480 1
22815 22168 1
6670 5008 1
5180 10677 1
20943 18381 1
10806 1907 1
5101 2039 1
20550 18381 1
32418 25196 1
27574 14318 1
4327 4296 1
25973 22692 1
8943 5759 1
7504 10675 1
10179 14196 1
7513 15565 1
2830 39 1
7522 9318 1
18903 7329 1
25196 25196 1
792 18458 1
1088 1083 1
2028 2765 1
12449 15052 1
8342 8343 1
21980 11953 1
17866 21540 1
10889 10891 1
10889 10891 1
10337 15418 1
10337 15418 1
4031 9401 1
2273 415 1
8613 8234 1
1966 1964 1
5985 2128 1
17855 12061 1
3704 1211 1
17855 1441 1
6141 4402 1
3704 11681 1
8345 14520 1
4837 15616 1
17434 5993 1
14520 8345 1
10027 24154 1
8345 14520 1
14520 8345 1
3704 5423 1
3704 11489 1
12830 14791 1
14608 12767 1
3704 11680 1
13285 13285 1
910 260 1
17882 10179 1
32505 32505 1
260 910 1
17855 2976 1
3704 11680 1
11793 27132 1
2016 4894 1
17882 31407 1
13732 14402 1
2508 1271 1
8943 1448 1
11072 22527 1
3704 3736 1
63122 17587 1
3704 8233 1
8962 10882 1
5758 4837 1
3704 14118 1
18674 7522 1
18674 7522 1
22527 11072 1
2024 5042 1
5435 1904 1
20574 6058 1
24927 8235 1
7538 3375 1
17350 17350 1
1564 1158 1
3627 11538 1
8623 1906 1
8397 11538 1
7046 17096 1
9908 14056 1
2024 2695 1
509 533 1
17434 7516 1
13732 14402 1
7414 21282 1
9476 14792 1
94 2436 1
5320 1435 1
5892 1225 1
14211 14206 1
23895 14206 1
8118 14206 1
13132 7296 1
14204 14206 1
8909 21522 1
10469 14206 1
17434 13651 1
958 961 1
19646 12645 1
2303 1435 1
640 1435 1
640 1435 1
2299 1435 1
2299 1435 1
17434 21135 1
991 3806 1
991 3806 1
19646 9157 1
19165 19165 1
21906 4182 1
17434 5993 1
2062 12504 1
3430 12441 1
7427 27574 1
17351 23895 1
4663 2769 1
13735 14166 1
9394 8342 1
56672 56672 1
8397 1906 1
18674 7522 1
7528 20834 1
8943 5759 1
35482 28435 1
8235 24927 1
19810 15615 1
8943 5759 1
8921 16129 1
1906 1901 1
12212 3975 1
1906 1901 1
16359 16359 1
21879 22404 1
5985 2128 1
22274 18129 1
9476 14792 1
27574 22273 1
24157 21135 1
12485 10941 1
12581 1432 1
2120 1126 1
19646 9152 1
7829 8074 1
4520 5245 1
9211 5407 1
14277 3985 1
1072 1127 1
10179 9592 1
8909 18864 1
5450 5450 1
16359 2523 1
1121 5321 1
991 3806 1
8943 1448 1
8943 5759 1
10022 9763 1
12576 25132 1
9476 14792 1
7530 14877 1
17843 21984 1
4633 8175 1
7004 4690 1
6842 5278 1
681 2511 1
3701 1914 1
32349 32349 1
4693 1846 1
1984 56 1
6262 1986 1
920 898 1
5041 5041 1
10728 10069 1
15563 24358 1
18792 18792 1
8397 11538 1
11523 5054 1
6113 9948 1
14416 6298 1
3596 16832 1
16832 3596 1
3596 16832 1
7290 6510 1
35824 31984 1
20943 5062 1
16832 3596 1
16832 17096 1
29399 15973 1
1441 12061 1
18146 6720 1
3404 1765 1
10728 25199 1
1765 3404 1
5386 5377 1
10728 8943 1
9703 9703 1
17779 4731 1
23694 6152 1
3901 25953 1
14961 14881 1
3154 23259 1
1564 4731 1
991 3806 1
640 1435 1
14081 9939 1
2551 4503 1
18146 7998 1
20964 19063 1
1897 5417 1
18238 16791 1
17779 5213 1
1725 27172 1
3596 101 1
23805 21927 1
888 910 1
20964 20963 1
9476 14792 1
7713 29073 1
162 298 1
8344 1361 1
14081 16174 1
146 802 1
14081 9839 1
9476 14792 1
5559 5559 1
4038 15354 1
14081 5118 1
16787 16791 1
1564 1158 1
27211 27206 1
7504 14962 1
14081 5057 1
9137 6302 1
3596 15565 1
3159 668 1
14081 14081 1
5118 14081 1
9840 14081 1
6363 15251 1
8739 7971 1
11371 1597 1
21413 6334 1
10542 10541 1
8621 5060 1
9016 9988 1
15715 3365 1
861 862 1
30855 32165 1
27211 28159 1
5386 5377 1
9990 9988 1
1984 3253 1
9759 14993 1
9401 4140 1
3596 15565 1
21821 5891 1
7290 6510 1
5108 6649 1
3430 3424 1
4472 4473 1
7504 3870 1
7894 1897 1
1897 7894 1
6661 12856 1
3910 3910 1
24533 24533 1
802 146 1
22155 146 1
8943 3498 1
8109 2775 1
9211 5407 1
15973 29399 1
3206 3206 1
888 910 1
8376 4424 1
16220 16202 1
9404 6760 1
501 6760 1
14961 14881 1
13735 13735 1
1441 12061 1
7053 24422 1
7713 29073 1
1070 1071 1
4782 8505 1
25005 4533 1
20962 12647 1
2967 1158 1
146 150 1
27211 12760 1
4182 21906 1
25005 17506 1
738 2297 1
14095 3608 1
10420 753 1
1568 13909 1
7427 810 1
1646 814 1
12443 6432 1
25005 13286 1
5108 5108 1
5898 4903 1
1646 1640 1
14929 14929 1
12177 31984 1
12177 12177 1
9089 26399 1
5434 23970 1
4590 1083 1
5620 5030 1
12061 1441 1
2551 4503 1
10179 10173 1
7669 6778 1
8555 9325 1
41896 44386 1
9992 9988 1
527 1782 1
534 1782 1
527 2931 1
29001 28606 1
2304 9089 1
591 4433 1
10806 1913 1
8591 8592 1
9089 8453 1
2304 9802 1
3899 3870 1
527 6720 1
527 489 1
2304 3895 1
527 8734 1
1300 2168 1
1441 12061 1
17434 5993 1
527 5755 1
14969 5118 1
3430 3424 1
13468 3606 1
9401 515 1
5892 13034 1
6668 13034 1
21906 4182 1
29399 15973 1
527 5038 1
2967 13853 1
13034 13688 1
10254 7514 1
13108 8198 1
888 910 1
3371 20953 1
3371 20953 1
8623 5417 1
910 888 1
16202 16220 1
10182 4349 1
8376 4424 1
16810 5204 1
14961 14881 1
13374 879 1
8922 8855 1
11371 1597 1
527 1407 1
2304 2304 1
146 150 1
2304 4333 1
2073 1194 1
68 2769 1
15492 15491 1
2242 2241 1
2313 8410 1
17395 15052 1
31943 31943 1
5118 5118 1
7713 415 1
19791 17430 1
6142 1771 1
20920 23828 1
8505 4782 1
1768 1407 1
13283 5406 1
1083 4590 1
2508 1271 1
9684 27161 1
26322 15052 1
21072 15052 1
3608 3584 1
4903 5898 1
31943 8183 1
9798 7574 1
5396 5403 1
1441 1441 1
1441 1441 1
1441 1441 1
1441 1441 1
5892 1225 1
1441 1441 1
1441 1441 1
1070 1071 1
1441 1441 1
1441 1441 1
8594 3908 1
1441 1441 1
1083 5384 1
1441 1441 1
4349 10182 1
1170 1231 1
5386 5377 1
12450 13469 1
1083 5549 1
2875 3287 1
5064 5064 1
7433 20305 1
8701 5064 1
15973 29399 1
14478 14480 1
18873 5423 1
6142 1771 1
13813 6098 1
5438 3986 1
6778 7669 1
8345 4569 1
18994 2925 1
16789 9037 1
870 2498 1
1170 1225 1
11737 13651 1
5064 5064 1
303 308 1
12429 14435 1
9194 6164 1
21284 19728 1
5396 5403 1
1083 9746 1
9139 8592 1
2967 556 1
2967 556 1
3596 101 1
991 991 1
27048 730 1
27048 730 1
9211 12500 1
7411 17843 1
12429 14994 1
7000 1514 1
8119 5055 1
10947 10948 1
27574 14318 1
1083 1088 1
6113 9948 1
14835 9702 1
23620 23620 1
12429 9759 1
7000 1514 1
5402 5032 1
3206 1074 1
5884 2568 1
12973 7633 1
298 298 1
8345 4569 1
2875 3287 1
9194 17392 1
9139 8592 1
4692 15251 1
2967 556 1
10182 4349 1
4814 7035 1
2508 4495 1
9389 9988 1
12576 25132 1
2259 2260 1
2034 5616 1
17350 17350 1
2568 5884 1
20309 10127 1
11029 4292 1
1775 1407 1
18903 13684 1
317 27677 1
94 8406 1
2836 2836 1
19063 20964 1
1412 65 1
2241 2242 1
1533 3254 1
3901 3911 1
21891 6429 1
15419 19777 1
16788 14993 1
14069 11788 1
1201 3745 1
717 1357 1
6970 6720 1
1002 2614 1
21891 18381 1
16788 14993 1
18873 5423 1
10358 11012 1
14134 8937 1
12441 3430 1
12441 3430 1
3620 8127 1
13999 13284 1
20964 19063 1
13704 8734 1
5402 17883 1
6599 17883 1
4173 3466 1
8613 8592 1
3745 1201 1
18873 5423 1
5442 5429 1
1781 6302 1
2875 3287 1
317 22372 1
7528 20834 1
12016 11042 1
15575 15563 1
11786 8592 1
11737 13651 1
19791 17430 1
909 910 1
5917 1764 1
1781 6302 1
1788 1789 1
15563 15575 1
20940 17843 1
14961 14881 1
8594 11787 1
5335 5985 1
13865 21718 1
8594 8593 1
14478 14480 1
22227 4447 1
56672 56672 1
5985 5335 1
17385 5318 1
10891 5419 1
9847 1899 1
6856 18103 1
5451 1901 1
9936 7983 1
8594 7510 1
8594 5065 1
8594 4299 1
4447 22227 1
4447 22227 1
6391 4475 1
31943 26340 1
8594 16161 1
9762 16302 1
10932 33228 1
14996 14997 1
5985 2128 1
10383 3086 1
8119 12968 1
8594 3870 1
3537 11576 1
640 13033 1
2875 3287 1
20942 8734 1
7973 1295 1
10947 8127 1
10891 18104 1
2319 17392 1
9808 315 1
3903 3882 1
5108 6649 1
9762 21319 1
1781 15303 1
12429 5556 1
2967 556 1
3916 5414 1
5985 2128 1
13024 3178 1
8119 6261 1
1906 8629 1
28344 7511 1
7973 1295 1
8594 15239 1
8594 20775 1
15563 10337 1
7202 2199 1
18103 6856 1
11576 3537 1
15419 19777 1
3916 25313 1
12177 31984 1
37885 33649 1
2319 14933 1
10337 15563 1
14164 18615 1
15563 10337 1
20845 14884 1
8594 19494 1
24927 8235 1
10337 15563 1
2741 5419 1
6720 6970 1
14886 3908 1
3371 3908 1
3901 3908 1
1207 525 1
8235 24927 1
41896 8858 1
7957 26399 1
14478 14480 1
12177 9211 1
12576 25132 1
21283 1130 1
14886 14880 1
8593 8594 1
16161 8594 1
15239 8594 1
20320 14318 1
9216 3537 1
20942 7044 1
65 1412 1
7973 3403 1
20916 4388 1
19113 19113 1
8555 9325 1
8594 8593 1
14886 7909 1
2319 1926 1
21072 17588 1
10337 3875 1
8903 8740 1
15470 15470 1
4837 15616 1
5985 2128 1
8542 1719 1
10949 10950 1
991 3806 1
3537 9216 1
1194 1595 1
8701 5064 1
7194 19792 1
9216 12175 1
4179 2932 1
21821 6062 1
12016 11042 1
12201 7514 1
1070 1071 1
6592 13853 1
5064 5180 1
7973 3012 1
4208 13608 1
2829 4138 1
13358 14842 1
13374 10737 1
20637 21614 1
885 21955 1
14961 14881 1
4940 4837 1
802 8857 1
802 8857 1
2971 5616 1
4248 18416 1
21638 16273 1
726 2167 1
2836 2836 1
13591 11695 1
3162 3151 1
13705 2167 1
9808 11695 1
27211 5532 1
10806 1913 1
8909 5815 1
5661 14194 1
1964 1971 1
21072 19804 1
5985 2128 1
5985 2128 1
7890 5039 1
7890 14880 1
3901 14880 1
3371 4744 1
5985 2128 1
18104 18104 1
31943 26340 1
3534 4693 1
3371 9836 1
16333 9056 1
3899 5121 1
4576 287 1
4576 287 1
4693 1793 1
17889 14435 1
748 748 1
7890 14879 1
6970 6720 1
7890 14067 1
12830 14797 1
3328 3327 1
4736 4646 1
3371 524 1
21638 16273 1
3079 9375 1
1563 9376 1
3901 1918 1
7890 7507 1
3162 887 1
3901 25953 1
21283 1130 1
15564 7907 1
7890 3914 1
3901 3914 1
15973 29399 1
14206 16169 1
6597 2975 1
5333 5590 1
14436 16791 1
8596 4855 1
14853 8749 1
17395 15668 1
7890 689 1
3901 14877 1
1374 25132 1
12830 14797 1
7633 12973 1
8137 11055 1
11055 8137 1
1906 8397 1
6083 9016 1
9936 7983 1
8397 1906 1
10127 20309 1
688 13905 1
3371 14873 1
7890 14873 1
3901 14873 1
21638 16273 1
13705 2167 1
13705 2167 1
5815 8909 1
9194 2324 1
35234 50275 1
19861 8137 1
27211 27206 1
7890 4960 1
12857 16273 1
5985 2128 1
8885 14882 1
17883 6599 1
35234 507 1
1660 3904 1
1070 1071 1
107 2919 1
3901 3875 1
27211 28159 1
895 2167 1
4215 8699 1
12425 14194 1
440 151 1
35234 14793 1
3371 532 1
9016 19425 1
13374 14605 1
18903 13684 1
5117 5075 1
4215 12329 1
12640 484 1
1441 5419 1
10679 2329 1
11146 579 1
16950 16950 1
5788 5867 1
10889 10891 1
10889 10891 1
11118 5867 1
8739 112 1
10679 3588 1
3588 3588 1
4493 5019 1
12669 2695 1
1715 1715 1
714 1770 1
9016 6083 1
18308 15047 1
4814 7970 1
13495 13495 1
21283 1130 1
2259 2260 1
7044 9948 1
859 882 1
7044 9948 1
260 910 1
2260 2259 1
3588 25270 1
12968 24538 1
9942 12397 1
31259 22371 1
2259 2260 1
2260 2259 1
2259 2260 1
5213 5250 1
6720 5384 1
910 260 1
11520 21369 1
294 8503 1
26136 4037 1
6599 17883 1
3984 3984 1
3625 3625 1
910 858 1
31259 22371 1
31259 22371 1
21284 19728 1
31259 22371 1
35234 50275 1
10679 5097 1
1765 3404 1
2811 4551 1
8701 5064 1
5333 5590 1
5064 8701 1
5064 8701 1
5064 8701 1
5108 6649 1
14131 2192 1
1533 1193 1
21413 21412 1
8701 5064 1
1361 1357 1
7044 9948 1
12856 5281 1
6113 9948 1
7983 9948 1
10679 20844 1
31259 22371 1
6363 1715 1
12968 8119 1
10679 8455 1
3588 7901 1
3588 12320 1
5281 12856 1
21638 16273 1
3904 8452 1
7044 11228 1
10679 3895 1
23828 20920 1
3588 7051 1
5559 5559 1
13034 7045 1
21588 1181 1
9216 3974 1
1811 8031 1
14058 14058 1
532 3371 1
3588 1217 1
2875 12647 1
11228 7044 1
5213 21570 1
8943 1622 1
8943 1622 1
1374 25132 1
3588 2977 1
20845 14884 1
5449 5449 1
9211 12500 1
10679 26399 1
2195 14961 1
8119 5055 1
12968 5055 1
13108 2199 1
7202 2199 1
5452 11055 1
3013 6509 1
10538 5800 1
5796 1441 1
2259 2260 1
8701 5064 1
7045 13034 1
10388 16380 1
19493 19493 1
13034 7045 1
22720 24138 1
9316 1898 1
10538 5800 1
8608 5043 1
11055 32448 1
16333 2290 1
20845 14876 1
6720 5384 1
31259 22371 1
21716 33075 1
6363 15251 1
12060 6028 1
5386 5377 1
4692 15251 1
31259 22371 1
3625 3625 1
4576 287 1
23828 20920 1
2260 2259 1
7044 12440 1
15420 13058 1
26200 49372 1
383 4119 1
22371 26573 1
21821 5891 1
6263 5096 1
8591 8592 1
24380 7045 1
2259 2260 1
717 1357 1
5428 3913 1
22371 31259 1
3913 5428 1
