1 2 4
1 5 4
1 7 4
1 31 4
1 51 4
1 110 4
1 132 4
1 155 4
1 168 4
1 198 4
1 214 4
1 218 4
1 255 4
1 299 4
1 300 4
1 302 4
1 331 4
1 350 4
1 363 4
1 365 4
2 29 4
2 30 4
2 68 4
2 116 4
2 200 4
2 291 4
2 296 4
2 301 4
2 308 4
2 330 4
2 331 4
2 332 4
2 364 4
2 365 4
3 5 4
3 6 4
3 29 4
3 80 4
3 97 4
3 99 4
3 143 4
3 275 4
3 302 4
3 365 4
4 8 4
4 77 4
4 139 4
4 204 4
4 257 4
4 365 4
5 9 4
5 73 4
5 146 4
5 147 4
5 148 4
5 188 4
5 195 4
5 251 4
5 252 4
5 282 4
5 313 4
6 7 4
6 9 4
6 10 4
6 55 4
6 69 4
6 75 4
6 172 4
6 263 4
7 9 4
7 11 4
7 24 4
7 90 4
7 149 4
7 223 4
8 9 4
8 11 4
8 12 4
8 58 4
8 212 4
8 236 4
8 306 4
8 324 4
9 13 4
9 48 4
9 93 4
9 128 4
9 226 4
9 246 4
9 258 4
9 274 4
9 278 4
9 291 4
10 12 4
10 67 4
10 162 4
10 207 4
10 291 4
11 13 4
11 15 4
11 27 4
11 39 4
11 142 4
11 225 4
11 316 4
12 13 4
12 14 4
12 15 4
12 47 4
12 53 4
12 88 4
12 191 4
12 208 4
12 272 4
12 314 4
13 15 4
13 17 4
13 38 4
13 60 4
13 130 4
14 16 4
14 17 4
14 100 4
14 101 4
14 152 4
14 258 4
15 16 4
15 116 4
15 128 4
15 258 4
15 275 4
15 281 4
16 17 4
16 18 4
16 19 4
16 20 4
16 42 4
16 198 4
17 18 4
17 19 4
17 21 4
17 29 4
17 326 4
18 20 4
18 21 4
18 178 4
18 193 4
18 230 4
18 343 4
19 20 4
19 23 4
19 37 4
19 209 4
19 268 4
19 288 4
20 22 4
20 24 4
20 114 4
20 159 4
20 191 4
20 196 4
20 215 4
20 282 4
21 23 4
21 42 4
21 58 4
21 78 4
21 127 4
22 23 4
22 24 4
22 25 4
22 26 4
22 79 4
22 126 4
22 157 4
22 240 4
22 318 4
23 77 4
23 122 4
23 236 4
23 245 4
24 27 4
24 28 4
24 78 4
24 166 4
24 215 4
25 27 4
25 28 4
25 301 4
26 27 4
26 44 4
26 45 4
26 97 4
26 140 4
26 346 4
27 28 4
27 128 4
27 190 4
27 204 4
27 299 4
28 31 4
28 32 4
28 168 4
28 176 4
28 185 4
28 239 4
28 269 4
29 30 4
29 31 4
29 131 4
30 32 4
30 33 4
30 34 4
30 46 4
30 82 4
30 88 4
30 113 4
30 152 4
30 203 4
31 33 4
31 34 4
31 35 4
31 78 4
31 106 4
31 169 4
32 35 4
32 36 4
32 50 4
32 167 4
33 36 4
33 63 4
33 82 4
33 108 4
33 223 4
34 35 4
34 36 4
34 38 4
34 62 4
34 87 4
35 39 4
35 60 4
35 124 4
35 298 4
36 37 4
36 38 4
36 40 4
36 52 4
36 72 4
36 209 4
36 221 4
37 41 4
37 101 4
37 193 4
37 263 4
37 307 4
37 331 4
38 39 4
38 41 4
38 42 4
38 231 4
38 246 4
39 64 4
39 105 4
39 145 4
39 147 4
39 323 4
39 342 4
40 41 4
40 44 4
40 47 4
40 108 4
40 139 4
40 266 4
40 274 4
41 43 4
41 64 4
41 70 4
41 79 4
41 108 4
41 183 4
42 59 4
42 148 4
42 164 4
42 180 4
42 272 4
43 46 4
43 47 4
43 62 4
43 94 4
43 159 4
44 48 4
44 182 4
44 222 4
44 248 4
44 304 4
44 318 4
44 350 4
45 62 4
45 65 4
45 161 4
45 218 4
45 264 4
46 50 4
46 58 4
46 118 4
46 181 4
46 193 4
46 204 4
47 49 4
47 51 4
47 104 4
47 176 4
47 202 4
47 245 4
48 52 4
48 148 4
48 250 4
48 255 4
48 278 4
48 323 4
49 50 4
49 51 4
49 118 4
49 125 4
49 129 4
49 132 4
49 228 4
50 51 4
50 54 4
50 116 4
50 144 4
50 152 4
50 178 4
50 196 4
50 210 4
50 247 4
50 251 4
51 55 4
51 128 4
51 152 4
51 161 4
51 215 4
52 233 4
53 54 4
53 55 4
53 56 4
53 57 4
53 250 4
53 305 4
54 56 4
54 57 4
54 58 4
54 124 4
55 56 4
55 57 4
55 248 4
55 277 4
56 57 4
56 58 4
56 155 4
56 304 4
57 59 4
57 61 4
57 65 4
57 140 4
57 160 4
57 290 4
58 62 4
58 249 4
58 295 4
59 60 4
59 62 4
59 63 4
59 87 4
59 177 4
59 321 4
59 326 4
60 61 4
60 62 4
60 64 4
60 113 4
60 129 4
60 191 4
61 63 4
61 65 4
61 189 4
61 350 4
62 65 4
62 66 4
62 125 4
62 142 4
62 224 4
63 64 4
63 65 4
63 67 4
63 111 4
63 195 4
63 253 4
64 68 4
64 180 4
64 252 4
65 107 4
65 127 4
65 155 4
65 174 4
65 240 4
65 291 4
66 68 4
66 69 4
66 70 4
66 209 4
66 235 4
67 70 4
67 100 4
67 103 4
67 306 4
68 69 4
68 72 4
68 228 4
69 176 4
69 178 4
69 185 4
69 218 4
70 72 4
70 73 4
70 83 4
70 112 4
70 135 4
71 72 4
71 73 4
71 75 4
71 108 4
71 119 4
71 181 4
71 259 4
71 284 4
71 301 4
72 74 4
72 113 4
72 200 4
72 256 4
73 75 4
73 77 4
73 177 4
73 205 4
73 250 4
73 264 4
74 75 4
74 76 4
74 77 4
74 78 4
74 158 4
75 78 4
75 79 4
75 161 4
76 77 4
76 94 4
76 173 4
76 174 4
77 78 4
77 79 4
77 221 4
77 251 4
78 84 4
78 132 4
78 170 4
78 192 4
79 116 4
79 135 4
79 175 4
79 253 4
80 84 4
80 142 4
80 355 4
81 83 4
81 85 4
81 99 4
81 100 4
81 327 4
81 338 4
82 166 4
82 177 4
83 84 4
83 85 4
83 264 4
83 344 4
84 86 4
84 87 4
84 88 4
84 235 4
85 88 4
85 89 4
85 176 4
85 181 4
85 192 4
85 206 4
85 241 4
86 98 4
86 137 4
86 170 4
86 176 4
87 172 4
87 209 4
87 296 4
88 92 4
88 104 4
88 132 4
88 205 4
89 90 4
89 93 4
89 119 4
89 141 4
89 180 4
89 270 4
90 91 4
90 93 4
90 203 4
91 92 4
91 95 4
91 133 4
91 268 4
91 281 4
92 131 4
92 134 4
92 234 4
92 308 4
92 329 4
92 358 4
93 94 4
93 95 4
93 97 4
93 122 4
93 316 4
94 98 4
94 123 4
94 126 4
94 163 4
94 263 4
94 268 4
94 306 4
94 354 4
95 96 4
95 98 4
95 99 4
95 130 4
96 99 4
96 161 4
96 212 4
97 98 4
97 100 4
97 101 4
97 139 4
97 213 4
98 100 4
98 101 4
98 128 4
98 209 4
98 304 4
99 100 4
99 109 4
100 101 4
100 103 4
100 104 4
100 194 4
100 213 4
100 279 4
100 300 4
101 102 4
101 104 4
101 124 4
101 154 4
101 174 4
101 241 4
102 106 4
102 142 4
102 148 4
103 104 4
103 105 4
103 144 4
104 105 4
104 106 4
104 108 4
104 238 4
104 276 4
105 108 4
105 130 4
105 214 4
105 252 4
105 287 4
106 108 4
106 110 4
106 139 4
107 108 4
107 111 4
107 214 4
107 318 4
108 110 4
108 112 4
108 237 4
108 259 4
109 113 4
109 189 4
109 236 4
109 349 4
110 112 4
110 114 4
111 135 4
111 175 4
111 178 4
111 222 4
111 302 4
112 114 4
113 115 4
113 116 4
113 117 4
113 232 4
113 243 4
113 251 4
114 115 4
114 118 4
114 121 4
114 246 4
114 348 4
115 116 4
115 119 4
115 156 4
116 120 4
116 141 4
116 188 4
116 211 4
117 118 4
117 121 4
117 163 4
117 287 4
118 119 4
118 121 4
118 135 4
118 148 4
118 289 4
119 123 4
119 206 4
119 214 4
119 226 4
119 239 4
120 123 4
120 124 4
120 172 4
120 216 4
120 274 4
121 123 4
121 124 4
121 125 4
121 200 4
121 290 4
122 125 4
122 126 4
122 127 4
122 132 4
122 171 4
123 124 4
123 126 4
123 167 4
123 235 4
124 126 4
124 149 4
124 215 4
125 148 4
125 201 4
125 236 4
125 308 4
126 127 4
126 165 4
126 267 4
127 131 4
127 154 4
127 225 4
128 129 4
128 130 4
128 131 4
128 267 4
129 133 4
130 231 4
130 273 4
130 307 4
131 135 4
131 193 4
131 282 4
131 317 4
132 135 4
132 136 4
132 205 4
133 135 4
133 136 4
133 151 4
133 199 4
134 136 4
134 137 4
134 138 4
135 139 4
135 169 4
135 250 4
135 315 4
136 137 4
136 140 4
136 159 4
136 248 4
137 138 4
137 141 4
138 139 4
138 140 4
138 142 4
138 154 4
138 202 4
138 326 4
139 140 4
139 168 4
139 217 4
139 246 4
139 316 4
140 154 4
140 239 4
141 145 4
141 200 4
141 269 4
142 143 4
142 144 4
142 145 4
142 146 4
142 263 4
143 144 4
143 147 4
143 206 4
143 219 4
144 145 4
144 146 4
144 148 4
144 239 4
145 148 4
145 214 4
146 147 4
146 148 4
146 219 4
146 226 4
146 324 4
147 171 4
147 230 4
147 283 4
148 149 4
148 151 4
148 267 4
148 271 4
149 150 4
149 153 4
149 185 4
149 187 4
149 191 4
149 318 4
150 151 4
150 152 4
150 153 4
151 155 4
151 234 4
151 258 4
151 293 4
151 301 4
152 154 4
152 156 4
152 205 4
153 154 4
153 157 4
154 242 4
154 244 4
154 285 4
155 157 4
155 158 4
155 193 4
155 231 4
155 273 4
156 158 4
156 236 4
157 161 4
157 276 4
157 305 4
157 342 4
158 159 4
158 162 4
158 236 4
159 163 4
159 164 4
159 221 4
159 262 4
160 161 4
160 162 4
160 163 4
160 299 4
161 163 4
161 164 4
161 165 4
161 343 4
162 163 4
162 164 4
162 166 4
162 214 4
163 165 4
163 197 4
164 165 4
164 166 4
164 168 4
164 194 4
164 305 4
165 239 4
165 260 4
165 324 4
166 170 4
166 217 4
166 301 4
166 325 4
167 168 4
167 169 4
167 170 4
167 171 4
167 259 4
167 303 4
168 171 4
168 172 4
168 266 4
168 268 4
169 170 4
169 173 4
169 217 4
169 307 4
170 171 4
170 181 4
171 174 4
171 175 4
171 234 4
171 317 4
172 175 4
172 176 4
172 211 4
173 174 4
173 175 4
173 177 4
173 190 4
173 249 4
174 176 4
174 178 4
174 281 4
174 286 4
175 177 4
175 228 4
176 177 4
177 180 4
177 221 4
177 287 4
178 182 4
178 202 4
178 232 4
179 180 4
179 182 4
179 183 4
179 222 4
179 268 4
180 181 4
180 182 4
180 183 4
180 184 4
181 185 4
182 255 4
182 292 4
182 358 4
183 184 4
183 185 4
183 187 4
183 318 4
184 186 4
184 188 4
185 189 4
185 191 4
185 258 4
186 187 4
186 189 4
186 260 4
187 188 4
187 189 4
187 191 4
187 299 4
188 190 4
188 191 4
188 192 4
188 273 4
188 294 4
189 190 4
189 211 4
189 254 4
190 191 4
190 194 4
190 363 4
191 192 4
192 193 4
192 195 4
192 223 4
192 322 4
193 197 4
193 214 4
193 265 4
193 283 4
194 197 4
194 198 4
194 211 4
194 247 4
195 197 4
195 199 4
196 197 4
196 199 4
197 198 4
197 199 4
197 200 4
197 201 4
197 228 4
197 258 4
198 201 4
198 202 4
198 271 4
199 200 4
199 203 4
200 285 4
201 202 4
201 203 4
201 205 4
201 297 4
201 356 4
202 204 4
202 205 4
202 206 4
202 240 4
202 262 4
202 298 4
203 210 4
203 273 4
204 222 4
204 267 4
205 207 4
205 210 4
205 227 4
205 230 4
206 207 4
206 220 4
207 208 4
207 209 4
208 210 4
208 211 4
208 255 4
208 276 4
209 210 4
209 211 4
209 234 4
209 246 4
210 211 4
210 236 4
211 213 4
211 214 4
211 286 4
212 213 4
212 214 4
212 216 4
213 216 4
213 335 4
214 218 4
215 219 4
215 241 4
216 217 4
216 219 4
216 264 4
216 298 4
217 219 4
218 219 4
218 222 4
219 223 4
219 235 4
220 224 4
220 288 4
220 337 4
221 223 4
221 225 4
222 223 4
222 225 4
222 226 4
222 228 4
222 250 4
222 361 4
223 225 4
224 225 4
224 226 4
224 243 4
225 226 4
225 228 4
225 229 4
225 239 4
227 229 4
227 230 4
227 231 4
227 310 4
228 230 4
229 230 4
229 231 4
229 280 4
230 234 4
230 279 4
231 232 4
231 234 4
232 233 4
232 234 4
232 236 4
233 234 4
233 235 4
233 270 4
233 322 4
234 235 4
235 239 4
236 240 4
237 240 4
237 241 4
238 240 4
238 242 4
238 325 4
240 244 4
240 287 4
241 242 4
242 243 4
242 244 4
243 247 4
244 256 4
245 249 4
246 247 4
246 249 4
246 331 4
247 250 4
247 251 4
247 328 4
248 251 4
249 250 4
249 252 4
249 253 4
249 286 4
250 263 4
250 319 4
251 254 4
252 253 4
252 256 4
252 314 4
253 254 4
253 255 4
254 256 4
254 258 4
254 321 4
254 341 4
255 256 4
255 259 4
256 258 4
256 260 4
257 261 4
257 304 4
259 263 4
259 336 4
260 261 4
260 262 4
260 264 4
261 262 4
261 263 4
261 265 4
262 266 4
263 264 4
263 267 4
264 266 4
265 268 4
265 269 4
266 269 4
266 270 4
266 279 4
267 270 4
268 270 4
268 272 4
269 273 4
269 292 4
269 318 4
270 272 4
270 273 4
270 274 4
270 281 4
271 274 4
271 275 4
272 274 4
272 276 4
273 275 4
273 293 4
274 275 4
274 276 4
275 276 4
275 277 4
275 279 4
276 279 4
276 280 4
276 325 4
277 279 4
277 280 4
278 282 4
278 298 4
279 281 4
279 282 4
280 281 4
280 282 4
280 283 4
280 284 4
281 282 4
281 285 4
282 284 4
282 286 4
283 286 4
284 286 4
284 301 4
284 347 4
285 287 4
285 288 4
285 289 4
286 289 4
286 290 4
287 291 4
288 289 4
288 310 4
289 291 4
289 293 4
290 291 4
291 292 4
292 294 4
292 296 4
293 295 4
293 296 4
293 297 4
294 296 4
295 296 4
295 297 4
295 299 4
296 297 4
296 298 4
296 300 4
297 298 4
297 300 4
297 301 4
298 300 4
298 302 4
298 332 4
298 337 4
300 301 4
300 302 4
300 303 4
300 304 4
301 302 4
301 303 4
302 303 4
302 304 4
302 305 4
303 305 4
303 306 4
303 307 4
303 312 4
304 305 4
304 306 4
304 307 4
306 308 4
306 309 4
307 308 4
307 310 4
308 309 4
308 310 4
308 334 4
309 310 4
309 311 4
309 312 4
309 313 4
310 311 4
310 312 4
311 312 4
311 313 4
311 314 4
312 313 4
312 314 4
312 315 4
312 316 4
313 314 4
313 316 4
314 316 4
314 317 4
315 316 4
315 317 4
315 319 4
316 318 4
316 319 4
316 320 4
316 361 4
317 331 4
318 320 4
318 322 4
319 322 4
319 351 4
320 322 4
320 323 4
320 324 4
320 365 4
321 322 4
321 324 4
322 323 4
322 324 4
323 324 4
323 325 4
323 326 4
323 327 4
324 325 4
324 327 4
324 328 4
325 326 4
326 328 4
327 328 4
327 329 4
327 330 4
327 331 4
328 329 4
328 330 4
328 331 4
328 332 4
329 331 4
330 331 4
330 332 4
330 333 4
330 334 4
331 333 4
331 334 4
332 333 4
332 335 4
333 334 4
333 335 4
333 336 4
334 336 4
334 337 4
335 336 4
335 337 4
335 338 4
335 339 4
336 337 4
336 338 4
336 339 4
337 340 4
338 340 4
338 341 4
338 342 4
339 340 4
339 341 4
339 342 4
340 341 4
340 342 4
340 343 4
341 342 4
341 343 4
341 345 4
342 343 4
342 344 4
342 345 4
342 346 4
343 345 4
343 346 4
344 345 4
344 346 4
344 347 4
345 346 4
345 347 4
345 348 4
346 347 4
346 349 4
346 350 4
347 349 4
347 350 4
348 349 4
348 350 4
348 351 4
349 350 4
349 352 4
349 353 4
350 351 4
350 352 4
350 353 4
351 352 4
351 353 4
351 354 4
351 355 4
352 353 4
352 354 4
352 355 4
352 356 4
353 354 4
353 355 4
353 356 4
353 357 4
354 356 4
354 357 4
355 356 4
355 357 4
355 358 4
355 359 4
356 357 4
356 358 4
356 359 4
357 358 4
357 359 4
357 360 4
358 359 4
358 361 4
358 362 4
359 360 4
359 361 4
359 362 4
360 361 4
360 362 4
360 363 4
360 364 4
361 363 4
361 365 4
362 363 4
362 364 4
362 365 4
363 364 4
363 365 4
364 365 4
