138 152 4
17 152 4
17 37 4
17 143 4
37 95 4
17 137 4
137 206 4
53 206 4
59 206 4
152 277 4
35 37 4
17 80 4
152 349 4
36 37 4
80 193 4
15 152 4
37 319 4
339 349 4
116 319 4
136 193 4
37 160 4
1 152 4
115 137 4
60 152 4
137 324 4
78 152 4
15 365 4
82 324 4
17 133 4
37 41 4
206 351 4
74 137 4
59 159 4
102 152 4
83 277 4
1 14 4
193 330 4
355 365 4
17 192 4
137 310 4
37 307 4
37 267 4
137 253 4
206 294 4
69 137 4
152 282 4
6 206 4
37 69 4
87 152 4
152 208 4
37 232 4
60 157 4
116 342 4
152 353 4
177 193 4
37 152 4
36 299 4
58 152 4
37 161 4
270 351 4
59 205 4
12 152 4
152 326 4
152 295 4
152 338 4
137 195 4
297 351 4
289 351 4
37 303 4
37 153 4
37 86 4
119 152 4
4 37 4
206 242 4
35 59 4
37 306 4
37 96 4
169 365 4
59 154 4
152 293 4
37 321 4
40 351 4
54 293 4
152 156 4
115 183 4
152 354 4
59 84 4
37 227 4
241 307 4
166 175 4
73 351 4
225 307 4
206 212 4
113 152 4
37 111 4
37 100 4
152 192 4
152 174 4
37 208 4
175 351 4
37 66 4
192 332 4
37 281 4
37 354 4
156 257 4
37 234 4
37 274 4
137 365 4
37 300 4
17 167 4
1 105 4
37 55 4
1 142 4
56 152 4
6 61 4
122 206 4
303 351 4
59 253 4
37 169 4
19 37 4
59 117 4
37 134 4
93 319 4
140 307 4
135 206 4
37 149 4
37 275 4
41 59 4
152 333 4
37 82 4
54 152 4
59 60 4
77 303 4
37 48 4
36 351 4
137 163 4
54 245 4
37 290 4
206 312 4
74 192 4
37 295 4
123 253 4
152 357 4
59 241 4
35 336 4
208 231 4
115 151 4
152 258 4
2 277 4
198 336 4
194 294 4
37 101 4
106 253 4
253 336 4
95 169 4
206 285 4
37 193 4
37 279 4
37 158 4
154 323 4
152 280 4
37 244 4
97 152 4
206 282 4
37 131 4
37 346 4
17 194 4
19 122 4
37 44 4
37 212 4
86 154 4
169 273 4
59 275 4
95 231 4
37 260 4
37 320 4
115 270 4
84 114 4
13 119 4
152 322 4
111 206 4
152 213 4
263 349 4
2 37 4
37 188 4
138 169 4
101 349 4
37 91 4
59 176 4
160 334 4
152 341 4
37 121 4
199 253 4
36 278 4
168 324 4
152 335 4
93 286 4
9 37 4
37 168 4
169 233 4
15 225 4
263 313 4
36 97 4
37 358 4
60 100 4
37 335 4
37 43 4
152 287 4
137 186 4
37 265 4
37 223 4
112 152 4
137 286 4
152 170 4
309 351 4
152 256 4
37 108 4
309 364 4
192 290 4
152 206 4
26 275 4
41 50 4
61 361 4
169 213 4
277 305 4
175 197 4
152 299 4
256 263 4
37 57 4
152 216 4
227 307 4
54 109 4
37 364 4
17 38 4
169 325 4
152 320 4
66 174 4
193 318 4
68 358 4
136 270 4
168 177 4
95 281 4
37 113 4
37 360 4
234 345 4
20 206 4
114 174 4
37 205 4
36 343 4
137 263 4
114 195 4
44 152 4
100 335 4
283 351 4
37 71 4
37 261 4
37 352 4
319 348 4
115 206 4
177 257 4
53 152 4
37 122 4
152 217 4
82 224 4
248 253 4
152 344 4
13 208 4
37 116 4
33 37 4
107 253 4
37 349 4
83 137 4
37 203 4
54 198 4
236 299 4
59 132 4
37 171 4
158 241 4
152 188 4
135 152 4
188 322 4
37 162 4
152 209 4
92 354 4
15 231 4
37 222 4
215 241 4
256 355 4
237 275 4
137 196 4
173 206 4
152 229 4
205 306 4
206 227 4
192 205 4
152 291 4
91 152 4
152 279 4
137 301 4
34 253 4
11 263 4
36 305 4
114 328 4
99 152 4
101 206 4
152 278 4
174 252 4
224 309 4
206 347 4
71 257 4
2 103 4
131 275 4
114 256 4
37 104 4
114 186 4
37 355 4
265 325 4
305 336 4
152 179 4
193 258 4
315 324 4
152 263 4
138 298 4
95 112 4
41 152 4
53 359 4
248 316 4
112 319 4
22 37 4
185 283 4
146 335 4
351 355 4
152 292 4
137 193 4
7 37 4
60 174 4
114 156 4
113 246 4
115 187 4
24 149 4
24 37 4
100 174 4
37 74 4
53 89 4
37 353 4
257 260 4
213 242 4
37 248 4
126 253 4
37 214 4
89 152 4
43 280 4
54 121 4
54 197 4
241 354 4
79 349 4
309 336 4
59 285 4
36 271 4
37 184 4
115 152 4
59 61 4
37 357 4
84 274 4
51 95 4
139 152 4
120 289 4
298 346 4
1 40 4
92 216 4
37 133 4
152 165 4
59 197 4
46 169 4
37 342 4
37 262 4
37 144 4
15 349 4
193 324 4
120 351 4
37 60 4
205 353 4
168 200 4
41 279 4
109 206 4
152 183 4
175 362 4
63 319 4
152 337 4
137 313 4
152 194 4
152 197 4
39 326 4
152 289 4
91 150 4
132 365 4
31 299 4
174 187 4
37 317 4
114 263 4
10 206 4
14 206 4
194 223 4
237 299 4
152 218 4
68 152 4
35 351 4
152 294 4
37 136 4
37 201 4
50 299 4
36 338 4
241 269 4
40 269 4
166 355 4
292 295 4
37 173 4
116 361 4
164 337 4
3 269 4
37 106 4
49 152 4
137 246 4
69 174 4
27 289 4
261 361 4
12 206 4
90 152 4
86 152 4
124 137 4
219 265 4
59 72 4
121 152 4
152 203 4
177 365 4
80 137 4
152 342 4
97 226 4
169 282 4
150 279 4
152 202 4
13 17 4
324 330 4
62 152 4
152 163 4
309 344 4
152 238 4
40 189 4
37 51 4
152 207 4
43 320 4
168 319 4
137 169 4
8 320 4
255 279 4
165 292 4
152 346 4
1 37 4
37 314 4
61 135 4
183 297 4
152 264 4
26 206 4
180 305 4
37 256 4
169 314 4
83 212 4
127 335 4
37 155 4
263 351 4
44 160 4
157 205 4
138 333 4
111 137 4
125 152 4
37 362 4
67 197 4
153 206 4
273 279 4
37 257 4
224 227 4
41 266 4
73 319 4
154 351 4
81 152 4
14 355 4
158 205 4
152 159 4
5 365 4
63 253 4
69 319 4
253 271 4
37 221 4
9 206 4
137 228 4
9 244 4
252 274 4
210 365 4
30 40 4
4 299 4
37 75 4
37 309 4
130 154 4
53 229 4
152 276 4
52 263 4
37 241 4
230 351 4
137 164 4
37 213 4
2 29 4
299 360 4
54 100 4
37 263 4
37 209 4
180 349 4
152 356 4
174 363 4
56 278 4
210 213 4
101 152 4
37 46 4
37 189 4
263 311 4
79 270 4
89 299 4
152 195 4
101 114 4
136 152 4
37 132 4
152 230 4
37 308 4
172 319 4
127 289 4
37 129 4
275 295 4
269 365 4
36 136 4
114 216 4
75 152 4
127 152 4
96 270 4
143 349 4
83 152 4
263 345 4
37 327 4
235 309 4
14 205 4
206 327 4
37 53 4
106 344 4
5 59 4
139 214 4
22 152 4
86 151 4
223 237 4
206 223 4
94 205 4
152 297 4
37 40 4
37 181 4
36 147 4
37 269 4
143 353 4
263 315 4
206 301 4
213 266 4
40 201 4
54 277 4
37 359 4
146 152 4
37 292 4
152 172 4
152 199 4
58 154 4
232 258 4
142 152 4
37 199 4
37 219 4
131 152 4
69 351 4
116 276 4
31 37 4
152 191 4
152 348 4
128 152 4
275 365 4
263 289 4
15 37 4
132 282 4
14 219 4
114 144 4
152 261 4
37 159 4
315 319 4
117 152 4
340 365 4
95 349 4
132 299 4
351 360 4
133 359 4
73 365 4
37 332 4
98 150 4
40 349 4
206 299 4
123 156 4
41 145 4
169 326 4
37 79 4
37 326 4
152 210 4
152 305 4
95 206 4
165 337 4
193 290 4
37 285 4
81 289 4
152 275 4
7 186 4
161 309 4
137 170 4
195 334 4
37 38 4
29 249 4
46 139 4
224 241 4
152 211 4
41 256 4
108 152 4
152 308 4
59 207 4
33 258 4
37 202 4
281 351 4
177 241 4
137 293 4
47 60 4
37 299 4
152 302 4
89 365 4
44 349 4
17 226 4
5 152 4
83 125 4
289 313 4
62 253 4
206 293 4
37 324 4
27 152 4
37 167 4
37 264 4
62 347 4
24 335 4
152 257 4
258 287 4
37 141 4
69 140 4
5 137 4
164 353 4
41 284 4
2 193 4
37 190 4
344 358 4
152 298 4
37 73 4
111 125 4
137 283 4
106 152 4
159 257 4
69 321 4
4 137 4
36 225 4
190 305 4
337 358 4
152 286 4
143 152 4
37 266 4
183 195 4
150 259 4
200 365 4
212 349 4
206 225 4
42 152 4
152 200 4
177 242 4
312 349 4
114 276 4
37 68 4
131 297 4
152 303 4
157 223 4
167 206 4
123 279 4
69 206 4
32 116 4
27 241 4
37 350 4
100 329 4
37 139 4
137 308 4
37 107 4
295 302 4
114 159 4
264 270 4
37 42 4
37 268 4
255 306 4
106 345 4
92 152 4
9 137 4
100 314 4
121 253 4
349 351 4
54 134 4
1 9 4
123 327 4
84 152 4
95 276 4
177 324 4
64 365 4
37 311 4
29 180 4
166 324 4
201 253 4
336 365 4
167 195 4
266 349 4
152 254 4
138 177 4
60 120 4
37 118 4
152 181 4
63 289 4
17 110 4
206 209 4
37 331 4
192 271 4
37 198 4
18 256 4
100 152 4
93 188 4
166 253 4
37 177 4
201 213 4
166 361 4
105 206 4
143 258 4
206 314 4
37 84 4
37 157 4
27 165 4
192 233 4
158 213 4
59 66 4
234 266 4
338 363 4
152 358 4
8 241 4
206 346 4
230 274 4
16 37 4
35 115 4
17 320 4
132 306 4
11 52 4
320 338 4
234 275 4
199 301 4
111 362 4
126 202 4
206 354 4
145 360 4
152 329 4
217 365 4
139 284 4
281 311 4
48 152 4
299 343 4
46 177 4
180 313 4
321 331 4
212 299 4
25 69 4
92 359 4
135 168 4
42 206 4
27 97 4
37 138 4
20 37 4
136 297 4
105 289 4
233 292 4
152 323 4
270 299 4
152 361 4
37 83 4
41 246 4
154 360 4
159 193 4
89 97 4
269 336 4
119 183 4
37 58 4
37 218 4
152 330 4
152 243 4
37 272 4
52 193 4
106 353 4
37 315 4
214 262 4
37 195 4
178 234 4
156 177 4
118 152 4
73 297 4
241 272 4
353 365 4
7 152 4
197 299 4
14 15 4
54 112 4
62 332 4
6 270 4
194 348 4
160 258 4
170 210 4
223 339 4
37 286 4
60 361 4
275 351 4
152 231 4
163 210 4
159 178 4
17 185 4
30 289 4
83 326 4
104 206 4
228 274 4
167 351 4
138 267 4
144 159 4
37 65 4
40 119 4
60 255 4
37 313 4
153 343 4
263 327 4
152 253 4
32 152 4
297 363 4
206 308 4
40 149 4
37 165 4
32 349 4
263 279 4
36 73 4
168 173 4
164 193 4
37 98 4
73 105 4
62 306 4
13 136 4
219 244 4
81 283 4
71 152 4
253 305 4
137 219 4
43 152 4
67 206 4
55 365 4
206 338 4
104 203 4
230 308 4
223 294 4
37 127 4
179 206 4
186 257 4
105 156 4
219 307 4
152 314 4
37 93 4
168 174 4
53 297 4
16 192 4
67 195 4
152 321 4
2 96 4
100 217 4
2 264 4
125 365 4
37 145 4
277 299 4
119 137 4
266 295 4
193 325 4
134 177 4
275 307 4
285 321 4
199 218 4
210 223 4
115 222 4
215 270 4
69 167 4
152 242 4
19 266 4
37 178 4
163 197 4
68 137 4
351 364 4
299 314 4
137 276 4
137 346 4
206 240 4
152 162 4
137 319 4
152 351 4
24 152 4
59 233 4
138 342 4
37 237 4
17 345 4
124 159 4
316 329 4
107 152 4
142 299 4
108 123 4
152 240 4
276 290 4
264 299 4
46 59 4
37 77 4
347 351 4
201 318 4
37 251 4
210 327 4
37 226 4
51 165 4
61 357 4
180 255 4
92 106 4
270 363 4
163 260 4
279 299 4
215 290 4
136 229 4
125 138 4
152 274 4
208 249 4
166 342 4
37 230 4
65 336 4
134 152 4
41 297 4
203 309 4
168 293 4
40 299 4
153 307 4
1 259 4
138 312 4
193 328 4
82 89 4
37 114 4
137 350 4
137 147 4
54 220 4
37 345 4
150 289 4
205 365 4
54 266 4
17 274 4
68 195 4
37 336 4
37 150 4
139 353 4
5 309 4
206 365 4
152 266 4
31 206 4
152 327 4
193 350 4
217 274 4
120 152 4
155 359 4
133 253 4
37 340 4
151 289 4
71 270 4
206 257 4
229 294 4
152 360 4
175 349 4
37 191 4
193 210 4
35 290 4
123 261 4
124 138 4
59 301 4
275 342 4
165 305 4
106 108 4
97 220 4
37 225 4
41 115 4
74 294 4
349 350 4
16 71 4
195 348 4
37 334 4
90 248 4
253 280 4
53 210 4
156 193 4
37 64 4
175 196 4
59 87 4
168 356 4
152 283 4
213 279 4
60 349 4
213 285 4
155 351 4
134 181 4
185 289 4
280 285 4
130 230 4
53 279 4
119 269 4
36 253 4
194 308 4
37 238 4
37 338 4
230 282 4
129 270 4
201 206 4
119 186 4
92 265 4
134 307 4
124 320 4
47 282 4
235 314 4
136 346 4
219 359 4
236 320 4
203 268 4
73 311 4
5 37 4
37 85 4
77 185 4
37 174 4
35 152 4
152 332 4
24 228 4
224 347 4
79 152 4
71 289 4
88 152 4
311 344 4
37 88 4
162 193 4
36 220 4
39 152 4
198 264 4
55 73 4
192 319 4
198 351 4
142 195 4
56 363 4
41 362 4
100 324 4
206 248 4
84 88 4
116 238 4
34 152 4
201 205 4
81 322 4
152 311 4
216 263 4
12 52 4
325 349 4
137 260 4
22 353 4
28 37 4
94 169 4
59 333 4
152 237 4
103 152 4
113 304 4
152 248 4
111 188 4
254 301 4
21 166 4
159 177 4
36 88 4
112 303 4
144 187 4
164 345 4
196 315 4
285 362 4
208 211 4
37 316 4
137 300 4
193 343 4
152 269 4
37 277 4
152 309 4
54 235 4
37 128 4
249 275 4
2 351 4
8 358 4
271 365 4
84 168 4
206 334 4
137 152 4
174 247 4
96 324 4
147 353 4
37 81 4
179 277 4
76 258 4
220 283 4
59 137 4
98 137 4
152 212 4
114 303 4
84 115 4
41 262 4
195 222 4
61 152 4
182 309 4
280 365 4
28 213 4
137 234 4
152 334 4
59 191 4
130 351 4
268 349 4
160 218 4
31 84 4
8 197 4
37 217 4
275 321 4
289 329 4
114 199 4
4 206 4
158 329 4
174 194 4
73 247 4
166 193 4
38 152 4
136 259 4
114 152 4
179 365 4
52 206 4
73 214 4
37 210 4
206 211 4
192 246 4
45 152 4
139 351 4
37 294 4
289 325 4
3 206 4
193 298 4
263 270 4
249 320 4
137 245 4
71 166 4
37 52 4
17 351 4
156 275 4
206 296 4
4 90 4
206 339 4
152 260 4
23 36 4
119 123 4
212 334 4
225 260 4
239 355 4
13 71 4
14 210 4
129 289 4
37 296 4
152 225 4
242 365 4
152 158 4
209 277 4
16 174 4
81 192 4
37 87 4
217 299 4
38 305 4
193 236 4
71 351 4
152 249 4
3 83 4
37 254 4
253 303 4
72 206 4
118 268 4
151 206 4
33 106 4
152 185 4
45 151 4
37 363 4
23 365 4
152 290 4
25 152 4
77 174 4
83 320 4
103 289 4
1 300 4
40 180 4
116 127 4
37 330 4
152 284 4
169 359 4
24 25 4
260 355 4
33 152 4
59 304 4
81 260 4
207 315 4
68 250 4
16 152 4
1 231 4
11 206 4
289 339 4
59 343 4
218 275 4
12 162 4
277 351 4
278 365 4
66 241 4
73 199 4
81 338 4
121 277 4
137 247 4
210 222 4
63 152 4
79 320 4
66 272 4
174 278 4
64 175 4
211 245 4
21 145 4
289 360 4
28 279 4
148 355 4
114 190 4
111 336 4
59 225 4
37 142 4
137 323 4
35 102 4
109 125 4
226 359 4
24 337 4
60 236 4
113 175 4
152 343 4
21 152 4
294 351 4
46 209 4
284 347 4
152 186 4
291 334 4
59 200 4
215 244 4
263 329 4
275 355 4
71 109 4
72 255 4
107 206 4
33 191 4
117 244 4
33 351 4
141 349 4
137 140 4
40 160 4
100 201 4
258 347 4
151 189 4
152 306 4
186 255 4
189 227 4
123 281 4
13 152 4
166 353 4
139 171 4
114 243 4
36 159 4
61 351 4
55 59 4
206 353 4
40 357 4
141 294 4
246 275 4
201 321 4
151 263 4
84 183 4
34 307 4
37 154 4
251 354 4
26 202 4
156 345 4
66 298 4
206 236 4
180 278 4
68 263 4
37 365 4
142 305 4
79 114 4
37 164 4
56 275 4
51 303 4
59 69 4
143 365 4
242 315 4
152 154 4
37 187 4
18 315 4
15 287 4
152 355 4
37 206 4
161 206 4
230 289 4
137 194 4
192 217 4
