84 258 5
212 258 5
195 212 5
133 258 5
13 195 5
229 239 5
195 303 5
239 315 5
257 303 5
100 303 5
88 195 5
239 375 5
195 372 5
83 294 5
108 212 5
83 175 5
271 303 5
195 221 5
17 258 5
25 258 5
303 321 5
93 212 5
49 303 5
175 362 5
18 258 5
28 258 5
26 221 5
96 212 5
88 258 5
195 386 5
41 321 5
123 258 5
108 239 5
212 251 5
212 344 5
229 258 5
195 222 5
39 303 5
212 306 5
75 195 5
106 344 5
239 259 5
239 368 5
113 195 5
108 151 5
25 291 5
251 267 5
81 267 5
212 343 5
195 328 5
108 280 5
100 186 5
88 132 5
229 263 5
108 209 5
75 388 5
259 384 5
133 180 5
137 195 5
251 398 5
258 354 5
258 297 5
237 251 5
222 344 5
195 287 5
12 372 5
174 212 5
237 243 5
251 303 5
227 384 5
180 347 5
23 195 5
18 240 5
344 347 5
49 86 5
48 251 5
195 265 5
239 270 5
372 382 5
195 211 5
221 397 5
388 399 5
171 344 5
177 195 5
93 357 5
27 123 5
344 390 5
34 239 5
303 395 5
239 373 5
225 258 5
221 303 5
243 372 5
100 251 5
83 278 5
30 195 5
38 388 5
29 195 5
30 153 5
83 165 5
166 209 5
270 303 5
22 395 5
258 380 5
270 346 5
239 331 5
216 251 5
212 338 5
133 164 5
27 333 5
212 347 5
23 246 5
163 195 5
251 330 5
195 241 5
73 251 5
48 305 5
188 372 5
88 137 5
12 143 5
132 167 5
16 251 5
17 348 5
239 344 5
34 101 5
93 388 5
258 349 5
58 195 5
251 321 5
96 195 5
26 299 5
192 258 5
230 328 5
12 328 5
107 174 5
44 251 5
144 195 5
37 291 5
133 286 5
127 211 5
168 195 5
39 115 5
7 258 5
195 312 5
85 212 5
79 195 5
12 251 5
221 369 5
189 212 5
60 229 5
212 215 5
174 177 5
195 206 5
212 282 5
38 251 5
239 394 5
33 195 5
192 391 5
251 263 5
280 322 5
212 220 5
229 304 5
12 32 5
198 211 5
180 390 5
39 356 5
229 331 5
368 376 5
283 321 5
17 211 5
137 231 5
192 212 5
101 311 5
251 304 5
239 276 5
228 258 5
347 361 5
48 212 5
22 251 5
258 272 5
19 39 5
195 376 5
275 333 5
231 336 5
202 280 5
38 352 5
197 231 5
15 83 5
211 313 5
68 83 5
83 382 5
17 172 5
159 388 5
65 212 5
48 324 5
207 263 5
44 368 5
303 371 5
111 331 5
126 174 5
51 195 5
195 399 5
251 319 5
221 396 5
212 340 5
141 195 5
77 197 5
195 237 5
19 133 5
39 260 5
171 303 5
29 315 5
258 334 5
60 83 5
10 96 5
195 371 5
183 195 5
36 133 5
193 258 5
239 279 5
219 372 5
251 282 5
165 384 5
78 83 5
195 251 5
212 253 5
171 332 5
105 251 5
195 330 5
108 249 5
4 212 5
166 239 5
2 229 5
83 237 5
12 40 5
62 195 5
39 168 5
141 258 5
195 340 5
101 229 5
14 251 5
83 331 5
9 376 5
92 303 5
175 258 5
15 29 5
5 195 5
18 77 5
175 251 5
263 273 5
195 217 5
102 195 5
10 18 5
219 263 5
20 195 5
195 319 5
22 170 5
212 317 5
195 352 5
200 221 5
217 272 5
15 135 5
169 212 5
55 195 5
195 317 5
70 272 5
108 351 5
142 195 5
148 221 5
101 195 5
197 280 5
84 216 5
160 258 5
132 286 5
299 358 5
64 243 5
314 396 5
185 314 5
166 344 5
27 233 5
133 251 5
388 396 5
23 119 5
140 388 5
23 258 5
241 258 5
251 301 5
191 306 5
73 160 5
83 164 5
51 364 5
206 212 5
194 267 5
195 389 5
27 367 5
170 267 5
41 221 5
243 251 5
264 297 5
42 258 5
60 237 5
84 211 5
212 308 5
30 271 5
25 364 5
175 344 5
48 70 5
294 321 5
331 336 5
67 303 5
193 395 5
25 72 5
29 79 5
48 180 5
133 208 5
217 243 5
239 310 5
195 363 5
329 388 5
39 296 5
91 384 5
295 388 5
195 279 5
147 237 5
68 212 5
147 212 5
102 335 5
39 345 5
28 39 5
222 303 5
123 195 5
54 219 5
136 195 5
190 192 5
144 251 5
78 258 5
39 327 5
20 185 5
27 314 5
148 384 5
1 243 5
108 332 5
28 195 5
180 329 5
60 380 5
251 252 5
31 251 5
172 305 5
212 346 5
133 195 5
18 122 5
133 236 5
34 204 5
92 376 5
180 341 5
166 212 5
212 295 5
181 204 5
228 239 5
67 206 5
112 399 5
95 195 5
14 147 5
39 254 5
212 380 5
83 215 5
60 195 5
295 396 5
193 195 5
5 83 5
197 358 5
12 303 5
114 344 5
49 212 5
303 369 5
3 101 5
133 361 5
143 382 5
239 345 5
195 395 5
193 355 5
146 348 5
239 275 5
165 234 5
186 195 5
192 195 5
258 315 5
24 263 5
239 346 5
208 271 5
195 304 5
239 301 5
113 292 5
209 354 5
260 272 5
190 211 5
24 116 5
59 396 5
273 296 5
186 212 5
88 326 5
11 251 5
47 132 5
310 376 5
263 284 5
195 380 5
222 331 5
93 300 5
195 341 5
63 258 5
263 272 5
177 339 5
152 195 5
396 399 5
294 301 5
34 263 5
267 285 5
29 212 5
200 212 5
239 302 5
83 338 5
10 39 5
155 195 5
140 331 5
145 170 5
47 382 5
212 378 5
170 253 5
108 387 5
83 210 5
88 112 5
15 266 5
195 253 5
195 311 5
47 274 5
223 376 5
133 149 5
142 221 5
258 262 5
78 212 5
195 240 5
27 133 5
133 150 5
108 401 5
258 341 5
195 258 5
212 289 5
279 396 5
195 305 5
195 205 5
22 186 5
48 395 5
33 251 5
14 376 5
24 197 5
26 237 5
105 382 5
17 141 5
83 290 5
236 376 5
139 174 5
195 199 5
258 337 5
1 195 5
136 258 5
142 376 5
174 195 5
51 205 5
42 377 5
212 331 5
253 264 5
212 385 5
85 258 5
209 229 5
218 239 5
175 372 5
68 137 5
56 251 5
152 399 5
18 321 5
15 267 5
99 195 5
92 322 5
207 368 5
4 195 5
105 253 5
23 76 5
83 147 5
195 398 5
297 398 5
170 252 5
166 213 5
24 160 5
11 195 5
258 361 5
251 305 5
161 239 5
175 363 5
133 307 5
166 258 5
134 195 5
279 319 5
184 303 5
26 319 5
89 195 5
16 399 5
185 215 5
135 251 5
116 251 5
221 265 5
212 304 5
10 195 5
12 227 5
171 240 5
32 328 5
89 239 5
212 382 5
39 49 5
251 295 5
195 266 5
243 303 5
211 253 5
11 303 5
155 189 5
119 195 5
213 258 5
263 343 5
30 39 5
93 195 5
48 161 5
107 341 5
118 237 5
195 345 5
82 251 5
55 229 5
70 309 5
192 371 5
36 258 5
239 263 5
172 250 5
35 229 5
267 303 5
212 245 5
153 311 5
67 146 5
239 343 5
107 287 5
195 400 5
18 373 5
86 228 5
251 344 5
149 212 5
140 303 5
209 223 5
49 108 5
213 251 5
73 263 5
261 274 5
10 362 5
74 258 5
48 173 5
195 349 5
41 280 5
49 83 5
273 316 5
87 371 5
195 322 5
159 319 5
44 130 5
29 279 5
44 283 5
128 371 5
179 253 5
264 298 5
217 312 5
36 251 5
3 209 5
70 368 5
133 179 5
66 148 5
18 195 5
156 212 5
108 135 5
15 74 5
337 396 5
39 250 5
23 364 5
127 227 5
18 200 5
12 239 5
258 321 5
60 86 5
133 225 5
258 306 5
141 386 5
195 260 5
175 202 5
48 239 5
239 377 5
212 358 5
103 195 5
339 388 5
3 12 5
266 342 5
187 251 5
24 372 5
64 388 5
313 340 5
251 345 5
205 258 5
83 276 5
364 384 5
195 254 5
41 86 5
229 354 5
212 292 5
278 303 5
121 185 5
60 209 5
1 56 5
245 341 5
195 299 5
263 371 5
172 212 5
39 137 5
155 317 5
39 199 5
170 268 5
260 384 5
33 351 5
256 263 5
13 48 5
72 302 5
54 198 5
124 195 5
251 308 5
195 230 5
91 208 5
133 171 5
180 258 5
8 303 5
144 303 5
164 212 5
83 312 5
65 195 5
94 303 5
79 239 5
210 258 5
43 185 5
7 309 5
212 291 5
258 362 5
25 309 5
84 308 5
195 248 5
272 281 5
47 174 5
8 279 5
73 212 5
253 258 5
214 372 5
68 382 5
168 309 5
15 366 5
39 366 5
239 370 5
64 358 5
105 214 5
147 189 5
86 370 5
163 258 5
139 291 5
195 215 5
212 369 5
107 209 5
162 195 5
39 384 5
83 333 5
39 185 5
112 251 5
88 121 5
17 323 5
33 384 5
221 260 5
57 185 5
263 334 5
100 172 5
195 298 5
121 297 5
135 195 5
90 223 5
247 251 5
195 327 5
15 342 5
267 350 5
267 380 5
153 322 5
209 388 5
264 303 5
15 361 5
198 331 5
131 195 5
212 337 5
303 388 5
69 388 5
161 362 5
14 84 5
214 263 5
189 333 5
21 140 5
195 301 5
153 225 5
197 258 5
78 221 5
205 366 5
39 375 5
272 311 5
95 236 5
112 271 5
195 282 5
75 133 5
222 279 5
166 358 5
107 201 5
34 334 5
239 360 5
80 212 5
195 271 5
58 135 5
47 394 5
198 204 5
6 303 5
174 258 5
19 335 5
265 355 5
239 367 5
113 226 5
47 303 5
366 399 5
55 243 5
48 88 5
374 396 5
229 251 5
122 222 5
55 113 5
76 228 5
258 332 5
23 320 5
212 279 5
33 352 5
166 338 5
303 385 5
353 372 5
167 229 5
39 180 5
301 348 5
21 59 5
79 133 5
188 220 5
46 237 5
332 347 5
258 352 5
141 396 5
159 212 5
95 239 5
129 166 5
104 185 5
84 167 5
12 93 5
95 377 5
105 322 5
108 176 5
174 344 5
83 94 5
83 301 5
7 322 5
150 195 5
207 303 5
122 294 5
134 291 5
251 298 5
29 320 5
197 302 5
20 133 5
17 266 5
39 60 5
150 331 5
7 39 5
163 343 5
52 239 5
13 223 5
24 258 5
202 258 5
23 270 5
84 108 5
195 375 5
7 251 5
7 88 5
92 123 5
212 375 5
163 393 5
47 66 5
323 351 5
95 317 5
62 70 5
20 251 5
4 303 5
377 391 5
258 298 5
118 356 5
130 195 5
185 204 5
297 394 5
297 314 5
263 339 5
303 322 5
30 330 5
329 334 5
74 275 5
29 83 5
258 346 5
351 368 5
148 366 5
94 195 5
341 383 5
212 341 5
27 172 5
43 83 5
178 251 5
123 213 5
212 381 5
163 319 5
251 253 5
203 370 5
83 195 5
4 331 5
152 392 5
123 238 5
3 395 5
121 183 5
195 297 5
303 387 5
42 251 5
153 376 5
47 195 5
90 190 5
74 239 5
63 317 5
83 292 5
18 293 5
314 369 5
48 283 5
50 153 5
118 212 5
303 380 5
238 240 5
154 195 5
195 219 5
112 273 5
237 295 5
195 394 5
83 300 5
243 347 5
118 238 5
20 129 5
72 251 5
10 296 5
306 396 5
20 21 5
27 128 5
212 360 5
213 259 5
331 400 5
58 258 5
291 303 5
41 212 5
9 251 5
212 391 5
229 357 5
344 375 5
115 370 5
277 322 5
228 336 5
51 144 5
195 392 5
354 393 5
280 353 5
37 380 5
392 396 5
27 267 5
259 374 5
6 258 5
205 274 5
108 156 5
34 399 5
64 195 5
61 144 5
145 237 5
34 251 5
106 135 5
325 341 5
39 151 5
48 198 5
217 297 5
102 226 5
340 360 5
25 128 5
243 366 5
164 239 5
195 270 5
57 195 5
175 237 5
69 195 5
79 196 5
35 368 5
277 388 5
71 213 5
96 251 5
21 195 5
13 23 5
223 303 5
239 390 5
89 388 5
258 266 5
27 253 5
39 139 5
42 195 5
227 322 5
298 356 5
1 390 5
3 195 5
10 347 5
121 321 5
186 331 5
195 203 5
83 205 5
59 277 5
56 209 5
260 267 5
239 295 5
66 258 5
18 394 5
151 228 5
128 376 5
101 132 5
195 236 5
190 251 5
117 227 5
92 195 5
133 311 5
32 240 5
78 303 5
34 148 5
67 189 5
81 243 5
143 211 5
138 251 5
39 130 5
166 372 5
27 122 5
189 368 5
102 372 5
212 329 5
151 313 5
174 371 5
84 195 5
29 197 5
148 217 5
226 388 5
94 341 5
193 239 5
195 252 5
206 384 5
270 329 5
251 348 5
168 388 5
212 361 5
258 314 5
251 322 5
275 380 5
358 365 5
4 108 5
107 195 5
107 371 5
27 195 5
195 278 5
30 81 5
212 277 5
173 239 5
135 374 5
192 304 5
34 166 5
126 330 5
82 260 5
195 334 5
295 367 5
194 251 5
86 166 5
186 344 5
258 392 5
273 388 5
103 305 5
48 63 5
113 133 5
166 322 5
53 373 5
49 186 5
235 258 5
351 382 5
169 219 5
58 212 5
195 196 5
82 212 5
163 253 5
60 215 5
212 303 5
77 133 5
53 158 5
109 385 5
154 251 5
251 327 5
23 383 5
70 303 5
212 353 5
6 195 5
210 280 5
95 130 5
40 92 5
166 243 5
195 324 5
123 224 5
8 146 5
77 209 5
41 320 5
121 299 5
56 358 5
78 173 5
169 301 5
154 380 5
45 258 5
123 239 5
12 361 5
135 298 5
46 369 5
309 369 5
21 212 5
168 282 5
93 391 5
3 220 5
197 333 5
228 382 5
84 347 5
277 301 5
70 259 5
144 212 5
127 353 5
200 279 5
108 197 5
4 169 5
150 183 5
35 303 5
4 315 5
56 195 5
167 168 5
181 304 5
219 256 5
148 382 5
212 372 5
140 209 5
278 292 5
188 322 5
195 378 5
169 258 5
88 314 5
112 339 5
3 251 5
243 385 5
55 376 5
284 303 5
25 211 5
11 212 5
62 221 5
133 211 5
73 376 5
39 262 5
337 366 5
22 333 5
241 366 5
12 173 5
19 347 5
188 248 5
68 301 5
331 359 5
195 218 5
12 100 5
137 153 5
135 233 5
141 229 5
149 371 5
200 355 5
82 85 5
195 286 5
29 66 5
133 284 5
186 314 5
251 351 5
74 116 5
195 318 5
275 396 5
243 257 5
266 346 5
10 148 5
132 140 5
247 322 5
282 366 5
141 251 5
4 159 5
133 166 5
197 392 5
50 74 5
204 209 5
367 378 5
49 195 5
128 313 5
108 371 5
34 195 5
350 388 5
151 195 5
150 251 5
123 310 5
69 197 5
166 246 5
129 382 5
41 258 5
83 120 5
212 286 5
115 198 5
243 388 5
219 258 5
68 258 5
258 282 5
89 152 5
161 312 5
263 359 5
303 343 5
83 190 5
303 348 5
14 202 5
195 276 5
15 351 5
166 185 5
195 202 5
49 253 5
26 258 5
188 258 5
29 140 5
153 220 5
12 110 5
96 376 5
195 360 5
231 276 5
133 247 5
18 60 5
152 153 5
303 363 5
94 239 5
135 258 5
140 293 5
250 347 5
133 204 5
180 254 5
158 328 5
73 351 5
48 75 5
195 379 5
301 399 5
114 187 5
270 296 5
236 384 5
76 82 5
262 303 5
122 195 5
169 383 5
7 289 5
176 339 5
357 388 5
212 359 5
96 258 5
16 299 5
13 108 5
194 303 5
105 317 5
83 99 5
282 382 5
49 279 5
72 137 5
329 387 5
6 39 5
303 400 5
303 366 5
195 333 5
296 311 5
235 237 5
234 395 5
160 401 5
187 195 5
104 133 5
236 380 5
112 226 5
57 137 5
381 395 5
41 261 5
237 247 5
39 73 5
251 355 5
303 313 5
32 84 5
116 195 5
15 156 5
235 249 5
212 356 5
108 363 5
258 301 5
58 251 5
211 255 5
201 263 5
7 15 5
241 251 5
275 303 5
56 239 5
111 140 5
88 318 5
74 108 5
109 388 5
138 146 5
95 262 5
45 212 5
10 364 5
132 356 5
167 212 5
174 268 5
105 225 5
195 210 5
239 329 5
195 214 5
258 307 5
204 212 5
212 294 5
138 322 5
111 394 5
236 303 5
127 258 5
46 195 5
24 329 5
2 45 5
186 361 5
89 90 5
173 175 5
53 372 5
6 105 5
132 388 5
169 305 5
195 262 5
258 318 5
258 347 5
154 376 5
166 365 5
216 258 5
70 195 5
283 368 5
117 258 5
183 236 5
137 239 5
239 381 5
43 336 5
261 264 5
29 189 5
71 328 5
52 133 5
196 322 5
130 239 5
70 109 5
195 288 5
83 373 5
258 388 5
251 381 5
129 195 5
137 326 5
148 171 5
20 295 5
70 200 5
195 388 5
15 234 5
140 359 5
12 102 5
241 299 5
174 183 5
162 229 5
139 258 5
179 263 5
215 294 5
11 105 5
12 23 5
109 394 5
132 218 5
206 258 5
112 208 5
206 339 5
41 105 5
70 295 5
53 212 5
276 388 5
240 398 5
152 258 5
72 96 5
103 301 5
50 258 5
108 146 5
195 239 5
229 366 5
57 303 5
13 340 5
133 324 5
217 258 5
19 112 5
212 339 5
47 99 5
263 388 5
212 392 5
6 101 5
195 383 5
212 283 5
197 247 5
187 266 5
366 384 5
207 251 5
83 150 5
153 296 5
141 303 5
263 394 5
5 282 5
71 195 5
232 258 5
96 193 5
183 380 5
229 360 5
7 10 5
123 386 5
1 372 5
27 135 5
212 363 5
48 273 5
83 222 5
101 212 5
195 224 5
300 322 5
174 375 5
32 167 5
101 145 5
197 224 5
240 331 5
53 394 5
50 212 5
13 357 5
120 212 5
47 206 5
41 278 5
59 195 5
71 83 5
105 243 5
141 212 5
195 373 5
133 165 5
70 388 5
215 239 5
31 252 5
235 339 5
24 195 5
98 303 5
83 289 5
12 131 5
159 280 5
6 319 5
195 275 5
187 212 5
36 212 5
27 83 5
164 252 5
117 259 5
77 258 5
239 260 5
119 121 5
28 399 5
113 289 5
212 321 5
282 320 5
237 352 5
111 240 5
237 377 5
38 135 5
212 323 5
151 258 5
161 195 5
158 184 5
12 66 5
195 284 5
64 258 5
221 321 5
27 41 5
40 105 5
137 207 5
107 170 5
7 242 5
260 385 5
132 195 5
39 105 5
270 391 5
175 193 5
243 342 5
78 292 5
170 251 5
135 206 5
107 138 5
229 395 5
148 185 5
260 303 5
258 304 5
164 358 5
303 304 5
91 262 5
76 377 5
67 135 5
91 111 5
269 394 5
110 212 5
81 83 5
206 341 5
199 373 5
108 304 5
100 258 5
54 106 5
36 305 5
23 225 5
43 320 5
48 321 5
197 251 5
171 239 5
140 373 5
88 209 5
146 239 5
160 212 5
140 207 5
320 355 5
101 282 5
48 185 5
313 366 5
212 371 5
322 363 5
103 133 5
83 372 5
166 388 5
15 396 5
67 133 5
39 278 5
195 268 5
218 236 5
2 126 5
216 243 5
6 152 5
53 303 5
240 371 5
4 239 5
198 258 5
240 258 5
23 91 5
92 163 5
189 251 5
221 316 5
83 221 5
163 241 5
195 261 5
149 255 5
51 210 5
161 198 5
11 125 5
70 166 5
103 251 5
38 195 5
303 316 5
119 186 5
119 303 5
90 212 5
186 201 5
209 321 5
103 212 5
106 364 5
37 39 5
204 290 5
285 301 5
303 378 5
243 295 5
39 236 5
64 299 5
74 251 5
27 273 5
256 258 5
91 94 5
133 384 5
133 344 5
30 367 5
20 270 5
236 302 5
121 292 5
11 204 5
263 290 5
81 195 5
251 285 5
152 251 5
25 242 5
180 287 5
182 339 5
263 295 5
141 363 5
13 313 5
118 195 5
169 195 5
195 280 5
108 299 5
98 195 5
54 212 5
108 319 5
333 378 5
218 251 5
281 293 5
97 212 5
331 388 5
50 333 5
29 368 5
84 212 5
9 384 5
10 47 5
182 385 5
122 367 5
159 186 5
98 166 5
48 120 5
195 283 5
322 343 5
99 161 5
3 258 5
176 212 5
74 263 5
195 344 5
121 354 5
300 375 5
278 327 5
310 354 5
248 251 5
239 300 5
260 291 5
37 239 5
41 344 5
199 303 5
53 217 5
36 239 5
250 301 5
227 251 5
357 366 5
190 259 5
176 301 5
85 322 5
129 393 5
41 397 5
258 355 5
39 128 5
240 253 5
201 303 5
53 129 5
41 77 5
212 281 5
205 321 5
35 83 5
255 263 5
251 261 5
195 243 5
39 357 5
195 292 5
80 328 5
203 385 5
258 324 5
109 195 5
95 364 5
149 299 5
107 359 5
39 306 5
149 251 5
168 355 5
156 195 5
161 258 5
314 359 5
64 211 5
190 195 5
63 185 5
41 202 5
254 324 5
251 347 5
234 258 5
27 396 5
