46 132 3
104 114 3
132 298 3
104 120 3
120 207 3
120 317 3
120 243 3
120 205 3
12 46 3
132 214 3
58 132 3
73 120 3
132 196 3
281 317 3
120 136 3
104 152 3
120 146 3
3 317 3
78 214 3
80 207 3
274 281 3
204 274 3
120 273 3
57 132 3
120 133 3
59 132 3
32 100 3
120 168 3
132 243 3
204 297 3
281 283 3
189 214 3
115 132 3
104 108 3
317 319 3
3 156 3
132 259 3
120 315 3
73 256 3
214 286 3
120 322 3
120 180 3
131 205 3
38 120 3
57 100 3
132 261 3
120 221 3
131 281 3
12 14 3
3 295 3
120 283 3
132 189 3
132 251 3
120 288 3
214 231 3
198 298 3
120 203 3
168 295 3
18 205 3
132 260 3
152 283 3
120 148 3
67 168 3
3 27 3
120 252 3
1 100 3
120 164 3
120 250 3
49 152 3
13 180 3
132 157 3
120 309 3
120 304 3
31 120 3
120 215 3
56 281 3
17 120 3
90 261 3
214 247 3
40 120 3
120 210 3
120 228 3
100 132 3
2 214 3
185 273 3
120 308 3
120 165 3
3 248 3
90 122 3
231 309 3
73 314 3
132 171 3
214 307 3
207 226 3
117 132 3
283 284 3
205 304 3
120 222 3
38 277 3
171 296 3
252 327 3
83 120 3
132 156 3
21 38 3
178 207 3
49 171 3
58 235 3
132 170 3
164 279 3
7 274 3
108 110 3
152 241 3
15 207 3
205 323 3
121 214 3
201 295 3
90 108 3
99 247 3
13 30 3
49 157 3
126 277 3
153 221 3
120 246 3
120 226 3
171 271 3
90 243 3
40 298 3
14 109 3
267 317 3
260 264 3
127 164 3
58 317 3
132 297 3
120 302 3
142 267 3
99 132 3
151 283 3
120 331 3
120 291 3
180 194 3
83 182 3
211 214 3
21 120 3
3 71 3
57 126 3
174 243 3
58 155 3
3 161 3
50 120 3
205 245 3
132 245 3
219 317 3
264 289 3
127 132 3
286 298 3
207 321 3
9 120 3
120 194 3
132 199 3
207 263 3
45 295 3
120 265 3
56 130 3
83 132 3
273 294 3
3 287 3
3 44 3
51 283 3
120 299 3
49 106 3
132 201 3
49 259 3
15 120 3
7 246 3
188 283 3
120 293 3
62 104 3
49 290 3
177 201 3
49 268 3
120 191 3
120 137 3
176 291 3
132 222 3
34 104 3
153 295 3
87 231 3
152 314 3
29 201 3
120 134 3
72 247 3
230 241 3
120 303 3
135 201 3
131 332 3
67 120 3
102 319 3
145 207 3
11 248 3
109 120 3
114 214 3
294 317 3
120 217 3
12 87 3
20 120 3
7 103 3
21 189 3
15 248 3
67 331 3
171 320 3
34 132 3
245 332 3
73 140 3
120 256 3
87 295 3
49 59 3
111 283 3
13 208 3
62 108 3
117 189 3
120 224 3
36 132 3
193 279 3
15 140 3
20 317 3
156 182 3
120 275 3
38 297 3
131 306 3
152 243 3
120 216 3
116 120 3
180 283 3
132 224 3
84 132 3
90 242 3
197 309 3
274 291 3
180 221 3
67 86 3
3 114 3
54 120 3
178 221 3
132 311 3
12 171 3
40 58 3
323 325 3
181 191 3
124 214 3
127 283 3
225 317 3
120 196 3
168 285 3
129 243 3
39 247 3
49 116 3
214 260 3
57 275 3
10 331 3
182 299 3
250 314 3
154 273 3
203 291 3
120 329 3
90 312 3
120 318 3
45 179 3
120 166 3
283 326 3
22 120 3
52 120 3
49 197 3
25 126 3
120 240 3
157 331 3
109 126 3
120 162 3
3 21 3
20 171 3
16 38 3
259 272 3
45 120 3
92 243 3
76 171 3
132 178 3
83 240 3
120 202 3
138 317 3
120 177 3
3 11 3
8 83 3
40 252 3
277 324 3
15 276 3
49 245 3
105 307 3
120 324 3
132 296 3
120 260 3
94 164 3
162 320 3
208 331 3
100 109 3
25 332 3
99 120 3
161 167 3
22 164 3
120 181 3
19 21 3
120 220 3
54 246 3
35 231 3
43 132 3
56 239 3
136 317 3
47 251 3
245 253 3
2 177 3
120 145 3
109 263 3
12 293 3
120 327 3
238 277 3
29 260 3
126 244 3
207 289 3
207 250 3
131 191 3
162 317 3
38 86 3
62 128 3
49 241 3
122 317 3
41 277 3
68 256 3
38 105 3
120 212 3
19 120 3
42 201 3
66 120 3
199 283 3
140 179 3
7 50 3
120 182 3
26 251 3
129 274 3
187 273 3
69 132 3
3 121 3
3 235 3
87 120 3
2 109 3
135 156 3
120 237 3
75 120 3
188 241 3
115 120 3
47 120 3
67 121 3
120 262 3
245 311 3
85 120 3
69 181 3
232 317 3
132 292 3
49 274 3
28 120 3
49 266 3
185 231 3
247 286 3
211 295 3
132 276 3
68 260 3
104 252 3
160 244 3
27 120 3
35 65 3
171 221 3
140 298 3
188 297 3
22 33 3
120 261 3
44 120 3
73 83 3
163 214 3
176 241 3
87 264 3
214 315 3
105 317 3
25 120 3
41 56 3
132 266 3
3 51 3
86 120 3
74 279 3
120 190 3
25 67 3
120 209 3
13 188 3
193 241 3
120 147 3
53 120 3
174 221 3
180 282 3
214 229 3
300 315 3
171 240 3
294 300 3
70 288 3
132 158 3
132 216 3
206 274 3
48 168 3
3 174 3
83 146 3
113 329 3
118 279 3
49 119 3
24 121 3
171 277 3
58 131 3
132 235 3
138 309 3
260 301 3
83 164 3
207 241 3
252 260 3
120 193 3
113 295 3
67 292 3
76 120 3
120 314 3
144 145 3
100 253 3
21 76 3
110 120 3
73 167 3
288 294 3
120 290 3
156 233 3
132 134 3
126 184 3
260 303 3
180 332 3
120 297 3
157 260 3
49 144 3
126 321 3
87 267 3
3 101 3
303 315 3
120 289 3
96 120 3
132 146 3
51 230 3
83 125 3
67 195 3
36 45 3
48 231 3
145 249 3
29 120 3
181 189 3
97 124 3
132 166 3
142 207 3
56 175 3
167 327 3
195 332 3
176 283 3
10 132 3
9 199 3
234 283 3
120 266 3
184 248 3
18 241 3
120 278 3
68 120 3
10 120 3
42 90 3
45 56 3
8 120 3
120 192 3
283 285 3
70 120 3
35 133 3
160 215 3
71 181 3
100 120 3
196 262 3
56 228 3
306 317 3
41 50 3
131 301 3
30 196 3
90 254 3
120 294 3
120 241 3
160 250 3
132 223 3
126 152 3
13 238 3
107 331 3
172 332 3
120 150 3
252 311 3
144 331 3
100 308 3
49 224 3
161 283 3
71 120 3
180 223 3
186 268 3
90 252 3
98 189 3
83 319 3
102 243 3
120 229 3
82 235 3
3 218 3
120 235 3
126 194 3
132 306 3
26 297 3
297 327 3
65 261 3
58 106 3
120 264 3
120 231 3
42 241 3
114 120 3
120 170 3
120 270 3
132 247 3
132 240 3
169 298 3
204 331 3
40 296 3
120 292 3
79 199 3
11 136 3
26 270 3
120 157 3
255 283 3
132 280 3
286 294 3
11 274 3
132 135 3
51 240 3
97 104 3
120 174 3
21 285 3
100 241 3
119 243 3
120 171 3
132 226 3
6 207 3
291 317 3
247 295 3
191 195 3
38 123 3
98 232 3
65 331 3
38 52 3
93 120 3
179 289 3
120 287 3
61 100 3
57 120 3
26 106 3
186 260 3
196 245 3
64 314 3
131 219 3
3 281 3
120 184 3
15 187 3
278 309 3
164 255 3
143 232 3
89 120 3
189 304 3
120 310 3
142 254 3
70 220 3
132 172 3
120 160 3
62 120 3
184 207 3
91 114 3
23 132 3
120 330 3
26 27 3
100 284 3
125 201 3
308 311 3
180 275 3
40 57 3
129 160 3
119 247 3
25 138 3
99 227 3
49 264 3
317 330 3
30 291 3
235 287 3
1 144 3
37 120 3
132 149 3
139 195 3
100 213 3
26 48 3
111 120 3
45 306 3
27 49 3
120 284 3
120 169 3
309 313 3
106 194 3
64 164 3
201 290 3
37 57 3
22 38 3
109 308 3
120 173 3
83 184 3
164 294 3
217 319 3
120 332 3
130 214 3
211 281 3
245 306 3
238 243 3
98 114 3
20 132 3
51 170 3
73 97 3
75 116 3
152 328 3
199 221 3
118 303 3
178 279 3
95 232 3
3 91 3
132 133 3
258 317 3
267 281 3
49 320 3
56 261 3
252 276 3
162 332 3
124 132 3
23 317 3
50 132 3
276 314 3
54 103 3
148 268 3
28 62 3
76 332 3
5 214 3
102 132 3
29 70 3
108 317 3
291 323 3
187 306 3
235 241 3
85 182 3
29 287 3
13 120 3
132 159 3
72 317 3
75 132 3
65 264 3
5 120 3
171 249 3
120 186 3
96 235 3
107 250 3
226 241 3
91 120 3
120 223 3
214 227 3
120 189 3
1 315 3
51 204 3
84 195 3
144 177 3
11 120 3
195 207 3
26 213 3
146 283 3
56 119 3
136 221 3
132 252 3
120 144 3
130 132 3
132 325 3
90 251 3
132 148 3
168 313 3
13 263 3
128 214 3
64 120 3
120 141 3
231 325 3
3 278 3
148 217 3
107 214 3
52 132 3
120 124 3
43 120 3
1 304 3
40 132 3
145 210 3
181 303 3
2 120 3
4 132 3
70 145 3
126 287 3
8 195 3
88 246 3
124 287 3
126 186 3
284 286 3
44 293 3
251 298 3
214 319 3
207 329 3
204 262 3
58 173 3
12 120 3
14 214 3
120 204 3
110 214 3
186 234 3
18 120 3
72 121 3
157 206 3
53 126 3
42 72 3
48 114 3
212 274 3
97 171 3
84 207 3
21 317 3
16 120 3
201 227 3
120 295 3
100 256 3
250 323 3
22 34 3
171 206 3
132 309 3
182 266 3
58 120 3
54 317 3
120 242 3
67 132 3
21 66 3
109 273 3
48 138 3
207 261 3
174 298 3
12 308 3
132 250 3
60 120 3
90 269 3
295 299 3
120 132 3
60 260 3
152 176 3
103 104 3
68 214 3
56 240 3
181 324 3
49 284 3
120 296 3
55 120 3
38 110 3
120 187 3
65 120 3
100 210 3
49 166 3
198 214 3
3 58 3
82 241 3
95 132 3
94 120 3
181 326 3
285 317 3
48 185 3
126 281 3
13 204 3
302 317 3
167 271 3
107 239 3
124 252 3
120 179 3
97 193 3
295 324 3
106 120 3
204 283 3
38 330 3
59 307 3
170 233 3
10 171 3
79 300 3
209 330 3
120 176 3
171 241 3
122 244 3
311 317 3
18 252 3
86 199 3
85 331 3
120 130 3
257 266 3
28 126 3
82 120 3
138 261 3
129 132 3
51 120 3
118 207 3
325 327 3
68 238 3
164 291 3
207 272 3
34 65 3
293 317 3
19 126 3
120 142 3
38 220 3
3 59 3
132 262 3
65 164 3
131 230 3
258 267 3
120 185 3
156 256 3
88 207 3
121 293 3
98 233 3
260 309 3
21 31 3
196 294 3
126 329 3
84 187 3
235 243 3
67 196 3
120 140 3
132 230 3
6 133 3
215 267 3
269 298 3
43 90 3
157 245 3
34 120 3
57 207 3
32 180 3
200 271 3
58 135 3
23 267 3
132 140 3
41 74 3
121 227 3
159 214 3
112 135 3
120 195 3
180 284 3
2 331 3
119 238 3
120 234 3
11 95 3
216 311 3
18 257 3
109 317 3
67 207 3
21 135 3
221 283 3
73 171 3
248 317 3
162 304 3
90 262 3
120 199 3
201 317 3
121 132 3
93 191 3
67 96 3
43 92 3
104 132 3
74 325 3
165 297 3
105 260 3
156 274 3
112 120 3
166 181 3
49 199 3
60 211 3
114 196 3
158 291 3
93 281 3
2 186 3
28 104 3
252 263 3
21 55 3
98 180 3
103 109 3
132 326 3
114 197 3
20 284 3
181 224 3
104 106 3
58 189 3
231 331 3
120 282 3
120 298 3
138 207 3
10 156 3
87 167 3
25 30 3
100 162 3
58 136 3
158 248 3
129 271 3
76 157 3
174 299 3
183 274 3
164 223 3
21 144 3
137 182 3
118 150 3
61 316 3
214 224 3
119 233 3
121 248 3
33 120 3
56 234 3
199 235 3
188 236 3
34 307 3
132 139 3
109 272 3
45 212 3
228 243 3
102 264 3
120 316 3
36 72 3
120 301 3
132 153 3
11 121 3
121 241 3
4 214 3
90 303 3
65 199 3
28 274 3
178 308 3
99 331 3
67 241 3
133 220 3
69 274 3
58 256 3
49 163 3
126 142 3
13 39 3
21 264 3
111 132 3
166 213 3
224 264 3
65 85 3
260 269 3
92 239 3
120 305 3
34 131 3
196 277 3
63 132 3
270 319 3
1 24 3
120 259 3
94 100 3
27 104 3
83 191 3
62 301 3
145 212 3
215 329 3
7 120 3
132 217 3
132 231 3
188 256 3
33 235 3
120 312 3
49 279 3
120 211 3
109 204 3
138 246 3
75 183 3
280 283 3
132 191 3
9 181 3
3 151 3
171 229 3
120 326 3
196 229 3
99 182 3
49 120 3
49 214 3
141 317 3
120 276 3
120 126 3
120 244 3
38 181 3
132 331 3
126 283 3
151 170 3
94 308 3
139 228 3
38 62 3
16 319 3
240 318 3
152 248 3
36 120 3
95 274 3
68 144 3
9 207 3
60 171 3
152 279 3
83 305 3
122 164 3
229 252 3
120 175 3
171 231 3
141 226 3
15 111 3
90 309 3
7 124 3
63 120 3
88 317 3
112 253 3
114 237 3
247 320 3
171 318 3
63 141 3
120 156 3
23 49 3
3 311 3
120 269 3
253 268 3
132 192 3
131 262 3
17 132 3
99 162 3
173 256 3
131 159 3
132 209 3
85 191 3
132 263 3
27 100 3
56 322 3
92 120 3
83 227 3
110 144 3
101 252 3
7 223 3
127 239 3
293 310 3
283 290 3
132 232 3
141 149 3
37 159 3
190 195 3
267 287 3
92 152 3
105 120 3
3 100 3
13 323 3
36 231 3
120 313 3
140 232 3
240 319 3
98 282 3
126 172 3
234 324 3
49 117 3
182 316 3
38 132 3
131 228 3
123 132 3
86 214 3
59 120 3
54 134 3
8 332 3
132 136 3
32 281 3
67 79 3
8 58 3
133 275 3
163 317 3
120 159 3
44 49 3
181 216 3
129 166 3
209 247 3
215 252 3
145 292 3
