174 365 5
174 222 5
174 381 5
174 349 5
9 174 5
381 401 5
366 381 5
35 174 5
254 381 5
174 374 5
159 381 5
174 303 5
171 366 5
279 381 5
174 390 5
70 349 5
80 356 5
10 174 5
193 390 5
43 303 5
80 237 5
195 381 5
35 173 5
146 254 5
43 56 5
174 338 5
281 381 5
174 227 5
70 130 5
17 108 5
42 174 5
174 212 5
279 354 5
11 381 5
35 185 5
115 174 5
279 345 5
174 395 5
113 174 5
174 203 5
43 362 5
72 362 5
102 222 5
236 362 5
171 381 5
19 212 5
11 90 5
174 326 5
101 381 5
174 179 5
43 180 5
185 318 5
43 215 5
303 378 5
53 174 5
222 362 5
2 43 5
185 215 5
138 381 5
222 309 5
43 256 5
192 381 5
84 174 5
116 395 5
177 215 5
188 381 5
214 279 5
76 203 5
187 362 5
71 381 5
61 338 5
142 381 5
376 381 5
95 362 5
174 348 5
80 174 5
174 264 5
128 174 5
150 174 5
345 362 5
43 66 5
17 220 5
58 192 5
43 236 5
174 355 5
365 372 5
174 215 5
209 222 5
72 136 5
43 239 5
32 174 5
174 382 5
270 381 5
174 350 5
121 214 5
170 362 5
123 345 5
46 174 5
259 362 5
75 174 5
351 381 5
159 370 5
174 314 5
174 341 5
174 237 5
56 366 5
8 381 5
66 210 5
174 325 5
170 366 5
222 327 5
281 388 5
302 362 5
67 174 5
58 199 5
196 215 5
309 382 5
18 174 5
264 347 5
203 396 5
207 362 5
356 362 5
2 174 5
127 341 5
126 381 5
63 209 5
327 362 5
203 273 5
208 381 5
236 275 5
54 136 5
174 287 5
306 381 5
226 381 5
94 159 5
79 381 5
100 381 5
198 362 5
63 170 5
20 174 5
52 237 5
174 346 5
9 43 5
215 282 5
77 366 5
281 299 5
174 362 5
13 174 5
159 377 5
63 174 5
130 148 5
174 225 5
39 174 5
174 351 5
292 370 5
9 139 5
79 261 5
27 351 5
342 381 5
362 376 5
294 366 5
174 302 5
210 338 5
95 338 5
123 183 5
165 174 5
174 186 5
174 397 5
43 172 5
166 237 5
15 43 5
139 257 5
159 317 5
2 58 5
213 349 5
221 261 5
123 159 5
63 255 5
195 305 5
20 326 5
276 381 5
279 359 5
215 377 5
92 214 5
43 51 5
174 258 5
48 318 5
159 274 5
78 174 5
85 299 5
105 174 5
79 322 5
276 401 5
24 43 5
44 220 5
102 174 5
71 73 5
226 292 5
174 242 5
43 367 5
43 140 5
86 159 5
21 174 5
174 336 5
192 223 5
174 291 5
110 174 5
11 179 5
159 225 5
240 279 5
119 381 5
11 206 5
174 345 5
64 174 5
237 358 5
72 199 5
174 257 5
381 384 5
281 297 5
174 175 5
193 237 5
344 362 5
174 389 5
160 174 5
35 381 5
174 251 5
336 381 5
242 344 5
108 362 5
290 381 5
216 365 5
54 381 5
174 296 5
20 364 5
174 309 5
21 108 5
4 43 5
255 381 5
211 279 5
274 381 5
371 381 5
240 288 5
36 174 5
279 305 5
140 283 5
177 242 5
64 381 5
288 326 5
166 291 5
63 257 5
108 236 5
194 214 5
16 362 5
65 362 5
107 242 5
211 393 5
137 336 5
276 320 5
174 384 5
236 399 5
92 289 5
58 338 5
89 362 5
117 166 5
107 349 5
43 301 5
29 63 5
174 373 5
331 336 5
108 215 5
40 174 5
193 209 5
85 387 5
40 275 5
112 212 5
4 209 5
136 174 5
58 381 5
72 256 5
100 377 5
6 381 5
356 368 5
52 123 5
2 218 5
29 377 5
54 107 5
39 377 5
63 68 5
58 266 5
231 325 5
164 193 5
85 381 5
116 257 5
304 381 5
7 381 5
257 281 5
57 136 5
172 174 5
215 331 5
70 381 5
174 310 5
123 234 5
47 234 5
139 184 5
174 187 5
66 164 5
88 326 5
254 351 5
17 399 5
176 389 5
45 174 5
185 349 5
174 276 5
24 336 5
152 209 5
51 72 5
234 341 5
65 325 5
43 171 5
119 260 5
174 394 5
178 377 5
174 274 5
102 357 5
100 257 5
21 138 5
232 279 5
11 65 5
362 387 5
34 381 5
17 20 5
56 362 5
43 55 5
107 174 5
345 381 5
260 272 5
246 338 5
233 236 5
212 299 5
53 399 5
99 174 5
290 344 5
174 248 5
174 299 5
20 268 5
237 315 5
228 349 5
58 174 5
83 174 5
206 362 5
69 174 5
182 356 5
284 399 5
213 381 5
78 399 5
171 370 5
43 311 5
256 381 5
159 384 5
17 364 5
35 336 5
83 345 5
242 314 5
43 387 5
24 299 5
310 362 5
104 107 5
81 381 5
2 74 5
17 178 5
72 229 5
174 305 5
134 174 5
51 362 5
40 43 5
182 305 5
194 242 5
62 174 5
163 170 5
233 256 5
43 324 5
101 362 5
174 252 5
166 174 5
24 150 5
209 231 5
14 108 5
339 381 5
202 276 5
299 354 5
53 362 5
101 107 5
83 223 5
65 98 5
174 209 5
343 362 5
202 381 5
112 388 5
174 359 5
167 336 5
131 211 5
129 381 5
232 306 5
302 381 5
249 344 5
262 362 5
12 362 5
14 374 5
373 390 5
109 174 5
287 362 5
33 174 5
9 362 5
28 174 5
274 320 5
18 264 5
174 369 5
20 66 5
17 162 5
117 215 5
51 174 5
174 323 5
136 343 5
52 209 5
54 362 5
279 332 5
31 174 5
82 174 5
95 174 5
254 349 5
11 18 5
334 362 5
174 398 5
5 105 5
57 362 5
174 358 5
127 220 5
43 89 5
209 284 5
107 322 5
223 296 5
19 349 5
223 231 5
290 328 5
163 174 5
73 174 5
41 349 5
68 345 5
9 180 5
312 381 5
174 377 5
260 279 5
159 185 5
56 111 5
308 381 5
18 301 5
6 159 5
43 173 5
17 61 5
11 240 5
174 193 5
190 232 5
24 343 5
144 174 5
320 329 5
57 107 5
174 190 5
58 167 5
43 314 5
187 215 5
106 266 5
105 381 5
58 187 5
151 381 5
174 275 5
237 267 5
18 180 5
161 174 5
197 381 5
192 366 5
174 208 5
55 89 5
8 139 5
237 330 5
164 381 5
251 286 5
303 362 5
43 321 5
174 316 5
17 353 5
308 336 5
83 266 5
256 326 5
101 212 5
165 242 5
71 218 5
33 187 5
98 107 5
44 174 5
74 174 5
30 232 5
14 174 5
174 298 5
209 299 5
6 138 5
112 174 5
30 381 5
237 283 5
182 222 5
17 69 5
257 368 5
37 63 5
215 319 5
108 335 5
147 366 5
72 227 5
42 264 5
24 320 5
121 342 5
154 174 5
183 192 5
201 381 5
140 231 5
335 366 5
26 174 5
43 115 5
107 126 5
87 174 5
170 374 5
81 174 5
170 314 5
43 197 5
174 214 5
174 241 5
143 303 5
20 90 5
174 352 5
279 328 5
139 156 5
108 128 5
118 174 5
309 394 5
207 215 5
281 330 5
174 396 5
239 362 5
174 282 5
16 381 5
58 279 5
50 276 5
42 206 5
67 170 5
279 308 5
174 281 5
222 355 5
95 284 5
159 392 5
240 293 5
127 316 5
187 250 5
33 381 5
209 367 5
24 174 5
154 279 5
164 318 5
58 207 5
174 322 5
31 349 5
362 373 5
265 336 5
319 322 5
54 354 5
23 101 5
95 220 5
236 385 5
268 381 5
43 262 5
149 222 5
192 398 5
233 263 5
239 381 5
123 389 5
73 317 5
54 94 5
174 198 5
95 257 5
8 170 5
215 264 5
20 130 5
23 257 5
193 203 5
76 85 5
58 149 5
65 379 5
347 366 5
20 209 5
362 395 5
56 178 5
149 226 5
174 224 5
174 259 5
43 94 5
188 287 5
302 377 5
101 230 5
87 382 5
174 385 5
174 220 5
13 287 5
43 209 5
266 294 5
211 362 5
1 56 5
6 171 5
178 253 5
152 242 5
17 338 5
90 211 5
123 176 5
168 381 5
105 238 5
241 309 5
301 373 5
115 362 5
272 381 5
138 159 5
130 174 5
162 381 5
18 222 5
48 345 5
352 381 5
72 174 5
133 174 5
100 107 5
43 211 5
153 381 5
185 222 5
22 174 5
105 215 5
61 174 5
24 192 5
8 174 5
35 244 5
198 381 5
116 214 5
96 349 5
73 370 5
231 277 5
175 232 5
9 257 5
83 230 5
174 189 5
138 285 5
237 321 5
279 301 5
63 292 5
87 397 5
17 86 5
140 174 5
286 362 5
174 393 5
77 362 5
349 373 5
248 266 5
9 13 5
222 367 5
174 400 5
43 298 5
50 253 5
159 268 5
105 279 5
208 212 5
174 272 5
177 354 5
43 398 5
214 356 5
31 282 5
82 187 5
95 381 5
380 381 5
205 345 5
145 336 5
29 215 5
106 239 5
119 370 5
174 367 5
152 188 5
43 169 5
145 362 5
236 285 5
368 381 5
333 381 5
283 294 5
107 200 5
73 74 5
174 333 5
235 345 5
87 122 5
195 364 5
173 174 5
186 212 5
69 277 5
189 381 5
66 174 5
33 207 5
246 377 5
117 174 5
108 146 5
17 361 5
362 390 5
82 279 5
174 246 5
54 168 5
86 275 5
116 380 5
77 194 5
43 62 5
280 294 5
17 248 5
153 276 5
149 325 5
202 285 5
159 208 5
18 279 5
305 326 5
173 192 5
91 174 5
97 174 5
63 200 5
49 174 5
3 174 5
192 262 5
357 377 5
74 123 5
191 362 5
87 141 5
178 279 5
149 174 5
331 395 5
237 256 5
321 381 5
174 388 5
153 252 5
79 280 5
24 110 5
214 316 5
227 281 5
104 237 5
136 288 5
170 234 5
68 161 5
174 318 5
108 313 5
31 340 5
2 206 5
172 327 5
215 238 5
2 381 5
58 400 5
95 246 5
209 300 5
73 209 5
317 358 5
143 215 5
17 51 5
11 168 5
158 174 5
118 168 5
10 123 5
237 362 5
176 362 5
160 390 5
196 362 5
6 174 5
174 383 5
58 354 5
98 306 5
159 297 5
83 189 5
277 326 5
21 115 5
40 132 5
174 320 5
242 382 5
63 193 5
54 399 5
174 268 5
73 112 5
104 381 5
297 394 5
349 362 5
174 332 5
140 188 5
109 153 5
136 275 5
89 100 5
257 387 5
169 174 5
134 246 5
64 193 5
95 308 5
73 107 5
249 261 5
230 348 5
279 340 5
123 223 5
217 287 5
35 192 5
212 284 5
174 354 5
60 75 5
59 240 5
72 267 5
264 328 5
293 309 5
79 263 5
377 381 5
106 174 5
48 381 5
58 366 5
274 304 5
174 308 5
107 198 5
214 362 5
43 79 5
108 174 5
1 149 5
174 328 5
174 191 5
66 184 5
1 174 5
89 174 5
124 212 5
43 204 5
334 345 5
271 400 5
358 381 5
110 159 5
17 205 5
80 341 5
71 222 5
127 370 5
134 244 5
126 239 5
291 381 5
174 311 5
174 223 5
28 381 5
57 64 5
174 177 5
215 255 5
20 65 5
209 381 5
217 364 5
235 362 5
62 263 5
277 361 5
101 394 5
137 362 5
136 211 5
60 174 5
98 174 5
140 391 5
18 362 5
4 174 5
180 212 5
220 301 5
222 229 5
129 174 5
24 246 5
87 100 5
174 317 5
174 269 5
107 232 5
95 263 5
219 362 5
124 174 5
362 364 5
174 301 5
66 258 5
122 246 5
257 399 5
181 381 5
19 188 5
58 104 5
130 333 5
102 370 5
235 242 5
17 285 5
30 97 5
110 210 5
188 312 5
285 363 5
130 357 5
84 136 5
66 98 5
174 205 5
230 260 5
127 257 5
302 314 5
10 262 5
50 174 5
257 335 5
37 174 5
324 366 5
326 327 5
192 253 5
56 293 5
125 159 5
64 291 5
192 338 5
174 297 5
174 234 5
174 392 5
331 370 5
174 279 5
131 308 5
223 304 5
4 257 5
184 390 5
17 374 5
43 326 5
43 151 5
11 221 5
46 170 5
148 400 5
158 288 5
207 316 5
54 110 5
362 378 5
2 372 5
43 242 5
78 362 5
17 259 5
205 362 5
191 251 5
26 258 5
17 379 5
114 174 5
17 200 5
293 366 5
307 362 5
43 160 5
134 205 5
381 389 5
1 12 5
169 366 5
38 174 5
95 106 5
159 283 5
15 349 5
312 356 5
25 366 5
107 346 5
84 87 5
43 312 5
246 362 5
65 217 5
149 352 5
149 294 5
174 319 5
70 174 5
61 215 5
266 381 5
35 228 5
245 349 5
85 174 5
372 390 5
229 328 5
60 233 5
170 215 5
192 246 5
3 58 5
174 183 5
185 356 5
67 152 5
19 257 5
115 251 5
21 55 5
7 253 5
96 215 5
167 279 5
96 174 5
142 289 5
222 292 5
24 398 5
62 95 5
272 401 5
55 174 5
318 322 5
58 193 5
174 204 5
59 367 5
204 358 5
58 322 5
110 121 5
290 380 5
104 174 5
135 174 5
350 381 5
224 349 5
124 336 5
225 308 5
174 288 5
86 225 5
105 219 5
43 243 5
13 168 5
43 291 5
31 70 5
74 336 5
15 105 5
171 362 5
90 256 5
51 55 5
171 197 5
353 381 5
174 270 5
276 338 5
34 287 5
107 389 5
174 265 5
4 279 5
274 389 5
116 174 5
214 258 5
231 361 5
18 52 5
141 362 5
271 316 5
54 174 5
139 174 5
202 294 5
279 341 5
91 231 5
43 47 5
107 148 5
186 314 5
74 257 5
232 362 5
113 381 5
24 236 5
126 388 5
24 306 5
17 130 5
17 305 5
252 292 5
336 352 5
51 130 5
43 71 5
165 215 5
25 242 5
44 62 5
11 191 5
145 174 5
51 123 5
174 331 5
159 285 5
63 381 5
58 95 5
145 305 5
96 189 5
43 64 5
330 381 5
54 363 5
137 169 5
49 215 5
54 96 5
350 390 5
289 389 5
90 105 5
234 362 5
24 206 5
270 366 5
23 174 5
86 174 5
79 244 5
292 333 5
89 305 5
102 134 5
289 349 5
121 279 5
43 241 5
12 215 5
227 317 5
242 362 5
2 67 5
94 215 5
169 362 5
43 285 5
72 206 5
43 346 5
20 242 5
97 377 5
246 350 5
2 54 5
115 159 5
169 314 5
117 316 5
65 127 5
134 340 5
198 336 5
43 165 5
121 381 5
98 360 5
174 312 5
43 341 5
49 348 5
337 381 5
43 161 5
4 302 5
141 381 5
213 279 5
116 279 5
312 344 5
4 300 5
315 381 5
110 257 5
316 363 5
26 222 5
173 278 5
22 95 5
112 252 5
161 240 5
16 215 5
2 85 5
199 377 5
174 200 5
24 34 5
263 362 5
155 377 5
74 192 5
7 212 5
155 174 5
109 215 5
71 362 5
80 164 5
72 294 5
250 381 5
157 163 5
294 341 5
128 247 5
102 267 5
43 379 5
213 362 5
356 386 5
147 281 5
110 381 5
71 223 5
27 242 5
105 191 5
136 374 5
131 174 5
44 223 5
90 174 5
172 243 5
45 223 5
32 190 5
93 174 5
174 176 5
54 364 5
311 381 5
194 349 5
16 389 5
110 168 5
173 252 5
82 84 5
58 169 5
332 381 5
252 255 5
174 184 5
53 381 5
205 257 5
110 147 5
174 235 5
362 397 5
69 81 5
47 362 5
63 308 5
104 242 5
18 359 5
13 57 5
137 174 5
43 149 5
117 209 5
174 286 5
58 225 5
212 301 5
45 212 5
102 196 5
212 378 5
47 174 5
170 229 5
93 234 5
57 373 5
277 381 5
214 320 5
41 58 5
119 257 5
174 370 5
3 329 5
54 242 5
373 378 5
54 225 5
43 109 5
141 202 5
19 292 5
62 362 5
150 215 5
232 283 5
336 373 5
174 231 5
62 336 5
9 122 5
88 362 5
55 275 5
17 292 5
66 242 5
6 242 5
29 108 5
246 298 5
107 133 5
20 145 5
91 291 5
108 118 5
126 336 5
13 387 5
197 355 5
152 319 5
42 100 5
234 381 5
114 341 5
93 400 5
215 244 5
52 331 5
79 113 5
174 229 5
310 381 5
31 279 5
42 215 5
266 346 5
111 349 5
1 110 5
167 389 5
317 381 5
235 381 5
18 229 5
224 232 5
311 378 5
17 185 5
215 342 5
83 329 5
104 219 5
174 271 5
18 262 5
20 290 5
101 391 5
174 256 5
50 138 5
79 365 5
184 349 5
174 273 5
21 381 5
129 370 5
52 366 5
111 174 5
256 336 5
68 341 5
90 399 5
94 191 5
123 317 5
160 305 5
104 215 5
83 372 5
39 203 5
265 288 5
44 257 5
84 118 5
3 185 5
174 293 5
33 66 5
210 381 5
104 363 5
125 312 5
84 107 5
174 213 5
151 371 5
43 181 5
174 327 5
78 381 5
36 121 5
66 312 5
54 279 5
110 355 5
113 209 5
366 380 5
197 329 5
174 181 5
110 208 5
141 320 5
20 96 5
83 302 5
72 304 5
256 366 5
216 236 5
244 314 5
174 217 5
76 97 5
82 293 5
203 305 5
7 333 5
144 192 5
17 309 5
29 43 5
256 264 5
7 148 5
257 265 5
270 362 5
55 236 5
58 65 5
255 274 5
174 188 5
9 91 5
196 256 5
9 368 5
128 372 5
64 237 5
43 99 5
81 158 5
181 374 5
67 187 5
143 267 5
174 250 5
26 83 5
163 223 5
12 174 5
188 362 5
174 399 5
147 225 5
179 184 5
174 401 5
19 186 5
108 381 5
174 197 5
381 383 5
215 393 5
220 237 5
257 316 5
104 393 5
70 177 5
83 97 5
135 292 5
30 174 5
9 395 5
15 51 5
165 262 5
120 173 5
33 55 5
104 352 5
48 372 5
174 185 5
223 257 5
255 362 5
170 225 5
18 134 5
175 343 5
141 174 5
187 381 5
123 332 5
21 188 5
174 344 5
310 377 5
174 207 5
174 335 5
186 292 5
257 393 5
107 170 5
237 274 5
261 347 5
321 400 5
58 364 5
129 172 5
65 272 5
268 318 5
236 382 5
222 321 5
296 338 5
55 327 5
71 174 5
18 91 5
136 292 5
202 279 5
67 381 5
158 349 5
16 265 5
7 351 5
63 279 5
15 174 5
276 397 5
7 353 5
162 222 5
95 388 5
174 260 5
13 386 5
46 316 5
1 341 5
174 263 5
215 350 5
159 276 5
107 109 5
70 362 5
12 54 5
58 306 5
113 239 5
123 371 5
344 381 5
174 380 5
97 276 5
47 341 5
135 196 5
286 317 5
334 381 5
330 337 5
197 344 5
69 274 5
245 293 5
297 349 5
156 271 5
98 381 5
116 187 5
19 74 5
18 72 5
11 174 5
112 159 5
361 381 5
23 398 5
67 363 5
43 392 5
9 107 5
49 246 5
4 211 5
174 178 5
198 366 5
287 306 5
190 370 5
88 381 5
272 319 5
177 209 5
138 174 5
158 224 5
305 367 5
43 393 5
12 331 5
8 185 5
90 281 5
77 381 5
64 349 5
108 374 5
12 18 5
105 108 5
126 366 5
288 381 5
124 176 5
184 363 5
133 299 5
43 106 5
82 87 5
88 317 5
171 260 5
14 288 5
341 381 5
82 281 5
343 376 5
264 292 5
174 330 5
40 163 5
4 320 5
223 248 5
49 51 5
87 144 5
59 352 5
292 381 5
167 362 5
173 349 5
43 174 5
97 182 5
215 253 5
144 198 5
38 43 5
223 385 5
123 287 5
56 395 5
127 237 5
95 155 5
215 361 5
322 362 5
47 215 5
20 257 5
309 336 5
190 364 5
108 331 5
35 362 5
123 207 5
43 331 5
68 198 5
43 322 5
43 356 5
237 314 5
56 367 5
174 253 5
117 362 5
223 331 5
164 390 5
257 262 5
100 174 5
212 214 5
84 116 5
279 357 5
160 366 5
58 215 5
93 171 5
54 92 5
47 185 5
200 215 5
62 252 5
174 340 5
144 364 5
62 335 5
24 37 5
362 370 5
290 392 5
119 307 5
43 396 5
258 366 5
98 349 5
244 285 5
77 326 5
18 233 5
178 186 5
130 287 5
237 381 5
98 362 5
159 357 5
237 273 5
144 265 5
62 76 5
58 115 5
174 266 5
174 285 5
127 174 5
58 315 5
223 360 5
161 279 5
266 290 5
174 230 5
143 381 5
255 273 5
24 86 5
276 373 5
34 72 5
34 174 5
29 116 5
17 290 5
151 174 5
46 362 5
263 279 5
216 354 5
11 341 5
85 109 5
2 274 5
18 46 5
290 341 5
45 98 5
379 381 5
60 223 5
93 100 5
58 72 5
43 164 5
278 381 5
127 393 5
76 381 5
163 201 5
17 207 5
269 362 5
54 370 5
184 248 5
35 86 5
174 267 5
104 359 5
136 221 5
222 293 5
44 362 5
71 376 5
105 380 5
130 320 5
83 95 5
80 107 5
120 188 5
236 319 5
227 399 5
69 95 5
43 233 5
94 279 5
51 388 5
84 270 5
95 327 5
188 190 5
43 179 5
