2965 3502 1
2997 2029 1
2838 2029 1
2935 1269 1
2846 3772 1
3038 3341 1
2846 1593 1
3036 3772 1
3038 3525 1
2836 1593 1
2838 2029 1
2965 1450 1
2846 2709 1
1163 1785 1
984 3037 1
2846 2029 1
2110 3537 1
93 1152 1
1076 1738 1
3038 2029 1
2857 1929 1
327 1931 1
190 1896 1
1893 1364 1
2965 3772 1
2965 520 1
3038 527 1
2130 3171 1
3098 1841 1
2965 188 1
2965 3650 1
3038 3341 1
1076 352 1
2965 520 1
2110 254 1
2964 1593 1
3205 3502 1
2977 3176 1
2299 1929 1
2299 1929 1
2299 1929 1
2846 1593 1
2846 1390 1
2846 1847 1
2983 3650 1
2965 2064 1
2882 2708 1
3269 1076 1
1952 2047 1
2839 2709 1
2870 1841 1
2965 3650 1
2965 747 1
412 3802 1
227 827 1
3189 188 1
3692 3599 1
2871 2583 1
2246 3767 1
567 986 1
2850 520 1
2871 520 1
2871 1929 1
2871 715 1
3098 3502 1
2304 378 1
2157 3463 1
2220 120 1
2838 2454 1
2871 715 1
2870 715 1
2871 520 1
2155 1929 1
3098 1929 1
1893 3087 1
345 2111 1
2871 2711 1
2857 2709 1
1655 1165 1
2892 3916 1
2882 2708 1
2145 1609 1
2145 1957 1
2145 1957 1
2298 3865 1
2144 378 1
2157 421 1
35 3692 1
743 1364 1
2145 1609 1
2857 470 1
2965 2937 1
3125 2752 1
2846 520 1
352 611 1
2503 1683 1
3038 2609 1
2111 2641 1
2836 3530 1
2110 1426 1
2111 2538 1
2220 378 1
2681 2448 1
2096 3547 1
1227 2119 1
2299 3537 1
2965 1633 1
1070 3167 1
312 1165 1
312 1165 1
1509 2079 1
2339 1127 1
2299 3845 1
1810 1417 1
2157 3804 1
2145 1957 1
2145 2538 1
2217 3577 1
1640 3857 1
2881 3176 1
2871 1841 1
2111 3767 1
2112 3865 1
659 1079 1
2130 3881 1
3310 1593 1
2299 3643 1
2110 1426 1
2965 520 1
2302 3910 1
2220 1609 1
3195 286 1
2111 3577 1
2964 1593 1
3038 1769 1
227 2079 1
2146 1929 1
2146 1929 1
2304 3775 1
153 1162 1
2145 1609 1
2945 3484 1
2111 254 1
2364 2220 1
2871 520 1
2145 1929 1
3811 1375 1
1375 3872 1
93 1055 1
2145 1609 1
456 3038 1
2156 421 1
3483 1054 1
2220 1619 1
2110 120 1
3429 2880 1
2079 961 1
2079 961 1
2965 3772 1
2130 1929 1
3574 2232 1
2220 3740 1
2111 1929 1
756 2630 1
1929 3187 1
2145 1929 1
3446 3322 1
3446 3322 1
611 1692 1
1893 3087 1
2836 2619 1
2110 254 1
1426 2101 1
2220 120 1
2130 120 1
2965 520 1
2846 520 1
2144 3865 1
2619 3098 1
2871 2619 1
2965 3772 1
2965 3772 1
2965 3772 1
1957 2103 1
2155 3463 1
2157 1991 1
2145 1609 1
153 1155 1
2945 581 1
2838 2029 1
2838 2029 1
2111 3577 1
2973 527 1
2711 3011 1
940 2079 1
790 873 1
1417 1810 1
2144 2721 1
2119 3171 1
2870 2692 1
2872 3176 1
2882 3176 1
3167 906 1
2123 120 1
2850 3650 1
1929 2111 1
2871 520 1
2860 1841 1
2837 3176 1
2871 2619 1
2871 2619 1
2134 151 1
1589 1127 1
2860 3176 1
2145 1929 1
2079 907 1
2299 3845 1
153 1101 1
85 856 1
961 648 1
2491 3803 1
2965 3650 1
2398 1929 1
237 817 1
2871 1929 1
940 740 1
2881 68 1
2433 2538 1
2112 2538 1
2619 3195 1
3078 1254 1
2837 520 1
2299 1101 1
2299 744 1
2220 1384 1
2220 3794 1
2836 520 1
2836 520 1
153 1101 1
2736 1774 1
2914 3596 1
900 1939 1
2836 3154 1
2145 1434 1
2123 120 1
2145 1609 1
1013 1004 1
2299 3742 1
2299 3767 1
1163 303 1
2119 3672 1
2084 1003 1
2156 3463 1
332 1101 1
3413 1169 1
2766 611 1
2304 3672 1
2297 1609 1
1055 191 1
153 1079 1
2299 873 1
2374 3845 1
940 2079 1
336 1165 1
1165 336 1
2967 3502 1
2119 3910 1
978 1155 1
1717 1076 1
756 3470 1
659 1075 1
1605 1155 1
2965 520 1
2883 2708 1
2883 2708 1
1163 741 1
2406 2721 1
3671 1811 1
336 1165 1
3167 1165 1
2084 1003 1
2299 1127 1
2883 3655 1
2444 2641 1
2094 1152 1
1156 848 1
2220 3463 1
2132 3515 1
2299 3547 1
1662 255 1
1738 809 1
3442 1446 1
59 3491 1
132 1779 1
1126 888 1
2179 3537 1
2340 3672 1
2299 3807 1
1048 237 1
1296 945 1
2848 3341 1
1271 1076 1
978 1127 1
2132 151 1
2299 1957 1
2299 3537 1
2431 1101 1
1605 1086 1
2220 3804 1
2736 1142 1
1055 1319 1
2130 3547 1
1984 1458 1
2121 3171 1
1984 2547 1
2299 3737 1
2881 715 1
2155 1609 1
359 2914 1
2144 3855 1
2871 1929 1
2145 1206 1
2230 3865 1
2146 3865 1
2415 1929 1
2155 1929 1
2871 1929 1
690 1446 1
2123 552 1
1957 2230 1
2110 1609 1
2157 1929 1
1251 3570 1
2848 2029 1
823 1948 1
2871 2619 1
2871 2619 1
2145 2681 1
659 1101 1
2145 1929 1
2157 1929 1
2145 1929 1
2871 2619 1
2871 1929 1
2156 1929 1
2146 120 1
2871 1929 1
2145 1206 1
2145 1609 1
2145 1206 1
2155 1929 1
2145 1206 1
2736 1154 1
2399 1929 1
2006 911 1
659 856 1
790 873 1
790 856 1
1013 1004 1
1126 1774 1
1626 1056 1
1605 1154 1
3413 873 1
659 856 1
2145 120 1
2155 3463 1
796 271 1
2299 3737 1
2220 3825 1
2130 3156 1
63 255 1
352 497 1
2155 3463 1
2155 3463 1
2415 1929 1
2145 1929 1
2156 1929 1
1811 3823 1
2871 2937 1
2871 2937 1
2157 1929 1
2145 1929 1
2881 986 1
2145 120 1
2220 3550 1
2111 243 1
2122 3537 1
2456 3446 1
2111 3537 1
1013 1004 1
1013 1004 1
1013 1004 1
2110 3845 1
2111 3577 1
2111 3767 1
2433 2641 1
2220 1957 1
2220 3463 1
2838 520 1
2415 1929 1
2871 1929 1
2882 2619 1
567 3502 1
153 1101 1
2110 378 1
2112 2463 1
2871 470 1
2871 520 1
2156 3855 1
2220 3826 1
2111 3866 1
2220 3561 1
2110 3805 1
120 2327 1
2870 3176 1
2870 3502 1
2872 3176 1
2110 1929 1
2299 1001 1
2836 2077 1
2839 3650 1
2132 151 1
1679 1045 1
756 1692 1
2123 3910 1
1955 3826 1
1955 3881 1
2130 3775 1
2292 2165 1
2443 1101 1
2299 3826 1
2220 3828 1
2145 1275 1
2122 345 1
2299 3775 1
3885 1791 1
2299 890 1
2220 3825 1
3413 932 1
2220 1957 1
479 850 1
1169 3022 1
2179 3845 1
2299 3537 1
1679 1155 1
1955 3826 1
3547 2438 1
2736 1045 1
1043 1013 1
2292 3813 1
2857 1929 1
2111 3767 1
2475 3485 1
2491 271 1
2846 1847 1
567 3502 1
2871 1869 1
2111 3547 1
1296 844 1
2871 2692 1
2872 3176 1
2870 1929 1
2861 520 1
2006 1169 1
2220 3561 1
479 971 1
2299 1169 1
2861 3502 1
2857 2029 1
2857 2029 1
2857 2029 1
2846 2029 1
2846 2029 1
1676 2089 1
1676 2089 1
2846 1593 1
2846 1593 1
611 1692 1
1458 1799 1
2110 3537 1
2857 3772 1
2491 3803 1
255 63 1
2881 567 1
2859 2619 1
2870 2619 1
2145 1929 1
1605 957 1
890 1948 1
1271 1127 1
2836 1311 1
2838 2029 1
2654 2925 1
2155 1929 1
2146 2641 1
2242 1991 1
3577 2337 1
2112 1434 1
2220 3767 1
2297 3463 1
3413 923 1
120 2242 1
2145 2681 1
2871 1929 1
2157 1991 1
2448 1991 1
2155 1929 1
2119 421 1
2297 3463 1
2119 421 1
2123 3672 1
2220 3740 1
3577 2304 1
2110 3547 1
2297 3463 1
2299 3826 1
2299 3485 1
2130 3827 1
2250 151 1
790 1155 1
2339 873 1
2399 1929 1
1233 2062 1
2146 3515 1
2220 3827 1
2220 3827 1
2133 3467 1
2133 3467 1
2145 1609 1
2297 3463 1
2297 3463 1
2299 1169 1
2119 3547 1
3022 1169 1
2123 3767 1
1271 1045 1
385 1045 1
1841 3037 1
1013 856 1
2297 3463 1
3596 3491 1
2146 1929 1
1841 2924 1
2871 2619 1
2145 1659 1
2883 1814 1
2156 1929 1
2882 3655 1
2882 3655 1
2882 2708 1
1163 3483 1
429 1254 1
2079 940 1
1990 35 1
1990 35 1
2145 120 1
2157 567 1
2134 2501 1
896 1091 1
1002 257 1
2871 2937 1
2871 1929 1
2111 3537 1
2230 3574 1
2359 3672 1
2302 744 1
2882 3655 1
2881 68 1
567 1204 1
2432 3804 1
2132 3171 1
2119 3546 1
2304 3910 1
1047 2819 1
153 1162 1
385 856 1
2318 3740 1
352 1593 1
2302 3577 1
2443 1122 1
385 1134 1
1402 1045 1
1402 1045 1
385 938 1
2839 2077 1
2839 2077 1
2872 1841 1
2871 1586 1
3193 1929 1
3577 2450 1
2348 3873 1
2297 3543 1
153 1155 1
2443 1127 1
2299 3845 1
153 1155 1
2870 2583 1
2443 957 1
2299 3643 1
2111 1609 1
2220 3544 1
1955 3845 1
2839 2077 1
1271 873 1
1605 1047 1
2220 2364 1
2122 744 1
2145 120 1
2259 120 1
2965 986 1
2837 2077 1
3463 2422 1
3463 2422 1
897 1991 1
2259 1991 1
2965 2077 1
2145 2641 1
2146 1957 1
2352 1929 1
2145 1609 1
2422 3463 1
2155 2681 1
2145 1929 1
2871 3176 1
1560 1155 1
2410 3574 1
2299 3865 1
2736 1791 1
1271 873 1
2156 120 1
2352 2681 1
2352 2681 1
2111 744 1
2415 2681 1
2415 2681 1
2415 2681 1
385 997 1
2155 1609 1
2155 1609 1
2155 1609 1
2157 1929 1
2122 744 1
2157 3463 1
2145 1609 1
2310 1957 1
2881 3502 1
2881 3502 1
1955 3547 1
2220 3873 1
2220 3804 1
2259 120 1
2178 1991 1
2178 1991 1
2178 1991 1
2111 744 1
2111 744 1
1609 2230 1
1609 2230 1
2346 3574 1
2406 151 1
2299 1155 1
1079 287 1
2965 2064 1
2310 1957 1
2310 1957 1
1207 3331 1
2242 1991 1
2157 1609 1
2422 3463 1
2422 3463 1
2111 3804 1
120 2439 1
2871 3176 1
2881 3176 1
2870 2619 1
3187 1929 1
1589 1127 1
856 1451 1
3813 2248 1
2299 3740 1
2299 3643 1
1472 1477 1
1472 1477 1
2839 1909 1
790 1079 1
59 1065 1
2786 1101 1
2491 3803 1
2491 3803 1
2491 3803 1
352 1458 1
352 1458 1
2132 428 1
2132 428 1
378 2311 1
378 2311 1
2133 2501 1
1774 821 1
1774 821 1
2299 3807 1
1955 3485 1
2299 3826 1
2112 3672 1
1676 3331 1
2914 1406 1
2491 3803 1
2491 3803 1
896 957 1
2133 2538 1
2133 2538 1
2133 2501 1
2133 2501 1
3113 151 1
690 66 1
2297 3825 1
385 1134 1
1271 873 1
659 1101 1
2119 3547 1
2145 2538 1
3825 3826 1
2838 3772 1
2299 3537 1
3522 3881 1
3502 3128 1
1127 1943 1
1045 1013 1
2654 47 1
2220 3813 1
978 1012 1
790 1045 1
790 1045 1
1296 874 1
1779 2507 1
2433 2641 1
2110 2681 1
2119 3519 1
3522 3845 1
2872 1586 1
1458 2766 1
2857 188 1
3826 2130 1
978 1045 1
2732 1076 1
1929 3320 1
2836 3502 1
2110 3415 1
2846 527 1
2110 1426 1
2491 1549 1
3426 1161 1
153 974 1
352 2456 1
2299 3807 1
1759 581 1
567 3502 1
2179 3775 1
2859 3502 1
2815 961 1
2870 715 1
2220 3463 1
1458 809 1
59 1065 1
2870 715 1
2881 3176 1
2130 3826 1
2145 1609 1
1165 1599 1
2157 3463 1
2112 3672 1
3204 3772 1
2881 3429 1
1799 497 1
2848 1929 1
1565 1161 1
1003 2500 1
3775 2299 1
1271 1045 1
332 1079 1
2220 3577 1
3547 2304 1
3596 756 1
1286 2575 1
385 1079 1
85 843 1
2130 3672 1
1679 1127 1
567 3176 1
2881 1929 1
2872 3176 1
3195 286 1
3038 520 1
261 172 1
3574 2220 1
286 2967 1
2871 3502 1
2157 120 1
2857 1929 1
151 2111 1
1790 3470 1
2857 2709 1
2846 2709 1
2871 520 1
2145 120 1
2451 120 1
2145 1206 1
1919 1458 1
2220 3910 1
2111 243 1
153 1155 1
2145 1206 1
2839 3341 1
2299 3845 1
2870 520 1
2110 1384 1
2299 1155 1
827 227 1
527 2875 1
2110 1929 1
492 2829 1
255 1593 1
2005 1169 1
2415 1929 1
385 856 1
1589 1086 1
1233 2062 1
2297 3463 1
3098 3502 1
2872 492 1
2297 3463 1
2871 2619 1
2217 3805 1
2130 3890 1
2882 3429 1
2146 1991 1
3574 2316 1
2861 1841 1
1402 1157 1
332 1155 1
2259 120 1
1929 3187 1
120 2343 1
2415 1929 1
1799 2914 1
1384 2106 1
3187 1869 1
2882 3655 1
2111 3804 1
2145 2641 1
