2857 470 1
3038 3176 1
2838 2064 1
2838 3091 1
2857 2029 1
2857 188 1
2838 2029 1
2846 3154 1
2836 2029 1
2837 3091 1
3139 3772 1
2965 1593 1
2965 286 1
2839 3772 1
1271 1076 1
2079 907 1
1655 827 1
2029 2962 1
1799 987 1
227 531 1
2775 1417 1
1810 2025 1
567 3011 1
3218 597 1
2146 1929 1
2119 1929 1
3188 3154 1
3772 2988 1
543 1241 1
2220 3171 1
2836 2029 1
2836 2029 1
2857 527 1
2965 3588 1
1593 2954 1
2838 2029 1
2220 3171 1
3787 2032 1
650 420 1
3787 1690 1
580 1076 1
2839 1593 1
2965 3650 1
567 2583 1
2846 520 1
2857 3176 1
2965 2709 1
3147 1633 1
2838 435 1
567 3176 1
2838 2709 1
2111 2681 1
2883 1814 1
3787 1138 1
3247 1065 1
2860 3176 1
1116 1013 1
2130 421 1
2999 1217 1
1204 567 1
2846 2077 1
2299 1929 1
2220 1384 1
2839 1841 1
2838 1583 1
2029 3204 1
2965 2064 1
2872 2714 1
3425 1496 1
2870 2583 1
2155 421 1
55 1717 1
1076 1717 1
2846 1847 1
2220 744 1
1076 352 1
3051 3650 1
2157 1929 1
2439 2681 1
2155 1411 1
939 1296 1
2179 3672 1
2220 120 1
2220 3865 1
581 1076 1
1076 1738 1
2155 421 1
2156 2681 1
1496 1907 1
2838 2619 1
2234 2681 1
2857 3176 1
260 3840 1
2838 3341 1
2965 3154 1
3484 1593 1
352 1549 1
809 1738 1
2299 3845 1
2870 1929 1
2871 2937 1
2871 1841 1
2871 2619 1
2872 1586 1
2871 3176 1
227 827 1
2882 3502 1
2179 3547 1
3191 286 1
1111 1155 1
2846 520 1
1375 3823 1
2837 2619 1
2220 2681 1
2220 2681 1
2871 3588 1
1919 756 1
2220 3577 1
2220 3865 1
2220 2641 1
2217 3910 1
2145 1609 1
2145 1929 1
2409 3463 1
3872 1020 1
1375 3570 1
1163 3167 1
2130 3794 1
132 1399 1
2881 3502 1
2111 254 1
2870 2619 1
2111 378 1
2861 3176 1
2836 520 1
2130 120 1
2838 1929 1
352 1593 1
332 1101 1
2881 520 1
2871 1929 1
2145 1929 1
806 2558 1
3530 2830 1
2836 3176 1
412 802 1
2309 1929 1
2861 3502 1
374 3037 1
2220 378 1
2871 2619 1
1375 3872 1
2132 428 1
2133 3493 1
2838 2029 1
2837 2064 1
2475 3572 1
3167 1165 1
3038 3176 1
2146 3463 1
2415 1929 1
2156 120 1
2146 1929 1
2146 1991 1
1605 974 1
1509 2079 1
2155 421 1
2220 1609 1
2220 3804 1
1785 827 1
3811 1375 1
2703 35 1
2786 1101 1
2111 515 1
2766 1458 1
2411 378 1
2220 2681 1
2837 3091 1
2965 527 1
2870 2711 1
35 412 1
1799 968 1
2145 1929 1
1810 1137 1
659 1101 1
2220 1999 1
2220 421 1
626 1923 1
940 121 1
2145 1609 1
1133 121 1
2111 1929 1
581 1076 1
2871 3176 1
2145 1929 1
2146 1929 1
611 59 1
515 2246 1
2881 3429 1
2872 2619 1
2872 2619 1
2220 2641 1
2836 3502 1
2871 3502 1
2538 2450 1
385 1134 1
2872 715 1
2836 1869 1
2846 520 1
2965 2937 1
2220 2383 1
2839 2619 1
3873 2475 1
2872 3176 1
2301 3910 1
3463 254 1
2882 2708 1
2965 3502 1
2316 3547 1
3484 1446 1
2297 3543 1
352 1076 1
567 2583 1
2872 1894 1
2491 821 1
1134 856 1
1134 856 1
1134 856 1
2132 1929 1
1850 424 1
2547 533 1
1375 3570 1
1693 3816 1
2871 3502 1
3187 1869 1
2837 2080 1
659 1076 1
1163 3167 1
3167 1163 1
2157 1957 1
2965 2937 1
2111 3767 1
961 648 1
2220 3804 1
2144 1275 1
2398 120 1
3483 851 1
1165 312 1
2475 3743 1
3845 2373 1
2340 3561 1
1070 227 1
2871 1586 1
1060 1785 1
1137 121 1
2112 3767 1
2403 3881 1
2346 3543 1
2836 1217 1
1165 303 1
790 1125 1
2475 3742 1
1076 2299 1
85 1155 1
2111 3174 1
2338 1609 1
2111 378 1
2253 1929 1
2110 3713 1
345 2105 1
2881 715 1
1446 1458 1
2110 254 1
2965 1847 1
2965 1193 1
1738 352 1
421 1358 1
2871 2619 1
3483 851 1
1609 157 1
1609 157 1
2145 1929 1
2838 470 1
2005 945 1
2111 744 1
3156 2475 1
2443 1122 1
2111 3804 1
2145 1609 1
2130 744 1
2157 2681 1
3574 2232 1
2145 1609 1
2297 3543 1
2145 2681 1
2871 520 1
227 940 1
2239 3577 1
2836 2709 1
659 1076 1
2871 1929 1
2006 874 1
957 1605 1
2299 1169 1
2408 3415 1
850 1605 1
2156 3463 1
2491 2001 1
1399 3013 1
2145 1609 1
2157 1991 1
2299 3775 1
2871 1929 1
2871 1929 1
2157 1929 1
2145 120 1
2005 1169 1
2882 520 1
3022 1132 1
2123 2511 1
2839 527 1
1702 862 1
2850 3502 1
2134 151 1
2338 1957 1
2786 1045 1
227 884 1
2456 581 1
2145 1957 1
2110 531 1
2145 1609 1
2145 1434 1
2145 1957 1
2145 1206 1
2145 1206 1
790 1155 1
2836 747 1
2837 3154 1
3179 1929 1
2848 3341 1
2838 3341 1
2836 2709 1
2736 888 1
2304 3547 1
1111 1127 1
2220 3463 1
2112 3804 1
790 873 1
1560 862 1
85 2607 1
1402 1045 1
237 874 1
1013 873 1
1957 2310 1
1948 1101 1
3484 3442 1
1402 1155 1
352 756 1
2846 1847 1
2121 3672 1
2112 744 1
1065 3596 1
2654 611 1
2145 1929 1
3187 1869 1
2134 1929 1
2871 2619 1
2155 421 1
2871 1841 1
1477 1662 1
2157 120 1
2111 3627 1
2312 1609 1
2121 3537 1
2121 3865 1
2112 744 1
2871 1586 1
153 1162 1
2239 3574 1
2121 744 1
2121 744 1
153 1134 1
120 2440 1
1399 132 1
2299 873 1
2220 1957 1
2220 1957 1
2220 1957 1
2220 3544 1
255 1593 1
2337 3577 1
2111 3767 1
2881 1869 1
2849 2709 1
2870 470 1
2500 1002 1
2870 2619 1
3574 2119 1
2123 3493 1
2837 829 1
2838 2709 1
790 856 1
2156 2681 1
1841 3096 1
2155 3804 1
2399 1991 1
3038 3176 1
1759 1002 1
2441 3827 1
3205 3502 1
1375 3738 1
2157 3463 1
247 2878 1
2119 3845 1
2119 3845 1
2119 3845 1
2123 3574 1
3910 2347 1
2110 744 1
1560 2650 1
2156 3463 1
602 1101 1
2220 3910 1
2836 829 1
3826 2220 1
1126 844 1
2408 3866 1
2408 3866 1
1847 3212 1
2112 3561 1
2132 428 1
2444 3577 1
2304 3537 1
2403 3672 1
659 816 1
3550 2130 1
385 1127 1
2838 2029 1
2220 3743 1
2111 3287 1
2111 3713 1
153 1155 1
2297 3543 1
2299 1045 1
1079 2488 1
945 1013 1
2870 1929 1
830 115 1
1605 888 1
2297 1957 1
2005 888 1
1156 948 1
848 228 1
85 888 1
890 1013 1
2292 744 1
2882 3502 1
2119 3519 1
2119 3485 1
2871 1929 1
2871 520 1
567 2619 1
2871 1586 1
2871 1929 1
2857 2060 1
2857 2060 1
2857 2060 1
2857 2060 1
2130 3485 1
2846 1847 1
2872 520 1
2871 3176 1
2859 520 1
2871 1929 1
2881 1841 1
2857 3772 1
479 1169 1
3522 3910 1
1126 911 1
2304 1609 1
2119 576 1
2808 2119 1
939 2005 1
2475 3813 1
2157 1929 1
2144 120 1
2145 2721 1
2299 3672 1
907 1890 1
352 497 1
2882 3655 1
2119 1957 1
2837 2077 1
3577 2316 1
312 1165 1
648 961 1
2311 2463 1
2903 1814 1
2872 3588 1
1869 3187 1
2893 2605 1
1929 2415 1
2872 1586 1
1137 1959 1
567 3176 1
2859 1841 1
2839 1583 1
2119 3519 1
2837 1841 1
2871 1586 1
3839 1693 1
2123 3767 1
2112 1609 1
2220 3574 1
2111 3672 1
2312 3855 1
2220 3574 1
2220 3910 1
2220 744 1
3577 2302 1
2112 3804 1
3577 2232 1
2157 3463 1
2156 120 1
2157 1929 1
2145 1929 1
2872 2619 1
2133 1929 1
2230 2641 1
2234 2364 1
2146 3537 1
2145 1609 1
2422 3463 1
3483 851 1
2111 2528 1
2297 3463 1
2299 3775 1
2871 1929 1
2230 3561 1
2217 3574 1
2302 3672 1
3484 1399 1
2220 3804 1
2736 888 1
3740 2441 1
1013 1127 1
2736 1148 1
2144 378 1
1864 2025 1
2837 2454 1
2410 3910 1
2119 3547 1
2297 3543 1
2119 3547 1
2871 2619 1
2870 2937 1
2145 1609 1
2346 3866 1
520 3187 1
385 997 1
2299 890 1
2146 1991 1
1957 2276 1
2252 3577 1
456 3180 1
2236 3910 1
2859 1869 1
2681 2414 1
2849 3341 1
2475 3825 1
2220 3577 1
2111 3767 1
2157 3463 1
3737 2212 1
602 957 1
2119 3910 1
2119 3537 1
153 1157 1
1271 873 1
2122 2511 1
2112 3804 1
2121 552 1
659 1076 1
2299 1134 1
2299 3643 1
2786 856 1
385 997 1
3890 2436 1
2220 3561 1
2220 3804 1
2299 938 1
2253 1929 1
2157 1609 1
3522 3643 1
2299 938 1
2299 938 1
2179 3775 1
3873 2475 1
1111 1045 1
2130 3853 1
2112 744 1
2256 3865 1
2179 3775 1
1868 1002 1
3910 2236 1
2220 3550 1
2299 3845 1
2846 2029 1
2155 1609 1
2111 3171 1
2839 127 1
1402 886 1
2156 421 1
2157 1609 1
2145 1957 1
3193 1929 1
1451 856 1
2857 1929 1
2846 527 1
2112 744 1
479 957 1
2408 2641 1
2871 1841 1
2211 3547 1
2253 1929 1
2145 120 1
2352 1929 1
2297 3845 1
2157 2681 1
352 756 1
352 756 1
2133 2501 1
2133 2501 1
2133 2501 1
2133 2501 1
2836 2709 1
2111 2641 1
2111 2641 1
2589 1254 1
823 2005 1
2112 1609 1
792 360 1
2112 3547 1
2112 3547 1
2836 3154 1
3638 2360 1
2871 1929 1
2412 1957 1
2412 1957 1
2111 3873 1
3866 2104 1
1050 1126 1
2217 3574 1
3484 756 1
3037 374 1
2838 2709 1
2846 3683 1
2871 1929 1
2343 2681 1
2156 1991 1
2156 1991 1
2156 1991 1
2156 1991 1
2146 3865 1
2145 120 1
2155 120 1
2155 120 1
286 3098 1
286 3098 1
2965 470 1
2870 492 1
2846 1593 1
2846 1593 1
2846 1593 1
2983 3650 1
1155 2783 1
2111 2641 1
2439 120 1
2155 1411 1
2220 2641 1
2430 2538 1
2836 520 1
2857 2029 1
2857 2029 1
2857 2029 1
2846 3772 1
2846 3772 1
2846 3772 1
2846 3772 1
2846 2029 1
2846 2029 1
2846 2029 1
3038 1593 1
3038 1593 1
2846 3772 1
2846 3772 1
2871 1929 1
2857 3772 1
2846 1593 1
2846 1593 1
2846 1593 1
2846 1593 1
2846 1593 1
2870 1929 1
303 1165 1
2132 378 1
2132 378 1
2132 378 1
2123 3493 1
2132 2538 1
2871 2937 1
2871 715 1
2871 715 1
940 1890 1
2883 3655 1
3187 1869 1
2871 1929 1
2871 2711 1
2892 3916 1
2133 378 1
2133 378 1
2133 378 1
2132 378 1
2870 2619 1
2871 2937 1
2871 2937 1
2881 2714 1
2881 2714 1
2872 2583 1
3839 1661 1
2872 3502 1
352 1458 1
352 1458 1
2871 2937 1
2302 3767 1
2156 421 1
2144 378 1
3522 3643 1
2119 1824 1
3767 2107 1
1991 2242 1
2230 3543 1
2146 1991 1
2837 3091 1
3457 3269 1
3457 3269 1
2838 2029 1
3269 3457 1
3269 3457 1
2838 2029 1
1269 1799 1
802 412 1
802 412 1
580 35 1
3522 3547 1
35 412 1
35 412 1
35 412 1
35 412 1
35 412 1
35 412 1
580 35 1
35 412 1
35 412 1
35 412 1
2304 3804 1
2837 1593 1
2974 3772 1
2974 3772 1
2974 3772 1
332 1101 1
2145 1929 1
147 3692 1
147 3692 1
2732 756 1
2732 756 1
2732 756 1
3038 3502 1
569 3599 1
1690 35 1
1690 35 1
1690 35 1
2146 3865 1
2146 3865 1
1609 2448 1
2157 3463 1
2157 3463 1
2157 3463 1
2220 3910 1
2145 120 1
2178 1991 1
2145 2538 1
2145 2538 1
2145 2538 1
2145 2538 1
3574 2232 1
2965 1841 1
2111 744 1
1472 90 1
690 1446 1
1065 255 1
2155 1929 1
2155 1929 1
2155 421 1
2422 3463 1
2422 3463 1
2157 3463 1
2343 1929 1
2146 1929 1
2409 3463 1
2157 421 1
2157 421 1
2144 3865 1
2146 1609 1
2145 1659 1
2145 1659 1
2111 3775 1
2348 3827 1
1375 3823 1
2156 421 1
2156 421 1
2439 120 1
2155 2681 1
2145 1957 1
2145 120 1
2145 120 1
2448 2681 1
2145 120 1
2145 120 1
2145 120 1
2399 2641 1
1402 843 1
2304 3577 1
2145 2681 1
796 2001 1
1560 1086 1
1560 1086 1
385 1115 1
2119 3547 1
1296 1022 1
2019 1799 1
1039 2005 1
3247 1065 1
2870 2619 1
2220 3577 1
352 1593 1
1271 1155 1
385 1155 1
1560 1155 1
2848 2709 1
1271 873 1
2871 1929 1
2157 1929 1
2211 2641 1
2255 3672 1
2121 3865 1
744 1306 1
2299 3547 1
385 1045 1
1589 1897 1
611 255 1
2870 3588 1
2839 3176 1
2872 3916 1
659 1134 1
2872 3429 1
2882 1841 1
1609 2432 1
2836 3176 1
1923 626 1
874 2033 1
2179 3881 1
385 1142 1
2144 1929 1
2155 3463 1
2883 3655 1
153 1045 1
2846 3772 1
2836 3176 1
2157 3463 1
2491 3803 1
2157 1929 1
2882 2619 1
2111 254 1
2119 3694 1
2179 3547 1
2299 1098 1
2220 3672 1
3502 3051 1
2846 1847 1
2316 3577 1
2997 3772 1
2420 3574 1
2870 2619 1
2441 3740 1
2846 3772 1
2338 378 1
3743 2346 1
2965 3772 1
2965 3772 1
2837 520 1
2965 3154 1
3038 2678 1
2872 1894 1
2881 2714 1
1893 613 1
2846 1202 1
2857 470 1
2861 1841 1
3767 2305 1
2145 1957 1
2872 3176 1
756 2654 1
2871 40 1
2123 3493 1
2872 1841 1
1609 157 1
2871 1929 1
2112 1609 1
479 888 1
2146 1929 1
2871 1929 1
3577 2232 1
2965 3341 1
2220 3577 1
853 2736 1
2111 3881 1
3491 1477 1
2846 759 1
1013 1101 1
2299 1098 1
3522 3643 1
2236 3910 1
2220 3550 1
2352 1929 1
2145 1929 1
2121 744 1
2220 3865 1
3827 2220 1
2157 1929 1
1126 1050 1
2111 3767 1
659 830 1
2475 3890 1
385 997 1
1955 3156 1
2836 2709 1
2343 2681 1
2883 3655 1
1253 3413 1
2965 470 1
35 412 1
2846 1593 1
3522 3547 1
2155 120 1
2146 1929 1
2145 1991 1
472 2472 1
35 412 1
1679 1045 1
2836 520 1
2837 3091 1
2145 1929 1
3537 2096 1
2871 2937 1
