2967 3502 1
2846 1929 1
3132 1593 1
2857 2709 1
3038 3091 1
3038 3154 1
2965 3772 1
2836 2709 1
2965 1841 1
2965 3772 1
2857 807 1
2837 2029 1
2846 1929 1
2871 1826 1
2883 2708 1
2965 3502 1
2220 3171 1
2111 254 1
2111 378 1
2538 2230 1
2846 470 1
2836 3176 1
2836 3502 1
2837 714 1
2965 3502 1
2220 120 1
2220 3171 1
2846 1593 1
2846 2064 1
2871 715 1
2111 1426 1
2965 3154 1
3038 527 1
3038 3176 1
2119 2288 1
2883 1814 1
2110 120 1
2836 1869 1
2111 3713 1
2965 2619 1
3599 3382 1
806 2558 1
2838 527 1
2881 1814 1
1864 2025 1
2965 1841 1
2838 3530 1
2111 254 1
2220 3463 1
2110 120 1
385 1158 1
2439 120 1
2145 3865 1
2145 2681 1
2259 120 1
2893 3357 1
2965 1841 1
2220 120 1
2846 3502 1
385 1115 1
2857 188 1
2846 520 1
2133 2463 1
3357 2886 1
2965 188 1
2977 1929 1
2112 1619 1
2838 520 1
2299 3171 1
2130 3853 1
2304 3845 1
352 1593 1
146 2736 1
2119 3794 1
2836 3502 1
3167 1163 1
2965 520 1
2837 3502 1
3038 2678 1
2112 120 1
3139 2029 1
1060 121 1
2893 1814 1
2123 3767 1
2157 1929 1
2839 2064 1
2145 1929 1
2871 1929 1
2112 1609 1
2220 3804 1
3483 851 1
3816 1925 1
2119 1929 1
2846 3502 1
2220 3171 1
2881 3588 1
2119 421 1
647 2579 1
2846 2054 1
2681 2234 1
2871 1929 1
2871 1929 1
1528 334 1
3038 2565 1
470 2965 1
2965 1593 1
2872 1929 1
2111 254 1
2112 120 1
2220 120 1
3038 520 1
2123 2553 1
1115 978 1
3483 851 1
1799 1076 1
3587 1155 1
2846 520 1
227 940 1
2861 3502 1
2846 1847 1
2965 1841 1
2839 3176 1
2112 515 1
2111 1426 1
1217 3132 1
2112 120 1
2837 3502 1
3071 3595 1
3595 3071 1
3098 1841 1
756 1692 1
2146 2681 1
2859 3502 1
334 546 1
2220 120 1
2220 1957 1
2130 1384 1
1313 2886 1
2220 3910 1
1251 2111 1
2112 120 1
2121 3537 1
2711 3011 1
2766 1789 1
2846 1929 1
2857 520 1
2220 421 1
2838 188 1
2965 986 1
1799 1458 1
1593 3596 1
2110 515 1
2850 1929 1
2871 470 1
227 1060 1
2850 3502 1
2111 254 1
2837 3176 1
2838 1929 1
2111 254 1
2441 3574 1
2220 120 1
1799 2914 1
1549 132 1
2220 3577 1
2157 1929 1
2157 1929 1
3577 2220 1
2220 1609 1
2882 2708 1
1111 1155 1
2346 3866 1
3038 759 1
2406 3171 1
2870 3502 1
3413 1092 1
2838 3154 1
2881 2619 1
2144 378 1
2783 1076 1
2292 3547 1
3543 2297 1
393 3171 1
2111 1609 1
659 1101 1
2144 2681 1
2079 1509 1
3852 2077 1
1593 2766 1
3445 1268 1
2860 520 1
2343 1609 1
2945 2654 1
2119 421 1
63 1477 1
1507 611 1
385 1134 1
1589 1127 1
2145 1609 1
2736 856 1
2838 520 1
2220 3572 1
2871 1869 1
2132 378 1
1458 1692 1
2144 378 1
1035 2082 1
2179 3634 1
2132 151 1
1589 1127 1
2123 3577 1
2367 3845 1
2119 3577 1
2839 1847 1
1692 3445 1
2316 3845 1
1050 1126 1
479 1039 1
2156 1991 1
2145 120 1
2145 120 1
2414 1929 1
1955 3910 1
888 3022 1
2112 3804 1
2112 3804 1
2155 421 1
2220 3827 1
2974 2077 1
2837 1193 1
2838 527 1
2146 2681 1
2119 3574 1
2122 3574 1
2145 1609 1
2145 1609 1
2839 188 1
2220 3672 1
2112 1609 1
1079 385 1
2352 120 1
2121 3171 1
2299 1169 1
2973 1841 1
2973 1841 1
907 2079 1
3910 2220 1
581 756 1
2292 3825 1
2220 3825 1
2220 3775 1
2145 120 1
2145 120 1
2156 421 1
2145 1206 1
2871 1929 1
2871 1929 1
2838 1929 1
3775 2403 1
3543 2230 1
2860 2619 1
2881 3650 1
1111 882 1
3743 2346 1
385 1127 1
2119 3866 1
2145 1206 1
2837 456 1
2145 120 1
2111 254 1
873 1013 1
497 3596 1
1446 2089 1
352 3334 1
1271 1076 1
1799 3491 1
2121 3574 1
2373 3577 1
2299 1957 1
2242 2571 1
2132 1929 1
2871 3502 1
2871 3502 1
2872 1869 1
3038 747 1
2846 2785 1
2965 2029 1
2871 470 1
2881 1814 1
2965 470 1
2145 1609 1
2123 3574 1
2220 3577 1
2977 3341 1
2881 1586 1
2302 3804 1
2783 1127 1
1351 1076 1
1076 3795 1
2157 3804 1
3446 3491 1
2871 3502 1
567 3176 1
1609 2448 1
2448 1609 1
1165 336 1
2838 2077 1
2299 3171 1
2699 3457 1
2965 3176 1
2871 2619 1
2130 3885 1
2146 120 1
2145 3855 1
2156 120 1
2860 3176 1
2870 2619 1
659 1076 1
2157 2681 1
3038 3176 1
2112 3767 1
1609 2436 1
153 1162 1
2121 3767 1
2111 3672 1
2230 3577 1
2111 3577 1
2736 2491 1
2871 2711 1
611 1477 1
3845 2173 1
2111 3526 1
2123 345 1
2145 1206 1
224 2766 1
2220 1957 1
1003 1332 1
2871 520 1
479 939 1
479 817 1
2340 3910 1
659 1075 1
1991 2399 1
2220 719 1
2220 3813 1
2119 3845 1
2144 1659 1
1111 1155 1
385 997 1
2860 3502 1
2220 549 1
1169 1605 1
2881 527 1
2872 1929 1
2848 1929 1
153 1155 1
581 3331 1
2220 3827 1
3826 1955 1
2157 421 1
2871 1929 1
2132 3515 1
1991 2399 1
2157 3463 1
2146 120 1
385 957 1
2338 3574 1
2119 3737 1
659 997 1
2410 3543 1
2299 3741 1
2121 3577 1
659 1155 1
2220 3890 1
3845 2096 1
2145 1434 1
2155 2681 1
2145 1277 1
2155 120 1
2220 3890 1
153 1076 1
2119 3775 1
2316 3881 1
549 2220 1
2410 3577 1
2145 1609 1
2410 3813 1
120 2439 1
2145 1206 1
2343 1929 1
2133 2538 1
2132 151 1
2145 3865 1
2155 3463 1
3038 520 1
3038 520 1
2846 3502 1
2145 3467 1
2155 3463 1
2145 3865 1
2145 3865 1
2871 2714 1
2145 1957 1
2155 3463 1
2146 1991 1
2145 3865 1
2155 3804 1
2145 1991 1
2145 1659 1
2415 1929 1
3038 520 1
3038 520 1
3038 520 1
2299 3171 1
3038 520 1
2145 2681 1
2145 3865 1
3038 520 1
2145 120 1
2157 1957 1
2145 1206 1
2156 3463 1
2145 2538 1
2157 421 1
2145 2641 1
2146 120 1
2299 821 1
2336 1929 1
2861 2937 1
2857 1018 1
3038 2077 1
2861 2937 1
2157 421 1
3098 3502 1
2220 2681 1
2220 3463 1
2870 520 1
2434 378 1
1417 1810 1
1955 3574 1
1402 1004 1
3413 1155 1
2871 3176 1
2870 520 1
602 939 1
3574 2220 1
1126 890 1
848 237 1
2925 873 1
1134 1101 1
2870 1841 1
1013 888 1
3577 2444 1
790 1076 1
2427 3574 1
2111 3767 1
1070 227 1
1955 3807 1
1013 888 1
790 873 1
2220 410 1
3167 1163 1
2846 3772 1
1955 3826 1
1955 3561 1
567 1204 1
1070 2496 1
3336 886 1
2299 3171 1
2336 1929 1
2110 2538 1
2111 3713 1
2299 1155 1
2112 1957 1
2220 744 1
3483 851 1
2111 3845 1
2703 420 1
2703 420 1
2703 420 1
2703 420 1
2703 420 1
2703 420 1
2882 1814 1
2837 1311 1
2839 747 1
2859 1841 1
2146 1929 1
2870 520 1
2881 527 1
1929 3187 1
2871 1929 1
2839 747 1
2839 747 1
2839 747 1
3187 1869 1
2297 3463 1
2299 2364 1
2860 1841 1
385 1045 1
479 890 1
2297 3463 1
3778 147 1
2299 890 1
2296 3463 1
2146 3865 1
2220 3881 1
2837 1929 1
2112 515 1
2112 120 1
2112 120 1
2297 3463 1
1402 1157 1
1271 1127 1
1402 1045 1
3544 2338 1
2111 254 1
2871 2619 1
2848 2709 1
2220 744 1
2444 3577 1
2132 428 1
2132 428 1
2133 2538 1
2145 3865 1
2157 3463 1
2296 1609 1
2339 1101 1
2871 2619 1
2861 1841 1
2133 2463 1
1296 1127 1
385 1115 1
2130 744 1
2220 3910 1
2111 3837 1
533 1779 1
2338 3550 1
75 823 1
75 823 1
2871 2937 1
2220 3827 1
2220 3827 1
2220 3740 1
2155 1411 1
2112 1609 1
2112 2322 1
2346 3743 1
2220 3865 1
2220 2641 1
2144 378 1
2144 378 1
2144 378 1
2144 378 1
2299 3561 1
1458 1182 1
2872 520 1
2157 1929 1
2935 2945 1
533 1399 1
2475 3743 1
2871 3502 1
567 520 1
2145 1929 1
2870 520 1
2403 3845 1
2220 3881 1
2111 3845 1
2110 1609 1
2110 3577 1
2766 1458 1
2871 470 1
2871 470 1
2937 2832 1
2145 120 1
2145 120 1
2145 120 1
3865 2310 1
2156 421 1
2156 421 1
2145 120 1
2157 421 1
2156 3463 1
2156 3463 1
2157 421 1
2421 120 1
2145 120 1
2870 3502 1
2870 3502 1
2870 3502 1
1929 3187 1
1929 3187 1
3484 611 1
2298 3865 1
2298 3865 1
2119 3561 1
2208 3463 1
2145 2681 1
2145 2681 1
2422 421 1
2145 1609 1
2230 3740 1
1013 1142 1
1929 2132 1
1111 1155 1
1111 1155 1
659 997 1
2337 744 1
2337 744 1
659 997 1
809 792 1
153 1155 1
2641 2147 1
2872 1929 1
2872 1929 1
2157 1957 1
2872 1929 1
2340 744 1
2146 120 1
2881 567 1
2134 2501 1
2179 3845 1
2145 2681 1
1402 1127 1
2259 120 1
2881 715 1
2316 3547 1
2475 3742 1
659 1079 1
659 1079 1
2145 1991 1
2145 1991 1
2145 1991 1
2311 2538 1
2178 1957 1
2157 421 1
153 1101 1
2146 1991 1
2146 1929 1
2155 3463 1
2399 1991 1
2399 1991 1
2220 3813 1
790 1155 1
2232 3574 1
1955 3845 1
2327 120 1
2297 3561 1
2415 120 1
3825 2346 1
2179 3845 1
2005 1169 1
2641 2230 1
659 1101 1
1296 848 1
2403 3804 1
3187 1869 1
2179 3634 1
2248 3544 1
2316 3547 1
2299 3496 1
2119 3547 1
3807 2299 1
2232 3577 1
2132 2641 1
1126 1039 1
2965 188 1
2217 3672 1
153 1075 1
120 2309 1
2220 3544 1
2838 2029 1
2965 2937 1
2406 3171 1
2157 1957 1
2220 378 1
2220 378 1
2220 378 1
2220 378 1
2220 378 1
2872 2583 1
2178 1564 1
1244 2558 1
2123 2553 1
2133 2501 1
2311 2538 1
2133 2463 1
2134 2571 1
2439 515 1
2145 1991 1
2871 2619 1
3022 920 1
2881 3176 1
2871 1929 1
2415 1929 1
2220 3910 1
2871 3588 1
2430 1957 1
2122 1231 1
2155 1991 1
2246 3767 1
2157 1929 1
2112 3804 1
3910 2217 1
378 2345 1
378 2345 1
378 2345 1
2133 2538 1
2882 2708 1
3176 3037 1
2157 567 1
153 1155 1
2965 470 1
2846 3772 1
2846 3772 1
2846 807 1
2846 807 1
2846 807 1
2846 807 1
2846 807 1
2846 2029 1
2846 2029 1
2145 1929 1
2144 2721 1
2144 2721 1
2121 3910 1
2881 1929 1
2881 1929 1
567 520 1
2871 3176 1
2112 3415 1
2871 1929 1
2871 492 1
2839 1583 1
1919 756 1
1919 756 1
2836 2709 1
2732 1065 1
1679 856 1
1549 3446 1
1549 3446 1
1549 3446 1
1549 3446 1
1322 1399 1
659 1101 1
2837 2709 1
255 1472 1
2220 3775 1
2132 378 1
2861 2619 1
1955 3873 1
2838 2029 1
2871 3588 1
1955 3862 1
1101 1605 1
1679 1155 1
2130 3775 1
3839 2647 1
3839 2647 1
3839 2647 1
2145 1929 1
2244 3672 1
2111 3672 1
1396 1199 1
2439 120 1
2298 120 1
2145 1991 1
2838 2029 1
3069 2029 1
2857 2029 1
2857 2029 1
2857 2029 1
2838 2029 1
2837 1593 1
2837 1593 1
3040 1593 1
3386 2718 1
3386 2718 1
2839 2064 1
2838 1593 1
2440 421 1
2440 421 1
2440 421 1
1929 2451 1
2145 1609 1
2145 1609 1
2157 3463 1
2156 3463 1
2156 3463 1
2156 3463 1
2156 3463 1
2132 2721 1
2146 1136 1
2155 120 1
2155 3463 1
2146 3537 1
2145 120 1
2145 120 1
2145 120 1
2145 120 1
2145 1609 1
2145 1609 1
2146 120 1
2146 120 1
2352 120 1
2439 3463 1
2145 1609 1
2145 120 1
2155 120 1
2155 120 1
2145 120 1
2146 2681 1
2259 120 1
2259 120 1
2157 3463 1
2146 3855 1
2146 3855 1
3655 1814 1
2145 3865 1
2146 2641 1
2156 3463 1
2156 3463 1
2146 120 1
2146 120 1
120 2421 1
2145 1609 1
2145 1609 1
2144 3467 1
2145 1957 1
2145 1957 1
2145 120 1
2145 120 1
2448 1609 1
2145 120 1
2145 120 1
2155 2681 1
2145 3865 1
2156 1991 1
2155 1609 1
2299 821 1
2146 2641 1
2146 2641 1
2146 2641 1
2146 2681 1
2146 2681 1
2157 1929 1
2299 979 1
2144 378 1
2348 3740 1
2346 3873 1
3795 1076 1
2838 520 1
2935 3491 1
3309 2077 1
3825 2292 1
2208 3463 1
2111 3804 1
1076 2732 1
2839 527 1
853 999 1
2838 2064 1
2111 3866 1
2145 2538 1
2882 1929 1
3074 2619 1
2220 3813 1
2155 3463 1
2239 3910 1
2872 2619 1
1955 3643 1
886 332 1
2881 1929 1
2337 3577 1
2130 3826 1
3038 2709 1
1092 572 1
2871 2692 1
2111 1929 1
2111 3648 1
2111 3648 1
2111 3648 1
2121 3910 1
2121 3910 1
2121 3910 1
2121 3910 1
2112 3804 1
2112 3804 1
2112 3804 1
479 856 1
2786 1101 1
2988 3772 1
602 1098 1
2121 744 1
2220 744 1
2111 3415 1
2220 3865 1
387 1596 1
3519 1955 1
3873 2338 1
3672 2255 1
1375 3823 1
873 3591 1
2838 3176 1
790 1075 1
287 830 1
560 2630 1
1690 3787 1
2220 3827 1
2111 744 1
2179 3865 1
2839 1841 1
2297 3813 1
2408 3873 1
850 602 1
2006 1101 1
2119 3547 1
2220 3740 1
2130 3634 1
3147 2077 1
2179 2641 1
1602 856 1
873 1451 1
2145 2681 1
3098 3176 1
2145 1929 1
2130 3826 1
2441 3873 1
2373 3767 1
2838 2937 1
2786 1101 1
533 1399 1
2110 2681 1
2111 254 1
2220 3827 1
3672 2441 1
1458 1477 1
2836 1929 1
2846 1929 1
3187 1869 1
120 2439 1
1476 1101 1
153 1045 1
2925 911 1
359 224 1
2220 3577 1
2491 756 1
2488 1075 1
790 997 1
2299 1155 1
2220 3577 1
2838 3502 1
2857 3772 1
2146 2538 1
2145 2681 1
2157 3463 1
1154 1013 1
2965 1593 1
2145 1929 1
2871 3176 1
2299 974 1
2872 3502 1
2121 3767 1
3334 462 1
2411 3865 1
2230 2641 1
2408 3865 1
2337 744 1
2156 421 1
2145 1957 1
2123 3910 1
1955 3547 1
2111 3672 1
2157 421 1
611 1692 1
1111 1155 1
1679 1134 1
1241 1399 1
2736 1142 1
2111 3672 1
2179 3537 1
85 873 1
2881 1814 1
3910 2367 1
1929 2412 1
2145 1434 1
2145 120 1
1076 3795 1
2145 3865 1
2736 888 1
2871 520 1
2111 1609 1
2297 3825 1
2155 3463 1
2304 744 1
1605 817 1
120 2414 1
2316 3577 1
939 2005 1
2179 1384 1
2415 3463 1
2133 428 1
3013 223 1
1679 1155 1
2302 744 1
2145 1957 1
2133 2538 1
2145 120 1
2714 2880 1
2145 3865 1
2846 807 1
2871 3588 1
2111 1609 1
2145 120 1
2145 120 1
