2837 2064 1
2837 2064 1
2965 3772 1
2837 2064 1
3036 3341 1
2846 1929 1
2838 2029 1
2839 3772 1
3038 2029 1
581 287 1
2846 2029 1
2965 2636 1
2965 456 1
2838 2029 1
2965 3341 1
3036 3341 1
3088 1621 1
2297 3463 1
2965 520 1
2839 1216 1
3098 1841 1
1054 227 1
2836 2709 1
2297 3463 1
3091 2833 1
2872 374 1
2965 2064 1
2846 3154 1
2857 2029 1
2977 3176 1
1893 1797 1
286 2999 1
2837 1593 1
2838 3715 1
336 1095 1
2094 1137 1
2220 3463 1
2220 120 1
2110 3171 1
2234 2681 1
2220 421 1
2220 3171 1
2297 3463 1
2119 421 1
2838 2029 1
2838 2029 1
2838 2029 1
2838 2029 1
2838 2029 1
2681 2234 1
1076 3795 1
2146 2538 1
533 2482 1
3038 2029 1
2654 756 1
2838 1593 1
2838 1593 1
2836 2619 1
35 1341 1
2220 3463 1
1893 1797 1
2837 2064 1
2837 2064 1
2837 2064 1
2838 2029 1
2838 2029 1
2838 2029 1
2111 2681 1
1893 1381 1
2846 527 1
567 3502 1
2965 1841 1
352 1126 1
1271 1076 1
3038 3091 1
2965 520 1
690 2654 1
2491 3334 1
2850 3650 1
3491 1799 1
792 2654 1
2839 1583 1
3350 1055 1
2965 2937 1
1090 648 1
648 907 1
827 227 1
1923 626 1
2311 378 1
2846 1593 1
2965 3502 1
2110 3537 1
2212 3574 1
2155 3463 1
2609 3038 1
2882 520 1
2146 2681 1
2220 3910 1
3463 2104 1
2965 1841 1
2436 378 1
2220 3672 1
2220 3577 1
2547 3426 1
2119 2681 1
2736 387 1
2870 470 1
2145 120 1
2145 1929 1
2145 1929 1
2352 120 1
2145 1957 1
875 1810 1
2732 1076 1
2123 3804 1
2488 873 1
1560 1124 1
3599 1076 1
1399 1322 1
1738 1076 1
2311 378 1
3794 2119 1
345 2220 1
2156 1991 1
3320 1869 1
567 520 1
2005 957 1
2338 3574 1
2346 3574 1
2130 721 1
2839 456 1
2846 520 1
2119 421 1
2299 873 1
2732 756 1
2871 715 1
3031 1869 1
1929 3179 1
2299 3547 1
2299 3845 1
1560 1127 1
2838 3341 1
2836 2077 1
2157 1929 1
1417 1810 1
1417 1810 1
2871 715 1
2965 520 1
1054 1163 1
2965 520 1
2881 1929 1
2111 3537 1
2121 3577 1
2443 873 1
2839 3502 1
479 873 1
1013 1142 1
2500 1002 1
385 1155 1
1458 1477 1
2338 3672 1
2871 520 1
2881 3655 1
2882 1814 1
648 1095 1
2311 151 1
2145 1929 1
2157 3463 1
2112 744 1
2156 3463 1
2146 1609 1
2412 2681 1
2157 2681 1
2155 3463 1
2134 2501 1
2132 2538 1
2145 120 1
2157 1957 1
2145 1991 1
2965 3650 1
3577 2295 1
2134 2501 1
2220 3910 1
1271 873 1
2145 1609 1
2157 421 1
2145 1929 1
2134 2721 1
2220 3574 1
2220 1609 1
961 648 1
2146 3865 1
2111 3577 1
2157 3804 1
2157 421 1
1137 1192 1
1399 3774 1
659 1045 1
2220 3463 1
2096 3547 1
1929 3186 1
2157 1991 1
2299 938 1
659 1079 1
2248 3845 1
2299 1142 1
2145 3515 1
1054 1890 1
2157 3463 1
1955 3547 1
2299 3561 1
1271 1045 1
2145 120 1
2145 1929 1
821 1933 1
2881 1586 1
2145 1929 1
2872 1929 1
2119 3547 1
2881 3502 1
3826 2475 1
2119 3561 1
2838 2077 1
2119 3547 1
2096 3547 1
3331 1208 1
2121 3865 1
2121 3865 1
1402 1155 1
2145 126 1
2882 520 1
3442 3484 1
3187 1929 1
2871 2619 1
352 3334 1
1013 843 1
1271 1155 1
2871 1929 1
2123 3910 1
2475 3743 1
1589 1127 1
2299 1039 1
2808 831 1
2220 3890 1
2220 3890 1
2220 3890 1
2220 3890 1
2110 3910 1
2123 3672 1
1560 1127 1
1679 856 1
1045 124 1
2861 1841 1
1271 873 1
2094 1133 1
227 1060 1
1060 1163 1
227 1509 1
2475 3572 1
2220 3740 1
2302 3767 1
1111 873 1
3413 890 1
2870 470 1
2681 2422 1
2119 3634 1
2732 3218 1
2132 2641 1
2338 3865 1
2299 1957 1
2156 421 1
1957 2179 1
1402 952 1
1111 1155 1
3179 1869 1
1319 1090 1
2871 1929 1
659 1012 1
2220 3672 1
1111 1045 1
2837 527 1
1897 1045 1
2220 3767 1
2220 744 1
756 3094 1
756 3094 1
2299 1162 1
2343 1609 1
2145 1206 1
2965 986 1
2299 1101 1
3865 1188 1
2119 2788 1
2871 2619 1
2450 3577 1
2838 2454 1
2409 2681 1
3002 1929 1
2871 1586 1
2871 1586 1
1101 2431 1
2882 520 1
2882 3502 1
2220 744 1
2119 3775 1
153 997 1
2346 3873 1
3561 2316 1
2297 3547 1
2157 3463 1
2299 3643 1
2112 1609 1
2871 2619 1
790 1155 1
2415 1929 1
2146 1609 1
1537 147 1
1537 147 1
2157 1957 1
2220 3740 1
2965 3154 1
2112 378 1
2112 378 1
1929 1796 1
2299 2364 1
2123 3804 1
790 1076 1
2299 1609 1
2443 888 1
1402 843 1
659 816 1
2130 3171 1
2130 3171 1
2846 1929 1
2846 1929 1
35 1171 1
35 1171 1
2871 520 1
2145 1929 1
2871 1586 1
917 2005 1
2119 3866 1
2145 1275 1
2134 2501 1
2783 1076 1
2836 3379 1
1271 1155 1
3413 823 1
2220 2538 1
2144 1546 1
2110 3767 1
2882 1841 1
2130 1929 1
2123 1999 1
2881 3502 1
2870 2937 1
2870 715 1
744 2304 1
1679 856 1
2005 1050 1
2157 3463 1
153 1101 1
2132 2641 1
2859 1869 1
2220 3910 1
2299 1609 1
2112 744 1
2871 2619 1
2145 120 1
2441 3574 1
3543 2179 1
2155 3463 1
2145 3515 1
2145 1929 1
2145 1929 1
3187 1929 1
2145 2681 1
2144 3865 1
2144 1659 1
2079 940 1
2145 1206 1
2145 3467 1
2155 3463 1
2145 120 1
1111 1155 1
2299 3827 1
2155 3865 1
2220 3740 1
3544 119 1
2112 3865 1
2112 898 1
2145 1206 1
888 1017 1
2145 1609 1
2145 1206 1
2146 1929 1
2155 3804 1
2145 2538 1
2130 3827 1
1560 1003 1
2882 1929 1
2839 2077 1
2111 3805 1
823 503 1
2112 1609 1
2123 3804 1
1955 3643 1
809 792 1
2681 2438 1
512 3835 1
512 3835 1
2654 1779 1
1065 2732 1
2157 120 1
1050 1126 1
2654 756 1
790 1155 1
790 1155 1
2111 1609 1
2155 1609 1
2155 1609 1
2155 1609 1
2155 1609 1
2156 1609 1
2146 3537 1
2146 3537 1
2145 1609 1
2145 1609 1
2871 492 1
2872 1841 1
2145 1957 1
2155 3463 1
2156 3463 1
2156 3463 1
2146 1991 1
2146 1991 1
2871 1929 1
2146 2681 1
2146 2681 1
2005 1169 1
2112 378 1
2145 1206 1
2155 120 1
2145 120 1
2837 986 1
2965 3341 1
2965 3341 1
2155 3804 1
2155 120 1
2145 120 1
2848 3341 1
2848 3341 1
2848 3341 1
2146 3463 1
2451 120 1
2220 2538 1
2871 2619 1
2111 3881 1
1090 1319 1
2145 1206 1
2145 1929 1
2144 3865 1
2155 3804 1
2146 120 1
2220 3740 1
890 3022 1
2130 3537 1
2130 3885 1
2156 3463 1
2145 1609 1
2448 1609 1
2156 1991 1
237 917 1
2736 2299 1
2297 3813 1
2299 1002 1
2848 3341 1
2848 3341 1
2111 3804 1
1929 2414 1
2872 3176 1
2338 3547 1
153 886 1
2155 1411 1
153 1045 1
3743 2297 1
2146 1929 1
2220 3672 1
2259 1991 1
3187 1929 1
2338 3767 1
3825 2230 1
2077 269 1
2111 3577 1
2119 3537 1
2436 3767 1
2155 2681 1
2220 2641 1
2146 1991 1
2146 1991 1
2145 3515 1
2145 3515 1
2155 2681 1
2157 3463 1
2122 3767 1
2122 3767 1
2681 2242 1
2681 2242 1
2112 744 1
2145 1609 1
2145 1609 1
2145 1609 1
2111 3577 1
2146 120 1
2145 2681 1
2145 2681 1
2145 2681 1
2145 1957 1
2156 3463 1
1929 2412 1
2155 1609 1
2156 2681 1
2156 2681 1
157 1609 1
157 1609 1
157 1609 1
2145 120 1
2145 120 1
1402 1124 1
120 2448 1
2155 1609 1
2145 3855 1
2145 1957 1
2145 1957 1
1012 659 1
120 2259 1
120 2259 1
1271 1045 1
2681 2242 1
2681 2242 1
2681 2242 1
2836 747 1
1402 1124 1
2146 1991 1
2110 3845 1
2145 1609 1
2145 1609 1
153 1155 1
2410 3742 1
2410 3742 1
2146 120 1
2146 126 1
2220 549 1
2338 3547 1
2119 3775 1
2119 3827 1
2346 3547 1
237 1101 1
2220 3804 1
204 335 1
2299 3826 1
2786 1124 1
2220 3890 1
2220 3890 1
659 873 1
2220 3881 1
1605 873 1
3591 873 1
896 844 1
3725 873 1
2179 3577 1
2179 3577 1
2220 3890 1
3910 2373 1
2373 3910 1
2220 2475 1
1801 2736 1
2220 3740 1
1251 1076 1
2246 1251 1
3522 3643 1
1955 3862 1
3599 1076 1
2965 747 1
3038 2709 1
2112 744 1
896 823 1
2220 3910 1
2848 3341 1
2132 2538 1
2230 2463 1
1165 93 1
2220 3813 1
2299 3885 1
2857 1847 1
2111 3873 1
1647 1434 1
1738 1076 1
2145 1609 1
2881 567 1
3178 286 1
2123 3837 1
2157 3073 1
1070 1810 1
3574 2367 1
2236 3910 1
1124 2786 1
3336 1155 1
659 1076 1
2247 421 1
2220 3890 1
3491 1477 1
3845 2316 1
2837 2064 1
911 2033 1
611 1477 1
841 3269 1
462 1472 1
1332 1002 1
3787 35 1
1446 690 1
2838 2029 1
2965 3502 1
2846 520 1
1690 487 1
2838 2029 1
2872 1413 1
2297 3463 1
2965 286 1
3425 3820 1
2220 3910 1
2145 1929 1
2005 1169 1
2837 1929 1
978 1155 1
124 1155 1
2965 3772 1
2883 2708 1
2881 1814 1
2145 2681 1
2346 3749 1
2157 1929 1
2157 120 1
2121 3537 1
1955 3892 1
3577 2302 1
2838 2029 1
2123 3574 1
659 856 1
2299 1101 1
2130 3171 1
2145 1206 1
153 856 1
2340 3910 1
2872 1929 1
3005 2709 1
2111 378 1
2123 1999 1
1560 2650 1
2837 2709 1
2786 1124 1
2155 3463 1
2121 3574 1
2157 120 1
2783 1155 1
1955 3826 1
2146 3537 1
2156 1991 1
1111 1155 1
2220 3890 1
3591 873 1
2145 1609 1
2179 3577 1
2299 1155 1
1929 2412 1
1991 1937 1
2848 3341 1
2146 120 1
2145 1206 1
940 227 1
1955 3519 1
581 3334 1
93 1060 1
352 814 1
352 1076 1
