2837 2064 1
2837 2029 1
1593 3316 1
3074 3772 1
2839 1593 1
2965 3772 1
2839 2029 1
2965 1593 1
2689 3154 1
3116 1390 1
255 1738 1
2965 2029 1
2839 3772 1
3038 188 1
2977 2709 1
412 3802 1
2965 1193 1
55 2945 1
3491 2766 1
741 1163 1
1726 287 1
3309 3341 1
3038 3176 1
2965 470 1
2838 520 1
2965 1593 1
2111 378 1
3116 3341 1
2709 2977 1
3787 2032 1
3787 3364 1
2882 3176 1
3692 647 1
2965 2029 1
1076 3152 1
3599 1076 1
2977 2709 1
121 875 1
1840 1893 1
3116 1390 1
3038 188 1
191 3684 1
1750 2750 1
806 2558 1
1783 2558 1
3425 2752 1
456 3180 1
2089 2491 1
1890 1133 1
2654 497 1
3098 1841 1
1841 2967 1
3914 648 1
3098 3502 1
3457 3269 1
35 2703 1
1065 3412 1
3470 611 1
1458 2766 1
2839 2709 1
1163 2025 1
1271 1076 1
1271 873 1
2112 898 1
3910 2220 1
2839 3176 1
2860 2937 1
35 412 1
3038 3176 1
2871 470 1
2155 1929 1
2870 1929 1
3187 1929 1
567 3176 1
2881 715 1
2871 1841 1
1133 2079 1
1076 3599 1
2220 3910 1
2217 3910 1
2220 3910 1
2220 3910 1
613 1893 1
2157 2681 1
35 412 1
2415 1929 1
2374 3845 1
2836 2029 1
2881 567 1
2220 120 1
2881 2619 1
2220 1619 1
2112 898 1
2316 3547 1
792 1241 1
3116 188 1
2299 1101 1
2892 3429 1
2299 1155 1
2220 3577 1
2302 3804 1
2220 3804 1
2892 3429 1
2111 744 1
2849 3341 1
2112 898 1
2133 2501 1
2836 527 1
2111 3837 1
2123 3804 1
1509 227 1
940 648 1
2871 715 1
1076 3599 1
873 85 1
2838 3154 1
2157 2681 1
2145 2571 1
2145 1929 1
2144 3515 1
3098 3502 1
2220 2681 1
2839 1193 1
1623 1620 1
2179 3742 1
2220 3775 1
2155 1609 1
1446 3484 1
2133 2501 1
2220 3767 1
2335 378 1
1402 1045 1
2220 744 1
2965 2619 1
385 1045 1
3038 759 1
2112 1609 1
2111 3881 1
2838 3341 1
255 2456 1
1738 1241 1
2654 2945 1
2232 3672 1
352 1458 1
1919 690 1
3576 1379 1
1609 2210 1
2236 3910 1
1810 1150 1
2871 1586 1
1095 2094 1
2316 3845 1
2475 3862 1
121 1165 1
884 3483 1
2726 3576 1
2837 2064 1
1810 2051 1
2220 3574 1
1690 3787 1
1955 3826 1
2156 1991 1
2836 2029 1
2111 744 1
2220 1656 1
2836 80 1
2123 3910 1
2096 3547 1
2220 3577 1
2123 3672 1
1609 2450 1
2220 3574 1
153 997 1
2121 3171 1
2850 3650 1
2837 1217 1
336 1165 1
352 1126 1
1111 1155 1
3186 520 1
1399 809 1
2145 120 1
2296 120 1
659 1101 1
2837 1593 1
1738 809 1
2463 2406 1
1662 1692 1
873 2696 1
2304 2641 1
35 2703 1
360 497 1
1811 3823 1
1111 1155 1
2837 2077 1
2456 1241 1
2121 3574 1
1375 3839 1
2297 3463 1
1163 3483 1
352 1593 1
2870 2619 1
3484 3334 1
900 1939 1
2736 1774 1
3500 282 1
2145 1609 1
2881 1586 1
3484 792 1
2220 3740 1
2112 744 1
2220 3827 1
2363 3733 1
2112 1609 1
2145 1609 1
2440 2681 1
2155 3804 1
2156 3463 1
2859 3176 1
2134 151 1
1458 1984 1
2860 3502 1
567 520 1
1137 648 1
1609 157 1
2338 744 1
2112 3547 1
2111 3767 1
2871 2619 1
2837 3341 1
2299 3537 1
2220 3804 1
1589 1003 1
2299 3775 1
1017 1092 1
2123 1929 1
2112 3767 1
2110 3577 1
1050 1156 1
2220 3550 1
2220 3743 1
2156 120 1
2145 1957 1
2155 3865 1
2299 3737 1
2837 1193 1
2969 3341 1
2965 3154 1
2443 1045 1
153 1127 1
2299 3742 1
2111 3767 1
2450 744 1
2346 3544 1
1550 1724 1
2155 1929 1
2309 1957 1
2227 3827 1
2299 2635 1
659 1076 1
2374 3775 1
2297 3463 1
2346 3826 1
2871 520 1
1759 1056 1
2709 3005 1
153 1134 1
2132 3515 1
2132 3515 1
2132 3515 1
2132 3515 1
2786 873 1
2122 3910 1
2220 3577 1
2145 1929 1
2132 2476 1
2871 1929 1
2872 1586 1
2861 1929 1
2220 3561 1
1399 3774 1
3543 2307 1
2839 2077 1
2838 3650 1
2112 1957 1
2871 2619 1
2871 3176 1
2871 2619 1
1137 2815 1
790 873 1
790 873 1
2736 888 1
750 3866 1
2157 1929 1
1948 873 1
2299 3643 1
2881 715 1
2859 3176 1
2871 520 1
1271 873 1
2111 3767 1
2475 3825 1
2220 3827 1
2302 3577 1
2475 3775 1
2145 120 1
2145 1206 1
2111 3910 1
1477 756 1
2145 1206 1
2145 1206 1
2145 1206 1
2343 1929 1
2736 1933 1
2145 1206 1
2145 1957 1
2145 1957 1
2157 1929 1
2145 1206 1
1929 2259 1
2145 1206 1
2145 1206 1
2155 3463 1
2111 3547 1
2145 3865 1
2145 3865 1
2145 1206 1
2654 2945 1
2179 3881 1
2299 3845 1
2343 1929 1
2475 3740 1
2220 3890 1
2145 120 1
2299 2788 1
2111 3881 1
2145 1206 1
2145 1957 1
2179 3881 1
2111 3910 1
2145 1206 1
2414 120 1
2145 1929 1
2145 120 1
3771 3440 1
1679 856 1
1271 974 1
2155 1929 1
2079 961 1
2220 2475 1
59 756 1
1593 3346 1
3684 806 1
2220 3873 1
2439 120 1
2401 3544 1
2338 3543 1
2475 3873 1
153 1045 1
75 823 1
1605 1049 1
2144 1957 1
2871 715 1
2415 1929 1
1605 1162 1
1693 3839 1
2122 3561 1
2123 2511 1
1991 1937 1
2111 744 1
2005 823 1
2837 2372 1
2849 3341 1
2417 3672 1
1111 873 1
251 2057 1
2339 1142 1
3484 3803 1
2111 744 1
251 2057 1
421 2151 1
2838 3650 1
1458 1799 1
1399 2491 1
2302 3890 1
3522 3574 1
3522 3574 1
2146 1991 1
2299 1142 1
2491 1738 1
2299 3577 1
2220 3550 1
2220 3881 1
592 335 1
2871 715 1
2220 3866 1
2220 3544 1
2436 3890 1
2110 3767 1
2726 3576 1
2112 744 1
2436 3890 1
2436 3890 1
2220 3865 1
2475 3485 1
1560 1086 1
1589 1127 1
823 75 1
979 2299 1
1169 1013 1
2220 2641 1
2123 3493 1
2123 3493 1
2110 3845 1
2406 2721 1
2406 2721 1
2121 3574 1
2110 744 1
2836 3341 1
3413 923 1
2839 527 1
336 1095 1
1662 2694 1
2838 747 1
2838 747 1
2836 3341 1
2654 3413 1
2883 3655 1
2883 3655 1
2839 2077 1
2839 2077 1
1838 2184 1
1838 2184 1
3215 1608 1
3390 35 1
3390 35 1
3390 35 1
3390 35 1
3390 35 1
3390 35 1
2838 3772 1
1498 3353 1
1498 3353 1
1498 3353 1
35 3692 1
821 2299 1
3046 821 1
3885 2299 1
2110 3845 1
2436 3890 1
1609 2448 1
2836 2029 1
2836 2029 1
2838 2029 1
2965 3772 1
2965 3772 1
602 890 1
2965 470 1
2839 2064 1
2839 2064 1
2839 2064 1
2836 2029 1
2965 1593 1
2965 986 1
2403 3881 1
854 3022 1
1955 3643 1
2145 1659 1
2475 3742 1
2110 378 1
2230 3881 1
2146 1659 1
2145 1929 1
2156 2681 1
2448 2681 1
2145 2538 1
2871 2619 1
2861 520 1
2861 520 1
2145 2538 1
2145 2538 1
2111 3845 1
2144 3865 1
2146 1991 1
2872 1841 1
2871 1586 1
2155 3463 1
2145 1929 1
2156 421 1
2146 2078 1
2146 3865 1
2448 120 1
2414 1929 1
2414 1929 1
2415 1929 1
2145 2681 1
2145 2681 1
2145 2681 1
2156 2681 1
2156 120 1
2145 120 1
2145 1991 1
2145 1991 1
2145 1991 1
2145 120 1
2156 120 1
2156 421 1
2422 421 1
2422 421 1
2146 1991 1
2146 1991 1
2399 1991 1
2157 421 1
2157 421 1
2157 421 1
2157 3804 1
2157 3804 1
1955 3547 1
2252 3544 1
2401 3813 1
2399 1991 1
2414 1929 1
2145 2681 1
2145 3865 1
2145 120 1
2145 120 1
2146 120 1
2157 3463 1
2157 3463 1
2157 1609 1
2146 1929 1
2155 1929 1
2155 1929 1
2157 3463 1
2157 3463 1
2157 3463 1
2146 1991 1
470 2919 1
1126 849 1
153 1075 1
1955 3775 1
1549 1457 1
2134 2571 1
1417 2432 1
2112 120 1
659 830 1
1076 1271 1
1605 1124 1
2145 2641 1
1560 886 1
2316 3865 1
3577 2236 1
3596 3445 1
2156 421 1
2146 1991 1
2146 1929 1
2146 1929 1
153 910 1
1269 1527 1
2408 2641 1
1509 1890 1
2304 3672 1
2839 1193 1
1589 1003 1
287 997 1
121 940 1
2215 3550 1
3572 2105 1
2005 823 1
2112 898 1
2871 1929 1
3426 2456 1
2132 3515 1
2836 2565 1
2681 2412 1
2297 3463 1
2965 1593 1
2220 2383 1
2111 254 1
385 957 1
2703 420 1
336 1165 1
352 497 1
2836 2709 1
978 886 1
2122 3574 1
2145 1609 1
286 3195 1
1640 1243 1
2132 3515 1
2871 3588 1
2145 1206 1
85 1155 1
2146 3463 1
2145 120 1
2145 1957 1
1605 1092 1
2475 3827 1
2871 3176 1
153 938 1
2703 3457 1
848 1156 1
1593 3346 1
2122 3910 1
385 1045 1
1640 1243 1
2837 2060 1
923 3022 1
2111 3845 1
3413 1360 1
2145 1929 1
3463 2259 1
2145 2538 1
2839 3772 1
2145 1991 1
2839 2077 1
2414 1929 1
2145 1929 1
2145 2681 1
2475 3485 1
