2837 2064 1
2837 2064 1
3069 1593 1
2838 2029 1
2985 2636 1
2965 2636 1
1951 1799 1
3038 2029 1
3038 2709 1
2839 2029 1
2838 2064 1
1271 1934 1
1271 1076 1
2965 2064 1
2965 1593 1
2079 827 1
747 2950 1
747 3309 1
3204 3772 1
3098 2619 1
1076 2703 1
2965 3154 1
3038 3772 1
3310 747 1
3109 3154 1
2709 3309 1
3463 2107 1
3484 2456 1
1286 1122 1
1286 1122 1
2766 1458 1
2965 3772 1
387 1596 1
2977 2709 1
2582 2047 1
3038 747 1
2965 520 1
3038 2678 1
613 3092 1
1472 255 1
1137 2094 1
2253 1929 1
2242 1929 1
352 792 1
2094 1060 1
1163 3167 1
1939 611 1
2839 188 1
3167 1163 1
2239 3574 1
2654 1076 1
792 1241 1
1076 1799 1
2732 1076 1
2110 2641 1
2965 3502 1
3599 1076 1
2230 744 1
3176 3098 1
2401 1384 1
385 873 1
2871 3176 1
2146 1991 1
227 940 1
2732 1076 1
2089 1919 1
2415 1929 1
2871 2619 1
2134 151 1
2849 520 1
2157 3463 1
3098 3502 1
2871 3429 1
1605 945 1
2299 3881 1
1165 1655 1
611 2766 1
2871 1841 1
2871 3588 1
2838 2077 1
3341 3104 1
2965 2064 1
2838 3650 1
2157 1609 1
567 2937 1
3787 1690 1
2220 3910 1
2451 1929 1
2145 1206 1
2145 1609 1
3714 3599 1
2220 3767 1
2640 2641 1
2220 3577 1
2441 3767 1
2220 3910 1
2145 1929 1
940 93 1
227 940 1
581 3491 1
2123 3837 1
360 756 1
648 907 1
3098 1929 1
2220 345 1
2850 3502 1
2220 3171 1
1847 3088 1
2157 1929 1
2157 1929 1
2220 1619 1
421 2101 1
1165 2094 1
2156 1929 1
2145 3865 1
2475 3890 1
3825 2348 1
227 907 1
3672 2101 1
3484 3803 1
2145 3865 1
2157 3463 1
897 1991 1
2881 567 1
3413 2654 1
153 997 1
2144 378 1
940 2079 1
3413 3596 1
756 3484 1
1458 809 1
352 756 1
2406 378 1
2302 3537 1
2871 3176 1
2134 2501 1
2316 3737 1
2145 1957 1
2112 3547 1
2848 1869 1
2837 3502 1
1626 1127 1
2145 3865 1
120 2409 1
3543 2338 1
66 690 1
3769 2441 1
2547 533 1
1955 3862 1
1165 1959 1
2965 520 1
1375 3823 1
1509 1890 1
1890 531 1
2871 2619 1
2110 591 1
1122 3613 1
3413 581 1
1890 1054 1
2837 2077 1
2837 2077 1
2112 1609 1
2882 520 1
2134 2538 1
2157 567 1
2871 1586 1
2253 1929 1
2122 3910 1
2112 744 1
2145 1609 1
2123 2640 1
1020 2561 1
2358 3574 1
2903 1814 1
2302 3537 1
2861 3176 1
2397 3574 1
3631 3438 1
1322 3331 1
2132 151 1
151 2311 1
3515 2398 1
567 520 1
2145 1609 1
2881 1929 1
2786 1075 1
2299 3561 1
352 1549 1
2736 2491 1
900 704 1
352 1076 1
2144 1957 1
2144 1957 1
2230 3865 1
2145 2681 1
2156 1929 1
2145 1929 1
1485 1838 1
35 3787 1
2144 3515 1
3826 3825 1
2220 3890 1
2220 1609 1
2123 3804 1
2145 1957 1
2112 3804 1
2220 744 1
1509 1890 1
1605 1045 1
2123 3672 1
2155 3463 1
2111 3672 1
2302 3577 1
2302 3577 1
2406 2721 1
2144 120 1
3672 2212 1
1774 1296 1
3470 756 1
3413 2694 1
1799 3491 1
1065 59 1
1477 1472 1
2299 856 1
2430 3547 1
1676 3331 1
1640 1243 1
2491 2925 1
2871 1586 1
2882 2619 1
2870 492 1
2881 520 1
2123 1929 1
352 756 1
2145 1136 1
659 1155 1
385 1142 1
2871 1869 1
2882 492 1
2456 3484 1
2157 421 1
2157 421 1
2836 2077 1
2871 2619 1
1375 3823 1
2123 1929 1
2157 3463 1
2110 3805 1
3910 2236 1
2111 3804 1
2302 3910 1
2112 3537 1
2220 3865 1
2438 744 1
2872 2619 1
2871 3176 1
3575 2100 1
3839 1661 1
2327 1929 1
2112 3767 1
2122 744 1
2850 3341 1
2403 3775 1
2220 3544 1
1050 1156 1
2406 1929 1
2406 2721 1
2220 3890 1
2441 3873 1
2220 3827 1
2220 3767 1
2316 3672 1
2299 3537 1
2441 3672 1
2156 120 1
2121 3577 1
2871 2937 1
2220 3865 1
2112 1609 1
2364 2100 1
2220 1609 1
2346 3577 1
385 974 1
2220 1957 1
2299 3561 1
1589 1142 1
2145 1609 1
2111 3804 1
2111 3910 1
2871 2619 1
2111 3804 1
1939 611 1
1207 3331 1
2861 1929 1
2871 2619 1
756 2766 1
1271 1155 1
3413 1101 1
3413 1101 1
2110 3737 1
2220 744 1
2123 3910 1
2850 520 1
2882 1929 1
2220 744 1
888 602 1
2111 744 1
2145 1609 1
2839 3341 1
2346 3862 1
2145 3865 1
2145 1957 1
2145 1957 1
2146 1929 1
2145 1206 1
2145 3865 1
2111 3672 1
2299 873 1
2299 1134 1
2299 3643 1
1375 3738 1
2111 3845 1
2112 3561 1
3845 2216 1
2145 1929 1
2145 1991 1
2156 120 1
2156 120 1
2156 120 1
2156 120 1
3775 2318 1
3672 2107 1
2703 420 1
2703 420 1
2302 3890 1
2220 744 1
2965 3919 1
2836 3091 1
456 2829 1
2965 2029 1
3787 1690 1
659 1127 1
1640 1243 1
1640 1243 1
2121 3574 1
2259 421 1
2123 3910 1
2307 3543 1
2299 1142 1
2145 2681 1
2220 3910 1
2302 3577 1
2112 1609 1
3596 1790 1
2837 1769 1
385 1045 1
1774 2736 1
690 66 1
2239 3910 1
2871 520 1
2736 1101 1
2296 421 1
2299 3171 1
1233 490 1
2408 3886 1
227 1070 1
1319 961 1
2111 3873 1
2299 3742 1
1127 2783 1
659 1127 1
2299 3804 1
2373 3634 1
237 848 1
3826 1251 1
2299 3737 1
126 2107 1
2123 2726 1
1640 1243 1
2111 3910 1
2230 1957 1
237 1933 1
2145 1609 1
2406 151 1
2406 151 1
2406 205 1
2406 205 1
2406 205 1
3113 151 1
940 336 1
2558 2190 1
2558 2190 1
948 1156 1
1537 147 1
1065 3598 1
1065 3598 1
2965 2077 1
2965 2077 1
2836 3091 1
2966 3772 1
2636 3205 1
659 816 1
2220 3740 1
2112 3547 1
2121 1957 1
2156 1957 1
2145 1957 1
2399 1991 1
2298 1991 1
2212 3574 1
2146 744 1
2145 1206 1
2145 1206 1
2871 2619 1
2871 2692 1
2156 120 1
2156 120 1
2145 1929 1
2145 1929 1
2145 2538 1
1991 2178 1
1991 2178 1
2145 1957 1
2145 1957 1
2145 1957 1
2145 120 1
2145 3865 1
2145 3865 1
2145 3865 1
2145 3515 1
2121 3910 1
2121 3767 1
2211 3547 1
2112 744 1
2112 744 1
2144 3855 1
2299 1155 1
2242 2681 1
2242 2681 1
2146 3865 1
2157 3463 1
2157 3463 1
2299 1155 1
2220 3544 1
2220 3544 1
3839 1661 1
3676 2475 1
2146 1957 1
2439 3463 1
2146 120 1
2681 2352 1
2681 2352 1
2155 421 1
2155 421 1
2155 421 1
2155 421 1
2145 1957 1
2145 1957 1
2145 1957 1
2145 120 1
2155 2681 1
2155 2681 1
2155 2681 1
2155 2681 1
2155 2681 1
2145 1929 1
2410 3813 1
1002 2266 1
2736 1142 1
2084 1003 1
2145 120 1
2155 1957 1
2155 1957 1
2439 120 1
2145 3865 1
2145 1957 1
2352 120 1
1322 756 1
1593 2970 1
2220 3881 1
2220 1957 1
1811 3823 1
1126 854 1
2438 3767 1
3038 188 1
2441 3845 1
2736 1142 1
2292 3827 1
1955 3547 1
2430 3547 1
1738 132 1
2145 1991 1
2145 1991 1
2146 1957 1
2145 1957 1
790 830 1
2111 898 1
841 1527 1
3470 3491 1
2111 1929 1
2607 896 1
3574 2432 1
2145 1929 1
3733 1163 1
2836 2008 1
659 1134 1
1399 1446 1
2301 3845 1
2025 1864 1
2956 1593 1
2111 744 1
2945 3484 1
2220 3550 1
153 1101 1
3098 3176 1
2965 3341 1
2965 3772 1
2965 2064 1
2965 3341 1
3038 3341 1
2871 1929 1
2871 2619 1
2732 756 1
3038 520 1
2057 251 1
2837 3650 1
611 1692 1
2837 2077 1
2134 2571 1
2415 1929 1
611 1692 1
1055 2815 1
2132 151 1
2302 3767 1
2299 3577 1
659 1101 1
2871 2619 1
2838 1593 1
2145 1206 1
2145 1609 1
747 3309 1
1171 1189 1
2299 3561 1
809 690 1
2146 1957 1
2299 1155 1
2084 1003 1
3775 2373 1
2415 3463 1
2145 120 1
2155 2681 1
2292 3547 1
2112 744 1
2145 1991 1
2871 2692 1
2220 549 1
896 1774 1
