2837 2064 1
2965 3772 1
2837 3715 1
3218 138 1
3446 287 1
2977 2709 1
802 1987 1
2838 1593 1
2965 3772 1
3463 2443 1
2836 2029 1
2077 3038 1
2297 3463 1
3038 2080 1
1738 2753 1
1076 2703 1
1893 3087 1
3178 286 1
385 1005 1
3727 1811 1
2112 3865 1
2133 151 1
2145 1206 1
2145 3515 1
2145 1305 1
2965 3650 1
2122 3672 1
3910 2236 1
907 121 1
2703 1076 1
2112 898 1
2973 1841 1
2415 1929 1
120 2415 1
147 3692 1
2836 2937 1
2415 1929 1
2145 120 1
2837 1390 1
2872 3176 1
2871 1586 1
520 567 1
567 1929 1
1271 952 1
2155 1929 1
2220 3743 1
2965 986 1
2718 2184 1
3038 1929 1
1955 3547 1
1893 2698 1
2475 3827 1
2220 2538 1
1076 256 1
1076 2703 1
1133 2079 1
3582 512 1
35 487 1
2134 1929 1
2937 3098 1
638 2207 1
1955 3547 1
2079 1060 1
2871 2619 1
2871 2619 1
1060 2079 1
3364 3787 1
35 2657 1
3386 1076 1
2703 1076 1
2134 2571 1
2145 1929 1
2220 2538 1
756 1016 1
412 35 1
2871 3502 1
2848 1929 1
2974 2077 1
2871 1929 1
2703 1076 1
2220 3767 1
2220 3577 1
2112 3672 1
2440 421 1
3167 1163 1
2220 120 1
1738 3484 1
3804 2106 1
2230 3672 1
2001 1919 1
2302 3767 1
2448 2681 1
2145 1929 1
2112 120 1
2145 1929 1
2945 2654 1
648 907 1
1679 856 1
2299 856 1
2110 3493 1
2838 747 1
2220 3171 1
1111 1155 1
533 1779 1
1477 1458 1
2836 3650 1
2132 151 1
2112 3547 1
2145 1929 1
2145 1929 1
85 1158 1
1679 856 1
2111 3537 1
3013 2456 1
352 2736 1
1919 1596 1
2253 1929 1
2145 1609 1
2111 3767 1
1076 1208 1
2406 378 1
227 940 1
1375 3817 1
2145 2538 1
2155 1929 1
2220 3171 1
2155 3463 1
2146 120 1
2156 3463 1
2157 421 1
2157 1957 1
2145 1929 1
2157 1957 1
2881 986 1
385 1142 1
2079 1070 1
2145 2681 1
2839 527 1
2654 2456 1
2112 898 1
744 2436 1
1417 1810 1
2965 1193 1
2157 1957 1
2709 3084 1
2965 1841 1
2849 2709 1
2848 3650 1
2850 3341 1
2145 1929 1
2406 3171 1
2145 1929 1
2881 3176 1
2872 3176 1
2860 3502 1
567 3176 1
567 3502 1
2145 1929 1
2145 1929 1
2145 1609 1
2155 3463 1
2872 1929 1
2871 1586 1
2110 3561 1
2450 744 1
2146 2641 1
2145 1929 1
2145 120 1
2343 1929 1
2242 1957 1
2220 744 1
2415 1929 1
3463 2412 1
2871 1586 1
2145 1206 1
3179 1929 1
3179 1929 1
2871 1929 1
2871 2774 1
2145 2681 1
1929 3187 1
2145 1609 1
2145 1929 1
2145 1929 1
2415 1929 1
2145 3865 1
659 856 1
2145 120 1
2146 1957 1
2157 3463 1
2146 1929 1
3187 1929 1
2155 3463 1
1163 3483 1
2112 1609 1
1679 856 1
2415 1929 1
875 2094 1
1060 1785 1
2220 3577 1
205 2406 1
3576 1379 1
2836 986 1
385 1134 1
1605 1155 1
2403 3881 1
2179 3775 1
332 873 1
1101 1134 1
2220 3156 1
2111 3577 1
1955 3862 1
3413 823 1
2232 3577 1
2220 3740 1
2547 3426 1
2179 3537 1
2348 3740 1
3767 2302 1
2111 744 1
2230 3577 1
3577 2432 1
1955 3740 1
2110 3845 1
2220 3910 1
2111 3547 1
2299 974 1
2338 3550 1
2230 3543 1
2475 3825 1
2156 3463 1
2475 3676 1
2236 3890 1
2475 3825 1
2220 3825 1
2475 3827 1
2475 3890 1
2110 3881 1
2837 3341 1
2475 3862 1
2220 2475 1
2111 3873 1
2220 3743 1
3862 2475 1
2871 1586 1
2145 1206 1
2134 2721 1
2301 3577 1
1605 957 1
2157 1929 1
790 1075 1
3890 2302 1
2220 3890 1
2220 3813 1
2220 3577 1
334 1138 1
625 3599 1
2871 1826 1
2871 1826 1
2871 1826 1
3823 1925 1
2155 1609 1
2089 1984 1
2089 1984 1
2089 1984 1
1929 2131 1
1929 2131 1
2836 3650 1
2836 3650 1
2123 345 1
2123 345 1
2134 2501 1
2134 2501 1
2872 1929 1
2870 3502 1
3038 1847 1
3287 2176 1
900 1939 1
3038 986 1
2327 120 1
2156 120 1
2881 3176 1
2134 2501 1
3599 3457 1
2871 2619 1
2298 1929 1
2145 1929 1
2145 1929 1
2145 1957 1
2145 1957 1
2145 1957 1
2242 120 1
2157 1957 1
1593 3309 1
2122 345 1
120 2259 1
120 2259 1
2157 1929 1
2145 3855 1
2145 1929 1
2145 1929 1
2145 1929 1
2157 3463 1
2157 3463 1
2881 715 1
2220 3767 1
2178 1991 1
2178 1991 1
2259 1929 1
2145 120 1
3463 2176 1
2439 120 1
2439 120 1
2439 120 1
2850 3502 1
352 3334 1
2871 1929 1
385 856 1
2111 744 1
2157 3463 1
2146 1929 1
352 1593 1
2111 3804 1
2111 3804 1
2347 3574 1
2347 3537 1
1991 2242 1
1991 2242 1
853 2736 1
2134 2501 1
2134 2501 1
2005 890 1
2343 120 1
2145 1929 1
2145 1929 1
2145 1609 1
2399 1929 1
3826 2475 1
2146 1609 1
2146 1609 1
2415 1929 1
120 2259 1
120 2259 1
2145 3865 1
2145 3865 1
120 2439 1
2156 421 1
2156 421 1
2145 1991 1
2145 1991 1
2348 3740 1
2156 2681 1
2415 1929 1
1271 1076 1
3547 1955 1
153 1075 1
2145 120 1
2156 3463 1
2409 3865 1
2409 3865 1
2409 3865 1
2146 120 1
2871 1929 1
2871 1929 1
2145 120 1
2145 120 1
2145 1991 1
2145 1991 1
2145 2571 1
2145 2571 1
2157 2681 1
2156 3463 1
2156 3463 1
2415 120 1
1957 2327 1
2145 120 1
2145 120 1
2145 120 1
1957 2327 1
1957 2327 1
1957 2327 1
2145 2681 1
2145 2681 1
2110 3845 1
2110 3845 1
3570 2077 1
567 520 1
2299 3171 1
385 1158 1
2299 3825 1
957 1017 1
2214 3577 1
2146 1957 1
2299 3171 1
2110 744 1
2077 3811 1
2302 3890 1
890 2005 1
3426 2482 1
2111 744 1
3069 3772 1
580 703 1
132 1399 1
2299 1076 1
1154 1013 1
338 1155 1
2654 690 1
1206 2101 1
2475 3866 1
1372 1065 1
608 1716 1
2215 3506 1
3484 3442 1
1060 121 1
1379 490 1
1560 1003 1
2434 3547 1
790 873 1
2145 3515 1
3138 2029 1
940 2079 1
2398 1929 1
2838 3772 1
35 412 1
1937 1609 1
2872 2619 1
2836 747 1
2111 744 1
2220 3574 1
3840 512 1
2220 3910 1
2302 3767 1
2112 744 1
2415 1929 1
2850 3341 1
2157 1929 1
2145 1929 1
3320 1929 1
2145 3515 1
2145 1991 1
2145 1609 1
1402 1127 1
2409 3865 1
3484 3803 1
2146 1991 1
2145 1991 1
2838 2077 1
2155 3463 1
2111 3804 1
2298 1929 1
1799 224 1
2155 2681 1
2145 120 1
1017 1092 1
