2157 1929 1
2871 3176 1
567 470 1
2408 3544 1
1271 1157 1
1469 3426 1
2156 421 1
2302 3537 1
2111 3672 1
2146 120 1
2112 1609 1
2110 3910 1
1640 2726 1
2836 1217 1
1111 882 1
1271 1127 1
2358 3672 1
2220 3171 1
2220 3171 1
831 3483 1
2881 3502 1
2220 744 1
2299 1605 1
2220 3825 1
2112 3804 1
2475 3862 1
2220 3827 1
2220 744 1
2121 552 1
1126 888 1
2220 120 1
3890 2436 1
2220 120 1
2837 3091 1
1640 1181 1
3309 2077 1
2220 2475 1
1283 907 1
3187 1929 1
2220 744 1
2401 3813 1
2304 3547 1
2220 1609 1
2111 3547 1
2935 287 1
2220 744 1
2111 3547 1
2246 3845 1
2579 3218 1
1402 1155 1
2836 3176 1
385 974 1
1076 2732 1
3038 3091 1
1243 1640 1
2299 3537 1
2340 3910 1
1271 1076 1
1271 1076 1
697 3353 1
2297 3463 1
2297 3463 1
3152 1076 1
412 3802 1
3457 2703 1
1608 2533 1
2032 3667 1
3599 1076 1
3787 3364 1
1163 93 1
2965 1593 1
3446 3334 1
690 352 1
2565 3038 1
759 3038 1
1690 3787 1
2558 1496 1
352 1126 1
3446 497 1
2145 1609 1
611 1692 1
1134 856 1
2491 3331 1
2977 2709 1
332 1101 1
1955 3677 1
2680 2561 1
2144 2681 1
2373 3574 1
1955 3862 1
2965 1847 1
2299 3496 1
2870 1841 1
567 1869 1
2871 520 1
2861 1929 1
2870 3176 1
2475 591 1
3599 1076 1
2881 1929 1
2145 1929 1
2412 3463 1
2881 1929 1
2146 1929 1
2146 1929 1
2694 3445 1
2220 2641 1
1344 2741 1
2220 3910 1
2220 3574 1
2220 3825 1
2110 243 1
1589 1003 1
1955 3871 1
385 1155 1
3022 932 1
2965 1193 1
659 1076 1
659 1076 1
659 1076 1
2111 3873 1
3826 269 1
2111 3845 1
2965 520 1
940 382 1
1283 907 1
2871 1841 1
2145 1929 1
2871 3176 1
2871 715 1
1241 1779 1
2145 1609 1
2145 1206 1
2259 1929 1
2155 3463 1
2156 1411 1
2253 1929 1
2157 1957 1
2965 3502 1
2156 1609 1
2155 3804 1
2412 1991 1
2415 1929 1
856 1449 1
2220 515 1
2145 120 1
2112 3873 1
2111 3547 1
2838 2064 1
3098 1841 1
2132 151 1
2406 3493 1
3390 35 1
2965 1193 1
2871 2619 1
2871 2619 1
2871 1586 1
2870 2619 1
2870 2619 1
2870 2619 1
1929 2415 1
2861 520 1
2872 2619 1
2872 2619 1
2881 1929 1
2145 1929 1
1498 2558 1
2145 1206 1
2145 1929 1
2145 1206 1
2155 3463 1
3187 1929 1
3187 1929 1
2156 1411 1
2415 1929 1
2145 1206 1
2145 1929 1
2145 120 1
2144 1957 1
2415 1929 1
2736 387 1
2945 2654 1
1060 3483 1
2882 470 1
3839 2799 1
2132 3515 1
2839 2077 1
790 886 1
2871 520 1
3128 520 1
2850 520 1
2872 1586 1
2145 1609 1
3098 1841 1
1929 2412 1
2121 3574 1
2121 3574 1
790 856 1
2299 3577 1
2299 3577 1
2247 3463 1
2220 3890 1
2977 2709 1
2977 2709 1
2079 961 1
2079 961 1
2079 961 1
940 227 1
940 227 1
940 227 1
940 227 1
940 227 1
940 227 1
940 227 1
940 227 1
940 227 1
93 940 1
2111 744 1
2145 1929 1
2871 1929 1
792 642 1
792 642 1
792 642 1
1692 63 1
1692 63 1
1692 63 1
2111 3804 1
2246 1231 1
2132 378 1
2132 378 1
2132 378 1
2132 151 1
2132 151 1
2220 3574 1
2112 3574 1
2132 151 1
2132 151 1
2311 2538 1
2220 744 1
744 2337 1
2871 470 1
2871 470 1
2871 1586 1
2881 1841 1
2872 3176 1
2872 3176 1
2882 1841 1
2882 1841 1
2871 40 1
2871 2619 1
2871 2619 1
2871 3176 1
2871 1841 1
2871 1841 1
2871 1841 1
2871 1841 1
2871 1841 1
2871 1841 1
2871 1841 1
2871 1841 1
2872 2619 1
2871 3502 1
2871 3502 1
2872 2619 1
2872 2619 1
2881 470 1
2881 470 1
2881 470 1
2881 470 1
2871 3176 1
2871 3176 1
2871 40 1
520 3179 1
520 3179 1
520 3179 1
2144 1929 1
2133 1929 1
2133 1929 1
2871 2619 1
2145 1929 1
2145 1929 1
2145 1929 1
2145 1929 1
2145 1929 1
2145 1929 1
2146 1957 1
2448 3855 1
2146 1957 1
2146 1957 1
2145 1206 1
2155 1991 1
2155 1991 1
2146 120 1
2242 2681 1
2242 2681 1
2242 2681 1
2242 2681 1
2414 120 1
120 2414 1
2882 1929 1
2882 1929 1
2343 120 1
2146 2641 1
2146 2641 1
2156 3463 1
2156 3463 1
2146 1659 1
2146 1659 1
2146 3515 1
2146 3515 1
2156 3463 1
2145 3865 1
2145 3865 1
2145 1609 1
2145 1991 1
2145 1991 1
2146 1991 1
2156 1957 1
2412 3463 1
2156 120 1
2156 120 1
2145 120 1
2145 120 1
2145 120 1
2145 120 1
2145 120 1
2112 898 1
2112 898 1
2112 898 1
2111 744 1
2111 744 1
2220 744 1
2123 744 1
2123 744 1
2123 744 1
2246 744 1
2246 744 1
2123 2640 1
2246 744 1
2246 744 1
2112 1609 1
2111 3804 1
2110 744 1
2110 744 1
2111 3804 1
2111 3804 1
2123 3910 1
2123 3910 1
1605 856 1
2111 3577 1
2111 3577 1
479 856 1
479 856 1
3522 3643 1
659 997 1
2292 3825 1
2292 3825 1
2292 3825 1
1779 2507 1
2292 3825 1
153 1075 1
2179 3881 1
3547 2210 1
2111 3737 1
2111 3737 1
2111 3547 1
2111 3547 1
1929 2415 1
2220 744 1
2304 3865 1
287 830 1
1640 423 1
2112 3547 1
2965 2619 1
2220 3463 1
2111 3910 1
2220 3881 1
2220 3826 1
2210 3547 1
2927 188 1
2155 3463 1
1649 1321 1
2111 3577 1
567 3502 1
3309 527 1
1171 35 1
2220 3463 1
2156 1929 1
2121 3804 1
790 1079 1
2110 1929 1
2348 3740 1
2860 3502 1
2299 2736 1
1079 287 1
1560 1127 1
2836 986 1
2732 611 1
2132 2538 1
1076 2732 1
1948 888 1
2443 1101 1
2132 3515 1
85 1049 1
2111 515 1
1271 843 1
1799 442 1
974 1948 1
2220 3574 1
3845 2292 1
2965 80 1
3574 2312 1
2122 3767 1
2112 3672 1
2965 3341 1
2838 3502 1
2836 520 1
1869 2877 1
2678 3038 1
2220 378 1
1957 2230 1
3038 2565 1
3038 188 1
690 1446 1
2220 3171 1
2965 3502 1
2965 3502 1
2299 3171 1
2220 2681 1
2965 1847 1
2220 3171 1
2220 2681 1
2871 1929 1
647 3412 1
1271 1076 1
35 1990 1
35 3390 1
3138 3341 1
2837 188 1
2871 470 1
2157 3463 1
2145 120 1
2145 1929 1
2155 3865 1
3487 2278 1
1244 1245 1
2234 2364 1
1529 1238 1
2965 3502 1
2641 2640 1
239 3390 1
1690 487 1
2837 1593 1
2837 520 1
2144 1275 1
2220 3825 1
2838 1593 1
1596 1457 1
385 873 1
2316 744 1
2838 2029 1
2110 3713 1
2838 1593 1
1375 3671 1
2871 3176 1
2145 1929 1
2267 1165 1
352 814 1
1799 3491 1
1793 352 1
2121 3171 1
3491 3596 1
2837 188 1
3816 1693 1
2299 1101 1
2299 3561 1
2475 3742 1
2299 957 1
3890 2220 1
2220 3827 1
567 1929 1
2412 1929 1
2872 1841 1
2157 1929 1
2871 520 1
2299 421 1
2234 2364 1
2145 1609 1
2146 3515 1
2145 1609 1
2882 520 1
1076 1799 1
1458 213 1
2456 2654 1
3225 3341 1
352 1793 1
2965 3502 1
2965 3502 1
2112 744 1
2220 3577 1
2220 3577 1
2121 3910 1
2112 744 1
3346 756 1
2145 1929 1
2145 1929 1
2145 1929 1
2145 1929 1
2157 3463 1
1589 1142 1
1013 1155 1
2299 421 1
567 3502 1
2965 3502 1
2965 1847 1
368 1608 1
2299 3577 1
3910 2230 1
2871 3502 1
2871 3588 1
1399 3426 1
2871 1929 1
2872 470 1
1163 3167 1
2110 591 1
2220 3890 1
1126 1681 1
1692 1458 1
2145 1929 1
747 3212 1
2475 3862 1
2111 3537 1
2110 3866 1
2871 2937 1
2965 520 1
2110 1426 1
756 2766 1
1509 1890 1
792 3484 1
3205 286 1
2122 3767 1
2121 3672 1
3187 1929 1
352 1126 1
581 3334 1
1929 2259 1
2882 2619 1
2837 3379 1
1133 227 1
2122 3574 1
2123 3910 1
2110 744 1
2123 3537 1
2246 3537 1
2220 3825 1
2155 120 1
2837 2077 1
2838 2064 1
2836 3650 1
2837 2709 1
3013 2547 1
2220 3767 1
2157 1929 1
3862 2475 1
2338 3827 1
2871 2619 1
2157 1929 1
1271 1155 1
2144 1275 1
2134 2463 1
2406 1384 1
2145 1929 1
2157 1929 1
2145 1929 1
2157 1929 1
896 957 1
567 1929 1
3038 2029 1
2871 2619 1
2872 470 1
2872 1929 1
2220 3825 1
2882 520 1
2220 3890 1
2220 3493 1
2146 120 1
2415 1929 1
2112 1609 1
2220 3577 1
2432 3672 1
2709 3198 1
3872 1375 1
2112 744 1
2132 2463 1
3440 3771 1
1137 3350 1
1127 2006 1
2741 1344 1
2145 1929 1
2121 3626 1
2861 1869 1
3588 3037 1
2965 3502 1
2111 3767 1
2123 3767 1
2220 3825 1
2850 3502 1
856 1449 1
385 938 1
2837 3154 1
2094 1165 1
352 47 1
2732 2746 1
3826 2220 1
628 1233 1
2111 3561 1
2859 2937 1
2220 3463 1
2220 3171 1
2871 1841 1
2296 1929 1
3167 1165 1
1163 3167 1
1477 900 1
2123 744 1
2239 3577 1
2871 2619 1
