1 23 3
2 151 3
2 202 3
3 30 3
4 202 3
5 109 3
5 147 3
5 175 3
6 202 3
7 37 3
7 191 3
7 238 3
8 166 3
8 190 3
8 247 3
9 248 3
10 109 3
10 115 3
10 170 3
10 222 3
10 251 3
11 202 3
13 110 3
13 130 3
13 151 3
13 171 3
13 252 3
13 267 3
14 26 3
14 28 3
14 32 3
14 97 3
14 175 3
14 248 3
16 59 3
16 154 3
16 212 3
16 220 3
16 221 3
16 225 3
17 29 3
17 222 3
18 23 3
18 36 3
18 100 3
18 105 3
19 23 3
19 32 3
19 48 3
19 90 3
19 161 3
19 241 3
20 255 3
21 35 3
21 81 3
21 97 3
21 109 3
22 26 3
22 49 3
22 139 3
22 183 3
22 218 3
22 240 3
22 252 3
22 282 3
22 284 3
23 74 3
23 132 3
23 160 3
24 34 3
24 45 3
24 209 3
24 253 3
25 222 3
26 193 3
26 209 3
27 46 3
27 57 3
28 30 3
28 201 3
29 248 3
30 48 3
30 79 3
30 151 3
30 165 3
30 242 3
31 184 3
31 222 3
32 51 3
32 80 3
32 96 3
32 109 3
32 170 3
32 172 3
32 173 3
32 180 3
32 183 3
32 193 3
32 201 3
32 248 3
32 268 3
33 81 3
33 126 3
33 255 3
34 155 3
35 68 3
35 84 3
35 209 3
36 109 3
36 133 3
36 158 3
36 179 3
37 171 3
38 200 3
38 202 3
38 206 3
39 82 3
39 234 3
40 160 3
40 259 3
41 58 3
41 99 3
41 236 3
42 82 3
42 94 3
42 200 3
43 128 3
43 182 3
44 170 3
44 258 3
46 104 3
46 125 3
46 139 3
46 158 3
46 170 3
46 221 3
46 270 3
47 109 3
47 166 3
48 202 3
48 259 3
49 202 3
50 202 3
51 76 3
51 109 3
51 202 3
51 223 3
51 234 3
51 265 3
52 135 3
52 248 3
53 163 3
54 75 3
54 84 3
54 192 3
54 200 3
54 202 3
55 56 3
55 261 3
56 109 3
56 110 3
56 138 3
56 202 3
56 229 3
56 257 3
57 110 3
58 170 3
58 231 3
58 272 3
59 109 3
59 135 3
60 154 3
60 186 3
63 110 3
63 257 3
65 132 3
66 154 3
66 191 3
68 230 3
69 114 3
69 166 3
70 91 3
70 109 3
70 116 3
70 202 3
71 82 3
71 99 3
71 102 3
71 109 3
71 145 3
71 151 3
73 135 3
75 87 3
76 125 3
76 184 3
76 202 3
76 301 3
78 99 3
78 136 3
79 147 3
80 109 3
80 179 3
80 217 3
80 299 3
81 174 3
81 231 3
81 247 3
82 245 3
83 202 3
84 204 3
84 232 3
86 196 3
86 202 3
87 202 3
88 112 3
88 202 3
89 197 3
89 213 3
89 267 3
91 99 3
91 238 3
92 158 3
92 248 3
93 197 3
94 95 3
94 202 3
94 230 3
94 236 3
94 279 3
95 109 3
95 202 3
96 253 3
97 112 3
99 167 3
100 135 3
101 146 3
101 170 3
101 248 3
103 158 3
104 151 3
105 118 3
106 168 3
106 202 3
107 145 3
109 155 3
109 162 3
109 168 3
109 182 3
109 183 3
109 206 3
109 210 3
109 217 3
109 219 3
109 222 3
109 238 3
109 245 3
109 246 3
109 253 3
109 283 3
109 285 3
109 293 3
109 301 3
110 118 3
110 138 3
110 151 3
110 180 3
110 201 3
110 202 3
110 212 3
110 227 3
110 229 3
110 248 3
110 251 3
110 265 3
110 270 3
110 292 3
111 202 3
111 210 3
112 158 3
112 251 3
114 221 3
116 202 3
117 221 3
118 198 3
118 202 3
119 158 3
119 202 3
120 132 3
120 248 3
120 256 3
121 202 3
122 142 3
122 190 3
122 192 3
122 202 3
122 212 3
122 221 3
124 136 3
124 209 3
124 210 3
126 229 3
126 268 3
127 202 3
128 139 3
128 218 3
128 280 3
129 135 3
129 158 3
129 184 3
129 202 3
130 209 3
131 136 3
131 159 3
131 173 3
131 217 3
131 258 3
132 276 3
135 165 3
135 221 3
135 296 3
136 290 3
137 198 3
137 240 3
138 145 3
138 248 3
139 143 3
139 202 3
140 184 3
140 258 3
141 175 3
142 202 3
143 202 3
143 258 3
144 202 3
144 209 3
144 285 3
145 202 3
146 151 3
146 202 3
146 211 3
147 213 3
148 202 3
150 181 3
150 190 3
150 209 3
150 265 3
151 202 3
152 202 3
152 207 3
153 158 3
154 160 3
154 181 3
154 184 3
154 195 3
154 203 3
154 210 3
154 212 3
154 218 3
154 223 3
154 229 3
154 236 3
154 238 3
154 241 3
154 250 3
154 259 3
154 299 3
156 241 3
158 160 3
158 170 3
158 179 3
158 224 3
158 225 3
158 250 3
158 251 3
158 268 3
158 296 3
159 202 3
159 274 3
160 197 3
160 202 3
161 202 3
161 241 3
163 212 3
163 259 3
165 202 3
166 177 3
166 193 3
166 212 3
167 268 3
168 224 3
168 287 3
169 202 3
169 259 3
170 172 3
170 180 3
170 187 3
170 259 3
171 187 3
171 202 3
171 210 3
171 222 3
171 246 3
171 255 3
171 261 3
171 269 3
173 202 3
173 269 3
175 191 3
175 202 3
175 260 3
175 268 3
177 202 3
178 193 3
181 242 3
182 248 3
184 221 3
186 212 3
187 213 3
189 202 3
189 248 3
191 248 3
192 206 3
195 261 3
197 235 3
197 259 3
198 232 3
199 200 3
202 207 3
202 212 3
202 213 3
202 215 3
202 218 3
202 220 3
202 222 3
202 227 3
202 236 3
202 246 3
202 247 3
202 249 3
202 250 3
202 257 3
202 258 3
202 260 3
202 261 3
202 262 3
202 264 3
202 266 3
202 268 3
202 272 3
202 276 3
202 281 3
202 287 3
202 292 3
208 237 3
209 232 3
209 241 3
209 261 3
209 276 3
209 284 3
210 215 3
211 258 3
212 257 3
212 268 3
215 219 3
215 267 3
218 272 3
221 267 3
221 297 3
222 235 3
223 270 3
231 238 3
231 264 3
231 298 3
232 249 3
234 236 3
240 260 3
242 268 3
242 288 3
248 263 3
250 294 3
262 282 3
268 270 3
269 282 3
277 294 3
172 248 3
6 30 3
202 317 3
202 214 3
25 154 3
99 285 3
142 178 3
202 211 3
46 255 3
202 327 3
86 277 3
153 197 3
154 158 3
44 328 3
46 114 3
3 202 3
30 274 3
109 320 3
8 170 3
90 212 3
145 167 3
99 329 3
209 235 3
11 54 3
113 217 3
151 330 3
209 278 3
197 263 3
75 181 3
202 241 3
120 203 3
18 330 3
109 133 3
190 303 3
246 260 3
110 222 3
178 268 3
41 158 3
158 198 3
14 66 3
32 46 3
109 225 3
101 160 3
135 292 3
78 238 3
109 316 3
134 212 3
4 56 3
231 293 3
59 64 3
74 312 3
80 99 3
56 99 3
209 280 3
202 248 3
218 320 3
101 325 3
202 280 3
110 254 3
95 241 3
12 135 3
110 122 3
154 227 3
202 329 3
153 199 3
78 202 3
45 221 3
107 268 3
202 285 3
14 136 3
78 267 3
202 267 3
33 202 3
14 142 3
88 306 3
114 164 3
258 322 3
226 292 3
119 295 3
128 309 3
95 184 3
68 257 3
175 320 3
248 270 3
67 101 3
110 220 3
54 109 3
29 209 3
74 135 3
109 114 3
32 128 3
14 123 3
109 131 3
111 268 3
6 110 3
30 49 3
100 110 3
101 195 3
202 289 3
217 332 3
59 170 3
213 326 3
88 192 3
110 256 3
229 278 3
32 56 3
14 110 3
154 248 3
46 167 3
71 117 3
202 203 3
48 55 3
198 202 3
7 303 3
20 202 3
19 202 3
89 292 3
168 229 3
210 302 3
124 245 3
78 199 3
59 126 3
112 199 3
101 274 3
5 286 3
156 202 3
205 222 3
40 58 3
49 153 3
16 58 3
177 191 3
35 201 3
186 202 3
63 160 3
161 243 3
2 186 3
193 231 3
97 248 3
109 200 3
168 209 3
128 149 3
170 227 3
71 296 3
13 25 3
82 128 3
160 253 3
186 213 3
202 253 3
110 228 3
30 38 3
123 178 3
77 154 3
57 202 3
103 269 3
109 322 3
202 279 3
153 273 3
109 312 3
114 158 3
253 272 3
162 229 3
163 199 3
202 275 3
202 321 3
22 113 3
185 257 3
151 189 3
19 99 3
122 314 3
110 327 3
1 232 3
6 13 3
20 158 3
202 298 3
84 325 3
83 189 3
52 246 3
84 296 3
210 281 3
248 291 3
51 139 3
7 212 3
202 270 3
64 154 3
202 265 3
176 259 3
51 162 3
110 197 3
97 319 3
148 213 3
23 189 3
108 151 3
109 247 3
51 311 3
43 202 3
202 324 3
124 191 3
57 267 3
182 202 3
31 110 3
56 220 3
65 202 3
154 256 3
87 207 3
12 109 3
185 202 3
3 287 3
176 293 3
157 202 3
7 74 3
47 102 3
20 32 3
135 248 3
13 125 3
154 318 3
46 89 3
46 227 3
132 231 3
1 202 3
267 301 3
110 209 3
127 165 3
23 306 3
109 147 3
32 328 3
10 272 3
71 78 3
3 332 3
46 211 3
99 109 3
9 256 3
134 151 3
110 241 3
113 202 3
170 329 3
169 209 3
22 266 3
102 202 3
27 243 3
128 226 3
38 103 3
130 296 3
89 151 3
286 299 3
59 286 3
72 209 3
246 249 3
150 285 3
202 319 3
16 56 3
33 258 3
58 290 3
111 213 3
177 197 3
104 212 3
13 160 3
124 185 3
22 127 3
151 311 3
78 308 3
67 238 3
34 165 3
134 153 3
13 234 3
197 329 3
33 320 3
135 266 3
110 252 3
212 270 3
63 200 3
32 217 3
90 187 3
218 322 3
70 175 3
99 173 3
209 286 3
212 289 3
184 299 3
202 331 3
109 129 3
80 265 3
215 222 3
51 323 3
109 188 3
181 288 3
51 137 3
183 222 3
103 212 3
33 259 3
76 126 3
77 170 3
66 202 3
14 208 3
202 209 3
162 202 3
84 209 3
35 193 3
202 307 3
181 302 3
110 298 3
33 183 3
39 168 3
154 261 3
56 132 3
10 158 3
23 185 3
17 28 3
103 202 3
10 249 3
33 124 3
79 197 3
213 268 3
39 158 3
80 198 3
158 302 3
148 197 3
124 202 3
135 272 3
19 94 3
61 140 3
202 311 3
286 296 3
26 271 3
33 284 3
160 166 3
47 165 3
109 288 3
158 322 3
151 246 3
92 110 3
202 325 3
79 224 3
133 150 3
123 202 3
139 215 3
132 223 3
22 289 3
67 285 3
98 259 3
58 226 3
23 221 3
23 149 3
163 209 3
84 317 3
14 254 3
64 248 3
55 202 3
202 318 3
68 202 3
109 263 3
187 285 3
167 191 3
63 286 3
33 43 3
143 286 3
193 212 3
49 236 3
114 215 3
78 154 3
130 158 3
16 322 3
52 58 3
102 239 3
258 301 3
16 252 3
102 332 3
3 324 3
143 259 3
247 332 3
44 268 3
22 125 3
128 212 3
126 311 3
56 102 3
154 247 3
205 242 3
60 159 3
286 315 3
66 148 3
173 212 3
211 256 3
109 236 3
38 271 3
10 35 3
104 110 3
46 250 3
31 177 3
31 174 3
173 280 3
202 316 3
109 220 3
32 331 3
25 184 3
102 179 3
13 202 3
30 218 3
58 102 3
10 38 3
177 247 3
258 292 3
109 193 3
51 261 3
145 170 3
35 311 3
58 125 3
54 103 3
232 320 3
82 110 3
218 255 3
128 202 3
163 171 3
54 101 3
187 197 3
12 96 3
54 165 3
30 187 3
184 186 3
96 99 3
197 291 3
8 33 3
22 74 3
120 322 3
87 301 3
29 304 3
193 202 3
18 267 3
140 199 3
138 157 3
109 317 3
218 243 3
228 252 3
110 276 3
141 268 3
191 224 3
165 248 3
154 289 3
58 264 3
16 158 3
16 236 3
186 291 3
76 222 3
202 210 3
25 272 3
19 26 3
94 138 3
124 287 3
83 98 3
61 92 3
67 95 3
3 32 3
79 248 3
79 263 3
77 202 3
136 137 3
32 61 3
88 307 3
131 292 3
23 24 3
236 315 3
101 202 3
222 226 3
38 301 3
38 283 3
163 238 3
222 268 3
218 259 3
28 109 3
217 221 3
187 240 3
88 154 3
32 44 3
56 211 3
209 272 3
21 193 3
34 202 3
11 181 3
140 181 3
148 218 3
32 131 3
87 218 3
98 139 3
202 310 3
6 212 3
201 215 3
89 231 3
109 213 3
201 248 3
111 284 3
202 291 3
32 294 3
14 272 3
173 311 3
33 102 3
213 323 3
19 225 3
38 172 3
45 46 3
84 332 3
121 209 3
91 107 3
23 88 3
25 185 3
175 263 3
30 148 3
95 160 3
221 247 3
129 270 3
32 127 3
26 160 3
3 14 3
71 181 3
39 282 3
252 303 3
139 294 3
76 154 3
197 307 3
70 231 3
82 326 3
154 242 3
237 252 3
65 176 3
109 160 3
45 202 3
131 314 3
123 199 3
14 102 3
101 324 3
61 292 3
1 258 3
236 330 3
23 147 3
65 110 3
109 286 3
193 248 3
19 114 3
51 196 3
6 127 3
248 265 3
101 212 3
118 186 3
17 257 3
56 149 3
49 302 3
54 173 3
121 268 3
109 266 3
38 113 3
70 218 3
158 187 3
67 137 3
90 114 3
47 323 3
46 321 3
19 267 3
244 318 3
27 134 3
232 272 3
87 170 3
202 223 3
33 324 3
67 213 3
32 110 3
121 252 3
134 216 3
20 83 3
203 217 3
212 322 3
96 285 3
122 205 3
59 110 3
243 258 3
134 172 3
14 74 3
187 202 3
40 204 3
59 102 3
197 297 3
238 255 3
15 186 3
109 264 3
46 73 3
212 247 3
201 281 3
51 309 3
58 285 3
56 305 3
158 223 3
19 64 3
51 284 3
30 188 3
88 262 3
202 330 3
104 114 3
19 112 3
15 202 3
31 114 3
111 112 3
19 36 3
158 184 3
120 202 3
271 273 3
44 322 3
296 323 3
32 327 3
27 128 3
47 202 3
53 212 3
110 331 3
32 316 3
148 258 3
69 154 3
125 218 3
107 202 3
192 312 3
118 248 3
109 122 3
10 156 3
110 205 3
