1 84 3
1 104 3
1 183 3
2 104 3
2 161 3
3 162 3
3 169 3
3 223 3
3 261 3
5 208 3
6 28 3
6 34 3
8 9 3
8 261 3
9 41 3
9 196 3
9 249 3
9 261 3
9 278 3
10 100 3
10 132 3
11 104 3
11 119 3
11 225 3
11 283 3
13 40 3
13 134 3
13 210 3
13 269 3
14 266 3
15 260 3
16 85 3
17 30 3
17 186 3
18 48 3
19 132 3
20 26 3
21 58 3
22 44 3
22 68 3
22 104 3
23 217 3
24 58 3
24 104 3
24 130 3
25 261 3
26 43 3
27 104 3
27 208 3
28 104 3
28 135 3
28 261 3
28 271 3
29 184 3
29 266 3
30 210 3
32 61 3
32 104 3
32 198 3
32 265 3
33 43 3
34 111 3
34 118 3
34 232 3
34 261 3
35 56 3
35 63 3
35 75 3
35 95 3
35 99 3
35 104 3
35 114 3
35 118 3
35 168 3
35 184 3
35 185 3
35 189 3
35 210 3
35 222 3
35 261 3
35 265 3
36 136 3
37 207 3
37 216 3
37 239 3
37 268 3
38 136 3
39 132 3
41 123 3
41 150 3
41 261 3
42 104 3
42 163 3
43 261 3
44 90 3
44 173 3
44 244 3
45 104 3
45 261 3
46 132 3
46 172 3
46 208 3
46 229 3
46 261 3
47 208 3
48 112 3
48 227 3
49 173 3
50 58 3
50 109 3
50 230 3
50 261 3
50 280 3
51 218 3
53 124 3
53 207 3
54 123 3
54 148 3
54 191 3
54 261 3
55 265 3
58 61 3
58 65 3
58 94 3
58 100 3
58 112 3
58 117 3
58 119 3
58 126 3
58 137 3
58 162 3
58 164 3
58 170 3
58 172 3
58 173 3
58 179 3
58 196 3
58 208 3
58 216 3
58 221 3
58 224 3
58 226 3
58 227 3
58 230 3
58 233 3
58 241 3
58 255 3
58 260 3
58 286 3
58 294 3
58 295 3
58 302 3
60 218 3
60 261 3
61 85 3
61 176 3
62 261 3
63 151 3
63 261 3
63 265 3
63 266 3
63 274 3
63 301 3
65 297 3
66 104 3
68 261 3
70 83 3
70 104 3
70 131 3
70 264 3
71 132 3
71 175 3
71 280 3
72 218 3
72 249 3
73 132 3
74 97 3
74 104 3
74 148 3
75 84 3
75 104 3
75 297 3
76 104 3
76 193 3
77 297 3
78 105 3
78 169 3
78 208 3
79 104 3
79 207 3
79 208 3
79 249 3
79 302 3
80 113 3
80 261 3
80 278 3
81 184 3
81 261 3
82 261 3
84 98 3
84 150 3
84 167 3
84 183 3
84 202 3
84 239 3
84 251 3
84 261 3
85 104 3
85 275 3
86 184 3
86 201 3
86 230 3
86 276 3
87 154 3
87 188 3
87 206 3
87 208 3
87 261 3
88 261 3
89 225 3
90 97 3
90 166 3
90 209 3
90 237 3
91 183 3
92 169 3
92 247 3
93 212 3
93 261 3
94 148 3
94 184 3
94 261 3
94 271 3
95 98 3
97 218 3
97 261 3
99 103 3
99 111 3
100 172 3
100 204 3
100 208 3
100 261 3
101 133 3
101 193 3
101 218 3
102 117 3
102 127 3
102 227 3
102 261 3
102 275 3
103 173 3
104 109 3
104 114 3
104 118 3
104 123 3
104 133 3
104 138 3
104 140 3
104 151 3
104 155 3
104 159 3
104 168 3
104 169 3
104 171 3
104 172 3
104 174 3
104 176 3
104 177 3
104 179 3
104 191 3
104 199 3
104 203 3
104 208 3
104 220 3
104 226 3
104 229 3
104 230 3
104 236 3
104 241 3
104 252 3
104 259 3
104 260 3
104 261 3
104 274 3
104 282 3
104 287 3
104 291 3
104 300 3
106 160 3
109 184 3
109 218 3
109 269 3
111 206 3
111 224 3
114 207 3
115 135 3
115 261 3
116 218 3
117 178 3
117 214 3
117 227 3
117 238 3
118 148 3
119 150 3
119 271 3
120 182 3
120 249 3
120 269 3
121 126 3
121 189 3
122 261 3
123 125 3
123 163 3
123 186 3
123 192 3
123 249 3
123 285 3
123 302 3
124 201 3
125 208 3
125 261 3
126 199 3
126 206 3
128 244 3
129 229 3
130 271 3
131 180 3
132 144 3
132 208 3
132 213 3
132 215 3
132 218 3
132 231 3
132 253 3
136 163 3
136 261 3
137 218 3
138 278 3
140 249 3
141 261 3
142 171 3
143 201 3
144 179 3
144 245 3
145 204 3
145 249 3
146 261 3
147 158 3
147 267 3
148 218 3
148 232 3
148 270 3
149 261 3
151 261 3
152 261 3
153 222 3
153 261 3
154 261 3
155 243 3
155 261 3
157 229 3
157 271 3
158 185 3
158 249 3
159 183 3
159 261 3
159 273 3
160 186 3
161 252 3
163 205 3
163 274 3
164 172 3
165 249 3
166 180 3
166 183 3
166 210 3
169 221 3
169 236 3
172 288 3
173 225 3
173 274 3
175 218 3
176 261 3
178 265 3
180 249 3
180 288 3
182 210 3
182 225 3
183 202 3
183 256 3
183 274 3
184 204 3
184 216 3
184 236 3
184 259 3
186 273 3
187 208 3
187 231 3
188 208 3
189 241 3
190 274 3
191 208 3
192 229 3
193 265 3
195 261 3
197 240 3
198 218 3
198 261 3
199 261 3
200 261 3
202 210 3
202 287 3
203 249 3
203 261 3
203 266 3
204 261 3
204 296 3
206 212 3
206 222 3
206 229 3
206 246 3
206 250 3
206 271 3
206 278 3
207 249 3
209 218 3
209 237 3
216 218 3
216 261 3
218 226 3
218 235 3
218 239 3
218 248 3
218 261 3
218 291 3
220 271 3
222 252 3
225 236 3
226 261 3
227 261 3
229 289 3
230 242 3
230 261 3
231 261 3
232 261 3
233 261 3
234 240 3
238 269 3
241 261 3
244 261 3
247 265 3
248 249 3
249 256 3
251 261 3
252 253 3
252 261 3
252 271 3
252 284 3
257 292 3
261 262 3
261 263 3
261 270 3
261 273 3
261 281 3
261 290 3
261 294 3
261 297 3
261 300 3
261 301 3
262 266 3
262 279 3
263 286 3
273 286 3
131 156 3
86 237 3
81 142 3
235 261 3
249 293 3
42 48 3
261 277 3
239 329 3
26 113 3
20 169 3
209 246 3
44 122 3
171 261 3
257 261 3
241 316 3
15 120 3
171 323 3
64 297 3
3 225 3
97 200 3
122 305 3
148 206 3
74 261 3
104 305 3
185 213 3
13 312 3
261 320 3
145 261 3
10 229 3
243 309 3
172 308 3
17 50 3
45 249 3
39 207 3
91 136 3
83 261 3
253 261 3
72 104 3
102 122 3
152 163 3
104 326 3
104 276 3
21 185 3
58 319 3
205 261 3
54 177 3
261 298 3
112 230 3
206 227 3
94 222 3
185 332 3
173 261 3
149 153 3
13 240 3
13 205 3
261 303 3
23 121 3
10 273 3
277 286 3
104 129 3
39 205 3
1 31 3
64 261 3
200 274 3
13 72 3
147 148 3
132 162 3
78 179 3
101 104 3
198 279 3
58 123 3
104 170 3
43 117 3
18 104 3
186 261 3
185 249 3
50 104 3
66 222 3
103 330 3
60 104 3
161 269 3
261 302 3
169 211 3
134 228 3
104 219 3
136 223 3
13 104 3
225 259 3
152 225 3
15 123 3
104 108 3
48 303 3
123 203 3
132 292 3
10 153 3
147 208 3
57 104 3
41 175 3
18 297 3
58 283 3
26 33 3
34 272 3
80 266 3
146 218 3
22 261 3
37 115 3
35 79 3
117 261 3
71 106 3
58 188 3
41 283 3
197 216 3
124 261 3
44 303 3
184 186 3
9 225 3
44 255 3
57 218 3
134 278 3
126 297 3
172 279 3
240 289 3
6 214 3
35 225 3
90 144 3
35 324 3
208 307 3
79 121 3
169 320 3
24 182 3
78 207 3
135 249 3
132 300 3
44 318 3
104 320 3
21 261 3
35 115 3
104 198 3
42 261 3
58 332 3
5 11 3
58 144 3
27 310 3
14 103 3
169 302 3
236 258 3
265 280 3
78 103 3
114 313 3
123 323 3
52 246 3
65 98 3
249 287 3
58 306 3
35 102 3
183 218 3
276 299 3
213 261 3
172 248 3
112 122 3
101 207 3
208 215 3
229 301 3
175 261 3
13 254 3
45 154 3
151 270 3
182 203 3
41 274 3
100 164 3
119 179 3
23 228 3
183 189 3
89 104 3
4 173 3
123 291 3
63 206 3
132 227 3
60 100 3
58 176 3
162 261 3
56 183 3
126 257 3
20 261 3
58 140 3
83 153 3
64 104 3
206 207 3
52 297 3
32 179 3
70 97 3
224 261 3
209 261 3
142 261 3
31 47 3
178 208 3
134 148 3
14 131 3
132 316 3
32 165 3
118 261 3
1 101 3
142 253 3
157 265 3
38 261 3
136 208 3
252 267 3
35 50 3
44 70 3
8 183 3
176 178 3
269 281 3
144 261 3
261 307 3
23 265 3
82 186 3
204 309 3
287 332 3
178 287 3
118 195 3
104 148 3
40 50 3
150 168 3
5 317 3
261 274 3
32 71 3
65 261 3
89 149 3
166 240 3
249 297 3
58 159 3
35 86 3
199 278 3
118 246 3
225 286 3
20 216 3
92 257 3
264 280 3
50 75 3
197 261 3
75 304 3
22 117 3
4 23 3
249 272 3
104 279 3
261 331 3
80 206 3
106 249 3
60 208 3
36 58 3
123 241 3
151 208 3
118 122 3
104 143 3
85 261 3
84 86 3
55 72 3
92 132 3
35 59 3
18 138 3
104 306 3
116 209 3
42 173 3
28 297 3
168 288 3
244 249 3
77 198 3
97 316 3
35 271 3
86 132 3
156 184 3
179 207 3
99 144 3
22 58 3
35 272 3
52 145 3
35 140 3
106 179 3
179 200 3
20 104 3
158 296 3
5 145 3
58 215 3
109 112 3
208 293 3
104 254 3
84 317 3
2 218 3
16 58 3
20 208 3
172 269 3
13 90 3
58 116 3
186 249 3
109 170 3
104 195 3
19 104 3
122 319 3
175 183 3
33 104 3
122 174 3
111 274 3
31 244 3
254 261 3
172 220 3
94 128 3
120 162 3
41 104 3
271 317 3
64 125 3
188 216 3
84 277 3
4 132 3
58 130 3
28 169 3
35 301 3
71 123 3
35 127 3
165 331 3
102 136 3
182 261 3
85 270 3
148 165 3
205 235 3
59 133 3
17 270 3
35 200 3
104 316 3
135 203 3
55 261 3
160 261 3
132 299 3
180 261 3
37 103 3
24 325 3
172 263 3
218 241 3
104 304 3
104 156 3
229 254 3
79 205 3
104 255 3
18 287 3
120 123 3
58 78 3
230 321 3
18 224 3
100 249 3
35 117 3
213 241 3
72 150 3
72 222 3
132 326 3
58 158 3
206 296 3
199 200 3
207 296 3
12 132 3
104 221 3
201 299 3
200 303 3
117 246 3
198 242 3
104 206 3
74 103 3
249 295 3
1 231 3
56 58 3
172 195 3
58 309 3
183 207 3
16 256 3
132 254 3
120 172 3
76 254 3
184 292 3
249 261 3
13 237 3
74 183 3
27 152 3
83 255 3
56 201 3
128 183 3
58 161 3
35 160 3
21 177 3
179 325 3
200 302 3
30 249 3
196 293 3
161 197 3
148 316 3
22 185 3
97 196 3
61 84 3
8 138 3
51 58 3
241 267 3
151 170 3
150 179 3
32 72 3
11 110 3
89 249 3
210 250 3
80 271 3
72 210 3
261 305 3
104 212 3
58 275 3
249 298 3
215 261 3
218 278 3
71 304 3
104 310 3
206 325 3
184 202 3
11 112 3
169 255 3
237 246 3
105 306 3
206 279 3
15 23 3
48 208 3
95 216 3
35 291 3
89 218 3
126 263 3
103 262 3
199 234 3
161 218 3
40 58 3
168 218 3
17 261 3
27 255 3
105 200 3
179 295 3
158 309 3
187 259 3
28 265 3
172 253 3
48 126 3
62 104 3
61 261 3
15 132 3
162 238 3
155 263 3
75 261 3
189 254 3
203 230 3
82 204 3
160 172 3
14 169 3
35 90 3
130 261 3
35 257 3
50 96 3
26 261 3
48 205 3
111 295 3
225 261 3
177 274 3
9 245 3
220 332 3
237 261 3
53 71 3
184 197 3
34 216 3
35 331 3
27 28 3
64 184 3
37 229 3
107 209 3
8 104 3
58 67 3
48 204 3
80 236 3
181 210 3
44 261 3
131 246 3
86 318 3
104 162 3
106 185 3
59 104 3
33 115 3
178 261 3
104 322 3
15 209 3
118 317 3
179 319 3
172 318 3
59 297 3
205 263 3
54 102 3
81 251 3
108 144 3
79 276 3
181 261 3
221 274 3
203 270 3
104 275 3
38 270 3
35 123 3
35 47 3
15 219 3
154 204 3
28 198 3
92 206 3
124 274 3
184 266 3
104 122 3
240 261 3
132 195 3
178 323 3
77 188 3
224 299 3
13 61 3
184 190 3
99 105 3
110 180 3
149 262 3
117 237 3
111 261 3
135 261 3
261 330 3
14 170 3
79 193 3
99 292 3
86 124 3
123 307 3
75 143 3
55 58 3
42 184 3
50 188 3
134 197 3
152 193 3
58 157 3
86 104 3
103 179 3
52 271 3
35 120 3
36 265 3
229 276 3
92 231 3
53 261 3
113 261 3
102 150 3
78 250 3
34 260 3
32 219 3
120 211 3
132 285 3
16 261 3
104 270 3
167 261 3
28 200 3
261 319 3
192 231 3
259 261 3
261 314 3
255 313 3
98 225 3
74 309 3
28 274 3
162 235 3
104 298 3
257 282 3
151 265 3
161 227 3
72 129 3
104 324 3
32 64 3
258 263 3
100 104 3
92 191 3
57 122 3
133 309 3
183 251 3
91 257 3
20 56 3
59 100 3
129 208 3
208 298 3
62 297 3
203 242 3
86 247 3
40 208 3
184 312 3
193 261 3
31 169 3
17 293 3
184 214 3
116 316 3
119 144 3
63 139 3
104 266 3
35 65 3
84 304 3
80 104 3
122 256 3
132 295 3
41 157 3
204 222 3
34 251 3
63 84 3
31 261 3
107 151 3
11 56 3
8 159 3
27 237 3
51 261 3
35 44 3
132 244 3
43 321 3
32 320 3
132 180 3
39 184 3
94 177 3
180 206 3
119 218 3
3 104 3
227 264 3
20 123 3
92 261 3
172 238 3
101 116 3
55 174 3
23 255 3
30 279 3
119 325 3
