79 151 4
201 352 4
201 210 4
89 201 4
201 265 4
182 201 4
73 201 4
201 249 4
210 233 4
89 227 4
201 230 4
202 210 4
11 201 4
41 201 4
210 226 4
71 210 4
107 226 4
167 227 4
226 338 4
201 322 4
71 102 4
226 263 4
107 286 4
201 288 4
201 275 4
201 345 4
28 201 4
95 233 4
135 338 4
201 292 4
90 201 4
210 342 4
201 342 4
89 190 4
17 201 4
58 201 4
129 135 4
62 233 4
201 339 4
69 201 4
89 265 4
71 357 4
187 201 4
71 339 4
184 230 4
5 226 4
226 353 4
219 226 4
133 226 4
233 294 4
201 234 4
5 131 4
62 241 4
20 339 4
210 290 4
10 190 4
73 273 4
201 243 4
145 226 4
153 233 4
201 327 4
30 265 4
201 277 4
5 154 4
11 257 4
79 334 4
201 258 4
166 201 4
97 107 4
325 339 4
79 142 4
39 201 4
210 271 4
201 347 4
89 138 4
201 245 4
53 245 4
226 310 4
73 155 4
226 363 4
2 5 4
257 329 4
271 324 4
69 129 4
62 151 4
196 226 4
201 303 4
153 210 4
11 362 4
32 201 4
210 304 4
102 201 4
69 311 4
100 201 4
73 331 4
97 233 4
230 281 4
22 201 4
203 324 4
201 273 4
191 339 4
132 210 4
199 201 4
99 201 4
19 201 4
145 279 4
105 201 4
42 151 4
125 275 4
28 332 4
210 229 4
111 226 4
309 331 4
201 228 4
178 201 4
201 218 4
42 45 4
134 226 4
309 332 4
69 89 4
143 233 4
201 311 4
89 349 4
196 248 4
34 277 4
201 202 4
40 271 4
34 71 4
6 226 4
71 201 4
28 264 4
13 201 4
155 258 4
7 201 4
37 201 4
226 315 4
201 359 4
201 233 4
149 226 4
161 271 4
42 326 4
45 201 4
71 156 4
213 303 4
210 253 4
147 201 4
63 201 4
129 361 4
86 210 4
55 89 4
32 328 4
161 162 4
210 248 4
258 335 4
201 300 4
89 177 4
15 69 4
233 361 4
172 303 4
77 201 4
89 147 4
104 277 4
107 245 4
91 248 4
252 309 4
197 273 4
89 141 4
201 225 4
105 189 4
226 314 4
19 344 4
21 201 4
106 107 4
210 257 4
194 201 4
11 89 4
190 318 4
115 339 4
42 321 4
158 279 4
141 324 4
59 89 4
107 108 4
89 181 4
59 226 4
161 204 4
62 317 4
47 201 4
233 314 4
34 42 4
50 201 4
194 271 4
77 347 4
166 354 4
170 271 4
56 77 4
38 201 4
89 286 4
201 283 4
2 201 4
107 160 4
69 169 4
201 219 4
14 201 4
162 166 4
201 329 4
194 223 4
69 226 4
230 256 4
69 287 4
179 201 4
208 292 4
219 323 4
201 360 4
257 264 4
248 307 4
206 226 4
102 226 4
170 211 4
35 219 4
56 209 4
177 346 4
201 257 4
149 151 4
88 227 4
115 149 4
183 201 4
69 307 4
201 323 4
89 119 4
124 209 4
339 358 4
151 269 4
151 191 4
69 218 4
89 310 4
19 151 4
226 282 4
201 344 4
233 328 4
63 332 4
97 201 4
201 357 4
40 201 4
110 287 4
201 250 4
198 201 4
71 298 4
168 201 4
257 340 4
201 343 4
277 364 4
11 189 4
87 201 4
62 209 4
35 306 4
210 236 4
121 145 4
117 248 4
257 306 4
226 312 4
177 199 4
201 285 4
34 226 4
79 305 4
68 226 4
293 315 4
69 131 4
138 203 4
49 201 4
69 309 4
194 347 4
89 249 4
201 325 4
207 277 4
179 311 4
65 201 4
201 293 4
211 279 4
201 251 4
219 346 4
34 190 4
33 226 4
139 201 4
57 190 4
89 261 4
42 117 4
114 145 4
105 305 4
11 316 4
336 339 4
161 247 4
26 197 4
89 235 4
14 149 4
278 360 4
159 201 4
177 201 4
201 330 4
11 82 4
102 342 4
19 59 4
53 69 4
61 346 4
268 325 4
170 317 4
32 265 4
87 365 4
180 201 4
201 348 4
173 269 4
248 289 4
175 201 4
201 313 4
15 201 4
180 226 4
199 321 4
71 259 4
36 201 4
218 301 4
126 166 4
184 261 4
34 323 4
62 91 4
107 201 4
149 335 4
278 339 4
201 320 4
62 97 4
45 226 4
201 212 4
25 201 4
143 201 4
89 156 4
74 201 4
104 131 4
81 226 4
18 201 4
119 201 4
280 328 4
131 232 4
89 103 4
12 201 4
6 247 4
277 340 4
149 201 4
135 225 4
201 319 4
119 307 4
135 297 4
54 69 4
230 355 4
186 191 4
72 179 4
45 113 4
170 328 4
210 308 4
226 240 4
42 130 4
226 330 4
160 201 4
89 122 4
298 321 4
163 201 4
185 201 4
33 314 4
167 211 4
104 271 4
102 120 4
62 201 4
143 206 4
226 257 4
323 340 4
32 324 4
226 344 4
193 209 4
34 126 4
184 248 4
226 343 4
88 349 4
59 208 4
123 201 4
138 255 4
192 332 4
198 213 4
215 298 4
84 226 4
197 245 4
307 357 4
162 279 4
160 210 4
196 342 4
201 266 4
201 301 4
11 85 4
145 253 4
125 226 4
22 226 4
82 177 4
79 118 4
26 265 4
69 160 4
1 226 4
86 149 4
195 201 4
22 271 4
201 335 4
35 224 4
64 74 4
15 307 4
99 307 4
74 190 4
79 106 4
28 352 4
24 287 4
166 360 4
201 242 4
81 237 4
201 358 4
179 248 4
303 332 4
314 342 4
130 230 4
95 201 4
49 344 4
186 242 4
138 226 4
201 336 4
164 226 4
201 239 4
155 201 4
115 134 4
16 239 4
10 201 4
162 190 4
90 226 4
146 201 4
210 360 4
96 234 4
29 201 4
59 201 4
298 325 4
151 217 4
67 201 4
170 231 4
62 272 4
201 355 4
201 217 4
201 349 4
48 73 4
168 226 4
135 359 4
122 233 4
196 271 4
332 363 4
89 125 4
226 298 4
92 287 4
167 210 4
347 354 4
32 214 4
41 226 4
73 226 4
71 144 4
82 339 4
121 201 4
201 244 4
10 204 4
12 89 4
201 260 4
168 177 4
129 226 4
337 339 4
103 201 4
2 331 4
92 324 4
84 201 4
178 333 4
224 331 4
191 360 4
236 324 4
7 277 4
11 251 4
134 317 4
201 247 4
94 201 4
201 304 4
225 323 4
221 323 4
141 201 4
36 309 4
270 311 4
57 201 4
44 201 4
23 304 4
226 295 4
208 358 4
201 223 4
123 328 4
210 214 4
20 329 4
265 282 4
113 201 4
103 153 4
9 201 4
71 269 4
201 237 4
89 160 4
226 347 4
46 201 4
188 201 4
211 307 4
226 267 4
79 347 4
27 162 4
156 172 4
201 341 4
201 209 4
115 226 4
29 59 4
301 339 4
32 69 4
189 303 4
225 299 4
149 243 4
301 314 4
201 231 4
201 224 4
191 203 4
57 191 4
22 321 4
24 339 4
201 310 4
82 210 4
163 309 4
14 271 4
82 257 4
201 232 4
201 205 4
151 205 4
212 261 4
171 201 4
222 331 4
31 65 4
116 201 4
132 203 4
75 285 4
69 99 4
226 255 4
299 354 4
226 305 4
199 226 4
124 340 4
307 320 4
13 210 4
89 333 4
109 151 4
76 201 4
118 271 4
226 229 4
148 151 4
235 331 4
130 328 4
62 278 4
226 326 4
27 160 4
161 210 4
137 364 4
69 118 4
57 276 4
256 307 4
28 290 4
156 201 4
64 84 4
56 290 4
201 238 4
144 201 4
3 155 4
2 161 4
304 339 4
258 278 4
212 337 4
232 233 4
29 210 4
201 276 4
43 201 4
89 248 4
67 358 4
75 204 4
240 357 4
201 290 4
170 201 4
129 201 4
29 349 4
168 253 4
3 226 4
93 309 4
196 291 4
201 281 4
89 215 4
137 201 4
47 314 4
42 210 4
140 201 4
70 287 4
255 288 4
230 288 4
269 360 4
307 353 4
201 346 4
69 326 4
201 253 4
210 287 4
125 230 4
97 219 4
49 196 4
158 287 4
82 307 4
257 317 4
201 254 4
153 253 4
220 345 4
201 363 4
142 253 4
108 146 4
69 228 4
201 308 4
179 233 4
201 354 4
110 328 4
73 134 4
187 209 4
62 108 4
226 264 4
99 152 4
64 89 4
26 168 4
16 290 4
25 145 4
69 277 4
201 307 4
172 201 4
150 201 4
122 273 4
201 256 4
45 284 4
26 354 4
190 310 4
264 278 4
150 226 4
48 201 4
86 359 4
85 201 4
249 271 4
79 235 4
226 234 4
49 363 4
307 361 4
162 195 4
201 299 4
60 278 4
89 361 4
15 134 4
79 197 4
192 201 4
92 201 4
89 150 4
121 196 4
201 331 4
337 361 4
253 279 4
69 340 4
145 174 4
10 65 4
173 273 4
9 47 4
281 352 4
66 278 4
1 201 4
227 296 4
218 294 4
58 62 4
213 246 4
134 201 4
171 335 4
201 262 4
59 341 4
69 174 4
16 135 4
10 48 4
186 269 4
195 335 4
201 297 4
128 201 4
201 221 4
131 151 4
84 233 4
119 209 4
30 333 4
122 249 4
80 113 4
124 352 4
194 232 4
257 313 4
166 172 4
64 201 4
98 287 4
166 348 4
160 339 4
91 317 4
169 201 4
38 137 4
167 314 4
142 226 4
210 318 4
79 239 4
73 335 4
94 226 4
133 225 4
210 347 4
113 307 4
71 261 4
187 226 4
79 271 4
89 356 4
178 210 4
151 172 4
201 264 4
319 332 4
69 259 4
71 81 4
270 317 4
213 253 4
9 276 4
309 354 4
137 334 4
9 89 4
69 253 4
196 294 4
100 346 4
53 86 4
115 271 4
164 235 4
89 113 4
24 201 4
201 318 4
3 201 4
96 134 4
201 333 4
178 209 4
162 169 4
25 226 4
19 150 4
41 170 4
133 257 4
21 125 4
79 201 4
210 300 4
120 201 4
226 359 4
62 145 4
42 81 4
141 291 4
107 318 4
93 201 4
86 196 4
169 265 4
190 234 4
71 116 4
60 69 4
201 312 4
116 249 4
69 78 4
125 307 4
96 201 4
71 224 4
132 226 4
156 328 4
69 339 4
236 312 4
167 226 4
268 364 4
147 273 4
160 313 4
71 253 4
76 210 4
137 356 4
201 271 4
19 115 4
71 190 4
108 117 4
125 305 4
56 69 4
164 317 4
163 237 4
25 247 4
110 226 4
69 320 4
59 258 4
69 355 4
95 213 4
127 132 4
63 134 4
191 205 4
28 243 4
74 196 4
69 299 4
42 135 4
15 278 4
48 131 4
48 356 4
1 210 4
44 230 4
257 348 4
191 201 4
226 284 4
41 349 4
145 210 4
48 220 4
188 226 4
57 285 4
197 221 4
143 287 4
45 144 4
99 226 4
79 226 4
73 160 4
125 129 4
89 322 4
82 231 4
201 356 4
205 352 4
210 235 4
62 332 4
160 182 4
319 323 4
62 196 4
2 192 4
199 265 4
32 344 4
124 201 4
5 96 4
11 124 4
151 228 4
77 288 4
84 210 4
47 298 4
210 325 4
31 89 4
226 361 4
201 316 4
33 79 4
122 201 4
12 63 4
69 233 4
229 247 4
261 292 4
73 309 4
66 79 4
210 267 4
204 211 4
252 257 4
117 203 4
199 210 4
160 323 4
52 328 4
165 182 4
210 284 4
36 348 4
70 340 4
273 320 4
196 329 4
71 266 4
190 344 4
26 107 4
121 226 4
254 309 4
61 233 4
133 201 4
178 286 4
201 270 4
155 341 4
210 234 4
201 289 4
201 269 4
314 356 4
201 305 4
142 331 4
71 196 4
43 233 4
118 168 4
38 115 4
153 339 4
226 287 4
42 316 4
11 134 4
82 203 4
62 330 4
165 354 4
11 327 4
151 236 4
226 293 4
59 160 4
134 145 4
163 265 4
125 337 4
300 353 4
194 229 4
201 309 4
201 274 4
110 201 4
201 236 4
53 248 4
76 330 4
175 309 4
88 278 4
217 307 4
67 339 4
60 339 4
309 346 4
203 233 4
34 235 4
191 257 4
195 356 4
217 257 4
30 81 4
77 190 4
160 321 4
209 244 4
59 317 4
158 201 4
146 346 4
59 131 4
31 71 4
69 97 4
152 201 4
258 350 4
133 326 4
142 348 4
160 251 4
224 347 4
201 326 4
183 226 4
279 314 4
75 344 4
72 151 4
72 86 4
20 233 4
89 116 4
18 265 4
9 286 4
190 210 4
229 265 4
98 226 4
173 239 4
173 226 4
226 350 4
143 187 4
210 315 4
190 225 4
202 226 4
157 265 4
258 317 4
169 257 4
277 338 4
186 233 4
223 309 4
50 119 4
61 226 4
201 361 4
201 287 4
65 307 4
5 228 4
117 343 4
219 265 4
98 189 4
21 150 4
7 270 4
95 241 4
291 362 4
163 271 4
128 255 4
60 185 4
21 294 4
23 158 4
69 289 4
101 211 4
104 233 4
210 330 4
210 335 4
157 226 4
154 210 4
145 265 4
261 336 4
18 180 4
64 191 4
47 172 4
135 198 4
201 317 4
15 145 4
68 257 4
62 225 4
76 217 4
191 310 4
71 82 4
210 286 4
19 192 4
219 262 4
108 210 4
194 269 4
65 226 4
31 130 4
111 317 4
147 257 4
180 305 4
175 271 4
57 226 4
167 201 4
283 342 4
233 257 4
136 324 4
156 190 4
228 340 4
5 282 4
127 248 4
201 248 4
115 201 4
190 209 4
23 155 4
176 339 4
226 307 4
210 316 4
255 276 4
1 254 4
40 134 4
125 157 4
224 339 4
191 226 4
82 284 4
184 226 4
272 305 4
203 362 4
252 291 4
105 197 4
164 183 4
69 140 4
72 129 4
138 209 4
133 244 4
83 125 4
108 191 4
180 269 4
57 339 4
160 359 4
69 159 4
76 235 4
201 229 4
185 254 4
189 321 4
226 339 4
67 95 4
145 354 4
183 339 4
249 344 4
190 224 4
296 358 4
42 201 4
180 235 4
113 195 4
214 226 4
17 34 4
59 225 4
180 286 4
213 356 4
69 313 4
121 205 4
42 200 4
102 265 4
226 324 4
106 210 4
215 271 4
7 71 4
210 363 4
119 210 4
5 220 4
12 264 4
40 187 4
59 65 4
126 197 4
89 135 4
69 149 4
91 210 4
17 180 4
236 259 4
201 252 4
6 201 4
271 300 4
125 360 4
205 348 4
151 155 4
171 305 4
84 102 4
210 232 4
196 222 4
159 187 4
178 267 4
23 277 4
74 89 4
46 234 4
22 29 4
76 346 4
197 256 4
151 276 4
318 340 4
12 307 4
47 78 4
112 281 4
3 301 4
106 235 4
83 261 4
95 144 4
120 233 4
189 226 4
210 249 4
241 354 4
87 226 4
71 226 4
45 271 4
138 331 4
57 343 4
274 312 4
208 285 4
120 145 4
295 298 4
52 232 4
63 340 4
328 343 4
263 307 4
123 257 4
1 339 4
108 201 4
210 247 4
28 261 4
175 339 4
135 201 4
104 297 4
16 89 4
182 248 4
194 285 4
198 340 4
81 201 4
195 328 4
136 151 4
220 226 4
226 329 4
73 176 4
128 210 4
221 257 4
88 168 4
168 206 4
271 277 4
226 340 4
147 287 4
28 288 4
19 86 4
42 216 4
143 317 4
119 310 4
235 276 4
120 189 4
85 230 4
251 333 4
86 174 4
114 226 4
144 226 4
10 100 4
81 323 4
138 171 4
93 195 4
194 279 4
282 330 4
69 143 4
14 31 4
290 339 4
224 346 4
26 172 4
80 201 4
94 219 4
52 344 4
223 239 4
127 333 4
96 125 4
151 286 4
90 224 4
82 254 4
29 237 4
62 104 4
7 115 4
257 284 4
92 148 4
89 321 4
201 294 4
36 226 4
3 356 4
156 233 4
69 152 4
4 248 4
29 126 4
17 59 4
128 235 4
199 289 4
138 356 4
47 301 4
44 79 4
9 159 4
189 274 4
215 246 4
45 102 4
134 143 4
139 257 4
55 62 4
144 288 4
345 360 4
194 238 4
201 216 4
145 234 4
104 201 4
14 307 4
33 253 4
226 238 4
154 185 4
102 319 4
70 226 4
226 302 4
154 292 4
137 210 4
56 201 4
160 258 4
91 200 4
30 340 4
189 309 4
267 276 4
62 66 4
101 147 4
171 191 4
8 309 4
143 226 4
83 201 4
134 290 4
82 201 4
75 201 4
113 309 4
271 342 4
301 328 4
287 326 4
155 183 4
71 312 4
156 336 4
167 257 4
82 276 4
9 15 4
34 149 4
69 100 4
14 93 4
151 345 4
226 346 4
207 360 4
115 205 4
111 331 4
201 340 4
87 339 4
257 260 4
189 350 4
76 361 4
24 196 4
142 271 4
328 349 4
26 55 4
259 307 4
114 179 4
205 234 4
186 339 4
135 269 4
226 230 4
134 338 4
15 304 4
107 254 4
271 289 4
47 269 4
42 292 4
1 271 4
28 299 4
204 338 4
227 362 4
36 207 4
124 288 4
219 351 4
246 256 4
160 224 4
335 338 4
70 323 4
2 82 4
172 226 4
69 327 4
62 210 4
59 87 4
124 253 4
189 201 4
196 323 4
119 226 4
69 315 4
58 104 4
175 341 4
81 233 4
252 333 4
174 326 4
41 189 4
122 307 4
151 293 4
36 102 4
99 123 4
6 135 4
4 201 4
109 217 4
77 253 4
94 222 4
267 307 4
205 213 4
142 201 4
152 233 4
160 253 4
133 353 4
