65 107 5
364 382 5
364 383 5
107 192 5
238 382 5
238 359 5
107 398 5
186 382 5
144 364 5
238 294 5
95 364 5
95 129 5
140 238 5
364 369 5
150 238 5
134 364 5
214 294 5
161 383 5
294 340 5
238 356 5
261 364 5
296 364 5
36 107 5
199 382 5
120 364 5
364 393 5
60 364 5
353 382 5
107 377 5
52 382 5
191 296 5
259 296 5
82 364 5
82 170 5
11 364 5
107 266 5
264 359 5
91 382 5
95 397 5
254 364 5
170 219 5
7 296 5
107 162 5
316 364 5
192 198 5
94 364 5
276 294 5
250 369 5
81 238 5
114 382 5
349 356 5
301 364 5
364 377 5
159 296 5
36 346 5
107 210 5
318 393 5
250 296 5
238 288 5
107 260 5
199 294 5
66 238 5
294 322 5
322 392 5
238 377 5
253 296 5
107 187 5
107 246 5
163 364 5
38 107 5
5 95 5
95 379 5
230 364 5
120 149 5
163 296 5
329 364 5
76 294 5
301 325 5
260 382 5
194 238 5
58 66 5
95 386 5
67 107 5
215 296 5
254 301 5
279 382 5
219 322 5
48 364 5
22 238 5
245 382 5
28 238 5
149 272 5
27 382 5
79 340 5
110 364 5
60 107 5
107 218 5
95 297 5
122 382 5
219 244 5
156 364 5
295 383 5
28 354 5
224 364 5
311 379 5
107 185 5
134 216 5
129 175 5
200 364 5
149 386 5
16 129 5
52 75 5
43 185 5
227 296 5
44 294 5
214 364 5
49 95 5
260 387 5
294 341 5
375 382 5
219 247 5
157 364 5
50 199 5
103 253 5
338 364 5
362 379 5
3 294 5
107 401 5
117 296 5
360 364 5
82 130 5
7 308 5
296 348 5
134 281 5
88 107 5
186 328 5
107 316 5
284 364 5
43 296 5
95 325 5
82 300 5
214 236 5
104 187 5
14 149 5
157 237 5
279 349 5
294 378 5
122 146 5
106 364 5
92 159 5
48 357 5
53 340 5
347 382 5
168 364 5
82 238 5
296 385 5
325 364 5
364 378 5
345 364 5
140 278 5
66 87 5
284 348 5
63 382 5
107 114 5
201 364 5
74 364 5
162 283 5
94 174 5
44 95 5
95 305 5
107 188 5
107 211 5
34 301 5
119 214 5
160 238 5
51 382 5
82 194 5
43 107 5
89 364 5
41 216 5
107 259 5
56 296 5
245 364 5
11 296 5
296 372 5
4 385 5
107 369 5
48 382 5
17 382 5
185 364 5
107 385 5
364 387 5
223 294 5
197 364 5
20 107 5
361 364 5
27 364 5
107 157 5
5 387 5
162 294 5
60 183 5
160 364 5
296 306 5
21 43 5
124 364 5
149 298 5
364 370 5
142 157 5
217 364 5
110 238 5
112 361 5
107 376 5
296 311 5
283 347 5
311 349 5
291 301 5
58 210 5
154 296 5
7 364 5
364 366 5
269 311 5
170 176 5
136 364 5
200 294 5
300 364 5
260 364 5
261 377 5
93 296 5
192 303 5
226 364 5
166 393 5
88 238 5
196 318 5
17 107 5
209 266 5
188 296 5
296 331 5
107 205 5
288 379 5
9 345 5
157 296 5
65 115 5
270 387 5
39 200 5
248 382 5
210 364 5
244 364 5
149 256 5
236 292 5
19 364 5
211 349 5
107 183 5
45 201 5
209 310 5
9 364 5
279 364 5
175 364 5
7 375 5
107 208 5
199 280 5
66 149 5
107 333 5
313 382 5
36 214 5
52 107 5
262 382 5
48 60 5
109 364 5
381 392 5
308 364 5
107 222 5
239 325 5
185 301 5
126 224 5
77 364 5
52 374 5
82 142 5
107 347 5
43 376 5
164 364 5
118 250 5
243 296 5
309 364 5
318 376 5
27 224 5
346 364 5
114 364 5
281 364 5
259 297 5
364 395 5
82 107 5
82 369 5
46 364 5
107 119 5
40 364 5
69 107 5
299 347 5
48 144 5
5 392 5
209 316 5
107 360 5
107 204 5
107 265 5
124 238 5
147 278 5
263 296 5
172 214 5
297 383 5
123 364 5
272 364 5
2 82 5
208 382 5
25 107 5
296 401 5
66 368 5
47 364 5
77 256 5
236 354 5
200 322 5
343 369 5
28 347 5
14 364 5
120 337 5
218 364 5
42 162 5
59 107 5
107 269 5
254 297 5
107 343 5
29 294 5
91 149 5
86 364 5
107 282 5
111 364 5
353 364 5
242 296 5
325 398 5
43 375 5
53 382 5
113 115 5
109 296 5
215 361 5
222 382 5
94 103 5
46 81 5
56 364 5
68 364 5
7 154 5
107 302 5
87 364 5
214 375 5
283 364 5
269 270 5
203 214 5
86 177 5
13 364 5
318 364 5
340 363 5
64 91 5
277 364 5
164 188 5
73 238 5
238 396 5
35 354 5
107 351 5
199 323 5
212 253 5
107 238 5
294 357 5
297 364 5
201 360 5
107 380 5
122 238 5
128 219 5
9 184 5
97 364 5
6 382 5
178 382 5
107 303 5
161 364 5
73 364 5
238 260 5
13 294 5
149 188 5
269 279 5
55 364 5
47 360 5
238 380 5
68 275 5
170 364 5
335 364 5
33 387 5
30 238 5
95 367 5
43 124 5
257 382 5
267 325 5
122 355 5
107 400 5
162 364 5
13 29 5
20 364 5
82 396 5
270 336 5
268 349 5
321 364 5
236 387 5
166 208 5
290 364 5
38 316 5
138 197 5
258 364 5
27 52 5
86 200 5
170 216 5
107 275 5
348 374 5
73 184 5
140 364 5
251 383 5
317 364 5
238 331 5
89 293 5
98 364 5
179 296 5
238 364 5
117 364 5
42 296 5
7 234 5
172 296 5
229 238 5
5 178 5
50 364 5
81 236 5
107 288 5
73 188 5
87 107 5
260 392 5
91 179 5
301 395 5
102 107 5
95 300 5
88 252 5
238 320 5
216 301 5
360 377 5
31 360 5
124 149 5
172 364 5
133 296 5
107 378 5
109 238 5
328 364 5
100 382 5
5 311 5
73 107 5
222 296 5
145 364 5
296 382 5
296 305 5
131 268 5
91 296 5
219 352 5
59 364 5
196 364 5
182 296 5
286 325 5
39 107 5
251 364 5
184 277 5
256 364 5
257 364 5
14 40 5
166 287 5
225 266 5
165 200 5
238 358 5
195 296 5
296 320 5
85 382 5
256 331 5
393 396 5
259 364 5
211 364 5
279 348 5
223 361 5
49 379 5
95 220 5
234 238 5
85 296 5
170 358 5
241 364 5
306 364 5
249 296 5
37 364 5
366 382 5
307 364 5
121 295 5
294 307 5
130 222 5
288 296 5
281 285 5
218 382 5
149 295 5
40 48 5
159 163 5
25 295 5
85 175 5
282 296 5
34 141 5
214 311 5
319 364 5
107 168 5
82 145 5
51 364 5
260 314 5
7 325 5
109 382 5
200 336 5
279 392 5
130 364 5
328 393 5
48 98 5
174 294 5
187 364 5
206 392 5
31 296 5
60 214 5
301 382 5
102 364 5
107 255 5
7 104 5
238 254 5
178 238 5
14 384 5
122 164 5
99 225 5
13 271 5
84 364 5
36 48 5
298 364 5
270 364 5
59 60 5
178 288 5
198 371 5
376 377 5
127 216 5
291 364 5
5 221 5
3 297 5
16 364 5
61 386 5
141 238 5
107 126 5
238 246 5
46 400 5
78 294 5
264 294 5
9 258 5
51 225 5
48 150 5
114 295 5
221 382 5
175 219 5
304 382 5
145 285 5
107 177 5
269 399 5
186 196 5
48 283 5
131 149 5
28 172 5
10 364 5
190 238 5
80 386 5
249 311 5
95 259 5
107 197 5
66 173 5
216 238 5
364 386 5
28 364 5
344 376 5
11 346 5
133 329 5
276 377 5
135 369 5
79 107 5
122 161 5
107 279 5
298 361 5
180 278 5
178 241 5
96 296 5
36 254 5
107 173 5
137 392 5
300 340 5
66 364 5
341 364 5
157 386 5
181 364 5
92 257 5
98 107 5
238 345 5
260 320 5
202 238 5
209 296 5
107 149 5
165 364 5
107 390 5
64 364 5
2 353 5
175 305 5
177 342 5
364 380 5
236 349 5
67 382 5
76 364 5
248 270 5
103 363 5
163 227 5
96 364 5
34 380 5
364 367 5
48 64 5
34 107 5
113 364 5
170 233 5
37 107 5
12 200 5
101 382 5
107 258 5
107 315 5
255 294 5
166 332 5
146 296 5
65 364 5
139 238 5
156 294 5
364 365 5
59 361 5
377 386 5
364 368 5
172 215 5
295 364 5
364 372 5
238 363 5
5 294 5
238 318 5
223 266 5
294 359 5
265 382 5
58 364 5
107 285 5
278 373 5
296 373 5
50 294 5
135 364 5
199 364 5
95 360 5
107 257 5
27 60 5
20 238 5
95 151 5
66 179 5
308 311 5
14 47 5
319 347 5
52 110 5
162 228 5
19 82 5
248 346 5
153 364 5
60 188 5
256 290 5
107 344 5
107 156 5
364 385 5
109 212 5
238 367 5
107 140 5
11 69 5
226 296 5
140 276 5
99 296 5
15 360 5
119 243 5
31 238 5
141 364 5
107 138 5
191 364 5
18 294 5
3 364 5
7 48 5
288 364 5
122 176 5
262 294 5
103 374 5
70 107 5
172 378 5
296 319 5
24 364 5
107 299 5
278 364 5
236 365 5
223 382 5
69 382 5
114 359 5
164 219 5
289 364 5
212 296 5
118 347 5
34 294 5
109 122 5
85 364 5
178 334 5
377 390 5
88 345 5
107 364 5
7 238 5
10 297 5
208 318 5
390 393 5
44 52 5
351 364 5
177 201 5
247 382 5
121 238 5
219 364 5
149 323 5
192 238 5
298 375 5
185 274 5
80 82 5
204 364 5
14 107 5
66 294 5
96 140 5
30 336 5
53 166 5
149 365 5
107 170 5
67 70 5
45 360 5
178 364 5
214 267 5
14 258 5
23 364 5
234 364 5
107 124 5
313 364 5
103 345 5
98 145 5
272 392 5
66 117 5
296 387 5
337 382 5
16 166 5
22 43 5
43 85 5
95 218 5
87 254 5
262 367 5
175 338 5
107 165 5
7 37 5
121 172 5
322 364 5
261 382 5
242 377 5
215 364 5
128 294 5
382 395 5
95 182 5
265 361 5
118 364 5
238 283 5
95 324 5
218 343 5
230 238 5
41 296 5
53 149 5
13 262 5
145 149 5
11 113 5
279 305 5
322 358 5
305 382 5
217 294 5
105 227 5
171 296 5
325 345 5
138 296 5
42 386 5
92 364 5
238 341 5
257 400 5
125 296 5
263 366 5
105 361 5
138 189 5
70 153 5
156 346 5
112 322 5
94 107 5
238 332 5
65 154 5
29 296 5
294 363 5
88 306 5
44 170 5
175 317 5
149 278 5
158 299 5
157 382 5
235 296 5
29 60 5
118 399 5
50 393 5
25 246 5
164 246 5
151 331 5
111 129 5
107 268 5
63 122 5
147 364 5
282 364 5
18 42 5
66 184 5
61 107 5
66 280 5
265 311 5
138 386 5
107 350 5
13 238 5
29 364 5
104 254 5
310 364 5
362 364 5
333 364 5
256 382 5
234 310 5
252 310 5
235 301 5
360 397 5
5 364 5
68 384 5
14 298 5
107 174 5
257 393 5
346 361 5
107 280 5
294 318 5
117 373 5
223 251 5
162 186 5
166 399 5
263 364 5
334 376 5
149 358 5
23 30 5
19 369 5
149 206 5
25 370 5
140 170 5
20 53 5
42 242 5
72 215 5
196 259 5
73 352 5
7 32 5
199 296 5
146 202 5
103 107 5
117 219 5
155 260 5
188 393 5
149 205 5
129 364 5
95 189 5
68 291 5
107 321 5
262 372 5
344 345 5
238 384 5
31 261 5
296 317 5
134 306 5
14 178 5
44 58 5
244 382 5
364 391 5
326 382 5
130 226 5
273 387 5
296 368 5
183 364 5
213 401 5
235 364 5
238 389 5
248 364 5
17 238 5
138 263 5
238 305 5
23 203 5
279 345 5
200 358 5
311 350 5
364 401 5
117 188 5
109 136 5
230 382 5
59 121 5
177 238 5
60 71 5
268 364 5
87 296 5
42 356 5
107 123 5
205 401 5
43 274 5
133 368 5
50 382 5
21 159 5
153 183 5
157 335 5
296 376 5
90 279 5
149 364 5
269 294 5
276 382 5
295 390 5
107 308 5
57 107 5
79 397 5
95 137 5
29 238 5
238 333 5
153 391 5
96 382 5
285 315 5
43 326 5
99 238 5
15 107 5
55 186 5
246 387 5
53 219 5
62 372 5
75 401 5
234 382 5
140 382 5
382 390 5
296 392 5
162 382 5
58 286 5
10 382 5
41 363 5
201 238 5
264 369 5
339 364 5
45 382 5
149 346 5
26 364 5
143 305 5
305 364 5
220 382 5
249 364 5
167 183 5
189 294 5
25 127 5
128 386 5
238 301 5
77 161 5
83 285 5
63 107 5
13 310 5
275 345 5
143 296 5
323 364 5
21 180 5
34 157 5
141 294 5
126 364 5
53 379 5
91 364 5
343 382 5
32 66 5
117 185 5
150 214 5
125 382 5
95 150 5
178 219 5
107 111 5
48 78 5
149 276 5
140 296 5
116 306 5
208 386 5
238 249 5
287 379 5
174 327 5
142 364 5
205 328 5
171 238 5
182 238 5
311 335 5
253 346 5
326 364 5
50 204 5
164 238 5
75 359 5
25 49 5
107 200 5
3 198 5
199 369 5
29 345 5
307 361 5
252 382 5
152 296 5
125 238 5
236 256 5
170 277 5
25 93 5
151 363 5
27 346 5
48 238 5
161 296 5
64 82 5
303 364 5
86 275 5
238 366 5
98 296 5
107 361 5
166 273 5
22 364 5
174 260 5
71 251 5
107 270 5
243 317 5
317 322 5
79 211 5
137 364 5
216 339 5
79 325 5
2 238 5
193 364 5
219 308 5
58 382 5
107 194 5
313 396 5
255 345 5
296 321 5
57 95 5
85 234 5
296 360 5
113 174 5
3 186 5
111 288 5
190 382 5
150 364 5
107 263 5
82 265 5
283 318 5
107 241 5
277 343 5
81 294 5
299 364 5
42 292 5
279 399 5
321 382 5
286 374 5
7 341 5
240 374 5
152 364 5
59 229 5
201 296 5
63 319 5
4 294 5
84 212 5
2 53 5
275 364 5
231 294 5
24 107 5
304 364 5
116 364 5
6 20 5
259 382 5
2 185 5
375 386 5
199 391 5
250 391 5
242 294 5
107 148 5
206 360 5
207 296 5
209 238 5
213 364 5
9 346 5
84 294 5
238 257 5
157 197 5
260 307 5
292 296 5
202 345 5
200 296 5
115 296 5
130 240 5
379 384 5
82 247 5
107 296 5
149 268 5
207 364 5
30 146 5
113 360 5
94 382 5
64 294 5
294 344 5
7 10 5
12 364 5
381 389 5
314 364 5
169 192 5
347 370 5
187 294 5
18 281 5
83 375 5
348 379 5
200 237 5
50 220 5
214 331 5
318 361 5
147 363 5
336 364 5
32 296 5
364 398 5
122 321 5
107 387 5
55 359 5
181 296 5
233 320 5
92 146 5
255 296 5
65 214 5
155 214 5
351 382 5
164 382 5
209 392 5
86 95 5
1 364 5
249 395 5
233 296 5
63 364 5
303 311 5
190 259 5
14 392 5
238 295 5
107 304 5
95 312 5
165 259 5
255 364 5
309 396 5
332 364 5
214 330 5
107 295 5
8 209 5
200 304 5
107 290 5
122 214 5
15 364 5
95 107 5
220 322 5
110 262 5
24 31 5
63 228 5
296 339 5
132 294 5
169 375 5
49 378 5
104 299 5
329 400 5
16 167 5
8 92 5
64 250 5
288 360 5
110 296 5
170 400 5
10 322 5
230 347 5
127 401 5
340 382 5
323 368 5
256 278 5
138 149 5
286 364 5
185 294 5
40 227 5
59 398 5
107 306 5
152 286 5
66 301 5
95 202 5
70 364 5
238 274 5
162 395 5
319 382 5
382 399 5
69 249 5
96 130 5
134 136 5
168 375 5
154 364 5
122 206 5
134 203 5
69 364 5
99 301 5
236 294 5
107 206 5
107 374 5
151 222 5
95 265 5
374 382 5
95 298 5
119 364 5
18 178 5
225 294 5
88 322 5
36 296 5
13 107 5
1 382 5
17 281 5
48 210 5
57 294 5
332 382 5
263 294 5
116 401 5
107 166 5
89 386 5
188 199 5
184 376 5
40 256 5
220 301 5
297 389 5
231 364 5
39 364 5
107 396 5
135 328 5
49 197 5
188 382 5
97 295 5
393 398 5
155 296 5
7 114 5
107 327 5
172 238 5
182 374 5
7 294 5
363 378 5
150 326 5
121 364 5
100 366 5
310 382 5
18 349 5
107 202 5
110 259 5
63 297 5
206 378 5
276 296 5
187 223 5
107 356 5
5 302 5
284 325 5
253 254 5
111 260 5
107 324 5
136 238 5
174 364 5
95 223 5
97 107 5
122 222 5
251 382 5
130 230 5
311 328 5
17 89 5
281 365 5
143 364 5
72 82 5
144 213 5
119 360 5
233 364 5
241 260 5
199 332 5
204 219 5
156 312 5
222 364 5
246 382 5
238 316 5
107 186 5
110 308 5
251 296 5
363 364 5
140 295 5
107 133 5
307 369 5
361 374 5
294 362 5
107 250 5
14 350 5
210 222 5
17 250 5
17 219 5
145 283 5
86 289 5
107 358 5
327 382 5
173 294 5
44 396 5
135 238 5
52 364 5
364 371 5
77 296 5
175 294 5
59 384 5
51 298 5
34 394 5
216 293 5
29 189 5
45 145 5
300 334 5
229 382 5
94 200 5
1 18 5
74 104 5
265 381 5
167 382 5
238 296 5
206 341 5
2 392 5
71 149 5
155 238 5
148 364 5
100 364 5
107 184 5
149 299 5
98 238 5
336 375 5
174 296 5
107 158 5
301 336 5
271 364 5
106 393 5
17 104 5
77 189 5
31 39 5
91 107 5
245 296 5
107 163 5
32 107 5
294 295 5
25 282 5
261 386 5
231 325 5
72 296 5
163 238 5
76 149 5
71 107 5
231 248 5
65 204 5
7 52 5
60 76 5
99 336 5
1 103 5
314 382 5
107 273 5
296 384 5
301 337 5
238 264 5
95 333 5
289 343 5
7 330 5
47 95 5
128 238 5
108 114 5
36 156 5
1 3 5
23 107 5
296 383 5
125 167 5
96 399 5
205 269 5
179 302 5
182 291 5
186 364 5
107 190 5
237 364 5
166 248 5
380 382 5
260 296 5
80 364 5
55 343 5
83 364 5
214 400 5
27 68 5
318 373 5
336 391 5
20 175 5
229 331 5
216 353 5
227 364 5
14 382 5
172 301 5
70 296 5
152 238 5
107 375 5
17 377 5
116 218 5
140 347 5
4 108 5
49 295 5
334 364 5
219 238 5
20 296 5
214 317 5
82 305 5
7 337 5
174 374 5
127 377 5
264 352 5
95 266 5
206 364 5
224 318 5
86 127 5
26 72 5
65 296 5
48 204 5
296 366 5
252 333 5
182 364 5
161 313 5
16 181 5
107 153 5
175 210 5
294 302 5
83 219 5
185 275 5
149 387 5
221 347 5
80 383 5
239 296 5
86 350 5
246 330 5
94 296 5
83 386 5
94 98 5
3 196 5
118 222 5
227 382 5
44 60 5
296 390 5
331 364 5
360 382 5
285 343 5
324 364 5
322 384 5
160 240 5
95 113 5
143 288 5
47 238 5
161 201 5
72 364 5
95 320 5
101 209 5
79 270 5
107 340 5
166 262 5
287 294 5
142 382 5
113 269 5
270 381 5
73 308 5
107 161 5
297 382 5
149 170 5
226 299 5
296 354 5
168 279 5
83 382 5
56 127 5
19 157 5
98 122 5
56 166 5
133 311 5
131 260 5
143 294 5
140 308 5
373 400 5
33 382 5
238 255 5
34 364 5
107 122 5
214 218 5
224 238 5
245 400 5
127 255 5
266 269 5
43 284 5
221 296 5
22 107 5
107 199 5
194 364 5
60 142 5
1 20 5
99 364 5
65 375 5
43 60 5
240 364 5
100 368 5
272 294 5
299 382 5
318 321 5
212 347 5
110 312 5
116 313 5
16 173 5
130 268 5
81 360 5
10 61 5
22 375 5
27 143 5
122 303 5
241 315 5
226 259 5
342 364 5
7 310 5
215 265 5
52 303 5
122 149 5
34 363 5
107 239 5
142 373 5
282 379 5
227 301 5
80 301 5
140 184 5
21 364 5
80 361 5
95 370 5
20 254 5
39 386 5
112 364 5
294 364 5
73 368 5
210 337 5
296 324 5
249 378 5
269 356 5
49 122 5
43 364 5
86 340 5
239 351 5
123 247 5
149 368 5
28 296 5
107 209 5
379 398 5
190 315 5
85 237 5
82 296 5
370 382 5
238 368 5
158 184 5
83 326 5
88 227 5
238 286 5
26 220 5
177 318 5
225 364 5
132 364 5
153 294 5
82 168 5
262 295 5
69 386 5
146 238 5
47 107 5
3 230 5
30 254 5
29 108 5
59 136 5
139 188 5
188 290 5
238 279 5
130 147 5
189 286 5
180 308 5
237 258 5
107 284 5
384 387 5
9 239 5
276 364 5
9 151 5
76 130 5
48 61 5
23 246 5
72 210 5
55 172 5
148 164 5
151 185 5
309 369 5
