72 179 2
147 179 2
6 248 2
153 179 2
179 187 2
121 179 2
9 72 2
165 248 2
70 248 2
151 156 2
179 302 2
179 240 2
72 185 2
170 240 2
50 248 2
92 302 2
119 179 2
9 258 2
15 302 2
9 129 2
56 72 2
215 258 2
62 215 2
41 179 2
42 121 2
117 179 2
179 277 2
56 217 2
220 258 2
258 265 2
179 235 2
39 121 2
50 279 2
248 276 2
106 302 2
33 179 2
179 296 2
183 276 2
56 158 2
15 65 2
58 129 2
179 180 2
215 240 2
215 241 2
38 41 2
258 275 2
170 258 2
174 248 2
235 248 2
214 258 2
40 42 2
202 277 2
72 259 2
101 179 2
164 275 2
248 262 2
190 258 2
68 248 2
129 212 2
84 302 2
112 179 2
207 279 2
9 162 2
126 248 2
126 276 2
38 238 2
66 179 2
89 258 2
1 15 2
15 277 2
158 258 2
9 163 2
14 183 2
129 272 2
202 206 2
37 258 2
41 137 2
179 186 2
195 215 2
56 77 2
70 121 2
53 179 2
67 235 2
214 248 2
129 155 2
158 263 2
157 179 2
161 179 2
42 225 2
179 229 2
116 272 2
72 220 2
68 112 2
33 71 2
112 222 2
112 169 2
128 258 2
99 272 2
235 293 2
138 179 2
168 214 2
31 212 2
117 219 2
218 275 2
129 222 2
112 248 2
66 89 2
1 72 2
179 212 2
73 112 2
240 290 2
119 248 2
1 258 2
122 202 2
50 179 2
121 279 2
73 249 2
48 258 2
125 179 2
114 235 2
31 72 2
42 45 2
119 232 2
94 121 2
129 249 2
59 248 2
41 129 2
56 176 2
258 262 2
240 275 2
56 66 2
66 160 2
68 150 2
275 281 2
212 244 2
56 293 2
40 52 2
122 228 2
83 212 2
179 275 2
246 248 2
167 179 2
164 204 2
95 112 2
72 84 2
179 245 2
38 76 2
33 59 2
162 248 2
179 238 2
185 258 2
107 212 2
8 129 2
156 251 2
83 179 2
121 130 2
102 222 2
179 257 2
220 251 2
66 167 2
45 183 2
14 241 2
145 275 2
222 227 2
188 232 2
141 179 2
112 294 2
135 248 2
129 177 2
73 96 2
112 243 2
179 209 2
8 179 2
141 275 2
137 212 2
29 258 2
4 121 2
9 58 2
73 215 2
58 267 2
9 214 2
202 253 2
25 72 2
110 129 2
1 134 2
2 42 2
41 232 2
179 295 2
255 258 2
179 195 2
179 278 2
121 135 2
44 248 2
25 258 2
109 179 2
172 222 2
133 179 2
258 287 2
169 241 2
58 157 2
179 231 2
274 275 2
79 126 2
129 166 2
90 248 2
157 275 2
179 200 2
115 212 2
256 258 2
112 216 2
179 226 2
9 97 2
217 258 2
111 232 2
160 275 2
81 179 2
165 235 2
89 139 2
1 21 2
179 215 2
38 169 2
104 145 2
59 95 2
144 212 2
187 220 2
73 157 2
13 248 2
47 248 2
64 179 2
9 145 2
117 293 2
94 179 2
112 244 2
150 179 2
152 179 2
238 258 2
179 292 2
49 179 2
39 248 2
6 238 2
73 177 2
35 42 2
27 218 2
40 222 2
179 251 2
16 137 2
122 245 2
45 117 2
152 212 2
112 143 2
140 258 2
215 255 2
293 302 2
172 243 2
73 292 2
73 212 2
198 248 2
141 212 2
24 38 2
235 279 2
163 241 2
246 293 2
39 108 2
48 179 2
18 152 2
4 173 2
129 186 2
82 179 2
170 179 2
222 291 2
129 271 2
80 179 2
179 264 2
108 212 2
76 124 2
82 240 2
109 244 2
84 140 2
126 212 2
179 225 2
15 250 2
22 248 2
183 190 2
137 179 2
157 292 2
40 215 2
24 179 2
202 244 2
58 254 2
179 236 2
129 213 2
56 177 2
1 302 2
173 258 2
177 217 2
96 179 2
15 248 2
179 252 2
179 273 2
80 215 2
115 261 2
238 273 2
116 168 2
87 240 2
24 232 2
72 244 2
54 157 2
100 279 2
58 156 2
63 157 2
75 244 2
139 281 2
13 238 2
71 143 2
112 266 2
102 281 2
202 204 2
63 179 2
250 302 2
8 258 2
202 258 2
194 235 2
145 206 2
129 257 2
50 300 2
70 179 2
1 300 2
152 287 2
105 302 2
58 103 2
71 179 2
143 179 2
223 238 2
160 212 2
89 286 2
80 258 2
16 70 2
179 227 2
44 112 2
179 247 2
39 232 2
2 73 2
92 116 2
152 248 2
179 211 2
137 254 2
168 222 2
17 72 2
107 287 2
73 236 2
81 166 2
4 175 2
95 292 2
118 194 2
39 100 2
29 160 2
71 271 2
35 179 2
179 274 2
262 276 2
50 171 2
211 222 2
55 195 2
42 223 2
45 238 2
156 297 2
20 240 2
164 240 2
131 258 2
156 220 2
50 114 2
179 271 2
258 296 2
179 246 2
186 259 2
179 297 2
154 248 2
5 258 2
67 238 2
176 287 2
26 103 2
179 298 2
228 258 2
13 179 2
43 272 2
168 193 2
14 112 2
69 258 2
84 179 2
30 212 2
211 258 2
152 204 2
139 258 2
1 144 2
16 52 2
159 248 2
23 112 2
107 121 2
9 78 2
123 275 2
83 258 2
216 258 2
156 179 2
243 248 2
98 179 2
54 70 2
157 245 2
179 284 2
14 89 2
5 129 2
36 166 2
66 115 2
15 134 2
102 112 2
1 282 2
88 272 2
24 258 2
18 179 2
167 222 2
40 258 2
179 222 2
195 212 2
72 258 2
179 270 2
14 227 2
73 94 2
175 200 2
117 129 2
104 248 2
211 235 2
35 222 2
179 267 2
123 179 2
94 248 2
7 56 2
71 239 2
56 70 2
104 258 2
179 239 2
269 300 2
61 67 2
38 98 2
31 248 2
150 212 2
40 179 2
232 248 2
171 302 2
66 181 2
138 248 2
166 273 2
76 134 2
56 95 2
56 137 2
166 258 2
95 251 2
67 265 2
3 79 2
4 207 2
48 150 2
121 199 2
99 215 2
123 258 2
44 121 2
67 81 2
198 294 2
97 117 2
59 196 2
81 275 2
215 225 2
179 203 2
67 264 2
112 217 2
31 258 2
210 248 2
37 66 2
84 185 2
179 243 2
1 170 2
192 232 2
36 50 2
225 248 2
203 222 2
179 190 2
96 258 2
179 285 2
131 207 2
5 112 2
201 262 2
115 291 2
113 247 2
41 246 2
69 121 2
100 271 2
1 184 2
45 300 2
8 88 2
185 215 2
146 240 2
231 232 2
41 59 2
64 258 2
158 226 2
12 232 2
72 194 2
172 262 2
129 174 2
35 90 2
121 220 2
10 157 2
169 302 2
69 145 2
130 248 2
179 289 2
156 233 2
73 214 2
90 179 2
139 154 2
125 138 2
160 280 2
14 58 2
4 248 2
121 273 2
99 143 2
56 111 2
34 179 2
101 202 2
195 287 2
81 182 2
106 220 2
129 207 2
24 254 2
32 146 2
56 193 2
38 150 2
143 194 2
121 171 2
52 108 2
248 251 2
129 280 2
58 291 2
134 258 2
93 179 2
98 134 2
89 248 2
126 183 2
59 241 2
205 275 2
145 179 2
56 108 2
179 207 2
243 275 2
41 175 2
47 179 2
86 258 2
126 233 2
130 272 2
222 243 2
258 302 2
179 250 2
141 215 2
9 238 2
248 289 2
52 258 2
174 258 2
13 180 2
52 207 2
139 179 2
41 231 2
38 179 2
223 226 2
107 179 2
135 179 2
52 244 2
6 232 2
182 212 2
157 208 2
126 258 2
121 189 2
74 248 2
5 42 2
129 156 2
14 292 2
52 215 2
227 258 2
7 168 2
112 126 2
63 258 2
154 232 2
57 212 2
155 287 2
209 248 2
247 275 2
67 131 2
110 262 2
72 90 2
141 240 2
48 129 2
50 90 2
160 290 2
13 227 2
106 121 2
110 134 2
181 248 2
28 248 2
210 275 2
89 134 2
2 112 2
37 285 2
74 258 2
48 76 2
52 73 2
73 147 2
66 234 2
117 118 2
39 270 2
33 212 2
73 114 2
92 129 2
122 258 2
33 220 2
153 207 2
113 179 2
36 56 2
179 249 2
23 130 2
162 258 2
64 70 2
72 208 2
157 212 2
169 222 2
95 179 2
179 254 2
91 248 2
10 15 2
184 222 2
120 126 2
46 190 2
122 169 2
127 157 2
111 183 2
207 257 2
203 241 2
3 56 2
99 116 2
179 233 2
139 246 2
2 86 2
277 292 2
9 179 2
38 290 2
89 215 2
36 157 2
126 195 2
90 106 2
91 194 2
100 231 2
179 294 2
157 204 2
111 179 2
81 128 2
4 25 2
9 286 2
45 217 2
179 242 2
100 159 2
120 261 2
227 241 2
100 179 2
137 214 2
137 204 2
241 278 2
1 132 2
14 215 2
79 227 2
99 142 2
39 177 2
170 222 2
169 193 2
3 179 2
66 159 2
119 157 2
47 258 2
136 194 2
32 248 2
149 179 2
248 249 2
58 244 2
15 292 2
175 179 2
91 243 2
98 212 2
78 209 2
165 258 2
42 248 2
178 244 2
172 234 2
3 52 2
89 299 2
132 157 2
107 204 2
245 287 2
179 272 2
183 248 2
75 100 2
73 168 2
43 129 2
31 146 2
99 258 2
6 18 2
91 121 2
56 179 2
187 301 2
179 266 2
74 129 2
56 300 2
164 258 2
110 147 2
283 292 2
202 252 2
125 298 2
111 275 2
105 179 2
239 241 2
15 272 2
99 179 2
126 299 2
32 258 2
200 258 2
126 245 2
179 189 2
179 220 2
258 267 2
102 179 2
10 47 2
15 113 2
245 277 2
147 241 2
52 286 2
253 292 2
179 259 2
92 179 2
176 248 2
150 222 2
14 24 2
50 106 2
215 278 2
66 97 2
48 167 2
63 254 2
90 128 2
56 261 2
106 179 2
68 258 2
234 248 2
89 153 2
213 297 2
1 67 2
126 175 2
179 216 2
179 213 2
222 278 2
110 189 2
51 59 2
143 168 2
117 119 2
19 166 2
232 291 2
9 146 2
183 288 2
135 246 2
114 175 2
14 269 2
193 283 2
161 212 2
9 103 2
108 179 2
152 241 2
146 157 2
92 95 2
57 72 2
42 93 2
179 256 2
66 203 2
130 179 2
132 249 2
49 52 2
94 100 2
177 212 2
214 234 2
98 248 2
129 258 2
145 258 2
185 290 2
228 248 2
14 239 2
158 210 2
80 220 2
98 154 2
179 283 2
28 245 2
275 279 2
27 44 2
179 197 2
53 73 2
258 282 2
76 258 2
194 248 2
183 233 2
224 258 2
40 135 2
4 215 2
152 193 2
43 195 2
128 264 2
73 122 2
27 134 2
139 199 2
194 260 2
215 244 2
198 293 2
93 215 2
14 46 2
128 298 2
3 258 2
17 179 2
18 65 2
5 248 2
207 213 2
26 232 2
96 283 2
104 112 2
219 241 2
179 290 2
51 112 2
145 217 2
235 245 2
115 269 2
153 277 2
22 170 2
85 179 2
126 179 2
112 276 2
112 215 2
124 179 2
121 221 2
86 179 2
105 277 2
179 214 2
46 160 2
74 90 2
15 204 2
9 193 2
104 287 2
57 121 2
174 220 2
248 280 2
158 267 2
125 145 2
140 156 2
56 178 2
121 263 2
83 201 2
7 8 2
71 164 2
1 208 2
125 163 2
50 145 2
148 258 2
99 174 2
217 260 2
126 131 2
81 159 2
73 161 2
93 213 2
125 302 2
49 302 2
83 198 2
233 282 2
174 179 2
36 107 2
102 248 2
215 248 2
101 246 2
62 121 2
4 289 2
133 258 2
31 234 2
229 267 2
196 258 2
242 248 2
236 245 2
122 215 2
115 179 2
58 282 2
215 249 2
223 246 2
56 284 2
121 137 2
73 224 2
205 282 2
56 208 2
14 251 2
18 66 2
197 245 2
258 300 2
7 129 2
107 258 2
96 190 2
222 248 2
258 268 2
83 113 2
126 198 2
