235 269 2
235 256 2
61 269 2
203 269 2
224 269 2
131 269 2
11 203 2
57 269 2
189 269 2
265 269 2
211 269 2
61 227 2
131 172 2
4 203 2
20 227 2
178 235 2
195 203 2
187 235 2
208 269 2
33 269 2
252 265 2
132 227 2
171 227 2
210 227 2
10 269 2
247 269 2
203 236 2
10 175 2
176 224 2
21 269 2
123 269 2
235 301 2
61 292 2
10 230 2
49 187 2
11 124 2
85 131 2
74 269 2
58 269 2
269 285 2
250 269 2
114 269 2
10 163 2
11 255 2
45 235 2
10 179 2
22 269 2
59 203 2
131 183 2
203 214 2
234 247 2
257 269 2
39 269 2
231 269 2
233 269 2
55 235 2
49 178 2
131 224 2
27 269 2
183 275 2
163 269 2
119 203 2
203 261 2
151 269 2
131 272 2
203 286 2
158 269 2
182 265 2
187 269 2
132 203 2
137 269 2
61 177 2
151 227 2
203 267 2
144 203 2
221 269 2
131 233 2
27 225 2
198 269 2
165 233 2
177 269 2
201 203 2
269 281 2
50 235 2
77 203 2
20 246 2
117 269 2
110 227 2
186 203 2
131 274 2
76 187 2
210 269 2
98 281 2
269 290 2
30 235 2
31 203 2
198 263 2
19 269 2
83 189 2
98 126 2
269 291 2
124 269 2
207 269 2
190 269 2
205 227 2
120 269 2
266 269 2
106 269 2
42 269 2
27 247 2
142 201 2
159 266 2
135 235 2
203 295 2
42 157 2
231 235 2
187 301 2
223 257 2
19 125 2
126 269 2
29 203 2
12 269 2
211 235 2
269 289 2
11 271 2
6 269 2
97 203 2
192 230 2
266 295 2
98 269 2
18 203 2
18 269 2
16 203 2
196 269 2
269 282 2
103 203 2
110 180 2
153 246 2
31 265 2
203 289 2
211 249 2
203 215 2
21 159 2
114 203 2
71 203 2
252 269 2
15 227 2
132 182 2
224 266 2
165 269 2
211 214 2
218 269 2
126 212 2
51 235 2
7 205 2
78 203 2
75 183 2
203 241 2
97 235 2
135 224 2
143 269 2
61 160 2
23 235 2
289 294 2
25 269 2
182 203 2
102 211 2
131 154 2
87 227 2
10 27 2
24 233 2
264 269 2
31 269 2
20 209 2
122 269 2
232 269 2
58 203 2
2 163 2
109 225 2
125 235 2
182 230 2
153 157 2
50 213 2
18 247 2
224 273 2
27 181 2
123 153 2
203 278 2
131 178 2
98 272 2
50 107 2
31 84 2
32 247 2
14 203 2
203 280 2
269 292 2
43 203 2
98 266 2
131 299 2
177 271 2
227 268 2
225 252 2
202 235 2
19 131 2
42 227 2
77 235 2
81 233 2
254 269 2
10 45 2
114 153 2
203 216 2
177 203 2
95 295 2
35 203 2
143 235 2
249 269 2
111 269 2
87 126 2
17 211 2
163 203 2
41 265 2
269 284 2
144 265 2
235 285 2
11 264 2
13 135 2
23 254 2
84 235 2
97 227 2
137 265 2
11 209 2
269 299 2
11 118 2
79 203 2
171 199 2
171 269 2
159 269 2
225 259 2
49 92 2
244 254 2
73 92 2
272 300 2
199 227 2
61 205 2
63 210 2
170 269 2
157 295 2
227 300 2
80 203 2
13 269 2
191 244 2
171 290 2
70 225 2
34 110 2
219 266 2
203 290 2
176 203 2
231 233 2
165 179 2
174 231 2
110 266 2
52 203 2
204 269 2
257 265 2
168 203 2
192 225 2
17 163 2
203 235 2
58 100 2
71 144 2
51 290 2
180 202 2
245 269 2
124 259 2
18 88 2
50 269 2
162 269 2
86 214 2
208 264 2
128 225 2
37 235 2
91 245 2
180 296 2
253 269 2
206 269 2
72 187 2
205 269 2
203 285 2
26 269 2
197 269 2
149 207 2
189 244 2
185 269 2
92 208 2
73 204 2
191 203 2
151 163 2
157 269 2
13 233 2
127 269 2
80 265 2
150 269 2
35 269 2
200 227 2
112 203 2
2 130 2
123 180 2
10 215 2
5 225 2
200 269 2
228 280 2
11 13 2
103 265 2
100 203 2
140 246 2
109 131 2
120 289 2
228 269 2
24 269 2
184 227 2
36 203 2
180 292 2
15 33 2
215 264 2
30 146 2
11 51 2
222 227 2
195 269 2
70 227 2
4 153 2
10 29 2
18 198 2
230 269 2
114 230 2
28 265 2
29 53 2
111 247 2
152 203 2
68 235 2
87 203 2
61 272 2
269 296 2
131 202 2
14 227 2
104 269 2
123 130 2
25 203 2
17 65 2
189 203 2
3 269 2
136 203 2
153 260 2
203 296 2
59 224 2
202 203 2
103 270 2
54 265 2
23 266 2
10 236 2
13 29 2
43 92 2
246 269 2
28 269 2
99 269 2
103 269 2
51 269 2
131 192 2
262 269 2
214 248 2
36 169 2
35 131 2
57 100 2
203 243 2
164 215 2
76 153 2
166 281 2
65 101 2
7 187 2
13 251 2
82 203 2
64 233 2
203 204 2
146 269 2
171 203 2
175 203 2
140 203 2
97 230 2
10 297 2
55 195 2
269 288 2
181 247 2
98 250 2
214 273 2
239 269 2
151 277 2
11 265 2
93 131 2
269 276 2
10 97 2
131 230 2
98 203 2
98 140 2
8 227 2
6 209 2
9 269 2
89 178 2
150 169 2
107 265 2
184 230 2
7 285 2
159 227 2
85 258 2
11 206 2
98 267 2
235 286 2
144 242 2
161 272 2
98 220 2
257 276 2
170 203 2
58 265 2
105 227 2
130 269 2
100 269 2
35 281 2
3 175 2
165 167 2
173 299 2
194 289 2
82 283 2
189 204 2
36 73 2
87 266 2
23 269 2
235 262 2
150 178 2
27 213 2
177 185 2
109 235 2
145 264 2
118 235 2
48 269 2
222 295 2
168 269 2
178 179 2
135 269 2
104 164 2
208 242 2
173 264 2
11 260 2
7 192 2
75 285 2
92 269 2
42 235 2
110 210 2
95 252 2
203 210 2
10 206 2
151 240 2
9 204 2
267 290 2
125 269 2
186 269 2
265 273 2
181 231 2
112 205 2
160 269 2
127 266 2
76 146 2
103 136 2
136 268 2
193 203 2
7 153 2
269 298 2
192 269 2
179 269 2
129 285 2
18 178 2
95 286 2
113 131 2
279 289 2
225 287 2
11 221 2
203 281 2
27 49 2
88 269 2
10 171 2
10 221 2
82 269 2
68 178 2
42 127 2
161 235 2
121 269 2
24 151 2
144 205 2
255 269 2
22 180 2
77 269 2
121 144 2
11 200 2
203 221 2
187 203 2
118 269 2
216 235 2
193 198 2
98 101 2
29 186 2
240 266 2
30 42 2
153 199 2
1 131 2
160 235 2
60 269 2
131 220 2
85 269 2
213 269 2
171 225 2
131 235 2
177 235 2
119 265 2
49 131 2
273 289 2
25 82 2
106 203 2
10 227 2
9 230 2
92 142 2
74 235 2
237 269 2
118 136 2
18 27 2
5 130 2
89 131 2
51 73 2
53 230 2
64 92 2
60 235 2
145 208 2
101 132 2
93 269 2
112 214 2
87 269 2
82 257 2
135 149 2
211 212 2
92 131 2
139 203 2
50 199 2
46 131 2
186 294 2
203 220 2
235 245 2
11 299 2
203 254 2
18 140 2
203 299 2
22 203 2
12 14 2
166 203 2
125 217 2
203 219 2
68 203 2
101 234 2
269 280 2
104 203 2
98 224 2
1 269 2
131 188 2
134 242 2
73 269 2
98 131 2
52 269 2
31 101 2
144 247 2
203 288 2
78 214 2
20 269 2
41 195 2
131 211 2
18 226 2
153 227 2
131 228 2
118 131 2
203 248 2
211 274 2
215 235 2
14 236 2
49 127 2
131 213 2
42 257 2
109 203 2
42 144 2
162 187 2
258 269 2
158 205 2
70 200 2
143 257 2
219 265 2
11 233 2
162 209 2
92 169 2
96 235 2
235 252 2
11 266 2
107 203 2
33 174 2
203 238 2
169 269 2
111 264 2
67 203 2
262 281 2
165 235 2
144 269 2
63 269 2
29 43 2
81 203 2
87 127 2
92 128 2
31 249 2
165 288 2
265 295 2
29 247 2
4 189 2
203 294 2
257 285 2
15 266 2
42 171 2
70 203 2
153 169 2
11 182 2
2 269 2
52 216 2
168 274 2
181 265 2
159 203 2
60 93 2
207 235 2
134 220 2
117 286 2
181 227 2
105 203 2
10 273 2
157 203 2
182 257 2
60 143 2
213 264 2
203 268 2
73 148 2
210 292 2
206 264 2
23 203 2
188 235 2
209 236 2
91 92 2
4 194 2
166 188 2
73 153 2
16 89 2
142 265 2
93 203 2
64 227 2
109 212 2
41 131 2
184 269 2
117 266 2
223 245 2
154 289 2
161 216 2
14 299 2
95 187 2
123 131 2
109 269 2
164 235 2
125 258 2
9 44 2
33 203 2
86 179 2
86 163 2
57 68 2
266 288 2
157 265 2
162 205 2
10 182 2
42 196 2
12 127 2
102 269 2
135 214 2
168 253 2
98 212 2
178 253 2
269 279 2
53 269 2
203 274 2
21 199 2
11 94 2
154 292 2
60 92 2
94 246 2
72 224 2
174 269 2
121 233 2
44 118 2
197 203 2
118 287 2
15 27 2
18 272 2
28 195 2
10 196 2
253 265 2
154 266 2
173 231 2
233 250 2
98 105 2
205 277 2
61 79 2
167 247 2
119 269 2
141 273 2
75 269 2
8 76 2
18 242 2
7 203 2
235 293 2
183 269 2
9 203 2
66 98 2
215 220 2
88 235 2
19 235 2
122 136 2
257 290 2
54 254 2
248 258 2
17 224 2
203 300 2
203 292 2
203 217 2
173 246 2
48 203 2
131 138 2
131 227 2
18 102 2
235 265 2
8 203 2
10 172 2
18 235 2
131 193 2
10 87 2
3 163 2
10 103 2
136 170 2
269 294 2
6 187 2
269 295 2
116 273 2
194 203 2
202 269 2
28 287 2
120 151 2
64 184 2
35 220 2
4 243 2
94 203 2
210 247 2
227 244 2
18 227 2
211 239 2
63 203 2
59 227 2
124 262 2
154 269 2
55 114 2
76 266 2
98 130 2
19 231 2
178 246 2
147 154 2
220 261 2
203 232 2
210 260 2
170 177 2
98 187 2
182 255 2
5 269 2
21 265 2
243 269 2
261 273 2
265 297 2
192 257 2
188 269 2
91 269 2
191 295 2
18 188 2
265 266 2
214 254 2
70 131 2
64 196 2
14 301 2
157 262 2
207 266 2
131 253 2
31 169 2
147 269 2
67 269 2
131 206 2
10 198 2
227 296 2
110 269 2
203 273 2
263 271 2
92 255 2
244 272 2
181 201 2
124 191 2
125 203 2
69 131 2
171 208 2
108 182 2
189 299 2
13 48 2
12 302 2
169 188 2
131 137 2
31 205 2
98 173 2
169 186 2
136 266 2
7 156 2
10 287 2
45 289 2
157 284 2
126 227 2
93 211 2
244 269 2
69 203 2
261 269 2
228 266 2
38 203 2
87 92 2
121 203 2
97 163 2
16 165 2
207 216 2
10 136 2
33 276 2
131 278 2
131 197 2
73 150 2
128 272 2
84 299 2
42 135 2
76 227 2
29 116 2
11 230 2
7 90 2
242 269 2
64 154 2
199 235 2
153 235 2
27 253 2
33 148 2
73 203 2
99 215 2
203 260 2
164 196 2
175 269 2
71 109 2
31 262 2
188 270 2
130 226 2
69 77 2
9 296 2
50 131 2
24 225 2
37 269 2
63 235 2
211 232 2
220 221 2
120 295 2
153 218 2
24 171 2
175 199 2
148 269 2
25 246 2
172 215 2
15 269 2
273 278 2
10 168 2
135 227 2
5 72 2
193 269 2
28 205 2
108 269 2
46 203 2
247 260 2
88 302 2
203 253 2
154 203 2
144 288 2
123 203 2
153 208 2
84 164 2
265 277 2
56 233 2
214 269 2
156 244 2
13 274 2
23 51 2
18 185 2
6 203 2
227 243 2
19 285 2
