1 3 4
1 49 4
1 210 4
2 46 4
2 293 4
3 34 4
3 117 4
4 208 4
4 273 4
4 332 4
5 67 4
5 187 4
5 212 4
6 117 4
7 37 4
7 79 4
7 224 4
8 12 4
8 92 4
8 164 4
8 176 4
8 191 4
8 202 4
8 249 4
9 57 4
9 68 4
9 147 4
9 212 4
11 273 4
12 18 4
12 32 4
12 88 4
12 156 4
12 201 4
12 235 4
12 243 4
12 281 4
13 109 4
13 147 4
13 150 4
13 175 4
13 295 4
14 69 4
14 125 4
14 158 4
14 208 4
14 211 4
15 32 4
15 96 4
15 135 4
15 265 4
16 63 4
17 95 4
17 130 4
17 147 4
17 184 4
17 215 4
17 230 4
17 274 4
17 284 4
18 42 4
18 97 4
18 119 4
18 154 4
18 208 4
18 218 4
18 271 4
18 331 4
19 92 4
20 191 4
22 120 4
22 151 4
22 191 4
22 235 4
23 29 4
23 214 4
23 245 4
23 276 4
24 117 4
25 30 4
25 46 4
25 196 4
25 199 4
26 32 4
26 73 4
26 92 4
26 147 4
26 157 4
26 160 4
26 191 4
27 43 4
27 97 4
27 132 4
27 147 4
27 208 4
28 147 4
28 196 4
28 255 4
29 32 4
29 46 4
29 97 4
29 108 4
29 113 4
29 121 4
29 160 4
29 206 4
29 208 4
29 241 4
29 249 4
29 259 4
29 316 4
30 35 4
30 66 4
30 111 4
30 228 4
31 46 4
32 38 4
32 39 4
32 47 4
32 95 4
32 115 4
32 134 4
32 139 4
32 147 4
32 162 4
32 170 4
32 185 4
32 196 4
32 203 4
32 224 4
32 249 4
32 265 4
32 269 4
32 281 4
32 321 4
33 58 4
33 113 4
33 121 4
34 208 4
35 163 4
35 287 4
36 191 4
36 273 4
37 191 4
40 191 4
41 67 4
41 134 4
41 208 4
42 147 4
42 282 4
43 117 4
43 147 4
44 175 4
44 199 4
45 117 4
45 150 4
45 191 4
45 208 4
47 218 4
48 191 4
49 117 4
51 114 4
51 117 4
51 191 4
52 159 4
52 168 4
52 208 4
53 95 4
53 200 4
54 73 4
54 98 4
56 76 4
56 147 4
56 183 4
56 251 4
56 272 4
57 114 4
57 122 4
58 68 4
58 134 4
58 146 4
58 177 4
58 178 4
58 213 4
59 249 4
59 262 4
59 295 4
61 114 4
61 197 4
62 78 4
62 83 4
62 147 4
63 147 4
63 260 4
64 111 4
64 147 4
64 206 4
65 243 4
66 158 4
66 191 4
66 201 4
67 118 4
67 156 4
67 159 4
67 191 4
67 217 4
67 228 4
69 78 4
69 114 4
69 160 4
69 193 4
69 256 4
69 297 4
69 306 4
70 92 4
71 88 4
71 252 4
71 259 4
72 147 4
72 288 4
73 127 4
73 147 4
73 178 4
73 189 4
73 199 4
73 215 4
73 278 4
75 147 4
75 191 4
75 332 4
76 114 4
76 208 4
77 150 4
78 88 4
78 219 4
78 292 4
80 117 4
81 124 4
81 153 4
81 195 4
81 199 4
81 208 4
81 277 4
82 208 4
83 98 4
83 198 4
83 273 4
84 101 4
84 262 4
85 100 4
85 154 4
85 205 4
85 206 4
86 108 4
86 191 4
86 208 4
86 236 4
88 208 4
88 220 4
89 183 4
89 252 4
89 301 4
89 302 4
90 199 4
90 273 4
91 95 4
91 300 4
92 97 4
92 117 4
92 179 4
92 191 4
92 245 4
92 257 4
92 316 4
92 329 4
93 191 4
93 206 4
93 316 4
94 201 4
94 222 4
94 238 4
94 248 4
94 249 4
96 273 4
96 282 4
98 191 4
100 248 4
101 143 4
101 147 4
101 221 4
101 251 4
101 257 4
102 182 4
102 183 4
102 227 4
102 308 4
104 117 4
104 249 4
105 325 4
107 191 4
108 150 4
109 172 4
109 191 4
109 208 4
110 149 4
110 233 4
110 258 4
111 178 4
111 248 4
112 124 4
114 152 4
114 175 4
114 187 4
114 208 4
114 214 4
114 218 4
114 230 4
115 199 4
115 282 4
116 122 4
116 126 4
116 183 4
116 292 4
117 124 4
117 136 4
117 144 4
117 147 4
117 151 4
117 157 4
117 179 4
117 189 4
117 217 4
117 227 4
117 228 4
117 236 4
117 258 4
117 272 4
117 289 4
117 304 4
117 307 4
117 312 4
117 332 4
119 125 4
120 191 4
120 210 4
120 261 4
120 273 4
120 279 4
121 147 4
121 315 4
122 224 4
123 147 4
124 133 4
124 208 4
125 175 4
125 202 4
125 209 4
125 210 4
125 310 4
126 127 4
126 134 4
126 191 4
126 211 4
129 209 4
131 238 4
132 166 4
132 191 4
134 157 4
135 191 4
135 203 4
135 266 4
136 146 4
136 191 4
138 140 4
138 190 4
138 199 4
138 205 4
139 194 4
139 208 4
139 252 4
142 325 4
143 183 4
143 191 4
143 229 4
144 208 4
144 228 4
145 194 4
146 147 4
147 150 4
147 162 4
147 164 4
147 166 4
147 184 4
147 191 4
147 213 4
147 224 4
147 225 4
147 247 4
147 250 4
147 251 4
147 254 4
147 255 4
147 256 4
147 261 4
147 282 4
147 289 4
147 296 4
147 308 4
147 316 4
147 322 4
147 326 4
147 330 4
149 313 4
150 158 4
150 166 4
150 181 4
150 216 4
150 221 4
150 286 4
150 317 4
151 241 4
153 219 4
153 249 4
154 191 4
154 273 4
155 171 4
155 236 4
156 208 4
157 178 4
158 248 4
159 209 4
159 216 4
159 329 4
160 277 4
164 285 4
165 175 4
165 298 4
167 191 4
167 226 4
167 328 4
168 197 4
168 236 4
170 251 4
171 191 4
171 233 4
172 206 4
172 305 4
173 191 4
174 191 4
175 208 4
175 270 4
176 206 4
177 250 4
178 208 4
178 247 4
178 257 4
178 285 4
178 331 4
179 208 4
179 223 4
179 230 4
179 255 4
182 284 4
183 199 4
183 204 4
183 208 4
185 199 4
188 265 4
189 199 4
189 201 4
189 231 4
191 194 4
191 196 4
191 197 4
191 208 4
191 221 4
191 233 4
191 234 4
191 239 4
191 247 4
191 252 4
191 254 4
191 258 4
191 271 4
191 272 4
191 275 4
191 280 4
191 288 4
191 293 4
191 302 4
191 319 4
191 328 4
191 329 4
192 317 4
193 221 4
194 201 4
194 214 4
194 218 4
194 225 4
194 277 4
196 245 4
196 271 4
196 300 4
197 289 4
198 225 4
199 205 4
199 206 4
199 208 4
199 221 4
199 251 4
199 262 4
199 267 4
199 270 4
200 273 4
202 208 4
203 289 4
204 213 4
205 214 4
206 288 4
206 330 4
208 227 4
208 234 4
208 235 4
208 241 4
208 249 4
208 253 4
208 255 4
208 279 4
208 281 4
208 282 4
208 285 4
208 287 4
208 289 4
208 290 4
208 303 4
208 311 4
208 320 4
208 329 4
209 322 4
211 325 4
213 241 4
214 219 4
214 242 4
214 266 4
214 267 4
214 297 4
215 220 4
215 273 4
217 225 4
217 311 4
218 248 4
220 252 4
220 289 4
224 329 4
226 235 4
227 289 4
228 313 4
229 331 4
233 263 4
233 286 4
238 307 4
245 296 4
248 280 4
249 314 4
250 271 4
251 273 4
254 302 4
263 282 4
265 289 4
267 332 4
269 310 4
273 296 4
282 327 4
295 296 4
313 322 4
55 81 4
6 246 4
69 222 4
86 328 4
191 255 4
4 109 4
131 191 4
33 93 4
69 343 4
96 147 4
156 194 4
46 363 4
54 317 4
216 305 4
208 286 4
28 191 4
108 191 4
47 160 4
116 333 4
125 191 4
199 329 4
5 328 4
29 326 4
191 291 4
37 208 4
138 287 4
105 253 4
34 153 4
191 316 4
144 181 4
118 285 4
182 249 4
21 117 4
208 300 4
116 148 4
13 161 4
25 237 4
48 111 4
49 138 4
203 298 4
9 300 4
32 180 4
6 303 4
147 272 4
40 277 4
17 358 4
117 211 4
212 329 4
4 218 4
211 215 4
147 348 4
128 178 4
32 323 4
251 357 4
1 191 4
208 237 4
57 360 4
194 298 4
75 336 4
29 116 4
35 288 4
106 147 4
185 315 4
266 361 4
184 296 4
163 246 4
92 202 4
121 289 4
206 280 4
191 226 4
71 210 4
198 360 4
2 153 4
78 220 4
63 186 4
168 355 4
34 74 4
90 149 4
192 325 4
32 66 4
32 334 4
55 296 4
228 264 4
19 191 4
75 120 4
14 354 4
214 309 4
200 333 4
116 259 4
124 269 4
92 212 4
147 232 4
194 350 4
117 220 4
94 177 4
42 199 4
63 346 4
208 327 4
143 263 4
190 221 4
32 310 4
106 124 4
187 205 4
330 332 4
17 349 4
208 349 4
104 323 4
17 225 4
114 294 4
114 133 4
133 147 4
168 191 4
191 232 4
12 77 4
32 342 4
230 296 4
248 304 4
39 147 4
185 205 4
127 226 4
83 306 4
230 356 4
189 208 4
120 159 4
163 336 4
147 336 4
114 161 4
84 137 4
69 230 4
26 214 4
75 260 4
182 288 4
296 327 4
191 354 4
116 142 4
97 208 4
121 123 4
179 182 4
115 227 4
194 232 4
94 154 4
157 270 4
130 132 4
81 241 4
147 362 4
34 67 4
192 294 4
166 218 4
194 321 4
13 194 4
280 310 4
41 158 4
116 362 4
56 208 4
39 338 4
191 317 4
76 273 4
44 287 4
32 324 4
23 75 4
168 173 4
205 257 4
69 330 4
150 261 4
191 324 4
73 123 4
324 329 4
164 191 4
117 186 4
117 354 4
147 274 4
147 302 4
212 331 4
124 325 4
53 117 4
147 248 4
69 79 4
125 157 4
300 340 4
208 222 4
172 280 4
130 208 4
227 354 4
26 34 4
64 249 4
32 78 4
90 147 4
99 221 4
144 147 4
1 155 4
157 344 4
66 221 4
17 305 4
208 292 4
203 273 4
117 321 4
182 291 4
69 236 4
117 360 4
40 149 4
22 270 4
149 177 4
136 150 4
100 174 4
191 284 4
208 248 4
150 277 4
117 119 4
269 278 4
25 38 4
26 270 4
13 124 4
147 180 4
296 346 4
121 177 4
14 157 4
117 362 4
48 196 4
136 235 4
199 243 4
199 304 4
29 237 4
94 250 4
26 206 4
217 289 4
132 189 4
136 282 4
177 240 4
147 169 4
23 130 4
133 332 4
147 364 4
125 199 4
75 107 4
37 289 4
197 252 4
27 312 4
16 239 4
72 142 4
233 312 4
208 274 4
288 312 4
153 333 4
141 190 4
159 278 4
100 312 4
29 339 4
289 342 4
58 208 4
199 355 4
191 323 4
208 351 4
269 296 4
31 150 4
95 196 4
99 305 4
3 250 4
129 339 4
129 150 4
16 163 4
152 205 4
100 204 4
174 269 4
97 137 4
117 276 4
36 125 4
78 159 4
177 334 4
3 291 4
95 170 4
209 296 4
140 205 4
112 277 4
92 260 4
200 350 4
28 308 4
19 311 4
222 252 4
45 329 4
156 319 4
199 289 4
47 208 4
185 196 4
306 308 4
89 92 4
120 354 4
72 312 4
206 351 4
70 260 4
14 199 4
23 179 4
35 327 4
54 199 4
61 352 4
171 288 4
189 362 4
190 319 4
54 198 4
40 335 4
117 169 4
78 247 4
199 331 4
146 199 4
41 150 4
241 314 4
147 221 4
17 329 4
11 208 4
191 263 4
88 117 4
329 341 4
172 333 4
17 127 4
32 59 4
33 147 4
249 259 4
29 184 4
58 237 4
191 241 4
92 149 4
2 68 4
36 180 4
17 224 4
70 147 4
157 207 4
83 140 4
6 150 4
248 289 4
282 325 4
147 156 4
13 357 4
17 163 4
69 246 4
296 298 4
4 32 4
192 225 4
117 184 4
123 250 4
355 361 4
69 272 4
18 232 4
147 320 4
18 91 4
147 188 4
206 268 4
126 182 4
91 208 4
188 361 4
12 289 4
301 302 4
158 312 4
177 357 4
208 345 4
208 313 4
289 344 4
185 221 4
15 297 4
33 208 4
14 196 4
127 144 4
21 32 4
69 250 4
172 208 4
54 191 4
197 208 4
78 275 4
206 315 4
208 293 4
147 200 4
4 147 4
177 200 4
147 148 4
136 359 4
208 260 4
208 229 4
36 214 4
117 199 4
117 320 4
191 192 4
26 325 4
48 201 4
158 285 4
3 326 4
191 337 4
117 195 4
114 327 4
183 290 4
117 229 4
298 319 4
29 104 4
164 177 4
29 312 4
111 191 4
16 183 4
312 346 4
149 259 4
109 273 4
25 32 4
142 203 4
132 141 4
79 174 4
175 271 4
218 283 4
17 289 4
17 227 4
11 216 4
32 208 4
15 147 4
69 93 4
147 259 4
117 297 4
208 242 4
133 206 4
250 282 4
51 94 4
19 117 4
329 349 4
83 343 4
21 121 4
121 293 4
96 316 4
1 208 4
199 348 4
58 199 4
200 338 4
191 348 4
15 274 4
261 270 4
46 183 4
12 50 4
25 72 4
236 289 4
49 191 4
194 249 4
68 286 4
160 243 4
117 300 4
196 330 4
83 155 4
9 22 4
44 208 4
306 332 4
105 117 4
56 365 4
185 191 4
176 191 4
44 57 4
147 216 4
117 150 4
18 171 4
42 218 4
147 286 4
64 299 4
191 359 4
29 115 4
171 214 4
317 358 4
45 168 4
139 254 4
4 217 4
143 345 4
46 178 4
280 313 4
67 267 4
8 74 4
12 230 4
117 176 4
72 329 4
101 222 4
22 27 4
137 221 4
82 230 4
23 60 4
18 343 4
78 289 4
117 322 4
159 173 4
121 365 4
186 218 4
199 302 4
92 120 4
117 348 4
4 64 4
12 258 4
101 240 4
146 297 4
147 223 4
9 273 4
117 208 4
20 272 4
26 208 4
146 208 4
119 198 4
26 136 4
266 331 4
186 194 4
4 176 4
208 264 4
64 273 4
191 347 4
17 226 4
111 292 4
177 279 4
23 186 4
32 359 4
168 217 4
116 117 4
17 168 4
125 265 4
191 295 4
12 147 4
17 36 4
145 147 4
197 297 4
10 201 4
196 208 4
296 356 4
232 318 4
281 301 4
178 213 4
147 307 4
20 197 4
16 147 4
20 208 4
135 330 4
158 181 4
177 291 4
147 325 4
185 352 4
18 294 4
108 290 4
49 158 4
18 220 4
158 241 4
270 274 4
64 121 4
41 73 4
133 303 4
12 240 4
41 106 4
156 191 4
83 117 4
12 92 4
114 243 4
125 141 4
186 248 4
64 119 4
286 334 4
245 332 4
150 191 4
208 250 4
117 128 4
117 260 4
44 183 4
147 265 4
110 245 4
98 224 4
197 230 4
83 353 4
262 298 4
62 286 4
147 317 4
234 329 4
181 312 4
160 208 4
6 32 4
191 306 4
147 354 4
117 173 4
92 114 4
147 192 4
199 336 4
47 92 4
98 235 4
29 120 4
120 307 4
31 190 4
94 170 4
12 357 4
64 168 4
121 185 4
136 147 4
25 191 4
147 343 4
272 331 4
7 208 4
159 185 4
191 330 4
49 287 4
35 99 4
21 270 4
24 63 4
206 210 4
77 147 4
200 254 4
174 177 4
146 231 4
107 208 4
28 208 4
208 357 4
53 183 4
208 272 4
160 206 4
179 277 4
161 166 4
191 363 4
84 194 4
74 185 4
175 285 4
41 119 4
143 289 4
208 273 4
145 208 4
177 345 4
296 323 4
147 189 4
15 180 4
308 344 4
29 150 4
208 348 4
191 260 4
88 171 4
241 289 4
49 360 4
277 342 4
117 181 4
39 184 4
40 208 4
47 361 4
14 74 4
55 215 4
1 183 4
45 270 4
41 147 4
96 215 4
92 226 4
39 136 4
24 147 4
37 100 4
21 34 4
166 262 4
1 320 4
32 316 4
214 250 4
18 257 4
125 232 4
147 304 4
155 194 4
102 329 4
141 191 4
69 73 4
192 215 4
187 199 4
114 202 4
141 208 4
32 113 4
32 74 4
175 298 4
12 137 4
156 237 4
208 321 4
223 317 4
105 157 4
41 238 4
108 158 4
1 8 4
82 302 4
107 312 4
96 191 4
204 275 4
37 201 4
17 205 4
199 325 4
53 191 4
58 168 4
159 276 4
17 159 4
183 215 4
53 147 4
47 344 4
27 311 4
32 171 4
208 262 4
191 277 4
92 314 4
117 313 4
148 191 4
191 201 4
191 236 4
1 340 4
18 215 4
220 272 4
64 307 4
101 192 4
208 261 4
199 213 4
132 349 4
88 147 4
37 110 4
42 125 4
208 322 4
139 162 4
17 218 4
32 271 4
1 143 4
47 349 4
6 56 4
149 233 4
273 353 4
215 300 4
191 216 4
85 172 4
55 117 4
221 280 4
296 335 4
7 18 4
171 228 4
61 188 4
18 354 4
272 341 4
35 191 4
191 193 4
30 41 4
11 362 4
72 191 4
147 228 4
77 136 4
35 235 4
105 182 4
163 218 4
9 208 4
4 315 4
191 299 4
270 272 4
18 163 4
284 348 4
52 190 4
120 177 4
71 199 4
77 249 4
102 156 4
74 189 4
93 147 4
134 220 4
96 179 4
25 227 4
117 291 4
124 330 4
43 226 4
147 206 4
303 329 4
121 158 4
129 158 4
81 365 4
147 266 4
157 225 4
283 284 4
