63 117 1
62 117 1
31 237 1
31 178 1
117 151 1
117 155 1
63 171 1
78 117 1
117 153 1
51 117 1
31 189 1
108 117 1
31 105 1
117 159 1
5 171 1
34 117 1
117 232 1
31 243 1
117 220 1
31 56 1
31 177 1
19 31 1
37 155 1
189 191 1
62 155 1
31 155 1
108 267 1
31 257 1
19 141 1
99 117 1
26 171 1
31 238 1
19 258 1
31 108 1
31 109 1
63 111 1
111 163 1
4 171 1
117 215 1
108 194 1
111 229 1
183 220 1
63 172 1
53 117 1
108 213 1
53 255 1
117 210 1
203 243 1
18 243 1
31 184 1
117 264 1
26 111 1
117 172 1
36 229 1
26 255 1
35 243 1
35 255 1
37 47 1
36 182 1
117 206 1
21 117 1
36 147 1
117 236 1
62 256 1
83 117 1
117 129 1
12 63 1
117 274 1
117 229 1
82 117 1
68 108 1
195 232 1
31 193 1
117 204 1
19 155 1
36 38 1
227 256 1
108 264 1
61 63 1
3 117 1
31 137 1
31 180 1
63 234 1
108 110 1
117 139 1
31 168 1
108 176 1
9 108 1
63 237 1
117 224 1
117 186 1
19 238 1
24 108 1
117 192 1
31 250 1
19 220 1
21 31 1
152 171 1
29 193 1
21 205 1
49 171 1
117 244 1
31 133 1
108 206 1
108 139 1
117 266 1
31 122 1
155 183 1
48 117 1
62 108 1
117 161 1
46 206 1
11 195 1
57 63 1
117 260 1
161 179 1
23 183 1
3 108 1
155 268 1
117 147 1
159 217 1
15 63 1
11 106 1
117 169 1
108 134 1
157 204 1
117 237 1
108 195 1
155 220 1
147 237 1
31 266 1
31 91 1
19 174 1
117 221 1
98 108 1
11 117 1
68 264 1
206 259 1
94 210 1
117 195 1
221 237 1
161 201 1
123 204 1
21 63 1
101 117 1
108 121 1
63 106 1
3 254 1
117 179 1
108 199 1
158 227 1
31 110 1
33 117 1
21 105 1
4 229 1
147 171 1
117 196 1
71 117 1
95 153 1
117 164 1
30 220 1
1 117 1
31 231 1
11 173 1
4 219 1
15 236 1
28 117 1
40 117 1
31 114 1
110 199 1
42 117 1
117 168 1
31 164 1
104 117 1
117 141 1
147 187 1
118 171 1
31 50 1
155 252 1
9 21 1
138 179 1
150 206 1
32 117 1
154 183 1
101 155 1
114 117 1
176 183 1
229 271 1
31 269 1
108 152 1
108 160 1
183 197 1
117 173 1
103 155 1
62 101 1
159 206 1
108 186 1
4 117 1
185 193 1
36 177 1
13 179 1
117 212 1
63 204 1
3 87 1
71 155 1
40 57 1
21 99 1
32 106 1
173 260 1
158 231 1
26 132 1
27 63 1
108 129 1
117 188 1
63 147 1
13 108 1
108 275 1
42 220 1
155 213 1
17 117 1
7 117 1
34 57 1
13 98 1
108 259 1
86 168 1
36 239 1
34 253 1
111 117 1
18 21 1
36 250 1
117 194 1
31 188 1
79 171 1
41 98 1
117 248 1
31 83 1
83 267 1
31 197 1
181 206 1
31 70 1
110 210 1
19 272 1
94 108 1
31 142 1
44 117 1
108 150 1
35 206 1
117 273 1
63 97 1
29 50 1
31 198 1
31 67 1
115 206 1
86 108 1
31 156 1
63 137 1
117 135 1
15 262 1
167 238 1
196 264 1
29 259 1
117 185 1
85 264 1
31 211 1
31 94 1
3 192 1
129 150 1
31 176 1
108 210 1
41 202 1
63 218 1
172 221 1
24 155 1
108 266 1
94 274 1
21 189 1
31 165 1
148 173 1
31 224 1
12 108 1
117 217 1
81 195 1
35 225 1
30 117 1
50 267 1
14 117 1
63 90 1
158 167 1
99 108 1
117 170 1
63 136 1
36 195 1
195 260 1
108 233 1
117 245 1
19 149 1
59 117 1
117 167 1
155 208 1
108 219 1
274 275 1
117 213 1
14 167 1
108 184 1
108 198 1
108 235 1
15 269 1
115 158 1
53 110 1
63 112 1
91 108 1
204 254 1
66 202 1
27 156 1
32 110 1
75 260 1
2 117 1
97 128 1
176 254 1
108 153 1
97 117 1
3 131 1
39 108 1
15 97 1
111 213 1
151 253 1
47 229 1
19 103 1
170 171 1
31 192 1
117 126 1
64 155 1
108 203 1
117 121 1
201 210 1
196 212 1
142 183 1
250 271 1
79 113 1
3 82 1
87 117 1
57 130 1
117 227 1
183 262 1
129 247 1
37 108 1
21 155 1
14 15 1
108 132 1
104 108 1
25 31 1
271 272 1
31 225 1
66 272 1
108 232 1
21 252 1
11 229 1
108 231 1
165 208 1
76 117 1
77 97 1
31 208 1
117 123 1
31 191 1
121 237 1
189 264 1
108 183 1
31 75 1
19 161 1
24 237 1
57 161 1
101 260 1
31 248 1
31 120 1
117 128 1
16 155 1
182 205 1
35 128 1
73 155 1
79 237 1
37 245 1
117 254 1
108 189 1
117 252 1
108 242 1
117 216 1
73 238 1
124 184 1
117 197 1
43 117 1
31 226 1
31 213 1
8 98 1
117 180 1
37 117 1
117 137 1
65 117 1
36 242 1
108 192 1
131 204 1
117 166 1
206 264 1
137 155 1
39 117 1
63 64 1
55 108 1
181 186 1
14 155 1
3 115 1
11 13 1
114 210 1
117 130 1
155 214 1
36 257 1
31 239 1
117 205 1
63 226 1
117 136 1
31 138 1
117 191 1
92 193 1
171 179 1
193 256 1
97 225 1
44 173 1
45 167 1
171 258 1
117 125 1
108 249 1
81 262 1
67 108 1
192 217 1
108 273 1
163 184 1
13 267 1
63 170 1
149 179 1
21 240 1
75 171 1
12 26 1
49 106 1
41 47 1
100 155 1
117 230 1
26 105 1
110 206 1
111 202 1
6 63 1
132 237 1
13 39 1
108 127 1
39 105 1
28 139 1
36 53 1
21 143 1
26 117 1
36 212 1
14 120 1
47 118 1
11 71 1
11 268 1
47 210 1
45 183 1
27 72 1
117 265 1
63 195 1
17 192 1
11 273 1
117 239 1
108 146 1
87 197 1
36 98 1
117 157 1
76 155 1
89 210 1
31 260 1
47 76 1
17 270 1
146 225 1
108 255 1
36 260 1
108 265 1
140 213 1
148 165 1
31 61 1
30 63 1
31 202 1
48 87 1
7 257 1
117 165 1
63 230 1
81 117 1
1 21 1
214 219 1
9 16 1
18 28 1
84 192 1
108 175 1
35 117 1
14 247 1
101 250 1
97 249 1
21 108 1
122 195 1
47 68 1
73 117 1
59 252 1
63 269 1
80 117 1
167 189 1
117 241 1
31 69 1
30 108 1
31 265 1
108 181 1
117 268 1
13 116 1
19 108 1
7 192 1
31 262 1
155 173 1
117 228 1
117 148 1
108 125 1
107 108 1
117 238 1
31 235 1
117 251 1
65 158 1
21 62 1
31 219 1
57 152 1
16 117 1
71 192 1
130 179 1
63 131 1
196 225 1
56 63 1
94 117 1
156 270 1
28 66 1
27 108 1
41 108 1
96 179 1
111 242 1
31 101 1
29 204 1
11 84 1
117 163 1
63 194 1
155 205 1
151 155 1
129 215 1
31 228 1
41 105 1
258 259 1
33 251 1
21 175 1
31 218 1
35 261 1
36 199 1
49 108 1
6 108 1
66 117 1
63 185 1
98 101 1
8 31 1
63 275 1
91 260 1
42 108 1
161 180 1
106 161 1
59 146 1
63 162 1
185 229 1
108 216 1
110 238 1
155 262 1
72 117 1
5 117 1
63 182 1
19 21 1
117 242 1
21 253 1
27 150 1
68 224 1
85 224 1
108 209 1
15 268 1
83 249 1
63 77 1
19 257 1
63 157 1
129 171 1
14 26 1
63 102 1
93 206 1
24 117 1
133 212 1
146 269 1
63 151 1
63 132 1
214 254 1
48 195 1
63 76 1
117 235 1
31 92 1
19 249 1
30 204 1
174 239 1
238 271 1
205 229 1
117 202 1
27 117 1
109 127 1
23 117 1
31 167 1
100 239 1
116 155 1
18 63 1
55 117 1
11 232 1
63 271 1
67 74 1
27 70 1
192 234 1
13 28 1
20 117 1
155 170 1
108 212 1
108 254 1
172 238 1
31 46 1
30 143 1
108 142 1
262 272 1
117 207 1
108 128 1
31 214 1
33 103 1
3 102 1
203 257 1
85 117 1
77 165 1
29 117 1
117 193 1
78 165 1
62 243 1
63 222 1
112 275 1
238 269 1
171 191 1
117 275 1
7 195 1
53 108 1
171 227 1
21 76 1
49 224 1
196 260 1
76 176 1
93 129 1
31 121 1
8 108 1
108 178 1
79 117 1
245 259 1
233 262 1
117 233 1
32 260 1
19 33 1
64 117 1
31 47 1
63 80 1
117 272 1
3 92 1
74 104 1
109 195 1
137 238 1
18 269 1
21 40 1
72 108 1
62 262 1
117 240 1
13 143 1
124 179 1
143 235 1
3 242 1
31 147 1
108 168 1
176 215 1
108 201 1
166 193 1
22 233 1
12 54 1
31 90 1
15 203 1
80 183 1
19 78 1
198 210 1
107 244 1
92 129 1
22 37 1
46 168 1
31 125 1
3 249 1
116 206 1
117 183 1
129 241 1
31 123 1
67 117 1
108 143 1
129 134 1
63 158 1
108 251 1
80 108 1
63 91 1
71 137 1
15 224 1
101 108 1
216 269 1
166 274 1
64 196 1
108 230 1
63 163 1
84 251 1
146 207 1
116 229 1
117 253 1
101 212 1
19 74 1
10 118 1
110 136 1
154 195 1
4 108 1
21 228 1
75 195 1
77 238 1
15 31 1
63 160 1
26 225 1
31 245 1
50 220 1
226 261 1
26 51 1
58 63 1
153 265 1
31 112 1
3 157 1
31 126 1
9 192 1
117 208 1
59 63 1
117 231 1
170 220 1
188 252 1
63 141 1
