67 176 4
171 342 4
234 313 4
184 234 4
191 234 4
58 234 4
58 182 4
58 269 4
67 113 4
195 269 4
113 341 4
234 325 4
127 191 4
48 58 4
286 342 4
234 246 4
58 235 4
31 234 4
58 97 4
178 269 4
79 234 4
67 211 4
200 234 4
67 248 4
102 269 4
295 341 4
58 191 4
81 234 4
269 306 4
135 234 4
234 287 4
70 341 4
113 262 4
18 58 4
65 262 4
313 332 4
31 99 4
234 244 4
185 234 4
154 191 4
210 325 4
109 200 4
135 156 4
81 195 4
65 292 4
325 336 4
321 325 4
154 265 4
94 135 4
216 332 4
195 199 4
22 234 4
58 225 4
100 127 4
160 265 4
230 295 4
84 321 4
28 269 4
3 58 4
58 181 4
54 58 4
97 167 4
65 352 4
109 171 4
58 258 4
216 302 4
2 269 4
183 234 4
213 234 4
159 182 4
269 312 4
336 363 4
296 341 4
234 274 4
61 262 4
32 269 4
253 262 4
269 323 4
100 320 4
67 229 4
97 289 4
28 309 4
142 325 4
295 346 4
41 199 4
127 190 4
234 270 4
109 348 4
269 346 4
20 230 4
42 269 4
277 336 4
145 269 4
153 235 4
97 148 4
36 234 4
28 58 4
61 108 4
182 358 4
147 341 4
28 347 4
341 349 4
58 322 4
28 97 4
189 274 4
269 317 4
58 362 4
64 269 4
306 354 4
154 343 4
269 352 4
58 61 4
234 278 4
33 258 4
116 341 4
259 296 4
97 208 4
61 300 4
181 234 4
133 259 4
62 347 4
93 313 4
10 79 4
35 58 4
3 305 4
4 195 4
309 313 4
70 317 4
106 269 4
234 241 4
77 305 4
191 328 4
266 269 4
32 82 4
96 292 4
44 183 4
195 301 4
305 326 4
137 234 4
47 341 4
234 350 4
125 341 4
28 141 4
50 347 4
178 199 4
214 235 4
159 296 4
183 341 4
287 311 4
151 190 4
154 228 4
167 234 4
54 206 4
58 245 4
63 265 4
328 346 4
82 112 4
67 156 4
256 342 4
24 234 4
269 331 4
57 135 4
235 350 4
28 176 4
4 113 4
228 322 4
327 352 4
39 300 4
230 301 4
59 199 4
199 245 4
175 228 4
98 269 4
10 265 4
97 269 4
19 58 4
254 295 4
17 97 4
175 287 4
70 73 4
94 151 4
141 262 4
196 313 4
171 254 4
121 190 4
162 352 4
58 288 4
313 334 4
3 260 4
14 234 4
295 337 4
199 234 4
126 195 4
57 234 4
160 245 4
200 269 4
137 217 4
19 245 4
269 319 4
151 358 4
269 326 4
198 234 4
58 178 4
89 342 4
58 274 4
15 28 4
67 270 4
8 269 4
227 295 4
32 47 4
33 58 4
77 236 4
185 296 4
178 265 4
28 277 4
121 222 4
2 234 4
88 234 4
279 354 4
125 234 4
67 313 4
28 226 4
278 341 4
234 333 4
24 58 4
337 358 4
58 83 4
28 220 4
67 296 4
199 364 4
313 317 4
216 265 4
231 295 4
12 262 4
58 172 4
139 269 4
17 178 4
135 279 4
200 278 4
234 321 4
82 207 4
109 310 4
85 97 4
51 327 4
60 216 4
102 234 4
84 189 4
139 249 4
185 295 4
28 311 4
51 341 4
112 283 4
15 67 4
131 234 4
33 154 4
92 274 4
58 324 4
131 182 4
124 199 4
216 229 4
6 234 4
234 335 4
46 199 4
58 194 4
15 262 4
28 157 4
156 270 4
159 316 4
85 363 4
182 292 4
154 210 4
31 229 4
120 347 4
109 229 4
249 342 4
269 357 4
234 262 4
179 262 4
244 313 4
234 247 4
100 361 4
215 352 4
207 234 4
219 269 4
313 331 4
74 336 4
66 219 4
47 236 4
234 248 4
67 94 4
108 234 4
25 139 4
28 77 4
26 349 4
33 60 4
100 162 4
30 58 4
60 234 4
106 135 4
195 335 4
162 259 4
16 254 4
37 84 4
166 234 4
58 290 4
50 234 4
66 293 4
135 145 4
4 6 4
234 251 4
100 356 4
113 349 4
100 263 4
25 58 4
287 331 4
234 243 4
44 234 4
42 332 4
269 282 4
28 121 4
114 199 4
20 46 4
32 234 4
288 337 4
262 351 4
190 262 4
76 332 4
159 234 4
158 191 4
75 127 4
219 335 4
117 131 4
94 112 4
295 314 4
311 331 4
58 315 4
234 307 4
26 195 4
161 234 4
189 316 4
67 280 4
150 166 4
234 235 4
166 191 4
113 252 4
58 224 4
32 148 4
34 58 4
195 316 4
176 302 4
47 67 4
24 166 4
200 326 4
196 258 4
28 197 4
2 363 4
231 284 4
191 339 4
288 296 4
94 170 4
62 78 4
271 341 4
191 294 4
195 346 4
129 234 4
37 77 4
39 325 4
175 253 4
50 326 4
262 296 4
163 269 4
143 195 4
50 193 4
58 162 4
202 258 4
89 153 4
262 289 4
58 98 4
32 58 4
281 341 4
40 98 4
25 28 4
58 179 4
144 234 4
120 130 4
121 224 4
234 327 4
223 287 4
121 253 4
314 352 4
58 92 4
23 191 4
121 254 4
28 129 4
176 304 4
184 295 4
234 291 4
184 334 4
269 341 4
259 305 4
32 215 4
17 262 4
178 303 4
40 274 4
61 141 4
234 322 4
166 316 4
31 360 4
28 262 4
21 269 4
94 331 4
306 341 4
94 178 4
58 174 4
85 341 4
200 212 4
84 269 4
67 86 4
67 330 4
50 176 4
154 303 4
124 141 4
50 269 4
52 58 4
211 322 4
110 234 4
25 113 4
174 234 4
129 286 4
352 358 4
157 234 4
65 234 4
4 267 4
178 276 4
33 178 4
61 269 4
25 281 4
65 150 4
190 331 4
235 268 4
234 263 4
148 185 4
66 234 4
141 269 4
51 234 4
90 145 4
8 296 4
142 269 4
23 331 4
209 341 4
28 325 4
114 269 4
238 352 4
60 338 4
58 77 4
188 269 4
314 361 4
163 195 4
33 156 4
215 362 4
52 234 4
230 251 4
68 341 4
58 82 4
57 288 4
113 172 4
67 207 4
35 269 4
252 258 4
24 181 4
216 269 4
22 94 4
120 304 4
62 269 4
52 195 4
269 293 4
19 199 4
171 234 4
28 59 4
34 67 4
262 295 4
38 346 4
297 325 4
69 234 4
58 156 4
49 190 4
67 165 4
171 269 4
234 239 4
204 313 4
58 325 4
269 344 4
134 301 4
46 359 4
28 365 4
175 296 4
234 300 4
122 269 4
234 261 4
67 249 4
47 255 4
215 262 4
51 267 4
6 148 4
36 84 4
234 343 4
234 306 4
338 341 4
243 265 4
10 269 4
147 199 4
195 237 4
67 82 4
20 265 4
58 217 4
93 100 4
123 234 4
21 312 4
60 300 4
156 234 4
179 279 4
49 269 4
135 341 4
70 251 4
36 68 4
234 237 4
73 362 4
346 365 4
25 200 4
66 311 4
238 269 4
106 234 4
123 168 4
328 332 4
32 304 4
95 234 4
232 269 4
191 200 4
61 87 4
79 171 4
47 166 4
234 273 4
280 288 4
333 347 4
9 269 4
162 202 4
117 262 4
58 363 4
50 58 4
45 206 4
279 351 4
50 251 4
33 157 4
15 296 4
234 351 4
70 209 4
65 85 4
150 234 4
85 100 4
39 58 4
234 272 4
101 328 4
67 150 4
42 54 4
145 315 4
146 313 4
97 317 4
246 316 4
242 295 4
226 325 4
265 305 4
263 306 4
32 348 4
16 58 4
254 292 4
97 127 4
51 302 4
175 361 4
220 296 4
36 69 4
149 182 4
109 318 4
28 159 4
21 235 4
58 267 4
62 234 4
52 269 4
58 284 4
28 167 4
70 132 4
94 269 4
58 74 4
122 347 4
74 234 4
195 300 4
149 234 4
221 332 4
269 304 4
63 269 4
17 67 4
121 209 4
162 298 4
150 354 4
75 295 4
28 30 4
96 269 4
70 276 4
117 259 4
234 294 4
65 323 4
59 243 4
196 348 4
103 190 4
139 358 4
117 164 4
143 350 4
148 215 4
246 302 4
51 67 4
20 127 4
46 177 4
53 234 4
236 339 4
232 254 4
28 35 4
67 355 4
20 301 4
61 256 4
82 313 4
58 152 4
234 275 4
117 350 4
15 209 4
116 176 4
276 306 4
222 296 4
125 127 4
40 253 4
234 346 4
54 235 4
74 245 4
7 234 4
67 172 4
19 234 4
97 358 4
351 362 4
103 358 4
58 302 4
34 195 4
280 332 4
76 234 4
127 362 4
162 207 4
105 311 4
28 210 4
58 272 4
29 234 4
133 191 4
71 341 4
309 332 4
207 295 4
156 183 4
109 227 4
250 352 4
269 320 4
254 353 4
27 67 4
41 325 4
70 364 4
140 295 4
46 303 4
97 309 4
56 94 4
303 341 4
32 329 4
84 234 4
71 287 4
76 97 4
211 313 4
67 124 4
246 247 4
41 254 4
69 287 4
117 361 4
67 173 4
28 57 4
65 326 4
144 292 4
75 317 4
131 189 4
84 348 4
331 353 4
129 361 4
44 49 4
140 217 4
52 331 4
193 269 4
82 219 4
60 269 4
97 201 4
35 234 4
106 123 4
178 339 4
28 48 4
257 269 4
77 253 4
234 283 4
269 286 4
24 269 4
202 313 4
101 295 4
160 313 4
31 335 4
300 313 4
17 234 4
153 348 4
195 260 4
234 290 4
234 361 4
211 220 4
224 234 4
58 251 4
40 145 4
112 189 4
196 296 4
40 234 4
171 283 4
50 342 4
83 178 4
220 234 4
226 332 4
209 234 4
58 242 4
333 341 4
117 234 4
185 235 4
60 176 4
113 228 4
154 261 4
58 229 4
80 235 4
48 208 4
85 333 4
146 156 4
203 331 4
191 272 4
58 237 4
58 333 4
96 182 4
24 195 4
42 234 4
34 247 4
265 301 4
206 365 4
58 96 4
94 346 4
180 235 4
83 161 4
13 98 4
127 364 4
313 342 4
137 295 4
329 354 4
125 346 4
109 147 4
134 295 4
65 207 4
101 234 4
106 341 4
67 344 4
66 195 4
58 108 4
194 234 4
56 58 4
67 266 4
18 71 4
145 189 4
67 127 4
58 197 4
193 227 4
220 254 4
26 154 4
141 259 4
274 279 4
295 308 4
252 356 4
57 58 4
58 307 4
17 244 4
221 331 4
60 341 4
274 340 4
36 306 4
200 293 4
84 229 4
46 263 4
263 269 4
120 362 4
5 61 4
234 257 4
269 363 4
38 317 4
1 296 4
51 183 4
54 231 4
28 83 4
39 295 4
129 256 4
56 98 4
15 249 4
58 239 4
8 314 4
3 69 4
34 288 4
58 338 4
135 269 4
179 200 4
269 290 4
234 279 4
195 234 4
117 269 4
30 262 4
232 341 4
109 232 4
299 341 4
22 195 4
145 341 4
16 67 4
191 262 4
195 259 4
77 106 4
262 305 4
28 64 4
115 269 4
295 315 4
233 297 4
24 154 4
209 314 4
41 106 4
58 146 4
135 244 4
234 338 4
200 225 4
310 316 4
96 315 4
33 97 4
55 352 4
6 23 4
73 271 4
137 333 4
26 258 4
138 207 4
234 357 4
132 167 4
59 234 4
55 278 4
28 43 4
285 322 4
100 335 4
10 57 4
105 196 4
39 249 4
28 289 4
94 236 4
10 168 4
146 234 4
171 325 4
108 266 4
121 217 4
25 235 4
234 317 4
180 263 4
281 342 4
51 171 4
47 126 4
234 356 4
51 114 4
208 332 4
112 193 4
274 332 4
29 58 4
168 199 4
210 234 4
124 258 4
58 340 4
141 234 4
43 346 4
140 352 4
72 216 4
195 345 4
101 219 4
269 356 4
107 190 4
3 196 4
208 234 4
50 54 4
202 234 4
95 258 4
189 341 4
58 189 4
234 355 4
28 265 4
156 315 4
58 131 4
104 113 4
58 207 4
38 200 4
234 245 4
100 234 4
103 234 4
28 152 4
259 269 4
58 346 4
3 279 4
66 152 4
68 227 4
58 188 4
15 203 4
153 352 4
320 340 4
192 254 4
50 129 4
168 361 4
283 364 4
144 352 4
28 327 4
28 234 4
154 269 4
110 140 4
234 305 4
70 279 4
67 299 4
303 312 4
34 295 4
28 355 4
209 342 4
230 234 4
191 324 4
129 141 4
234 318 4
31 215 4
37 269 4
234 334 4
258 322 4
234 255 4
67 341 4
55 256 4
99 135 4
39 151 4
28 363 4
190 230 4
220 352 4
97 172 4
184 272 4
28 233 4
9 145 4
41 315 4
183 287 4
146 295 4
222 262 4
101 338 4
213 269 4
52 194 4
107 123 4
34 40 4
235 310 4
58 72 4
65 341 4
25 126 4
15 155 4
64 313 4
287 313 4
75 124 4
88 267 4
97 112 4
67 282 4
127 282 4
337 341 4
276 342 4
50 82 4
318 357 4
95 302 4
65 239 4
34 63 4
70 283 4
194 204 4
117 161 4
72 269 4
61 181 4
83 344 4
172 234 4
52 162 4
30 59 4
23 332 4
233 305 4
58 337 4
86 266 4
159 269 4
246 325 4
234 302 4
144 311 4
197 234 4
289 341 4
58 91 4
226 352 4
3 44 4
58 256 4
42 121 4
7 269 4
348 360 4
58 68 4
58 140 4
58 127 4
136 191 4
53 191 4
52 329 4
256 269 4
209 294 4
202 249 4
58 246 4
39 76 4
82 220 4
67 334 4
279 364 4
35 105 4
4 347 4
202 228 4
164 269 4
67 131 4
269 275 4
20 169 4
11 231 4
95 269 4
313 351 4
232 234 4
2 11 4
212 325 4
95 288 4
133 341 4
221 296 4
16 79 4
160 305 4
99 125 4
21 191 4
40 60 4
225 281 4
82 166 4
129 269 4
94 144 4
277 300 4
71 269 4
83 254 4
131 295 4
177 331 4
246 283 4
263 301 4
62 352 4
28 165 4
19 345 4
178 241 4
108 269 4
58 350 4
7 144 4
28 91 4
202 277 4
68 209 4
104 234 4
67 294 4
98 117 4
58 253 4
61 74 4
179 265 4
234 297 4
192 314 4
77 346 4
58 365 4
106 192 4
305 335 4
210 333 4
57 277 4
229 334 4
13 269 4
161 178 4
29 269 4
111 234 4
222 260 4
305 317 4
199 278 4
234 312 4
15 240 4
258 313 4
67 167 4
269 279 4
58 276 4
201 270 4
28 142 4
112 341 4
82 269 4
184 274 4
269 325 4
18 50 4
243 364 4
3 50 4
181 250 4
90 296 4
108 313 4
219 234 4
269 339 4
81 86 4
58 161 4
28 215 4
86 151 4
30 352 4
166 341 4
90 230 4
120 156 4
145 234 4
52 216 4
80 356 4
58 104 4
162 341 4
126 313 4
259 326 4
279 314 4
205 234 4
98 274 4
58 113 4
225 234 4
154 166 4
254 269 4
25 234 4
48 129 4
12 314 4
242 350 4
156 178 4
15 214 4
93 303 4
161 166 4
26 300 4
21 125 4
269 287 4
107 120 4
269 288 4
202 286 4
31 202 4
235 362 4
10 362 4
234 309 4
132 147 4
68 141 4
50 339 4
49 196 4
41 295 4
64 263 4
125 202 4
122 358 4
205 276 4
157 341 4
234 319 4
89 128 4
36 76 4
32 354 4
28 318 4
105 365 4
195 356 4
122 314 4
269 285 4
75 151 4
7 365 4
97 133 4
173 182 4
80 269 4
338 352 4
66 70 4
137 144 4
166 219 4
85 94 4
89 196 4
12 269 4
177 301 4
139 234 4
131 333 4
126 235 4
174 318 4
261 340 4
330 361 4
14 299 4
100 237 4
82 91 4
173 234 4
96 116 4
7 129 4
262 330 4
206 233 4
156 292 4
229 246 4
204 281 4
264 288 4
154 202 4
235 312 4
65 308 4
109 116 4
40 177 4
124 295 4
9 79 4
112 244 4
175 214 4
269 340 4
123 357 4
127 234 4
141 170 4
156 335 4
15 114 4
66 364 4
123 300 4
90 259 4
123 325 4
19 124 4
52 296 4
72 249 4
146 199 4
97 272 4
106 256 4
82 261 4
58 249 4
249 352 4
77 269 4
97 176 4
12 307 4
162 170 4
234 271 4
21 67 4
43 195 4
25 50 4
276 339 4
117 258 4
331 357 4
269 307 4
162 278 4
191 252 4
97 150 4
28 162 4
39 68 4
129 328 4
46 133 4
58 137 4
114 252 4
326 339 4
174 295 4
291 294 4
112 249 4
291 357 4
189 346 4
167 340 4
67 151 4
136 259 4
53 154 4
59 352 4
91 202 4
30 162 4
112 174 4
296 301 4
106 306 4
230 340 4
141 221 4
85 310 4
4 291 4
21 51 4
118 269 4
17 267 4
25 329 4
156 212 4
191 259 4
66 196 4
47 342 4
95 172 4
102 141 4
34 215 4
150 178 4
331 332 4
138 234 4
23 53 4
58 238 4
251 254 4
11 234 4
160 224 4
83 234 4
167 179 4
203 365 4
107 234 4
28 274 4
205 220 4
214 234 4
96 234 4
182 363 4
196 234 4
219 253 4
131 289 4
306 332 4
20 218 4
3 67 4
295 338 4
84 302 4
58 70 4
60 209 4
207 259 4
196 235 4
95 104 4
67 158 4
10 276 4
28 179 4
58 352 4
191 256 4
150 267 4
22 341 4
191 232 4
320 341 4
199 353 4
27 171 4
28 236 4
274 312 4
222 234 4
149 235 4
241 321 4
238 300 4
43 272 4
233 234 4
19 127 4
98 209 4
13 121 4
106 212 4
239 323 4
