85 114 1
59 85 1
93 114 1
45 246 1
97 114 1
93 250 1
41 97 1
41 50 1
52 114 1
52 101 1
59 267 1
55 114 1
52 229 1
68 114 1
229 261 1
92 229 1
114 178 1
8 114 1
97 104 1
45 231 1
114 234 1
75 114 1
114 275 1
114 217 1
93 189 1
30 41 1
46 52 1
114 268 1
59 272 1
59 103 1
106 267 1
251 267 1
114 232 1
30 213 1
59 99 1
52 124 1
114 131 1
111 250 1
8 189 1
229 236 1
97 132 1
133 232 1
74 132 1
131 216 1
220 229 1
99 252 1
51 114 1
55 194 1
232 269 1
19 269 1
106 234 1
114 154 1
33 52 1
8 59 1
43 114 1
114 273 1
217 250 1
33 77 1
29 250 1
229 275 1
159 220 1
97 199 1
41 74 1
11 124 1
55 113 1
53 59 1
47 229 1
131 203 1
98 178 1
59 126 1
5 114 1
93 245 1
108 229 1
101 114 1
52 133 1
237 269 1
74 114 1
93 163 1
237 244 1
232 270 1
106 249 1
106 211 1
106 114 1
54 97 1
52 197 1
205 229 1
9 52 1
52 71 1
59 151 1
59 120 1
106 123 1
52 125 1
197 247 1
37 232 1
101 120 1
41 52 1
93 229 1
97 124 1
54 232 1
59 273 1
52 202 1
16 114 1
59 121 1
55 189 1
114 182 1
220 256 1
59 159 1
55 81 1
38 114 1
95 114 1
128 267 1
213 260 1
234 250 1
55 100 1
106 203 1
2 59 1
51 92 1
94 114 1
46 55 1
75 229 1
114 166 1
59 71 1
30 249 1
13 29 1
166 239 1
3 106 1
106 143 1
82 114 1
51 113 1
97 271 1
123 128 1
114 220 1
59 147 1
82 229 1
93 152 1
93 258 1
84 114 1
182 236 1
102 275 1
232 240 1
47 192 1
59 62 1
229 262 1
160 182 1
74 174 1
149 220 1
114 150 1
114 191 1
114 184 1
52 110 1
30 151 1
77 131 1
40 114 1
49 59 1
20 52 1
243 268 1
123 207 1
62 232 1
39 97 1
95 127 1
8 164 1
89 267 1
182 271 1
121 123 1
40 101 1
59 183 1
75 180 1
113 114 1
102 117 1
183 250 1
68 220 1
106 128 1
143 149 1
16 59 1
44 59 1
71 107 1
3 203 1
93 199 1
186 229 1
103 114 1
106 246 1
59 218 1
97 137 1
93 242 1
2 41 1
114 129 1
63 114 1
65 150 1
19 199 1
106 175 1
52 230 1
6 41 1
55 207 1
62 275 1
30 275 1
105 269 1
149 229 1
114 183 1
28 124 1
17 77 1
102 229 1
92 245 1
59 94 1
47 59 1
33 63 1
52 178 1
114 267 1
11 58 1
114 242 1
97 257 1
97 260 1
149 248 1
59 266 1
59 257 1
114 152 1
3 240 1
114 170 1
18 275 1
185 189 1
111 123 1
93 274 1
123 133 1
61 114 1
41 125 1
77 152 1
52 162 1
22 45 1
124 150 1
19 268 1
121 190 1
44 162 1
132 229 1
27 114 1
114 215 1
74 229 1
114 209 1
74 222 1
47 202 1
52 257 1
59 179 1
2 93 1
23 184 1
5 100 1
131 186 1
114 172 1
29 187 1
87 152 1
241 269 1
41 131 1
52 127 1
11 267 1
47 165 1
8 227 1
175 252 1
154 171 1
97 184 1
59 149 1
29 71 1
96 110 1
59 207 1
24 106 1
107 207 1
167 216 1
154 186 1
59 271 1
91 171 1
189 229 1
52 95 1
43 59 1
52 63 1
142 275 1
23 74 1
52 275 1
23 208 1
16 249 1
44 52 1
54 150 1
74 156 1
52 91 1
9 177 1
123 252 1
76 114 1
93 160 1
102 257 1
8 137 1
28 197 1
133 260 1
100 163 1
20 106 1
28 125 1
44 136 1
220 251 1
94 106 1
91 229 1
114 247 1
8 30 1
103 106 1
37 114 1
44 57 1
46 78 1
123 138 1
81 96 1
74 214 1
87 199 1
74 97 1
128 194 1
39 131 1
182 229 1
81 181 1
74 177 1
40 52 1
63 64 1
79 199 1
30 110 1
24 229 1
71 247 1
142 182 1
69 114 1
163 223 1
171 229 1
82 237 1
30 178 1
182 222 1
114 233 1
47 113 1
59 165 1
136 229 1
38 197 1
38 229 1
38 207 1
164 237 1
97 250 1
30 59 1
89 106 1
59 152 1
86 114 1
257 272 1
66 120 1
113 167 1
191 257 1
2 98 1
3 230 1
84 152 1
69 152 1
267 271 1
148 242 1
50 132 1
201 252 1
121 171 1
140 183 1
88 229 1
121 217 1
59 142 1
3 261 1
74 147 1
56 114 1
71 185 1
207 260 1
227 267 1
58 114 1
114 149 1
52 105 1
87 114 1
210 250 1
52 259 1
207 229 1
38 249 1
189 204 1
81 229 1
52 142 1
16 52 1
3 119 1
29 62 1
59 175 1
93 223 1
114 125 1
2 206 1
59 222 1
114 260 1
147 229 1
35 183 1
33 115 1
74 242 1
76 194 1
15 114 1
181 201 1
52 147 1
178 252 1
99 229 1
217 233 1
73 229 1
41 271 1
43 117 1
185 229 1
114 139 1
40 213 1
46 89 1
52 159 1
1 117 1
110 162 1
229 268 1
61 110 1
114 162 1
114 116 1
216 275 1
207 213 1
13 30 1
143 220 1
55 193 1
59 190 1
52 165 1
142 199 1
33 68 1
100 180 1
50 182 1
35 52 1
59 255 1
52 143 1
60 180 1
93 268 1
59 275 1
45 149 1
64 261 1
93 227 1
49 74 1
74 259 1
5 6 1
27 52 1
1 250 1
202 253 1
8 24 1
157 229 1
45 155 1
65 114 1
52 151 1
52 265 1
51 191 1
36 102 1
229 252 1
38 173 1
220 272 1
123 225 1
102 213 1
104 229 1
127 167 1
90 133 1
96 208 1
71 236 1
44 197 1
41 172 1
35 232 1
106 243 1
68 132 1
229 267 1
47 65 1
51 97 1
106 221 1
71 94 1
114 208 1
59 187 1
47 211 1
59 61 1
250 254 1
59 195 1
20 38 1
114 196 1
6 97 1
160 229 1
16 75 1
59 89 1
30 166 1
93 211 1
44 112 1
40 155 1
39 114 1
5 266 1
68 214 1
43 102 1
117 162 1
87 89 1
29 77 1
123 182 1
59 204 1
94 220 1
50 250 1
30 114 1
177 248 1
83 275 1
24 187 1
88 206 1
23 77 1
30 77 1
143 242 1
29 30 1
114 238 1
140 252 1
41 137 1
47 249 1
59 153 1
85 99 1
77 82 1
59 143 1
18 142 1
52 168 1
22 114 1
3 59 1
59 217 1
53 71 1
72 229 1
99 263 1
3 102 1
20 195 1
106 166 1
41 51 1
29 84 1
110 131 1
27 59 1
93 207 1
52 183 1
62 114 1
59 173 1
74 84 1
1 84 1
199 253 1
229 240 1
12 97 1
211 274 1
136 196 1
114 126 1
57 106 1
123 144 1
98 267 1
8 83 1
21 30 1
100 188 1
105 217 1
114 164 1
29 102 1
114 205 1
124 239 1
30 125 1
88 127 1
114 230 1
131 229 1
16 66 1
185 220 1
56 71 1
52 232 1
106 250 1
59 86 1
49 131 1
84 217 1
93 261 1
204 215 1
106 193 1
19 40 1
162 241 1
74 149 1
114 134 1
52 223 1
50 263 1
59 227 1
16 157 1
143 229 1
52 67 1
5 25 1
38 51 1
123 211 1
180 210 1
59 162 1
18 114 1
59 225 1
52 103 1
7 178 1
114 261 1
123 224 1
114 122 1
114 137 1
225 229 1
18 43 1
11 48 1
3 137 1
139 268 1
132 232 1
206 263 1
52 164 1
82 207 1
22 52 1
44 232 1
93 167 1
124 127 1
178 242 1
46 114 1
59 134 1
199 259 1
41 246 1
188 275 1
211 240 1
44 220 1
52 118 1
146 233 1
229 251 1
75 123 1
143 260 1
90 114 1
83 249 1
83 114 1
10 52 1
223 229 1
6 114 1
62 152 1
80 131 1
97 146 1
43 168 1
114 250 1
30 122 1
191 229 1
122 232 1
88 101 1
114 189 1
52 272 1
100 114 1
26 106 1
74 212 1
7 193 1
184 192 1
93 248 1
139 242 1
24 59 1
106 129 1
19 229 1
93 195 1
93 101 1
29 229 1
59 84 1
98 114 1
30 189 1
114 194 1
47 222 1
250 253 1
162 173 1
258 261 1
177 189 1
52 69 1
114 265 1
7 89 1
18 192 1
182 257 1
114 179 1
16 254 1
50 248 1
36 215 1
47 219 1
70 71 1
52 122 1
30 67 1
104 275 1
26 52 1
97 248 1
61 201 1
124 152 1
28 229 1
7 52 1
49 248 1
96 131 1
1 237 1
99 105 1
52 255 1
32 123 1
209 267 1
57 93 1
254 267 1
45 103 1
47 70 1
160 214 1
46 59 1
155 229 1
55 229 1
28 36 1
46 270 1
30 61 1
13 248 1
5 180 1
52 128 1
71 122 1
47 259 1
65 233 1
76 248 1
181 207 1
52 55 1
114 147 1
59 199 1
61 227 1
52 213 1
114 127 1
185 226 1
59 108 1
97 253 1
114 266 1
137 152 1
63 82 1
114 185 1
52 235 1
114 231 1
41 141 1
66 127 1
43 199 1
38 239 1
65 189 1
114 254 1
108 114 1
115 252 1
97 116 1
51 106 1
31 136 1
77 140 1
52 79 1
1 114 1
114 263 1
52 231 1
152 258 1
15 74 1
52 74 1
175 257 1
75 168 1
30 186 1
4 59 1
84 172 1
65 128 1
82 93 1
52 261 1
157 173 1
2 26 1
100 250 1
249 256 1
30 236 1
93 97 1
55 259 1
7 110 1
56 163 1
62 266 1
180 229 1
37 180 1
52 155 1
132 228 1
47 62 1
79 114 1
242 261 1
101 111 1
33 275 1
13 97 1
38 245 1
23 253 1
59 234 1
170 214 1
73 114 1
