1 84 2
1 114 2
1 237 2
1 250 2
2 59 2
2 93 2
2 98 2
3 59 2
3 106 2
3 230 2
3 240 2
3 261 2
5 25 2
5 114 2
5 180 2
6 41 2
7 52 2
7 178 2
7 193 2
8 137 2
9 52 2
9 177 2
11 48 2
11 267 2
13 29 2
13 97 2
16 66 2
18 43 2
19 269 2
20 38 2
20 52 2
20 106 2
22 52 2
22 114 2
23 74 2
23 184 2
23 253 2
24 106 2
27 52 2
27 114 2
28 124 2
28 125 2
28 229 2
29 62 2
29 77 2
29 84 2
29 229 2
29 250 2
30 41 2
30 59 2
30 67 2
30 114 2
30 122 2
30 151 2
30 166 2
30 178 2
30 186 2
30 213 2
30 275 2
31 136 2
32 123 2
33 63 2
33 77 2
33 115 2
33 275 2
35 52 2
35 183 2
37 114 2
37 232 2
38 51 2
38 197 2
38 229 2
38 249 2
40 52 2
41 51 2
41 97 2
41 125 2
41 137 2
43 102 2
43 114 2
43 117 2
44 52 2
44 57 2
44 59 2
44 112 2
44 197 2
44 220 2
44 232 2
45 149 2
46 52 2
46 59 2
46 78 2
46 114 2
46 270 2
47 59 2
47 62 2
47 65 2
47 70 2
47 165 2
47 192 2
47 202 2
47 211 2
47 222 2
47 249 2
49 59 2
50 132 2
50 248 2
50 263 2
51 113 2
51 114 2
51 191 2
52 79 2
52 91 2
52 95 2
52 101 2
52 105 2
52 114 2
52 118 2
52 122 2
52 124 2
52 125 2
52 128 2
52 133 2
52 142 2
52 143 2
52 147 2
52 155 2
52 162 2
52 164 2
52 165 2
52 178 2
52 197 2
52 223 2
52 229 2
52 230 2
52 231 2
52 257 2
52 265 2
53 59 2
53 71 2
54 232 2
55 100 2
55 193 2
55 194 2
55 207 2
55 229 2
56 114 2
57 106 2
59 61 2
59 71 2
59 85 2
59 89 2
59 103 2
59 120 2
59 121 2
59 134 2
59 143 2
59 147 2
59 152 2
59 159 2
59 162 2
59 175 2
59 179 2
59 190 2
59 204 2
59 207 2
59 218 2
59 225 2
59 227 2
59 255 2
59 257 2
59 267 2
59 273 2
61 110 2
61 201 2
61 227 2
62 114 2
62 152 2
62 232 2
62 275 2
63 82 2
63 114 2
64 261 2
65 114 2
65 189 2
66 120 2
68 214 2
69 152 2
71 94 2
71 122 2
72 229 2
73 114 2
73 229 2
74 84 2
74 147 2
74 149 2
74 177 2
74 214 2
74 222 2
74 229 2
74 242 2
75 114 2
75 123 2
75 180 2
76 114 2
81 229 2
82 114 2
82 237 2
84 152 2
84 172 2
84 217 2
85 99 2
85 114 2
86 114 2
87 89 2
87 152 2
87 199 2
88 101 2
88 206 2
88 229 2
90 114 2
90 133 2
92 229 2
93 97 2
93 152 2
93 160 2
93 163 2
93 167 2
93 195 2
93 199 2
93 207 2
93 211 2
93 245 2
93 250 2
93 268 2
94 106 2
94 114 2
94 220 2
96 110 2
97 104 2
97 116 2
97 137 2
97 199 2
97 257 2
97 260 2
97 271 2
98 114 2
99 105 2
99 229 2
100 114 2
100 188 2
100 250 2
101 114 2
101 120 2
102 117 2
102 257 2
102 275 2
104 275 2
105 217 2
106 114 2
106 128 2
106 143 2
106 175 2
106 193 2
106 246 2
106 250 2
107 207 2
110 131 2
110 162 2
113 167 2
114 116 2
114 147 2
114 150 2
114 152 2
114 164 2
114 170 2
114 189 2
114 194 2
114 217 2
114 220 2
114 230 2
114 232 2
114 233 2
114 242 2
114 250 2
114 261 2
114 263 2
114 267 2
114 273 2
114 275 2
117 162 2
121 123 2
121 171 2
122 232 2
123 128 2
123 207 2
123 211 2
123 224 2
123 225 2
123 252 2
124 150 2
124 152 2
127 167 2
131 186 2
133 232 2
133 260 2
140 252 2
142 199 2
142 275 2
143 229 2
143 242 2
148 242 2
154 171 2
154 186 2
155 229 2
157 173 2
157 229 2
159 220 2
160 214 2
160 229 2
162 241 2
163 223 2
166 239 2
175 252 2
175 257 2
177 248 2
178 242 2
180 210 2
180 229 2
181 201 2
181 207 2
182 271 2
183 250 2
185 189 2
185 220 2
185 226 2
189 229 2
191 257 2
197 247 2
199 259 2
202 253 2
204 215 2
205 229 2
206 263 2
207 229 2
207 260 2
216 275 2
217 233 2
220 251 2
220 272 2
223 229 2
227 267 2
229 236 2
229 251 2
229 261 2
229 262 2
229 268 2
232 270 2
234 250 2
241 269 2
242 261 2
243 268 2
250 253 2
251 267 2
254 267 2
258 261 2
267 271 2
69 131 2
114 132 2
29 224 2
117 190 2
217 223 2
97 218 2
84 90 2
101 102 2
229 238 2
21 47 2
52 300 2
38 68 2
76 84 2
16 79 2
21 163 2
1 291 2
3 260 2
179 232 2
29 153 2
12 152 2
67 288 2
127 229 2
52 225 2
206 250 2
101 287 2
114 237 2
254 279 2
201 275 2
95 180 2
174 180 2
187 224 2
14 174 2
21 26 2
59 155 2
106 179 2
114 198 2
71 103 2
224 232 2
152 232 2
52 256 2
19 211 2
121 175 2
128 210 2
3 52 2
47 157 2
11 114 2
178 211 2
24 229 2
106 160 2
114 123 2
40 144 2
221 229 2
252 273 2
23 259 2
116 214 2
101 253 2
52 249 2
71 98 2
165 232 2
38 114 2
114 115 2
57 59 2
28 157 2
114 219 2
70 71 2
114 155 2
96 165 2
74 80 2
41 52 2
180 220 2
88 133 2
114 196 2
38 139 2
14 188 2
83 259 2
4 143 2
86 106 2
52 60 2
49 214 2
128 198 2
60 103 2
97 208 2
221 270 2
60 116 2
150 194 2
130 267 2
162 233 2
33 154 2
41 57 2
26 280 2
147 252 2
195 294 2
175 253 2
219 229 2
124 144 2
148 192 2
44 194 2
21 23 2
38 60 2
29 302 2
1 29 2
104 122 2
27 42 2
184 217 2
114 243 2
71 262 2
19 140 2
47 255 2
71 235 2
23 274 2
156 273 2
90 95 2
47 276 2
114 138 2
23 158 2
24 275 2
52 104 2
5 59 2
114 218 2
171 289 2
157 267 2
164 242 2
28 164 2
52 198 2
114 231 2
69 217 2
221 250 2
25 162 2
159 217 2
20 59 2
5 32 2
52 76 2
49 216 2
114 144 2
47 300 2
146 269 2
33 221 2
209 220 2
114 175 2
128 229 2
77 275 2
120 242 2
114 285 2
24 44 2
22 233 2
66 171 2
114 141 2
62 255 2
3 114 2
95 114 2
47 67 2
114 300 2
229 250 2
290 294 2
261 262 2
47 189 2
248 267 2
147 277 2
117 171 2
126 152 2
114 257 2
114 246 2
152 192 2
63 293 2
38 85 2
88 171 2
78 199 2
52 248 2
114 181 2
59 80 2
16 232 2
52 227 2
17 276 2
143 234 2
59 191 2
89 93 2
195 214 2
93 255 2
37 229 2
141 193 2
114 121 2
26 91 2
140 263 2
112 114 2
51 210 2
153 229 2
152 255 2
255 300 2
121 245 2
34 52 2
158 229 2
31 85 2
3 63 2
80 292 2
54 199 2
114 235 2
52 150 2
1 147 2
52 263 2
97 298 2
72 114 2
30 125 2
27 47 2
268 276 2
88 230 2
114 223 2
23 37 2
122 240 2
161 229 2
71 280 2
93 146 2
47 139 2
59 280 2
13 87 2
3 220 2
133 277 2
143 217 2
121 216 2
59 233 2
229 286 2
98 238 2
84 237 2
147 186 2
52 236 2
150 174 2
102 140 2
52 266 2
91 114 2
71 180 2
129 143 2
114 294 2
21 250 2
186 228 2
8 59 2
52 137 2
114 259 2
114 206 2
53 267 2
98 225 2
190 297 2
98 113 2
29 114 2
57 90 2
7 248 2
43 84 2
59 140 2
35 229 2
14 47 2
30 161 2
8 37 2
28 284 2
15 43 2
114 193 2
1 37 2
30 259 2
121 229 2
4 142 2
40 229 2
26 229 2
89 229 2
104 128 2
59 94 2
71 168 2
30 232 2
199 224 2
51 250 2
60 152 2
244 248 2
126 267 2
123 169 2
52 83 2
59 70 2
53 290 2
147 285 2
114 281 2
29 204 2
231 242 2
30 277 2
1 59 2
114 177 2
123 229 2
88 140 2
114 156 2
52 279 2
180 259 2
110 235 2
101 217 2
47 129 2
152 261 2
100 159 2
232 287 2
114 278 2
52 206 2
20 138 2
12 221 2
114 200 2
97 222 2
1 165 2
2 66 2
114 160 2
47 113 2
99 107 2
93 288 2
84 298 2
65 106 2
124 183 2
114 256 2
93 109 2
171 248 2
48 152 2
60 145 2
55 61 2
52 96 2
57 183 2
205 235 2
52 112 2
33 114 2
133 200 2
70 114 2
134 229 2
45 52 2
207 250 2
143 144 2
18 114 2
180 274 2
132 212 2
97 105 2
26 97 2
47 282 2
121 241 2
43 59 2
114 127 2
229 244 2
17 73 2
229 278 2
9 233 2
96 289 2
59 160 2
48 248 2
196 210 2
114 290 2
60 140 2
12 114 2
140 196 2
123 275 2
125 248 2
10 183 2
229 245 2
59 123 2
70 273 2
58 59 2
36 234 2
131 294 2
38 210 2
63 229 2
102 274 2
43 140 2
97 302 2
76 248 2
178 234 2
52 302 2
116 200 2
86 238 2
98 264 2
139 157 2
24 77 2
77 261 2
137 252 2
179 295 2
1 265 2
132 155 2
108 284 2
83 175 2
123 125 2
77 105 2
41 249 2
72 224 2
97 152 2
159 165 2
50 250 2
18 201 2
212 229 2
33 239 2
23 283 2
114 184 2
62 117 2
59 186 2
21 152 2
63 151 2
229 291 2
114 295 2
26 45 2
107 199 2
60 288 2
32 261 2
6 106 2
21 123 2
105 197 2
103 183 2
7 210 2
114 174 2
52 202 2
143 230 2
189 200 2
199 210 2
108 201 2
267 287 2
13 180 2
229 299 2
114 253 2
97 286 2
68 180 2
155 292 2
229 232 2
25 89 2
76 160 2
52 109 2
33 162 2
39 152 2
114 191 2
1 220 2
105 133 2
33 85 2
13 296 2
186 223 2
52 289 2
114 139 2
59 199 2
43 62 2
74 188 2
129 286 2
18 102 2
151 213 2
106 173 2
169 229 2
47 253 2
76 98 2
52 283 2
43 52 2
25 163 2
10 223 2
35 106 2
116 123 2
106 204 2
31 93 2
24 87 2
81 210 2
114 283 2
84 225 2
23 65 2
119 267 2
191 250 2
28 302 2
43 77 2
105 290 2
37 223 2
114 213 2
120 165 2
73 250 2
160 180 2
52 243 2
51 232 2
40 157 2
80 150 2
93 299 2
16 43 2
28 233 2
208 268 2
209 254 2
114 153 2
12 71 2
30 171 2
137 140 2
91 290 2
59 302 2
21 271 2
23 70 2
55 94 2
180 284 2
158 268 2
17 229 2
78 152 2
59 79 2
13 59 2
39 192 2
114 154 2
104 114 2
229 248 2
18 96 2
114 249 2
69 271 2
132 300 2
21 193 2
55 131 2
59 126 2
114 268 2
154 232 2
255 266 2
132 260 2
52 182 2
229 294 2
67 212 2
1 74 2
106 293 2
59 181 2
15 164 2
31 254 2
52 235 2
64 216 2
41 86 2
92 246 2
88 267 2
155 275 2
136 229 2
46 156 2
133 274 2
40 63 2
52 205 2
269 287 2
14 229 2
59 210 2
111 177 2
59 192 2
22 229 2
47 176 2
15 123 2
7 77 2
30 98 2
42 275 2
77 199 2
3 77 2
191 287 2
59 109 2
24 172 2
58 174 2
59 122 2
81 152 2
59 219 2
189 277 2
259 269 2
114 126 2
4 253 2
114 186 2
114 125 2
116 122 2
