1 84 3
1 114 3
1 147 3
1 220 3
1 250 3
1 265 3
1 291 3
2 59 3
2 66 3
2 98 3
3 59 3
3 63 3
3 77 3
3 261 3
4 143 3
4 253 3
5 59 3
5 180 3
6 41 3
7 193 3
7 248 3
8 37 3
8 137 3
9 233 3
10 183 3
10 223 3
11 48 3
11 267 3
12 221 3
13 29 3
13 97 3
13 180 3
14 174 3
14 188 3
15 43 3
15 164 3
16 43 3
16 79 3
18 43 3
20 38 3
20 52 3
20 106 3
20 138 3
21 23 3
21 47 3
21 123 3
21 152 3
21 193 3
21 271 3
22 114 3
23 70 3
23 74 3
23 184 3
23 253 3
23 259 3
23 274 3
23 283 3
24 172 3
24 275 3
25 89 3
25 162 3
25 163 3
26 91 3
26 97 3
27 42 3
27 47 3
27 114 3
28 124 3
28 125 3
28 157 3
28 164 3
28 229 3
28 233 3
29 224 3
29 302 3
30 41 3
30 59 3
30 67 3
30 98 3
30 161 3
30 186 3
30 259 3
31 93 3
31 136 3
31 254 3
32 123 3
32 261 3
33 77 3
33 114 3
33 162 3
34 52 3
35 229 3
37 114 3
37 223 3
37 229 3
38 60 3
38 114 3
38 197 3
40 229 3
41 51 3
41 52 3
41 57 3
41 86 3
41 249 3
43 84 3
43 114 3
43 117 3
44 52 3
44 59 3
44 112 3
44 197 3
44 220 3
44 232 3
46 52 3
46 59 3
46 78 3
46 270 3
47 62 3
47 129 3
47 139 3
47 165 3
47 192 3
47 211 3
47 255 3
47 276 3
47 300 3
48 248 3
49 59 3
50 132 3
50 250 3
50 263 3
51 191 3
51 210 3
51 232 3
51 250 3
52 91 3
52 95 3
52 96 3
52 101 3
52 105 3
52 112 3
52 114 3
52 118 3
52 147 3
52 150 3
52 155 3
52 178 3
52 182 3
52 202 3
52 205 3
52 223 3
52 225 3
52 227 3
52 229 3
52 230 3
52 231 3
52 236 3
52 248 3
52 256 3
52 266 3
52 279 3
52 300 3
53 71 3
53 267 3
54 232 3
55 100 3
55 131 3
55 207 3
55 229 3
57 90 3
57 183 3
58 59 3
59 71 3
59 80 3
59 85 3
59 109 3
59 120 3
59 121 3
59 123 3
59 143 3
59 147 3
59 152 3
59 155 3
59 159 3
59 179 3
59 191 3
59 192 3
59 204 3
59 210 3
59 218 3
59 219 3
59 225 3
59 227 3
59 255 3
59 273 3
59 280 3
60 103 3
60 140 3
60 152 3
60 288 3
61 201 3
61 227 3
62 152 3
62 255 3
62 275 3
63 82 3
63 114 3
63 151 3
65 114 3
66 120 3
66 171 3
67 212 3
68 180 3
69 152 3
69 217 3
70 114 3
71 103 3
71 122 3
71 180 3
71 280 3
72 224 3
73 114 3
73 229 3
74 80 3
74 147 3
74 149 3
75 114 3
75 180 3
76 98 3
76 160 3
77 105 3
77 199 3
77 261 3
77 275 3
78 199 3
80 292 3
82 237 3
84 172 3
84 217 3
84 237 3
85 99 3
85 114 3
87 199 3
88 101 3
88 140 3
88 206 3
88 229 3
88 267 3
89 93 3
89 229 3
90 114 3
90 133 3
91 114 3
91 290 3
93 146 3
93 160 3
93 163 3
93 211 3
93 245 3
93 250 3
93 268 3
93 288 3
94 220 3
96 165 3
96 289 3
97 105 3
97 116 3
97 152 3
97 199 3
97 257 3
97 260 3
97 286 3
97 302 3
98 113 3
98 114 3
98 225 3
98 238 3
99 107 3
100 159 3
100 250 3
101 114 3
101 120 3
102 117 3
104 114 3
105 133 3
106 128 3
106 160 3
106 175 3
106 179 3
106 204 3
106 250 3
110 131 3
110 162 3
110 235 3
111 177 3
113 167 3
114 116 3
114 121 3
114 126 3
114 127 3
114 139 3
114 147 3
114 152 3
114 153 3
114 155 3
114 156 3
114 164 3
114 174 3
114 175 3
114 184 3
114 186 3
114 191 3
114 193 3
114 196 3
114 198 3
114 200 3
114 206 3
114 230 3
114 235 3
114 242 3
114 246 3
114 249 3
114 257 3
114 259 3
114 268 3
114 275 3
114 278 3
114 281 3
114 294 3
117 190 3
119 267 3
121 123 3
121 175 3
121 216 3
121 241 3
121 245 3
123 125 3
123 211 3
123 225 3
124 150 3
124 152 3
124 183 3
125 248 3
128 210 3
129 143 3
129 286 3
131 186 3
132 212 3
132 260 3
133 232 3
133 274 3
133 277 3
134 229 3
137 140 3
137 252 3
139 157 3
140 252 3
142 199 3
143 144 3
143 217 3
143 230 3
143 234 3
143 242 3
146 269 3
147 277 3
147 285 3
151 213 3
152 232 3
152 261 3
154 186 3
155 292 3
157 267 3
159 217 3
159 220 3
160 214 3
162 241 3
163 223 3
165 232 3
166 239 3
169 229 3
171 289 3
175 253 3
175 257 3
178 211 3
178 234 3
179 232 3
180 210 3
180 229 3
180 259 3
181 201 3
181 207 3
184 217 3
185 226 3
186 228 3
187 224 3
189 200 3
189 229 3
189 277 3
191 257 3
195 214 3
195 294 3
199 259 3
201 275 3
204 215 3
205 229 3
206 250 3
207 250 3
207 260 3
212 229 3
217 223 3
220 251 3
220 272 3
221 229 3
221 250 3
221 270 3
224 232 3
229 232 3
229 236 3
229 238 3
229 244 3
229 245 3
229 250 3
229 262 3
229 294 3
231 242 3
232 270 3
232 287 3
234 250 3
241 269 3
242 261 3
244 248 3
254 279 3
255 266 3
255 300 3
258 261 3
267 271 3
267 287 3
269 287 3
290 294 3
87 121 3
59 308 3
63 106 3
123 271 3
39 59 3
21 289 3
145 157 3
71 114 3
101 177 3
196 314 3
59 245 3
59 70 3
20 95 3
228 238 3
67 114 3
60 240 3
1 222 3
110 125 3
45 88 3
93 246 3
31 243 3
123 180 3
47 88 3
93 198 3
139 248 3
37 271 3
189 256 3
4 41 3
20 170 3
65 248 3
171 251 3
210 229 3
52 87 3
199 253 3
23 51 3
196 227 3
93 295 3
279 312 3
50 304 3
66 114 3
72 229 3
205 225 3
159 232 3
52 100 3
112 196 3
237 247 3
19 143 3
125 158 3
21 57 3
60 289 3
7 89 3
129 248 3
93 153 3
121 223 3
114 273 3
211 229 3
70 229 3
112 294 3
120 124 3
246 275 3
86 300 3
235 250 3
107 143 3
93 257 3
230 250 3
180 294 3
19 225 3
129 253 3
52 299 3
114 125 3
59 264 3
84 302 3
66 275 3
44 81 3
39 114 3
183 232 3
78 254 3
60 174 3
111 286 3
82 250 3
114 328 3
65 229 3
52 119 3
97 150 3
23 128 3
59 272 3
137 143 3
74 166 3
93 188 3
85 209 3
134 135 3
203 251 3
83 256 3
62 123 3
114 217 3
9 242 3
19 235 3
52 135 3
232 239 3
49 245 3
110 243 3
59 96 3
52 297 3
156 250 3
121 232 3
41 114 3
118 288 3
147 299 3
123 248 3
19 52 3
103 189 3
209 217 3
167 177 3
43 146 3
16 120 3
113 313 3
3 179 3
154 250 3
250 251 3
89 317 3
141 144 3
238 268 3
89 312 3
35 143 3
158 275 3
30 265 3
187 232 3
97 237 3
93 202 3
114 170 3
41 71 3
157 199 3
96 302 3
143 167 3
47 316 3
52 117 3
190 257 3
231 331 3
143 284 3
114 263 3
72 291 3
106 227 3
38 107 3
143 193 3
155 252 3
201 313 3
22 52 3
79 98 3
59 258 3
88 284 3
217 332 3
1 154 3
129 304 3
215 229 3
151 201 3
139 318 3
136 160 3
56 65 3
30 209 3
8 229 3
155 223 3
114 201 3
52 65 3
54 113 3
114 322 3
33 232 3
63 140 3
41 155 3
49 186 3
124 296 3
113 114 3
190 254 3
23 291 3
153 241 3
43 315 3
28 166 3
191 327 3
79 95 3
74 183 3
29 114 3
47 220 3
114 330 3
72 145 3
5 229 3
72 133 3
59 222 3
114 226 3
72 170 3
30 114 3
114 207 3
8 52 3
87 157 3
60 262 3
67 81 3
44 218 3
52 306 3
115 246 3
114 306 3
67 140 3
38 76 3
93 285 3
137 229 3
38 153 3
199 329 3
60 230 3
64 171 3
209 271 3
3 120 3
25 47 3
114 145 3
85 224 3
232 255 3
41 173 3
40 269 3
110 114 3
60 208 3
163 191 3
17 52 3
114 161 3
47 310 3
116 249 3
191 324 3
42 74 3
50 118 3
106 239 3
114 213 3
88 138 3
28 306 3
144 229 3
205 245 3
59 237 3
177 198 3
44 315 3
3 262 3
13 121 3
46 114 3
13 330 3
34 140 3
109 331 3
14 121 3
127 262 3
260 265 3
55 157 3
93 215 3
38 294 3
249 279 3
262 305 3
6 114 3
41 228 3
44 180 3
40 265 3
15 59 3
229 301 3
19 229 3
30 82 3
59 113 3
109 259 3
250 305 3
62 203 3
20 111 3
47 311 3
173 255 3
24 330 3
59 167 3
114 227 3
117 158 3
21 153 3
60 105 3
1 279 3
50 259 3
21 130 3
181 224 3
52 197 3
97 267 3
1 31 3
170 229 3
9 255 3
81 121 3
227 245 3
178 277 3
105 307 3
185 244 3
16 180 3
152 183 3
79 322 3
213 268 3
31 160 3
230 315 3
82 145 3
112 114 3
83 191 3
30 91 3
76 287 3
114 260 3
135 259 3
141 323 3
1 25 3
321 322 3
176 304 3
122 307 3
97 126 3
201 332 3
129 182 3
28 59 3
52 164 3
29 96 3
229 231 3
6 220 3
208 229 3
91 227 3
80 181 3
54 332 3
41 327 3
69 114 3
157 250 3
59 154 3
195 229 3
143 303 3
23 297 3
148 230 3
53 62 3
129 298 3
93 309 3
229 312 3
30 250 3
73 250 3
59 325 3
113 209 3
56 59 3
176 268 3
216 220 3
92 114 3
47 323 3
96 309 3
87 223 3
114 148 3
13 289 3
242 324 3
131 249 3
117 163 3
36 163 3
27 329 3
52 85 3
56 232 3
36 161 3
93 162 3
43 232 3
175 199 3
43 274 3
138 284 3
199 292 3
240 299 3
59 182 3
255 310 3
81 275 3
52 131 3
114 277 3
47 69 3
46 141 3
52 292 3
114 172 3
190 221 3
41 188 3
229 321 3
114 234 3
114 326 3
96 205 3
132 323 3
119 163 3
106 127 3
52 251 3
114 315 3
259 332 3
249 315 3
22 183 3
160 299 3
123 277 3
82 229 3
13 19 3
129 160 3
87 198 3
59 228 3
52 172 3
47 292 3
114 287 3
49 310 3
52 278 3
161 297 3
114 163 3
91 118 3
114 274 3
190 246 3
210 255 3
59 172 3
248 280 3
67 229 3
39 93 3
316 328 3
114 280 3
213 229 3
7 168 3
47 288 3
50 225 3
41 76 3
133 238 3
22 59 3
52 115 3
159 265 3
154 180 3
127 235 3
220 224 3
114 124 3
118 332 3
100 122 3
30 174 3
143 310 3
114 160 3
124 192 3
6 182 3
26 250 3
224 247 3
136 209 3
260 277 3
52 304 3
3 16 3
114 327 3
219 302 3
72 289 3
125 157 3
43 257 3
17 97 3
125 247 3
68 95 3
46 144 3
16 56 3
30 283 3
97 209 3
120 235 3
125 252 3
45 191 3
42 157 3
1 200 3
52 309 3
78 257 3
52 77 3
20 300 3
200 232 3
59 64 3
190 224 3
14 114 3
99 196 3
22 197 3
17 120 3
169 227 3
123 295 3
25 140 3
16 241 3
231 250 3
30 260 3
183 241 3
238 257 3
59 211 3
45 267 3
97 191 3
266 323 3
52 212 3
37 167 3
96 238 3
52 271 3
97 219 3
105 314 3
30 247 3
92 204 3
110 190 3
176 229 3
106 114 3
78 245 3
264 280 3
113 326 3
125 250 3
37 154 3
166 255 3
93 109 3
114 132 3
189 272 3
110 249 3
98 200 3
133 284 3
50 145 3
232 261 3
49 122 3
43 277 3
114 216 3
72 150 3
143 267 3
257 271 3
93 259 3
38 187 3
213 331 3
9 59 3
189 289 3
61 138 3
206 246 3
146 211 3
114 250 3
135 257 3
76 97 3
12 262 3
88 97 3
56 204 3
23 101 3
232 235 3
77 176 3
59 317 3
21 30 3
13 114 3
50 295 3
59 292 3
94 165 3
168 272 3
166 251 3
154 271 3
10 114 3
274 294 3
1 315 3
25 255 3
97 177 3
52 92 3
52 253 3
67 321 3
52 294 3
22 73 3
191 203 3
114 149 3
114 229 3
178 220 3
114 177 3
1 257 3
43 66 3
248 304 3
59 114 3
288 300 3
59 91 3
3 321 3
71 100 3
59 95 3
59 279 3
43 227 3
88 308 3
102 290 3
158 230 3
52 224 3
104 121 3
115 230 3
199 276 3
68 277 3
129 303 3
59 169 3
74 93 3
281 312 3
114 131 3
73 164 3
47 168 3
209 308 3
140 181 3
4 229 3
112 305 3
82 245 3
50 136 3
99 259 3
246 329 3
32 216 3
30 203 3
62 229 3
32 97 3
100 198 3
26 267 3
232 296 3
98 132 3
44 283 3
59 275 3
14 93 3
150 192 3
189 252 3
192 229 3
98 160 3
93 187 3
91 292 3
28 179 3
47 329 3
12 229 3
52 149 3
52 302 3
196 305 3
52 234 3
52 80 3
28 197 3
157 213 3
11 114 3
52 200 3
93 196 3
229 239 3
19 191 3
114 219 3
257 289 3
183 196 3
114 118 3
95 180 3
254 312 3
52 219 3
114 185 3
191 285 3
120 250 3
229 258 3
41 50 3
17 249 3
153 232 3
191 274 3
19 279 3
45 152 3
52 287 3
139 229 3
54 59 3
140 228 3
40 49 3
5 43 3
277 282 3
64 152 3
52 332 3
267 276 3
114 202 3
135 152 3
14 52 3
126 280 3
255 314 3
95 316 3
128 234 3
203 206 3
64 260 3
134 227 3
59 178 3
21 160 3
189 259 3
114 214 3
41 234 3
114 157 3
144 181 3
114 171 3
99 110 3
19 61 3
194 201 3
52 241 3
114 243 3
52 272 3
114 241 3
127 319 3
1 188 3
4 115 3
13 93 3
94 114 3
138 165 3
47 95 3
132 315 3
