155 189 3
78 266 3
109 215 3
50 300 3
91 193 3
244 286 3
10 95 3
79 144 3
146 238 3
3 172 3
19 94 3
80 282 3
40 127 3
116 227 3
198 245 3
67 324 3
306 321 3
188 332 3
97 220 3
238 289 3
111 310 3
120 239 3
125 184 3
237 271 3
89 240 3
110 182 3
178 312 3
181 217 3
26 216 3
111 270 3
22 82 3
4 307 3
10 256 3
106 163 3
63 320 3
292 315 3
22 98 3
198 223 3
103 205 3
81 293 3
190 262 3
62 107 3
89 242 3
114 243 3
22 126 3
51 127 3
295 307 3
101 305 3
183 230 3
212 330 3
90 232 3
108 171 3
36 254 3
126 250 3
58 330 3
7 239 3
107 320 3
196 265 3
150 176 3
275 309 3
117 280 3
79 321 3
9 254 3
71 303 3
112 301 3
121 282 3
40 200 3
41 228 3
75 145 3
53 87 3
13 62 3
169 291 3
224 332 3
149 284 3
180 319 3
11 103 3
127 251 3
181 300 3
72 260 3
38 291 3
40 239 3
79 159 3
278 307 3
200 273 3
39 206 3
101 245 3
123 218 3
189 217 3
60 266 3
252 286 3
239 296 3
22 286 3
123 215 3
62 173 3
131 194 3
20 153 3
37 98 3
231 235 3
18 324 3
31 175 3
7 223 3
51 108 3
129 159 3
63 245 3
118 218 3
44 314 3
81 256 3
215 249 3
90 298 3
79 276 3
215 220 3
151 176 3
49 313 3
78 304 3
67 172 3
254 289 3
98 304 3
227 317 3
130 149 3
267 289 3
190 266 3
231 266 3
33 67 3
69 330 3
156 264 3
295 328 3
146 147 3
59 127 3
136 195 3
18 261 3
228 272 3
137 325 3
121 163 3
139 213 3
95 189 3
122 147 3
205 297 3
237 308 3
32 44 3
107 155 3
70 307 3
70 121 3
128 216 3
167 330 3
105 183 3
258 330 3
296 314 3
126 243 3
49 103 3
6 291 3
64 73 3
1 188 3
37 308 3
12 320 3
166 271 3
95 245 3
84 156 3
286 291 3
40 131 3
233 288 3
64 133 3
27 231 3
114 141 3
136 153 3
78 109 3
95 172 3
15 70 3
39 242 3
14 180 3
108 124 3
12 199 3
111 217 3
157 241 3
112 257 3
142 240 3
40 164 3
267 278 3
7 100 3
81 128 3
84 95 3
154 300 3
109 246 3
100 270 3
113 204 3
117 248 3
49 141 3
114 251 3
185 191 3
109 160 3
222 301 3
17 54 3
203 260 3
279 331 3
209 331 3
74 212 3
94 293 3
122 285 3
52 127 3
312 330 3
16 165 3
165 305 3
64 199 3
223 249 3
57 302 3
277 278 3
190 213 3
117 331 3
3 249 3
63 211 3
57 168 3
91 261 3
17 295 3
143 302 3
15 281 3
61 99 3
225 297 3
280 323 3
11 133 3
116 319 3
103 313 3
265 292 3
183 193 3
196 329 3
20 311 3
187 326 3
4 35 3
35 52 3
256 299 3
114 233 3
174 205 3
89 251 3
241 319 3
288 329 3
41 72 3
63 316 3
52 168 3
23 164 3
270 271 3
279 289 3
249 273 3
63 284 3
97 276 3
162 255 3
21 36 3
145 314 3
130 232 3
116 153 3
108 140 3
32 101 3
15 99 3
150 163 3
102 105 3
40 234 3
43 180 3
248 292 3
120 231 3
163 316 3
5 247 3
65 187 3
40 299 3
169 331 3
71 198 3
204 258 3
179 236 3
26 197 3
170 188 3
15 192 3
168 213 3
231 255 3
15 66 3
55 134 3
131 290 3
22 220 3
180 317 3
316 320 3
106 268 3
140 306 3
31 72 3
56 295 3
52 269 3
163 203 3
43 243 3
38 61 3
52 218 3
19 127 3
26 262 3
155 315 3
42 60 3
45 257 3
141 164 3
77 280 3
253 269 3
136 299 3
98 325 3
261 274 3
105 149 3
51 312 3
67 88 3
40 284 3
59 86 3
85 223 3
16 297 3
67 75 3
258 323 3
39 67 3
75 318 3
11 143 3
159 198 3
151 230 3
91 215 3
283 331 3
49 195 3
182 262 3
136 302 3
53 194 3
55 195 3
198 322 3
159 265 3
65 85 3
103 175 3
151 169 3
9 213 3
167 180 3
329 330 3
212 317 3
87 235 3
162 202 3
92 283 3
6 51 3
23 61 3
35 119 3
218 237 3
25 44 3
9 169 3
48 263 3
111 118 3
39 100 3
199 330 3
205 247 3
189 195 3
126 281 3
11 288 3
70 213 3
120 299 3
138 279 3
143 257 3
280 313 3
161 257 3
249 323 3
39 265 3
99 296 3
118 156 3
2 74 3
127 236 3
98 320 3
34 235 3
246 299 3
288 321 3
126 207 3
76 264 3
138 153 3
53 108 3
85 188 3
310 327 3
24 162 3
42 285 3
29 45 3
160 299 3
22 63 3
93 261 3
81 327 3
294 299 3
202 240 3
254 286 3
76 249 3
137 228 3
244 306 3
201 310 3
19 178 3
42 305 3
177 259 3
83 304 3
162 205 3
146 190 3
145 282 3
75 225 3
196 288 3
24 111 3
78 284 3
153 309 3
33 201 3
174 301 3
169 276 3
72 294 3
266 296 3
192 255 3
140 257 3
83 265 3
87 192 3
78 231 3
61 72 3
43 257 3
28 153 3
105 280 3
104 176 3
177 224 3
65 208 3
71 318 3
57 153 3
86 284 3
20 126 3
79 198 3
50 200 3
11 136 3
60 89 3
34 120 3
80 328 3
27 296 3
68 163 3
131 172 3
228 258 3
133 315 3
212 220 3
33 123 3
276 326 3
38 215 3
119 155 3
169 294 3
23 224 3
2 304 3
232 258 3
41 312 3
5 253 3
6 321 3
57 87 3
13 80 3
204 314 3
65 83 3
188 202 3
35 65 3
73 181 3
280 300 3
161 227 3
56 169 3
27 52 3
90 284 3
131 204 3
45 263 3
55 188 3
141 285 3
32 244 3
73 115 3
138 265 3
134 198 3
232 325 3
93 199 3
66 224 3
39 312 3
35 146 3
127 197 3
217 314 3
68 185 3
267 330 3
229 241 3
106 181 3
17 301 3
42 132 3
52 317 3
169 179 3
91 118 3
236 320 3
103 212 3
3 221 3
34 170 3
37 296 3
18 151 3
100 218 3
123 286 3
136 271 3
194 241 3
40 83 3
91 177 3
124 228 3
75 222 3
64 113 3
52 232 3
2 16 3
183 237 3
4 20 3
190 293 3
8 235 3
3 230 3
20 226 3
29 288 3
70 211 3
189 250 3
33 152 3
8 195 3
3 261 3
84 244 3
115 315 3
130 295 3
65 316 3
240 286 3
64 84 3
200 239 3
71 97 3
216 241 3
37 116 3
164 247 3
20 105 3
84 176 3
11 305 3
38 233 3
13 121 3
127 144 3
23 27 3
11 50 3
95 166 3
113 285 3
104 253 3
81 301 3
5 239 3
71 196 3
171 221 3
10 254 3
64 314 3
102 265 3
134 277 3
142 198 3
165 324 3
168 224 3
11 234 3
137 176 3
248 250 3
88 128 3
16 273 3
168 179 3
21 284 3
111 249 3
172 179 3
33 155 3
160 217 3
176 294 3
81 318 3
72 159 3
70 302 3
80 159 3
123 296 3
175 291 3
133 222 3
46 73 3
134 237 3
171 177 3
85 88 3
256 288 3
186 240 3
13 78 3
124 174 3
124 226 3
79 304 3
148 196 3
22 193 3
147 236 3
237 321 3
37 114 3
79 130 3
29 34 3
200 212 3
131 296 3
86 207 3
60 139 3
137 245 3
288 324 3
218 310 3
56 79 3
109 274 3
123 222 3
216 269 3
40 125 3
158 177 3
77 226 3
105 236 3
116 259 3
304 309 3
178 331 3
138 314 3
157 226 3
149 274 3
171 181 3
260 286 3
62 226 3
16 121 3
256 283 3
204 327 3
296 300 3
152 292 3
56 193 3
39 64 3
91 288 3
16 89 3
53 329 3
130 146 3
87 223 3
278 323 3
231 257 3
70 250 3
212 291 3
85 163 3
208 214 3
157 177 3
175 309 3
35 56 3
42 74 3
9 327 3
50 299 3
5 196 3
96 147 3
202 293 3
127 138 3
191 307 3
71 116 3
201 265 3
147 153 3
309 328 3
171 243 3
205 299 3
76 125 3
6 118 3
117 252 3
87 126 3
51 138 3
154 282 3
151 197 3
114 254 3
197 305 3
229 313 3
81 295 3
101 115 3
91 310 3
186 216 3
276 311 3
201 291 3
96 328 3
40 222 3
82 177 3
31 272 3
56 250 3
230 298 3
4 46 3
198 298 3
126 298 3
273 332 3
10 313 3
167 170 3
33 225 3
104 145 3
160 233 3
99 192 3
180 301 3
240 288 3
130 206 3
216 230 3
113 237 3
115 160 3
158 312 3
45 203 3
44 277 3
63 258 3
53 232 3
92 278 3
84 301 3
67 315 3
275 284 3
166 231 3
111 295 3
24 246 3
112 260 3
227 278 3
7 103 3
51 206 3
71 226 3
94 288 3
66 328 3
7 188 3
119 263 3
82 231 3
123 316 3
65 297 3
130 187 3
215 218 3
12 238 3
124 131 3
77 85 3
11 270 3
99 143 3
61 324 3
74 213 3
128 200 3
140 307 3
54 70 3
93 135 3
135 301 3
119 185 3
200 305 3
2 235 3
110 246 3
240 241 3
244 289 3
226 237 3
235 289 3
89 167 3
34 309 3
116 217 3
8 270 3
31 155 3
178 274 3
80 255 3
33 275 3
102 245 3
202 273 3
97 266 3
15 188 3
19 223 3
10 105 3
312 318 3
116 138 3
21 65 3
46 305 3
5 297 3
38 79 3
215 327 3
20 250 3
207 282 3
142 316 3
249 328 3
158 262 3
24 96 3
33 153 3
52 201 3
258 271 3
167 211 3
59 243 3
247 256 3
24 294 3
270 325 3
12 96 3
107 310 3
225 308 3
128 184 3
37 99 3
194 296 3
280 319 3
100 210 3
78 272 3
130 151 3
237 255 3
8 165 3
184 296 3
239 331 3
65 323 3
160 176 3
203 254 3
67 137 3
178 240 3
194 215 3
158 258 3
206 328 3
64 205 3
255 305 3
44 202 3
125 304 3
200 232 3
163 209 3
83 208 3
147 321 3
165 198 3
40 226 3
31 287 3
106 132 3
190 219 3
14 116 3
262 296 3
280 321 3
134 213 3
122 256 3
94 256 3
44 48 3
176 325 3
206 327 3
51 115 3
61 169 3
279 286 3
128 233 3
233 236 3
94 284 3
39 218 3
129 255 3
117 147 3
200 202 3
243 329 3
123 173 3
4 170 3
216 248 3
9 266 3
162 316 3
72 321 3
96 199 3
141 251 3
19 93 3
58 264 3
60 230 3
44 232 3
21 176 3
93 243 3
263 286 3
187 265 3
68 123 3
22 308 3
76 184 3
119 292 3
283 325 3
8 107 3
150 168 3
168 259 3
110 180 3
77 145 3
170 296 3
120 265 3
282 316 3
25 167 3
209 235 3
21 278 3
42 276 3
253 272 3
132 145 3
138 310 3
4 83 3
145 232 3
171 323 3
18 319 3
52 101 3
94 190 3
15 133 3
122 331 3
3 147 3
157 165 3
105 275 3
22 219 3
146 275 3
78 211 3
55 326 3
268 328 3
58 80 3
147 149 3
134 323 3
11 166 3
180 185 3
119 200 3
232 321 3
117 234 3
55 201 3
311 330 3
305 332 3
39 136 3
133 194 3
188 249 3
104 187 3
164 183 3
183 330 3
93 312 3
51 66 3
23 155 3
165 222 3
64 273 3
131 310 3
185 218 3
178 196 3
71 102 3
195 237 3
57 109 3
277 289 3
63 164 3
14 48 3
150 227 3
126 263 3
163 313 3
111 185 3
135 275 3
327 328 3
7 125 3
224 305 3
150 229 3
7 331 3
201 220 3
155 248 3
112 177 3
8 112 3
79 174 3
274 320 3
149 204 3
34 311 3
105 144 3
83 159 3
77 87 3
13 154 3
126 201 3
98 156 3
162 196 3
3 16 3
170 282 3
127 171 3
201 282 3
43 54 3
281 327 3
97 282 3
119 315 3
75 223 3
77 127 3
49 133 3
123 154 3
22 145 3
248 300 3
39 111 3
49 54 3
114 330 3
204 224 3
12 44 3
98 153 3
101 306 3
12 256 3
130 197 3
158 191 3
272 284 3
188 241 3
4 9 3
31 148 3
30 278 3
35 321 3
83 309 3
10 42 3
1 185 3
44 213 3
197 285 3
61 90 3
73 306 3
13 90 3
122 171 3
281 314 3
42 136 3
222 298 3
64 252 3
13 113 3
68 117 3
1 13 3
150 295 3
70 274 3
147 154 3
114 263 3
27 174 3
21 332 3
166 285 3
89 288 3
43 289 3
5 269 3
12 78 3
75 302 3
2 249 3
33 88 3
8 69 3
139 298 3
239 302 3
37 208 3
241 313 3
7 299 3
83 239 3
6 248 3
94 112 3
51 311 3
62 78 3
56 299 3
57 304 3
144 301 3
257 289 3
142 151 3
41 95 3
48 223 3
28 77 3
43 131 3
34 133 3
202 291 3
53 91 3
23 54 3
52 70 3
4 45 3
18 60 3
238 269 3
113 123 3
194 195 3
209 254 3
234 301 3
99 310 3
150 249 3
202 272 3
61 282 3
161 250 3
41 133 3
15 261 3
155 330 3
78 318 3
3 294 3
138 230 3
180 241 3
10 23 3
41 263 3
231 274 3
152 250 3
68 251 3
111 319 3
268 269 3
17 171 3
34 149 3
66 223 3
51 283 3
244 301 3
26 53 3
62 213 3
205 323 3
155 166 3
54 174 3
107 325 3
223 278 3
209 312 3
56 248 3
64 146 3
169 185 3
1 277 3
10 202 3
144 152 3
60 112 3
33 316 3
45 57 3
165 181 3
287 320 3
14 128 3
121 293 3
40 103 3
19 318 3
231 293 3
187 294 3
39 106 3
39 252 3
182 312 3
292 324 3
213 307 3
189 244 3
271 328 3
38 225 3
303 315 3
21 195 3
60 91 3
217 328 3
115 331 3
185 288 3
62 329 3
47 223 3
32 181 3
11 218 3
209 283 3
163 222 3
103 133 3
41 272 3
129 309 3
31 266 3
206 279 3
146 290 3
30 185 3
183 205 3
65 161 3
35 61 3
177 222 3
27 173 3
244 278 3
183 228 3
121 325 3
143 310 3
125 249 3
173 184 3
37 145 3
12 204 3
17 242 3
94 221 3
46 93 3
30 197 3
151 253 3
62 90 3
116 328 3
154 273 3
5 280 3
68 88 3
65 329 3
41 210 3
