161 171 1
161 271 1
44 161 1
17 161 1
161 187 1
107 161 1
46 161 1
161 217 1
116 171 1
161 255 1
60 161 1
119 187 1
87 187 1
116 161 1
82 161 1
30 161 1
45 161 1
29 116 1
44 194 1
161 274 1
131 161 1
39 271 1
161 188 1
119 268 1
161 264 1
161 201 1
224 268 1
187 231 1
48 161 1
72 161 1
60 79 1
161 265 1
40 161 1
146 255 1
53 161 1
25 171 1
84 268 1
199 271 1
43 268 1
25 33 1
229 268 1
116 147 1
30 246 1
73 161 1
168 201 1
139 161 1
161 194 1
161 198 1
161 186 1
187 220 1
29 102 1
132 199 1
143 161 1
130 271 1
43 161 1
161 199 1
161 227 1
4 161 1
83 161 1
21 217 1
76 161 1
47 199 1
182 201 1
112 139 1
139 175 1
161 175 1
201 270 1
13 161 1
161 253 1
10 25 1
116 274 1
107 247 1
95 161 1
128 194 1
161 181 1
98 161 1
161 163 1
112 273 1
119 211 1
114 161 1
161 246 1
8 30 1
29 225 1
159 217 1
235 246 1
153 161 1
72 224 1
43 258 1
161 260 1
161 164 1
141 161 1
161 241 1
31 45 1
16 25 1
26 43 1
30 93 1
51 268 1
161 215 1
119 171 1
74 201 1
8 199 1
176 241 1
28 161 1
44 90 1
199 211 1
132 136 1
29 208 1
133 217 1
30 83 1
24 161 1
187 233 1
93 122 1
85 161 1
112 235 1
71 128 1
124 161 1
123 161 1
48 112 1
111 161 1
76 149 1
57 161 1
162 201 1
161 208 1
148 194 1
27 161 1
133 161 1
156 161 1
173 187 1
203 247 1
5 234 1
164 235 1
11 161 1
91 246 1
81 112 1
161 237 1
61 148 1
37 208 1
55 161 1
108 258 1
161 200 1
63 139 1
161 247 1
9 43 1
187 244 1
21 234 1
4 169 1
101 233 1
33 132 1
119 131 1
61 161 1
63 105 1
14 161 1
84 259 1
21 45 1
161 205 1
120 161 1
20 247 1
57 168 1
50 107 1
34 119 1
233 247 1
30 247 1
65 161 1
127 161 1
175 176 1
189 201 1
116 166 1
158 161 1
139 216 1
45 147 1
79 138 1
69 120 1
28 205 1
245 268 1
88 161 1
143 248 1
28 127 1
72 214 1
161 244 1
92 161 1
29 224 1
25 81 1
161 170 1
194 256 1
30 191 1
161 236 1
168 249 1
44 244 1
103 194 1
23 161 1
52 161 1
17 234 1
161 252 1
246 262 1
84 247 1
74 217 1
76 171 1
140 271 1
43 205 1
110 161 1
161 193 1
73 231 1
136 268 1
161 211 1
29 237 1
115 264 1
14 216 1
108 268 1
152 161 1
256 268 1
131 234 1
30 175 1
132 182 1
7 268 1
247 256 1
64 161 1
30 218 1
130 163 1
24 95 1
31 161 1
101 268 1
154 203 1
7 194 1
58 271 1
108 238 1
237 270 1
13 119 1
169 256 1
146 241 1
45 68 1
138 169 1
161 214 1
83 246 1
112 135 1
139 244 1
120 184 1
56 161 1
58 119 1
161 261 1
161 172 1
161 267 1
139 197 1
95 168 1
23 199 1
112 252 1
103 144 1
92 139 1
161 243 1
96 247 1
58 254 1
112 221 1
194 243 1
161 178 1
161 222 1
9 30 1
137 194 1
51 185 1
128 161 1
154 161 1
208 216 1
185 194 1
5 30 1
116 160 1
54 214 1
71 161 1
21 126 1
161 168 1
124 268 1
169 194 1
161 183 1
126 161 1
164 201 1
116 193 1
11 43 1
192 217 1
37 194 1
112 166 1
115 171 1
81 229 1
201 265 1
19 30 1
3 161 1
37 48 1
145 208 1
132 161 1
165 268 1
202 211 1
161 229 1
162 194 1
214 235 1
144 161 1
84 187 1
17 187 1
227 268 1
89 256 1
93 161 1
95 152 1
47 244 1
126 140 1
174 198 1
139 260 1
168 256 1
37 70 1
199 268 1
45 59 1
161 210 1
84 209 1
4 139 1
117 161 1
200 217 1
35 161 1
183 198 1
41 128 1
161 190 1
83 95 1
199 220 1
147 161 1
91 106 1
61 272 1
68 268 1
6 235 1
37 132 1
161 269 1
180 201 1
124 187 1
161 189 1
30 187 1
154 273 1
108 256 1
161 228 1
105 139 1
21 262 1
68 161 1
225 235 1
208 257 1
105 183 1
73 139 1
169 217 1
30 165 1
254 268 1
81 161 1
122 171 1
61 143 1
161 180 1
84 161 1
15 217 1
47 126 1
103 161 1
25 258 1
160 180 1
72 213 1
99 182 1
108 242 1
77 161 1
119 210 1
151 235 1
232 243 1
103 211 1
16 108 1
117 216 1
41 161 1
214 263 1
101 161 1
30 52 1
247 251 1
216 263 1
98 187 1
22 161 1
48 239 1
51 237 1
139 259 1
33 168 1
88 139 1
125 161 1
221 224 1
29 81 1
161 165 1
250 264 1
35 91 1
187 267 1
140 161 1
116 263 1
45 273 1
120 203 1
120 146 1
161 248 1
90 252 1
193 267 1
65 201 1
156 224 1
68 208 1
161 223 1
112 116 1
10 140 1
98 266 1
109 217 1
119 252 1
43 111 1
51 210 1
161 195 1
168 248 1
63 83 1
161 216 1
17 229 1
194 253 1
112 184 1
139 274 1
17 226 1
93 156 1
30 250 1
73 256 1
196 236 1
30 139 1
161 270 1
161 230 1
73 236 1
208 232 1
49 144 1
182 192 1
15 118 1
163 268 1
21 41 1
205 216 1
30 262 1
199 212 1
5 194 1
165 175 1
12 25 1
53 193 1
201 236 1
79 247 1
114 122 1
67 72 1
134 264 1
48 191 1
94 260 1
161 234 1
223 256 1
35 60 1
94 139 1
161 191 1
96 161 1
161 242 1
161 207 1
91 161 1
44 156 1
169 234 1
166 268 1
189 238 1
4 59 1
193 243 1
187 207 1
247 274 1
143 158 1
81 236 1
90 101 1
161 251 1
199 228 1
10 235 1
10 254 1
95 216 1
55 246 1
161 167 1
9 220 1
160 161 1
189 224 1
204 268 1
26 137 1
233 238 1
148 161 1
95 252 1
52 147 1
97 169 1
201 224 1
7 217 1
28 247 1
92 103 1
114 217 1
8 119 1
112 138 1
41 73 1
52 85 1
41 96 1
172 182 1
216 235 1
13 156 1
127 199 1
72 99 1
79 158 1
66 208 1
59 161 1
70 161 1
70 246 1
161 212 1
49 161 1
149 161 1
95 242 1
9 17 1
169 270 1
143 170 1
45 222 1
142 213 1
97 268 1
78 235 1
184 212 1
161 231 1
79 259 1
103 108 1
11 199 1
214 272 1
134 199 1
130 161 1
31 210 1
242 247 1
214 273 1
19 161 1
22 236 1
64 199 1
24 89 1
89 224 1
111 187 1
161 258 1
173 247 1
4 217 1
138 206 1
15 161 1
175 246 1
104 211 1
129 186 1
24 217 1
25 268 1
9 12 1
268 275 1
95 230 1
44 136 1
45 236 1
30 127 1
161 192 1
5 217 1
2 161 1
63 145 1
12 236 1
166 192 1
165 166 1
46 85 1
58 250 1
201 268 1
141 189 1
108 194 1
95 137 1
52 175 1
8 157 1
224 259 1
44 93 1
25 186 1
15 268 1
15 126 1
187 217 1
30 195 1
182 187 1
169 184 1
161 166 1
106 260 1
83 152 1
166 250 1
168 184 1
45 91 1
222 258 1
111 268 1
30 172 1
161 169 1
91 120 1
6 124 1
161 275 1
107 192 1
78 164 1
57 112 1
215 268 1
161 262 1
37 187 1
108 187 1
34 161 1
119 153 1
159 194 1
96 253 1
83 121 1
112 125 1
138 178 1
156 229 1
51 246 1
20 161 1
35 137 1
61 173 1
219 256 1
221 252 1
21 161 1
166 275 1
51 84 1
37 217 1
100 116 1
73 167 1
102 161 1
80 139 1
58 156 1
34 271 1
121 161 1
240 262 1
161 209 1
99 119 1
187 241 1
110 180 1
90 271 1
46 119 1
109 199 1
34 246 1
80 161 1
89 91 1
73 118 1
163 187 1
116 243 1
36 71 1
65 268 1
161 235 1
194 242 1
18 187 1
206 273 1
102 271 1
158 201 1
30 65 1
161 218 1
266 268 1
51 260 1
61 211 1
46 216 1
40 63 1
224 266 1
193 230 1
29 161 1
42 158 1
112 146 1
36 201 1
22 128 1
117 182 1
64 211 1
172 272 1
135 156 1
180 187 1
11 17 1
46 82 1
113 186 1
50 101 1
156 194 1
226 268 1
26 149 1
165 187 1
104 127 1
15 182 1
161 213 1
81 151 1
58 165 1
150 217 1
51 130 1
91 146 1
40 187 1
118 160 1
61 257 1
25 260 1
145 194 1
151 182 1
130 207 1
143 177 1
19 128 1
139 255 1
75 161 1
94 161 1
91 124 1
50 187 1
97 242 1
83 116 1
132 165 1
4 104 1
95 172 1
145 199 1
201 234 1
64 187 1
71 201 1
139 247 1
42 235 1
185 248 1
100 161 1
65 211 1
57 95 1
55 139 1
108 264 1
44 139 1
268 269 1
161 206 1
21 139 1
35 84 1
74 211 1
7 72 1
180 199 1
133 139 1
227 247 1
150 268 1
18 139 1
122 201 1
54 175 1
29 194 1
161 257 1
73 247 1
53 156 1
37 268 1
161 162 1
16 194 1
138 161 1
11 273 1
28 52 1
54 139 1
30 66 1
161 224 1
51 127 1
26 112 1
48 247 1
53 204 1
103 202 1
69 161 1
94 108 1
102 268 1
66 161 1
152 267 1
49 187 1
107 180 1
27 108 1
17 120 1
44 149 1
155 170 1
137 176 1
108 185 1
61 125 1
44 256 1
187 247 1
37 184 1
83 91 1
176 223 1
16 116 1
206 268 1
94 179 1
189 217 1
52 71 1
179 210 1
28 139 1
186 215 1
10 111 1
44 107 1
116 195 1
