58 81 3
78 248 3
8 60 3
137 246 3
199 317 3
90 202 3
36 189 3
79 117 3
14 20 3
75 168 3
11 45 3
96 231 3
39 302 3
310 311 3
110 161 3
241 244 3
87 160 3
146 318 3
87 122 3
59 323 3
69 320 3
113 276 3
177 229 3
22 190 3
168 190 3
98 264 3
154 279 3
192 329 3
249 307 3
77 169 3
1 4 3
90 317 3
160 302 3
155 166 3
11 133 3
157 331 3
189 201 3
45 274 3
5 295 3
172 234 3
72 86 3
146 269 3
32 265 3
200 257 3
94 159 3
82 196 3
14 100 3
91 173 3
245 321 3
258 332 3
2 298 3
86 330 3
190 191 3
131 194 3
73 284 3
65 285 3
142 289 3
210 241 3
134 326 3
108 153 3
147 224 3
160 234 3
323 325 3
252 312 3
98 157 3
122 311 3
99 228 3
208 209 3
6 258 3
78 322 3
129 275 3
86 142 3
4 19 3
326 329 3
21 73 3
149 219 3
244 303 3
47 235 3
215 218 3
39 134 3
112 315 3
81 82 3
259 288 3
210 264 3
133 199 3
9 261 3
61 71 3
64 266 3
9 179 3
61 81 3
129 200 3
31 300 3
19 266 3
185 233 3
71 318 3
54 192 3
97 192 3
23 55 3
67 264 3
199 206 3
50 215 3
31 127 3
285 313 3
94 293 3
74 159 3
26 294 3
123 261 3
141 309 3
114 161 3
184 294 3
73 147 3
157 163 3
211 264 3
106 330 3
62 311 3
32 196 3
193 242 3
62 65 3
155 222 3
278 301 3
149 239 3
246 271 3
87 222 3
200 331 3
51 292 3
117 303 3
128 284 3
215 279 3
258 304 3
132 240 3
247 283 3
63 271 3
157 252 3
48 298 3
74 325 3
142 266 3
100 151 3
80 237 3
79 321 3
24 291 3
246 290 3
242 327 3
194 293 3
124 219 3
165 256 3
46 115 3
170 236 3
98 246 3
145 155 3
132 228 3
57 317 3
207 290 3
37 84 3
31 325 3
35 306 3
283 325 3
139 198 3
100 234 3
59 277 3
223 238 3
120 283 3
210 258 3
23 186 3
123 260 3
87 174 3
75 143 3
32 79 3
162 269 3
69 219 3
103 154 3
25 112 3
15 250 3
142 248 3
200 269 3
113 174 3
10 232 3
44 267 3
109 149 3
152 209 3
76 295 3
151 325 3
25 71 3
182 213 3
153 170 3
19 226 3
130 193 3
170 207 3
300 311 3
43 236 3
155 178 3
78 188 3
41 54 3
42 83 3
190 251 3
185 234 3
133 226 3
3 78 3
105 217 3
37 290 3
274 309 3
54 182 3
20 26 3
181 325 3
223 330 3
96 229 3
226 297 3
203 270 3
244 266 3
20 43 3
162 253 3
215 228 3
67 150 3
203 212 3
169 254 3
116 159 3
8 65 3
11 89 3
27 269 3
3 277 3
79 151 3
40 43 3
44 242 3
230 313 3
73 332 3
155 272 3
87 173 3
37 239 3
237 248 3
78 109 3
4 267 3
113 321 3
202 274 3
221 331 3
138 253 3
85 217 3
44 72 3
115 179 3
159 285 3
12 25 3
79 204 3
99 251 3
135 290 3
77 194 3
185 302 3
192 226 3
39 304 3
214 232 3
93 212 3
40 151 3
124 132 3
123 287 3
133 167 3
39 238 3
169 212 3
290 316 3
40 82 3
208 250 3
137 204 3
31 106 3
56 222 3
14 331 3
114 132 3
206 245 3
263 285 3
24 63 3
230 328 3
105 163 3
10 31 3
201 242 3
99 184 3
119 138 3
186 246 3
307 322 3
6 117 3
92 95 3
14 227 3
105 260 3
145 269 3
76 134 3
77 141 3
58 137 3
162 307 3
219 257 3
87 92 3
166 190 3
191 284 3
44 247 3
197 222 3
33 313 3
47 227 3
41 324 3
60 96 3
125 301 3
22 32 3
93 200 3
18 257 3
229 324 3
6 115 3
97 248 3
1 121 3
231 286 3
121 204 3
194 320 3
10 226 3
156 220 3
193 211 3
172 196 3
84 306 3
258 296 3
18 123 3
7 166 3
13 34 3
200 202 3
109 320 3
122 315 3
139 326 3
103 332 3
32 313 3
146 201 3
6 187 3
302 331 3
177 305 3
54 141 3
78 150 3
87 223 3
120 230 3
154 252 3
119 162 3
190 275 3
26 64 3
92 164 3
57 194 3
164 290 3
145 309 3
78 331 3
76 314 3
78 301 3
274 300 3
117 138 3
19 29 3
139 203 3
42 178 3
7 212 3
154 160 3
116 186 3
208 217 3
17 194 3
100 321 3
134 151 3
76 228 3
132 309 3
20 223 3
191 307 3
112 293 3
232 307 3
60 98 3
237 290 3
139 169 3
163 219 3
242 279 3
46 324 3
8 154 3
62 239 3
28 309 3
103 195 3
124 247 3
15 332 3
266 306 3
147 205 3
85 99 3
145 298 3
196 255 3
255 301 3
11 132 3
61 252 3
52 330 3
71 297 3
59 124 3
86 132 3
20 247 3
109 144 3
108 161 3
14 158 3
81 282 3
80 85 3
45 48 3
149 164 3
118 219 3
6 229 3
66 169 3
86 148 3
33 117 3
95 156 3
76 207 3
95 101 3
121 129 3
201 238 3
236 315 3
215 236 3
264 294 3
232 240 3
57 259 3
145 315 3
94 240 3
182 294 3
109 305 3
9 267 3
10 61 3
56 103 3
123 136 3
151 257 3
251 308 3
45 154 3
259 291 3
142 309 3
141 217 3
293 319 3
193 195 3
131 286 3
92 102 3
135 326 3
69 121 3
2 101 3
25 330 3
133 157 3
147 227 3
66 309 3
22 202 3
80 139 3
116 200 3
8 142 3
22 252 3
112 246 3
217 297 3
65 318 3
119 308 3
16 312 3
187 233 3
117 184 3
193 257 3
72 316 3
87 293 3
137 208 3
195 234 3
101 208 3
17 230 3
29 69 3
38 274 3
180 254 3
164 238 3
160 214 3
59 282 3
56 229 3
265 291 3
159 216 3
45 63 3
131 207 3
23 263 3
176 259 3
125 134 3
275 276 3
150 304 3
11 107 3
166 191 3
71 281 3
108 274 3
204 224 3
21 86 3
44 199 3
26 205 3
179 250 3
53 88 3
30 300 3
226 315 3
28 205 3
27 148 3
96 302 3
40 312 3
123 205 3
71 90 3
32 195 3
67 98 3
175 183 3
7 41 3
146 211 3
66 245 3
73 128 3
96 297 3
102 200 3
306 321 3
147 268 3
42 116 3
81 283 3
15 73 3
25 205 3
67 143 3
56 240 3
53 150 3
10 59 3
110 156 3
176 270 3
65 68 3
248 284 3
80 270 3
69 71 3
217 243 3
204 256 3
206 252 3
187 284 3
156 199 3
9 211 3
143 186 3
169 195 3
98 255 3
32 254 3
191 253 3
207 240 3
43 175 3
112 255 3
102 312 3
142 243 3
166 239 3
14 78 3
217 291 3
157 264 3
62 293 3
86 103 3
167 174 3
89 297 3
138 271 3
112 121 3
247 328 3
91 271 3
289 302 3
13 188 3
255 324 3
230 250 3
8 263 3
218 307 3
67 159 3
27 295 3
140 300 3
49 307 3
141 266 3
63 331 3
71 183 3
30 319 3
98 221 3
77 306 3
9 190 3
82 181 3
183 331 3
190 330 3
181 225 3
247 327 3
289 303 3
110 194 3
162 256 3
84 316 3
67 95 3
86 315 3
169 264 3
72 266 3
68 152 3
160 262 3
241 328 3
30 178 3
28 239 3
7 287 3
172 281 3
142 173 3
34 158 3
81 251 3
65 210 3
241 299 3
77 295 3
230 286 3
263 302 3
90 273 3
231 268 3
180 250 3
33 76 3
127 319 3
82 298 3
188 254 3
13 27 3
198 208 3
13 323 3
77 120 3
200 280 3
83 295 3
24 113 3
36 286 3
82 309 3
232 295 3
132 244 3
277 331 3
126 207 3
183 208 3
11 290 3
38 50 3
257 302 3
235 315 3
247 274 3
34 311 3
194 221 3
116 244 3
152 306 3
118 307 3
128 332 3
126 291 3
155 258 3
249 258 3
134 260 3
183 215 3
27 119 3
87 193 3
60 317 3
226 280 3
10 178 3
71 111 3
161 228 3
45 208 3
90 148 3
86 199 3
161 214 3
50 124 3
86 177 3
229 300 3
113 279 3
72 305 3
78 231 3
165 290 3
311 315 3
80 157 3
268 320 3
68 151 3
115 163 3
195 230 3
200 205 3
6 96 3
28 220 3
33 55 3
284 316 3
253 263 3
64 244 3
155 295 3
240 322 3
172 224 3
218 329 3
125 303 3
41 264 3
14 192 3
76 306 3
164 280 3
173 259 3
201 285 3
66 259 3
50 153 3
73 210 3
232 274 3
306 317 3
156 226 3
213 247 3
18 117 3
7 243 3
94 142 3
48 253 3
28 123 3
191 226 3
319 322 3
117 194 3
103 107 3
120 259 3
152 330 3
51 332 3
191 316 3
24 266 3
157 209 3
180 245 3
11 94 3
171 236 3
24 218 3
51 76 3
222 260 3
161 169 3
30 314 3
150 300 3
119 240 3
89 257 3
32 62 3
108 289 3
102 202 3
273 299 3
25 323 3
78 100 3
258 293 3
122 241 3
94 116 3
44 319 3
17 286 3
177 193 3
179 324 3
3 332 3
23 65 3
31 212 3
59 254 3
88 276 3
260 307 3
136 284 3
133 297 3
177 303 3
58 212 3
72 298 3
204 327 3
115 264 3
77 227 3
108 320 3
30 325 3
15 319 3
14 270 3
146 188 3
233 328 3
131 255 3
186 207 3
91 206 3
96 318 3
268 296 3
153 307 3
222 287 3
25 321 3
101 153 3
135 180 3
89 127 3
209 327 3
141 223 3
264 286 3
78 259 3
128 186 3
181 313 3
233 306 3
71 138 3
6 322 3
101 296 3
159 307 3
103 185 3
257 295 3
97 123 3
104 211 3
223 313 3
31 126 3
57 123 3
120 236 3
90 316 3
84 167 3
67 70 3
60 310 3
204 299 3
66 225 3
144 182 3
119 287 3
82 246 3
36 211 3
98 235 3
167 241 3
135 292 3
257 271 3
95 268 3
171 296 3
130 184 3
173 175 3
152 196 3
232 319 3
38 217 3
131 139 3
28 250 3
93 193 3
224 331 3
16 149 3
126 235 3
256 260 3
115 194 3
49 104 3
67 209 3
220 312 3
62 116 3
152 231 3
133 303 3
90 137 3
188 268 3
135 228 3
185 241 3
103 248 3
64 132 3
38 177 3
294 298 3
79 104 3
76 127 3
127 204 3
14 113 3
183 228 3
2 327 3
46 127 3
182 224 3
79 216 3
32 117 3
134 221 3
49 272 3
71 243 3
112 281 3
247 329 3
162 270 3
75 237 3
64 121 3
28 96 3
55 210 3
49 243 3
131 288 3
22 96 3
57 311 3
21 94 3
10 154 3
201 314 3
145 202 3
233 271 3
13 105 3
174 229 3
42 223 3
11 25 3
40 65 3
234 282 3
34 284 3
129 157 3
214 305 3
27 245 3
289 307 3
66 208 3
157 187 3
20 96 3
32 87 3
120 315 3
162 205 3
122 125 3
106 136 3
120 299 3
15 153 3
172 250 3
143 201 3
53 228 3
27 55 3
41 184 3
174 227 3
23 234 3
125 143 3
136 250 3
224 261 3
39 249 3
64 185 3
103 314 3
71 329 3
256 321 3
124 168 3
51 140 3
25 271 3
42 86 3
65 239 3
50 212 3
80 324 3
113 125 3
54 168 3
42 197 3
80 96 3
79 114 3
95 184 3
182 255 3
11 105 3
163 178 3
133 148 3
7 317 3
70 157 3
48 142 3
97 229 3
21 228 3
9 53 3
20 314 3
61 220 3
179 316 3
61 292 3
62 164 3
243 306 3
6 317 3
168 267 3
3 82 3
300 319 3
9 125 3
56 308 3
204 266 3
73 206 3
1 100 3
119 258 3
65 314 3
100 160 3
80 300 3
30 39 3
243 265 3
192 249 3
47 169 3
4 250 3
301 304 3
236 309 3
16 132 3
201 284 3
3 276 3
102 326 3
171 276 3
141 258 3
235 240 3
5 203 3
149 152 3
263 308 3
65 144 3
69 229 3
197 313 3
137 292 3
173 227 3
45 268 3
15 270 3
8 320 3
40 264 3
100 178 3
189 332 3
7 193 3
202 245 3
156 273 3
51 313 3
46 124 3
20 194 3
34 175 3
217 245 3
231 309 3
139 166 3
9 103 3
62 80 3
257 272 3
48 161 3
87 256 3
46 160 3
251 316 3
232 318 3
29 286 3
148 197 3
49 230 3
242 265 3
62 140 3
120 241 3
262 305 3
192 327 3
190 271 3
49 57 3
115 137 3
96 290 3
175 224 3
3 142 3
78 241 3
32 293 3
157 269 3
99 317 3
8 306 3
35 169 3
67 330 3
74 291 3
179 265 3
36 285 3
84 157 3
66 99 3
115 209 3
37 273 3
19 270 3
197 231 3
134 302 3
55 68 3
29 38 3
127 327 3
61 315 3
124 309 3
19 302 3
161 223 3
257 284 3
8 152 3
28 137 3
106 142 3
13 298 3
99 282 3
236 295 3
180 205 3
96 155 3
54 272 3
103 266 3
85 180 3
223 246 3
184 313 3
142 192 3
116 327 3
13 146 3
68 202 3
102 214 3
33 200 3
83 269 3
162 263 3
61 178 3
1 5 3
107 151 3
186 250 3
20 111 3
92 140 3
203 251 3
117 233 3
245 286 3
262 328 3
131 284 3
53 63 3
15 264 3
15 172 3
2 203 3
197 264 3
99 201 3
184 249 3
85 166 3
225 308 3
99 176 3
143 328 3
96 215 3
65 240 3
11 112 3
115 325 3
47 164 3
7 256 3
130 313 3
177 257 3
61 275 3
244 297 3
111 271 3
200 276 3
96 275 3
39 168 3
194 230 3
34 328 3
194 245 3
60 175 3
95 305 3
56 167 3
61 93 3
41 311 3
137 282 3
97 101 3
113 207 3
291 313 3
70 153 3
76 157 3
111 189 3
145 306 3
184 218 3
164 258 3
60 230 3
146 258 3
205 318 3
159 184 3
48 278 3
82 258 3
250 275 3
102 282 3
60 69 3
139 262 3
132 257 3
215 243 3
33 189 3
137 307 3
232 326 3
54 300 3
49 145 3
119 253 3
130 277 3
24 327 3
245 282 3
76 82 3
177 224 3
31 292 3
156 213 3
18 287 3
137 233 3
90 197 3
9 171 3
2 226 3
193 322 3
38 307 3
5 94 3
54 291 3
290 314 3
48 202 3
43 183 3
74 283 3
139 314 3
