76 259 4
39 336 4
235 256 4
29 170 4
23 218 4
165 193 4
167 293 4
95 210 4
210 316 4
79 201 4
209 287 4
189 199 4
29 110 4
38 164 4
20 75 4
152 327 4
25 297 4
191 337 4
52 223 4
133 365 4
74 249 4
58 354 4
107 198 4
57 153 4
43 353 4
193 329 4
26 253 4
152 281 4
7 193 4
212 319 4
138 280 4
219 364 4
246 268 4
126 190 4
246 297 4
62 315 4
129 303 4
119 235 4
135 328 4
234 348 4
7 175 4
254 260 4
97 201 4
28 175 4
103 185 4
240 296 4
99 351 4
59 93 4
231 282 4
219 241 4
190 219 4
39 280 4
34 184 4
10 273 4
53 256 4
60 244 4
122 132 4
14 319 4
128 229 4
23 98 4
29 313 4
103 263 4
47 71 4
161 302 4
21 36 4
212 239 4
127 282 4
100 278 4
217 242 4
110 269 4
45 189 4
311 328 4
233 281 4
96 324 4
57 101 4
48 176 4
73 142 4
207 212 4
3 119 4
139 205 4
52 95 4
12 70 4
178 347 4
86 168 4
277 280 4
104 354 4
9 321 4
49 189 4
64 289 4
24 341 4
151 177 4
10 128 4
280 335 4
91 222 4
29 118 4
123 229 4
169 298 4
38 191 4
336 359 4
123 251 4
169 327 4
340 354 4
94 177 4
157 220 4
214 252 4
83 181 4
38 365 4
9 92 4
26 313 4
54 99 4
20 123 4
234 291 4
9 116 4
21 345 4
143 166 4
128 287 4
3 332 4
159 179 4
13 117 4
330 336 4
208 264 4
47 358 4
196 264 4
59 290 4
157 200 4
35 322 4
233 325 4
242 248 4
76 268 4
278 298 4
102 199 4
60 105 4
165 275 4
281 340 4
287 310 4
243 302 4
41 209 4
108 292 4
236 350 4
70 89 4
123 199 4
27 66 4
140 331 4
272 307 4
219 290 4
26 204 4
52 321 4
187 273 4
219 230 4
209 245 4
163 182 4
64 86 4
12 222 4
149 171 4
54 259 4
218 252 4
73 301 4
212 317 4
259 266 4
118 190 4
169 322 4
221 273 4
151 277 4
185 198 4
4 65 4
41 224 4
126 303 4
216 287 4
92 195 4
248 364 4
42 273 4
114 134 4
142 209 4
18 166 4
35 135 4
204 356 4
148 320 4
105 357 4
166 314 4
56 354 4
24 50 4
2 172 4
1 265 4
150 320 4
191 305 4
130 228 4
71 361 4
13 271 4
236 306 4
148 283 4
201 352 4
8 294 4
91 103 4
51 364 4
112 256 4
161 267 4
118 337 4
121 267 4
72 206 4
3 356 4
27 363 4
61 298 4
11 354 4
215 295 4
130 328 4
201 257 4
194 360 4
249 347 4
45 294 4
141 360 4
213 321 4
42 292 4
1 22 4
104 150 4
106 263 4
141 290 4
160 258 4
170 222 4
151 246 4
76 266 4
334 337 4
214 222 4
252 328 4
65 105 4
157 180 4
135 262 4
61 360 4
82 118 4
278 360 4
231 315 4
6 75 4
234 239 4
152 321 4
96 258 4
171 359 4
158 330 4
6 196 4
159 243 4
314 347 4
185 280 4
138 176 4
11 198 4
128 170 4
165 336 4
97 259 4
114 171 4
44 321 4
40 276 4
135 195 4
169 188 4
326 362 4
193 209 4
24 86 4
43 337 4
124 322 4
157 262 4
132 167 4
151 301 4
179 352 4
83 157 4
72 327 4
27 254 4
62 350 4
256 303 4
106 119 4
135 172 4
35 123 4
146 364 4
41 177 4
175 301 4
23 54 4
185 254 4
39 246 4
178 232 4
26 274 4
7 345 4
45 317 4
64 106 4
58 301 4
54 111 4
163 245 4
282 342 4
280 281 4
91 180 4
13 354 4
26 67 4
68 279 4
308 313 4
10 120 4
237 340 4
203 300 4
247 320 4
75 251 4
44 243 4
97 132 4
351 353 4
269 342 4
256 327 4
141 241 4
38 311 4
121 186 4
12 253 4
11 91 4
157 258 4
129 188 4
25 132 4
120 143 4
62 328 4
6 217 4
40 304 4
103 348 4
25 136 4
251 351 4
26 184 4
120 184 4
4 129 4
197 240 4
314 331 4
206 207 4
29 122 4
26 310 4
110 145 4
72 87 4
206 360 4
78 201 4
34 237 4
58 183 4
7 125 4
44 89 4
284 308 4
128 208 4
83 287 4
16 292 4
105 223 4
132 283 4
214 308 4
53 228 4
6 358 4
124 255 4
1 201 4
34 90 4
129 329 4
92 135 4
89 192 4
31 223 4
66 167 4
88 216 4
205 231 4
1 15 4
145 203 4
88 283 4
52 202 4
101 140 4
208 263 4
48 265 4
156 194 4
284 298 4
81 158 4
111 246 4
329 333 4
130 333 4
90 240 4
275 351 4
106 346 4
250 351 4
183 326 4
291 337 4
111 219 4
61 84 4
66 131 4
17 278 4
315 324 4
116 196 4
87 363 4
53 108 4
78 331 4
112 294 4
203 317 4
57 98 4
140 240 4
115 364 4
157 335 4
11 40 4
123 138 4
128 260 4
145 310 4
172 269 4
2 151 4
76 237 4
57 186 4
22 344 4
263 273 4
190 214 4
167 344 4
42 328 4
119 326 4
156 275 4
252 352 4
181 285 4
67 105 4
11 75 4
246 249 4
34 279 4
47 305 4
270 361 4
232 306 4
74 129 4
263 270 4
34 128 4
242 361 4
52 226 4
13 73 4
18 57 4
325 360 4
26 237 4
99 312 4
36 347 4
7 249 4
15 245 4
53 341 4
284 297 4
5 338 4
104 299 4
194 325 4
62 258 4
190 344 4
259 309 4
52 326 4
11 315 4
12 187 4
36 110 4
128 190 4
91 130 4
134 162 4
10 186 4
195 306 4
161 167 4
3 321 4
158 327 4
150 276 4
31 276 4
219 254 4
289 305 4
236 296 4
248 315 4
42 117 4
49 363 4
197 227 4
127 360 4
193 358 4
238 244 4
90 191 4
103 250 4
46 260 4
211 252 4
121 170 4
58 339 4
31 262 4
323 363 4
4 249 4
57 262 4
103 311 4
54 329 4
142 238 4
15 191 4
122 252 4
70 312 4
34 172 4
136 196 4
66 98 4
22 292 4
275 360 4
349 362 4
38 313 4
197 320 4
99 216 4
201 310 4
161 364 4
164 359 4
235 293 4
49 185 4
122 254 4
53 155 4
60 305 4
182 347 4
3 95 4
61 108 4
54 91 4
69 186 4
284 311 4
256 341 4
176 194 4
31 311 4
187 238 4
6 265 4
21 343 4
87 316 4
10 232 4
84 213 4
191 235 4
272 355 4
17 352 4
44 81 4
75 323 4
77 169 4
145 241 4
51 332 4
30 334 4
81 216 4
263 345 4
279 298 4
58 229 4
19 346 4
159 239 4
121 251 4
85 214 4
72 111 4
248 288 4
172 362 4
205 341 4
130 137 4
154 177 4
206 244 4
16 122 4
20 113 4
26 52 4
9 166 4
27 255 4
185 204 4
89 243 4
305 327 4
107 359 4
90 281 4
262 354 4
250 334 4
99 237 4
78 105 4
309 321 4
2 65 4
28 114 4
80 141 4
140 149 4
29 245 4
83 233 4
167 213 4
209 228 4
185 222 4
275 316 4
194 361 4
163 171 4
99 303 4
15 318 4
260 261 4
28 261 4
17 55 4
9 215 4
148 191 4
55 71 4
233 344 4
137 210 4
73 202 4
22 346 4
179 353 4
40 158 4
33 342 4
42 313 4
49 207 4
133 359 4
68 159 4
167 187 4
13 282 4
7 28 4
140 239 4
64 349 4
11 265 4
48 113 4
98 286 4
35 273 4
74 334 4
1 122 4
108 126 4
43 213 4
24 93 4
182 345 4
160 166 4
133 349 4
235 355 4
9 161 4
224 285 4
50 352 4
123 162 4
34 101 4
125 317 4
65 285 4
187 256 4
342 363 4
4 19 4
28 210 4
169 189 4
209 328 4
46 192 4
96 338 4
238 313 4
38 215 4
87 171 4
201 350 4
235 306 4
142 257 4
207 359 4
233 249 4
85 209 4
88 303 4
204 228 4
88 115 4
16 84 4
50 187 4
145 264 4
137 159 4
92 253 4
319 351 4
32 186 4
337 361 4
112 137 4
163 285 4
35 152 4
103 176 4
41 360 4
279 321 4
127 301 4
1 77 4
51 142 4
41 263 4
113 252 4
36 234 4
219 365 4
31 354 4
41 96 4
59 265 4
35 235 4
62 269 4
164 186 4
137 238 4
92 261 4
151 197 4
152 218 4
330 360 4
227 259 4
92 202 4
31 325 4
87 237 4
178 283 4
118 330 4
233 323 4
192 229 4
268 347 4
145 153 4
146 289 4
17 41 4
15 168 4
232 294 4
11 258 4
283 326 4
9 176 4
162 206 4
91 333 4
202 293 4
8 102 4
224 330 4
26 144 4
214 350 4
1 126 4
130 271 4
203 289 4
3 360 4
5 354 4
72 226 4
201 246 4
89 114 4
209 308 4
11 234 4
33 303 4
40 70 4
96 350 4
61 179 4
129 274 4
163 254 4
292 331 4
159 311 4
130 218 4
206 223 4
144 320 4
58 100 4
257 323 4
42 267 4
131 191 4
262 318 4
49 170 4
288 302 4
65 227 4
25 253 4
219 318 4
8 168 4
164 194 4
78 161 4
77 283 4
18 88 4
61 75 4
9 187 4
89 229 4
280 333 4
51 229 4
278 289 4
225 277 4
196 200 4
144 347 4
220 356 4
54 284 4
216 275 4
113 293 4
70 246 4
87 267 4
20 333 4
154 218 4
28 306 4
74 360 4
125 277 4
200 280 4
37 192 4
117 293 4
79 155 4
71 298 4
125 202 4
52 273 4
34 77 4
36 103 4
303 322 4
246 289 4
98 322 4
41 78 4
95 208 4
7 36 4
315 332 4
3 263 4
71 198 4
276 352 4
58 225 4
62 265 4
182 230 4
170 215 4
206 306 4
9 263 4
143 254 4
156 243 4
43 320 4
137 196 4
220 288 4
186 200 4
98 295 4
127 246 4
225 232 4
95 142 4
51 289 4
162 260 4
64 337 4
68 278 4
76 326 4
103 232 4
21 109 4
63 315 4
121 203 4
257 340 4
91 125 4
54 217 4
97 245 4
105 238 4
21 24 4
1 303 4
131 197 4
103 163 4
230 260 4
72 221 4
303 363 4
15 75 4
22 46 4
195 223 4
86 224 4
197 348 4
106 233 4
94 113 4
202 331 4
222 274 4
46 211 4
176 280 4
42 77 4
278 358 4
349 363 4
52 270 4
285 343 4
81 127 4
306 321 4
221 303 4
98 192 4
203 330 4
297 353 4
134 190 4
10 99 4
55 104 4
18 309 4
42 231 4
94 200 4
92 148 4
241 361 4
200 218 4
18 280 4
277 298 4
30 293 4
132 184 4
27 119 4
107 148 4
14 339 4
81 353 4
72 91 4
73 135 4
108 365 4
171 258 4
257 262 4
98 132 4
258 297 4
172 349 4
6 339 4
35 141 4
266 329 4
76 275 4
47 57 4
118 239 4
87 226 4
198 216 4
9 332 4
116 288 4
66 280 4
163 355 4
103 304 4
143 151 4
116 307 4
73 304 4
213 328 4
9 205 4
135 326 4
48 126 4
323 361 4
61 263 4
242 347 4
5 176 4
298 334 4
15 341 4
78 152 4
302 318 4
120 220 4
28 206 4
118 144 4
80 100 4
356 362 4
146 317 4
131 328 4
183 364 4
318 343 4
243 324 4
111 194 4
20 219 4
100 360 4
234 252 4
129 243 4
245 348 4
54 86 4
67 229 4
224 229 4
220 365 4
145 220 4
42 228 4
108 226 4
85 225 4
159 178 4
63 100 4
119 269 4
4 281 4
170 206 4
255 298 4
84 191 4
194 337 4
39 276 4
57 197 4
51 173 4
258 278 4
57 214 4
73 195 4
64 141 4
232 240 4
126 192 4
50 98 4
195 219 4
141 304 4
79 151 4
123 332 4
272 299 4
21 218 4
114 130 4
134 237 4
26 286 4
134 206 4
83 92 4
264 280 4
155 187 4
212 337 4
13 261 4
70 265 4
65 115 4
40 322 4
63 143 4
79 106 4
353 362 4
126 183 4
101 259 4
55 78 4
317 342 4
116 269 4
44 167 4
87 255 4
298 353 4
227 365 4
251 353 4
264 365 4
52 361 4
13 251 4
58 149 4
111 356 4
117 136 4
294 351 4
67 97 4
6 100 4
48 274 4
91 215 4
75 302 4
38 119 4
234 264 4
131 308 4
51 175 4
126 245 4
241 301 4
28 291 4
43 163 4
28 99 4
91 166 4
124 154 4
172 265 4
62 172 4
194 319 4
108 356 4
33 312 4
179 311 4
209 310 4
75 310 4
70 360 4
11 295 4
2 38 4
45 278 4
40 72 4
233 253 4
190 193 4
116 312 4
126 361 4
140 160 4
143 174 4
119 249 4
14 92 4
64 323 4
115 224 4
84 234 4
45 86 4
14 329 4
130 221 4
24 258 4
314 317 4
138 317 4
148 190 4
78 344 4
41 251 4
178 289 4
61 191 4
73 181 4
148 353 4
232 296 4
32 221 4
241 317 4
45 138 4
125 153 4
30 105 4
73 232 4
267 306 4
88 240 4
148 317 4
66 188 4
259 300 4
169 320 4
126 241 4
192 273 4
122 285 4
196 197 4
153 204 4
73 254 4
33 225 4
14 120 4
143 329 4
269 351 4
102 282 4
48 306 4
170 234 4
129 184 4
105 354 4
195 230 4
22 286 4
194 205 4
82 200 4
36 353 4
108 342 4
10 298 4
25 311 4
129 353 4
146 171 4
247 314 4
87 361 4
7 223 4
196 327 4
25 52 4
248 337 4
103 133 4
233 303 4
269 271 4
248 347 4
92 257 4
20 282 4
62 137 4
85 190 4
276 365 4
137 243 4
51 345 4
175 307 4
69 358 4
256 316 4
330 359 4
141 197 4
103 353 4
157 334 4
282 350 4
298 304 4
8 220 4
144 317 4
198 338 4
285 337 4
114 166 4
145 272 4
164 213 4
11 290 4
205 266 4
226 240 4
72 316 4
115 360 4
175 328 4
216 328 4
244 324 4
149 252 4
100 178 4
87 208 4
64 355 4
179 212 4
142 234 4
89 356 4
1 354 4
13 194 4
310 323 4
111 331 4
16 225 4
247 325 4
188 345 4
246 303 4
9 172 4
37 153 4
14 83 4
216 250 4
141 294 4
26 341 4
15 229 4
33 242 4
265 356 4
13 258 4
292 337 4
171 197 4
294 316 4
293 310 4
231 302 4
117 324 4
130 146 4
53 99 4
14 27 4
40 193 4
56 60 4
92 111 4
10 297 4
139 174 4
76 151 4
2 124 4
180 320 4
130 172 4
100 248 4
132 170 4
93 248 4
185 238 4
69 283 4
83 290 4
2 117 4
229 289 4
348 355 4
65 83 4
133 206 4
67 312 4
160 295 4
99 134 4
86 265 4
178 268 4
145 204 4
107 272 4
62 88 4
46 120 4
224 261 4
125 180 4
24 204 4
193 342 4
59 63 4
195 258 4
16 322 4
116 199 4
2 332 4
88 215 4
174 288 4
126 322 4
121 318 4
72 89 4
135 208 4
104 191 4
63 358 4
197 285 4
143 318 4
81 205 4
30 68 4
24 34 4
45 232 4
104 140 4
46 255 4
177 191 4
204 219 4
172 359 4
83 324 4
224 243 4
68 274 4
19 266 4
187 303 4
154 329 4
292 312 4
14 168 4
259 321 4
58 95 4
182 234 4
129 161 4
43 336 4
189 362 4
246 356 4
52 262 4
130 294 4
38 177 4
54 195 4
240 360 4
189 206 4
135 261 4
120 132 4
144 205 4
70 299 4
201 252 4
224 361 4
15 194 4
11 38 4
75 341 4
58 126 4
244 294 4
55 105 4
165 281 4
333 356 4
96 179 4
230 356 4
5 361 4
168 266 4
196 237 4
32 200 4
115 180 4
84 194 4
75 262 4
11 154 4
255 311 4
186 227 4
110 233 4
194 206 4
46 58 4
107 253 4
55 110 4
7 306 4
263 349 4
29 163 4
13 112 4
13 49 4
290 310 4
78 144 4
12 343 4
216 266 4
93 289 4
33 128 4
13 325 4
62 295 4
71 183 4
168 237 4
234 277 4
129 262 4
132 198 4
66 180 4
267 355 4
45 181 4
125 192 4
32 80 4
3 93 4
125 220 4
92 141 4
22 232 4
203 359 4
5 261 4
246 288 4
156 293 4
57 215 4
110 346 4
175 311 4
160 270 4
221 340 4
6 37 4
85 223 4
69 315 4
87 250 4
226 236 4
25 150 4
227 314 4
200 266 4
122 289 4
146 216 4
52 335 4
79 329 4
32 332 4
248 310 4
165 236 4
241 279 4
137 259 4
18 19 4
86 104 4
4 268 4
31 349 4
153 344 4
211 352 4
191 301 4
139 166 4
98 135 4
119 190 4
213 279 4
85 157 4
12 161 4
13 75 4
252 271 4
268 269 4
45 289 4
65 248 4
48 152 4
200 232 4
134 188 4
123 244 4
44 324 4
56 261 4
143 178 4
82 174 4
56 315 4
273 295 4
307 326 4
39 270 4
213 306 4
193 230 4
33 76 4
138 307 4
290 325 4
132 225 4
90 139 4
35 325 4
194 202 4
68 234 4
275 289 4
17 204 4
35 253 4
145 292 4
49 304 4
274 299 4
66 211 4
348 364 4
138 364 4
137 204 4
163 284 4
120 228 4
96 356 4
244 322 4
76 318 4
160 329 4
352 361 4
255 347 4
102 178 4
35 206 4
51 144 4
100 142 4
90 163 4
88 121 4
16 357 4
282 332 4
144 235 4
