170 214 2
27 113 2
71 98 2
211 248 2
51 150 2
279 301 2
65 158 2
94 254 2
78 272 2
22 29 2
2 286 2
67 95 2
82 93 2
6 58 2
83 265 2
209 252 2
176 235 2
62 274 2
4 6 2
153 182 2
54 157 2
149 212 2
221 242 2
163 189 2
16 184 2
17 217 2
9 165 2
81 258 2
84 88 2
11 170 2
46 219 2
117 222 2
150 176 2
151 193 2
70 181 2
235 301 2
147 224 2
143 144 2
2 87 2
29 102 2
185 243 2
45 116 2
196 249 2
34 300 2
8 280 2
21 201 2
13 227 2
72 242 2
130 188 2
67 222 2
198 220 2
119 299 2
64 138 2
148 259 2
139 285 2
19 247 2
58 225 2
63 171 2
61 254 2
202 229 2
68 98 2
249 292 2
110 187 2
61 298 2
14 282 2
60 209 2
56 197 2
26 261 2
191 284 2
27 104 2
49 267 2
43 187 2
105 106 2
54 55 2
163 255 2
229 281 2
49 226 2
156 218 2
110 277 2
121 149 2
208 254 2
28 149 2
51 261 2
105 147 2
32 208 2
173 296 2
215 254 2
56 179 2
16 232 2
108 178 2
87 182 2
104 230 2
8 18 2
84 117 2
230 294 2
235 245 2
136 260 2
89 92 2
8 193 2
38 239 2
99 107 2
29 48 2
18 207 2
33 103 2
136 211 2
16 208 2
8 295 2
243 302 2
22 23 2
12 114 2
46 252 2
83 254 2
2 41 2
7 174 2
108 233 2
27 44 2
71 215 2
75 232 2
175 277 2
109 262 2
83 167 2
75 122 2
62 172 2
74 194 2
84 187 2
33 205 2
157 231 2
115 232 2
197 286 2
125 236 2
92 280 2
2 150 2
46 224 2
20 231 2
96 190 2
126 177 2
52 247 2
222 249 2
7 21 2
88 113 2
14 205 2
118 131 2
170 232 2
60 62 2
213 296 2
184 302 2
31 271 2
1 12 2
231 252 2
29 44 2
116 155 2
166 220 2
99 166 2
85 103 2
184 195 2
85 190 2
5 208 2
73 215 2
234 273 2
132 145 2
12 266 2
144 232 2
42 143 2
243 292 2
69 271 2
33 185 2
121 250 2
46 218 2
111 130 2
18 293 2
20 206 2
75 226 2
210 289 2
140 298 2
126 259 2
220 282 2
121 137 2
147 176 2
87 263 2
30 165 2
54 197 2
172 212 2
142 257 2
87 253 2
82 105 2
99 243 2
8 15 2
22 215 2
16 301 2
50 258 2
29 141 2
18 150 2
108 148 2
11 104 2
135 155 2
44 205 2
25 43 2
111 298 2
75 295 2
213 233 2
174 220 2
193 245 2
131 243 2
180 208 2
46 196 2
67 207 2
18 54 2
84 166 2
159 185 2
174 294 2
36 74 2
33 60 2
29 116 2
108 168 2
79 101 2
36 272 2
278 296 2
124 163 2
68 217 2
110 302 2
112 206 2
127 174 2
111 290 2
138 161 2
102 173 2
135 235 2
48 232 2
95 161 2
154 259 2
173 187 2
165 229 2
87 163 2
77 286 2
152 285 2
184 261 2
56 186 2
86 138 2
8 73 2
145 249 2
46 232 2
15 164 2
178 244 2
36 209 2
37 58 2
207 293 2
217 245 2
67 103 2
51 301 2
150 179 2
33 58 2
109 217 2
113 194 2
52 119 2
264 300 2
193 263 2
44 276 2
52 221 2
215 261 2
249 255 2
14 243 2
152 256 2
157 218 2
56 155 2
232 268 2
299 302 2
108 290 2
98 213 2
264 299 2
214 259 2
175 260 2
149 301 2
146 199 2
58 217 2
155 167 2
3 168 2
105 154 2
122 259 2
69 177 2
35 111 2
105 109 2
31 92 2
214 243 2
187 209 2
99 202 2
157 165 2
9 271 2
114 153 2
66 207 2
59 169 2
171 232 2
33 227 2
20 44 2
89 291 2
98 218 2
20 123 2
151 206 2
111 117 2
91 296 2
23 290 2
92 187 2
60 143 2
196 295 2
98 171 2
35 58 2
157 288 2
79 204 2
18 223 2
6 122 2
9 37 2
103 129 2
4 57 2
165 279 2
65 121 2
141 158 2
51 247 2
26 193 2
2 219 2
172 183 2
14 241 2
168 205 2
106 224 2
239 246 2
24 63 2
31 242 2
41 98 2
154 159 2
44 134 2
14 162 2
170 196 2
1 246 2
24 114 2
116 136 2
17 240 2
251 285 2
187 255 2
117 174 2
58 290 2
10 110 2
49 121 2
40 218 2
87 196 2
67 131 2
27 78 2
223 290 2
247 290 2
59 166 2
9 300 2
172 248 2
12 154 2
197 266 2
22 135 2
66 244 2
31 184 2
70 290 2
73 97 2
161 266 2
201 290 2
188 239 2
183 210 2
72 174 2
182 239 2
67 106 2
78 128 2
20 260 2
39 294 2
28 171 2
11 93 2
42 112 2
97 275 2
69 109 2
70 169 2
67 230 2
58 164 2
253 265 2
44 124 2
32 281 2
3 98 2
84 130 2
39 173 2
147 209 2
28 174 2
39 77 2
186 265 2
80 237 2
186 283 2
3 147 2
230 256 2
11 212 2
91 162 2
133 273 2
3 283 2
109 285 2
98 190 2
111 269 2
229 257 2
175 256 2
129 252 2
91 292 2
69 133 2
23 111 2
25 253 2
206 258 2
165 253 2
39 214 2
24 184 2
4 169 2
184 277 2
280 286 2
94 165 2
89 246 2
47 118 2
40 175 2
30 65 2
198 263 2
96 285 2
6 46 2
5 261 2
123 160 2
144 294 2
40 158 2
145 221 2
127 131 2
198 295 2
141 218 2
79 264 2
118 257 2
19 134 2
94 145 2
214 241 2
74 218 2
77 284 2
174 231 2
29 297 2
18 86 2
125 136 2
176 279 2
4 44 2
103 241 2
18 296 2
70 78 2
32 280 2
111 185 2
28 48 2
203 262 2
266 276 2
175 247 2
46 48 2
77 173 2
38 259 2
92 172 2
81 267 2
122 148 2
248 268 2
59 259 2
136 263 2
26 240 2
167 211 2
49 214 2
236 249 2
171 199 2
41 222 2
143 268 2
14 87 2
42 122 2
133 270 2
48 293 2
96 138 2
59 168 2
81 226 2
16 42 2
41 59 2
223 281 2
25 249 2
132 182 2
273 301 2
78 191 2
39 219 2
125 156 2
195 230 2
197 247 2
23 235 2
116 242 2
71 107 2
149 175 2
28 190 2
84 190 2
167 228 2
4 175 2
134 189 2
54 160 2
130 132 2
46 170 2
46 199 2
275 293 2
91 235 2
111 169 2
106 167 2
227 235 2
99 213 2
82 238 2
269 288 2
20 211 2
21 133 2
20 83 2
135 154 2
177 285 2
220 264 2
7 151 2
116 139 2
204 279 2
71 143 2
10 237 2
236 248 2
156 168 2
30 249 2
13 92 2
109 215 2
44 224 2
4 129 2
61 283 2
138 235 2
99 263 2
109 152 2
103 265 2
79 247 2
13 164 2
173 221 2
165 248 2
105 113 2
18 134 2
59 107 2
145 271 2
66 215 2
10 42 2
67 70 2
20 203 2
2 280 2
151 299 2
87 100 2
29 111 2
176 274 2
42 93 2
143 289 2
247 257 2
97 272 2
76 153 2
77 218 2
121 291 2
129 281 2
28 46 2
45 198 2
198 248 2
21 244 2
46 105 2
39 157 2
133 215 2
126 172 2
3 268 2
156 259 2
210 252 2
228 284 2
2 102 2
197 221 2
176 291 2
14 47 2
57 164 2
77 137 2
103 181 2
142 181 2
11 33 2
52 156 2
52 181 2
34 120 2
8 27 2
233 284 2
6 81 2
201 233 2
221 301 2
43 74 2
232 292 2
285 288 2
117 153 2
62 255 2
240 295 2
25 92 2
141 251 2
127 181 2
192 300 2
160 197 2
22 139 2
26 128 2
58 220 2
216 226 2
276 297 2
205 259 2
239 286 2
136 189 2
51 248 2
44 86 2
176 186 2
68 132 2
14 246 2
204 258 2
113 241 2
96 263 2
223 252 2
169 286 2
209 278 2
82 251 2
36 203 2
152 184 2
38 272 2
17 21 2
102 283 2
64 166 2
129 275 2
289 297 2
71 250 2
9 188 2
61 281 2
8 271 2
202 252 2
176 177 2
156 255 2
54 124 2
275 289 2
237 258 2
8 253 2
276 290 2
37 51 2
23 154 2
146 164 2
7 234 2
92 192 2
152 242 2
171 209 2
70 157 2
28 158 2
12 244 2
63 282 2
63 266 2
35 300 2
42 220 2
193 250 2
28 298 2
179 228 2
19 87 2
20 23 2
18 111 2
215 257 2
83 260 2
114 163 2
17 150 2
89 141 2
26 119 2
88 152 2
82 184 2
85 301 2
31 224 2
190 251 2
26 115 2
42 127 2
146 201 2
65 216 2
257 277 2
29 55 2
24 202 2
43 164 2
68 290 2
137 282 2
62 153 2
19 236 2
58 242 2
247 266 2
190 289 2
12 57 2
27 255 2
89 155 2
109 168 2
34 63 2
19 115 2
42 62 2
14 104 2
203 301 2
169 183 2
19 136 2
252 299 2
89 215 2
242 278 2
200 296 2
224 287 2
139 249 2
10 112 2
70 246 2
145 262 2
184 204 2
1 197 2
3 201 2
171 193 2
26 81 2
20 188 2
137 175 2
15 263 2
48 254 2
236 245 2
220 245 2
166 191 2
55 175 2
300 301 2
143 242 2
123 259 2
43 257 2
15 45 2
155 207 2
214 236 2
97 231 2
101 253 2
233 265 2
62 278 2
216 297 2
81 213 2
45 267 2
41 253 2
192 264 2
184 218 2
12 224 2
24 172 2
24 268 2
177 229 2
157 257 2
208 273 2
202 257 2
14 168 2
80 175 2
7 91 2
219 236 2
171 278 2
122 181 2
17 142 2
11 198 2
21 57 2
119 226 2
44 82 2
249 272 2
204 259 2
124 227 2
77 107 2
126 274 2
90 301 2
51 96 2
89 284 2
10 257 2
190 260 2
76 276 2
27 85 2
81 171 2
103 289 2
4 146 2
66 251 2
22 114 2
150 237 2
247 256 2
9 70 2
97 225 2
66 274 2
152 192 2
200 255 2
107 212 2
85 180 2
110 183 2
51 262 2
62 188 2
35 192 2
101 208 2
17 138 2
120 287 2
64 251 2
238 260 2
132 160 2
129 243 2
47 82 2
138 153 2
223 291 2
28 172 2
30 290 2
215 222 2
49 255 2
102 254 2
53 239 2
170 270 2
219 221 2
156 234 2
63 174 2
12 225 2
140 257 2
1 165 2
1 221 2
151 210 2
179 221 2
77 248 2
164 298 2
160 212 2
250 262 2
162 300 2
129 198 2
117 168 2
43 97 2
214 270 2
157 281 2
111 136 2
119 301 2
37 110 2
260 299 2
217 244 2
160 295 2
12 17 2
62 276 2
172 255 2
120 190 2
231 286 2
214 251 2
68 140 2
230 276 2
46 176 2
272 285 2
80 266 2
20 241 2
70 178 2
35 37 2
46 63 2
49 265 2
3 23 2
24 255 2
192 211 2
72 175 2
137 283 2
123 277 2
221 248 2
93 215 2
171 202 2
138 178 2
53 190 2
207 226 2
85 267 2
227 270 2
155 248 2
44 222 2
157 291 2
216 291 2
35 271 2
14 263 2
82 208 2
175 232 2
43 295 2
230 268 2
43 171 2
127 153 2
118 133 2
58 260 2
85 112 2
3 4 2
156 157 2
67 292 2
144 260 2
101 104 2
183 271 2
8 201 2
53 125 2
27 93 2
118 293 2
20 160 2
159 170 2
285 291 2
242 288 2
44 68 2
47 51 2
70 204 2
59 201 2
42 271 2
15 67 2
146 285 2
151 249 2
181 301 2
206 275 2
88 89 2
108 196 2
52 246 2
228 278 2
38 261 2
82 167 2
26 215 2
95 126 2
24 115 2
81 152 2
147 207 2
94 146 2
25 55 2
25 90 2
113 119 2
54 284 2
168 257 2
205 281 2
143 215 2
53 107 2
29 167 2
131 180 2
192 247 2
41 90 2
96 187 2
150 181 2
209 270 2
134 174 2
