43 275 1
51 229 1
28 218 1
77 166 1
4 87 1
191 215 1
69 199 1
51 227 1
89 159 1
37 59 1
67 218 1
16 145 1
75 220 1
230 244 1
170 248 1
167 170 1
170 220 1
74 120 1
73 163 1
43 117 1
32 160 1
83 134 1
184 252 1
65 186 1
99 219 1
1 163 1
16 194 1
32 268 1
112 261 1
84 236 1
33 130 1
202 250 1
226 246 1
152 265 1
196 268 1
33 80 1
166 176 1
39 152 1
101 227 1
47 94 1
94 199 1
117 209 1
241 261 1
97 261 1
103 221 1
58 135 1
32 227 1
178 213 1
90 155 1
44 75 1
76 234 1
12 31 1
69 119 1
163 222 1
133 169 1
244 268 1
103 202 1
88 238 1
44 223 1
62 146 1
46 119 1
158 272 1
27 95 1
51 181 1
61 95 1
132 172 1
47 162 1
165 183 1
107 222 1
111 152 1
80 104 1
59 121 1
83 182 1
147 225 1
182 208 1
227 247 1
51 129 1
77 224 1
151 224 1
135 161 1
245 266 1
57 169 1
116 153 1
58 136 1
46 63 1
13 19 1
26 133 1
77 84 1
92 100 1
33 273 1
4 184 1
225 234 1
10 50 1
188 233 1
199 200 1
47 118 1
52 189 1
215 218 1
149 167 1
106 231 1
71 243 1
124 248 1
78 252 1
56 68 1
54 240 1
217 238 1
166 244 1
73 130 1
92 260 1
87 169 1
60 81 1
126 215 1
31 132 1
176 220 1
56 175 1
4 6 1
7 142 1
118 251 1
32 236 1
14 62 1
4 271 1
116 251 1
46 49 1
138 245 1
185 208 1
31 245 1
122 166 1
22 95 1
29 39 1
74 236 1
80 214 1
232 239 1
86 92 1
75 198 1
136 275 1
147 211 1
139 187 1
62 263 1
109 112 1
21 199 1
106 194 1
84 142 1
104 113 1
132 257 1
29 56 1
92 119 1
12 208 1
75 249 1
24 26 1
23 171 1
106 162 1
169 177 1
33 169 1
157 238 1
19 38 1
89 178 1
20 196 1
123 172 1
30 34 1
62 131 1
100 237 1
180 248 1
32 131 1
207 221 1
157 268 1
106 195 1
151 251 1
96 144 1
184 211 1
26 79 1
80 125 1
22 167 1
152 215 1
62 144 1
152 244 1
123 206 1
179 251 1
55 159 1
1 187 1
68 90 1
145 195 1
120 262 1
70 234 1
130 141 1
43 46 1
48 208 1
122 251 1
69 150 1
89 190 1
36 212 1
211 240 1
92 118 1
172 267 1
178 250 1
49 64 1
194 245 1
108 135 1
38 205 1
178 218 1
59 141 1
144 220 1
188 218 1
133 271 1
63 93 1
98 181 1
98 215 1
92 116 1
31 107 1
6 263 1
37 161 1
7 221 1
81 230 1
144 266 1
162 209 1
47 97 1
74 143 1
138 240 1
86 113 1
55 147 1
175 244 1
112 149 1
183 227 1
91 240 1
104 211 1
96 248 1
140 193 1
246 255 1
150 245 1
36 267 1
178 190 1
128 133 1
57 249 1
19 265 1
86 136 1
137 225 1
61 257 1
10 164 1
126 165 1
252 254 1
226 230 1
72 246 1
21 51 1
47 217 1
173 208 1
75 83 1
92 274 1
55 80 1
217 221 1
28 226 1
82 175 1
41 215 1
113 203 1
2 103 1
53 234 1
159 253 1
61 201 1
130 233 1
129 223 1
5 26 1
32 87 1
30 252 1
55 56 1
236 271 1
2 186 1
175 235 1
216 238 1
75 174 1
20 153 1
76 224 1
111 205 1
49 108 1
7 114 1
6 135 1
10 61 1
37 244 1
14 248 1
27 273 1
69 110 1
175 222 1
21 74 1
181 258 1
166 231 1
57 185 1
9 109 1
96 134 1
90 118 1
27 108 1
108 168 1
36 144 1
9 13 1
34 162 1
187 255 1
86 271 1
168 201 1
37 259 1
150 202 1
83 214 1
47 264 1
243 274 1
20 209 1
116 163 1
182 223 1
14 189 1
102 267 1
34 156 1
68 262 1
42 173 1
47 189 1
124 136 1
82 172 1
107 108 1
46 98 1
86 191 1
35 244 1
84 263 1
76 244 1
27 28 1
93 175 1
40 43 1
194 225 1
57 198 1
17 116 1
215 230 1
30 242 1
64 111 1
138 170 1
112 218 1
10 92 1
61 75 1
45 158 1
165 200 1
104 111 1
162 191 1
107 197 1
205 267 1
56 127 1
49 225 1
155 243 1
149 164 1
104 121 1
258 259 1
201 274 1
242 246 1
45 211 1
132 179 1
173 190 1
84 240 1
5 228 1
71 157 1
3 149 1
161 197 1
5 227 1
228 268 1
73 153 1
13 96 1
207 246 1
177 213 1
25 213 1
222 268 1
26 33 1
205 248 1
57 92 1
44 169 1
61 116 1
78 209 1
119 238 1
7 222 1
119 234 1
214 271 1
31 35 1
114 160 1
5 97 1
94 168 1
114 274 1
87 183 1
16 59 1
259 265 1
115 158 1
53 179 1
151 256 1
138 269 1
95 145 1
213 215 1
31 103 1
11 85 1
65 244 1
1 221 1
168 218 1
40 93 1
126 158 1
173 275 1
61 264 1
33 53 1
24 212 1
105 174 1
192 242 1
44 164 1
135 263 1
91 101 1
63 165 1
229 253 1
31 253 1
52 125 1
91 146 1
28 217 1
93 94 1
78 153 1
82 262 1
82 257 1
186 198 1
32 267 1
30 75 1
17 155 1
87 132 1
251 259 1
194 236 1
82 102 1
91 133 1
103 113 1
100 197 1
17 192 1
15 246 1
221 248 1
28 233 1
155 230 1
90 138 1
23 119 1
54 213 1
13 176 1
186 271 1
28 256 1
109 261 1
62 270 1
94 188 1
81 258 1
149 162 1
52 108 1
9 121 1
12 227 1
40 253 1
63 90 1
97 179 1
109 116 1
79 178 1
106 256 1
36 241 1
244 269 1
41 238 1
207 228 1
57 189 1
34 218 1
214 237 1
60 202 1
90 245 1
161 163 1
68 252 1
41 223 1
155 216 1
26 110 1
158 270 1
30 93 1
61 124 1
24 164 1
23 230 1
231 269 1
21 179 1
51 234 1
129 140 1
170 261 1
58 96 1
146 163 1
186 246 1
80 218 1
63 105 1
52 57 1
21 139 1
87 262 1
233 262 1
21 93 1
88 265 1
138 199 1
101 215 1
267 270 1
200 239 1
204 222 1
115 126 1
82 192 1
57 254 1
63 260 1
188 201 1
6 151 1
188 238 1
137 215 1
95 106 1
112 183 1
96 187 1
196 197 1
65 126 1
67 202 1
28 271 1
30 148 1
65 110 1
111 166 1
50 195 1
27 107 1
32 251 1
40 257 1
147 270 1
118 131 1
101 242 1
73 177 1
99 153 1
3 268 1
40 59 1
68 204 1
206 228 1
40 249 1
17 237 1
82 212 1
11 109 1
43 261 1
17 177 1
25 40 1
32 171 1
158 271 1
211 273 1
27 68 1
186 212 1
181 226 1
109 148 1
78 170 1
143 214 1
230 270 1
76 256 1
43 267 1
61 86 1
230 252 1
154 262 1
34 269 1
28 185 1
30 60 1
116 249 1
26 86 1
63 267 1
87 251 1
22 252 1
164 190 1
35 165 1
64 263 1
13 48 1
26 265 1
2 164 1
20 148 1
81 198 1
52 104 1
140 167 1
77 226 1
16 193 1
45 94 1
70 102 1
67 266 1
108 137 1
25 158 1
12 129 1
142 221 1
212 247 1
8 90 1
27 135 1
57 114 1
166 259 1
124 160 1
114 209 1
126 226 1
129 196 1
48 231 1
114 265 1
98 126 1
98 274 1
160 226 1
106 163 1
99 244 1
77 251 1
65 88 1
154 179 1
138 145 1
181 221 1
138 154 1
171 240 1
25 157 1
160 204 1
26 132 1
194 229 1
16 152 1
104 188 1
241 266 1
18 210 1
241 246 1
31 62 1
59 93 1
80 86 1
31 230 1
137 244 1
33 61 1
208 217 1
57 244 1
22 65 1
215 269 1
18 22 1
121 230 1
73 210 1
227 264 1
159 229 1
198 220 1
133 136 1
37 221 1
143 212 1
73 128 1
189 263 1
195 257 1
7 190 1
29 163 1
34 254 1
120 148 1
55 75 1
146 264 1
24 134 1
93 182 1
15 239 1
3 100 1
147 192 1
197 235 1
202 211 1
184 199 1
115 166 1
270 273 1
35 80 1
26 59 1
23 68 1
122 206 1
76 97 1
111 272 1
86 203 1
50 178 1
57 94 1
117 149 1
222 248 1
184 228 1
136 148 1
139 259 1
26 253 1
137 258 1
12 39 1
79 193 1
61 123 1
34 78 1
65 76 1
30 161 1
84 144 1
87 114 1
112 141 1
113 230 1
173 206 1
33 194 1
70 97 1
11 83 1
174 231 1
148 273 1
59 130 1
147 207 1
222 244 1
148 274 1
16 260 1
71 82 1
129 222 1
183 235 1
118 212 1
48 88 1
19 269 1
61 181 1
168 228 1
79 226 1
40 85 1
161 187 1
129 168 1
10 40 1
127 269 1
207 209 1
212 217 1
1 32 1
48 120 1
118 217 1
42 106 1
1 182 1
188 242 1
140 181 1
12 136 1
51 90 1
221 250 1
113 237 1
247 256 1
30 107 1
117 236 1
58 192 1
173 224 1
58 220 1
52 220 1
50 162 1
68 94 1
6 50 1
186 230 1
145 197 1
112 243 1
125 188 1
86 238 1
177 218 1
206 209 1
51 202 1
118 167 1
64 260 1
195 218 1
160 163 1
198 246 1
64 89 1
139 265 1
53 221 1
91 245 1
126 212 1
79 250 1
1 193 1
136 146 1
214 260 1
73 151 1
56 210 1
91 151 1
128 129 1
190 251 1
3 50 1
18 137 1
140 244 1
94 104 1
59 228 1
106 221 1
158 252 1
160 264 1
144 180 1
130 202 1
134 172 1
216 262 1
161 221 1
75 266 1
41 196 1
230 264 1
124 232 1
77 126 1
106 263 1
93 170 1
