1 158 4
1 169 4
1 252 4
2 121 4
2 219 4
3 85 4
3 103 4
3 149 4
3 164 4
3 280 4
4 43 4
4 172 4
4 330 4
5 39 4
5 81 4
6 13 4
6 106 4
6 156 4
6 214 4
6 221 4
6 283 4
7 92 4
7 96 4
7 97 4
8 97 4
8 120 4
8 128 4
8 295 4
9 111 4
10 16 4
10 166 4
10 219 4
11 50 4
11 261 4
12 102 4
12 129 4
12 143 4
12 293 4
13 68 4
13 155 4
14 80 4
14 306 4
15 103 4
15 262 4
16 39 4
16 106 4
16 259 4
16 269 4
16 322 4
17 273 4
18 166 4
18 178 4
18 324 4
19 226 4
19 232 4
20 97 4
20 290 4
21 62 4
21 133 4
21 228 4
21 275 4
22 30 4
22 43 4
22 273 4
22 299 4
23 94 4
23 105 4
24 82 4
24 92 4
24 167 4
24 180 4
24 195 4
25 30 4
25 61 4
25 134 4
25 250 4
25 293 4
26 58 4
26 102 4
26 106 4
26 242 4
26 284 4
26 294 4
27 153 4
27 215 4
28 151 4
28 158 4
28 174 4
28 239 4
29 74 4
30 57 4
30 152 4
30 232 4
30 238 4
30 269 4
30 284 4
31 93 4
31 101 4
31 120 4
31 142 4
31 187 4
32 57 4
32 87 4
32 167 4
32 252 4
32 263 4
33 88 4
33 140 4
33 165 4
33 214 4
34 53 4
34 173 4
34 179 4
34 243 4
34 283 4
34 327 4
35 44 4
35 52 4
35 64 4
35 89 4
36 118 4
36 232 4
36 300 4
37 59 4
37 144 4
37 177 4
38 221 4
39 136 4
39 168 4
39 170 4
39 197 4
40 126 4
40 128 4
40 193 4
40 216 4
40 221 4
40 240 4
41 45 4
41 126 4
41 165 4
41 241 4
41 252 4
41 282 4
42 61 4
42 98 4
42 239 4
43 123 4
43 127 4
44 201 4
44 266 4
44 309 4
44 330 4
45 249 4
45 262 4
45 296 4
45 307 4
47 61 4
47 69 4
47 200 4
48 75 4
48 189 4
49 59 4
49 160 4
49 165 4
49 273 4
49 279 4
49 299 4
50 88 4
50 108 4
50 167 4
50 212 4
50 219 4
50 251 4
51 75 4
51 116 4
51 199 4
51 272 4
52 85 4
52 160 4
53 144 4
54 77 4
54 203 4
54 228 4
54 234 4
54 296 4
55 93 4
55 170 4
55 178 4
55 256 4
55 302 4
56 65 4
56 147 4
56 178 4
56 250 4
56 260 4
56 312 4
56 315 4
57 106 4
57 220 4
57 244 4
57 255 4
57 269 4
57 291 4
58 88 4
58 116 4
58 228 4
58 327 4
59 311 4
60 98 4
60 144 4
61 138 4
61 147 4
61 179 4
62 124 4
62 140 4
62 173 4
62 219 4
62 329 4
64 148 4
64 158 4
65 136 4
65 222 4
65 233 4
65 272 4
66 67 4
66 73 4
66 249 4
67 73 4
67 223 4
68 187 4
68 203 4
69 223 4
69 264 4
70 219 4
70 264 4
70 304 4
71 172 4
71 190 4
72 132 4
73 126 4
74 177 4
74 314 4
75 174 4
76 79 4
76 81 4
76 190 4
76 250 4
76 267 4
76 275 4
76 284 4
77 103 4
78 115 4
78 164 4
78 244 4
78 296 4
79 124 4
79 265 4
80 139 4
80 147 4
80 156 4
80 174 4
80 248 4
81 97 4
81 147 4
81 152 4
81 177 4
81 304 4
82 150 4
82 238 4
84 312 4
85 109 4
85 117 4
85 154 4
85 229 4
85 271 4
85 315 4
86 178 4
86 282 4
87 161 4
88 94 4
88 133 4
89 114 4
89 149 4
89 153 4
89 278 4
90 231 4
90 307 4
90 316 4
91 106 4
91 108 4
91 203 4
92 101 4
92 238 4
92 279 4
92 292 4
93 255 4
94 100 4
94 267 4
95 101 4
95 109 4
95 111 4
95 160 4
95 212 4
96 245 4
96 313 4
97 111 4
97 206 4
97 320 4
98 150 4
98 205 4
99 257 4
99 303 4
100 154 4
101 160 4
101 255 4
102 208 4
102 229 4
102 265 4
102 323 4
104 204 4
104 226 4
104 272 4
105 136 4
105 202 4
105 226 4
105 258 4
105 322 4
106 198 4
106 295 4
107 115 4
107 226 4
107 311 4
108 129 4
108 209 4
108 250 4
109 136 4
109 182 4
109 219 4
110 141 4
110 212 4
110 270 4
110 292 4
110 305 4
111 135 4
111 182 4
111 201 4
111 237 4
114 128 4
114 227 4
115 131 4
115 328 4
116 124 4
116 324 4
117 149 4
117 165 4
117 297 4
118 185 4
119 234 4
119 269 4
120 145 4
120 237 4
120 247 4
120 261 4
121 224 4
121 232 4
123 202 4
124 169 4
124 225 4
125 297 4
126 153 4
126 232 4
126 248 4
126 311 4
128 216 4
129 171 4
129 177 4
129 257 4
129 280 4
130 309 4
131 194 4
132 235 4
132 277 4
132 324 4
134 244 4
135 189 4
135 215 4
135 226 4
135 239 4
136 173 4
136 228 4
136 245 4
136 331 4
137 249 4
138 229 4
139 170 4
139 235 4
140 170 4
140 272 4
141 198 4
142 154 4
142 244 4
144 195 4
144 240 4
145 182 4
145 204 4
146 205 4
146 237 4
147 164 4
147 291 4
148 150 4
149 255 4
150 231 4
150 270 4
151 161 4
151 166 4
151 250 4
151 260 4
151 296 4
152 200 4
153 183 4
153 247 4
154 250 4
154 330 4
155 230 4
155 267 4
157 190 4
157 239 4
157 311 4
158 257 4
158 292 4
159 207 4
160 196 4
161 260 4
162 178 4
162 294 4
163 171 4
164 175 4
165 218 4
165 268 4
166 234 4
166 276 4
168 256 4
171 206 4
172 236 4
172 309 4
174 228 4
174 246 4
174 279 4
175 219 4
175 239 4
175 318 4
176 200 4
176 301 4
176 329 4
177 194 4
178 298 4
179 199 4
179 202 4
181 208 4
181 258 4
182 198 4
182 212 4
183 207 4
184 188 4
184 323 4
185 223 4
187 205 4
187 275 4
190 254 4
190 271 4
191 242 4
191 288 4
192 244 4
193 198 4
195 251 4
195 292 4
196 240 4
197 200 4
200 269 4
200 292 4
201 208 4
202 212 4
202 236 4
203 249 4
203 308 4
204 214 4
204 233 4
205 296 4
206 259 4
206 288 4
206 323 4
207 220 4
208 245 4
209 272 4
212 221 4
212 327 4
213 229 4
213 292 4
213 331 4
214 233 4
214 310 4
215 242 4
216 260 4
217 301 4
218 298 4
221 330 4
222 233 4
224 284 4
224 329 4
225 226 4
226 326 4
226 329 4
228 286 4
234 272 4
235 273 4
240 304 4
241 307 4
243 275 4
243 279 4
245 255 4
247 275 4
247 301 4
249 284 4
249 303 4
250 281 4
252 254 4
253 263 4
255 260 4
255 317 4
256 301 4
260 276 4
263 264 4
267 283 4
267 293 4
267 316 4
268 282 4
268 303 4
268 325 4
270 290 4
271 282 4
274 283 4
275 302 4
277 315 4
283 325 4
289 290 4
290 324 4
291 312 4
292 296 4
297 300 4
81 220 4
3 351 4
42 74 4
26 266 4
16 104 4
346 358 4
35 171 4
63 360 4
280 313 4
243 362 4
224 301 4
70 263 4
226 232 4
206 318 4
5 125 4
143 301 4
37 344 4
78 145 4
103 109 4
103 124 4
152 206 4
162 297 4
156 323 4
51 237 4
47 161 4
19 172 4
39 126 4
145 270 4
350 351 4
48 222 4
167 215 4
190 203 4
26 250 4
50 280 4
75 185 4
83 174 4
27 226 4
14 183 4
65 239 4
34 112 4
168 283 4
109 207 4
43 254 4
28 111 4
25 295 4
75 153 4
296 321 4
237 355 4
39 270 4
223 286 4
94 344 4
204 305 4
177 319 4
51 79 4
18 190 4
141 185 4
107 250 4
26 206 4
194 195 4
181 290 4
275 365 4
262 334 4
12 323 4
50 133 4
53 227 4
262 273 4
204 212 4
15 158 4
222 236 4
65 296 4
117 206 4
173 223 4
147 198 4
63 341 4
83 352 4
49 156 4
43 181 4
112 310 4
77 139 4
57 161 4
125 130 4
11 333 4
168 337 4
250 347 4
95 104 4
181 211 4
1 353 4
125 147 4
187 242 4
122 325 4
230 334 4
8 330 4
150 318 4
76 345 4
86 293 4
93 215 4
53 160 4
24 239 4
278 327 4
113 273 4
16 145 4
16 323 4
82 132 4
9 162 4
325 340 4
25 247 4
32 365 4
149 211 4
41 343 4
127 185 4
270 335 4
33 322 4
129 272 4
37 148 4
2 184 4
256 317 4
146 275 4
278 328 4
48 124 4
65 343 4
2 155 4
154 311 4
90 213 4
188 360 4
190 236 4
94 314 4
38 205 4
26 108 4
144 309 4
184 230 4
145 181 4
74 348 4
36 147 4
252 317 4
216 294 4
5 316 4
295 318 4
76 216 4
165 210 4
46 263 4
80 211 4
196 342 4
303 306 4
2 249 4
139 288 4
125 283 4
160 255 4
322 364 4
273 348 4
250 255 4
201 257 4
187 317 4
167 209 4
65 263 4
11 160 4
90 110 4
63 305 4
3 66 4
124 243 4
16 308 4
46 67 4
263 355 4
14 312 4
261 361 4
202 276 4
112 250 4
93 201 4
298 358 4
2 252 4
12 57 4
47 166 4
109 159 4
105 281 4
168 347 4
40 110 4
54 142 4
101 234 4
96 247 4
47 356 4
299 322 4
183 192 4
125 341 4
76 115 4
77 333 4
1 24 4
47 146 4
246 361 4
212 351 4
71 276 4
7 24 4
135 238 4
106 149 4
235 244 4
44 338 4
292 342 4
175 294 4
111 216 4
151 291 4
175 225 4
60 225 4
256 262 4
136 329 4
232 257 4
178 224 4
202 360 4
231 232 4
14 28 4
29 262 4
129 314 4
234 240 4
162 219 4
12 50 4
257 329 4
245 360 4
111 123 4
13 105 4
7 125 4
206 320 4
42 178 4
43 333 4
330 360 4
56 358 4
62 256 4
121 124 4
282 301 4
35 42 4
351 363 4
345 355 4
113 243 4
39 90 4
153 182 4
22 220 4
107 267 4
97 284 4
1 121 4
327 330 4
74 116 4
6 323 4
128 187 4
109 221 4
94 169 4
216 218 4
130 152 4
276 328 4
144 247 4
63 101 4
169 223 4
11 60 4
105 131 4
81 246 4
38 236 4
62 309 4
130 230 4
189 338 4
50 350 4
123 259 4
252 265 4
103 227 4
219 349 4
62 281 4
142 341 4
141 201 4
284 351 4
174 260 4
81 340 4
8 111 4
54 70 4
69 356 4
183 315 4
20 224 4
142 364 4
175 263 4
85 334 4
181 303 4
299 317 4
93 275 4
107 275 4
293 317 4
82 244 4
125 162 4
236 276 4
37 226 4
289 295 4
84 164 4
103 244 4
79 299 4
301 310 4
20 196 4
68 278 4
14 287 4
1 345 4
71 332 4
56 86 4
167 284 4
43 299 4
21 266 4
246 335 4
316 359 4
77 232 4
167 171 4
179 306 4
100 114 4
251 352 4
190 220 4
54 260 4
112 141 4
212 239 4
16 78 4
267 361 4
240 257 4
96 260 4
65 215 4
197 208 4
64 72 4
242 285 4
22 183 4
68 326 4
8 150 4
119 344 4
45 120 4
230 340 4
23 364 4
48 346 4
52 287 4
204 294 4
143 181 4
69 268 4
43 340 4
19 132 4
54 273 4
90 173 4
75 190 4
139 214 4
193 340 4
76 257 4
4 178 4
26 107 4
154 177 4
63 285 4
75 356 4
123 312 4
82 191 4
16 233 4
113 147 4
21 308 4
172 257 4
23 110 4
324 362 4
28 162 4
53 208 4
103 211 4
231 266 4
99 293 4
47 55 4
18 186 4
94 140 4
133 284 4
148 278 4
26 208 4
150 351 4
46 300 4
14 212 4
10 322 4
175 227 4
37 69 4
196 285 4
207 336 4
153 263 4
264 305 4
14 309 4
38 85 4
210 274 4
13 122 4
56 278 4
98 204 4
119 249 4
89 132 4
46 153 4
14 141 4
234 277 4
140 196 4
110 121 4
37 274 4
33 65 4
65 172 4
103 256 4
159 312 4
172 221 4
126 276 4
141 329 4
66 259 4
154 270 4
26 57 4
223 256 4
127 225 4
92 266 4
55 212 4
68 149 4
177 189 4
238 349 4
253 341 4
104 296 4
152 287 4
104 275 4
107 119 4
68 241 4
337 365 4
25 87 4
85 342 4
211 248 4
31 201 4
169 313 4
293 299 4
96 111 4
25 116 4
60 151 4
138 365 4
163 287 4
129 346 4
25 157 4
149 235 4
32 235 4
118 177 4
259 261 4
152 198 4
44 164 4
228 332 4
48 219 4
200 259 4
66 329 4
171 225 4
125 224 4
288 365 4
202 346 4
51 227 4
137 343 4
67 225 4
212 244 4
162 343 4
139 186 4
302 360 4
279 286 4
325 334 4
132 275 4
152 168 4
27 340 4
14 157 4
14 251 4
87 136 4
243 359 4
5 187 4
72 220 4
46 66 4
80 315 4
145 285 4
279 322 4
139 243 4
98 249 4
73 211 4
13 65 4
39 224 4
40 295 4
252 290 4
22 308 4
68 358 4
73 265 4
176 179 4
201 281 4
150 242 4
53 161 4
9 351 4
124 131 4
71 251 4
96 279 4
143 343 4
59 166 4
73 262 4
325 353 4
243 352 4
38 310 4
344 359 4
74 214 4
170 274 4
103 129 4
115 181 4
101 320 4
142 190 4
132 224 4
137 212 4
47 285 4
85 114 4
105 244 4
38 149 4
203 280 4
135 297 4
113 224 4
291 298 4
95 326 4
146 263 4
13 254 4
208 327 4
113 208 4
28 349 4
31 252 4
165 315 4
298 335 4
37 91 4
128 270 4
107 185 4
11 42 4
39 323 4
21 180 4
140 312 4
172 209 4
60 343 4
221 361 4
324 333 4
203 307 4
53 233 4
193 217 4
126 240 4
243 330 4
148 219 4
96 150 4
191 311 4
41 106 4
205 286 4
118 151 4
117 289 4
52 94 4
272 348 4
146 306 4
297 348 4
41 304 4
189 273 4
204 257 4
6 191 4
168 224 4
30 317 4
11 33 4
117 200 4
39 130 4
94 248 4
247 267 4
171 298 4
211 361 4
141 261 4
208 249 4
181 204 4
145 289 4
27 237 4
89 348 4
120 207 4
206 312 4
15 216 4
50 238 4
60 131 4
145 281 4
26 307 4
169 182 4
15 234 4
71 333 4
67 279 4
273 304 4
174 197 4
83 257 4
122 125 4
244 345 4
328 348 4
142 178 4
71 362 4
127 284 4
64 130 4
71 99 4
146 281 4
161 240 4
149 310 4
185 215 4
92 280 4
88 153 4
288 292 4
105 344 4
48 323 4
40 68 4
181 306 4
221 252 4
16 121 4
219 284 4
87 121 4
18 191 4
281 340 4
19 157 4
246 299 4
91 249 4
78 228 4
74 114 4
179 332 4
7 128 4
125 246 4
187 239 4
119 130 4
94 239 4
69 146 4
149 289 4
32 190 4
162 306 4
63 324 4
308 319 4
202 314 4
84 90 4
64 164 4
31 197 4
324 342 4
94 279 4
84 337 4
152 202 4
102 303 4
132 247 4
63 337 4
170 252 4
3 167 4
65 106 4
59 182 4
65 131 4
154 317 4
72 271 4
9 102 4
42 159 4
60 252 4
12 200 4
221 224 4
93 325 4
158 224 4
206 220 4
67 196 4
164 255 4
233 269 4
106 320 4
236 335 4
198 229 4
41 295 4
200 299 4
51 336 4
40 143 4
1 307 4
35 260 4
109 325 4
222 258 4
145 328 4
183 345 4
35 212 4
46 86 4
161 318 4
64 245 4
130 349 4
119 306 4
175 261 4
117 345 4
296 319 4
151 335 4
39 100 4
1 192 4
171 245 4
241 336 4
18 75 4
16 84 4
136 179 4
20 365 4
119 154 4
89 284 4
37 222 4
31 86 4
122 355 4
147 308 4
52 354 4
90 277 4
89 160 4
147 333 4
22 23 4
97 303 4
40 318 4
218 237 4
145 256 4
263 274 4
45 193 4
43 266 4
128 229 4
275 353 4
192 306 4
217 357 4
180 186 4
81 268 4
228 345 4
59 292 4
229 249 4
155 345 4
26 238 4
17 197 4
163 339 4
18 337 4
71 355 4
275 340 4
19 256 4
185 196 4
93 210 4
25 245 4
278 325 4
292 315 4
219 244 4
65 185 4
139 220 4
69 164 4
53 302 4
142 332 4
170 215 4
204 349 4
15 241 4
113 188 4
34 354 4
75 243 4
82 319 4
51 267 4
251 279 4
57 157 4
122 161 4
33 356 4
33 197 4
26 59 4
258 306 4
155 358 4
33 62 4
50 359 4
81 181 4
256 265 4
15 346 4
266 339 4
88 179 4
202 281 4
28 76 4
15 60 4
104 123 4
182 313 4
129 253 4
131 178 4
99 192 4
205 211 4
243 315 4
59 115 4
87 323 4
62 101 4
328 360 4
74 139 4
198 354 4
225 340 4
46 121 4
244 342 4
149 346 4
117 335 4
234 247 4
24 147 4
49 130 4
64 229 4
55 344 4
141 179 4
240 358 4
44 242 4
7 259 4
92 182 4
53 214 4
8 173 4
41 259 4
51 100 4
22 224 4
69 312 4
105 272 4
292 335 4
13 255 4
67 355 4
225 233 4
208 282 4
100 141 4
50 325 4
199 204 4
