1 24 5
1 121 5
2 184 5
2 219 5
2 252 5
3 85 5
3 103 5
3 149 5
3 280 5
5 39 5
5 81 5
5 316 5
6 13 5
6 106 5
6 191 5
6 221 5
7 24 5
7 259 5
8 111 5
8 128 5
8 295 5
9 102 5
9 111 5
9 162 5
10 16 5
10 166 5
10 219 5
10 322 5
11 33 5
11 50 5
12 50 5
12 57 5
12 102 5
12 293 5
12 323 5
13 122 5
13 254 5
13 255 5
14 28 5
14 141 5
14 183 5
14 309 5
14 312 5
15 60 5
15 234 5
15 262 5
16 104 5
16 121 5
16 233 5
16 259 5
16 269 5
16 322 5
18 75 5
18 166 5
18 178 5
18 186 5
18 191 5
18 324 5
18 337 5
19 157 5
19 172 5
19 226 5
20 196 5
20 290 5
21 180 5
21 228 5
21 266 5
21 275 5
22 23 5
22 43 5
22 220 5
22 273 5
23 94 5
23 110 5
23 364 5
24 82 5
24 147 5
24 180 5
24 195 5
24 239 5
25 134 5
25 295 5
26 57 5
26 102 5
26 107 5
26 108 5
26 208 5
26 238 5
26 266 5
26 284 5
26 294 5
27 153 5
27 340 5
28 111 5
28 151 5
28 239 5
29 74 5
30 232 5
30 317 5
31 101 5
31 120 5
31 197 5
31 201 5
31 252 5
32 57 5
32 167 5
32 235 5
32 263 5
32 365 5
33 140 5
33 197 5
33 356 5
34 53 5
34 112 5
34 173 5
34 243 5
35 44 5
35 52 5
35 64 5
35 89 5
35 171 5
36 147 5
36 232 5
37 59 5
37 69 5
37 91 5
37 144 5
37 148 5
37 222 5
37 226 5
38 310 5
39 90 5
39 100 5
39 126 5
39 130 5
39 168 5
39 270 5
40 68 5
40 110 5
40 128 5
40 193 5
40 221 5
40 240 5
40 295 5
40 318 5
41 45 5
41 106 5
41 165 5
41 295 5
41 304 5
42 61 5
42 178 5
42 239 5
43 123 5
43 127 5
43 181 5
43 299 5
44 164 5
44 201 5
44 330 5
44 338 5
45 249 5
46 66 5
46 67 5
46 86 5
46 121 5
46 153 5
47 69 5
47 146 5
47 200 5
47 285 5
48 75 5
48 189 5
48 219 5
48 346 5
49 130 5
49 165 5
49 299 5
50 133 5
50 167 5
50 212 5
50 251 5
50 280 5
50 325 5
50 350 5
50 359 5
51 100 5
51 227 5
51 267 5
52 85 5
52 287 5
53 144 5
53 161 5
53 208 5
53 214 5
53 233 5
54 142 5
54 228 5
54 260 5
54 273 5
54 296 5
55 178 5
56 250 5
56 278 5
56 315 5
56 358 5
57 161 5
57 220 5
57 244 5
58 116 5
58 327 5
59 115 5
59 182 5
59 292 5
59 311 5
60 151 5
60 343 5
61 138 5
61 147 5
62 101 5
62 140 5
62 173 5
62 219 5
62 256 5
62 309 5
63 101 5
63 285 5
63 324 5
63 341 5
64 72 5
64 130 5
64 158 5
64 164 5
64 245 5
65 106 5
65 239 5
65 263 5
65 272 5
66 73 5
66 249 5
66 259 5
67 225 5
67 279 5
68 149 5
68 187 5
68 241 5
68 278 5
68 326 5
68 358 5
69 146 5
69 223 5
69 264 5
69 312 5
70 263 5
70 264 5
70 304 5
71 172 5
71 276 5
71 332 5
71 333 5
71 355 5
71 362 5
72 132 5
72 220 5
72 271 5
73 126 5
73 262 5
74 114 5
74 177 5
75 153 5
75 243 5
76 79 5
76 216 5
76 257 5
76 267 5
76 275 5
76 284 5
78 115 5
78 164 5
78 228 5
78 296 5
79 299 5
80 139 5
80 174 5
80 248 5
81 181 5
81 220 5
82 132 5
82 150 5
82 191 5
82 244 5
84 90 5
84 312 5
84 337 5
85 109 5
85 271 5
85 315 5
85 342 5
86 178 5
86 282 5
87 323 5
88 133 5
88 153 5
89 132 5
89 160 5
89 278 5
89 284 5
90 110 5
90 231 5
90 307 5
90 316 5
91 106 5
91 249 5
92 182 5
92 292 5
93 210 5
93 255 5
94 169 5
94 248 5
94 314 5
95 101 5
95 160 5
95 326 5
96 245 5
96 279 5
96 313 5
97 111 5
97 206 5
97 284 5
97 303 5
97 320 5
98 204 5
98 205 5
98 249 5
99 293 5
100 154 5
101 234 5
101 255 5
101 320 5
102 229 5
102 303 5
103 124 5
103 211 5
103 227 5
103 244 5
103 256 5
104 272 5
104 275 5
105 131 5
105 202 5
105 226 5
105 244 5
105 258 5
105 344 5
106 149 5
107 115 5
107 185 5
107 226 5
107 250 5
107 267 5
108 209 5
108 250 5
109 182 5
109 325 5
110 121 5
110 141 5
110 270 5
110 305 5
111 123 5
111 135 5
111 216 5
111 237 5
112 141 5
112 250 5
113 188 5
113 208 5
113 243 5
113 273 5
114 227 5
115 181 5
117 165 5
117 200 5
117 206 5
117 289 5
118 151 5
118 185 5
119 130 5
119 154 5
120 207 5
120 237 5
120 247 5
121 124 5
121 232 5
122 125 5
122 161 5
122 325 5
123 202 5
123 312 5
124 131 5
124 243 5
125 130 5
125 162 5
125 224 5
125 341 5
126 153 5
126 240 5
126 276 5
127 185 5
128 187 5
128 216 5
128 270 5
129 253 5
129 272 5
129 280 5
129 314 5
129 346 5
130 230 5
130 309 5
132 224 5
132 235 5
132 247 5
132 324 5
133 284 5
135 189 5
135 215 5
135 297 5
136 173 5
136 179 5
136 329 5
137 212 5
137 343 5
138 229 5
139 170 5
139 214 5
139 235 5
139 288 5
140 196 5
141 179 5
141 185 5
141 198 5
141 201 5
141 261 5
142 154 5
142 190 5
142 244 5
142 332 5
142 364 5
143 181 5
143 343 5
145 181 5
145 270 5
145 281 5
145 328 5
146 237 5
148 150 5
148 278 5
149 211 5
149 235 5
149 255 5
149 310 5
150 231 5
150 318 5
150 351 5
151 166 5
151 260 5
151 291 5
151 296 5
151 335 5
152 202 5
153 247 5
153 263 5
154 250 5
155 230 5
156 323 5
158 224 5
159 312 5
160 196 5
161 260 5
162 294 5
162 297 5
162 306 5
163 339 5
164 175 5
165 218 5
165 315 5
166 276 5
167 215 5
168 256 5
168 347 5
169 223 5
170 252 5
170 274 5
171 298 5
172 236 5
174 197 5
174 228 5
174 246 5
174 279 5
175 261 5
175 263 5
176 200 5
176 329 5
178 224 5
179 199 5
179 202 5
181 204 5
181 208 5
181 306 5
182 198 5
182 313 5
183 315 5
183 345 5
184 323 5
185 215 5
187 205 5
187 317 5
188 360 5
189 338 5
190 203 5
190 220 5
190 236 5
190 254 5
191 288 5
191 311 5
193 340 5
195 251 5
195 292 5
196 342 5
197 200 5
198 229 5
198 354 5
200 259 5
200 299 5
201 208 5
201 257 5
202 281 5
203 249 5
203 280 5
206 220 5
206 288 5
206 312 5
206 320 5
207 220 5
208 245 5
208 327 5
209 272 5
210 274 5
212 221 5
212 244 5
212 327 5
213 331 5
215 242 5
216 260 5
217 357 5
218 237 5
218 298 5
219 244 5
219 284 5
221 224 5
221 330 5
221 361 5
222 233 5
222 258 5
223 286 5
224 284 5
224 329 5
225 233 5
226 232 5
226 326 5
226 329 5
228 286 5
228 345 5
230 334 5
230 340 5
231 266 5
232 257 5
234 247 5
235 244 5
236 276 5
237 355 5
240 257 5
240 358 5
241 307 5
243 275 5
243 315 5
243 330 5
243 352 5
243 359 5
243 362 5
245 255 5
246 299 5
247 267 5
247 275 5
247 301 5
249 303 5
250 255 5
250 347 5
251 352 5
252 254 5
252 265 5
252 290 5
252 317 5
253 263 5
253 341 5
255 317 5
256 317 5
257 329 5
262 273 5
262 334 5
263 264 5
263 274 5
263 355 5
264 305 5
266 339 5
267 283 5
267 361 5
268 325 5
270 290 5
270 335 5
271 282 5
272 348 5
273 304 5
273 348 5
274 283 5
275 302 5
275 340 5
275 353 5
275 365 5
276 328 5
277 315 5
278 328 5
279 322 5
280 313 5
281 340 5
288 292 5
289 290 5
291 298 5
292 296 5
292 315 5
293 317 5
296 319 5
297 300 5
297 348 5
298 358 5
301 310 5
316 359 5
324 333 5
325 334 5
327 330 5
328 360 5
330 360 5
337 365 5
344 359 5
345 355 5
350 351 5
351 363 5
98 318 5
99 252 5
119 266 5
377 393 5
117 317 5
69 177 5
10 192 5
160 311 5
215 379 5
59 343 5
93 131 5
161 382 5
173 253 5
96 202 5
187 212 5
282 383 5
52 103 5
295 306 5
297 318 5
270 306 5
13 118 5
22 375 5
133 382 5
4 196 5
19 184 5
327 387 5
86 111 5
39 356 5
134 338 5
222 229 5
182 394 5
95 276 5
180 233 5
61 222 5
76 330 5
127 161 5
47 173 5
27 255 5
259 378 5
233 295 5
277 293 5
59 291 5
329 379 5
13 388 5
135 314 5
127 281 5
94 228 5
294 326 5
7 355 5
155 220 5
18 283 5
1 315 5
168 190 5
101 239 5
67 98 5
71 374 5
360 361 5
9 104 5
189 362 5
68 95 5
21 101 5
194 294 5
186 248 5
192 327 5
83 139 5
80 94 5
66 100 5
167 362 5
307 340 5
3 199 5
6 342 5
37 49 5
152 302 5
45 335 5
13 185 5
28 113 5
205 321 5
125 380 5
170 178 5
50 390 5
203 325 5
23 155 5
321 341 5
56 246 5
260 327 5
322 338 5
268 370 5
46 241 5
90 193 5
174 205 5
274 347 5
224 391 5
193 369 5
348 370 5
69 210 5
206 358 5
111 344 5
284 301 5
104 356 5
35 128 5
121 281 5
44 220 5
59 355 5
251 305 5
196 231 5
177 220 5
18 369 5
37 260 5
10 141 5
39 106 5
121 346 5
223 245 5
3 399 5
204 272 5
32 225 5
75 324 5
43 85 5
163 175 5
38 85 5
78 268 5
255 280 5
160 371 5
18 295 5
6 377 5
184 232 5
15 249 5
305 310 5
166 380 5
36 307 5
182 338 5
178 333 5
48 84 5
262 319 5
222 299 5
2 372 5
238 354 5
298 397 5
192 396 5
1 87 5
240 391 5
257 327 5
233 238 5
2 235 5
212 213 5
65 111 5
115 222 5
242 305 5
102 162 5
295 383 5
72 369 5
354 383 5
250 395 5
378 389 5
113 136 5
25 389 5
125 318 5
32 36 5
69 219 5
170 291 5
10 334 5
94 267 5
185 234 5
149 329 5
101 201 5
194 310 5
22 287 5
182 208 5
94 242 5
219 232 5
231 254 5
52 253 5
110 361 5
156 252 5
179 325 5
141 184 5
7 79 5
191 277 5
24 312 5
27 197 5
50 292 5
304 386 5
78 98 5
1 218 5
47 369 5
254 293 5
36 171 5
253 327 5
103 287 5
99 323 5
286 329 5
177 234 5
161 191 5
258 309 5
17 126 5
7 66 5
16 392 5
42 186 5
141 259 5
182 186 5
112 378 5
73 148 5
147 325 5
105 146 5
99 140 5
56 203 5
51 68 5
290 331 5
238 300 5
244 344 5
32 38 5
152 307 5
47 217 5
9 75 5
58 228 5
259 373 5
77 278 5
95 370 5
67 181 5
55 235 5
123 375 5
11 105 5
61 304 5
214 229 5
244 360 5
56 69 5
35 275 5
164 220 5
81 301 5
238 381 5
95 359 5
308 352 5
171 320 5
2 23 5
59 309 5
77 181 5
254 282 5
257 264 5
164 314 5
69 346 5
6 198 5
86 354 5
232 306 5
116 385 5
25 278 5
308 364 5
192 387 5
34 215 5
289 306 5
129 364 5
196 205 5
149 216 5
78 130 5
4 43 5
146 314 5
60 319 5
145 343 5
246 344 5
122 131 5
229 400 5
191 228 5
18 306 5
192 249 5
124 153 5
79 252 5
188 274 5
55 75 5
94 258 5
171 225 5
137 373 5
31 316 5
128 330 5
70 248 5
174 370 5
74 274 5
40 100 5
264 345 5
111 118 5
209 314 5
287 337 5
165 196 5
233 292 5
271 326 5
94 148 5
119 168 5
82 231 5
30 222 5
69 83 5
99 256 5
37 372 5
71 264 5
92 261 5
47 373 5
55 173 5
259 337 5
163 250 5
192 301 5
47 160 5
286 328 5
188 239 5
59 81 5
164 217 5
127 388 5
18 236 5
19 31 5
101 384 5
148 282 5
33 401 5
119 205 5
49 54 5
214 377 5
113 284 5
43 167 5
124 232 5
42 69 5
122 384 5
128 199 5
285 327 5
259 303 5
235 289 5
217 394 5
347 389 5
36 93 5
155 347 5
72 370 5
182 276 5
120 159 5
287 367 5
271 274 5
82 315 5
65 339 5
35 138 5
320 336 5
137 193 5
294 371 5
80 359 5
140 259 5
295 304 5
305 322 5
121 274 5
394 396 5
54 112 5
93 226 5
70 98 5
225 363 5
84 373 5
119 289 5
183 223 5
110 319 5
2 88 5
240 288 5
218 360 5
52 335 5
111 356 5
231 256 5
228 321 5
299 355 5
104 196 5
46 174 5
80 294 5
377 398 5
124 358 5
167 306 5
252 276 5
223 339 5
182 350 5
178 308 5
302 400 5
182 315 5
169 256 5
12 83 5
88 383 5
36 191 5
154 177 5
36 142 5
105 306 5
28 118 5
61 357 5
313 334 5
228 232 5
180 323 5
9 172 5
80 160 5
72 73 5
261 328 5
272 314 5
82 401 5
190 326 5
102 263 5
299 343 5
243 320 5
32 75 5
136 347 5
352 389 5
120 292 5
41 179 5
143 187 5
213 302 5
266 357 5
46 125 5
283 359 5
36 69 5
30 66 5
225 293 5
166 167 5
82 263 5
157 337 5
103 186 5
144 246 5
53 263 5
209 231 5
352 377 5
89 188 5
26 252 5
216 371 5
151 171 5
292 328 5
30 206 5
30 357 5
196 395 5
256 268 5
24 350 5
207 264 5
7 126 5
125 251 5
333 342 5
154 317 5
242 283 5
176 207 5
268 392 5
90 176 5
161 175 5
38 53 5
81 277 5
67 270 5
7 276 5
197 297 5
30 60 5
103 228 5
139 227 5
77 79 5
158 303 5
68 113 5
144 243 5
83 319 5
166 233 5
65 245 5
12 297 5
103 289 5
242 377 5
157 325 5
248 354 5
220 350 5
85 395 5
176 296 5
220 326 5
374 378 5
40 227 5
42 162 5
79 356 5
187 197 5
113 317 5
325 328 5
8 99 5
57 215 5
12 44 5
53 260 5
69 345 5
153 208 5
56 339 5
47 157 5
92 381 5
206 279 5
205 367 5
159 394 5
117 189 5
17 32 5
13 302 5
360 382 5
184 246 5
110 196 5
54 357 5
179 334 5
116 181 5
61 300 5
40 345 5
64 150 5
341 392 5
188 384 5
98 305 5
187 244 5
8 217 5
273 367 5
55 271 5
52 285 5
245 250 5
287 376 5
64 274 5
53 309 5
252 369 5
25 195 5
81 88 5
16 144 5
27 204 5
126 197 5
41 180 5
55 187 5
258 327 5
127 226 5
54 182 5
178 303 5
25 63 5
278 298 5
199 258 5
122 351 5
47 298 5
50 317 5
4 134 5
193 233 5
280 391 5
58 101 5
31 155 5
288 318 5
154 215 5
86 207 5
263 396 5
92 181 5
130 399 5
269 390 5
11 387 5
357 391 5
57 379 5
78 263 5
271 382 5
167 334 5
267 333 5
63 363 5
20 52 5
246 322 5
6 266 5
51 333 5
305 342 5
24 339 5
33 85 5
92 279 5
95 268 5
47 224 5
197 318 5
158 372 5
139 324 5
71 304 5
189 366 5
32 281 5
17 354 5
126 355 5
249 359 5
287 372 5
152 383 5
66 187 5
233 349 5
67 126 5
43 128 5
263 285 5
1 13 5
207 389 5
67 71 5
175 353 5
41 347 5
71 200 5
231 396 5
354 393 5
201 216 5
109 335 5
19 368 5
165 377 5
85 176 5
280 348 5
59 365 5
20 338 5
163 352 5
3 377 5
337 349 5
16 136 5
10 92 5
83 366 5
35 165 5
369 371 5
42 346 5
112 385 5
60 160 5
149 218 5
27 335 5
65 237 5
256 392 5
1 14 5
3 17 5
25 390 5
5 24 5
115 160 5
87 197 5
122 270 5
239 362 5
162 379 5
347 353 5
12 363 5
110 178 5
112 229 5
137 209 5
199 249 5
250 392 5
80 286 5
274 325 5
104 348 5
337 351 5
110 134 5
75 132 5
165 304 5
64 387 5
143 338 5
82 104 5
21 260 5
286 322 5
43 93 5
57 291 5
47 365 5
212 249 5
136 199 5
194 303 5
144 155 5
238 362 5
41 326 5
35 228 5
93 206 5
20 364 5
30 45 5
7 377 5
18 44 5
100 172 5
135 381 5
192 220 5
17 55 5
249 400 5
226 392 5
64 301 5
186 389 5
294 342 5
215 219 5
177 386 5
87 238 5
32 294 5
210 269 5
38 253 5
209 359 5
11 24 5
16 243 5
70 275 5
273 333 5
318 323 5
53 170 5
296 356 5
40 236 5
248 327 5
126 232 5
103 363 5
68 392 5
200 394 5
9 103 5
51 367 5
147 384 5
49 71 5
323 390 5
141 394 5
130 267 5
36 315 5
183 209 5
295 391 5
116 310 5
221 241 5
213 396 5
203 275 5
62 340 5
1 70 5
114 124 5
97 109 5
157 271 5
167 332 5
152 380 5
17 324 5
109 310 5
125 364 5
187 191 5
257 306 5
76 95 5
219 381 5
70 165 5
132 182 5
104 256 5
217 274 5
51 382 5
386 394 5
138 152 5
324 362 5
130 319 5
311 378 5
175 301 5
90 273 5
129 361 5
67 128 5
277 285 5
107 347 5
122 361 5
150 225 5
22 215 5
113 266 5
3 98 5
213 258 5
249 254 5
50 173 5
222 244 5
33 143 5
305 396 5
28 305 5
105 372 5
155 382 5
328 334 5
48 400 5
148 293 5
180 345 5
57 169 5
117 244 5
46 154 5
74 128 5
299 300 5
196 215 5
194 228 5
29 261 5
205 334 5
288 309 5
114 304 5
303 362 5
119 360 5
11 351 5
179 367 5
263 348 5
22 379 5
23 391 5
321 395 5
116 362 5
154 208 5
15 236 5
87 219 5
200 216 5
160 233 5
118 351 5
140 265 5
42 361 5
105 295 5
200 389 5
272 324 5
46 368 5
313 367 5
346 361 5
154 240 5
99 168 5
147 258 5
59 388 5
303 331 5
134 202 5
162 392 5
25 84 5
116 203 5
67 381 5
10 127 5
179 354 5
122 224 5
33 320 5
262 279 5
14 379 5
149 190 5
255 337 5
78 386 5
380 396 5
196 315 5
113 148 5
260 269 5
61 173 5
312 384 5
65 113 5
110 291 5
18 232 5
187 337 5
47 337 5
288 387 5
76 134 5
134 388 5
84 284 5
44 78 5
263 358 5
47 347 5
104 205 5
315 349 5
338 370 5
50 332 5
34 114 5
12 51 5
198 345 5
59 353 5
318 346 5
50 339 5
94 144 5
109 177 5
27 152 5
255 289 5
181 200 5
7 357 5
76 321 5
85 378 5
289 308 5
134 322 5
20 219 5
36 44 5
88 103 5
4 389 5
120 326 5
126 213 5
141 307 5
62 167 5
130 316 5
127 310 5
133 187 5
262 266 5
52 242 5
13 346 5
152 221 5
6 314 5
123 370 5
129 349 5
8 225 5
16 133 5
5 331 5
146 302 5
237 363 5
312 366 5
111 277 5
135 348 5
243 285 5
368 396 5
12 198 5
17 380 5
57 163 5
2 204 5
23 179 5
2 333 5
30 137 5
91 108 5
66 392 5
253 375 5
236 353 5
12 301 5
31 346 5
34 261 5
101 315 5
111 227 5
112 205 5
200 348 5
202 261 5
39 150 5
154 224 5
113 326 5
276 363 5
28 32 5
74 217 5
158 265 5
189 282 5
188 222 5
101 141 5
322 367 5
33 284 5
156 243 5
176 380 5
201 357 5
252 287 5
27 71 5
249 389 5
347 354 5
88 211 5
162 309 5
100 245 5
319 361 5
11 182 5
175 352 5
50 235 5
280 292 5
331 390 5
17 139 5
24 131 5
157 341 5
95 188 5
113 217 5
140 305 5
121 396 5
65 167 5
37 55 5
127 235 5
306 381 5
246 257 5
154 295 5
33 90 5
151 258 5
35 397 5
238 240 5
92 179 5
186 394 5
283 366 5
178 371 5
186 366 5
298 323 5
131 334 5
49 257 5
241 355 5
158 309 5
62 210 5
51 372 5
167 381 5
194 201 5
32 376 5
67 111 5
103 210 5
247 325 5
57 295 5
23 242 5
259 393 5
61 163 5
212 399 5
311 391 5
165 298 5
31 117 5
16 270 5
96 209 5
143 144 5
240 253 5
121 283 5
27 206 5
39 84 5
135 172 5
102 325 5
87 199 5
163 196 5
225 371 5
105 134 5
194 244 5
179 225 5
267 360 5
