48 260 1
80 163 1
84 196 1
100 159 1
157 178 1
95 111 1
120 227 1
25 226 1
32 42 1
106 271 1
72 136 1
28 78 1
74 215 1
118 157 1
82 247 1
141 172 1
28 218 1
178 251 1
11 100 1
154 155 1
167 249 1
164 264 1
77 165 1
118 266 1
138 196 1
145 223 1
127 273 1
90 222 1
78 255 1
201 207 1
61 224 1
97 155 1
128 224 1
58 104 1
212 234 1
3 257 1
62 122 1
43 138 1
33 163 1
84 256 1
48 80 1
105 197 1
51 84 1
11 161 1
30 95 1
86 242 1
60 195 1
48 273 1
8 55 1
119 151 1
10 143 1
204 273 1
8 40 1
67 171 1
47 224 1
131 271 1
3 112 1
86 193 1
39 80 1
68 123 1
51 209 1
186 246 1
145 183 1
18 29 1
45 115 1
147 257 1
144 206 1
186 214 1
60 252 1
9 261 1
175 268 1
156 177 1
104 225 1
140 142 1
30 262 1
80 86 1
72 148 1
50 93 1
207 219 1
46 122 1
141 145 1
28 71 1
90 166 1
161 225 1
146 218 1
117 233 1
15 114 1
170 270 1
63 186 1
136 244 1
98 173 1
121 201 1
122 127 1
54 214 1
60 223 1
88 251 1
81 155 1
158 246 1
196 244 1
186 196 1
30 66 1
179 233 1
20 74 1
227 235 1
240 259 1
33 203 1
5 214 1
31 61 1
132 244 1
79 114 1
89 180 1
166 260 1
200 244 1
89 108 1
28 120 1
63 152 1
55 209 1
20 229 1
5 123 1
65 141 1
87 267 1
50 178 1
80 149 1
5 238 1
48 228 1
125 193 1
38 89 1
196 201 1
127 198 1
3 100 1
185 260 1
156 209 1
138 214 1
155 202 1
119 231 1
5 71 1
21 219 1
85 258 1
100 132 1
59 210 1
127 236 1
60 201 1
137 165 1
168 273 1
59 249 1
47 195 1
158 255 1
173 227 1
70 107 1
25 251 1
46 225 1
30 245 1
114 141 1
104 117 1
122 190 1
175 234 1
111 193 1
36 82 1
33 248 1
31 126 1
6 172 1
41 103 1
29 54 1
98 213 1
160 188 1
123 261 1
29 111 1
107 251 1
19 210 1
17 93 1
1 144 1
194 251 1
132 163 1
104 152 1
3 196 1
11 78 1
51 113 1
79 118 1
44 55 1
177 203 1
120 176 1
66 230 1
81 172 1
82 99 1
51 259 1
115 136 1
195 242 1
51 54 1
130 206 1
31 202 1
85 193 1
4 135 1
31 274 1
74 214 1
205 267 1
49 153 1
44 95 1
124 155 1
237 267 1
99 127 1
12 90 1
83 262 1
57 193 1
10 63 1
123 192 1
141 207 1
21 110 1
17 66 1
19 156 1
90 101 1
119 147 1
26 190 1
181 214 1
82 190 1
13 19 1
30 85 1
71 103 1
36 265 1
151 263 1
250 262 1
68 115 1
54 70 1
13 135 1
70 154 1
159 168 1
192 254 1
154 156 1
92 258 1
61 173 1
50 79 1
62 134 1
164 261 1
127 205 1
69 76 1
50 154 1
208 221 1
2 164 1
24 274 1
14 68 1
54 59 1
103 184 1
134 250 1
64 109 1
102 125 1
6 152 1
68 80 1
10 217 1
91 108 1
184 220 1
37 99 1
233 244 1
196 274 1
122 195 1
13 22 1
75 139 1
119 223 1
74 258 1
46 129 1
182 230 1
47 188 1
4 106 1
132 268 1
97 116 1
42 83 1
119 176 1
134 140 1
60 239 1
132 238 1
30 131 1
127 147 1
74 104 1
142 238 1
147 270 1
8 205 1
207 224 1
207 269 1
87 125 1
183 199 1
6 118 1
18 224 1
2 240 1
28 117 1
25 36 1
32 79 1
65 82 1
45 178 1
32 44 1
7 178 1
38 167 1
139 260 1
250 253 1
61 70 1
255 268 1
97 243 1
69 150 1
151 266 1
19 33 1
209 268 1
206 223 1
241 271 1
20 182 1
192 213 1
64 76 1
253 268 1
119 252 1
93 116 1
185 229 1
30 208 1
54 149 1
181 204 1
172 217 1
79 250 1
67 223 1
183 272 1
25 48 1
144 229 1
45 61 1
13 158 1
131 237 1
78 134 1
100 240 1
129 139 1
49 193 1
2 230 1
96 273 1
3 76 1
69 70 1
129 176 1
65 223 1
31 86 1
75 176 1
23 218 1
35 59 1
20 253 1
42 263 1
141 249 1
227 265 1
1 146 1
24 59 1
56 107 1
109 119 1
8 65 1
177 183 1
71 118 1
7 101 1
59 203 1
175 225 1
2 110 1
131 136 1
6 177 1
118 132 1
70 194 1
121 216 1
56 222 1
53 240 1
235 263 1
38 270 1
25 91 1
55 95 1
85 213 1
13 195 1
246 272 1
114 150 1
80 127 1
5 237 1
28 122 1
93 99 1
68 90 1
14 39 1
3 145 1
132 218 1
238 255 1
4 139 1
210 222 1
32 110 1
147 181 1
20 196 1
151 186 1
46 107 1
37 202 1
68 217 1
161 201 1
40 268 1
78 127 1
159 272 1
233 253 1
5 72 1
110 160 1
56 87 1
94 196 1
87 118 1
14 128 1
193 212 1
106 234 1
138 178 1
47 63 1
215 238 1
67 208 1
193 243 1
150 215 1
219 220 1
98 206 1
61 256 1
226 262 1
225 256 1
68 233 1
109 234 1
85 178 1
43 170 1
8 184 1
55 97 1
37 247 1
17 56 1
103 209 1
23 194 1
119 235 1
137 209 1
50 269 1
188 269 1
126 220 1
137 164 1
83 245 1
122 167 1
147 168 1
32 86 1
77 183 1
86 200 1
219 254 1
198 255 1
65 154 1
176 268 1
6 272 1
198 262 1
255 275 1
110 219 1
106 247 1
107 188 1
93 106 1
117 232 1
42 150 1
148 226 1
110 224 1
27 44 1
6 240 1
118 181 1
36 110 1
33 82 1
116 220 1
230 267 1
199 217 1
181 210 1
188 193 1
157 246 1
175 202 1
50 150 1
22 243 1
69 152 1
8 179 1
125 264 1
61 259 1
30 249 1
93 263 1
6 85 1
112 207 1
8 76 1
53 162 1
117 188 1
35 80 1
131 151 1
25 236 1
81 180 1
199 209 1
26 206 1
166 264 1
55 201 1
149 237 1
119 174 1
56 224 1
80 156 1
45 156 1
97 163 1
194 227 1
91 150 1
241 262 1
6 99 1
62 265 1
179 188 1
81 270 1
135 271 1
202 247 1
61 120 1
111 163 1
112 238 1
43 167 1
88 144 1
75 183 1
61 268 1
134 151 1
143 272 1
25 268 1
96 135 1
86 151 1
199 233 1
194 232 1
92 203 1
29 273 1
160 199 1
39 140 1
148 183 1
16 233 1
184 270 1
55 75 1
53 209 1
72 83 1
82 227 1
96 177 1
86 182 1
10 53 1
139 161 1
80 107 1
77 240 1
136 163 1
114 275 1
201 261 1
53 154 1
218 228 1
259 271 1
38 218 1
67 120 1
163 170 1
173 255 1
102 221 1
141 236 1
221 262 1
67 226 1
174 202 1
12 266 1
78 191 1
136 150 1
28 103 1
45 65 1
132 201 1
40 47 1
143 259 1
37 43 1
146 215 1
169 243 1
34 42 1
180 203 1
254 269 1
73 121 1
41 150 1
188 190 1
11 15 1
94 227 1
212 226 1
152 251 1
20 272 1
39 234 1
208 256 1
101 130 1
171 223 1
135 150 1
76 265 1
21 83 1
19 93 1
60 80 1
242 267 1
126 129 1
159 220 1
81 95 1
109 170 1
43 222 1
58 128 1
81 213 1
38 210 1
38 138 1
172 258 1
164 210 1
39 184 1
57 169 1
1 248 1
120 268 1
116 119 1
151 248 1
63 205 1
109 122 1
69 191 1
151 195 1
108 126 1
40 132 1
42 170 1
54 176 1
256 262 1
3 155 1
38 156 1
127 182 1
120 275 1
25 124 1
87 270 1
206 269 1
121 195 1
62 70 1
40 64 1
172 177 1
96 255 1
34 218 1
37 148 1
128 135 1
7 18 1
14 207 1
18 162 1
38 113 1
14 15 1
160 162 1
101 244 1
153 173 1
89 214 1
5 119 1
154 173 1
53 134 1
145 270 1
17 44 1
48 184 1
78 151 1
42 54 1
9 93 1
59 273 1
72 130 1
16 164 1
231 265 1
136 261 1
39 224 1
157 199 1
229 230 1
54 158 1
75 240 1
153 160 1
61 92 1
207 242 1
15 137 1
23 160 1
106 218 1
172 236 1
61 166 1
128 274 1
202 264 1
59 89 1
194 273 1
13 204 1
77 252 1
3 229 1
13 94 1
96 166 1
180 213 1
97 233 1
79 215 1
127 192 1
82 175 1
64 180 1
142 232 1
168 215 1
256 258 1
256 274 1
52 163 1
61 128 1
17 63 1
29 81 1
34 123 1
123 125 1
179 234 1
134 219 1
12 173 1
73 137 1
78 246 1
129 202 1
79 142 1
17 153 1
204 211 1
179 271 1
56 195 1
13 210 1
224 243 1
12 73 1
67 90 1
183 186 1
77 80 1
29 44 1
16 157 1
111 246 1
54 112 1
189 207 1
5 124 1
12 183 1
119 220 1
54 103 1
109 203 1
173 273 1
140 152 1
59 64 1
141 202 1
138 275 1
167 231 1
196 246 1
166 200 1
233 254 1
147 154 1
62 158 1
73 147 1
65 266 1
44 169 1
123 245 1
152 274 1
215 261 1
187 209 1
72 232 1
64 187 1
115 259 1
39 157 1
26 115 1
169 179 1
138 230 1
9 213 1
154 180 1
73 151 1
75 223 1
197 227 1
103 193 1
73 178 1
6 195 1
151 242 1
30 77 1
63 68 1
96 165 1
190 259 1
87 152 1
101 245 1
59 259 1
110 163 1
212 260 1
11 112 1
64 85 1
2 208 1
43 157 1
56 237 1
22 162 1
116 265 1
52 203 1
92 183 1
24 43 1
111 158 1
4 72 1
55 211 1
62 197 1
217 274 1
53 59 1
