7 264 1
8 264 1
71 264 1
71 169 1
264 269 1
88 264 1
159 264 1
16 88 1
43 88 1
78 264 1
8 98 1
8 71 1
230 264 1
16 257 1
35 269 1
172 269 1
78 142 1
143 172 1
46 264 1
6 172 1
88 112 1
8 23 1
71 266 1
40 257 1
85 257 1
90 112 1
185 230 1
40 134 1
30 172 1
217 230 1
16 198 1
88 153 1
85 172 1
112 272 1
78 115 1
15 172 1
61 88 1
88 147 1
101 112 1
88 244 1
78 131 1
63 172 1
102 230 1
209 230 1
8 142 1
5 8 1
72 230 1
93 172 1
95 115 1
78 242 1
198 211 1
15 179 1
48 257 1
134 215 1
63 157 1
16 33 1
29 40 1
33 71 1
131 156 1
172 275 1
88 203 1
78 147 1
78 184 1
101 133 1
35 219 1
115 228 1
85 112 1
23 71 1
7 269 1
206 230 1
88 172 1
88 256 1
148 230 1
241 264 1
167 172 1
40 266 1
147 164 1
6 209 1
15 53 1
196 209 1
206 233 1
6 176 1
101 171 1
88 145 1
98 244 1
33 224 1
40 79 1
8 203 1
212 264 1
90 230 1
115 238 1
10 16 1
85 192 1
148 169 1
69 230 1
88 212 1
31 133 1
217 269 1
112 267 1
85 100 1
88 149 1
170 230 1
71 137 1
131 152 1
192 264 1
16 101 1
142 192 1
192 230 1
169 209 1
88 133 1
56 266 1
65 172 1
88 225 1
112 245 1
31 269 1
112 215 1
88 261 1
8 33 1
169 176 1
160 275 1
101 185 1
98 141 1
88 129 1
8 84 1
112 266 1
107 244 1
66 172 1
88 272 1
12 85 1
88 208 1
76 198 1
70 142 1
200 209 1
8 17 1
112 218 1
71 132 1
16 267 1
167 209 1
192 272 1
47 192 1
158 172 1
111 264 1
56 112 1
88 158 1
78 196 1
85 213 1
93 206 1
112 211 1
89 257 1
88 184 1
112 252 1
266 268 1
35 117 1
85 128 1
72 102 1
42 63 1
211 233 1
171 251 1
6 16 1
21 264 1
98 231 1
1 35 1
43 101 1
85 90 1
90 131 1
133 260 1
78 106 1
232 244 1
66 112 1
58 230 1
33 264 1
33 250 1
33 220 1
200 269 1
136 264 1
33 88 1
213 264 1
8 132 1
122 231 1
138 264 1
71 241 1
11 230 1
90 148 1
88 98 1
40 150 1
10 131 1
172 238 1
46 198 1
42 98 1
71 274 1
40 54 1
55 268 1
192 253 1
8 134 1
196 264 1
90 144 1
88 163 1
90 228 1
88 109 1
147 211 1
40 194 1
8 190 1
60 85 1
8 159 1
98 253 1
95 259 1
88 259 1
230 247 1
101 240 1
90 222 1
33 214 1
90 225 1
99 200 1
200 224 1
49 172 1
66 88 1
12 131 1
227 245 1
233 257 1
1 141 1
138 168 1
15 88 1
131 211 1
78 163 1
35 200 1
88 191 1
148 158 1
65 85 1
171 269 1
26 200 1
88 241 1
112 139 1
87 88 1
172 224 1
230 240 1
172 218 1
10 62 1
76 188 1
79 224 1
125 138 1
15 98 1
189 244 1
167 272 1
236 260 1
233 237 1
256 264 1
16 102 1
95 182 1
67 112 1
178 261 1
13 106 1
88 136 1
71 76 1
11 88 1
15 49 1
128 230 1
85 181 1
142 177 1
192 250 1
40 252 1
31 88 1
95 231 1
33 193 1
85 114 1
233 267 1
11 36 1
88 218 1
108 244 1
249 269 1
31 226 1
131 159 1
99 198 1
71 94 1
31 209 1
31 117 1
215 266 1
168 269 1
16 256 1
238 264 1
82 147 1
126 264 1
85 120 1
34 172 1
90 169 1
74 88 1
8 53 1
16 227 1
188 239 1
85 218 1
35 237 1
98 242 1
177 264 1
62 112 1
88 230 1
20 31 1
60 200 1
19 74 1
92 188 1
112 216 1
85 178 1
8 41 1
31 173 1
34 264 1
88 181 1
59 193 1
16 170 1
85 123 1
71 208 1
33 191 1
184 189 1
88 116 1
88 257 1
112 170 1
16 159 1
88 246 1
90 175 1
16 202 1
30 215 1
87 180 1
59 224 1
88 96 1
127 233 1
47 230 1
112 212 1
62 71 1
142 217 1
43 78 1
189 192 1
80 202 1
32 157 1
56 241 1
23 192 1
89 172 1
85 95 1
163 217 1
78 218 1
77 185 1
104 188 1
78 258 1
122 256 1
90 194 1
67 187 1
96 268 1
97 264 1
240 260 1
40 136 1
79 172 1
172 209 1
88 233 1
175 256 1
111 240 1
216 267 1
13 56 1
132 192 1
85 153 1
172 227 1
110 147 1
71 272 1
42 189 1
47 131 1
35 112 1
47 169 1
17 266 1
31 110 1
189 191 1
4 40 1
150 198 1
90 143 1
11 96 1
157 264 1
51 230 1
230 239 1
13 88 1
120 231 1
97 103 1
95 172 1
88 150 1
205 272 1
196 230 1
147 172 1
199 275 1
177 184 1
69 264 1
78 145 1
262 264 1
19 65 1
201 257 1
9 60 1
88 143 1
236 264 1
6 131 1
54 175 1
155 216 1
88 140 1
186 253 1
10 96 1
88 173 1
156 256 1
41 70 1
10 85 1
196 200 1
30 191 1
87 272 1
66 269 1
11 260 1
8 199 1
153 275 1
8 39 1
2 88 1
88 120 1
30 174 1
125 264 1
27 170 1
88 110 1
119 172 1
36 88 1
79 191 1
198 224 1
72 90 1
265 269 1
136 233 1
13 216 1
78 200 1
67 85 1
24 206 1
71 134 1
26 88 1
88 117 1
1 266 1
95 151 1
157 266 1
112 186 1
17 269 1
68 71 1
121 264 1
17 144 1
102 144 1
8 78 1
85 184 1
41 47 1
83 88 1
73 96 1
26 79 1
131 274 1
8 158 1
29 171 1
17 88 1
230 261 1
200 223 1
109 137 1
125 142 1
8 177 1
112 116 1
88 213 1
40 234 1
183 205 1
53 172 1
76 77 1
8 187 1
167 202 1
40 214 1
157 168 1
192 265 1
71 181 1
143 264 1
40 200 1
11 206 1
213 230 1
101 175 1
128 172 1
104 158 1
176 264 1
170 264 1
2 71 1
76 88 1
7 244 1
28 157 1
65 179 1
85 242 1
70 88 1
112 169 1
7 186 1
8 204 1
90 247 1
139 150 1
35 197 1
85 94 1
136 262 1
206 268 1
112 270 1
87 264 1
71 109 1
168 267 1
33 109 1
29 198 1
40 149 1
28 209 1
37 186 1
104 112 1
8 255 1
90 123 1
8 193 1
24 233 1
116 211 1
16 112 1
81 264 1
101 201 1
132 244 1
88 125 1
206 269 1
66 251 1
17 139 1
222 267 1
100 191 1
127 172 1
218 225 1
35 152 1
182 264 1
174 267 1
59 196 1
192 267 1
112 255 1
53 147 1
88 182 1
158 239 1
77 105 1
163 208 1
98 171 1
46 224 1
3 198 1
142 207 1
1 192 1
18 205 1
7 72 1
205 230 1
111 142 1
80 227 1
60 88 1
109 257 1
263 267 1
104 267 1
2 41 1
40 87 1
88 166 1
20 147 1
33 205 1
24 261 1
88 197 1
88 155 1
113 215 1
249 267 1
88 160 1
132 137 1
41 254 1
54 147 1
68 101 1
88 179 1
91 230 1
63 265 1
41 88 1
147 272 1
112 131 1
33 170 1
117 244 1
85 248 1
15 26 1
114 184 1
103 264 1
38 132 1
133 264 1
88 262 1
163 219 1
8 145 1
164 233 1
185 272 1
31 166 1
45 264 1
211 275 1
209 258 1
200 250 1
147 210 1
78 275 1
42 142 1
88 111 1
47 85 1
141 240 1
124 184 1
24 105 1
60 74 1
148 191 1
12 211 1
188 250 1
33 56 1
88 223 1
40 157 1
161 163 1
158 190 1
84 145 1
223 242 1
5 264 1
173 266 1
28 64 1
28 56 1
56 88 1
189 266 1
91 244 1
41 158 1
88 268 1
85 110 1
59 255 1
78 199 1
96 148 1
41 192 1
59 88 1
176 269 1
47 198 1
8 77 1
142 193 1
1 8 1
90 105 1
6 230 1
18 264 1
88 113 1
184 248 1
37 101 1
78 257 1
171 172 1
8 107 1
130 172 1
171 213 1
128 135 1
56 198 1
49 112 1
192 222 1
31 230 1
88 207 1
33 247 1
88 226 1
8 135 1
16 153 1
103 230 1
33 116 1
8 88 1
112 123 1
73 264 1
53 178 1
137 253 1
137 251 1
17 89 1
147 225 1
244 275 1
191 212 1
240 267 1
81 88 1
83 103 1
122 147 1
17 150 1
53 175 1
149 172 1
184 257 1
60 253 1
26 117 1
90 242 1
60 76 1
101 166 1
17 192 1
85 159 1
8 220 1
31 244 1
192 262 1
56 222 1
73 103 1
114 233 1
35 242 1
8 138 1
147 230 1
88 156 1
49 195 1
56 102 1
84 173 1
11 170 1
141 177 1
95 147 1
192 217 1
216 234 1
16 223 1
27 264 1
5 131 1
130 269 1
189 240 1
19 71 1
35 238 1
60 112 1
21 230 1
86 88 1
125 148 1
91 192 1
64 215 1
168 197 1
32 71 1
88 211 1
37 44 1
147 175 1
102 199 1
40 106 1
88 269 1
221 264 1
88 102 1
60 172 1
178 218 1
198 252 1
264 273 1
88 118 1
97 131 1
106 233 1
8 256 1
124 256 1
69 184 1
181 260 1
39 98 1
27 90 1
40 130 1
136 214 1
76 256 1
17 98 1
218 223 1
151 191 1
111 132 1
1 18 1
81 112 1
195 244 1
98 240 1
8 141 1
88 274 1
168 264 1
249 261 1
146 172 1
188 256 1
75 148 1
249 253 1
56 92 1
75 173 1
131 265 1
16 172 1
139 255 1
28 69 1
2 172 1
172 200 1
16 249 1
112 141 1
78 175 1
187 230 1
14 214 1
93 102 1
88 108 1
86 103 1
