40 228 3
40 296 3
212 228 3
128 228 3
26 296 3
56 228 3
89 228 3
40 81 3
82 228 3
128 253 3
40 243 3
128 275 3
82 94 3
38 243 3
73 128 3
40 110 3
188 228 3
128 240 3
36 275 3
82 125 3
136 228 3
128 278 3
4 243 3
56 268 3
65 228 3
26 250 3
196 275 3
82 323 3
228 318 3
60 318 3
82 98 3
228 269 3
228 286 3
29 228 3
64 269 3
40 150 3
65 244 3
120 228 3
40 233 3
40 143 3
42 128 3
40 255 3
2 40 3
40 55 3
40 211 3
228 309 3
79 120 3
211 216 3
40 49 3
128 189 3
128 247 3
179 228 3
128 169 3
130 228 3
166 255 3
40 139 3
41 128 3
124 253 3
228 254 3
198 269 3
227 228 3
61 228 3
115 228 3
203 228 3
233 241 3
65 83 3
40 115 3
40 247 3
30 61 3
128 281 3
64 135 3
292 318 3
7 82 3
228 255 3
94 215 3
82 153 3
61 223 3
8 228 3
228 292 3
278 318 3
82 270 3
152 228 3
82 266 3
82 278 3
135 255 3
40 260 3
213 228 3
228 241 3
65 328 3
29 58 3
5 281 3
278 325 3
117 275 3
201 241 3
84 228 3
9 40 3
54 124 3
9 228 3
50 65 3
40 73 3
40 207 3
159 255 3
6 228 3
228 317 3
228 310 3
24 136 3
153 272 3
204 228 3
12 213 3
60 228 3
228 321 3
40 137 3
228 300 3
24 228 3
143 228 3
82 191 3
41 228 3
140 228 3
165 227 3
143 313 3
228 262 3
82 280 3
82 158 3
53 269 3
40 109 3
120 275 3
135 326 3
82 127 3
94 143 3
114 128 3
65 304 3
40 114 3
138 317 3
216 228 3
228 253 3
26 32 3
117 228 3
197 228 3
121 228 3
128 238 3
40 107 3
82 199 3
128 131 3
195 241 3
255 300 3
86 128 3
40 214 3
202 275 3
40 232 3
173 278 3
213 221 3
228 267 3
40 267 3
112 228 3
32 120 3
5 61 3
128 302 3
46 109 3
94 194 3
54 228 3
75 278 3
89 292 3
82 222 3
243 249 3
208 214 3
23 58 3
128 150 3
195 279 3
278 288 3
135 228 3
148 280 3
162 318 3
9 72 3
12 275 3
5 27 3
128 208 3
50 99 3
64 113 3
143 241 3
9 173 3
9 13 3
143 289 3
40 230 3
228 235 3
203 241 3
14 128 3
128 180 3
189 330 3
19 228 3
128 161 3
183 228 3
228 252 3
40 80 3
255 319 3
40 190 3
41 324 3
202 278 3
128 266 3
275 322 3
173 228 3
40 251 3
79 258 3
70 128 3
51 128 3
128 141 3
84 186 3
9 89 3
68 243 3
177 269 3
55 228 3
40 254 3
228 294 3
40 245 3
115 128 3
42 82 3
9 262 3
64 167 3
228 315 3
120 291 3
120 244 3
9 324 3
166 228 3
162 167 3
43 216 3
162 197 3
2 115 3
23 275 3
199 318 3
26 305 3
178 195 3
82 109 3
82 95 3
40 99 3
64 130 3
82 188 3
14 117 3
128 254 3
271 278 3
190 228 3
61 251 3
104 228 3
14 44 3
12 228 3
51 270 3
40 122 3
9 112 3
82 261 3
131 228 3
165 228 3
7 253 3
13 136 3
92 228 3
193 228 3
63 140 3
228 312 3
129 244 3
228 280 3
255 278 3
33 99 3
136 144 3
38 269 3
139 228 3
143 174 3
220 275 3
40 250 3
41 278 3
146 232 3
220 234 3
106 128 3
82 178 3
14 40 3
128 134 3
42 255 3
300 322 3
115 241 3
80 82 3
228 306 3
189 225 3
96 255 3
22 26 3
278 283 3
36 228 3
243 331 3
200 241 3
40 264 3
134 228 3
103 228 3
210 228 3
40 146 3
128 172 3
40 331 3
57 228 3
6 40 3
150 228 3
60 233 3
128 306 3
65 318 3
79 228 3
79 294 3
164 331 3
82 150 3
40 301 3
231 252 3
200 228 3
135 204 3
76 228 3
275 290 3
40 219 3
54 251 3
119 228 3
19 269 3
222 256 3
40 282 3
269 308 3
8 9 3
59 280 3
82 183 3
22 128 3
9 290 3
94 172 3
13 228 3
40 308 3
69 228 3
130 268 3
199 330 3
150 295 3
40 299 3
128 159 3
82 84 3
42 134 3
270 299 3
57 89 3
63 316 3
52 136 3
79 276 3
220 228 3
265 330 3
40 210 3
41 186 3
154 255 3
5 269 3
26 279 3
196 211 3
252 281 3
243 292 3
64 275 3
87 143 3
85 154 3
47 202 3
111 138 3
275 311 3
107 196 3
228 303 3
240 241 3
17 228 3
184 278 3
182 280 3
71 167 3
128 316 3
154 278 3
148 228 3
106 275 3
269 305 3
96 244 3
40 173 3
82 260 3
9 332 3
255 307 3
78 82 3
228 234 3
13 306 3
40 42 3
244 330 3
83 94 3
43 228 3
280 283 3
52 278 3
188 275 3
80 319 3
40 141 3
183 275 3
8 258 3
160 255 3
66 228 3
30 82 3
3 255 3
40 90 3
60 260 3
60 303 3
126 234 3
59 324 3
126 228 3
210 240 3
128 257 3
226 228 3
116 204 3
89 204 3
247 278 3
9 168 3
37 332 3
120 149 3
51 59 3
21 30 3
177 243 3
157 228 3
35 141 3
20 328 3
70 138 3
24 73 3
40 317 3
8 142 3
35 222 3
209 228 3
133 300 3
35 261 3
170 278 3
243 303 3
9 322 3
179 255 3
228 239 3
18 167 3
125 261 3
138 269 3
83 226 3
41 316 3
11 228 3
80 224 3
28 128 3
79 278 3
82 237 3
148 278 3
31 228 3
93 244 3
103 143 3
40 272 3
63 228 3
190 275 3
35 293 3
168 218 3
30 178 3
251 252 3
34 128 3
121 197 3
12 288 3
64 109 3
61 94 3
30 69 3
73 140 3
40 256 3
89 311 3
15 160 3
74 250 3
5 91 3
228 260 3
50 228 3
9 129 3
40 48 3
40 162 3
80 120 3
139 194 3
181 241 3
40 310 3
19 241 3
97 283 3
222 242 3
296 308 3
258 300 3
143 321 3
191 296 3
14 228 3
61 280 3
149 241 3
101 228 3
228 272 3
244 257 3
65 219 3
199 228 3
70 115 3
71 228 3
40 241 3
82 210 3
221 302 3
64 89 3
128 317 3
168 267 3
61 97 3
97 228 3
228 259 3
7 113 3
278 285 3
5 318 3
187 228 3
171 228 3
167 262 3
122 228 3
47 228 3
149 228 3
109 150 3
10 228 3
297 318 3
48 126 3
84 245 3
228 331 3
82 185 3
82 233 3
76 269 3
40 53 3
318 328 3
1 275 3
124 128 3
222 325 3
214 278 3
61 210 3
128 293 3
224 278 3
74 210 3
228 308 3
82 99 3
77 270 3
228 290 3
180 275 3
186 255 3
228 270 3
47 225 3
82 166 3
161 270 3
219 287 3
7 40 3
195 228 3
228 326 3
40 46 3
186 228 3
17 143 3
42 110 3
135 172 3
32 128 3
293 317 3
102 128 3
174 295 3
52 228 3
210 285 3
61 325 3
1 60 3
40 314 3
305 325 3
128 147 3
266 296 3
80 129 3
14 173 3
173 264 3
9 65 3
97 275 3
128 329 3
18 158 3
255 272 3
120 240 3
56 104 3
40 177 3
128 185 3
126 258 3
187 278 3
7 228 3
28 31 3
155 171 3
87 255 3
79 91 3
122 329 3
160 257 3
9 277 3
65 251 3
138 161 3
2 139 3
228 324 3
275 301 3
228 314 3
69 107 3
128 295 3
211 228 3
82 141 3
87 189 3
228 293 3
254 278 3
162 228 3
150 275 3
172 244 3
9 108 3
40 83 3
67 278 3
21 173 3
217 228 3
40 47 3
50 126 3
243 278 3
97 252 3
79 328 3
90 228 3
44 280 3
44 275 3
182 272 3
223 228 3
64 174 3
12 272 3
152 317 3
120 282 3
81 228 3
89 280 3
297 328 3
63 82 3
167 228 3
125 228 3
48 275 3
5 243 3
2 64 3
52 94 3
128 256 3
98 240 3
94 139 3
228 257 3
153 233 3
118 317 3
24 121 3
201 228 3
107 228 3
40 153 3
155 167 3
2 82 3
126 278 3
82 221 3
37 272 3
94 250 3
15 43 3
173 192 3
228 289 3
195 243 3
60 74 3
228 246 3
210 225 3
109 255 3
68 82 3
62 228 3
60 210 3
257 278 3
21 228 3
42 310 3
125 217 3
41 91 3
228 271 3
23 255 3
1 64 3
128 217 3
40 50 3
27 278 3
12 81 3
49 66 3
185 217 3
4 228 3
152 244 3
32 114 3
112 282 3
122 272 3
94 96 3
62 82 3
161 228 3
275 302 3
4 255 3
128 274 3
9 38 3
13 128 3
26 269 3
144 282 3
69 82 3
230 311 3
86 124 3
94 300 3
218 228 3
169 228 3
56 289 3
20 31 3
278 301 3
157 269 3
40 270 3
94 266 3
9 202 3
141 254 3
131 142 3
44 235 3
120 294 3
127 268 3
19 115 3
208 275 3
139 153 3
91 143 3
228 325 3
263 316 3
51 211 3
270 275 3
60 211 3
228 298 3
145 275 3
241 245 3
47 194 3
178 203 3
94 128 3
5 90 3
51 325 3
228 229 3
84 216 3
150 160 3
43 168 3
246 328 3
1 82 3
40 161 3
217 254 3
40 67 3
172 300 3
84 128 3
128 170 3
190 260 3
59 158 3
71 329 3
128 267 3
106 177 3
136 318 3
78 232 3
47 269 3
57 273 3
135 136 3
62 117 3
128 130 3
268 328 3
40 231 3
99 275 3
56 225 3
64 194 3
18 228 3
123 228 3
155 228 3
9 29 3
40 158 3
16 228 3
50 85 3
18 229 3
163 283 3
109 143 3
40 332 3
124 212 3
151 278 3
18 40 3
174 267 3
82 286 3
141 320 3
88 275 3
60 128 3
62 89 3
128 224 3
65 231 3
52 289 3
63 278 3
39 128 3
40 157 3
16 50 3
1 277 3
23 328 3
110 117 3
228 313 3
172 318 3
60 75 3
131 233 3
103 275 3
51 275 3
9 159 3
50 300 3
107 212 3
40 166 3
93 128 3
105 228 3
194 252 3
40 326 3
129 198 3
128 292 3
150 305 3
235 255 3
148 212 3
137 317 3
145 271 3
118 305 3
210 324 3
24 315 3
22 62 3
125 128 3
129 228 3
228 265 3
33 143 3
241 291 3
128 183 3
104 189 3
73 82 3
76 245 3
117 158 3
94 325 3
35 138 3
23 200 3
66 255 3
135 301 3
192 233 3
82 246 3
109 307 3
37 43 3
124 255 3
115 300 3
144 278 3
14 202 3
106 266 3
82 136 3
122 206 3
255 308 3
40 78 3
22 82 3
228 329 3
150 263 3
242 278 3
229 272 3
82 231 3
112 278 3
88 328 3
4 143 3
275 300 3
96 149 3
20 150 3
278 289 3
128 325 3
68 128 3
97 191 3
79 208 3
296 298 3
103 276 3
245 289 3
276 318 3
35 164 3
251 259 3
82 126 3
40 265 3
221 289 3
239 275 3
96 228 3
51 277 3
90 117 3
21 40 3
44 277 3
144 228 3
275 303 3
40 120 3
65 178 3
62 182 3
150 290 3
64 259 3
82 331 3
20 131 3
261 328 3
44 318 3
176 230 3
74 278 3
275 282 3
40 60 3
39 228 3
92 275 3
38 275 3
40 268 3
40 79 3
280 317 3
82 132 3
150 195 3
41 266 3
131 310 3
102 228 3
82 121 3
24 118 3
69 235 3
253 278 3
66 272 3
45 61 3
121 128 3
82 308 3
61 101 3
11 231 3
171 207 3
89 275 3
41 163 3
25 255 3
40 96 3
273 275 3
228 251 3
197 277 3
228 264 3
12 241 3
154 269 3
289 307 3
23 296 3
105 222 3
51 87 3
97 270 3
124 311 3
4 82 3
94 252 3
77 82 3
43 82 3
8 326 3
82 285 3
222 228 3
150 261 3
110 255 3
120 144 3
40 51 3
109 265 3
94 235 3
152 278 3
228 249 3
278 286 3
40 318 3
243 327 3
292 323 3
226 301 3
115 188 3
40 218 3
50 185 3
54 143 3
29 128 3
228 240 3
228 285 3
29 82 3
244 270 3
69 255 3
100 228 3
25 79 3
276 300 3
40 328 3
177 255 3
67 269 3
192 228 3
103 128 3
218 303 3
30 40 3
7 128 3
104 233 3
153 228 3
128 188 3
271 289 3
40 85 3
64 202 3
83 318 3
42 150 3
23 228 3
125 265 3
51 228 3
147 228 3
82 273 3
95 186 3
2 83 3
47 266 3
34 278 3
83 103 3
177 287 3
40 164 3
80 143 3
136 278 3
52 149 3
135 278 3
79 281 3
172 310 3
141 228 3
19 40 3
88 210 3
60 165 3
159 238 3
94 246 3
60 234 3
94 228 3
37 140 3
38 287 3
132 228 3
23 40 3
135 292 3
99 237 3
9 229 3
26 123 3
27 301 3
40 89 3
15 101 3
106 194 3
64 291 3
12 248 3
9 238 3
196 280 3
168 228 3
128 145 3
228 332 3
29 296 3
44 150 3
99 128 3
83 228 3
72 316 3
82 304 3
25 99 3
12 206 3
42 332 3
128 259 3
23 298 3
34 258 3
11 40 3
195 281 3
269 298 3
45 189 3
228 268 3
40 75 3
91 114 3
40 206 3
29 134 3
128 132 3
174 221 3
24 141 3
82 216 3
65 322 3
101 155 3
40 224 3
35 228 3
46 199 3
26 328 3
69 127 3
25 89 3
15 252 3
143 202 3
46 181 3
228 296 3
99 225 3
266 268 3
46 255 3
173 312 3
14 163 3
46 275 3
191 203 3
30 136 3
221 240 3
65 128 3
40 273 3
40 192 3
89 200 3
25 40 3
11 275 3
174 191 3
174 258 3
21 46 3
7 138 3
40 62 3
19 126 3
40 239 3
276 286 3
87 228 3
230 262 3
41 230 3
23 198 3
25 297 3
209 243 3
82 149 3
138 228 3
202 245 3
142 255 3
82 324 3
89 234 3
39 51 3
131 278 3
185 189 3
12 250 3
216 297 3
49 221 3
38 284 3
15 211 3
40 61 3
131 318 3
226 275 3
183 318 3
163 241 3
202 244 3
37 40 3
97 168 3
70 96 3
40 278 3
103 243 3
34 166 3
73 181 3
52 173 3
194 322 3
29 75 3
228 244 3
82 102 3
59 94 3
82 117 3
198 254 3
121 300 3
9 23 3
163 275 3
213 244 3
135 240 3
