216 397 5
303 397 5
63 303 5
266 303 5
338 397 5
22 303 5
137 397 5
137 138 5
216 238 5
22 225 5
171 216 5
331 397 5
303 369 5
126 397 5
126 283 5
135 216 5
122 225 5
280 397 5
137 256 5
87 397 5
266 286 5
87 242 5
117 137 5
149 303 5
78 397 5
37 397 5
18 137 5
137 153 5
133 137 5
60 266 5
338 379 5
40 311 5
138 282 5
153 245 5
42 266 5
137 203 5
15 133 5
205 397 5
75 203 5
44 122 5
53 303 5
137 212 5
194 397 5
101 225 5
248 303 5
303 351 5
245 397 5
137 207 5
18 266 5
137 287 5
46 303 5
133 364 5
86 137 5
137 151 5
244 266 5
245 264 5
42 50 5
37 401 5
6 338 5
22 47 5
103 216 5
242 397 5
137 181 5
264 382 5
11 137 5
337 397 5
110 397 5
365 397 5
260 397 5
15 239 5
266 281 5
303 312 5
164 397 5
37 209 5
57 397 5
264 347 5
212 303 5
138 342 5
10 216 5
177 212 5
200 212 5
160 307 5
87 375 5
138 294 5
236 266 5
384 397 5
271 303 5
81 122 5
397 398 5
55 397 5
72 216 5
212 396 5
356 379 5
86 87 5
212 227 5
16 205 5
332 401 5
303 376 5
23 260 5
8 22 5
171 335 5
191 397 5
211 303 5
137 391 5
216 380 5
212 324 5
53 216 5
16 216 5
317 335 5
71 137 5
207 316 5
137 289 5
87 321 5
42 150 5
302 376 5
126 161 5
203 216 5
13 126 5
171 284 5
263 303 5
367 397 5
18 227 5
101 303 5
116 137 5
72 137 5
111 303 5
6 54 5
102 303 5
131 397 5
116 380 5
123 126 5
303 374 5
201 342 5
31 397 5
131 144 5
130 260 5
136 266 5
13 15 5
91 397 5
285 303 5
245 295 5
97 245 5
137 237 5
205 252 5
255 266 5
126 146 5
257 303 5
4 225 5
23 168 5
127 137 5
66 397 5
127 397 5
146 303 5
81 303 5
207 260 5
237 397 5
28 397 5
137 169 5
303 363 5
15 286 5
235 397 5
216 358 5
244 397 5
42 173 5
9 303 5
37 117 5
303 316 5
259 266 5
138 395 5
22 398 5
263 335 5
17 397 5
195 236 5
2 303 5
131 303 5
232 397 5
126 365 5
72 288 5
223 245 5
131 267 5
293 398 5
45 149 5
37 269 5
241 303 5
137 192 5
207 278 5
138 158 5
9 340 5
59 137 5
37 273 5
56 216 5
311 397 5
133 266 5
389 397 5
181 207 5
137 228 5
216 335 5
72 133 5
138 397 5
37 228 5
15 64 5
5 137 5
18 346 5
81 89 5
37 130 5
158 163 5
44 398 5
97 397 5
5 9 5
181 260 5
2 57 5
303 401 5
124 397 5
103 303 5
243 266 5
61 173 5
22 32 5
126 338 5
126 209 5
291 351 5
32 180 5
212 314 5
327 397 5
261 303 5
303 309 5
137 221 5
137 290 5
133 365 5
167 303 5
76 126 5
18 320 5
77 117 5
318 401 5
16 201 5
16 166 5
22 274 5
141 242 5
97 254 5
274 303 5
21 212 5
133 235 5
184 401 5
353 397 5
216 363 5
168 212 5
297 303 5
233 303 5
6 397 5
2 224 5
124 333 5
126 195 5
12 126 5
115 335 5
115 240 5
144 273 5
86 397 5
197 401 5
225 397 5
159 273 5
122 193 5
303 388 5
41 101 5
111 360 5
239 397 5
170 266 5
37 268 5
72 363 5
110 135 5
210 287 5
37 343 5
173 313 5
109 245 5
18 217 5
212 312 5
15 350 5
201 293 5
137 353 5
183 340 5
93 335 5
32 281 5
123 397 5
126 246 5
72 150 5
22 199 5
15 399 5
212 260 5
115 378 5
115 303 5
76 303 5
4 216 5
124 303 5
101 381 5
89 397 5
216 319 5
213 397 5
315 382 5
136 391 5
40 203 5
259 353 5
216 311 5
218 260 5
53 156 5
163 303 5
172 397 5
151 260 5
130 193 5
83 397 5
235 356 5
26 126 5
126 263 5
260 295 5
5 289 5
140 260 5
391 397 5
247 363 5
45 124 5
103 397 5
137 306 5
201 312 5
231 397 5
377 397 5
230 397 5
273 300 5
294 303 5
8 216 5
130 284 5
177 185 5
303 342 5
137 238 5
193 397 5
137 219 5
19 397 5
119 297 5
216 392 5
65 195 5
117 197 5
126 172 5
138 361 5
22 375 5
228 361 5
137 291 5
161 397 5
53 163 5
212 348 5
52 335 5
117 264 5
303 357 5
54 397 5
290 390 5
133 331 5
137 218 5
81 114 5
149 397 5
125 303 5
4 376 5
33 335 5
356 397 5
106 291 5
318 397 5
260 308 5
257 378 5
137 359 5
172 278 5
36 212 5
118 303 5
274 295 5
48 303 5
284 347 5
187 237 5
288 397 5
300 397 5
230 387 5
28 145 5
10 107 5
46 313 5
15 53 5
137 245 5
273 395 5
302 397 5
310 324 5
216 309 5
41 397 5
247 304 5
80 335 5
290 336 5
265 266 5
50 369 5
311 381 5
117 267 5
107 129 5
41 133 5
25 338 5
37 43 5
137 158 5
20 331 5
170 397 5
375 399 5
143 260 5
334 397 5
236 275 5
126 150 5
126 287 5
137 189 5
207 397 5
216 400 5
296 397 5
94 135 5
289 376 5
182 397 5
224 353 5
338 400 5
284 397 5
237 246 5
238 303 5
137 240 5
103 225 5
42 251 5
18 245 5
8 182 5
170 185 5
227 397 5
202 210 5
99 110 5
45 286 5
57 266 5
77 397 5
96 303 5
137 162 5
37 225 5
61 137 5
72 128 5
4 17 5
182 264 5
107 171 5
182 228 5
205 246 5
230 266 5
324 397 5
394 397 5
46 401 5
216 370 5
186 302 5
56 137 5
303 372 5
36 303 5
90 260 5
37 303 5
57 303 5
208 266 5
303 304 5
143 245 5
227 252 5
7 126 5
203 397 5
69 399 5
397 399 5
30 137 5
162 240 5
40 242 5
71 93 5
74 340 5
57 148 5
74 303 5
47 303 5
23 172 5
137 167 5
275 397 5
95 161 5
44 245 5
32 352 5
172 378 5
84 303 5
22 393 5
53 108 5
137 250 5
43 298 5
137 223 5
104 126 5
86 300 5
153 266 5
219 279 5
162 397 5
72 282 5
303 325 5
33 303 5
137 334 5
112 303 5
279 395 5
210 352 5
72 287 5
260 297 5
326 367 5
316 335 5
214 311 5
129 204 5
12 203 5
358 397 5
15 360 5
69 397 5
330 397 5
77 296 5
195 397 5
18 384 5
266 305 5
290 314 5
212 394 5
53 97 5
62 173 5
40 354 5
61 79 5
82 171 5
137 260 5
133 189 5
216 243 5
172 205 5
14 37 5
243 260 5
46 82 5
363 393 5
8 397 5
290 309 5
189 320 5
173 397 5
27 397 5
36 103 5
42 397 5
32 397 5
143 171 5
146 182 5
133 288 5
182 192 5
48 245 5
303 354 5
43 210 5
105 312 5
335 377 5
298 303 5
163 331 5
138 364 5
170 366 5
138 292 5
172 302 5
225 363 5
137 174 5
187 202 5
16 383 5
186 303 5
348 395 5
300 303 5
3 397 5
157 311 5
22 397 5
138 329 5
208 216 5
187 397 5
61 126 5
103 350 5
15 279 5
107 397 5
26 397 5
297 350 5
53 243 5
31 83 5
230 280 5
57 325 5
314 356 5
74 249 5
87 154 5
21 41 5
129 212 5
87 235 5
32 303 5
79 212 5
303 345 5
126 345 5
137 304 5
88 397 5
260 274 5
107 173 5
156 216 5
114 303 5
137 149 5
40 148 5
194 356 5
127 216 5
46 128 5
130 397 5
137 190 5
126 270 5
16 126 5
216 308 5
117 266 5
166 397 5
268 397 5
126 217 5
210 246 5
189 260 5
42 249 5
241 397 5
22 245 5
137 146 5
221 230 5
190 274 5
57 278 5
246 296 5
240 363 5
266 366 5
226 397 5
126 291 5
48 205 5
91 338 5
260 373 5
87 225 5
36 93 5
32 126 5
117 209 5
45 397 5
87 238 5
10 16 5
191 260 5
308 314 5
113 122 5
132 303 5
27 103 5
81 395 5
289 397 5
22 269 5
128 397 5
97 303 5
146 397 5
18 254 5
255 363 5
195 313 5
223 266 5
334 356 5
46 58 5
64 397 5
256 274 5
229 397 5
375 381 5
303 332 5
216 364 5
182 303 5
223 397 5
54 401 5
260 299 5
108 397 5
117 351 5
29 72 5
222 397 5
224 267 5
175 293 5
274 325 5
49 397 5
137 155 5
303 365 5
87 197 5
40 392 5
139 219 5
171 303 5
216 359 5
51 187 5
259 346 5
195 303 5
182 214 5
85 380 5
368 394 5
117 300 5
143 248 5
234 280 5
238 361 5
51 172 5
198 397 5
41 297 5
104 259 5
16 338 5
174 303 5
390 399 5
37 245 5
375 397 5
266 376 5
371 397 5
6 218 5
222 225 5
286 365 5
119 303 5
22 315 5
99 303 5
91 325 5
216 325 5
54 138 5
204 303 5
178 397 5
216 348 5
260 375 5
198 338 5
59 151 5
138 287 5
43 396 5
92 182 5
26 40 5
16 270 5
51 397 5
65 274 5
40 299 5
153 216 5
182 292 5
113 149 5
274 397 5
188 303 5
292 365 5
138 161 5
240 374 5
107 224 5
121 375 5
17 270 5
114 117 5
12 41 5
305 351 5
73 228 5
76 319 5
209 391 5
15 401 5
212 230 5
320 397 5
195 216 5
52 94 5
182 358 5
261 335 5
16 159 5
293 303 5
63 397 5
73 289 5
323 397 5
148 305 5
319 395 5
215 397 5
379 397 5
276 366 5
303 368 5
192 397 5
122 191 5
113 325 5
216 323 5
34 303 5
128 266 5
27 34 5
339 397 5
5 397 5
204 260 5
214 363 5
37 380 5
42 128 5
58 381 5
47 341 5
155 338 5
101 202 5
86 273 5
22 138 5
2 199 5
288 303 5
244 351 5
130 152 5
106 310 5
178 348 5
182 248 5
200 397 5
16 348 5
303 389 5
138 268 5
133 214 5
266 387 5
137 216 5
196 278 5
137 283 5
172 227 5
303 352 5
284 304 5
30 266 5
254 397 5
237 338 5
262 356 5
62 303 5
260 315 5
37 387 5
177 303 5
303 313 5
191 332 5
137 209 5
193 361 5
98 223 5
145 216 5
166 216 5
28 233 5
18 215 5
347 397 5
168 397 5
244 297 5
259 263 5
25 297 5
91 324 5
88 225 5
71 336 5
77 356 5
204 397 5
126 144 5
216 250 5
271 335 5
40 398 5
6 174 5
221 288 5
24 238 5
203 373 5
329 397 5
137 390 5
4 18 5
258 397 5
160 182 5
303 382 5
137 398 5
107 364 5
363 380 5
303 307 5
143 203 5
103 394 5
294 371 5
18 99 5
322 339 5
37 205 5
23 37 5
338 339 5
316 397 5
117 305 5
243 397 5
13 268 5
20 266 5
187 245 5
294 316 5
175 303 5
154 258 5
93 397 5
141 314 5
21 182 5
259 303 5
147 329 5
142 173 5
133 383 5
156 260 5
380 397 5
168 335 5
46 397 5
22 248 5
200 303 5
15 132 5
17 62 5
28 40 5
303 343 5
266 397 5
216 274 5
105 229 5
207 303 5
126 203 5
15 152 5
42 260 5
126 310 5
259 348 5
141 303 5
189 245 5
280 323 5
65 318 5
311 388 5
18 397 5
203 303 5
266 311 5
44 397 5
311 361 5
189 233 5
17 271 5
28 82 5
258 266 5
141 334 5
154 275 5
75 216 5
42 361 5
57 210 5
150 202 5
243 346 5
43 251 5
273 397 5
22 65 5
43 241 5
303 393 5
111 305 5
92 126 5
268 271 5
6 332 5
176 397 5
100 216 5
228 303 5
80 133 5
326 397 5
154 248 5
201 397 5
201 303 5
91 152 5
43 338 5
133 268 5
28 87 5
37 323 5
27 400 5
120 317 5
311 384 5
28 114 5
137 154 5
38 397 5
34 138 5
126 380 5
22 86 5
218 303 5
92 218 5
205 359 5
274 369 5
114 363 5
7 137 5
189 397 5
137 368 5
182 268 5
109 290 5
79 137 5
42 298 5
72 357 5
32 245 5
293 360 5
254 381 5
113 117 5
7 266 5
106 133 5
65 137 5
194 385 5
92 201 5
303 336 5
29 216 5
17 18 5
374 397 5
283 353 5
137 356 5
17 88 5
18 246 5
274 381 5
295 343 5
201 277 5
31 57 5
32 240 5
102 137 5
139 397 5
395 397 5
18 358 5
158 228 5
137 274 5
254 393 5
37 366 5
138 303 5
16 260 5
284 371 5
83 316 5
126 294 5
303 323 5
68 303 5
160 368 5
175 397 5
199 380 5
260 348 5
139 401 5
278 361 5
126 336 5
51 369 5
31 88 5
97 331 5
181 245 5
361 397 5
144 277 5
206 397 5
289 373 5
182 379 5
19 288 5
34 243 5
247 281 5
303 315 5
390 397 5
268 299 5
21 303 5
126 298 5
364 381 5
303 340 5
261 397 5
57 260 5
73 397 5
15 371 5
184 216 5
303 349 5
156 303 5
90 314 5
272 401 5
17 117 5
171 247 5
3 356 5
187 337 5
37 123 5
241 266 5
358 401 5
143 397 5
182 375 5
173 258 5
258 316 5
172 209 5
129 303 5
138 246 5
186 363 5
134 397 5
87 113 5
46 212 5
299 323 5
340 358 5
158 401 5
92 122 5
317 397 5
16 262 5
272 331 5
393 397 5
332 390 5
155 397 5
47 137 5
92 397 5
250 260 5
190 303 5
144 280 5
216 329 5
37 335 5
73 266 5
57 173 5
2 133 5
179 343 5
143 330 5
256 397 5
180 371 5
212 397 5
95 224 5
91 303 5
47 200 5
57 115 5
63 212 5
109 401 5
24 316 5
65 397 5
138 401 5
72 223 5
126 274 5
372 397 5
203 212 5
224 303 5
37 306 5
29 308 5
108 137 5
32 327 5
15 363 5
223 335 5
144 397 5
247 386 5
245 353 5
90 137 5
51 303 5
131 311 5
172 368 5
295 397 5
42 325 5
184 338 5
137 366 5
304 397 5
197 223 5
19 378 5
214 303 5
300 335 5
56 397 5
148 158 5
216 298 5
72 398 5
117 330 5
171 274 5
140 379 5
37 383 5
158 397 5
89 117 5
40 72 5
316 344 5
360 397 5
17 303 5
132 143 5
127 210 5
135 153 5
82 137 5
44 303 5
165 397 5
115 301 5
16 376 5
30 43 5
3 137 5
1 216 5
32 64 5
99 397 5
167 397 5
198 203 5
260 380 5
81 87 5
114 274 5
286 397 5
33 397 5
83 303 5
203 234 5
15 37 5
303 334 5
181 381 5
283 397 5
90 182 5
302 304 5
84 171 5
32 268 5
171 397 5
251 273 5
226 342 5
240 351 5
266 275 5
125 137 5
81 139 5
364 378 5
34 207 5
29 260 5
99 184 5
137 242 5
182 355 5
35 93 5
348 397 5
124 176 5
387 397 5
297 397 5
133 191 5
42 348 5
114 319 5
245 378 5
216 217 5
155 398 5
107 182 5
216 346 5
125 397 5
246 318 5
117 310 5
117 131 5
276 397 5
116 244 5
117 345 5
18 244 5
66 133 5
386 397 5
40 223 5
291 397 5
27 193 5
48 173 5
184 397 5
9 397 5
167 299 5
217 267 5
65 315 5
47 244 5
117 342 5
40 155 5
58 122 5
281 397 5
179 313 5
242 303 5
18 352 5
216 389 5
1 259 5
303 346 5
277 358 5
342 397 5
341 397 5
238 349 5
182 197 5
74 115 5
18 59 5
286 303 5
319 397 5
44 137 5
76 137 5
51 143 5
332 375 5
151 397 5
308 401 5
24 397 5
114 252 5
94 303 5
108 243 5
364 375 5
239 363 5
58 342 5
162 303 5
77 220 5
200 218 5
315 363 5
181 218 5
287 398 5
76 401 5
110 214 5
226 245 5
112 397 5
48 259 5
216 303 5
355 397 5
101 397 5
331 336 5
17 102 5
380 400 5
52 137 5
16 358 5
142 203 5
172 250 5
103 282 5
169 397 5
124 357 5
57 143 5
247 303 5
237 335 5
145 397 5
23 120 5
392 397 5
15 32 5
154 225 5
137 173 5
132 141 5
159 397 5
47 335 5
176 286 5
93 303 5
69 216 5
117 343 5
359 397 5
119 397 5
195 201 5
303 306 5
9 49 5
298 397 5
112 380 5
116 165 5
292 303 5
175 260 5
46 71 5
216 264 5
305 397 5
25 150 5
223 303 5
16 248 5
61 354 5
46 290 5
37 367 5
37 159 5
205 358 5
126 382 5
288 401 5
126 353 5
137 180 5
182 341 5
58 354 5
17 219 5
18 289 5
153 375 5
19 71 5
128 133 5
85 201 5
41 380 5
357 380 5
143 205 5
343 397 5
33 308 5
266 352 5
109 397 5
244 274 5
63 169 5
66 266 5
184 351 5
290 360 5
179 397 5
4 284 5
58 103 5
95 303 5
133 395 5
158 303 5
48 285 5
132 397 5
3 218 5
354 356 5
154 331 5
398 401 5
103 373 5
246 376 5
232 303 5
126 233 5
62 330 5
137 351 5
141 253 5
336 348 5
128 256 5
128 396 5
108 307 5
42 101 5
9 137 5
35 153 5
22 125 5
212 285 5
172 245 5
338 373 5
212 225 5
216 227 5
194 216 5
162 262 5
137 232 5
165 353 5
134 264 5
165 184 5
136 303 5
134 160 5
233 399 5
47 385 5
96 397 5
122 219 5
37 86 5
361 384 5
313 395 5
353 358 5
32 142 5
268 376 5
22 152 5
187 382 5
133 147 5
137 247 5
126 234 5
133 238 5
196 397 5
8 303 5
249 397 5
266 379 5
159 182 5
9 304 5
161 266 5
137 396 5
107 137 5
78 219 5
70 397 5
232 398 5
212 337 5
196 398 5
38 169 5
3 159 5
137 308 5
57 316 5
303 364 5
195 317 5
37 342 5
72 370 5
37 301 5
43 258 5
153 376 5
246 308 5
205 234 5
16 82 5
127 260 5
37 58 5
82 294 5
214 391 5
62 380 5
63 143 5
16 282 5
25 303 5
76 260 5
300 368 5
2 39 5
252 356 5
33 164 5
285 397 5
137 208 5
1 62 5
124 184 5
114 281 5
139 370 5
108 303 5
138 228 5
160 255 5
180 348 5
137 327 5
82 212 5
137 159 5
137 365 5
161 240 5
22 31 5
121 264 5
181 397 5
42 216 5
114 390 5
14 205 5
73 401 5
29 117 5
40 244 5
47 165 5
275 303 5
100 173 5
137 324 5
22 376 5
158 386 5
57 60 5
126 189 5
290 298 5
59 108 5
121 303 5
88 148 5
26 37 5
240 265 5
122 397 5
303 333 5
133 296 5
81 353 5
238 380 5
37 221 5
37 155 5
273 303 5
137 253 5
77 303 5
98 266 5
14 15 5
110 303 5
11 83 5
120 216 5
17 187 5
179 197 5
344 397 5
210 245 5
219 356 5
15 303 5
266 355 5
231 258 5
205 322 5
21 364 5
160 386 5
40 134 5
24 303 5
63 107 5
17 98 5
41 389 5
221 245 5
147 182 5
53 300 5
136 313 5
61 279 5
292 349 5
199 372 5
120 397 5
87 137 5
97 355 5
9 94 5
169 212 5
186 216 5
154 237 5
137 348 5
126 129 5
59 184 5
309 397 5
31 242 5
15 295 5
28 209 5
108 144 5
245 273 5
211 212 5
84 401 5
260 310 5
32 96 5
133 208 5
131 137 5
269 397 5
223 258 5
109 167 5
154 303 5
197 303 5
59 217 5
61 397 5
92 303 5
47 104 5
283 303 5
225 252 5
18 367 5
189 366 5
18 286 5
126 169 5
191 212 5
115 262 5
23 126 5
100 303 5
47 61 5
290 291 5
18 52 5
29 217 5
283 330 5
16 265 5
163 294 5
48 57 5
162 365 5
141 339 5
40 397 5
236 301 5
116 397 5
216 276 5
43 378 5
18 285 5
122 380 5
46 138 5
138 143 5
183 256 5
213 303 5
254 395 5
210 397 5
16 362 5
60 336 5
129 315 5
126 343 5
349 397 5
76 121 5
278 303 5
43 153 5
18 356 5
137 176 5
162 327 5
53 74 5
100 108 5
120 303 5
61 380 5
382 397 5
187 221 5
124 231 5
117 195 5
23 397 5
273 330 5
137 200 5
112 317 5
138 326 5
138 206 5
212 365 5
257 323 5
137 179 5
118 395 5
130 266 5
109 223 5
210 303 5
117 243 5
176 266 5
137 164 5
30 220 5
266 325 5
72 248 5
74 336 5
59 141 5
133 224 5
75 303 5
303 399 5
205 303 5
298 334 5
42 133 5
158 227 5
264 351 5
64 303 5
212 385 5
18 37 5
131 401 5
204 216 5
138 305 5
37 161 5
161 369 5
187 205 5
268 300 5
38 131 5
216 262 5
201 380 5
37 101 5
130 281 5
116 223 5
29 126 5
74 397 5
245 315 5
128 331 5
43 105 5
46 287 5
53 255 5
216 241 5
284 352 5
263 397 5
59 333 5
154 314 5
231 335 5
182 360 5
8 90 5
106 160 5
3 303 5
166 289 5
