1 2 2
1 3 2
1 4 2
1 230 2
1 274 2
1 275 2
1 291 2
1 300 2
1 301 2
2 4 2
2 5 2
2 6 2
2 40 2
2 56 2
2 200 2
2 262 2
2 300 2
2 302 2
3 4 2
3 5 2
3 6 2
3 20 2
3 58 2
3 275 2
3 302 2
4 5 2
4 113 2
5 6 2
5 7 2
5 8 2
6 7 2
6 8 2
6 269 2
7 8 2
7 10 2
7 137 2
7 204 2
8 9 2
8 96 2
8 108 2
9 10 2
9 11 2
9 13 2
9 157 2
9 195 2
10 11 2
10 12 2
10 38 2
10 251 2
11 13 2
11 14 2
11 15 2
11 180 2
12 13 2
12 14 2
13 14 2
13 15 2
13 16 2
13 43 2
13 252 2
13 268 2
14 15 2
14 16 2
14 18 2
14 119 2
14 229 2
15 17 2
15 18 2
15 252 2
16 17 2
16 19 2
16 38 2
16 39 2
16 211 2
16 261 2
17 18 2
17 19 2
17 26 2
17 190 2
18 21 2
18 22 2
18 26 2
18 185 2
18 239 2
18 253 2
18 271 2
19 20 2
19 21 2
19 173 2
20 21 2
20 22 2
20 129 2
20 161 2
21 23 2
21 24 2
21 25 2
21 58 2
21 71 2
22 23 2
22 24 2
22 72 2
22 227 2
23 25 2
23 26 2
23 84 2
23 194 2
24 26 2
24 110 2
24 224 2
25 28 2
25 47 2
25 64 2
26 28 2
26 29 2
26 42 2
26 74 2
26 207 2
27 28 2
27 29 2
27 30 2
28 29 2
28 31 2
28 43 2
29 30 2
29 33 2
29 172 2
29 223 2
29 256 2
30 31 2
30 32 2
30 34 2
31 157 2
31 225 2
32 34 2
32 35 2
32 88 2
32 139 2
33 34 2
33 35 2
33 36 2
33 130 2
33 238 2
34 35 2
34 122 2
34 157 2
34 208 2
35 36 2
35 38 2
35 53 2
36 39 2
36 96 2
36 154 2
37 38 2
37 39 2
37 40 2
37 41 2
37 118 2
38 41 2
38 42 2
38 61 2
39 42 2
39 77 2
39 152 2
39 297 2
40 41 2
40 42 2
41 42 2
41 44 2
41 54 2
41 251 2
42 45 2
42 46 2
42 119 2
42 124 2
42 268 2
43 44 2
43 45 2
43 47 2
43 109 2
43 125 2
44 46 2
44 48 2
44 170 2
44 228 2
45 46 2
45 47 2
46 47 2
46 48 2
46 118 2
47 48 2
47 50 2
47 163 2
47 178 2
47 284 2
48 49 2
48 50 2
48 51 2
48 109 2
49 50 2
49 52 2
49 114 2
49 197 2
50 52 2
50 55 2
50 91 2
50 101 2
51 52 2
51 53 2
51 137 2
51 271 2
51 280 2
52 53 2
52 55 2
52 71 2
52 187 2
52 232 2
52 292 2
53 54 2
53 55 2
53 57 2
53 91 2
54 57 2
54 58 2
54 66 2
54 84 2
54 205 2
54 243 2
54 291 2
55 56 2
55 58 2
55 59 2
55 212 2
56 57 2
56 58 2
56 59 2
57 59 2
57 60 2
57 208 2
57 210 2
57 248 2
57 268 2
58 60 2
58 203 2
59 93 2
59 95 2
59 147 2
60 62 2
60 63 2
60 99 2
60 175 2
60 233 2
61 62 2
61 63 2
61 64 2
62 63 2
62 64 2
62 65 2
63 64 2
63 232 2
63 293 2
64 65 2
64 66 2
64 67 2
65 67 2
65 68 2
65 270 2
66 68 2
66 69 2
66 179 2
67 68 2
67 69 2
68 70 2
68 122 2
68 188 2
68 221 2
69 70 2
69 71 2
69 73 2
69 112 2
69 188 2
70 71 2
70 72 2
70 73 2
70 95 2
71 72 2
71 73 2
71 74 2
71 77 2
71 111 2
72 73 2
72 162 2
72 213 2
72 254 2
73 74 2
73 99 2
73 145 2
74 75 2
74 76 2
74 108 2
74 171 2
75 76 2
75 77 2
75 132 2
75 139 2
76 77 2
76 78 2
76 79 2
76 227 2
76 272 2
77 81 2
77 109 2
77 247 2
78 79 2
78 80 2
78 161 2
79 81 2
79 83 2
79 174 2
80 81 2
80 82 2
80 83 2
81 83 2
81 259 2
81 265 2
82 116 2
82 195 2
82 250 2
83 85 2
83 86 2
83 107 2
84 85 2
84 105 2
84 259 2
85 86 2
85 87 2
86 87 2
86 88 2
86 89 2
87 88 2
87 90 2
87 94 2
87 115 2
88 89 2
88 90 2
88 91 2
88 99 2
89 90 2
89 92 2
89 153 2
89 273 2
90 91 2
90 92 2
90 93 2
90 94 2
90 127 2
91 111 2
91 115 2
91 158 2
91 244 2
92 93 2
92 94 2
92 95 2
92 96 2
93 94 2
93 95 2
93 112 2
94 95 2
94 98 2
95 96 2
95 97 2
96 97 2
96 98 2
97 98 2
97 99 2
97 100 2
98 99 2
98 100 2
98 101 2
98 212 2
99 100 2
100 101 2
100 102 2
100 133 2
100 136 2
100 234 2
101 102 2
101 103 2
101 104 2
101 169 2
102 104 2
102 122 2
102 143 2
102 169 2
102 224 2
103 104 2
103 105 2
103 106 2
104 105 2
104 107 2
104 108 2
104 239 2
104 299 2
105 106 2
105 108 2
105 109 2
106 107 2
106 109 2
106 110 2
106 275 2
107 109 2
107 110 2
107 142 2
108 109 2
108 205 2
109 110 2
109 111 2
109 113 2
109 214 2
110 111 2
110 112 2
110 197 2
111 114 2
111 133 2
111 264 2
112 113 2
112 116 2
112 117 2
112 154 2
113 114 2
113 115 2
113 116 2
113 177 2
114 115 2
114 118 2
114 277 2
115 116 2
115 118 2
116 117 2
116 118 2
116 119 2
116 250 2
117 118 2
117 119 2
118 119 2
118 220 2
119 120 2
119 122 2
120 121 2
120 123 2
120 156 2
120 187 2
121 122 2
121 123 2
121 124 2
122 124 2
122 125 2
122 126 2
123 124 2
123 126 2
123 167 2
123 267 2
124 125 2
124 127 2
125 126 2
125 129 2
125 162 2
125 224 2
125 294 2
126 127 2
126 128 2
126 129 2
127 129 2
127 130 2
128 129 2
128 130 2
128 155 2
129 131 2
129 132 2
130 132 2
131 132 2
131 134 2
131 141 2
131 150 2
132 151 2
132 233 2
132 270 2
133 135 2
133 243 2
133 270 2
134 135 2
134 136 2
134 137 2
134 233 2
135 136 2
135 137 2
135 138 2
136 138 2
136 139 2
137 139 2
138 139 2
138 140 2
138 142 2
138 185 2
139 140 2
139 141 2
139 143 2
139 283 2
140 142 2
140 143 2
140 144 2
140 247 2
141 142 2
141 144 2
141 145 2
142 143 2
142 144 2
142 186 2
142 203 2
143 146 2
143 258 2
144 145 2
144 146 2
144 147 2
144 301 2
145 146 2
145 147 2
145 148 2
145 262 2
146 147 2
146 148 2
146 180 2
146 231 2
147 149 2
147 150 2
147 225 2
148 149 2
148 150 2
148 151 2
148 152 2
148 234 2
149 150 2
149 151 2
149 152 2
150 151 2
150 152 2
150 153 2
151 152 2
151 153 2
151 154 2
151 155 2
151 164 2
152 153 2
152 154 2
152 188 2
153 154 2
153 155 2
153 156 2
154 155 2
154 156 2
154 158 2
154 206 2
155 156 2
155 221 2
156 157 2
156 158 2
156 227 2
157 158 2
157 159 2
157 198 2
157 238 2
158 159 2
158 160 2
159 160 2
159 161 2
159 302 2
160 161 2
160 162 2
160 163 2
161 162 2
161 164 2
161 165 2
161 263 2
162 165 2
163 165 2
163 166 2
164 166 2
164 184 2
164 255 2
165 167 2
165 194 2
166 167 2
166 168 2
167 169 2
167 171 2
168 169 2
168 170 2
168 171 2
168 194 2
168 212 2
169 171 2
170 171 2
170 224 2
171 173 2
171 174 2
172 173 2
172 174 2
172 175 2
173 174 2
173 175 2
173 176 2
174 175 2
174 176 2
174 278 2
175 176 2
175 177 2
176 177 2
176 178 2
177 178 2
177 181 2
177 225 2
178 180 2
179 180 2
179 181 2
179 193 2
180 183 2
180 237 2
180 283 2
181 182 2
181 184 2
181 185 2
182 183 2
182 184 2
183 184 2
183 185 2
183 268 2
184 185 2
184 186 2
184 187 2
185 186 2
185 187 2
185 189 2
186 187 2
186 188 2
187 188 2
187 189 2
187 241 2
188 189 2
189 190 2
189 191 2
189 192 2
189 193 2
190 191 2
190 194 2
190 219 2
191 192 2
191 193 2
191 194 2
192 193 2
192 194 2
192 195 2
192 196 2
193 194 2
193 195 2
193 196 2
194 196 2
194 197 2
194 240 2
194 281 2
195 198 2
196 197 2
196 198 2
196 199 2
196 201 2
197 198 2
198 199 2
198 201 2
198 202 2
198 205 2
198 229 2
199 200 2
199 201 2
199 202 2
199 203 2
199 228 2
200 201 2
200 202 2
201 202 2
201 203 2
201 208 2
201 219 2
202 203 2
202 204 2
202 205 2
203 205 2
203 206 2
204 205 2
204 206 2
204 207 2
205 206 2
205 207 2
206 207 2
206 208 2
206 209 2
207 210 2
207 246 2
208 209 2
209 210 2
209 211 2
209 212 2
209 231 2
210 211 2
210 212 2
210 214 2
212 214 2
212 220 2
213 214 2
213 215 2
214 215 2
214 216 2
215 216 2
215 217 2
216 217 2
216 218 2
217 218 2
217 219 2
217 220 2
218 219 2
218 220 2
218 221 2
219 221 2
220 221 2
220 235 2
222 223 2
222 224 2
222 226 2
222 264 2
223 224 2
224 226 2
225 226 2
225 227 2
225 228 2
226 227 2
226 228 2
226 229 2
227 228 2
227 230 2
228 230 2
228 233 2
229 231 2
229 251 2
230 231 2
230 233 2
230 234 2
232 234 2
232 235 2
233 234 2
234 236 2
234 237 2
235 236 2
235 237 2
236 237 2
236 238 2
237 238 2
237 239 2
237 240 2
237 241 2
237 297 2
237 301 2
238 240 2
239 241 2
240 241 2
240 245 2
241 244 2
242 243 2
243 245 2
244 245 2
244 246 2
244 247 2
245 246 2
245 249 2
245 275 2
246 247 2
246 248 2
246 249 2
247 248 2
247 249 2
247 250 2
248 249 2
249 250 2
249 251 2
249 252 2
249 253 2
250 251 2
251 252 2
251 253 2
252 253 2
252 259 2
252 267 2
253 254 2
253 255 2
253 257 2
254 255 2
254 258 2
254 269 2
255 256 2
255 294 2
256 257 2
257 258 2
257 259 2
257 263 2
258 259 2
258 260 2
258 261 2
259 262 2
260 261 2
260 263 2
261 263 2
261 264 2
262 264 2
262 265 2
263 264 2
263 265 2
264 266 2
264 275 2
265 266 2
265 267 2
265 268 2
266 267 2
266 268 2
267 268 2
267 269 2
267 270 2
269 271 2
269 275 2
270 273 2
271 274 2
272 274 2
272 276 2
273 276 2
274 275 2
274 276 2
274 277 2
275 278 2
275 279 2
276 277 2
276 278 2
276 279 2
277 278 2
277 279 2
277 280 2
278 279 2
278 280 2
278 281 2
279 280 2
279 281 2
279 282 2
280 281 2
280 282 2
280 283 2
281 283 2
281 284 2
282 283 2
282 284 2
282 285 2
283 285 2
283 297 2
284 285 2
284 286 2
284 287 2
285 286 2
285 287 2
285 288 2
286 287 2
286 289 2
286 295 2
287 288 2
287 289 2
287 290 2
288 289 2
288 290 2
288 291 2
289 290 2
289 291 2
289 292 2
290 291 2
290 292 2
290 293 2
291 292 2
291 293 2
291 294 2
291 295 2
292 293 2
292 295 2
293 294 2
293 295 2
293 296 2
294 297 2
295 296 2
295 297 2
295 298 2
296 297 2
296 298 2
296 299 2
297 300 2
298 299 2
298 300 2
298 301 2
299 300 2
299 301 2
299 302 2
300 301 2
300 302 2
