1 22 4
1 89 4
1 206 4
1 254 4
3 32 4
3 60 4
3 124 4
3 302 4
4 45 4
4 55 4
4 63 4
4 85 4
4 122 4
4 147 4
4 246 4
4 253 4
4 330 4
5 297 4
6 16 4
6 57 4
7 97 4
7 196 4
7 303 4
9 22 4
9 146 4
10 89 4
11 98 4
11 190 4
11 205 4
12 62 4
12 190 4
12 252 4
13 45 4
14 78 4
15 97 4
15 251 4
15 331 4
16 57 4
16 120 4
16 311 4
17 33 4
17 34 4
17 72 4
17 219 4
17 221 4
17 247 4
17 253 4
17 256 4
17 306 4
18 62 4
18 86 4
19 232 4
20 145 4
20 271 4
21 79 4
21 109 4
21 111 4
21 121 4
22 60 4
22 106 4
22 195 4
22 212 4
22 235 4
23 185 4
23 233 4
23 272 4
25 217 4
25 232 4
25 242 4
26 42 4
26 97 4
26 232 4
27 97 4
28 72 4
28 155 4
28 167 4
28 207 4
28 217 4
29 77 4
29 148 4
29 165 4
29 188 4
29 251 4
29 289 4
30 97 4
30 178 4
30 220 4
30 295 4
31 272 4
32 251 4
32 277 4
33 140 4
33 190 4
34 35 4
34 123 4
34 162 4
34 197 4
35 62 4
36 60 4
36 78 4
36 122 4
36 146 4
36 213 4
36 247 4
37 61 4
37 89 4
37 120 4
39 97 4
39 282 4
41 43 4
41 46 4
41 133 4
41 200 4
41 289 4
42 227 4
42 272 4
43 49 4
43 156 4
43 285 4
44 60 4
44 146 4
44 239 4
44 251 4
45 205 4
45 264 4
46 61 4
46 197 4
46 214 4
47 78 4
47 97 4
47 186 4
48 104 4
48 123 4
48 129 4
48 272 4
51 55 4
51 89 4
51 122 4
51 217 4
52 243 4
53 56 4
53 71 4
53 119 4
54 60 4
55 58 4
55 97 4
55 111 4
55 112 4
55 284 4
55 317 4
55 323 4
56 123 4
56 187 4
57 172 4
57 197 4
57 243 4
57 259 4
58 128 4
60 91 4
60 97 4
60 102 4
60 132 4
60 196 4
60 205 4
60 209 4
60 232 4
60 253 4
60 267 4
60 277 4
60 284 4
60 285 4
60 289 4
60 329 4
61 183 4
61 204 4
62 156 4
62 229 4
62 230 4
62 232 4
62 281 4
63 97 4
63 272 4
64 79 4
64 97 4
64 197 4
66 255 4
66 295 4
69 79 4
70 71 4
70 272 4
71 211 4
72 97 4
72 323 4
73 140 4
73 198 4
73 204 4
73 208 4
73 223 4
75 129 4
76 173 4
77 91 4
77 122 4
77 139 4
78 91 4
78 100 4
78 158 4
78 172 4
78 202 4
78 218 4
78 254 4
78 274 4
78 293 4
80 88 4
80 111 4
80 233 4
81 97 4
81 125 4
81 190 4
81 275 4
82 192 4
83 177 4
83 187 4
83 233 4
83 289 4
83 309 4
84 91 4
84 97 4
84 203 4
85 139 4
85 204 4
85 232 4
85 272 4
85 309 4
86 121 4
86 165 4
86 232 4
86 307 4
87 173 4
87 180 4
87 198 4
87 232 4
87 248 4
87 281 4
87 307 4
88 107 4
88 114 4
88 157 4
88 211 4
88 225 4
89 104 4
89 105 4
89 174 4
89 216 4
89 245 4
89 274 4
90 174 4
90 232 4
91 127 4
91 130 4
91 143 4
91 174 4
91 218 4
91 224 4
91 225 4
91 232 4
91 280 4
91 282 4
91 307 4
92 94 4
92 97 4
92 185 4
93 286 4
94 192 4
94 292 4
94 308 4
96 97 4
96 118 4
96 232 4
97 104 4
97 114 4
97 123 4
97 154 4
97 162 4
97 166 4
97 172 4
97 176 4
97 177 4
97 179 4
97 189 4
97 204 4
97 210 4
97 215 4
97 217 4
97 233 4
97 254 4
97 265 4
97 281 4
97 286 4
97 291 4
98 124 4
98 290 4
100 232 4
102 266 4
103 173 4
103 193 4
104 172 4
104 233 4
104 243 4
104 246 4
106 236 4
107 134 4
108 178 4
108 219 4
110 185 4
110 241 4
111 123 4
111 140 4
111 176 4
113 122 4
113 232 4
114 162 4
114 231 4
114 272 4
115 171 4
115 232 4
116 211 4
116 221 4
116 232 4
117 190 4
118 185 4
118 223 4
119 151 4
119 166 4
119 217 4
121 252 4
121 319 4
122 229 4
122 299 4
122 301 4
123 244 4
124 232 4
124 251 4
126 142 4
127 232 4
127 243 4
128 232 4
129 237 4
129 281 4
130 151 4
130 232 4
130 245 4
131 192 4
131 276 4
134 156 4
135 287 4
136 190 4
137 232 4
138 198 4
138 297 4
138 315 4
139 198 4
139 213 4
140 272 4
140 302 4
141 180 4
141 232 4
141 245 4
142 164 4
142 190 4
143 264 4
144 248 4
145 167 4
145 272 4
146 157 4
146 205 4
147 211 4
147 247 4
148 190 4
148 198 4
148 224 4
148 244 4
149 185 4
149 217 4
150 209 4
152 162 4
152 240 4
152 257 4
152 325 4
152 330 4
153 217 4
154 176 4
154 227 4
155 232 4
156 299 4
157 177 4
157 249 4
157 272 4
157 311 4
159 232 4
159 234 4
161 261 4
162 192 4
163 232 4
163 330 4
164 240 4
165 215 4
166 281 4
168 212 4
169 244 4
170 185 4
170 232 4
170 242 4
171 243 4
172 194 4
172 207 4
172 289 4
173 295 4
174 203 4
176 240 4
178 192 4
178 268 4
179 190 4
179 272 4
180 185 4
182 212 4
182 227 4
182 258 4
182 293 4
184 251 4
185 227 4
185 253 4
185 259 4
187 295 4
187 298 4
189 272 4
190 191 4
190 210 4
190 264 4
190 266 4
191 216 4
191 249 4
191 269 4
192 196 4
194 232 4
195 272 4
196 257 4
200 251 4
202 211 4
202 232 4
203 232 4
204 272 4
204 281 4
204 289 4
205 206 4
208 214 4
210 262 4
211 244 4
211 301 4
212 236 4
212 262 4
213 243 4
214 273 4
216 220 4
216 224 4
216 248 4
216 269 4
217 251 4
218 272 4
219 248 4
221 272 4
221 273 4
222 224 4
223 234 4
223 257 4
223 283 4
225 309 4
227 232 4
227 251 4
230 254 4
231 261 4
232 233 4
232 241 4
232 256 4
232 259 4
232 261 4
232 279 4
232 287 4
232 290 4
232 296 4
232 300 4
232 309 4
232 312 4
232 321 4
232 323 4
233 332 4
237 247 4
239 259 4
242 258 4
245 274 4
246 311 4
248 272 4
251 263 4
251 287 4
251 322 4
253 280 4
255 272 4
256 281 4
257 272 4
257 287 4
259 272 4
262 272 4
266 285 4
269 278 4
270 272 4
270 283 4
271 320 4
272 288 4
272 298 4
272 304 4
272 318 4
275 281 4
276 323 4
293 318 4
15 60 4
89 126 4
9 309 4
51 282 4
1 223 4
38 43 4
232 244 4
78 342 4
153 194 4
232 364 4
62 328 4
8 91 4
151 217 4
232 304 4
97 236 4
172 348 4
243 317 4
38 62 4
115 306 4
41 115 4
21 97 4
28 297 4
123 251 4
99 129 4
214 318 4
37 281 4
97 266 4
9 289 4
45 78 4
219 232 4
152 160 4
87 338 4
89 215 4
129 276 4
309 356 4
94 97 4
205 330 4
37 329 4
108 277 4
129 166 4
79 157 4
20 62 4
176 278 4
145 251 4
79 96 4
198 240 4
217 230 4
47 232 4
129 272 4
247 271 4
45 272 4
306 347 4
104 252 4
89 133 4
34 92 4
30 193 4
161 204 4
140 257 4
37 134 4
225 248 4
9 81 4
272 334 4
194 201 4
204 249 4
131 348 4
131 152 4
34 97 4
37 92 4
212 255 4
67 81 4
85 303 4
104 204 4
193 257 4
51 237 4
60 89 4
28 139 4
13 232 4
21 272 4
182 232 4
244 353 4
112 232 4
78 106 4
32 232 4
163 207 4
62 294 4
60 105 4
44 189 4
147 337 4
147 190 4
113 202 4
78 264 4
122 166 4
23 219 4
212 319 4
232 294 4
16 349 4
95 243 4
188 272 4
157 315 4
11 69 4
77 176 4
143 156 4
74 205 4
8 97 4
22 46 4
197 310 4
29 53 4
286 303 4
22 26 4
60 191 4
238 283 4
97 237 4
232 295 4
90 205 4
79 87 4
166 234 4
272 343 4
90 204 4
24 47 4
37 60 4
60 263 4
231 248 4
239 353 4
13 272 4
205 287 4
79 327 4
272 309 4
15 92 4
123 315 4
12 247 4
60 251 4
188 346 4
120 218 4
193 356 4
204 240 4
111 135 4
211 242 4
34 352 4
83 119 4
81 228 4
94 283 4
193 220 4
185 340 4
272 333 4
264 272 4
115 190 4
217 341 4
60 153 4
204 210 4
3 236 4
173 265 4
15 36 4
122 302 4
176 263 4
231 358 4
60 86 4
50 86 4
74 224 4
287 357 4
152 190 4
15 31 4
167 256 4
89 317 4
51 267 4
213 224 4
199 232 4
165 190 4
94 232 4
54 287 4
34 339 4
76 259 4
58 147 4
181 293 4
129 340 4
22 146 4
90 234 4
118 232 4
17 348 4
196 341 4
172 327 4
78 355 4
54 190 4
97 325 4
204 341 4
169 281 4
269 272 4
14 233 4
258 348 4
30 353 4
257 289 4
20 100 4
201 248 4
225 232 4
28 120 4
198 201 4
26 255 4
190 226 4
15 180 4
232 362 4
124 292 4
232 325 4
97 138 4
100 174 4
317 345 4
284 286 4
133 251 4
9 87 4
232 299 4
4 5 4
44 293 4
29 122 4
95 152 4
36 204 4
43 162 4
78 346 4
34 300 4
36 137 4
190 290 4
263 327 4
97 121 4
54 283 4
211 286 4
217 349 4
37 104 4
72 217 4
30 148 4
46 251 4
179 321 4
10 25 4
32 54 4
196 198 4
9 60 4
281 302 4
123 156 4
19 219 4
6 97 4
97 209 4
90 182 4
51 242 4
210 232 4
32 252 4
72 322 4
157 289 4
25 36 4
21 232 4
28 261 4
272 295 4
89 337 4
215 265 4
254 256 4
75 145 4
10 60 4
34 249 4
214 283 4
148 213 4
34 338 4
28 181 4
283 342 4
154 351 4
232 316 4
68 232 4
273 352 4
76 168 4
52 132 4
29 266 4
20 185 4
96 241 4
78 232 4
129 248 4
38 185 4
104 304 4
52 206 4
205 272 4
232 358 4
21 123 4
123 165 4
27 214 4
56 280 4
216 361 4
147 341 4
54 150 4
21 129 4
90 95 4
272 353 4
162 232 4
232 245 4
102 109 4
232 264 4
97 147 4
87 341 4
157 358 4
67 322 4
85 135 4
29 318 4
29 64 4
302 312 4
194 293 4
166 171 4
8 47 4
96 226 4
94 282 4
201 233 4
308 338 4
44 232 4
120 359 4
45 333 4
43 212 4
194 306 4
78 286 4
145 232 4
14 232 4
48 59 4
232 236 4
165 171 4
232 336 4
179 317 4
97 328 4
215 310 4
22 187 4
30 51 4
44 76 4
101 340 4
281 362 4
50 72 4
254 292 4
210 292 4
138 174 4
229 232 4
175 247 4
30 84 4
89 237 4
122 353 4
77 159 4
25 207 4
109 160 4
132 208 4
309 310 4
36 355 4
177 235 4
122 313 4
56 89 4
172 290 4
44 223 4
184 325 4
222 234 4
190 349 4
89 358 4
129 255 4
92 255 4
199 272 4
20 219 4
341 349 4
97 245 4
162 250 4
157 170 4
89 181 4
41 295 4
93 185 4
20 340 4
262 305 4
16 89 4
232 281 4
67 97 4
87 88 4
122 207 4
223 359 4
164 190 4
92 327 4
162 356 4
157 262 4
185 302 4
65 139 4
8 68 4
65 272 4
8 43 4
80 89 4
19 266 4
23 199 4
174 232 4
216 287 4
80 93 4
188 344 4
251 355 4
127 306 4
42 232 4
139 308 4
18 283 4
113 223 4
85 184 4
10 232 4
51 163 4
88 232 4
229 283 4
145 182 4
217 223 4
43 351 4
184 230 4
232 347 4
272 351 4
127 322 4
113 347 4
39 182 4
60 108 4
118 356 4
244 251 4
180 232 4
247 261 4
210 349 4
201 316 4
77 204 4
25 286 4
103 104 4
137 328 4
36 181 4
130 264 4
281 332 4
120 272 4
58 237 4
30 103 4
194 227 4
148 240 4
176 216 4
196 240 4
39 272 4
234 336 4
224 305 4
67 190 4
82 232 4
325 361 4
162 349 4
28 258 4
26 351 4
136 274 4
192 198 4
91 187 4
173 346 4
232 277 4
91 306 4
237 272 4
89 227 4
139 272 4
46 349 4
150 172 4
69 283 4
60 160 4
89 323 4
131 180 4
218 259 4
132 282 4
32 335 4
25 218 4
149 272 4
252 330 4
176 246 4
4 319 4
350 353 4
148 221 4
45 188 4
43 208 4
147 342 4
29 357 4
36 158 4
21 181 4
85 170 4
91 298 4
50 184 4
222 294 4
84 217 4
120 171 4
276 285 4
36 293 4
97 230 4
54 312 4
110 280 4
88 220 4
92 251 4
104 316 4
127 309 4
50 94 4
232 235 4
28 163 4
218 349 4
52 71 4
114 117 4
26 154 4
96 206 4
2 295 4
121 216 4
69 116 4
211 298 4
17 272 4
158 199 4
97 358 4
60 274 4
112 153 4
71 75 4
45 97 4
29 85 4
294 356 4
73 291 4
133 184 4
103 185 4
176 318 4
145 200 4
60 157 4
264 322 4
104 314 4
111 157 4
97 109 4
149 151 4
232 257 4
28 79 4
60 262 4
60 334 4
73 232 4
116 147 4
60 96 4
232 269 4
122 365 4
77 361 4
266 296 4
60 301 4
109 147 4
148 314 4
292 318 4
116 172 4
11 85 4
161 272 4
198 299 4
97 259 4
15 126 4
122 272 4
272 273 4
185 218 4
196 251 4
51 216 4
223 272 4
189 214 4
62 255 4
251 265 4
147 200 4
200 231 4
7 151 4
160 351 4
68 220 4
198 297 4
15 47 4
28 285 4
92 322 4
78 221 4
168 287 4
21 263 4
161 232 4
232 331 4
6 157 4
37 348 4
132 313 4
10 210 4
71 97 4
133 295 4
94 190 4
71 203 4
144 162 4
97 108 4
149 210 4
56 261 4
97 298 4
92 245 4
231 272 4
130 296 4
4 266 4
232 365 4
152 227 4
134 179 4
30 321 4
71 182 4
13 172 4
161 243 4
251 272 4
157 267 4
185 263 4
44 114 4
217 361 4
139 176 4
46 291 4
42 313 4
97 144 4
12 89 4
88 362 4
264 318 4
60 238 4
43 302 4
9 86 4
42 291 4
119 245 4
205 212 4
182 228 4
77 298 4
70 220 4
11 345 4
36 303 4
180 272 4
223 251 4
239 272 4
232 343 4
185 246 4
111 218 4
84 121 4
6 60 4
45 339 4
220 225 4
14 262 4
14 184 4
30 194 4
134 350 4
157 307 4
75 89 4
69 207 4
204 280 4
87 206 4
113 157 4
91 179 4
45 88 4
97 192 4
68 134 4
182 319 4
97 365 4
114 185 4
77 214 4
232 350 4
36 298 4
162 334 4
27 230 4
254 266 4
59 162 4
195 242 4
74 291 4
232 332 4
289 301 4
34 324 4
162 326 4
190 206 4
30 277 4
185 288 4
36 44 4
121 343 4
115 281 4
59 89 4
97 110 4
177 236 4
232 348 4
147 187 4
74 355 4
36 299 4
60 95 4
130 166 4
232 268 4
272 315 4
222 293 4
89 226 4
251 362 4
137 141 4
7 361 4
4 151 4
210 355 4
30 216 4
198 332 4
162 324 4
232 292 4
121 345 4
28 190 4
42 350 4
89 361 4
207 220 4
127 272 4
78 155 4
231 357 4
272 281 4
190 222 4
156 248 4
234 271 4
115 272 4
180 340 4
120 190 4
47 141 4
202 240 4
182 295 4
192 224 4
134 309 4
162 272 4
239 316 4
207 272 4
194 252 4
6 248 4
220 345 4
74 272 4
45 109 4
216 333 4
221 232 4
222 225 4
164 224 4
36 312 4
104 318 4
113 176 4
128 130 4
194 217 4
90 225 4
196 239 4
104 161 4
96 224 4
121 132 4
5 176 4
132 220 4
360 361 4
218 295 4
90 243 4
223 364 4
113 338 4
263 339 4
101 114 4
57 275 4
46 233 4
77 200 4
295 339 4
213 302 4
52 272 4
60 286 4
224 236 4
148 275 4
50 97 4
85 261 4
127 210 4
29 297 4
141 165 4
97 184 4
63 239 4
94 157 4
133 306 4
62 105 4
263 333 4
220 232 4
97 158 4
14 204 4
13 152 4
83 130 4
94 112 4
190 258 4
35 89 4
3 258 4
251 269 4
163 183 4
77 325 4
60 221 4
280 291 4
36 148 4
39 57 4
73 327 4
97 355 4
55 167 4
60 114 4
249 278 4
85 268 4
187 197 4
147 311 4
111 312 4
31 60 4
11 232 4
247 354 4
76 272 4
92 144 4
190 236 4
111 179 4
96 166 4
22 65 4
52 129 4
72 194 4
162 204 4
77 285 4
114 242 4
132 272 4
140 245 4
221 241 4
75 162 4
97 332 4
40 232 4
153 185 4
218 350 4
197 281 4
37 161 4
34 51 4
190 282 4
42 145 4
204 316 4
62 207 4
44 115 4
204 232 4
60 62 4
122 224 4
173 237 4
9 300 4
45 66 4
279 295 4
4 198 4
130 354 4
64 255 4
153 281 4
64 357 4
194 362 4
97 344 4
