1 8 4
1 12 4
1 148 4
1 159 4
1 167 4
1 271 4
2 61 4
2 127 4
2 181 4
2 221 4
3 14 4
3 98 4
3 110 4
3 197 4
3 259 4
3 302 4
4 38 4
4 56 4
4 149 4
4 186 4
4 304 4
5 38 4
5 104 4
5 155 4
5 260 4
6 8 4
6 139 4
6 192 4
7 25 4
7 265 4
8 87 4
8 185 4
9 15 4
9 29 4
9 163 4
9 193 4
10 155 4
10 256 4
10 263 4
11 44 4
11 142 4
11 155 4
11 180 4
11 275 4
12 103 4
12 134 4
12 192 4
12 247 4
12 261 4
13 121 4
14 40 4
14 100 4
14 272 4
15 52 4
15 55 4
15 111 4
15 150 4
16 40 4
16 169 4
16 212 4
17 59 4
17 168 4
18 47 4
18 115 4
18 291 4
19 176 4
19 233 4
20 152 4
20 180 4
20 214 4
22 69 4
22 110 4
22 126 4
22 133 4
22 247 4
23 66 4
23 72 4
23 100 4
23 168 4
23 176 4
23 260 4
23 271 4
24 215 4
24 280 4
24 316 4
25 118 4
26 141 4
26 154 4
26 262 4
27 52 4
27 57 4
28 30 4
28 258 4
28 283 4
29 75 4
29 165 4
29 212 4
29 223 4
29 286 4
29 308 4
29 326 4
30 42 4
30 120 4
30 255 4
31 76 4
31 180 4
31 282 4
31 313 4
32 86 4
32 207 4
32 211 4
32 216 4
33 53 4
33 79 4
33 88 4
33 113 4
33 212 4
33 225 4
34 266 4
34 292 4
34 315 4
35 92 4
35 190 4
35 212 4
35 237 4
36 134 4
36 147 4
36 175 4
36 329 4
37 91 4
37 247 4
37 263 4
38 60 4
38 77 4
38 177 4
38 193 4
39 192 4
39 238 4
40 43 4
40 214 4
40 259 4
41 73 4
41 82 4
42 146 4
42 266 4
42 288 4
43 160 4
43 178 4
44 104 4
44 208 4
44 285 4
45 179 4
45 201 4
45 203 4
45 248 4
46 92 4
46 264 4
47 116 4
47 138 4
47 160 4
47 170 4
47 245 4
47 284 4
47 317 4
48 102 4
48 213 4
49 65 4
49 135 4
49 165 4
50 62 4
50 138 4
50 247 4
50 275 4
51 73 4
52 175 4
52 243 4
52 244 4
53 258 4
54 67 4
54 155 4
54 198 4
54 268 4
54 306 4
55 262 4
56 183 4
56 194 4
56 204 4
56 259 4
56 261 4
56 275 4
56 303 4
57 77 4
57 105 4
58 205 4
58 316 4
59 137 4
59 184 4
60 67 4
60 109 4
60 288 4
61 77 4
62 167 4
63 81 4
63 113 4
63 119 4
63 271 4
64 111 4
64 213 4
64 283 4
65 132 4
65 269 4
66 109 4
66 144 4
66 180 4
67 102 4
67 155 4
67 279 4
67 326 4
68 150 4
68 279 4
69 133 4
69 215 4
70 226 4
70 298 4
71 111 4
71 146 4
71 195 4
72 116 4
72 297 4
73 157 4
73 280 4
74 114 4
74 125 4
74 294 4
74 331 4
75 228 4
75 251 4
76 167 4
76 202 4
77 156 4
77 187 4
77 195 4
77 281 4
78 161 4
78 228 4
78 259 4
78 292 4
79 88 4
79 112 4
79 121 4
79 185 4
80 100 4
80 147 4
80 185 4
80 190 4
81 216 4
81 303 4
81 321 4
82 153 4
82 192 4
82 240 4
83 168 4
84 141 4
85 91 4
85 237 4
86 107 4
86 141 4
86 257 4
87 133 4
87 146 4
87 166 4
87 188 4
87 316 4
88 94 4
88 210 4
88 306 4
90 102 4
90 170 4
90 179 4
90 234 4
90 242 4
90 260 4
90 287 4
91 213 4
92 183 4
92 325 4
93 227 4
94 176 4
94 269 4
95 142 4
96 150 4
96 156 4
96 198 4
96 247 4
97 141 4
97 154 4
97 214 4
97 243 4
98 164 4
98 229 4
98 245 4
98 331 4
99 197 4
101 116 4
101 157 4
101 166 4
101 169 4
101 261 4
102 224 4
103 325 4
104 105 4
104 139 4
105 134 4
105 141 4
106 231 4
106 255 4
107 112 4
108 203 4
108 264 4
109 176 4
109 293 4
110 177 4
110 194 4
111 203 4
111 237 4
111 261 4
112 145 4
113 159 4
113 275 4
114 154 4
114 230 4
115 138 4
116 235 4
116 248 4
116 298 4
117 128 4
118 172 4
118 273 4
118 316 4
119 201 4
120 267 4
120 294 4
121 129 4
121 145 4
121 205 4
121 209 4
121 231 4
121 235 4
122 157 4
122 182 4
122 196 4
122 318 4
122 325 4
123 296 4
124 152 4
124 267 4
124 269 4
125 263 4
125 291 4
126 235 4
127 129 4
127 209 4
127 219 4
128 141 4
129 213 4
129 296 4
129 325 4
130 205 4
130 312 4
131 294 4
132 176 4
132 243 4
133 326 4
134 264 4
135 145 4
135 281 4
136 144 4
137 330 4
138 291 4
139 301 4
140 148 4
140 315 4
141 208 4
141 255 4
141 263 4
141 303 4
142 291 4
143 145 4
143 246 4
144 156 4
146 157 4
146 290 4
147 171 4
147 185 4
147 213 4
148 177 4
148 219 4
148 248 4
148 271 4
148 306 4
149 151 4
149 201 4
149 315 4
150 232 4
150 282 4
152 177 4
152 252 4
152 290 4
154 163 4
154 243 4
154 247 4
154 257 4
154 278 4
154 297 4
155 215 4
156 158 4
156 210 4
156 263 4
157 301 4
158 171 4
158 231 4
161 302 4
163 231 4
163 234 4
163 259 4
163 299 4
164 172 4
164 305 4
166 240 4
166 267 4
166 297 4
167 177 4
167 221 4
167 225 4
168 217 4
168 236 4
169 174 4
170 325 4
171 289 4
171 328 4
172 214 4
172 332 4
173 236 4
174 224 4
175 307 4
176 224 4
176 271 4
177 248 4
177 321 4
179 204 4
179 242 4
180 201 4
180 240 4
180 275 4
181 312 4
182 251 4
183 303 4
187 197 4
187 315 4
187 318 4
188 249 4
189 231 4
189 267 4
191 227 4
193 265 4
193 280 4
194 228 4
195 318 4
196 269 4
197 202 4
197 236 4
197 280 4
198 255 4
198 301 4
199 263 4
199 279 4
200 244 4
202 286 4
202 309 4
205 249 4
206 207 4
206 268 4
207 227 4
208 219 4
208 236 4
208 284 4
208 286 4
208 288 4
209 302 4
210 251 4
214 275 4
215 249 4
218 228 4
219 263 4
221 231 4
221 244 4
222 275 4
223 264 4
223 308 4
225 322 4
226 249 4
226 268 4
226 296 4
227 304 4
232 266 4
235 248 4
235 261 4
235 326 4
236 302 4
237 311 4
240 257 4
241 245 4
241 256 4
244 260 4
244 323 4
245 246 4
245 264 4
247 316 4
248 258 4
248 309 4
251 252 4
251 326 4
254 318 4
255 259 4
255 291 4
257 259 4
257 267 4
261 270 4
262 306 4
264 293 4
265 277 4
265 292 4
273 274 4
273 332 4
278 311 4
293 298 4
297 308 4
307 317 4
311 316 4
325 332 4
146 309 4
116 162 4
47 165 4
270 330 4
269 357 4
166 332 4
68 136 4
208 225 4
31 73 4
100 227 4
189 228 4
148 310 4
121 339 4
66 359 4
24 250 4
30 71 4
186 333 4
189 192 4
96 232 4
192 210 4
11 145 4
216 337 4
132 135 4
179 207 4
219 336 4
69 81 4
82 189 4
28 133 4
277 312 4
17 156 4
180 307 4
190 202 4
3 125 4
213 342 4
9 178 4
280 281 4
49 150 4
20 47 4
265 313 4
73 355 4
38 206 4
119 345 4
7 29 4
308 340 4
156 284 4
282 356 4
249 335 4
30 106 4
66 139 4
131 299 4
270 317 4
46 101 4
149 318 4
177 322 4
48 167 4
29 142 4
8 64 4
92 261 4
72 260 4
124 355 4
50 171 4
77 271 4
68 112 4
106 234 4
96 206 4
157 364 4
101 365 4
9 314 4
126 249 4
331 353 4
349 359 4
47 130 4
59 82 4
130 195 4
318 341 4
26 119 4
81 181 4
102 292 4
148 264 4
45 160 4
158 359 4
50 259 4
207 315 4
58 198 4
23 24 4
64 242 4
6 17 4
110 132 4
87 305 4
63 261 4
71 314 4
129 145 4
208 303 4
112 355 4
201 271 4
91 251 4
120 349 4
69 300 4
248 357 4
323 328 4
15 200 4
27 88 4
136 205 4
219 349 4
132 171 4
46 138 4
241 247 4
83 323 4
70 184 4
76 129 4
32 219 4
152 326 4
260 317 4
199 277 4
235 365 4
71 161 4
126 187 4
22 158 4
15 68 4
5 203 4
107 238 4
170 340 4
353 355 4
228 252 4
59 72 4
90 303 4
320 348 4
298 299 4
210 328 4
132 328 4
136 292 4
33 318 4
114 191 4
128 339 4
36 315 4
22 245 4
142 362 4
49 187 4
351 358 4
101 106 4
44 64 4
103 247 4
55 180 4
18 36 4
81 167 4
216 345 4
69 94 4
168 207 4
198 259 4
26 266 4
47 233 4
10 145 4
100 193 4
142 253 4
185 358 4
242 306 4
93 124 4
43 205 4
79 303 4
18 222 4
245 258 4
290 338 4
149 326 4
236 277 4
318 346 4
177 214 4
13 365 4
156 280 4
205 224 4
82 298 4
174 216 4
1 22 4
121 354 4
205 348 4
118 199 4
136 365 4
67 346 4
27 108 4
36 129 4
110 360 4
228 353 4
15 44 4
240 351 4
137 257 4
189 209 4
116 218 4
54 296 4
43 173 4
51 69 4
25 307 4
82 186 4
77 252 4
62 241 4
248 336 4
22 276 4
49 321 4
63 250 4
56 181 4
105 312 4
5 317 4
135 226 4
177 246 4
213 350 4
264 288 4
4 53 4
262 296 4
85 338 4
182 204 4
209 270 4
86 238 4
134 231 4
172 250 4
253 305 4
49 352 4
252 361 4
53 78 4
221 229 4
69 323 4
213 302 4
24 323 4
306 342 4
82 253 4
126 314 4
275 285 4
62 335 4
147 257 4
31 252 4
120 196 4
28 163 4
244 279 4
158 296 4
48 71 4
6 217 4
64 196 4
276 364 4
78 304 4
252 330 4
78 200 4
91 362 4
117 166 4
116 313 4
2 65 4
35 184 4
62 255 4
133 346 4
32 196 4
64 80 4
266 280 4
142 153 4
35 140 4
63 170 4
136 314 4
134 213 4
205 281 4
5 266 4
16 32 4
9 153 4
75 101 4
329 336 4
9 162 4
153 194 4
204 273 4
161 330 4
106 244 4
5 336 4
67 302 4
129 140 4
15 273 4
276 341 4
189 299 4
277 280 4
6 346 4
65 137 4
81 92 4
157 242 4
100 310 4
127 360 4
148 217 4
153 212 4
216 310 4
123 247 4
262 282 4
67 353 4
43 169 4
49 263 4
33 235 4
18 38 4
139 215 4
175 352 4
23 230 4
22 228 4
47 332 4
16 241 4
194 285 4
28 139 4
135 150 4
77 109 4
46 143 4
153 271 4
51 242 4
12 331 4
86 342 4
61 248 4
224 292 4
88 234 4
153 314 4
166 338 4
182 199 4
85 213 4
158 297 4
280 292 4
48 138 4
92 240 4
245 247 4
145 181 4
213 352 4
20 146 4
206 298 4
213 267 4
138 301 4
158 287 4
110 178 4
322 339 4
188 319 4
233 310 4
82 172 4
263 337 4
275 321 4
157 199 4
5 293 4
261 359 4
162 190 4
14 207 4
199 296 4
151 275 4
260 356 4
22 144 4
97 273 4
209 217 4
15 21 4
355 357 4
310 335 4
168 323 4
48 101 4
45 162 4
32 305 4
213 221 4
54 159 4
146 291 4
76 309 4
55 299 4
27 198 4
12 299 4
221 351 4
6 207 4
196 292 4
54 318 4
12 197 4
121 355 4
116 222 4
147 151 4
218 363 4
59 68 4
108 350 4
51 214 4
60 325 4
42 87 4
53 158 4
77 200 4
273 341 4
206 257 4
228 316 4
60 209 4
19 21 4
49 134 4
256 299 4
209 280 4
311 339 4
53 276 4
124 323 4
74 161 4
84 202 4
217 298 4
254 351 4
132 219 4
18 29 4
110 245 4
10 37 4
55 361 4
88 101 4
21 246 4
217 357 4
286 359 4
190 197 4
46 204 4
12 206 4
152 335 4
42 243 4
141 353 4
228 330 4
206 245 4
7 50 4
86 182 4
73 177 4
160 198 4
78 335 4
238 326 4
158 294 4
176 319 4
46 56 4
71 115 4
40 319 4
266 360 4
99 283 4
202 347 4
63 244 4
112 139 4
250 320 4
255 323 4
157 174 4
46 164 4
117 149 4
127 261 4
324 363 4
30 240 4
112 193 4
70 126 4
100 244 4
168 226 4
287 302 4
75 161 4
33 46 4
86 287 4
60 273 4
65 233 4
65 228 4
238 279 4
69 231 4
228 296 4
32 56 4
180 239 4
58 101 4
325 338 4
331 340 4
136 246 4
97 335 4
181 182 4
297 314 4
13 90 4
164 211 4
134 298 4
1 83 4
139 364 4
84 284 4
126 140 4
305 315 4
70 107 4
42 363 4
66 337 4
3 65 4
107 161 4
337 344 4
35 342 4
181 275 4
131 355 4
26 344 4
36 320 4
119 304 4
64 295 4
244 315 4
4 19 4
58 350 4
107 118 4
86 239 4
109 193 4
34 137 4
125 228 4
114 195 4
160 305 4
22 325 4
195 280 4
130 230 4
40 220 4
245 355 4
155 248 4
8 196 4
182 362 4
83 302 4
55 102 4
146 332 4
194 296 4
101 270 4
80 267 4
39 317 4
146 288 4
11 109 4
67 301 4
106 233 4
113 213 4
2 152 4
52 217 4
106 198 4
33 191 4
145 188 4
154 293 4
280 290 4
39 251 4
15 119 4
23 152 4
132 214 4
224 225 4
240 291 4
165 217 4
64 88 4
240 277 4
20 65 4
148 262 4
125 180 4
4 145 4
129 324 4
157 305 4
43 253 4
34 63 4
136 276 4
165 360 4
40 192 4
43 342 4
121 204 4
106 172 4
52 227 4
191 199 4
8 181 4
14 325 4
11 29 4
88 225 4
26 130 4
169 216 4
231 243 4
70 249 4
106 141 4
24 121 4
97 145 4
40 66 4
228 274 4
211 326 4
90 93 4
159 270 4
157 229 4
168 229 4
315 316 4
27 340 4
137 195 4
71 247 4
117 187 4
140 314 4
260 292 4
128 338 4
38 48 4
167 321 4
69 266 4
47 338 4
10 316 4
52 179 4
1 177 4
186 260 4
322 340 4
146 278 4
84 262 4
100 223 4
26 211 4
174 183 4
12 277 4
234 290 4
81 263 4
280 299 4
29 230 4
80 308 4
100 177 4
138 342 4
71 169 4
274 355 4
73 82 4
170 181 4
72 295 4
160 263 4
108 311 4
72 223 4
120 362 4
148 200 4
63 316 4
190 344 4
132 349 4
115 141 4
309 365 4
71 117 4
107 113 4
251 344 4
179 205 4
123 166 4
20 334 4
279 325 4
89 128 4
193 247 4
142 341 4
92 138 4
95 327 4
78 127 4
150 298 4
150 218 4
27 242 4
46 277 4
133 312 4
3 296 4
110 151 4
168 176 4
129 185 4
147 313 4
330 339 4
106 251 4
6 23 4
100 254 4
15 41 4
4 144 4
32 302 4
170 365 4
347 359 4
311 334 4
153 362 4
78 164 4
264 329 4
40 110 4
4 268 4
140 154 4
109 146 4
54 233 4
302 331 4
68 228 4
7 301 4
47 300 4
227 245 4
89 207 4
78 109 4
118 162 4
64 218 4
50 121 4
217 287 4
142 195 4
188 340 4
100 107 4
51 319 4
114 228 4
254 292 4
245 346 4
30 207 4
124 159 4
64 269 4
199 365 4
13 161 4
287 316 4
128 281 4
133 336 4
81 331 4
45 72 4
152 180 4
25 42 4
265 335 4
25 245 4
112 214 4
29 144 4
264 270 4
269 297 4
1 97 4
104 121 4
36 288 4
232 258 4
225 280 4
115 190 4
159 360 4
231 261 4
310 342 4
209 329 4
46 311 4
145 216 4
157 345 4
61 244 4
233 244 4
32 329 4
84 233 4
136 155 4
2 176 4
36 48 4
162 338 4
25 225 4
12 121 4
255 321 4
154 276 4
100 221 4
57 321 4
112 315 4
37 251 4
172 337 4
118 192 4
3 42 4
138 275 4
142 197 4
112 177 4
37 154 4
136 222 4
82 214 4
2 234 4
89 357 4
158 312 4
165 202 4
58 238 4
50 229 4
224 266 4
112 269 4
21 265 4
41 153 4
163 180 4
31 145 4
348 355 4
118 124 4
211 337 4
79 256 4
31 248 4
224 245 4
61 194 4
44 309 4
150 355 4
229 256 4
8 341 4
159 330 4
256 361 4
117 215 4
127 319 4
109 303 4
61 308 4
154 283 4
90 174 4
120 232 4
56 148 4
56 306 4
100 208 4
197 249 4
113 249 4
144 257 4
88 359 4
140 221 4
29 250 4
11 47 4
347 349 4
120 290 4
44 94 4
133 135 4
58 324 4
14 309 4
205 365 4
47 320 4
156 260 4
39 301 4
7 136 4
94 352 4
130 264 4
14 291 4
293 337 4
12 257 4
55 312 4
81 351 4
245 309 4
139 245 4
15 35 4
26 301 4
82 91 4
74 285 4
187 349 4
209 230 4
30 134 4
59 129 4
43 113 4
87 181 4
98 135 4
72 82 4
114 210 4
146 219 4
58 357 4
25 129 4
18 27 4
154 165 4
130 165 4
295 351 4
113 138 4
