1 7 5
1 116 5
1 283 5
1 289 5
1 321 5
2 157 5
2 165 5
3 291 5
4 124 5
4 256 5
5 267 5
5 292 5
5 346 5
6 107 5
6 189 5
6 291 5
7 83 5
7 101 5
7 168 5
7 169 5
7 215 5
7 229 5
7 264 5
8 197 5
9 55 5
9 324 5
9 358 5
10 59 5
10 83 5
10 108 5
10 170 5
11 104 5
11 324 5
11 347 5
12 50 5
12 55 5
12 133 5
12 169 5
12 196 5
12 209 5
13 119 5
13 154 5
13 240 5
14 53 5
14 109 5
14 133 5
14 218 5
14 253 5
15 18 5
15 35 5
15 135 5
15 145 5
15 191 5
16 33 5
16 48 5
16 115 5
16 121 5
17 31 5
18 54 5
19 43 5
19 48 5
19 329 5
20 28 5
20 267 5
21 106 5
21 169 5
21 177 5
21 231 5
22 29 5
22 154 5
22 303 5
22 329 5
23 228 5
23 338 5
24 196 5
24 197 5
24 303 5
24 309 5
25 50 5
25 100 5
25 140 5
25 350 5
26 131 5
26 139 5
26 149 5
26 170 5
26 283 5
27 80 5
27 124 5
27 154 5
28 256 5
28 340 5
28 361 5
28 365 5
29 201 5
29 240 5
30 194 5
30 202 5
31 120 5
31 174 5
32 119 5
32 220 5
32 233 5
32 338 5
32 360 5
33 227 5
33 331 5
34 201 5
34 204 5
34 265 5
34 267 5
34 272 5
34 281 5
34 359 5
35 56 5
35 103 5
35 107 5
35 153 5
35 194 5
35 201 5
35 230 5
35 319 5
36 41 5
36 120 5
36 130 5
36 218 5
36 291 5
37 122 5
37 267 5
37 271 5
37 310 5
38 145 5
38 201 5
39 229 5
39 248 5
39 279 5
39 289 5
40 154 5
40 168 5
40 207 5
40 249 5
41 206 5
41 289 5
41 342 5
42 255 5
42 352 5
43 213 5
43 223 5
43 284 5
44 99 5
45 139 5
45 189 5
45 238 5
45 250 5
46 109 5
46 153 5
46 276 5
46 328 5
47 156 5
48 157 5
49 66 5
49 267 5
49 306 5
49 307 5
50 175 5
50 301 5
50 356 5
51 54 5
51 74 5
51 319 5
52 64 5
52 143 5
52 227 5
53 230 5
53 249 5
53 251 5
53 270 5
54 97 5
54 207 5
54 253 5
54 263 5
55 106 5
55 282 5
56 126 5
57 209 5
57 229 5
57 331 5
58 72 5
58 120 5
58 162 5
58 207 5
58 242 5
59 130 5
59 223 5
59 232 5
60 174 5
60 186 5
60 319 5
61 68 5
61 204 5
61 278 5
61 309 5
62 113 5
63 80 5
63 351 5
64 101 5
64 168 5
64 203 5
64 248 5
64 281 5
65 107 5
65 200 5
65 214 5
65 251 5
65 289 5
66 112 5
66 256 5
67 125 5
67 128 5
67 136 5
67 235 5
68 79 5
68 108 5
68 134 5
68 205 5
68 208 5
69 114 5
69 166 5
69 362 5
70 158 5
70 219 5
70 244 5
70 263 5
70 358 5
71 156 5
71 174 5
71 365 5
72 117 5
72 137 5
72 143 5
72 311 5
73 267 5
74 246 5
74 307 5
74 345 5
74 348 5
75 170 5
75 189 5
75 259 5
76 117 5
76 125 5
76 146 5
76 190 5
77 83 5
77 163 5
77 169 5
77 275 5
78 83 5
78 188 5
78 201 5
78 219 5
78 227 5
78 284 5
78 346 5
79 239 5
79 251 5
80 104 5
81 154 5
81 174 5
81 248 5
82 111 5
82 131 5
82 231 5
82 236 5
82 264 5
83 343 5
84 201 5
85 140 5
85 297 5
87 127 5
87 193 5
87 265 5
87 279 5
87 362 5
88 289 5
88 343 5
89 176 5
89 222 5
89 319 5
90 131 5
90 171 5
90 274 5
91 274 5
91 296 5
92 136 5
92 137 5
92 286 5
92 354 5
93 141 5
93 150 5
93 190 5
94 137 5
94 164 5
96 117 5
96 148 5
96 206 5
96 292 5
96 310 5
97 150 5
97 173 5
97 254 5
99 108 5
99 153 5
99 222 5
99 231 5
100 152 5
100 219 5
100 294 5
101 125 5
101 180 5
102 156 5
103 188 5
104 111 5
104 156 5
104 200 5
104 255 5
104 346 5
105 154 5
105 213 5
105 216 5
105 221 5
106 208 5
107 169 5
107 249 5
107 264 5
108 163 5
109 215 5
109 265 5
109 312 5
109 341 5
110 149 5
110 249 5
111 182 5
112 148 5
113 172 5
113 266 5
113 331 5
114 186 5
114 252 5
114 329 5
114 336 5
115 183 5
115 201 5
115 242 5
116 152 5
116 234 5
116 282 5
116 317 5
116 354 5
117 315 5
117 334 5
118 183 5
118 289 5
119 198 5
120 190 5
120 309 5
121 284 5
121 324 5
122 178 5
122 261 5
123 183 5
124 340 5
125 241 5
126 205 5
126 211 5
126 236 5
126 250 5
127 143 5
127 280 5
127 348 5
128 133 5
129 251 5
130 193 5
130 232 5
131 167 5
131 201 5
131 265 5
131 351 5
132 198 5
132 227 5
132 244 5
133 209 5
133 281 5
133 357 5
134 186 5
134 193 5
134 205 5
134 215 5
135 156 5
135 208 5
136 212 5
136 223 5
137 301 5
137 327 5
137 340 5
138 149 5
138 224 5
138 271 5
138 288 5
138 302 5
138 317 5
139 140 5
140 266 5
140 303 5
141 192 5
141 311 5
142 173 5
142 291 5
143 174 5
143 191 5
144 172 5
144 305 5
144 355 5
145 231 5
145 334 5
146 209 5
146 239 5
146 291 5
146 293 5
146 305 5
146 351 5
148 253 5
148 316 5
148 335 5
149 233 5
149 276 5
149 277 5
149 332 5
150 154 5
151 180 5
151 240 5
151 353 5
152 215 5
152 314 5
153 161 5
153 169 5
153 193 5
153 227 5
153 229 5
153 254 5
153 264 5
153 282 5
153 308 5
153 319 5
154 206 5
154 257 5
154 361 5
155 335 5
156 168 5
156 219 5
156 223 5
158 364 5
159 293 5
159 313 5
161 279 5
161 349 5
162 231 5
162 306 5
163 319 5
164 259 5
165 169 5
165 275 5
165 303 5
165 312 5
166 169 5
166 189 5
166 296 5
167 175 5
168 170 5
168 353 5
169 227 5
169 355 5
170 331 5
171 173 5
172 227 5
172 243 5
173 240 5
173 295 5
173 311 5
174 215 5
174 268 5
175 221 5
175 224 5
175 228 5
176 179 5
176 230 5
177 199 5
177 205 5
177 225 5
178 260 5
178 288 5
178 289 5
178 315 5
178 333 5
178 347 5
179 187 5
180 191 5
180 274 5
180 292 5
181 201 5
181 221 5
181 259 5
182 207 5
182 319 5
182 362 5
183 191 5
183 208 5
183 290 5
184 224 5
184 234 5
184 258 5
184 334 5
185 288 5
186 250 5
187 285 5
187 312 5
188 193 5
188 212 5
188 274 5
188 329 5
189 314 5
192 253 5
192 295 5
193 283 5
194 205 5
194 216 5
198 203 5
198 253 5
198 352 5
199 271 5
200 246 5
200 260 5
200 364 5
201 255 5
201 298 5
202 256 5
202 317 5
203 244 5
203 245 5
203 364 5
204 224 5
205 243 5
205 364 5
207 217 5
207 238 5
207 288 5
207 351 5
209 262 5
209 278 5
209 304 5
209 364 5
210 220 5
211 267 5
212 327 5
213 309 5
214 301 5
214 322 5
214 362 5
215 266 5
215 278 5
216 256 5
217 267 5
219 295 5
220 296 5
221 261 5
221 324 5
222 283 5
223 306 5
224 283 5
224 301 5
225 235 5
225 338 5
227 236 5
227 298 5
227 332 5
228 288 5
229 335 5
230 243 5
231 238 5
231 255 5
231 264 5
231 303 5
234 254 5
234 268 5
234 269 5
235 312 5
236 253 5
237 278 5
238 241 5
238 333 5
238 347 5
241 290 5
241 340 5
242 340 5
243 322 5
246 251 5
246 264 5
247 260 5
247 288 5
247 314 5
247 339 5
248 361 5
249 292 5
250 362 5
251 348 5
252 292 5
253 319 5
254 282 5
254 291 5
255 294 5
255 298 5
256 360 5
258 305 5
258 318 5
259 277 5
259 359 5
261 331 5
261 340 5
261 353 5
262 282 5
263 302 5
264 266 5
265 292 5
265 296 5
265 300 5
265 365 5
267 318 5
269 296 5
269 298 5
269 316 5
269 356 5
270 320 5
271 304 5
272 297 5
272 339 5
272 357 5
274 293 5
275 350 5
276 290 5
278 294 5
279 304 5
280 281 5
282 328 5
282 344 5
283 346 5
283 348 5
283 358 5
290 334 5
294 321 5
297 307 5
297 347 5
298 330 5
300 302 5
305 306 5
305 317 5
312 332 5
313 315 5
313 340 5
317 361 5
324 350 5
335 361 5
336 362 5
343 346 5
347 351 5
347 357 5
347 358 5
350 355 5
122 251 5
56 276 5
136 139 5
49 338 5
171 322 5
379 386 5
181 330 5
179 221 5
252 390 5
83 139 5
285 286 5
75 265 5
59 281 5
162 328 5
285 368 5
5 278 5
152 217 5
28 133 5
182 360 5
37 130 5
21 175 5
180 355 5
350 359 5
248 273 5
2 19 5
10 304 5
347 360 5
50 239 5
4 377 5
288 400 5
15 277 5
231 365 5
97 100 5
59 331 5
351 367 5
124 261 5
59 112 5
80 151 5
70 142 5
160 352 5
33 71 5
29 135 5
184 379 5
54 340 5
159 339 5
173 341 5
287 378 5
58 76 5
73 78 5
95 116 5
44 48 5
175 218 5
40 160 5
255 301 5
109 278 5
60 253 5
267 311 5
281 361 5
50 293 5
14 281 5
26 230 5
126 188 5
2 201 5
147 245 5
33 278 5
241 394 5
80 131 5
239 241 5
94 243 5
212 352 5
43 271 5
203 353 5
136 155 5
258 386 5
46 71 5
138 348 5
96 263 5
171 207 5
51 135 5
84 390 5
83 303 5
150 235 5
105 390 5
73 347 5
82 284 5
124 297 5
171 226 5
33 149 5
206 399 5
43 364 5
100 276 5
43 63 5
34 269 5
213 241 5
275 319 5
73 324 5
72 176 5
280 308 5
52 60 5
214 225 5
7 194 5
305 338 5
9 361 5
363 372 5
76 310 5
138 143 5
176 352 5
78 164 5
88 397 5
11 110 5
141 285 5
47 82 5
215 236 5
98 132 5
27 177 5
36 325 5
80 361 5
89 193 5
227 393 5
67 132 5
135 275 5
86 277 5
122 355 5
210 322 5
22 30 5
162 293 5
374 387 5
282 294 5
51 260 5
24 287 5
21 228 5
322 380 5
53 187 5
44 67 5
85 272 5
184 220 5
59 145 5
339 378 5
85 298 5
106 220 5
111 400 5
57 341 5
157 221 5
15 350 5
45 271 5
170 374 5
138 295 5
149 190 5
153 288 5
234 237 5
16 158 5
128 302 5
104 147 5
232 313 5
73 131 5
9 144 5
242 349 5
200 398 5
168 221 5
84 111 5
57 339 5
75 353 5
23 100 5
175 265 5
97 388 5
83 144 5
185 284 5
118 331 5
29 387 5
132 234 5
232 243 5
72 275 5
147 190 5
30 141 5
39 225 5
213 377 5
164 281 5
51 303 5
264 388 5
149 323 5
156 304 5
65 340 5
186 255 5
172 342 5
175 356 5
187 376 5
16 322 5
278 331 5
67 71 5
179 307 5
118 368 5
154 320 5
277 282 5
217 294 5
41 336 5
90 138 5
275 344 5
28 129 5
42 129 5
83 373 5
19 216 5
304 342 5
272 340 5
6 180 5
14 86 5
184 381 5
9 276 5
229 372 5
264 359 5
44 293 5
181 304 5
319 383 5
82 128 5
119 256 5
123 163 5
24 181 5
120 313 5
92 295 5
198 381 5
53 250 5
32 124 5
2 61 5
18 353 5
68 265 5
240 384 5
322 365 5
118 276 5
241 376 5
57 110 5
250 291 5
80 235 5
9 46 5
279 326 5
25 174 5
56 331 5
63 370 5
130 394 5
81 394 5
61 136 5
305 382 5
61 99 5
101 289 5
8 75 5
117 128 5
50 204 5
79 284 5
87 284 5
281 329 5
26 37 5
53 367 5
94 154 5
29 284 5
87 182 5
147 349 5
253 317 5
87 200 5
300 313 5
375 393 5
46 175 5
181 249 5
260 297 5
179 204 5
18 132 5
55 58 5
183 230 5
20 383 5
121 276 5
265 362 5
213 375 5
180 290 5
64 379 5
22 350 5
39 67 5
219 269 5
164 389 5
150 191 5
168 342 5
71 395 5
223 295 5
326 387 5
205 273 5
68 107 5
80 307 5
85 353 5
15 42 5
89 136 5
135 157 5
173 183 5
50 224 5
64 211 5
213 286 5
153 401 5
52 67 5
296 346 5
289 293 5
4 92 5
110 165 5
70 233 5
257 262 5
227 303 5
345 362 5
78 392 5
118 246 5
13 324 5
59 296 5
107 296 5
344 368 5
68 333 5
33 300 5
85 322 5
88 192 5
85 356 5
197 390 5
97 131 5
246 323 5
32 189 5
95 357 5
146 266 5
261 341 5
158 235 5
52 319 5
13 262 5
18 345 5
124 329 5
12 244 5
44 107 5
100 201 5
61 369 5
190 230 5
34 98 5
151 203 5
179 295 5
232 370 5
309 324 5
92 153 5
9 215 5
204 228 5
295 343 5
244 343 5
17 159 5
133 355 5
126 265 5
333 398 5
121 166 5
226 337 5
49 227 5
138 193 5
106 227 5
24 223 5
87 188 5
374 375 5
178 269 5
211 273 5
116 144 5
152 233 5
178 274 5
211 365 5
369 376 5
141 207 5
32 162 5
60 149 5
80 359 5
253 379 5
136 276 5
200 222 5
135 174 5
2 268 5
23 139 5
166 212 5
36 327 5
70 273 5
33 213 5
82 261 5
288 401 5
73 234 5
221 319 5
70 294 5
145 178 5
48 313 5
92 247 5
207 226 5
73 92 5
114 227 5
111 211 5
210 352 5
20 146 5
30 81 5
52 162 5
125 290 5
48 362 5
39 358 5
250 254 5
30 108 5
66 228 5
15 157 5
147 221 5
238 382 5
281 366 5
248 352 5
302 391 5
56 208 5
136 395 5
45 237 5
199 297 5
17 242 5
232 272 5
85 128 5
193 308 5
187 259 5
135 274 5
68 93 5
130 190 5
213 348 5
9 378 5
32 114 5
107 216 5
124 168 5
136 224 5
138 322 5
225 226 5
81 352 5
273 310 5
168 259 5
65 130 5
41 217 5
17 206 5
206 357 5
336 376 5
18 312 5
204 384 5
15 271 5
182 383 5
66 278 5
388 391 5
87 287 5
167 285 5
266 311 5
39 168 5
32 241 5
72 305 5
129 321 5
84 351 5
198 285 5
58 288 5
113 268 5
90 282 5
55 144 5
121 136 5
94 125 5
63 83 5
347 393 5
57 328 5
31 232 5
135 297 5
25 176 5
125 127 5
181 398 5
81 312 5
284 348 5
46 96 5
151 228 5
262 363 5
344 355 5
159 195 5
134 242 5
152 257 5
256 306 5
137 208 5
103 359 5
133 344 5
143 200 5
53 330 5
9 139 5
94 364 5
58 356 5
183 212 5
73 281 5
217 223 5
26 376 5
16 159 5
289 345 5
193 383 5
189 272 5
1 230 5
17 365 5
34 163 5
232 364 5
42 215 5
250 372 5
135 327 5
308 347 5
181 260 5
91 397 5
82 116 5
43 170 5
3 348 5
187 329 5
57 196 5
117 269 5
80 286 5
320 358 5
188 315 5
202 355 5
302 325 5
36 50 5
29 323 5
54 175 5
144 289 5
42 244 5
286 332 5
211 278 5
289 397 5
156 279 5
126 395 5
83 96 5
53 146 5
59 74 5
27 313 5
214 333 5
24 383 5
322 346 5
10 47 5
120 298 5
190 363 5
11 120 5
222 320 5
70 280 5
290 348 5
14 107 5
13 203 5
158 170 5
243 328 5
289 312 5
221 270 5
124 293 5
117 202 5
284 310 5
101 163 5
24 254 5
135 264 5
54 217 5
157 286 5
119 333 5
112 305 5
205 317 5
314 374 5
73 240 5
33 289 5
150 157 5
253 347 5
121 126 5
62 102 5
82 225 5
7 203 5
321 337 5
136 270 5
62 99 5
20 67 5
217 324 5
20 178 5
90 239 5
66 384 5
1 354 5
16 223 5
182 341 5
241 375 5
139 303 5
75 293 5
199 350 5
118 299 5
240 359 5
19 327 5
338 346 5
158 226 5
335 342 5
179 319 5
96 384 5
96 235 5
8 323 5
189 392 5
231 335 5
72 235 5
205 382 5
36 75 5
3 334 5
266 361 5
173 191 5
51 109 5
208 209 5
7 148 5
142 325 5
238 400 5
233 380 5
5 387 5
68 227 5
160 247 5
80 372 5
248 305 5
133 340 5
135 323 5
260 346 5
94 117 5
122 145 5
298 329 5
25 304 5
149 166 5
147 300 5
75 278 5
51 153 5
263 277 5
181 220 5
35 263 5
11 333 5
65 110 5
23 104 5
199 368 5
35 366 5
83 156 5
52 182 5
156 206 5
304 356 5
43 327 5
122 191 5
172 204 5
138 343 5
47 234 5
155 319 5
96 250 5
238 278 5
260 314 5
185 381 5
14 226 5
149 308 5
242 330 5
32 397 5
59 207 5
249 373 5
93 385 5
38 187 5
52 265 5
384 398 5
315 359 5
126 210 5
47 236 5
2 222 5
54 306 5
5 131 5
67 226 5
110 381 5
141 154 5
360 376 5
272 347 5
256 280 5
112 391 5
114 376 5
41 110 5
30 71 5
96 240 5
4 196 5
270 286 5
225 263 5
302 323 5
61 65 5
126 248 5
40 279 5
60 88 5
310 332 5
33 261 5
144 186 5
191 364 5
81 221 5
33 249 5
132 302 5
89 252 5
23 165 5
88 376 5
100 298 5
335 338 5
50 66 5
31 97 5
202 397 5
254 292 5
18 140 5
208 225 5
102 305 5
100 208 5
152 304 5
3 108 5
277 392 5
87 150 5
113 198 5
10 174 5
180 297 5
115 245 5
122 241 5
12 316 5
93 333 5
225 317 5
213 399 5
293 385 5
117 205 5
288 312 5
192 351 5
36 373 5
137 282 5
106 382 5
60 72 5
197 378 5
186 318 5
174 290 5
54 330 5
178 226 5
43 390 5
223 335 5
27 46 5
5 123 5
314 338 5
270 355 5
63 254 5
62 242 5
16 295 5
149 240 5
35 39 5
125 224 5
86 353 5
69 354 5
139 247 5
181 251 5
72 308 5
25 188 5
171 310 5
29 181 5
56 223 5
49 148 5
191 363 5
206 282 5
121 257 5
354 368 5
150 228 5
252 263 5
235 332 5
277 374 5
226 229 5
12 198 5
254 368 5
282 395 5
220 289 5
269 337 5
108 126 5
230 389 5
158 332 5
181 357 5
81 124 5
106 387 5
12 332 5
208 390 5
238 385 5
283 333 5
65 202 5
318 367 5
242 360 5
60 272 5
207 320 5
26 401 5
5 230 5
87 336 5
59 340 5
183 364 5
19 68 5
241 351 5
136 157 5
138 161 5
90 275 5
192 276 5
87 135 5
6 7 5
7 341 5
104 345 5
190 309 5
352 367 5
129 315 5
54 133 5
33 325 5
14 170 5
158 176 5
44 192 5
231 308 5
139 391 5
41 145 5
53 396 5
98 224 5
70 131 5
20 361 5
88 170 5
6 390 5
133 307 5
75 122 5
10 154 5
96 399 5
155 397 5
112 272 5
18 174 5
91 156 5
163 204 5
230 374 5
196 256 5
325 328 5
287 400 5
17 168 5
46 95 5
229 352 5
22 300 5
25 383 5
96 176 5
77 244 5
20 323 5
341 355 5
44 194 5
28 168 5
140 320 5
174 258 5
8 257 5
6 171 5
215 260 5
246 333 5
26 73 5
283 399 5
95 381 5
343 380 5
128 148 5
142 185 5
148 211 5
322 327 5
113 245 5
42 133 5
90 140 5
298 333 5
145 184 5
191 390 5
115 290 5
70 135 5
229 287 5
243 269 5
64 99 5
9 284 5
163 382 5
307 369 5
81 83 5
215 223 5
122 312 5
27 92 5
171 317 5
106 275 5
233 390 5
67 367 5
58 353 5
179 267 5
108 289 5
25 46 5
127 206 5
186 308 5
289 349 5
43 164 5
28 386 5
222 331 5
357 369 5
284 386 5
126 333 5
30 62 5
128 321 5
50 396 5
153 261 5
113 301 5
18 40 5
137 318 5
117 144 5
105 175 5
10 64 5
147 164 5
67 76 5
35 57 5
42 104 5
230 391 5
46 124 5
38 332 5
325 327 5
87 149 5
59 259 5
261 372 5
70 76 5
288 292 5
135 259 5
395 396 5
144 215 5
211 230 5
286 290 5
66 318 5
307 400 5
44 368 5
103 298 5
26 81 5
240 296 5
154 174 5
106 371 5
45 124 5
83 248 5
9 105 5
3 217 5
171 361 5
290 400 5
179 243 5
159 358 5
317 356 5
137 283 5
72 239 5
179 225 5
74 264 5
64 109 5
22 288 5
134 224 5
177 232 5
66 312 5
154 307 5
98 196 5
153 340 5
97 362 5
136 233 5
207 243 5
20 144 5
31 79 5
93 167 5
