9 242 1
77 229 1
40 161 1
29 39 1
8 95 1
19 122 1
46 66 1
23 107 1
81 108 1
88 175 1
165 215 1
66 124 1
15 122 1
27 261 1
57 145 1
65 72 1
25 112 1
149 170 1
64 76 1
35 188 1
128 157 1
140 148 1
106 151 1
115 248 1
64 157 1
5 6 1
3 6 1
172 184 1
228 264 1
54 60 1
42 170 1
64 236 1
67 176 1
139 254 1
211 222 1
214 244 1
226 238 1
101 108 1
68 232 1
93 102 1
20 249 1
178 259 1
155 251 1
86 116 1
16 259 1
30 52 1
12 209 1
1 246 1
188 261 1
131 275 1
69 84 1
35 243 1
75 184 1
12 128 1
104 184 1
203 229 1
77 212 1
205 257 1
68 243 1
104 197 1
235 249 1
133 169 1
137 255 1
49 169 1
24 241 1
48 49 1
167 245 1
83 153 1
119 247 1
27 157 1
75 111 1
29 106 1
47 88 1
110 167 1
31 155 1
114 270 1
141 159 1
52 259 1
66 101 1
228 266 1
74 149 1
109 157 1
103 152 1
80 259 1
31 178 1
9 94 1
18 211 1
45 96 1
127 184 1
55 76 1
117 231 1
1 210 1
70 248 1
191 204 1
156 170 1
181 196 1
214 229 1
181 208 1
91 137 1
145 192 1
10 167 1
103 153 1
125 179 1
24 239 1
99 128 1
170 245 1
105 207 1
179 245 1
173 174 1
221 246 1
151 206 1
36 141 1
46 242 1
209 244 1
59 160 1
78 225 1
46 231 1
204 225 1
228 232 1
65 85 1
203 235 1
54 134 1
64 175 1
114 190 1
160 224 1
31 59 1
76 188 1
31 67 1
121 187 1
56 239 1
41 71 1
158 268 1
86 148 1
94 105 1
159 190 1
66 270 1
118 119 1
5 58 1
170 194 1
171 270 1
107 231 1
20 26 1
92 182 1
50 180 1
3 165 1
225 235 1
117 205 1
94 230 1
80 188 1
146 211 1
1 71 1
65 140 1
145 271 1
165 274 1
169 215 1
47 159 1
61 152 1
59 218 1
29 267 1
183 238 1
33 74 1
132 238 1
68 226 1
69 147 1
4 15 1
85 169 1
4 34 1
26 274 1
24 55 1
40 146 1
69 75 1
193 221 1
135 136 1
4 41 1
4 118 1
36 224 1
68 80 1
135 150 1
182 218 1
158 196 1
52 98 1
101 157 1
59 237 1
16 251 1
15 82 1
28 161 1
230 242 1
248 254 1
128 242 1
122 242 1
34 189 1
61 199 1
201 257 1
83 155 1
55 253 1
11 88 1
78 247 1
147 206 1
105 262 1
25 220 1
63 132 1
131 256 1
41 249 1
212 260 1
95 106 1
6 178 1
101 172 1
66 249 1
220 235 1
14 56 1
67 197 1
101 152 1
124 190 1
54 82 1
178 229 1
230 237 1
85 241 1
95 158 1
59 79 1
30 94 1
62 149 1
110 187 1
126 252 1
83 85 1
15 74 1
98 147 1
76 233 1
148 175 1
199 256 1
29 201 1
32 36 1
143 153 1
116 237 1
35 51 1
6 192 1
233 253 1
144 154 1
156 239 1
46 273 1
71 241 1
213 215 1
94 170 1
167 269 1
91 194 1
249 271 1
161 271 1
27 138 1
38 143 1
225 251 1
70 168 1
27 230 1
22 260 1
48 261 1
45 140 1
183 257 1
120 267 1
74 85 1
167 240 1
78 85 1
204 207 1
81 203 1
89 107 1
127 217 1
126 193 1
73 76 1
30 237 1
99 258 1
23 166 1
120 182 1
67 180 1
58 164 1
24 114 1
67 143 1
78 97 1
152 162 1
25 109 1
114 241 1
218 240 1
192 251 1
89 167 1
98 142 1
72 263 1
68 165 1
209 247 1
148 166 1
185 199 1
2 91 1
6 242 1
40 183 1
5 227 1
44 173 1
14 186 1
39 138 1
29 205 1
27 127 1
75 170 1
166 211 1
143 211 1
167 266 1
22 209 1
15 220 1
106 270 1
98 152 1
137 224 1
59 176 1
141 231 1
96 204 1
110 244 1
50 242 1
15 245 1
61 76 1
45 118 1
64 272 1
40 54 1
206 227 1
221 248 1
48 119 1
146 203 1
151 270 1
54 159 1
177 203 1
161 175 1
7 105 1
9 223 1
56 175 1
9 192 1
113 236 1
3 232 1
176 208 1
107 148 1
120 159 1
8 115 1
109 229 1
158 264 1
39 238 1
165 200 1
14 146 1
83 175 1
15 93 1
74 162 1
34 175 1
178 274 1
52 142 1
14 110 1
35 146 1
10 115 1
124 229 1
122 182 1
156 233 1
148 170 1
118 212 1
72 132 1
31 82 1
31 175 1
46 256 1
213 220 1
167 211 1
33 274 1
139 261 1
173 199 1
131 208 1
12 84 1
133 209 1
43 142 1
14 188 1
8 190 1
1 139 1
16 83 1
169 198 1
91 134 1
71 179 1
70 188 1
158 186 1
22 254 1
171 177 1
71 178 1
235 262 1
72 138 1
92 156 1
114 257 1
180 221 1
142 221 1
43 157 1
28 89 1
161 232 1
135 179 1
91 108 1
81 266 1
154 211 1
49 164 1
113 234 1
104 251 1
193 241 1
47 162 1
37 122 1
20 67 1
93 161 1
12 136 1
192 195 1
101 151 1
4 77 1
162 185 1
242 247 1
52 125 1
177 215 1
50 166 1
50 153 1
18 120 1
119 216 1
117 158 1
177 252 1
60 222 1
215 223 1
82 134 1
139 182 1
9 93 1
47 62 1
2 33 1
13 205 1
34 66 1
21 84 1
70 109 1
126 236 1
66 231 1
67 223 1
195 224 1
8 125 1
141 216 1
99 231 1
74 94 1
157 234 1
186 219 1
5 64 1
128 169 1
162 268 1
111 165 1
122 219 1
82 235 1
177 222 1
165 190 1
125 138 1
146 254 1
66 253 1
16 77 1
111 223 1
134 249 1
130 206 1
58 74 1
23 219 1
96 133 1
108 217 1
219 229 1
175 176 1
90 121 1
64 122 1
24 104 1
126 247 1
2 189 1
103 231 1
51 204 1
177 218 1
61 148 1
11 183 1
82 205 1
55 229 1
167 271 1
34 48 1
154 218 1
14 158 1
118 275 1
123 182 1
60 243 1
36 223 1
167 239 1
261 273 1
17 210 1
133 199 1
92 220 1
5 51 1
146 219 1
18 141 1
51 262 1
66 82 1
205 231 1
81 239 1
22 73 1
81 193 1
116 234 1
125 140 1
14 232 1
111 248 1
100 120 1
49 196 1
53 211 1
123 233 1
148 263 1
12 251 1
39 193 1
93 120 1
25 56 1
77 98 1
34 78 1
36 167 1
31 150 1
37 258 1
24 196 1
20 107 1
144 155 1
92 231 1
85 215 1
109 189 1
41 79 1
120 269 1
110 212 1
134 265 1
67 145 1
99 108 1
252 274 1
3 134 1
47 181 1
253 260 1
71 92 1
91 149 1
123 241 1
46 207 1
111 180 1
135 193 1
28 37 1
129 137 1
118 126 1
148 270 1
61 255 1
38 93 1
103 131 1
40 188 1
149 177 1
96 166 1
39 268 1
115 186 1
4 109 1
60 199 1
116 219 1
72 124 1
29 200 1
137 154 1
9 194 1
25 255 1
141 269 1
169 271 1
85 248 1
122 183 1
225 261 1
217 253 1
5 264 1
144 245 1
45 113 1
81 208 1
37 152 1
56 65 1
70 228 1
96 146 1
78 120 1
2 95 1
47 266 1
238 242 1
132 150 1
117 236 1
55 251 1
239 247 1
59 93 1
48 260 1
14 217 1
50 255 1
93 188 1
197 266 1
86 257 1
211 219 1
83 221 1
31 73 1
144 149 1
187 275 1
23 148 1
151 269 1
117 202 1
114 137 1
86 250 1
61 99 1
40 191 1
25 160 1
15 104 1
233 237 1
101 177 1
50 183 1
122 232 1
132 142 1
43 105 1
5 142 1
12 67 1
145 155 1
5 145 1
6 90 1
66 272 1
65 187 1
89 258 1
224 238 1
181 255 1
77 232 1
82 126 1
80 139 1
147 234 1
63 222 1
190 240 1
133 219 1
250 251 1
3 255 1
8 120 1
116 221 1
10 226 1
85 179 1
127 250 1
47 229 1
33 275 1
186 266 1
125 201 1
71 235 1
73 169 1
139 175 1
118 133 1
108 271 1
245 273 1
89 239 1
158 184 1
81 260 1
193 259 1
44 69 1
263 267 1
172 272 1
59 267 1
109 260 1
209 228 1
4 154 1
11 224 1
96 273 1
242 270 1
94 233 1
55 128 1
12 18 1
87 112 1
57 148 1
130 135 1
4 48 1
183 191 1
62 221 1
184 198 1
13 55 1
16 231 1
96 165 1
52 90 1
22 132 1
63 200 1
149 217 1
75 137 1
29 222 1
35 70 1
233 269 1
38 140 1
185 252 1
85 245 1
16 174 1
134 182 1
26 101 1
73 137 1
188 190 1
46 162 1
86 238 1
109 111 1
60 180 1
85 124 1
6 193 1
115 119 1
34 187 1
10 215 1
94 183 1
104 231 1
89 208 1
103 129 1
5 195 1
43 167 1
118 253 1
6 103 1
62 88 1
162 212 1
44 146 1
6 141 1
69 158 1
136 174 1
41 60 1
11 227 1
59 243 1
208 266 1
119 266 1
147 187 1
79 191 1
33 190 1
195 208 1
12 20 1
133 173 1
3 108 1
114 216 1
20 98 1
71 182 1
100 110 1
61 130 1
249 262 1
253 272 1
59 262 1
245 248 1
134 163 1
83 271 1
29 128 1
132 136 1
7 72 1
26 126 1
33 46 1
32 96 1
9 103 1
245 270 1
76 241 1
124 134 1
97 227 1
237 256 1
136 180 1
38 85 1
33 37 1
167 217 1
160 176 1
77 166 1
124 203 1
170 192 1
112 164 1
78 272 1
219 266 1
12 115 1
77 116 1
88 209 1
223 229 1
114 267 1
27 32 1
76 176 1
61 243 1
196 251 1
103 251 1
171 275 1
145 263 1
60 100 1
202 259 1
