20 284 3
19 47 3
23 251 3
68 280 3
189 235 3
19 274 3
242 312 3
19 265 3
87 254 3
64 84 3
178 318 3
29 75 3
35 82 3
120 172 3
39 47 3
210 330 3
58 256 3
228 268 3
135 278 3
100 296 3
157 324 3
39 233 3
56 223 3
251 310 3
254 309 3
41 75 3
115 240 3
103 274 3
117 222 3
33 163 3
162 261 3
80 238 3
16 85 3
134 283 3
17 150 3
141 302 3
93 260 3
149 294 3
151 212 3
126 127 3
86 134 3
201 293 3
120 223 3
154 236 3
113 186 3
66 293 3
66 267 3
19 198 3
81 251 3
150 221 3
111 187 3
280 291 3
38 172 3
96 188 3
141 303 3
104 235 3
23 226 3
13 64 3
137 246 3
249 278 3
234 322 3
238 256 3
23 299 3
195 299 3
3 194 3
48 117 3
113 327 3
151 247 3
10 166 3
6 136 3
70 160 3
160 295 3
143 183 3
96 308 3
144 280 3
41 189 3
45 198 3
33 264 3
140 227 3
1 230 3
14 149 3
262 301 3
215 260 3
80 93 3
5 225 3
165 308 3
177 267 3
38 152 3
30 317 3
215 322 3
174 179 3
126 187 3
110 326 3
8 20 3
88 327 3
273 295 3
17 121 3
16 177 3
213 321 3
21 281 3
105 203 3
47 256 3
39 214 3
118 320 3
198 332 3
291 309 3
163 178 3
84 208 3
23 76 3
135 322 3
111 327 3
47 204 3
49 115 3
63 248 3
3 289 3
79 196 3
40 107 3
65 125 3
162 253 3
38 52 3
161 280 3
259 329 3
30 332 3
105 134 3
23 268 3
53 95 3
262 298 3
99 297 3
161 266 3
143 212 3
75 163 3
189 221 3
114 266 3
34 253 3
95 224 3
72 176 3
91 320 3
102 120 3
155 319 3
145 261 3
10 159 3
271 313 3
44 332 3
230 235 3
114 160 3
40 243 3
109 180 3
99 222 3
113 272 3
176 208 3
83 167 3
51 174 3
72 74 3
213 312 3
25 226 3
235 241 3
103 141 3
93 147 3
140 248 3
220 296 3
255 281 3
57 130 3
102 228 3
135 199 3
87 294 3
170 262 3
48 232 3
41 263 3
143 303 3
20 116 3
88 260 3
18 110 3
30 321 3
128 176 3
139 277 3
15 226 3
144 313 3
83 202 3
68 292 3
137 298 3
66 281 3
135 248 3
297 317 3
267 288 3
48 308 3
50 55 3
143 164 3
16 260 3
213 271 3
205 318 3
106 299 3
17 227 3
228 301 3
105 215 3
163 193 3
170 248 3
54 79 3
152 286 3
199 240 3
261 289 3
84 253 3
5 195 3
210 226 3
84 264 3
10 169 3
115 289 3
135 225 3
103 262 3
120 144 3
207 232 3
226 296 3
67 224 3
17 219 3
178 256 3
85 106 3
132 258 3
109 326 3
3 182 3
33 124 3
6 133 3
201 294 3
4 168 3
17 186 3
106 225 3
160 233 3
45 53 3
111 196 3
133 197 3
42 329 3
82 308 3
67 108 3
176 259 3
21 108 3
64 98 3
103 140 3
8 117 3
65 204 3
170 263 3
37 220 3
47 63 3
27 189 3
19 304 3
137 215 3
104 134 3
80 176 3
135 243 3
107 313 3
86 127 3
88 183 3
147 191 3
285 307 3
154 269 3
5 98 3
107 317 3
89 293 3
149 283 3
115 221 3
120 171 3
24 224 3
199 304 3
26 223 3
29 329 3
6 114 3
13 123 3
216 233 3
89 159 3
127 233 3
224 277 3
51 237 3
128 197 3
59 78 3
13 93 3
52 299 3
264 322 3
155 195 3
85 108 3
101 137 3
1 106 3
44 250 3
39 54 3
197 276 3
62 323 3
6 97 3
134 253 3
262 309 3
35 117 3
7 49 3
48 305 3
101 231 3
214 215 3
53 322 3
73 300 3
46 220 3
179 215 3
217 263 3
127 268 3
1 329 3
18 117 3
3 250 3
270 311 3
99 307 3
106 265 3
232 275 3
43 330 3
130 132 3
103 258 3
41 145 3
86 175 3
273 284 3
215 300 3
77 236 3
9 78 3
45 152 3
95 154 3
214 284 3
52 313 3
237 258 3
6 201 3
136 255 3
163 266 3
8 54 3
94 288 3
72 130 3
24 179 3
147 323 3
67 158 3
166 302 3
121 144 3
130 158 3
195 263 3
30 166 3
163 287 3
70 168 3
75 126 3
91 158 3
64 311 3
165 266 3
157 158 3
256 315 3
180 305 3
5 70 3
40 291 3
90 103 3
139 332 3
114 181 3
210 321 3
152 279 3
164 269 3
159 239 3
62 249 3
40 316 3
68 313 3
58 225 3
207 224 3
313 323 3
180 303 3
139 247 3
181 256 3
180 241 3
89 314 3
293 303 3
240 298 3
42 50 3
176 280 3
128 157 3
111 197 3
97 196 3
88 98 3
154 242 3
54 214 3
61 232 3
24 67 3
199 205 3
28 242 3
224 304 3
116 265 3
2 194 3
92 235 3
51 187 3
102 178 3
11 218 3
126 208 3
305 314 3
55 133 3
14 214 3
34 109 3
52 327 3
100 113 3
176 261 3
140 148 3
152 256 3
265 332 3
91 177 3
87 147 3
189 277 3
207 324 3
119 326 3
308 332 3
11 52 3
225 282 3
65 310 3
178 311 3
30 197 3
92 125 3
125 231 3
192 277 3
74 191 3
129 250 3
216 281 3
64 145 3
307 324 3
19 317 3
93 270 3
104 212 3
162 321 3
54 248 3
93 139 3
88 284 3
43 209 3
1 133 3
274 324 3
197 267 3
183 326 3
51 185 3
129 168 3
116 120 3
63 134 3
24 155 3
72 156 3
60 178 3
13 317 3
33 43 3
25 317 3
51 233 3
183 279 3
154 220 3
18 94 3
75 276 3
11 259 3
14 30 3
76 178 3
83 122 3
151 154 3
248 277 3
134 181 3
86 261 3
205 223 3
193 322 3
26 269 3
179 295 3
57 156 3
196 230 3
127 252 3
76 166 3
10 185 3
31 115 3
85 198 3
152 155 3
96 271 3
71 72 3
251 276 3
78 86 3
67 123 3
68 199 3
3 161 3
79 246 3
30 217 3
137 228 3
156 304 3
8 222 3
5 233 3
290 317 3
29 202 3
44 130 3
132 239 3
48 209 3
90 325 3
111 275 3
158 278 3
271 323 3
24 156 3
20 171 3
95 212 3
62 101 3
23 294 3
105 232 3
199 306 3
258 261 3
34 304 3
55 165 3
22 211 3
123 293 3
111 235 3
188 233 3
91 100 3
43 99 3
38 166 3
45 214 3
133 275 3
75 146 3
237 250 3
103 306 3
144 154 3
97 280 3
2 46 3
23 221 3
53 218 3
38 43 3
143 161 3
128 259 3
105 294 3
296 318 3
6 16 3
71 181 3
85 90 3
241 316 3
52 107 3
54 57 3
102 148 3
307 328 3
249 277 3
136 162 3
178 301 3
129 199 3
240 247 3
13 55 3
208 271 3
213 250 3
98 286 3
284 296 3
102 112 3
128 279 3
3 163 3
101 230 3
25 75 3
145 301 3
280 323 3
51 212 3
45 169 3
260 285 3
83 235 3
210 217 3
134 173 3
91 126 3
152 294 3
89 253 3
73 287 3
49 155 3
149 210 3
234 304 3
36 144 3
54 122 3
92 315 3
265 279 3
113 181 3
151 263 3
15 35 3
141 187 3
89 151 3
240 312 3
32 321 3
24 80 3
48 275 3
72 98 3
69 117 3
260 305 3
15 104 3
6 233 3
86 106 3
204 286 3
23 198 3
137 212 3
197 309 3
66 317 3
15 297 3
144 298 3
224 285 3
148 321 3
6 271 3
139 307 3
112 326 3
17 234 3
46 55 3
22 151 3
140 145 3
5 25 3
81 167 3
144 216 3
201 277 3
48 211 3
165 192 3
38 96 3
4 83 3
105 273 3
9 243 3
2 248 3
69 274 3
18 319 3
123 291 3
58 182 3
2 103 3
186 270 3
69 82 3
1 278 3
48 269 3
22 156 3
239 251 3
59 241 3
163 254 3
102 262 3
269 325 3
183 267 3
200 257 3
173 300 3
158 230 3
149 180 3
3 151 3
117 232 3
37 323 3
177 260 3
5 252 3
163 201 3
170 259 3
11 324 3
9 93 3
192 253 3
42 281 3
187 205 3
92 238 3
177 241 3
86 328 3
163 202 3
147 153 3
159 324 3
163 332 3
163 200 3
245 253 3
46 236 3
54 263 3
43 328 3
276 307 3
81 84 3
69 165 3
28 160 3
70 125 3
155 320 3
40 150 3
186 277 3
23 303 3
97 302 3
105 260 3
17 90 3
135 180 3
30 253 3
168 189 3
72 83 3
32 76 3
83 100 3
111 240 3
179 309 3
167 235 3
52 194 3
248 316 3
47 206 3
64 270 3
42 96 3
185 243 3
58 90 3
230 239 3
15 39 3
66 111 3
180 186 3
13 116 3
210 214 3
32 241 3
212 300 3
204 225 3
127 191 3
64 77 3
172 254 3
105 164 3
83 276 3
173 183 3
212 312 3
197 297 3
214 242 3
15 313 3
16 313 3
190 279 3
187 230 3
141 197 3
33 67 3
68 193 3
65 223 3
65 177 3
156 201 3
100 148 3
203 241 3
183 202 3
120 318 3
67 281 3
48 199 3
63 161 3
212 288 3
15 96 3
1 77 3
48 64 3
114 191 3
128 290 3
204 255 3
70 78 3
223 281 3
92 310 3
17 51 3
117 329 3
196 217 3
99 164 3
147 294 3
26 274 3
22 185 3
194 233 3
6 307 3
53 91 3
264 265 3
256 262 3
146 254 3
152 210 3
237 260 3
154 168 3
44 305 3
17 128 3
71 230 3
250 274 3
219 319 3
111 172 3
241 304 3
72 166 3
82 279 3
130 218 3
14 142 3
59 267 3
188 287 3
86 112 3
115 174 3
79 265 3
146 201 3
136 206 3
18 67 3
5 53 3
83 205 3
33 176 3
55 167 3
198 253 3
84 168 3
50 181 3
29 225 3
35 99 3
121 216 3
210 251 3
62 294 3
27 329 3
122 262 3
82 200 3
55 108 3
204 312 3
137 299 3
111 265 3
53 130 3
31 220 3
81 213 3
25 68 3
29 102 3
124 244 3
142 253 3
23 162 3
78 315 3
164 301 3
51 199 3
31 306 3
25 234 3
161 206 3
120 138 3
172 272 3
187 222 3
311 320 3
298 302 3
12 250 3
55 320 3
129 162 3
243 308 3
72 210 3
40 321 3
41 107 3
10 72 3
1 34 3
206 225 3
13 115 3
263 306 3
104 117 3
83 195 3
85 104 3
36 48 3
2 35 3
83 90 3
65 84 3
155 326 3
194 234 3
194 235 3
8 124 3
8 226 3
118 157 3
133 191 3
50 315 3
154 164 3
20 279 3
43 156 3
31 123 3
78 284 3
78 168 3
35 161 3
152 280 3
14 235 3
16 181 3
108 168 3
61 139 3
36 216 3
168 178 3
74 148 3
71 158 3
90 221 3
44 104 3
54 132 3
130 166 3
5 243 3
39 217 3
288 323 3
225 318 3
166 301 3
56 241 3
47 194 3
116 229 3
214 262 3
256 316 3
29 54 3
81 249 3
63 184 3
195 212 3
45 237 3
241 244 3
128 208 3
118 200 3
83 185 3
11 304 3
251 271 3
27 132 3
143 217 3
67 280 3
263 276 3
304 322 3
70 317 3
47 140 3
19 173 3
77 161 3
72 315 3
110 237 3
24 199 3
228 282 3
209 238 3
67 173 3
76 199 3
118 212 3
65 261 3
204 278 3
187 247 3
95 231 3
154 256 3
96 198 3
172 278 3
75 92 3
249 270 3
136 184 3
79 272 3
5 68 3
177 236 3
134 231 3
171 296 3
31 224 3
155 308 3
16 70 3
83 110 3
6 220 3
5 264 3
22 23 3
33 283 3
97 220 3
201 281 3
141 275 3
199 200 3
103 208 3
262 296 3
253 259 3
20 283 3
71 175 3
86 179 3
164 261 3
51 115 3
186 298 3
56 207 3
241 258 3
5 160 3
65 108 3
7 125 3
168 324 3
44 126 3
14 90 3
266 305 3
268 324 3
6 217 3
63 86 3
11 249 3
126 243 3
96 220 3
11 275 3
251 303 3
120 130 3
176 184 3
157 300 3
110 245 3
236 291 3
288 304 3
180 245 3
158 180 3
42 91 3
97 106 3
24 36 3
13 266 3
81 232 3
29 92 3
94 251 3
10 133 3
105 300 3
45 316 3
73 94 3
283 289 3
244 329 3
175 241 3
11 332 3
8 101 3
33 41 3
197 316 3
69 130 3
149 249 3
197 281 3
240 295 3
116 170 3
83 95 3
79 274 3
127 266 3
3 92 3
88 217 3
59 166 3
176 248 3
58 175 3
18 197 3
208 313 3
1 276 3
30 169 3
92 311 3
33 252 3
148 193 3
9 287 3
151 202 3
197 285 3
44 136 3
200 272 3
33 131 3
250 298 3
129 227 3
141 245 3
16 244 3
164 225 3
175 291 3
302 332 3
32 73 3
221 265 3
100 149 3
219 250 3
19 172 3
114 154 3
215 233 3
186 262 3
151 314 3
156 211 3
146 319 3
226 290 3
70 104 3
69 132 3
204 326 3
20 134 3
119 136 3
275 283 3
288 301 3
34 322 3
42 248 3
54 222 3
101 327 3
172 235 3
58 228 3
41 50 3
276 296 3
33 331 3
130 299 3
21 292 3
40 254 3
94 309 3
79 296 3
34 251 3
264 284 3
225 275 3
85 120 3
140 278 3
79 180 3
307 311 3
29 157 3
15 40 3
224 265 3
72 110 3
236 322 3
3 51 3
129 132 3
51 298 3
83 149 3
254 277 3
29 238 3
101 108 3
5 79 3
2 81 3
27 268 3
120 170 3
111 201 3
183 200 3
122 189 3
6 172 3
137 191 3
156 221 3
107 223 3
29 224 3
167 184 3
196 321 3
13 223 3
88 224 3
34 93 3
132 159 3
27 124 3
162 323 3
129 283 3
134 179 3
42 289 3
191 262 3
32 297 3
152 255 3
239 245 3
106 234 3
102 114 3
242 324 3
126 249 3
135 138 3
203 293 3
189 326 3
18 240 3
36 236 3
2 220 3
90 261 3
200 290 3
191 321 3
164 262 3
243 329 3
168 268 3
189 230 3
59 301 3
14 100 3
228 234 3
98 151 3
195 259 3
11 22 3
196 246 3
83 309 3
66 247 3
11 204 3
121 185 3
112 269 3
274 303 3
58 265 3
82 209 3
177 247 3
14 140 3
190 287 3
248 260 3
30 52 3
106 314 3
301 303 3
227 279 3
