122 157 5
223 342 5
52 75 5
188 305 5
341 376 5
238 290 5
177 206 5
159 315 5
187 302 5
291 388 5
77 168 5
190 346 5
74 124 5
297 364 5
99 282 5
42 293 5
37 56 5
114 162 5
130 375 5
138 142 5
26 349 5
197 380 5
304 366 5
27 205 5
151 318 5
264 391 5
66 208 5
179 263 5
141 355 5
125 231 5
94 273 5
16 131 5
129 328 5
129 365 5
102 174 5
122 270 5
200 321 5
175 318 5
285 345 5
51 107 5
314 334 5
71 96 5
194 348 5
220 333 5
160 236 5
254 344 5
107 359 5
56 106 5
19 86 5
261 307 5
192 248 5
54 63 5
168 372 5
124 238 5
361 388 5
304 393 5
71 274 5
62 139 5
17 67 5
250 358 5
300 302 5
80 102 5
157 330 5
87 185 5
163 248 5
19 38 5
9 73 5
174 249 5
83 116 5
45 102 5
42 348 5
93 388 5
90 227 5
125 180 5
154 293 5
28 193 5
52 129 5
53 345 5
201 358 5
140 204 5
158 363 5
314 372 5
159 303 5
17 292 5
241 336 5
191 283 5
283 355 5
44 269 5
66 109 5
73 223 5
219 250 5
339 344 5
50 282 5
79 396 5
82 207 5
43 355 5
340 365 5
86 339 5
98 378 5
338 356 5
145 385 5
292 339 5
100 233 5
54 281 5
298 349 5
115 353 5
197 290 5
57 319 5
52 171 5
69 252 5
22 258 5
294 367 5
52 361 5
130 305 5
101 332 5
67 84 5
30 75 5
94 247 5
147 262 5
126 158 5
78 94 5
273 363 5
1 39 5
209 353 5
20 125 5
55 132 5
98 114 5
74 348 5
222 324 5
203 395 5
254 342 5
1 77 5
244 372 5
232 247 5
373 390 5
62 156 5
122 334 5
160 190 5
6 142 5
131 369 5
172 234 5
185 348 5
204 342 5
93 162 5
127 368 5
228 380 5
378 382 5
24 380 5
220 226 5
281 328 5
270 389 5
108 391 5
298 394 5
149 400 5
111 189 5
129 344 5
33 313 5
363 374 5
127 188 5
208 314 5
34 167 5
147 366 5
10 344 5
170 302 5
169 241 5
157 289 5
171 222 5
258 393 5
220 368 5
20 253 5
285 384 5
4 17 5
192 331 5
137 144 5
104 310 5
141 243 5
128 326 5
157 370 5
226 397 5
79 137 5
251 366 5
93 368 5
187 297 5
78 84 5
9 264 5
171 319 5
174 366 5
295 335 5
37 77 5
103 214 5
58 346 5
258 354 5
109 270 5
167 299 5
35 178 5
27 246 5
72 285 5
119 331 5
180 276 5
8 115 5
178 284 5
32 321 5
23 367 5
60 215 5
115 317 5
246 273 5
225 334 5
102 275 5
6 401 5
114 183 5
178 209 5
242 400 5
93 181 5
188 347 5
208 302 5
37 239 5
59 222 5
35 277 5
191 392 5
23 62 5
29 236 5
9 360 5
303 365 5
8 15 5
187 219 5
45 99 5
37 359 5
97 217 5
116 124 5
76 331 5
16 112 5
237 241 5
117 243 5
106 344 5
39 180 5
87 240 5
67 198 5
41 95 5
176 234 5
51 129 5
246 362 5
70 222 5
277 392 5
286 400 5
106 361 5
121 329 5
71 241 5
30 387 5
357 373 5
91 208 5
83 330 5
222 294 5
200 389 5
105 263 5
63 236 5
156 196 5
49 381 5
256 266 5
39 223 5
144 254 5
181 183 5
326 338 5
94 367 5
122 384 5
73 338 5
93 330 5
75 222 5
274 314 5
248 282 5
116 378 5
205 310 5
363 385 5
254 322 5
217 365 5
70 143 5
108 398 5
44 323 5
15 396 5
9 378 5
18 137 5
123 138 5
183 197 5
31 96 5
142 313 5
191 343 5
100 325 5
68 83 5
286 394 5
76 101 5
292 357 5
136 243 5
165 288 5
179 282 5
252 260 5
60 332 5
53 351 5
132 197 5
228 322 5
135 227 5
212 242 5
311 325 5
64 165 5
66 122 5
56 141 5
12 222 5
31 137 5
147 392 5
301 399 5
224 345 5
275 330 5
284 352 5
152 400 5
83 320 5
51 382 5
126 262 5
50 222 5
58 245 5
113 310 5
179 242 5
73 122 5
153 326 5
144 209 5
181 216 5
141 159 5
3 143 5
106 359 5
93 104 5
183 248 5
96 233 5
221 302 5
167 195 5
10 343 5
128 253 5
103 319 5
112 369 5
175 366 5
55 264 5
108 151 5
235 322 5
310 311 5
63 87 5
228 341 5
122 190 5
148 358 5
27 48 5
251 266 5
192 242 5
166 275 5
265 392 5
31 269 5
115 376 5
312 396 5
103 170 5
61 76 5
23 42 5
158 386 5
128 399 5
385 391 5
119 131 5
218 347 5
196 251 5
82 165 5
60 356 5
50 330 5
270 292 5
154 340 5
148 385 5
226 250 5
310 323 5
301 345 5
24 359 5
101 151 5
158 356 5
140 146 5
86 361 5
284 364 5
44 354 5
12 47 5
72 376 5
35 135 5
245 361 5
301 374 5
107 222 5
29 125 5
97 204 5
45 227 5
54 219 5
8 49 5
48 189 5
7 154 5
189 347 5
299 363 5
8 232 5
376 384 5
190 384 5
10 300 5
149 383 5
199 328 5
277 396 5
28 79 5
73 91 5
218 378 5
25 291 5
298 338 5
123 286 5
16 231 5
311 379 5
129 215 5
58 184 5
40 189 5
45 271 5
11 193 5
282 326 5
192 201 5
220 276 5
39 352 5
292 401 5
254 329 5
24 225 5
263 310 5
348 351 5
212 257 5
340 401 5
58 70 5
195 332 5
170 239 5
254 274 5
103 198 5
134 295 5
82 398 5
20 186 5
149 193 5
19 120 5
1 116 5
336 344 5
97 363 5
308 358 5
219 358 5
320 361 5
87 113 5
329 364 5
24 237 5
126 181 5
33 388 5
92 103 5
141 277 5
195 333 5
24 214 5
97 124 5
1 139 5
97 104 5
61 101 5
76 319 5
90 395 5
249 351 5
180 387 5
176 203 5
29 222 5
327 401 5
15 165 5
101 228 5
113 296 5
137 159 5
181 355 5
181 306 5
82 92 5
192 350 5
24 142 5
182 304 5
91 205 5
151 270 5
190 399 5
10 71 5
26 143 5
8 113 5
109 307 5
19 340 5
3 170 5
228 256 5
123 205 5
108 215 5
56 286 5
5 99 5
152 260 5
1 242 5
63 224 5
110 252 5
222 253 5
261 320 5
268 396 5
32 374 5
43 48 5
64 123 5
213 364 5
335 378 5
84 168 5
125 221 5
212 226 5
224 364 5
157 297 5
204 219 5
193 387 5
13 69 5
1 238 5
4 305 5
35 341 5
351 389 5
86 151 5
110 363 5
49 160 5
289 369 5
189 243 5
12 127 5
86 308 5
89 242 5
277 365 5
59 68 5
200 350 5
153 260 5
156 273 5
212 236 5
258 264 5
13 272 5
54 344 5
47 392 5
14 213 5
127 352 5
202 363 5
253 287 5
13 343 5
200 291 5
331 378 5
30 399 5
129 182 5
330 401 5
9 238 5
272 285 5
94 228 5
36 357 5
2 281 5
26 165 5
16 377 5
290 365 5
11 289 5
25 249 5
47 302 5
351 388 5
16 378 5
20 178 5
197 350 5
251 278 5
207 259 5
149 352 5
33 177 5
387 388 5
85 179 5
223 267 5
134 259 5
155 217 5
75 147 5
120 314 5
195 300 5
69 171 5
161 315 5
20 183 5
182 343 5
39 59 5
148 280 5
254 391 5
56 377 5
234 312 5
133 206 5
172 266 5
64 399 5
81 210 5
66 73 5
1 267 5
69 365 5
109 278 5
201 302 5
59 83 5
143 191 5
121 363 5
69 110 5
124 288 5
158 198 5
29 364 5
3 200 5
139 228 5
198 382 5
20 343 5
20 46 5
83 208 5
161 389 5
61 360 5
91 188 5
143 330 5
264 281 5
292 349 5
45 178 5
145 276 5
48 173 5
123 238 5
137 373 5
242 261 5
117 280 5
183 236 5
62 372 5
131 318 5
49 349 5
191 236 5
38 334 5
238 391 5
201 269 5
11 313 5
50 155 5
170 260 5
96 327 5
292 371 5
224 233 5
21 211 5
65 175 5
145 256 5
199 245 5
247 275 5
65 193 5
155 303 5
64 398 5
265 293 5
303 337 5
249 386 5
108 129 5
54 155 5
118 276 5
24 107 5
307 342 5
115 201 5
44 55 5
242 333 5
206 373 5
161 164 5
270 388 5
138 339 5
50 102 5
58 275 5
3 123 5
42 131 5
269 303 5
177 258 5
59 354 5
72 357 5
156 332 5
259 375 5
190 283 5
254 289 5
48 396 5
89 337 5
107 227 5
229 275 5
148 328 5
3 286 5
327 343 5
206 244 5
135 268 5
20 326 5
87 376 5
18 397 5
203 327 5
64 84 5
116 352 5
110 338 5
71 98 5
45 177 5
392 397 5
4 397 5
139 362 5
153 399 5
276 288 5
227 397 5
10 88 5
169 224 5
135 292 5
259 337 5
217 396 5
19 332 5
28 346 5
89 113 5
199 231 5
194 338 5
14 221 5
31 189 5
257 334 5
207 252 5
159 289 5
54 339 5
56 145 5
345 388 5
80 161 5
171 382 5
164 399 5
272 277 5
69 159 5
96 179 5
71 335 5
109 196 5
155 175 5
30 53 5
88 332 5
281 319 5
219 291 5
348 373 5
34 389 5
186 334 5
221 387 5
356 385 5
56 299 5
215 333 5
39 110 5
310 374 5
90 253 5
26 168 5
293 317 5
55 76 5
7 224 5
41 395 5
38 297 5
2 60 5
25 65 5
187 246 5
50 215 5
106 302 5
112 306 5
151 393 5
14 374 5
196 339 5
50 365 5
18 327 5
126 149 5
98 192 5
263 394 5
229 322 5
68 326 5
59 327 5
108 243 5
140 216 5
286 325 5
120 277 5
147 206 5
322 342 5
55 144 5
107 376 5
105 374 5
197 303 5
195 294 5
56 93 5
360 394 5
49 99 5
107 391 5
24 233 5
164 288 5
120 245 5
194 306 5
44 114 5
246 260 5
169 293 5
38 273 5
235 265 5
131 247 5
200 339 5
186 231 5
3 308 5
329 393 5
86 353 5
45 297 5
16 188 5
274 290 5
82 328 5
251 371 5
95 268 5
35 230 5
59 340 5
380 396 5
173 225 5
45 126 5
235 384 5
237 348 5
276 363 5
121 229 5
197 227 5
13 165 5
126 212 5
138 359 5
208 280 5
147 181 5
82 375 5
105 181 5
20 233 5
99 266 5
56 224 5
291 383 5
280 329 5
126 241 5
26 203 5
101 361 5
198 223 5
106 186 5
216 323 5
275 317 5
95 169 5
93 141 5
323 346 5
14 245 5
16 177 5
233 279 5
312 333 5
190 195 5
30 135 5
18 62 5
236 313 5
93 259 5
90 254 5
5 382 5
75 127 5
246 292 5
167 216 5
132 236 5
12 181 5
131 147 5
58 317 5
63 110 5
247 396 5
101 349 5
118 129 5
10 36 5
29 341 5
119 129 5
109 193 5
196 392 5
114 256 5
143 282 5
190 353 5
205 275 5
20 201 5
8 189 5
70 150 5
69 298 5
137 398 5
16 265 5
98 188 5
289 374 5
38 174 5
79 303 5
282 348 5
209 294 5
60 247 5
11 352 5
35 225 5
289 308 5
296 317 5
66 95 5
37 64 5
173 207 5
134 222 5
109 321 5
81 393 5
102 281 5
254 360 5
3 207 5
306 369 5
15 365 5
215 366 5
47 322 5
7 262 5
177 229 5
302 396 5
315 338 5
132 193 5
182 338 5
14 291 5
78 257 5
43 136 5
179 297 5
167 181 5
71 175 5
149 189 5
35 107 5
154 226 5
159 356 5
160 256 5
8 134 5
324 395 5
70 127 5
187 325 5
63 273 5
214 392 5
329 350 5
199 200 5
224 366 5
380 399 5
35 200 5
142 259 5
157 307 5
262 368 5
199 388 5
189 395 5
184 332 5
74 389 5
174 310 5
70 372 5
118 356 5
34 66 5
233 283 5
106 265 5
197 316 5
176 231 5
106 188 5
44 93 5
83 335 5
26 322 5
282 288 5
285 315 5
70 375 5
30 380 5
99 220 5
22 337 5
53 56 5
74 336 5
288 338 5
113 156 5
326 361 5
58 185 5
65 102 5
72 277 5
184 376 5
137 393 5
262 379 5
3 94 5
123 353 5
76 295 5
180 347 5
131 253 5
90 354 5
65 263 5
245 260 5
24 302 5
43 162 5
75 392 5
233 332 5
297 366 5
67 299 5
160 274 5
225 302 5
355 356 5
68 249 5
29 320 5
232 267 5
171 220 5
32 394 5
237 357 5
53 291 5
5 211 5
285 287 5
191 397 5
33 288 5
86 355 5
4 359 5
186 378 5
213 256 5
331 396 5
32 133 5
314 400 5
156 336 5
291 329 5
188 246 5
150 237 5
119 371 5
76 296 5
45 363 5
130 401 5
3 389 5
161 174 5
88 380 5
58 383 5
155 191 5
13 67 5
20 262 5
151 295 5
154 348 5
68 257 5
38 304 5
203 375 5
49 366 5
10 97 5
11 96 5
212 399 5
44 172 5
223 244 5
131 302 5
204 358 5
164 289 5
24 96 5
309 391 5
247 328 5
143 314 5
118 183 5
23 157 5
320 389 5
88 278 5
70 288 5
257 281 5
27 286 5
201 398 5
127 249 5
101 125 5
157 337 5
85 252 5
65 360 5
205 241 5
384 393 5
191 247 5
100 213 5
75 92 5
273 353 5
179 342 5
34 312 5
269 295 5
60 291 5
69 382 5
105 245 5
178 262 5
96 209 5
327 336 5
13 391 5
276 391 5
163 236 5
160 311 5
32 254 5
31 335 5
45 245 5
113 197 5
181 228 5
250 317 5
21 26 5
233 271 5
288 328 5
79 213 5
164 336 5
202 398 5
38 109 5
159 270 5
11 91 5
24 301 5
18 115 5
252 269 5
53 356 5
120 256 5
42 233 5
244 326 5
67 75 5
26 269 5
75 347 5
82 311 5
109 184 5
78 219 5
293 310 5
87 383 5
60 320 5
79 106 5
77 347 5
29 104 5
71 149 5
303 359 5
190 274 5
300 329 5
167 349 5
95 355 5
185 264 5
176 293 5
47 326 5
183 339 5
234 343 5
226 393 5
1 70 5
150 331 5
88 360 5
158 326 5
180 284 5
132 369 5
104 229 5
176 369 5
322 343 5
127 343 5
117 185 5
91 304 5
42 274 5
314 348 5
288 305 5
172 288 5
47 102 5
109 207 5
33 133 5
312 365 5
168 389 5
217 352 5
271 319 5
64 213 5
6 313 5
11 169 5
101 122 5
71 236 5
46 384 5
183 333 5
26 360 5
5 292 5
200 400 5
212 332 5
32 248 5
92 315 5
14 338 5
329 372 5
240 242 5
49 252 5
7 243 5
24 150 5
70 78 5
132 333 5
74 90 5
358 366 5
168 230 5
36 51 5
140 160 5
147 298 5
232 384 5
83 138 5
12 83 5
181 326 5
249 401 5
71 273 5
149 221 5
14 353 5
160 225 5
115 254 5
197 355 5
82 233 5
4 315 5
372 374 5
60 202 5
28 215 5
12 40 5
265 371 5
37 291 5
93 286 5
236 364 5
184 230 5
128 316 5
24 209 5
147 323 5
277 344 5
31 276 5
175 352 5
145 345 5
76 324 5
19 351 5
103 363 5
62 332 5
172 367 5
131 295 5
56 330 5
112 165 5
320 345 5
90 188 5
137 314 5
32 261 5
240 279 5
183 211 5
96 133 5
114 331 5
156 365 5
216 290 5
254 296 5
60 189 5
188 385 5
21 190 5
217 301 5
160 186 5
45 293 5
278 323 5
26 254 5
92 138 5
305 348 5
347 400 5
153 276 5
185 381 5
72 240 5
207 269 5
1 325 5
67 308 5
188 256 5
4 329 5
186 228 5
119 236 5
157 303 5
156 397 5
206 256 5
159 247 5
193 225 5
230 377 5
86 140 5
51 356 5
230 297 5
153 257 5
297 396 5
133 156 5
133 250 5
77 232 5
140 318 5
219 268 5
336 369 5
46 223 5
140 293 5
53 365 5
157 355 5
12 369 5
39 40 5
92 268 5
20 336 5
93 304 5
15 225 5
58 264 5
29 363 5
12 346 5
101 280 5
68 236 5
214 282 5
26 291 5
246 343 5
62 74 5
73 370 5
7 114 5
112 205 5
119 348 5
112 225 5
21 239 5
152 336 5
36 174 5
113 186 5
286 381 5
137 288 5
22 353 5
241 315 5
47 158 5
108 257 5
231 298 5
254 345 5
304 365 5
148 323 5
44 83 5
33 176 5
40 355 5
128 327 5
75 111 5
127 386 5
121 396 5
14 348 5
215 254 5
262 334 5
84 262 5
41 314 5
158 294 5
61 330 5
77 331 5
12 383 5
88 193 5
147 260 5
127 259 5
202 347 5
331 369 5
36 328 5
13 123 5
55 337 5
340 388 5
22 270 5
249 311 5
5 335 5
264 276 5
65 205 5
12 120 5
277 289 5
5 22 5
5 368 5
45 279 5
206 370 5
80 91 5
134 291 5
100 229 5
121 369 5
41 250 5
257 351 5
45 226 5
183 192 5
102 276 5
375 391 5
151 253 5
173 210 5
257 287 5
135 212 5
3 181 5
302 344 5
42 289 5
81 203 5
83 124 5
32 121 5
166 380 5
243 330 5
104 348 5
117 321 5
166 341 5
245 375 5
100 112 5
323 333 5
307 335 5
175 391 5
89 118 5
365 378 5
159 166 5
130 314 5
251 362 5
13 346 5
88 347 5
107 255 5
44 49 5
99 214 5
343 384 5
167 260 5
41 264 5
20 161 5
198 336 5
9 359 5
125 373 5
7 283 5
137 210 5
171 196 5
59 213 5
146 183 5
109 231 5
252 353 5
152 350 5
165 207 5
97 291 5
3 373 5
133 360 5
22 229 5
104 140 5
187 264 5
148 193 5
218 358 5
1 85 5
59 200 5
54 370 5
200 204 5
127 162 5
151 387 5
148 388 5
37 192 5
156 237 5
113 188 5
41 134 5
88 253 5
274 310 5
57 115 5
4 139 5
86 212 5
162 285 5
130 271 5
10 146 5
1 171 5
224 273 5
19 229 5
93 284 5
38 129 5
241 329 5
225 369 5
46 386 5
220 356 5
6 258 5
68 84 5
9 169 5
170 280 5
125 222 5
134 373 5
367 373 5
311 377 5
196 205 5
2 151 5
203 297 5
188 297 5
85 115 5
160 264 5
69 155 5
187 399 5
233 270 5
139 314 5
90 110 5
156 234 5
127 311 5
39 349 5
15 171 5
38 332 5
292 333 5
187 188 5
207 376 5
155 321 5
90 132 5
152 273 5
244 339 5
148 343 5
80 280 5
60 62 5
169 215 5
6 341 5
172 184 5
20 102 5
221 311 5
8 106 5
169 312 5
55 323 5
231 259 5
11 382 5
130 327 5
71 392 5
73 344 5
205 224 5
4 392 5
19 371 5
31 215 5
48 386 5
67 214 5
86 107 5
49 191 5
187 290 5
174 241 5
76 284 5
171 367 5
129 373 5
120 292 5
36 42 5
135 338 5
211 241 5
329 332 5
215 253 5
301 362 5
199 248 5
39 357 5
161 354 5
139 146 5
49 392 5
51 333 5
66 221 5
194 371 5
192 335 5
306 386 5
119 370 5
243 282 5
1 243 5
254 285 5
56 246 5
226 327 5
165 264 5
190 282 5
23 99 5
145 401 5
50 89 5
149 227 5
118 343 5
19 206 5
4 51 5
93 183 5
24 195 5
46 196 5
331 339 5
66 121 5
248 346 5
11 64 5
281 345 5
273 377 5
115 272 5
120 276 5
268 394 5
101 335 5
57 193 5
108 212 5
196 394 5
62 273 5
90 318 5
100 330 5
49 320 5
66 229 5
19 249 5
120 246 5
32 395 5
186 391 5
55 308 5
80 125 5
61 181 5
139 361 5
232 265 5
26 201 5
129 222 5
125 140 5
251 363 5
306 389 5
191 226 5
79 108 5
72 346 5
7 212 5
118 330 5
53 62 5
122 271 5
141 307 5
66 266 5
2 280 5
97 152 5
27 391 5
151 280 5
129 202 5
106 113 5
263 376 5
332 341 5
155 276 5
85 366 5
13 355 5
88 156 5
25 139 5
44 283 5
238 348 5
116 309 5
77 349 5
47 267 5
66 219 5
195 197 5
92 382 5
300 354 5
28 303 5
182 294 5
250 378 5
204 220 5
47 390 5
127 291 5
71 245 5
170 308 5
151 191 5
96 211 5
227 362 5
257 293 5
126 252 5
159 344 5
106 130 5
207 296 5
32 188 5
60 281 5
164 279 5
156 226 5
119 325 5
24 67 5
194 363 5
47 226 5
142 344 5
35 242 5
175 365 5
26 206 5
36 89 5
41 267 5
166 336 5
72 270 5
132 196 5
31 222 5
50 82 5
79 256 5
168 280 5
145 202 5
145 191 5
26 160 5
134 332 5
179 401 5
97 279 5
204 258 5
244 314 5
123 151 5
251 268 5
45 92 5
314 399 5
76 152 5
3 35 5
202 230 5
282 375 5
75 98 5
101 237 5
241 257 5
307 330 5
2 18 5
207 221 5
119 332 5
53 136 5
343 386 5
33 320 5
103 390 5
18 251 5
52 141 5
