1 142 3
1 153 3
1 233 3
1 284 3
2 133 3
2 189 3
2 235 3
2 257 3
3 9 3
3 126 3
3 169 3
3 229 3
4 186 3
5 28 3
5 49 3
5 124 3
5 173 3
6 105 3
6 114 3
6 138 3
6 196 3
6 252 3
7 182 3
7 212 3
8 82 3
8 123 3
8 202 3
8 237 3
8 255 3
9 55 3
9 249 3
9 262 3
10 144 3
10 167 3
10 233 3
11 86 3
11 218 3
12 32 3
12 57 3
12 222 3
12 255 3
13 65 3
13 194 3
14 172 3
15 140 3
15 201 3
16 41 3
16 77 3
16 172 3
16 177 3
17 71 3
17 119 3
17 134 3
17 237 3
17 276 3
18 302 3
19 218 3
20 52 3
20 106 3
21 57 3
21 158 3
21 269 3
22 158 3
23 161 3
24 134 3
24 159 3
24 263 3
25 63 3
25 196 3
26 135 3
26 226 3
28 51 3
28 87 3
28 233 3
29 170 3
30 183 3
31 68 3
31 229 3
32 73 3
32 126 3
32 216 3
33 104 3
34 243 3
34 257 3
35 44 3
35 57 3
35 137 3
36 38 3
36 95 3
37 225 3
37 297 3
38 76 3
38 283 3
39 68 3
39 225 3
40 105 3
40 116 3
40 141 3
41 43 3
41 59 3
41 162 3
41 242 3
42 198 3
42 234 3
43 125 3
43 193 3
44 113 3
44 121 3
44 199 3
45 182 3
45 285 3
47 182 3
47 195 3
47 262 3
48 70 3
48 92 3
48 109 3
48 117 3
48 269 3
49 78 3
49 94 3
49 123 3
49 156 3
49 196 3
50 193 3
50 197 3
50 279 3
51 79 3
51 122 3
51 129 3
51 168 3
51 206 3
51 237 3
52 63 3
52 88 3
52 167 3
52 215 3
52 224 3
52 236 3
54 98 3
54 141 3
54 161 3
54 208 3
55 190 3
55 225 3
55 262 3
56 118 3
56 135 3
56 272 3
57 61 3
57 87 3
57 106 3
57 159 3
57 209 3
57 248 3
58 104 3
58 171 3
58 246 3
58 272 3
59 219 3
60 65 3
60 170 3
60 231 3
61 106 3
61 199 3
61 214 3
62 137 3
62 145 3
62 214 3
62 223 3
62 246 3
63 127 3
63 237 3
63 259 3
64 222 3
64 231 3
65 103 3
66 74 3
66 211 3
67 158 3
68 237 3
68 239 3
69 107 3
69 173 3
69 223 3
70 204 3
70 221 3
70 229 3
71 97 3
72 87 3
72 153 3
72 231 3
72 279 3
73 97 3
73 100 3
73 135 3
73 137 3
73 275 3
74 100 3
74 132 3
74 160 3
74 250 3
75 85 3
75 88 3
75 130 3
75 250 3
76 88 3
76 110 3
76 211 3
76 295 3
77 184 3
78 87 3
78 206 3
78 231 3
78 243 3
79 144 3
79 275 3
80 110 3
80 210 3
81 120 3
81 128 3
81 189 3
81 275 3
82 92 3
82 153 3
82 191 3
82 207 3
83 94 3
84 102 3
84 199 3
84 206 3
84 263 3
85 197 3
85 263 3
87 139 3
87 253 3
87 301 3
88 124 3
88 140 3
88 267 3
88 285 3
90 142 3
91 178 3
92 94 3
92 141 3
92 250 3
92 287 3
93 145 3
93 184 3
93 185 3
94 113 3
95 114 3
95 125 3
95 198 3
96 160 3
96 191 3
96 195 3
97 112 3
97 137 3
97 140 3
97 217 3
97 260 3
98 120 3
98 207 3
99 177 3
99 219 3
100 156 3
100 163 3
100 239 3
101 128 3
101 134 3
101 147 3
101 242 3
104 225 3
107 236 3
108 120 3
108 227 3
108 277 3
109 125 3
109 149 3
109 173 3
109 199 3
110 124 3
110 133 3
110 137 3
111 187 3
112 180 3
113 164 3
113 274 3
114 134 3
114 213 3
114 269 3
115 131 3
115 166 3
115 176 3
115 242 3
116 127 3
116 274 3
117 119 3
117 141 3
117 301 3
118 155 3
118 204 3
118 252 3
118 282 3
119 255 3
119 273 3
120 173 3
120 180 3
120 268 3
121 145 3
121 158 3
122 166 3
124 133 3
124 275 3
125 143 3
125 182 3
125 214 3
125 235 3
125 242 3
126 247 3
127 173 3
127 186 3
127 190 3
128 171 3
128 198 3
128 200 3
128 280 3
129 212 3
129 230 3
130 155 3
131 300 3
132 232 3
133 296 3
134 234 3
135 159 3
135 249 3
135 253 3
135 278 3
136 163 3
136 205 3
136 262 3
137 181 3
137 201 3
137 223 3
138 149 3
138 158 3
138 200 3
139 234 3
139 292 3
140 166 3
140 238 3
141 169 3
141 175 3
141 268 3
142 267 3
143 200 3
143 211 3
143 228 3
144 165 3
144 295 3
145 281 3
146 176 3
147 160 3
147 254 3
149 155 3
149 269 3
150 298 3
151 156 3
151 173 3
152 269 3
153 186 3
153 188 3
153 201 3
153 227 3
154 240 3
155 227 3
155 264 3
156 185 3
156 263 3
157 247 3
158 163 3
159 175 3
161 237 3
161 242 3
161 258 3
162 232 3
163 176 3
163 224 3
164 270 3
165 174 3
166 219 3
167 182 3
168 223 3
169 249 3
172 279 3
174 239 3
174 248 3
175 265 3
176 239 3
177 184 3
177 289 3
178 267 3
179 211 3
179 215 3
179 238 3
183 193 3
184 215 3
184 272 3
186 253 3
187 188 3
187 190 3
188 267 3
189 237 3
191 203 3
195 210 3
196 215 3
199 209 3
201 220 3
202 203 3
202 241 3
202 261 3
203 212 3
204 209 3
204 226 3
205 228 3
206 227 3
207 230 3
208 240 3
208 272 3
209 218 3
209 299 3
210 221 3
212 301 3
215 233 3
216 279 3
217 249 3
217 261 3
218 253 3
218 279 3
219 267 3
220 226 3
220 255 3
220 267 3
222 277 3
224 234 3
227 230 3
228 236 3
233 293 3
236 239 3
236 261 3
237 242 3
237 292 3
237 299 3
239 258 3
240 301 3
241 262 3
243 273 3
245 280 3
246 290 3
247 302 3
248 265 3
253 258 3
253 273 3
253 274 3
255 277 3
260 291 3
260 299 3
263 264 3
263 285 3
267 293 3
273 281 3
201 286 3
75 167 3
162 208 3
38 182 3
163 329 3
69 239 3
120 221 3
50 301 3
229 248 3
41 140 3
168 275 3
219 315 3
197 274 3
101 279 3
10 121 3
3 211 3
75 77 3
202 297 3
158 254 3
51 154 3
4 39 3
123 312 3
29 260 3
91 95 3
51 177 3
234 264 3
137 326 3
150 190 3
78 171 3
7 56 3
58 291 3
217 285 3
101 135 3
74 292 3
23 125 3
26 34 3
13 83 3
10 69 3
159 294 3
104 138 3
210 258 3
123 322 3
62 139 3
59 232 3
287 309 3
65 268 3
13 202 3
67 140 3
214 222 3
26 244 3
258 311 3
8 190 3
244 258 3
205 270 3
4 293 3
213 262 3
138 251 3
154 310 3
177 286 3
29 162 3
41 141 3
201 283 3
27 92 3
82 304 3
4 7 3
113 283 3
194 266 3
38 203 3
66 293 3
84 247 3
94 221 3
16 166 3
8 63 3
90 104 3
118 268 3
185 329 3
78 135 3
104 197 3
227 278 3
75 150 3
25 204 3
57 182 3
138 139 3
123 260 3
99 263 3
38 192 3
123 151 3
158 208 3
185 217 3
120 182 3
2 34 3
36 79 3
89 232 3
182 315 3
97 176 3
52 220 3
201 233 3
258 277 3
39 124 3
49 57 3
6 54 3
204 249 3
44 128 3
232 282 3
131 260 3
181 271 3
84 307 3
172 259 3
28 206 3
74 223 3
123 125 3
110 323 3
54 277 3
169 235 3
177 217 3
150 292 3
208 222 3
269 274 3
171 223 3
88 98 3
26 273 3
24 278 3
124 252 3
46 116 3
71 189 3
193 268 3
45 234 3
104 178 3
19 272 3
81 115 3
76 292 3
217 265 3
167 206 3
73 257 3
16 160 3
22 208 3
105 219 3
25 151 3
262 266 3
70 252 3
5 123 3
24 112 3
135 301 3
121 319 3
74 121 3
69 102 3
80 286 3
166 205 3
159 277 3
90 94 3
31 104 3
209 301 3
39 169 3
18 233 3
222 305 3
15 269 3
226 301 3
114 290 3
103 330 3
97 101 3
119 122 3
118 165 3
75 290 3
153 204 3
213 234 3
166 258 3
54 244 3
54 332 3
92 206 3
18 64 3
95 206 3
240 330 3
174 287 3
21 277 3
121 285 3
41 323 3
28 236 3
82 231 3
236 308 3
112 141 3
161 275 3
194 214 3
274 286 3
87 211 3
101 269 3
85 267 3
8 178 3
28 141 3
13 42 3
2 149 3
255 310 3
127 283 3
128 134 3
109 181 3
212 283 3
31 170 3
31 154 3
16 244 3
236 250 3
173 226 3
18 230 3
25 27 3
87 328 3
37 305 3
20 121 3
39 274 3
18 85 3
144 151 3
132 325 3
83 180 3
17 204 3
113 278 3
277 299 3
203 293 3
106 194 3
132 295 3
4 321 3
76 331 3
48 327 3
14 287 3
88 325 3
26 208 3
19 77 3
96 209 3
263 275 3
55 291 3
211 323 3
178 332 3
267 292 3
49 300 3
65 262 3
100 320 3
170 175 3
164 238 3
143 193 3
178 230 3
53 185 3
182 255 3
19 323 3
58 254 3
213 268 3
92 308 3
258 307 3
113 189 3
156 186 3
161 250 3
5 260 3
158 174 3
22 63 3
5 84 3
102 255 3
28 314 3
74 156 3
65 209 3
94 266 3
227 318 3
121 213 3
238 298 3
94 187 3
40 78 3
158 169 3
173 209 3
5 34 3
27 266 3
97 190 3
110 271 3
11 292 3
285 298 3
87 174 3
100 269 3
27 174 3
147 326 3
54 231 3
113 160 3
110 324 3
80 199 3
76 268 3
172 272 3
29 105 3
125 218 3
248 295 3
64 174 3
29 178 3
46 184 3
123 315 3
149 284 3
76 277 3
130 296 3
176 328 3
87 289 3
76 105 3
40 87 3
71 258 3
99 232 3
37 283 3
165 224 3
204 207 3
6 50 3
155 303 3
233 277 3
184 285 3
14 281 3
49 309 3
78 224 3
224 286 3
230 328 3
29 316 3
99 288 3
187 242 3
118 192 3
223 261 3
15 24 3
135 281 3
64 209 3
216 251 3
74 124 3
87 320 3
36 72 3
69 315 3
179 206 3
22 76 3
121 303 3
60 76 3
301 321 3
106 182 3
80 325 3
34 103 3
7 88 3
70 303 3
141 297 3
205 290 3
192 264 3
255 296 3
147 278 3
323 325 3
71 265 3
69 191 3
128 155 3
143 187 3
36 96 3
95 249 3
28 202 3
34 197 3
87 290 3
23 174 3
227 228 3
51 159 3
7 14 3
1 154 3
244 291 3
146 281 3
176 214 3
139 330 3
9 245 3
24 60 3
281 308 3
118 308 3
98 234 3
284 320 3
135 148 3
179 198 3
106 213 3
131 213 3
89 259 3
72 124 3
219 289 3
15 206 3
134 216 3
260 276 3
78 208 3
171 195 3
103 268 3
17 32 3
242 256 3
309 316 3
58 82 3
94 270 3
187 224 3
33 151 3
194 232 3
105 188 3
81 230 3
203 216 3
31 130 3
79 108 3
170 257 3
27 223 3
25 159 3
59 187 3
82 294 3
60 163 3
43 177 3
150 329 3
67 68 3
182 220 3
181 206 3
75 261 3
103 197 3
54 64 3
143 246 3
161 170 3
232 303 3
197 256 3
129 175 3
110 131 3
136 193 3
98 190 3
37 106 3
24 247 3
93 97 3
238 302 3
121 325 3
102 184 3
16 46 3
126 246 3
65 105 3
97 301 3
145 321 3
63 98 3
118 275 3
52 290 3
216 246 3
130 158 3
250 270 3
146 180 3
36 110 3
85 230 3
28 107 3
1 325 3
122 167 3
118 146 3
214 231 3
35 219 3
97 279 3
221 237 3
114 215 3
98 193 3
18 28 3
147 217 3
187 213 3
64 296 3
69 248 3
113 195 3
33 175 3
107 216 3
199 224 3
18 29 3
26 315 3
156 304 3
60 80 3
112 214 3
94 304 3
41 311 3
45 241 3
95 257 3
177 240 3
92 310 3
10 308 3
70 206 3
43 312 3
205 241 3
124 154 3
149 178 3
2 136 3
40 135 3
71 313 3
16 74 3
246 295 3
34 203 3
290 291 3
135 218 3
115 118 3
93 147 3
125 272 3
83 167 3
172 207 3
215 327 3
173 280 3
84 283 3
94 322 3
74 138 3
154 312 3
68 274 3
67 101 3
65 277 3
202 311 3
96 332 3
66 316 3
28 108 3
5 190 3
96 114 3
29 317 3
264 310 3
201 260 3
214 267 3
73 169 3
149 287 3
22 146 3
90 132 3
43 154 3
21 77 3
23 76 3
116 259 3
61 223 3
65 286 3
1 68 3
81 237 3
96 310 3
168 216 3
23 238 3
97 326 3
15 303 3
142 160 3
152 245 3
287 291 3
225 287 3
168 307 3
10 282 3
10 94 3
152 299 3
152 327 3
75 286 3
56 301 3
52 144 3
104 209 3
86 120 3
100 203 3
12 91 3
179 255 3
57 83 3
209 308 3
12 103 3
143 213 3
32 156 3
183 223 3
42 217 3
255 328 3
291 310 3
216 262 3
41 320 3
46 139 3
107 261 3
117 145 3
192 243 3
39 275 3
167 220 3
231 250 3
189 312 3
31 220 3
55 253 3
71 96 3
137 325 3
11 15 3
222 227 3
183 197 3
214 255 3
228 240 3
183 293 3
42 277 3
203 315 3
90 316 3
150 153 3
6 240 3
52 271 3
26 146 3
111 216 3
122 168 3
52 128 3
17 182 3
278 298 3
79 199 3
15 220 3
70 239 3
183 307 3
32 97 3
15 85 3
107 154 3
88 266 3
59 80 3
124 225 3
85 235 3
108 126 3
70 235 3
97 171 3
43 171 3
137 290 3
24 41 3
14 198 3
45 49 3
134 294 3
68 311 3
207 318 3
2 286 3
49 178 3
205 279 3
94 268 3
27 190 3
107 198 3
152 163 3
75 193 3
106 298 3
119 311 3
28 163 3
44 83 3
62 81 3
32 287 3
47 285 3
11 241 3
6 329 3
196 311 3
72 211 3
131 237 3
237 262 3
81 102 3
96 319 3
93 193 3
61 172 3
119 214 3
107 119 3
58 275 3
241 325 3
153 262 3
172 258 3
150 159 3
37 41 3
172 222 3
71 273 3
295 328 3
71 315 3
184 310 3
