1 142 5
1 154 5
1 167 5
1 232 5
1 284 5
1 339 5
2 86 5
2 130 5
2 133 5
2 136 5
2 286 5
2 297 5
3 180 5
3 195 5
3 211 5
3 229 5
3 356 5
4 7 5
4 109 5
4 186 5
4 293 5
5 44 5
5 173 5
5 185 5
6 87 5
6 145 5
7 18 5
7 56 5
7 62 5
7 199 5
8 82 5
8 123 5
8 154 5
8 163 5
8 188 5
8 237 5
8 255 5
9 55 5
9 126 5
9 143 5
9 215 5
9 300 5
10 121 5
10 144 5
10 167 5
10 185 5
10 282 5
10 308 5
11 86 5
11 134 5
11 157 5
12 57 5
12 71 5
12 103 5
12 144 5
12 222 5
13 129 5
13 204 5
13 246 5
14 281 5
14 305 5
15 24 5
15 220 5
15 247 5
15 303 5
16 30 5
16 77 5
16 131 5
16 160 5
16 215 5
16 362 5
17 71 5
17 102 5
17 119 5
17 134 5
17 204 5
17 276 5
17 277 5
18 85 5
18 135 5
18 195 5
18 286 5
18 322 5
18 341 5
19 77 5
19 86 5
19 344 5
20 88 5
20 121 5
21 57 5
21 64 5
21 77 5
21 160 5
22 63 5
22 151 5
22 158 5
22 208 5
23 125 5
23 165 5
24 191 5
25 77 5
25 275 5
26 34 5
26 43 5
26 53 5
26 189 5
27 35 5
27 266 5
27 298 5
28 87 5
28 108 5
30 346 5
31 130 5
31 166 5
31 283 5
32 46 5
32 73 5
32 97 5
32 126 5
32 156 5
32 216 5
33 82 5
33 265 5
34 49 5
34 197 5
34 324 5
35 124 5
35 182 5
35 219 5
35 246 5
35 265 5
35 305 5
36 70 5
36 93 5
36 96 5
36 161 5
36 328 5
37 106 5
37 225 5
37 271 5
38 182 5
38 206 5
39 159 5
39 274 5
39 275 5
40 87 5
40 113 5
40 339 5
41 59 5
42 77 5
42 217 5
42 314 5
43 137 5
44 121 5
44 274 5
44 361 5
44 364 5
45 303 5
45 305 5
45 331 5
46 116 5
46 143 5
46 250 5
46 330 5
47 285 5
48 92 5
48 269 5
48 364 5
49 57 5
49 94 5
49 156 5
49 170 5
49 178 5
50 133 5
50 160 5
50 193 5
50 279 5
51 129 5
51 159 5
52 63 5
52 144 5
52 215 5
52 324 5
53 294 5
53 326 5
53 350 5
54 87 5
54 141 5
54 246 5
54 254 5
55 262 5
55 291 5
55 344 5
56 127 5
56 135 5
56 177 5
56 291 5
57 71 5
57 87 5
57 196 5
57 219 5
57 275 5
58 171 5
58 246 5
58 254 5
58 272 5
59 102 5
59 219 5
60 76 5
60 163 5
60 166 5
60 170 5
60 231 5
61 103 5
61 106 5
61 284 5
62 174 5
62 214 5
63 89 5
63 103 5
63 237 5
63 352 5
64 108 5
64 222 5
64 231 5
64 253 5
64 296 5
65 80 5
65 103 5
65 214 5
65 228 5
65 277 5
65 363 5
66 177 5
66 311 5
67 101 5
67 269 5
67 280 5
67 284 5
68 81 5
68 112 5
68 237 5
68 239 5
68 274 5
68 311 5
68 335 5
69 248 5
69 265 5
70 147 5
70 173 5
70 174 5
70 179 5
70 204 5
70 303 5
71 168 5
71 189 5
71 269 5
71 273 5
72 231 5
73 97 5
73 211 5
73 257 5
74 100 5
74 124 5
74 156 5
74 292 5
75 77 5
75 167 5
75 193 5
76 88 5
76 210 5
76 301 5
76 331 5
77 361 5
78 84 5
78 208 5
78 258 5
78 271 5
79 144 5
79 192 5
80 110 5
80 164 5
80 258 5
80 298 5
80 353 5
81 102 5
81 231 5
81 237 5
82 92 5
82 231 5
82 245 5
83 172 5
83 213 5
84 102 5
84 263 5
84 313 5
85 179 5
85 224 5
85 282 5
86 332 5
87 139 5
87 174 5
87 211 5
87 253 5
87 328 5
87 350 5
88 124 5
88 133 5
88 207 5
88 285 5
89 232 5
90 94 5
90 104 5
90 132 5
90 142 5
90 299 5
91 95 5
91 245 5
91 262 5
92 94 5
92 124 5
92 161 5
93 131 5
93 184 5
93 287 5
93 362 5
94 163 5
94 304 5
95 170 5
95 206 5
95 294 5
96 160 5
96 191 5
96 195 5
96 310 5
97 101 5
97 140 5
97 143 5
97 197 5
97 217 5
98 120 5
98 190 5
98 233 5
98 236 5
99 200 5
99 232 5
99 347 5
100 239 5
100 269 5
100 312 5
100 320 5
102 184 5
103 289 5
103 320 5
103 352 5
104 233 5
105 258 5
105 278 5
106 194 5
106 215 5
106 231 5
106 298 5
107 154 5
107 216 5
107 242 5
107 344 5
108 143 5
108 227 5
109 123 5
109 149 5
109 173 5
109 199 5
109 314 5
109 317 5
110 128 5
110 131 5
110 133 5
110 137 5
110 188 5
110 259 5
110 262 5
110 324 5
112 122 5
112 141 5
112 180 5
112 357 5
112 361 5
113 166 5
113 274 5
114 213 5
114 269 5
114 306 5
115 118 5
115 244 5
117 300 5
118 155 5
118 192 5
118 204 5
118 282 5
118 325 5
119 203 5
119 255 5
119 311 5
121 158 5
121 161 5
121 185 5
121 325 5
122 166 5
123 125 5
123 221 5
123 260 5
124 133 5
124 147 5
124 313 5
124 318 5
126 246 5
126 255 5
126 299 5
127 186 5
127 283 5
129 159 5
130 155 5
131 300 5
132 232 5
133 180 5
133 238 5
133 296 5
134 205 5
134 223 5
135 148 5
135 249 5
135 281 5
136 163 5
137 201 5
137 241 5
137 325 5
137 326 5
138 158 5
138 337 5
141 237 5
142 244 5
143 198 5
143 211 5
143 213 5
143 226 5
143 230 5
144 262 5
145 281 5
146 180 5
147 160 5
147 253 5
147 278 5
148 227 5
149 173 5
149 178 5
149 230 5
151 334 5
153 201 5
153 204 5
153 241 5
153 363 5
154 240 5
154 310 5
154 337 5
156 164 5
156 185 5
156 186 5
157 365 5
158 169 5
158 254 5
159 206 5
159 294 5
159 332 5
160 184 5
160 300 5
161 197 5
161 242 5
161 269 5
162 205 5
162 352 5
163 176 5
164 330 5
166 219 5
166 258 5
167 220 5
167 292 5
167 299 5
167 323 5
167 324 5
168 267 5
168 275 5
169 273 5
170 280 5
172 272 5
172 300 5
173 244 5
174 239 5
174 248 5
174 289 5
174 303 5
176 239 5
176 288 5
176 291 5
176 356 5
177 290 5
178 205 5
178 225 5
178 230 5
178 267 5
178 332 5
179 206 5
179 211 5
179 238 5
182 220 5
182 352 5
183 223 5
183 271 5
183 273 5
183 293 5
184 285 5
185 217 5
186 188 5
186 247 5
186 301 5
186 331 5
187 190 5
187 216 5
187 242 5
187 260 5
188 242 5
188 260 5
188 355 5
190 215 5
190 310 5
192 315 5
192 362 5
194 214 5
194 232 5
195 210 5
196 219 5
196 311 5
196 365 5
198 223 5
198 302 5
198 319 5
199 267 5
201 220 5
201 222 5
201 265 5
202 297 5
203 224 5
203 293 5
204 209 5
204 261 5
204 318 5
205 270 5
205 279 5
205 290 5
208 222 5
208 290 5
208 365 5
210 315 5
211 260 5
211 312 5
213 284 5
214 222 5
215 259 5
216 262 5
217 252 5
217 261 5
217 325 5
220 267 5
220 292 5
220 321 5
221 237 5
222 227 5
222 265 5
222 284 5
223 250 5
223 264 5
223 294 5
224 234 5
224 253 5
224 288 5
225 331 5
226 228 5
226 301 5
227 270 5
227 317 5
230 264 5
230 274 5
232 303 5
232 331 5
233 303 5
236 270 5
236 341 5
237 242 5
237 262 5
238 288 5
238 293 5
239 331 5
243 273 5
244 258 5
244 332 5
245 266 5
246 295 5
247 288 5
247 302 5
249 277 5
249 291 5
250 251 5
250 270 5
253 273 5
253 274 5
257 295 5
258 280 5
258 307 5
258 311 5
260 365 5
263 302 5
264 306 5
264 310 5
266 304 5
267 303 5
267 351 5
269 294 5
272 277 5
273 301 5
274 286 5
276 337 5
280 364 5
281 308 5
281 348 5
282 330 5
283 343 5
284 340 5
287 291 5
287 320 5
288 354 5
289 301 5
291 310 5
291 340 5
293 325 5
297 320 5
298 351 5
299 360 5
306 337 5
306 358 5
309 341 5
316 344 5
320 323 5
322 357 5
328 341 5
332 362 5
337 363 5
341 356 5
343 358 5
343 362 5
349 363 5
353 354 5
81 129 5
143 333 5
138 301 5
2 89 5
146 219 5
106 186 5
38 347 5
92 111 5
362 364 5
311 377 5
23 317 5
154 398 5
366 389 5
115 192 5
320 327 5
195 244 5
27 126 5
59 164 5
98 220 5
238 316 5
22 366 5
75 94 5
41 277 5
74 240 5
215 312 5
228 384 5
52 238 5
53 225 5
16 244 5
11 14 5
205 236 5
262 331 5
2 389 5
97 173 5
207 334 5
160 244 5
27 253 5
140 319 5
157 201 5
185 213 5
269 371 5
84 207 5
136 393 5
8 103 5
51 113 5
94 359 5
23 390 5
64 292 5
10 388 5
236 290 5
393 395 5
92 132 5
49 320 5
192 231 5
43 278 5
248 376 5
58 384 5
126 375 5
229 266 5
54 390 5
13 148 5
75 347 5
170 311 5
138 253 5
45 370 5
214 362 5
111 345 5
29 52 5
66 282 5
221 343 5
268 397 5
51 262 5
326 388 5
25 263 5
78 288 5
251 300 5
225 270 5
46 67 5
179 256 5
147 319 5
83 180 5
147 231 5
111 212 5
3 185 5
227 253 5
87 271 5
195 304 5
73 328 5
56 360 5
4 380 5
302 332 5
49 248 5
98 368 5
305 358 5
244 276 5
23 87 5
141 326 5
182 190 5
15 143 5
34 85 5
101 337 5
247 352 5
80 336 5
11 278 5
58 281 5
378 385 5
330 351 5
74 306 5
380 390 5
65 253 5
11 283 5
9 43 5
22 232 5
190 237 5
223 246 5
231 345 5
238 337 5
23 287 5
80 249 5
166 232 5
129 167 5
202 255 5
71 233 5
191 397 5
274 371 5
12 278 5
282 372 5
71 316 5
207 233 5
200 293 5
196 323 5
144 259 5
32 239 5
144 353 5
382 392 5
119 184 5
110 148 5
291 321 5
183 342 5
286 384 5
55 235 5
67 337 5
205 382 5
79 84 5
213 371 5
135 356 5
171 238 5
65 270 5
9 281 5
221 400 5
76 261 5
7 117 5
109 258 5
272 371 5
255 291 5
254 346 5
89 321 5
354 366 5
31 374 5
121 259 5
73 76 5
311 393 5
129 246 5
252 327 5
8 144 5
268 325 5
114 293 5
149 348 5
222 317 5
19 112 5
243 346 5
3 56 5
81 338 5
41 383 5
111 161 5
183 240 5
236 304 5
154 165 5
15 31 5
38 79 5
3 232 5
123 379 5
116 325 5
337 344 5
35 313 5
120 227 5
248 380 5
230 389 5
270 328 5
37 370 5
29 209 5
293 338 5
56 111 5
144 168 5
47 252 5
229 243 5
169 358 5
184 225 5
136 367 5
85 218 5
196 363 5
5 264 5
256 332 5
205 225 5
41 233 5
105 333 5
215 242 5
60 331 5
28 276 5
98 353 5
322 340 5
162 253 5
77 370 5
7 346 5
162 285 5
164 319 5
30 168 5
181 358 5
57 99 5
181 212 5
358 363 5
143 203 5
245 275 5
133 345 5
223 303 5
216 296 5
148 314 5
355 378 5
297 395 5
180 361 5
124 228 5
98 330 5
351 364 5
61 287 5
7 139 5
345 369 5
96 159 5
12 243 5
33 375 5
328 356 5
251 349 5
142 262 5
118 398 5
215 293 5
175 184 5
11 144 5
314 371 5
12 333 5
264 298 5
66 343 5
9 109 5
277 383 5
168 224 5
273 288 5
242 271 5
199 218 5
91 340 5
78 160 5
130 366 5
139 268 5
181 396 5
7 253 5
112 188 5
250 377 5
129 157 5
183 259 5
32 98 5
79 392 5
349 370 5
167 233 5
165 396 5
178 316 5
155 307 5
280 351 5
90 292 5
290 359 5
142 343 5
37 53 5
86 329 5
130 376 5
233 242 5
347 385 5
62 330 5
337 371 5
9 168 5
136 247 5
163 386 5
161 390 5
112 292 5
11 255 5
201 301 5
142 212 5
114 322 5
114 267 5
6 241 5
247 316 5
145 300 5
146 192 5
128 361 5
42 115 5
323 368 5
202 288 5
120 308 5
263 271 5
231 274 5
103 124 5
7 246 5
317 359 5
255 328 5
5 144 5
59 95 5
252 312 5
115 358 5
57 390 5
244 315 5
30 282 5
166 317 5
72 82 5
35 345 5
14 338 5
210 290 5
39 134 5
216 355 5
164 216 5
209 307 5
220 376 5
143 365 5
359 394 5
87 258 5
171 383 5
11 331 5
95 124 5
206 401 5
34 239 5
222 325 5
110 372 5
82 133 5
243 348 5
5 109 5
235 317 5
127 384 5
348 364 5
269 394 5
12 198 5
80 394 5
9 369 5
77 91 5
76 176 5
86 369 5
182 189 5
9 152 5
141 371 5
212 307 5
14 160 5
289 395 5
2 345 5
193 365 5
60 364 5
357 375 5
35 258 5
298 368 5
43 116 5
60 291 5
28 191 5
48 372 5
56 289 5
196 259 5
101 269 5
101 142 5
103 114 5
115 167 5
46 359 5
8 151 5
17 106 5
54 347 5
93 214 5
1 243 5
208 303 5
365 398 5
2 11 5
290 369 5
140 163 5
80 220 5
263 362 5
48 180 5
63 346 5
162 181 5
303 312 5
261 393 5
89 314 5
10 375 5
79 253 5
286 376 5
11 227 5
283 301 5
21 323 5
233 262 5
81 84 5
18 313 5
41 164 5
65 176 5
182 226 5
28 83 5
209 288 5
147 370 5
157 273 5
344 351 5
81 391 5
236 380 5
190 401 5
93 279 5
267 326 5
292 310 5
4 284 5
145 348 5
179 326 5
206 245 5
81 125 5
165 227 5
93 110 5
55 108 5
59 208 5
97 367 5
169 186 5
136 228 5
262 338 5
259 348 5
203 238 5
158 167 5
242 311 5
92 104 5
20 309 5
371 389 5
144 207 5
287 310 5
316 342 5
16 47 5
148 186 5
6 12 5
240 354 5
141 214 5
160 249 5
71 124 5
70 310 5
281 384 5
57 293 5
74 200 5
76 116 5
260 293 5
145 323 5
274 310 5
158 289 5
356 379 5
40 73 5
26 384 5
196 279 5
199 312 5
55 356 5
24 322 5
36 202 5
6 328 5
152 331 5
78 199 5
130 341 5
335 370 5
242 275 5
104 243 5
198 203 5
81 275 5
63 310 5
187 373 5
259 357 5
286 385 5
10 379 5
45 309 5
179 387 5
45 108 5
210 316 5
149 258 5
45 227 5
82 392 5
140 325 5
14 94 5
175 194 5
102 362 5
310 333 5
167 361 5
16 288 5
51 370 5
31 394 5
14 244 5
89 131 5
23 299 5
45 281 5
46 162 5
179 201 5
225 391 5
197 319 5
4 390 5
165 365 5
73 163 5
195 369 5
313 329 5
210 363 5
276 297 5
66 383 5
118 227 5
185 214 5
124 303 5
93 243 5
63 344 5
42 288 5
238 333 5
8 278 5
41 299 5
44 60 5
85 113 5
24 327 5
12 135 5
59 381 5
82 197 5
35 200 5
22 219 5
85 146 5
120 250 5
60 256 5
101 192 5
142 196 5
10 91 5
204 308 5
131 320 5
39 316 5
3 365 5
12 87 5
143 171 5
67 253 5
174 339 5
32 124 5
208 392 5
184 250 5
56 309 5
38 247 5
81 252 5
90 114 5
342 390 5
144 397 5
34 309 5
131 384 5
70 142 5
70 241 5
209 284 5
92 294 5
215 382 5
326 372 5
94 174 5
149 227 5
155 264 5
67 235 5
180 187 5
127 325 5
169 393 5
149 343 5
73 99 5
131 168 5
200 214 5
7 170 5
7 171 5
62 388 5
57 59 5
31 150 5
257 306 5
59 371 5
36 193 5
366 379 5
216 289 5
56 178 5
119 354 5
51 204 5
6 264 5
150 218 5
206 298 5
285 319 5
52 67 5
197 345 5
47 111 5
88 346 5
303 389 5
94 146 5
23 183 5
145 311 5
144 322 5
96 366 5
112 241 5
146 376 5
247 363 5
41 259 5
7 399 5
194 275 5
69 211 5
34 44 5
198 252 5
137 294 5
34 354 5
177 203 5
168 274 5
272 386 5
16 80 5
326 360 5
155 378 5
48 309 5
128 268 5
31 379 5
223 244 5
292 379 5
11 53 5
324 335 5
143 263 5
289 296 5
90 96 5
41 71 5
14 330 5
9 25 5
29 56 5
6 78 5
149 386 5
35 254 5
75 180 5
230 278 5
3 38 5
44 240 5
174 399 5
187 286 5
141 355 5
284 375 5
377 395 5
19 297 5
57 325 5
62 147 5
29 75 5
132 188 5
113 177 5
28 167 5
43 261 5
257 298 5
45 169 5
14 42 5
200 342 5
155 327 5
153 374 5
37 146 5
21 334 5
77 237 5
56 330 5
3 138 5
84 399 5
135 333 5
110 301 5
33 42 5
15 289 5
12 60 5
25 129 5
143 174 5
173 224 5
48 297 5
218 333 5
238 266 5
175 265 5
267 314 5
123 230 5
269 386 5
75 120 5
303 317 5
21 375 5
62 344 5
27 310 5
37 194 5
51 367 5
252 347 5
147 211 5
27 394 5
79 332 5
15 264 5
105 249 5
6 281 5
44 222 5
163 391 5
296 379 5
137 343 5
153 400 5
3 381 5
179 196 5
89 230 5
234 341 5
44 175 5
86 241 5
70 237 5
6 171 5
252 348 5
204 327 5
353 370 5
14 24 5
132 393 5
64 341 5
135 334 5
92 336 5
114 271 5
203 276 5
35 172 5
288 346 5
78 373 5
221 258 5
100 282 5
205 299 5
46 224 5
7 70 5
104 193 5
83 397 5
95 220 5
100 336 5
27 354 5
107 140 5
309 370 5
14 140 5
15 301 5
157 166 5
87 345 5
225 386 5
186 283 5
101 232 5
105 108 5
370 374 5
129 284 5
50 365 5
300 348 5
149 300 5
255 399 5
39 111 5
124 162 5
176 178 5
6 96 5
13 113 5
165 398 5
9 351 5
110 352 5
129 254 5
226 290 5
97 172 5
61 354 5
221 300 5
41 360 5
29 272 5
54 295 5
67 128 5
251 317 5
346 376 5
389 395 5
130 159 5
139 385 5
8 108 5
248 361 5
136 209 5
232 258 5
52 211 5
345 365 5
182 396 5
125 385 5
23 278 5
162 179 5
4 28 5
77 379 5
45 71 5
38 175 5
22 229 5
8 386 5
102 232 5
237 368 5
112 224 5
104 106 5
106 288 5
89 171 5
11 194 5
38 262 5
114 355 5
104 362 5
6 164 5
174 202 5
74 253 5
237 296 5
81 397 5
120 140 5
251 305 5
43 343 5
12 121 5
117 219 5
90 278 5
255 315 5
24 281 5
27 385 5
263 384 5
229 390 5
63 241 5
302 358 5
149 382 5
25 288 5
100 329 5
115 137 5
44 221 5
235 335 5
314 337 5
286 396 5
75 249 5
98 272 5
202 371 5
82 257 5
70 233 5
85 295 5
131 325 5
112 349 5
91 211 5
227 277 5
320 398 5
47 304 5
55 253 5
216 248 5
13 364 5
168 284 5
41 60 5
141 254 5
85 298 5
284 382 5
51 339 5
38 375 5
141 149 5
231 323 5
32 271 5
101 130 5
189 249 5
4 113 5
292 376 5
32 388 5
200 254 5
271 387 5
123 240 5
126 209 5
81 280 5
189 330 5
18 300 5
232 304 5
120 298 5
61 224 5
167 263 5
27 398 5
73 110 5
85 139 5
36 244 5
71 290 5
13 42 5
348 354 5
135 145 5
86 162 5
22 226 5
15 316 5
391 394 5
146 186 5
280 360 5
8 125 5
77 141 5
224 324 5
149 362 5
7 185 5
150 204 5
146 318 5
92 163 5
344 370 5
177 236 5
55 60 5
142 198 5
48 264 5
193 204 5
48 162 5
128 144 5
285 359 5
181 205 5
280 353 5
214 359 5
17 209 5
107 354 5
6 342 5
117 349 5
353 384 5
110 197 5
84 395 5
131 251 5
126 330 5
377 397 5
139 287 5
176 317 5
95 380 5
96 374 5
4 309 5
285 331 5
110 398 5
76 238 5
123 354 5
96 105 5
293 378 5
61 214 5
136 359 5
264 287 5
261 332 5
219 262 5
70 109 5
134 237 5
161 302 5
164 283 5
283 285 5
120 279 5
357 394 5
122 383 5
293 359 5
13 179 5
43 91 5
27 314 5
247 329 5
262 358 5
64 99 5
198 370 5
129 336 5
171 217 5
52 365 5
84 100 5
166 331 5
28 112 5
93 354 5
149 318 5
124 234 5
95 287 5
81 276 5
276 386 5
327 343 5
62 136 5
40 105 5
47 259 5
29 306 5
270 336 5
35 80 5
82 353 5
63 273 5
