1 68 3
2 45 3
2 51 3
2 57 3
2 72 3
2 74 3
2 155 3
2 159 3
2 167 3
2 180 3
2 237 3
2 240 3
2 252 3
2 255 3
2 291 3
2 296 3
3 84 3
3 238 3
3 258 3
4 18 3
4 107 3
5 17 3
5 28 3
5 53 3
5 68 3
5 157 3
5 217 3
5 258 3
6 67 3
6 180 3
6 181 3
6 273 3
8 21 3
8 181 3
9 10 3
9 120 3
9 221 3
9 252 3
9 293 3
10 46 3
10 53 3
10 68 3
10 152 3
10 182 3
10 233 3
10 236 3
10 251 3
11 67 3
11 301 3
12 68 3
12 210 3
12 278 3
13 68 3
13 282 3
14 67 3
15 108 3
15 123 3
15 136 3
15 169 3
15 190 3
16 67 3
16 158 3
16 220 3
17 118 3
18 167 3
18 193 3
18 245 3
18 274 3
18 294 3
20 67 3
20 68 3
20 193 3
21 67 3
21 105 3
21 265 3
22 157 3
23 25 3
23 39 3
23 68 3
23 127 3
23 181 3
23 221 3
25 60 3
26 241 3
27 68 3
28 106 3
28 141 3
28 210 3
29 68 3
29 198 3
29 201 3
30 68 3
30 216 3
31 163 3
31 208 3
32 68 3
32 119 3
33 204 3
33 224 3
34 37 3
34 153 3
34 170 3
34 221 3
34 235 3
35 68 3
36 42 3
36 181 3
38 44 3
38 196 3
38 247 3
39 150 3
39 181 3
40 109 3
42 70 3
43 93 3
44 181 3
45 60 3
45 67 3
45 127 3
45 157 3
45 245 3
45 246 3
45 270 3
45 271 3
46 181 3
46 195 3
46 280 3
47 196 3
48 68 3
48 181 3
49 60 3
49 220 3
49 249 3
49 266 3
50 67 3
50 160 3
52 139 3
53 67 3
53 111 3
53 181 3
53 226 3
53 274 3
54 68 3
55 177 3
55 276 3
56 74 3
56 121 3
56 168 3
56 208 3
56 249 3
58 67 3
58 68 3
58 270 3
59 181 3
60 67 3
60 68 3
60 132 3
60 157 3
60 171 3
60 220 3
60 223 3
60 239 3
61 87 3
62 208 3
63 240 3
65 192 3
66 153 3
67 68 3
67 70 3
67 79 3
67 81 3
67 89 3
67 101 3
67 103 3
67 111 3
67 113 3
67 114 3
67 115 3
67 116 3
67 122 3
67 124 3
67 127 3
67 128 3
67 148 3
67 154 3
67 158 3
67 159 3
67 164 3
67 165 3
67 169 3
67 173 3
67 174 3
67 193 3
67 205 3
67 213 3
67 214 3
67 217 3
67 219 3
67 221 3
67 225 3
67 231 3
67 243 3
67 250 3
67 253 3
67 261 3
67 263 3
67 264 3
67 265 3
67 282 3
67 285 3
67 289 3
68 71 3
68 90 3
68 95 3
68 97 3
68 98 3
68 103 3
68 105 3
68 112 3
68 113 3
68 116 3
68 118 3
68 121 3
68 124 3
68 127 3
68 145 3
68 147 3
68 157 3
68 164 3
68 166 3
68 170 3
68 171 3
68 178 3
68 189 3
68 190 3
68 193 3
68 206 3
68 216 3
68 228 3
68 243 3
68 253 3
68 257 3
68 263 3
68 268 3
68 286 3
68 292 3
68 296 3
68 301 3
69 217 3
70 105 3
70 154 3
71 92 3
71 165 3
71 181 3
72 181 3
73 215 3
74 189 3
74 249 3
76 233 3
77 188 3
77 209 3
78 222 3
79 103 3
79 160 3
79 269 3
79 291 3
80 91 3
80 169 3
81 165 3
81 254 3
82 93 3
83 271 3
84 148 3
86 224 3
87 105 3
87 117 3
87 181 3
89 160 3
89 207 3
89 282 3
91 123 3
92 127 3
92 209 3
92 243 3
92 246 3
93 181 3
93 239 3
94 203 3
95 181 3
95 206 3
97 141 3
97 162 3
98 123 3
99 245 3
101 123 3
102 146 3
102 152 3
102 301 3
103 178 3
103 181 3
104 249 3
106 181 3
106 231 3
108 109 3
108 160 3
108 222 3
109 180 3
109 200 3
109 220 3
109 257 3
110 221 3
112 212 3
112 240 3
114 129 3
116 153 3
116 182 3
118 167 3
118 176 3
119 204 3
119 215 3
120 150 3
121 138 3
121 159 3
121 234 3
123 180 3
123 191 3
123 235 3
123 257 3
124 145 3
126 166 3
127 249 3
127 279 3
129 159 3
129 204 3
129 222 3
130 145 3
131 230 3
131 272 3
134 170 3
136 253 3
137 270 3
137 272 3
139 159 3
139 257 3
140 220 3
140 276 3
142 181 3
144 259 3
145 239 3
146 182 3
146 217 3
147 252 3
148 270 3
148 285 3
150 181 3
153 259 3
153 269 3
154 209 3
154 210 3
156 272 3
157 167 3
157 279 3
157 285 3
158 177 3
158 179 3
158 181 3
158 205 3
158 212 3
159 215 3
159 298 3
160 161 3
160 218 3
160 243 3
162 181 3
162 212 3
163 230 3
163 231 3
163 233 3
164 189 3
165 217 3
165 270 3
169 212 3
169 296 3
171 221 3
174 217 3
175 192 3
175 229 3
179 208 3
179 240 3
179 252 3
181 182 3
181 183 3
181 189 3
181 212 3
181 251 3
181 252 3
181 258 3
181 267 3
181 275 3
182 263 3
182 270 3
183 283 3
185 273 3
186 288 3
188 233 3
193 270 3
194 231 3
194 293 3
195 209 3
196 216 3
199 224 3
200 270 3
201 206 3
202 231 3
202 233 3
203 271 3
205 239 3
206 249 3
210 228 3
210 301 3
211 263 3
215 247 3
215 249 3
215 257 3
215 270 3
217 230 3
217 231 3
217 233 3
221 242 3
222 249 3
222 270 3
230 254 3
231 241 3
231 298 3
235 261 3
237 273 3
239 241 3
240 270 3
243 263 3
245 254 3
248 269 3
248 271 3
249 252 3
251 287 3
251 296 3
252 253 3
252 277 3
271 275 3
275 293 3
68 302 3
118 226 3
212 270 3
123 223 3
143 239 3
35 154 3
39 67 3
68 320 3
215 323 3
2 225 3
131 175 3
33 97 3
68 313 3
249 328 3
72 79 3
166 283 3
230 252 3
98 243 3
87 252 3
273 330 3
67 95 3
2 305 3
256 273 3
181 265 3
89 233 3
67 135 3
64 243 3
6 112 3
161 225 3
46 239 3
180 231 3
39 139 3
172 265 3
67 155 3
67 241 3
181 230 3
35 121 3
108 270 3
89 175 3
29 165 3
287 301 3
57 249 3
146 244 3
67 137 3
112 193 3
49 59 3
277 317 3
67 83 3
16 182 3
5 222 3
67 307 3
19 45 3
51 169 3
79 147 3
74 89 3
159 264 3
67 94 3
67 324 3
67 150 3
68 284 3
2 34 3
76 87 3
237 269 3
67 314 3
158 302 3
233 287 3
6 126 3
68 208 3
31 68 3
184 253 3
212 249 3
218 269 3
74 212 3
217 264 3
10 105 3
32 169 3
210 231 3
177 181 3
25 37 3
34 200 3
81 138 3
22 108 3
68 138 3
117 263 3
94 276 3
13 239 3
67 317 3
68 198 3
15 164 3
11 231 3
21 91 3
84 158 3
161 212 3
67 104 3
67 73 3
2 308 3
161 247 3
127 325 3
215 251 3
26 237 3
71 217 3
19 48 3
62 123 3
67 252 3
78 181 3
5 314 3
105 221 3
93 95 3
67 292 3
95 140 3
67 258 3
196 239 3
158 250 3
56 123 3
63 324 3
23 70 3
123 327 3
67 84 3
103 281 3
141 324 3
205 286 3
140 188 3
67 283 3
127 314 3
249 263 3
130 217 3
67 302 3
127 181 3
246 324 3
144 282 3
169 227 3
52 116 3
68 241 3
181 319 3
34 274 3
151 194 3
116 207 3
27 271 3
125 270 3
21 185 3
70 127 3
54 67 3
220 320 3
9 144 3
179 186 3
27 29 3
160 229 3
107 222 3
68 298 3
7 67 3
100 139 3
68 197 3
11 38 3
68 79 3
67 251 3
199 233 3
4 205 3
303 323 3
161 283 3
9 44 3
127 329 3
33 188 3
117 243 3
181 243 3
9 114 3
115 181 3
38 164 3
68 209 3
62 264 3
263 270 3
67 191 3
80 119 3
67 316 3
86 243 3
151 181 3
127 276 3
138 161 3
182 238 3
37 67 3
173 218 3
102 235 3
32 148 3
65 122 3
130 196 3
157 189 3
195 314 3
151 252 3
50 240 3
213 292 3
236 278 3
63 194 3
194 252 3
68 211 3
60 63 3
83 119 3
67 153 3
161 252 3
195 247 3
96 249 3
34 139 3
54 160 3
55 254 3
44 225 3
8 131 3
71 212 3
43 254 3
116 158 3
146 252 3
31 181 3
60 219 3
195 290 3
95 285 3
158 293 3
67 172 3
196 308 3
74 220 3
67 239 3
133 291 3
90 254 3
68 261 3
67 246 3
70 249 3
68 162 3
40 67 3
111 139 3
119 249 3
68 323 3
181 195 3
68 291 3
25 68 3
49 207 3
38 100 3
39 140 3
127 130 3
210 220 3
68 69 3
67 275 3
191 282 3
39 78 3
141 196 3
148 210 3
127 144 3
190 210 3
270 327 3
130 320 3
161 231 3
49 248 3
74 201 3
127 211 3
68 309 3
67 325 3
251 252 3
72 209 3
165 275 3
66 206 3
181 233 3
141 263 3
33 253 3
36 196 3
82 243 3
158 280 3
254 306 3
34 67 3
144 254 3
65 210 3
71 200 3
175 207 3
85 153 3
67 102 3
243 285 3
68 285 3
31 123 3
67 161 3
67 192 3
1 174 3
49 67 3
252 295 3
25 145 3
164 249 3
179 328 3
221 318 3
67 295 3
150 289 3
229 265 3
45 153 3
231 272 3
181 216 3
128 226 3
141 221 3
45 291 3
58 209 3
182 214 3
67 313 3
137 165 3
103 182 3
67 91 3
67 107 3
81 181 3
143 205 3
129 249 3
74 83 3
121 122 3
67 176 3
5 181 3
70 196 3
16 18 3
9 237 3
20 270 3
42 270 3
37 150 3
188 252 3
196 330 3
235 267 3
156 270 3
66 181 3
83 250 3
28 168 3
9 91 3
69 196 3
177 315 3
67 129 3
60 205 3
67 260 3
147 255 3
68 140 3
68 242 3
169 232 3
68 311 3
29 202 3
139 171 3
270 311 3
82 182 3
60 308 3
8 182 3
103 121 3
67 329 3
33 174 3
230 297 3
51 67 3
127 138 3
139 240 3
32 67 3
117 121 3
54 97 3
124 233 3
181 206 3
120 127 3
12 135 3
231 269 3
29 44 3
67 216 3
194 217 3
68 329 3
151 270 3
67 269 3
126 324 3
2 269 3
25 115 3
68 179 3
195 212 3
153 222 3
200 287 3
181 192 3
28 247 3
18 68 3
67 125 3
27 270 3
252 313 3
68 182 3
63 158 3
71 205 3
68 163 3
63 220 3
18 310 3
127 303 3
146 196 3
10 203 3
146 210 3
237 253 3
107 302 3
67 294 3
32 72 3
170 249 3
162 285 3
2 33 3
99 123 3
135 235 3
156 217 3
122 146 3
46 219 3
221 283 3
43 141 3
31 156 3
2 210 3
105 214 3
116 327 3
83 158 3
123 171 3
206 219 3
15 328 3
129 181 3
150 319 3
27 67 3
130 231 3
68 247 3
97 172 3
246 332 3
231 322 3
67 151 3
68 293 3
220 239 3
154 160 3
182 260 3
38 208 3
223 239 3
2 295 3
67 235 3
125 145 3
74 237 3
44 251 3
65 156 3
27 115 3
68 330 3
68 126 3
146 273 3
46 196 3
68 174 3
47 329 3
212 304 3
198 293 3
1 7 3
68 315 3
80 260 3
41 181 3
68 204 3
2 135 3
160 210 3
146 187 3
159 235 3
69 279 3
68 167 3
20 310 3
67 88 3
67 237 3
111 144 3
42 252 3
220 257 3
136 162 3
67 331 3
214 319 3
140 142 3
26 67 3
67 303 3
126 161 3
100 208 3
67 168 3
12 250 3
158 324 3
2 288 3
213 263 3
258 319 3
192 205 3
41 167 3
122 239 3
196 217 3
15 68 3
108 136 3
30 31 3
76 144 3
127 298 3
140 270 3
25 277 3
139 230 3
153 296 3
24 269 3
114 303 3
212 273 3
191 252 3
2 267 3
112 292 3
233 312 3
64 287 3
156 194 3
29 225 3
229 287 3
176 288 3
163 246 3
67 312 3
42 131 3
143 167 3
68 122 3
35 181 3
10 187 3
220 307 3
177 246 3
67 147 3
54 181 3
21 232 3
68 221 3
62 249 3
18 26 3
210 242 3
51 151 3
182 186 3
104 186 3
98 126 3
2 86 3
163 267 3
10 102 3
25 157 3
115 274 3
206 258 3
230 257 3
150 268 3
150 325 3
18 67 3
167 191 3
235 236 3
46 92 3
121 147 3
34 195 3
92 270 3
124 208 3
42 67 3
51 71 3
139 210 3
91 143 3
35 39 3
48 187 3
123 255 3
219 249 3
4 187 3
18 39 3
45 226 3
81 233 3
201 277 3
65 112 3
197 275 3
84 270 3
67 238 3
161 177 3
67 244 3
127 327 3
181 262 3
67 229 3
152 247 3
171 249 3
205 230 3
68 117 3
116 326 3
123 139 3
245 278 3
181 286 3
2 318 3
74 313 3
221 289 3
18 86 3
93 320 3
153 167 3
31 202 3
99 217 3
2 26 3
70 317 3
4 150 3
60 216 3
209 285 3
222 296 3
68 149 3
121 254 3
68 235 3
34 212 3
67 180 3
108 230 3
232 241 3
2 105 3
74 158 3
14 181 3
10 314 3
76 209 3
30 251 3
68 236 3
161 174 3
59 312 3
68 91 3
159 244 3
238 275 3
68 273 3
111 193 3
67 177 3
117 193 3
198 217 3
284 327 3
61 160 3
211 252 3
67 96 3
67 288 3
68 92 3
8 249 3
14 273 3
162 270 3
148 292 3
241 330 3
17 208 3
158 266 3
137 231 3
181 191 3
74 85 3
213 252 3
71 83 3
69 195 3
113 247 3
249 255 3
281 329 3
251 272 3
76 206 3
67 309 3
92 228 3
101 208 3
82 153 3
56 60 3
171 322 3
9 226 3
28 246 3
172 252 3
31 83 3
165 320 3
67 186 3
89 321 3
57 127 3
142 268 3
1 313 3
4 305 3
141 249 3
103 164 3
10 321 3
293 294 3
128 150 3
101 319 3
221 274 3
146 228 3
194 269 3
32 301 3
192 306 3
139 229 3
80 302 3
68 238 3
18 75 3
77 314 3
238 327 3
21 111 3
46 232 3
44 104 3
175 216 3
