56 182 1
36 182 1
56 122 1
17 122 1
119 122 1
36 121 1
159 188 1
122 234 1
121 241 1
122 164 1
164 187 1
164 220 1
241 266 1
182 219 1
122 263 1
16 122 1
173 182 1
159 221 1
221 235 1
220 241 1
16 168 1
136 241 1
176 241 1
36 262 1
99 266 1
182 236 1
114 182 1
10 182 1
182 249 1
182 202 1
72 122 1
36 208 1
182 271 1
241 252 1
36 86 1
100 202 1
225 241 1
56 129 1
2 182 1
83 241 1
67 182 1
60 266 1
36 117 1
56 125 1
48 122 1
122 182 1
30 182 1
102 182 1
126 220 1
41 176 1
136 143 1
13 122 1
84 122 1
67 271 1
70 122 1
36 255 1
69 182 1
143 214 1
162 182 1
34 122 1
46 86 1
135 266 1
102 122 1
86 268 1
90 135 1
143 269 1
122 177 1
10 163 1
12 241 1
139 241 1
17 254 1
115 241 1
35 122 1
83 186 1
215 241 1
122 207 1
86 150 1
48 188 1
122 212 1
122 175 1
122 185 1
2 65 1
82 114 1
171 241 1
241 244 1
122 203 1
206 266 1
37 121 1
56 112 1
89 220 1
122 183 1
37 175 1
121 157 1
72 198 1
61 182 1
6 122 1
187 273 1
52 175 1
52 241 1
232 241 1
36 192 1
191 254 1
213 266 1
122 208 1
108 185 1
105 241 1
122 189 1
20 249 1
116 185 1
122 195 1
157 241 1
154 241 1
85 119 1
141 241 1
112 122 1
3 159 1
137 188 1
36 224 1
8 175 1
24 122 1
4 122 1
182 220 1
36 233 1
109 137 1
56 108 1
155 188 1
114 122 1
188 207 1
147 241 1
172 241 1
86 236 1
241 271 1
103 157 1
159 273 1
155 259 1
93 263 1
17 241 1
29 122 1
122 246 1
54 86 1
64 182 1
193 241 1
142 182 1
56 63 1
36 241 1
3 181 1
182 232 1
16 54 1
17 70 1
61 261 1
16 152 1
122 258 1
159 186 1
124 141 1
117 122 1
122 219 1
173 225 1
54 125 1
86 139 1
159 271 1
161 186 1
36 122 1
10 255 1
83 145 1
161 171 1
66 121 1
56 199 1
25 266 1
86 241 1
182 229 1
182 223 1
133 182 1
175 200 1
183 266 1
211 266 1
71 182 1
182 254 1
221 241 1
266 270 1
133 241 1
182 239 1
134 175 1
47 233 1
62 122 1
65 171 1
82 268 1
7 175 1
207 261 1
86 133 1
1 37 1
28 241 1
49 112 1
24 70 1
183 241 1
83 207 1
122 229 1
182 215 1
182 264 1
122 236 1
182 235 1
149 241 1
238 241 1
56 190 1
209 241 1
175 232 1
80 122 1
122 145 1
122 146 1
123 182 1
20 122 1
159 182 1
29 218 1
224 241 1
92 241 1
122 171 1
16 21 1
36 188 1
197 241 1
174 241 1
15 115 1
104 135 1
43 122 1
182 258 1
176 220 1
112 271 1
77 86 1
169 182 1
106 218 1
15 182 1
84 221 1
121 266 1
84 117 1
17 245 1
122 196 1
85 122 1
36 167 1
56 254 1
143 164 1
14 182 1
172 243 1
23 122 1
36 69 1
114 201 1
82 266 1
37 112 1
175 182 1
82 241 1
64 164 1
61 203 1
184 234 1
122 144 1
108 182 1
182 207 1
36 164 1
122 148 1
266 275 1
122 260 1
40 183 1
87 122 1
106 266 1
3 122 1
13 221 1
16 266 1
45 182 1
159 170 1
110 122 1
36 261 1
172 266 1
56 272 1
78 171 1
46 241 1
125 175 1
42 112 1
173 188 1
86 248 1
121 273 1
41 78 1
121 144 1
243 257 1
72 182 1
86 263 1
201 241 1
122 154 1
207 232 1
182 184 1
150 241 1
137 207 1
154 182 1
207 263 1
195 241 1
171 265 1
56 233 1
182 268 1
14 175 1
18 122 1
29 272 1
155 266 1
107 183 1
141 176 1
224 248 1
99 122 1
218 261 1
134 208 1
171 226 1
159 169 1
19 56 1
3 265 1
149 272 1
142 164 1
180 232 1
127 271 1
115 122 1
52 147 1
167 182 1
74 182 1
34 56 1
86 223 1
85 175 1
182 205 1
67 241 1
116 164 1
84 144 1
12 123 1
52 81 1
122 162 1
82 171 1
30 241 1
68 248 1
234 251 1
122 200 1
182 188 1
59 261 1
71 122 1
159 266 1
56 80 1
113 241 1
61 95 1
175 266 1
182 267 1
64 183 1
22 241 1
122 225 1
122 137 1
221 272 1
86 232 1
3 182 1
107 182 1
98 182 1
112 176 1
70 166 1
159 223 1
17 140 1
31 62 1
122 237 1
9 36 1
187 207 1
60 241 1
183 242 1
34 234 1
78 182 1
137 182 1
72 120 1
2 121 1
58 117 1
56 115 1
197 207 1
91 122 1
117 201 1
141 273 1
187 272 1
85 202 1
3 151 1
242 263 1
61 139 1
95 208 1
82 182 1
241 243 1
116 266 1
104 122 1
1 266 1
22 266 1
103 141 1
36 126 1
168 241 1
93 150 1
240 265 1
17 115 1
31 139 1
88 122 1
241 259 1
133 251 1
59 122 1
135 241 1
147 175 1
80 171 1
182 230 1
108 134 1
182 193 1
1 213 1
14 85 1
155 182 1
182 196 1
82 196 1
94 122 1
16 241 1
38 84 1
56 181 1
35 241 1
84 156 1
86 177 1
26 241 1
122 254 1
81 230 1
79 265 1
126 241 1
164 192 1
195 213 1
93 122 1
182 252 1
176 260 1
32 56 1
133 243 1
23 168 1
82 202 1
108 109 1
65 102 1
5 43 1
22 198 1
36 270 1
90 182 1
86 274 1
216 268 1
3 219 1
113 226 1
14 122 1
182 186 1
241 264 1
61 106 1
5 122 1
25 182 1
7 261 1
202 204 1
122 272 1
56 207 1
159 206 1
237 240 1
149 183 1
160 207 1
21 71 1
81 248 1
56 104 1
175 199 1
108 207 1
165 237 1
74 108 1
24 241 1
147 167 1
1 72 1
3 142 1
122 265 1
59 266 1
61 78 1
28 36 1
196 219 1
54 229 1
106 207 1
36 65 1
129 241 1
168 171 1
86 198 1
182 247 1
122 273 1
37 122 1
122 193 1
39 241 1
178 241 1
122 173 1
175 234 1
60 122 1
49 207 1
78 122 1
184 241 1
182 241 1
126 240 1
61 153 1
11 234 1
36 204 1
66 90 1
36 257 1
56 260 1
42 122 1
241 265 1
55 263 1
102 112 1
122 131 1
64 73 1
216 266 1
101 121 1
65 143 1
14 149 1
182 212 1
124 133 1
122 239 1
241 257 1
66 122 1
257 261 1
38 241 1
96 195 1
213 236 1
171 182 1
86 161 1
3 71 1
184 259 1
30 166 1
96 171 1
182 257 1
25 225 1
14 119 1
87 88 1
82 231 1
2 164 1
13 121 1
107 195 1
241 273 1
26 257 1
156 166 1
112 121 1
120 182 1
2 107 1
70 119 1
53 241 1
117 253 1
207 224 1
66 182 1
41 207 1
102 211 1
136 167 1
111 122 1
122 233 1
30 73 1
167 246 1
121 178 1
167 239 1
140 241 1
92 104 1
220 256 1
151 241 1
196 271 1
3 238 1
16 50 1
171 224 1
55 175 1
168 197 1
125 215 1
6 241 1
14 207 1
75 166 1
115 264 1
22 183 1
13 171 1
220 260 1
81 263 1
18 72 1
122 197 1
122 206 1
187 259 1
104 179 1
167 175 1
91 206 1
198 226 1
36 138 1
148 181 1
143 241 1
15 56 1
84 252 1
199 241 1
233 241 1
39 243 1
122 218 1
46 121 1
40 121 1
122 215 1
186 242 1
171 223 1
27 182 1
211 223 1
147 266 1
171 232 1
122 158 1
175 250 1
70 178 1
86 166 1
175 181 1
2 7 1
41 253 1
175 256 1
17 223 1
198 241 1
218 241 1
182 199 1
8 122 1
157 167 1
7 182 1
89 133 1
220 273 1
125 253 1
177 182 1
111 182 1
13 182 1
162 207 1
16 263 1
133 181 1
16 173 1
54 156 1
146 207 1
116 251 1
77 207 1
155 235 1
207 214 1
95 235 1
162 241 1
30 222 1
117 121 1
207 228 1
117 217 1
152 182 1
13 22 1
56 87 1
56 160 1
133 147 1
41 193 1
49 144 1
112 164 1
10 167 1
133 258 1
114 121 1
61 122 1
7 207 1
100 241 1
175 217 1
61 178 1
94 195 1
56 136 1
137 204 1
130 188 1
122 180 1
50 112 1
122 274 1
112 241 1
41 96 1
80 182 1
105 122 1
167 179 1
149 182 1
15 17 1
121 250 1
83 211 1
169 221 1
204 212 1
13 261 1
32 207 1
196 240 1
22 186 1
28 32 1
178 263 1
182 218 1
112 141 1
61 259 1
33 122 1
72 137 1
23 207 1
17 75 1
1 241 1
78 241 1
21 171 1
150 221 1
39 116 1
114 249 1
18 184 1
29 82 1
82 181 1
45 65 1
170 185 1
46 267 1
63 86 1
19 234 1
232 257 1
63 142 1
241 245 1
64 92 1
121 242 1
70 214 1
42 151 1
3 99 1
112 274 1
4 259 1
112 147 1
134 232 1
146 171 1
36 217 1
56 172 1
25 122 1
21 133 1
22 263 1
117 263 1
35 202 1
24 182 1
36 264 1
19 236 1
121 271 1
113 228 1
14 199 1
3 52 1
175 184 1
141 249 1
81 105 1
3 185 1
125 194 1
117 208 1
137 209 1
17 64 1
137 169 1
181 241 1
1 136 1
138 182 1
64 261 1
183 218 1
1 122 1
227 266 1
182 238 1
80 105 1
167 243 1
208 252 1
237 269 1
126 138 1
86 270 1
9 82 1
177 241 1
202 273 1
94 218 1
13 180 1
92 182 1
121 167 1
21 207 1
26 158 1
188 220 1
85 112 1
156 241 1
122 139 1
122 160 1
29 133 1
56 231 1
58 241 1
143 199 1
2 241 1
33 226 1
