53 174 2
64 174 2
53 233 2
53 179 2
179 262 2
113 262 2
47 53 2
53 139 2
163 262 2
208 262 2
99 233 2
163 226 2
53 260 2
175 262 2
174 260 2
179 256 2
53 100 2
168 233 2
262 294 2
129 139 2
33 174 2
43 226 2
53 172 2
53 207 2
53 238 2
23 168 2
233 295 2
129 262 2
99 275 2
118 260 2
99 265 2
219 260 2
233 252 2
96 262 2
48 113 2
271 295 2
20 294 2
30 53 2
174 213 2
53 177 2
99 292 2
53 59 2
171 174 2
178 295 2
33 38 2
53 86 2
11 33 2
262 276 2
174 230 2
33 84 2
19 295 2
2 207 2
174 189 2
53 199 2
53 105 2
69 171 2
103 174 2
133 295 2
123 179 2
95 262 2
226 256 2
72 262 2
262 285 2
167 174 2
136 262 2
174 271 2
52 168 2
207 300 2
53 257 2
48 279 2
105 135 2
53 79 2
4 300 2
86 170 2
53 68 2
207 268 2
21 177 2
27 99 2
174 296 2
222 262 2
76 262 2
191 271 2
33 233 2
38 179 2
249 262 2
76 131 2
130 262 2
170 291 2
50 123 2
211 252 2
53 152 2
86 205 2
53 66 2
29 174 2
32 226 2
189 242 2
191 295 2
23 122 2
171 243 2
53 243 2
54 69 2
38 44 2
41 174 2
183 295 2
139 242 2
53 258 2
174 181 2
174 291 2
47 76 2
23 287 2
105 239 2
68 142 2
68 226 2
23 91 2
23 179 2
53 301 2
53 276 2
239 260 2
53 117 2
38 276 2
19 262 2
35 163 2
285 294 2
250 260 2
88 262 2
53 127 2
51 262 2
5 163 2
13 260 2
6 179 2
23 147 2
86 270 2
53 109 2
48 53 2
38 296 2
33 253 2
206 226 2
131 262 2
121 233 2
174 208 2
196 260 2
53 210 2
177 299 2
57 84 2
53 74 2
119 262 2
125 207 2
48 254 2
138 174 2
47 177 2
39 262 2
233 275 2
5 212 2
77 99 2
123 246 2
123 152 2
53 264 2
55 295 2
51 114 2
59 129 2
110 226 2
92 174 2
120 179 2
226 259 2
8 233 2
33 53 2
46 243 2
233 256 2
33 190 2
189 271 2
53 281 2
169 262 2
97 291 2
105 174 2
53 224 2
50 174 2
262 280 2
61 276 2
250 267 2
53 80 2
97 256 2
70 233 2
195 295 2
40 226 2
272 276 2
56 233 2
174 228 2
107 174 2
262 298 2
48 196 2
227 267 2
137 262 2
53 134 2
174 192 2
78 285 2
75 276 2
101 250 2
26 170 2
233 274 2
296 302 2
233 289 2
126 260 2
72 112 2
19 51 2
1 292 2
164 262 2
30 262 2
260 266 2
74 191 2
2 279 2
89 138 2
174 221 2
86 87 2
174 266 2
35 48 2
53 300 2
174 190 2
38 94 2
170 225 2
111 133 2
165 242 2
97 217 2
44 233 2
127 158 2
84 175 2
31 233 2
33 250 2
51 182 2
139 209 2
57 123 2
40 262 2
72 290 2
56 297 2
58 262 2
219 276 2
106 191 2
78 262 2
33 78 2
101 182 2
88 219 2
85 258 2
53 163 2
53 221 2
144 262 2
33 126 2
53 293 2
40 174 2
144 149 2
68 179 2
33 262 2
53 294 2
137 276 2
143 242 2
53 103 2
102 189 2
33 184 2
106 262 2
30 235 2
262 272 2
55 262 2
257 275 2
174 301 2
293 294 2
74 240 2
76 195 2
95 189 2
47 111 2
131 174 2
233 291 2
101 220 2
76 102 2
53 153 2
53 108 2
212 292 2
207 254 2
258 285 2
38 84 2
33 58 2
233 283 2
70 172 2
86 204 2
4 233 2
90 207 2
53 76 2
114 170 2
59 233 2
170 194 2
81 191 2
66 179 2
249 279 2
174 241 2
99 252 2
11 53 2
66 254 2
84 147 2
17 90 2
172 174 2
154 172 2
1 262 2
53 268 2
210 238 2
103 236 2
23 246 2
116 262 2
121 123 2
109 295 2
174 236 2
147 262 2
96 283 2
147 294 2
77 282 2
270 285 2
226 249 2
33 96 2
135 233 2
83 174 2
150 174 2
138 197 2
202 233 2
34 233 2
179 250 2
118 170 2
89 174 2
142 295 2
41 235 2
89 144 2
174 247 2
64 73 2
27 292 2
3 226 2
76 236 2
82 171 2
173 174 2
53 166 2
215 262 2
99 258 2
123 194 2
171 285 2
34 262 2
60 191 2
256 291 2
87 262 2
94 233 2
28 29 2
1 86 2
84 233 2
176 233 2
76 184 2
174 184 2
109 131 2
178 298 2
53 85 2
54 155 2
53 235 2
146 262 2
124 226 2
53 251 2
248 262 2
150 250 2
233 296 2
191 230 2
214 256 2
120 125 2
38 132 2
67 246 2
84 299 2
79 86 2
86 99 2
53 133 2
147 277 2
167 255 2
34 123 2
162 233 2
53 157 2
63 207 2
29 226 2
20 260 2
53 245 2
7 262 2
161 211 2
120 189 2
32 150 2
53 288 2
77 269 2
150 262 2
53 92 2
171 300 2
36 291 2
17 260 2
122 291 2
53 272 2
11 97 2
6 109 2
33 273 2
264 283 2
108 268 2
7 99 2
94 285 2
207 295 2
135 228 2
48 234 2
194 227 2
99 271 2
58 197 2
53 158 2
17 174 2
46 262 2
162 295 2
84 217 2
81 302 2
174 223 2
204 291 2
219 262 2
80 179 2
109 244 2
77 121 2
6 14 2
83 256 2
232 295 2
85 271 2
53 296 2
23 53 2
104 262 2
222 250 2
118 174 2
171 236 2
61 94 2
33 148 2
105 134 2
60 285 2
156 173 2
84 252 2
54 96 2
51 174 2
53 97 2
127 260 2
21 174 2
119 230 2
62 262 2
171 241 2
18 233 2
28 33 2
33 153 2
86 203 2
26 66 2
225 262 2
189 217 2
265 270 2
203 207 2
160 233 2
123 269 2
53 259 2
11 295 2
18 87 2
58 135 2
51 135 2
76 125 2
53 140 2
170 219 2
233 246 2
190 219 2
276 298 2
106 260 2
123 143 2
199 239 2
163 174 2
262 270 2
102 262 2
106 235 2
118 207 2
86 262 2
109 233 2
77 280 2
161 179 2
33 180 2
226 300 2
94 224 2
237 298 2
262 295 2
54 125 2
20 89 2
198 210 2
98 99 2
13 276 2
53 170 2
66 233 2
100 118 2
162 250 2
69 209 2
156 291 2
204 234 2
35 259 2
198 276 2
120 234 2
53 150 2
262 281 2
61 262 2
17 277 2
223 262 2
47 200 2
147 222 2
262 297 2
83 262 2
108 124 2
24 200 2
253 270 2
125 295 2
86 238 2
166 298 2
50 233 2
72 174 2
19 33 2
71 76 2
236 297 2
174 183 2
125 174 2
14 53 2
126 128 2
51 134 2
167 261 2
91 239 2
33 228 2
77 196 2
117 262 2
38 190 2
34 53 2
122 174 2
64 94 2
70 174 2
13 233 2
53 84 2
7 179 2
171 209 2
137 228 2
8 150 2
159 285 2
174 216 2
101 186 2
15 262 2
154 270 2
36 249 2
135 288 2
54 234 2
174 292 2
33 275 2
241 258 2
35 181 2
14 250 2
150 160 2
148 286 2
262 302 2
91 141 2
53 283 2
222 233 2
75 132 2
53 165 2
102 162 2
186 285 2
180 262 2
71 260 2
24 262 2
246 270 2
223 295 2
185 271 2
270 302 2
189 212 2
53 93 2
33 110 2
98 109 2
69 124 2
68 174 2
126 162 2
218 264 2
66 173 2
61 230 2
24 110 2
27 174 2
53 248 2
69 174 2
86 217 2
40 193 2
92 234 2
140 262 2
87 246 2
20 211 2
53 205 2
222 249 2
234 258 2
147 174 2
145 180 2
19 276 2
246 249 2
199 285 2
233 264 2
2 236 2
51 156 2
271 274 2
191 233 2
22 33 2
111 241 2
183 262 2
17 87 2
143 223 2
103 110 2
24 264 2
77 257 2
81 216 2
190 259 2
174 203 2
16 86 2
174 200 2
76 112 2
38 62 2
4 177 2
32 233 2
138 287 2
274 295 2
146 223 2
110 262 2
32 295 2
23 277 2
137 295 2
13 33 2
67 179 2
25 179 2
67 262 2
109 140 2
109 147 2
3 166 2
40 189 2
227 269 2
31 53 2
35 249 2
53 73 2
86 149 2
84 262 2
118 162 2
36 174 2
170 213 2
18 155 2
39 84 2
107 258 2
207 262 2
117 163 2
60 65 2
118 135 2
179 193 2
8 53 2
17 97 2
262 300 2
86 276 2
207 273 2
117 174 2
233 290 2
131 238 2
4 147 2
72 76 2
53 156 2
134 285 2
139 163 2
87 256 2
199 210 2
66 234 2
53 138 2
61 224 2
62 217 2
23 105 2
252 274 2
249 263 2
179 260 2
66 166 2
26 142 2
156 197 2
141 173 2
214 242 2
94 277 2
105 267 2
31 185 2
53 219 2
33 86 2
15 259 2
149 285 2
175 223 2
62 87 2
135 181 2
139 166 2
44 295 2
33 60 2
34 144 2
147 287 2
23 123 2
262 266 2
138 233 2
17 40 2
30 50 2
33 251 2
84 140 2
180 231 2
147 148 2
166 170 2
50 86 2
17 235 2
49 203 2
54 151 2
53 112 2
100 123 2
14 233 2
53 271 2
170 192 2
54 272 2
73 105 2
165 174 2
20 106 2
111 233 2
57 75 2
170 299 2
35 54 2
32 232 2
240 295 2
156 282 2
53 137 2
53 202 2
89 233 2
24 34 2
53 197 2
53 65 2
105 208 2
56 270 2
227 233 2
79 262 2
203 273 2
43 77 2
165 255 2
22 226 2
64 253 2
86 247 2
53 234 2
125 226 2
47 51 2
17 263 2
78 186 2
281 297 2
93 260 2
58 150 2
76 174 2
48 97 2
101 285 2
123 140 2
93 188 2
55 63 2
33 154 2
91 262 2
195 288 2
23 174 2
185 222 2
88 255 2
246 262 2
109 225 2
24 53 2
6 51 2
33 69 2
68 262 2
110 115 2
180 286 2
13 97 2
229 262 2
20 47 2
16 258 2
28 68 2
131 276 2
33 211 2
49 262 2
175 257 2
40 115 2
53 178 2
174 180 2
179 283 2
162 249 2
33 107 2
233 258 2
33 194 2
110 144 2
13 88 2
112 262 2
129 214 2
110 174 2
17 138 2
86 139 2
157 222 2
40 53 2
168 262 2
158 246 2
33 295 2
133 262 2
202 232 2
113 226 2
28 179 2
53 141 2
125 292 2
20 239 2
78 188 2
173 260 2
51 256 2
6 207 2
47 233 2
117 275 2
68 107 2
167 199 2
12 277 2
98 147 2
145 260 2
60 262 2
109 284 2
178 189 2
177 179 2
38 125 2
51 89 2
60 77 2
165 262 2
86 261 2
16 53 2
99 262 2
63 217 2
27 215 2
98 234 2
53 91 2
87 207 2
135 296 2
114 276 2
89 275 2
162 262 2
48 172 2
272 295 2
216 262 2
236 285 2
17 221 2
107 179 2
58 88 2
33 44 2
174 267 2
102 260 2
174 193 2
41 233 2
2 174 2
69 246 2
22 53 2
127 150 2
2 126 2
46 179 2
66 78 2
109 301 2
24 270 2
252 275 2
190 261 2
123 233 2
149 189 2
25 262 2
95 207 2
20 233 2
63 174 2
153 262 2
35 171 2
64 260 2
5 233 2
192 262 2
86 221 2
114 229 2
140 157 2
221 262 2
81 239 2
80 192 2
33 55 2
62 151 2
249 278 2
45 260 2
47 154 2
98 262 2
64 276 2
55 175 2
127 131 2
37 46 2
17 44 2
54 228 2
174 240 2
174 195 2
174 232 2
53 146 2
99 209 2
89 97 2
109 166 2
104 233 2
113 124 2
127 222 2
221 228 2
5 258 2
247 262 2
114 271 2
8 260 2
92 221 2
207 282 2
264 276 2
10 150 2
51 128 2
105 155 2
74 84 2
35 94 2
86 123 2
262 293 2
69 99 2
20 53 2
154 171 2
190 287 2
