158 251 5
180 395 5
111 158 5
203 293 5
91 245 5
80 180 5
91 401 5
35 293 5
80 199 5
216 245 5
199 255 5
293 397 5
80 85 5
80 219 5
158 393 5
80 352 5
85 159 5
199 299 5
177 255 5
80 257 5
117 158 5
158 162 5
200 401 5
91 104 5
35 53 5
101 158 5
68 352 5
20 255 5
18 68 5
35 252 5
180 191 5
245 383 5
245 309 5
12 255 5
12 95 5
137 158 5
162 307 5
72 80 5
135 245 5
202 393 5
42 252 5
199 261 5
80 107 5
80 236 5
80 298 5
12 307 5
67 309 5
33 80 5
46 252 5
80 188 5
212 255 5
91 306 5
162 401 5
158 314 5
18 348 5
158 326 5
245 392 5
297 306 5
180 361 5
255 320 5
162 397 5
245 289 5
52 80 5
18 297 5
111 358 5
137 338 5
124 162 5
309 400 5
158 234 5
80 224 5
233 255 5
111 247 5
85 259 5
255 329 5
30 158 5
208 245 5
252 385 5
80 293 5
158 277 5
18 99 5
67 287 5
158 259 5
177 252 5
141 320 5
117 178 5
54 245 5
170 191 5
60 137 5
12 42 5
170 313 5
199 214 5
240 385 5
101 171 5
205 234 5
274 309 5
155 255 5
220 245 5
159 309 5
252 255 5
241 255 5
309 358 5
103 352 5
165 245 5
11 274 5
55 107 5
361 399 5
15 287 5
91 127 5
42 80 5
234 256 5
245 369 5
80 337 5
168 309 5
348 351 5
80 394 5
180 303 5
158 211 5
12 388 5
69 158 5
69 180 5
22 219 5
80 246 5
271 309 5
172 358 5
200 230 5
155 171 5
5 214 5
22 199 5
200 348 5
80 258 5
34 80 5
55 276 5
256 401 5
91 263 5
5 264 5
92 255 5
50 155 5
137 188 5
158 315 5
226 252 5
14 80 5
158 396 5
158 307 5
5 295 5
37 200 5
252 280 5
5 189 5
177 245 5
32 252 5
199 330 5
136 400 5
276 365 5
234 240 5
12 194 5
80 141 5
255 392 5
259 356 5
4 240 5
158 380 5
91 187 5
66 245 5
161 247 5
171 194 5
76 92 5
20 252 5
234 239 5
7 230 5
55 252 5
155 354 5
163 199 5
12 237 5
44 158 5
162 175 5
234 343 5
146 246 5
354 372 5
234 386 5
12 330 5
5 344 5
137 253 5
63 385 5
181 255 5
203 376 5
7 203 5
139 395 5
150 158 5
92 268 5
80 148 5
73 252 5
284 348 5
80 377 5
190 226 5
158 308 5
59 401 5
56 245 5
199 392 5
180 358 5
11 165 5
80 149 5
245 248 5
80 189 5
165 307 5
108 137 5
203 263 5
103 381 5
80 379 5
80 306 5
183 214 5
122 274 5
70 103 5
41 255 5
71 180 5
225 245 5
45 358 5
137 348 5
70 318 5
296 348 5
22 141 5
80 374 5
147 188 5
171 265 5
293 353 5
34 245 5
357 392 5
35 80 5
59 254 5
255 377 5
113 255 5
141 327 5
245 275 5
80 303 5
158 337 5
265 361 5
12 175 5
245 380 5
55 202 5
203 391 5
206 385 5
2 216 5
35 251 5
144 385 5
64 245 5
158 191 5
219 385 5
180 182 5
5 80 5
245 267 5
223 401 5
39 80 5
91 158 5
365 401 5
313 385 5
76 307 5
225 375 5
37 347 5
5 187 5
80 281 5
5 326 5
197 202 5
9 158 5
125 175 5
199 358 5
181 274 5
34 234 5
103 363 5
90 171 5
80 158 5
234 361 5
261 370 5
294 307 5
335 352 5
137 165 5
180 372 5
12 259 5
80 155 5
158 291 5
55 176 5
80 228 5
62 158 5
123 255 5
226 309 5
18 84 5
255 268 5
260 298 5
162 352 5
253 380 5
48 67 5
105 158 5
67 141 5
255 387 5
12 23 5
170 272 5
16 124 5
40 158 5
80 350 5
134 158 5
134 234 5
188 259 5
80 131 5
38 245 5
161 391 5
42 388 5
237 257 5
80 245 5
45 158 5
80 314 5
5 107 5
236 358 5
98 158 5
21 330 5
122 252 5
8 237 5
18 131 5
8 203 5
15 293 5
80 221 5
137 385 5
52 158 5
303 385 5
91 201 5
12 376 5
237 240 5
135 392 5
154 394 5
185 201 5
6 165 5
44 80 5
255 328 5
166 306 5
158 227 5
125 401 5
80 328 5
55 158 5
42 150 5
80 177 5
150 365 5
255 383 5
265 354 5
275 331 5
7 158 5
342 375 5
137 169 5
77 252 5
74 307 5
366 385 5
71 158 5
245 266 5
12 155 5
80 256 5
80 340 5
80 225 5
111 307 5
2 333 5
62 237 5
20 80 5
197 254 5
155 269 5
66 255 5
83 178 5
159 345 5
116 348 5
76 139 5
255 257 5
120 136 5
141 210 5
172 178 5
183 352 5
5 347 5
5 334 5
180 317 5
214 264 5
170 243 5
55 72 5
234 351 5
35 92 5
80 277 5
203 392 5
346 358 5
67 271 5
32 166 5
114 259 5
35 257 5
307 359 5
98 392 5
80 129 5
3 80 5
7 237 5
252 283 5
41 158 5
54 194 5
70 108 5
187 239 5
255 275 5
223 338 5
183 287 5
175 392 5
375 401 5
49 274 5
21 158 5
158 229 5
13 181 5
126 253 5
103 391 5
251 348 5
252 305 5
55 313 5
226 390 5
247 258 5
35 138 5
313 376 5
315 361 5
5 321 5
158 301 5
64 252 5
137 238 5
158 278 5
164 401 5
36 158 5
5 209 5
141 195 5
150 213 5
255 258 5
80 136 5
80 196 5
335 362 5
92 383 5
121 252 5
80 264 5
80 294 5
245 345 5
14 60 5
156 234 5
74 97 5
101 312 5
40 309 5
228 307 5
128 189 5
80 341 5
125 203 5
107 123 5
111 309 5
159 186 5
29 385 5
224 255 5
8 80 5
255 396 5
4 255 5
80 290 5
106 158 5
264 321 5
163 348 5
241 313 5
72 158 5
124 221 5
123 158 5
35 249 5
51 255 5
181 200 5
309 346 5
3 358 5
110 309 5
245 351 5
223 226 5
55 101 5
35 314 5
12 178 5
93 307 5
11 80 5
187 326 5
2 385 5
74 107 5
125 348 5
169 234 5
158 386 5
49 107 5
80 260 5
80 195 5
126 272 5
60 245 5
3 340 5
165 226 5
44 253 5
143 158 5
171 209 5
20 309 5
309 323 5
54 240 5
61 178 5
51 76 5
16 386 5
80 349 5
101 358 5
80 130 5
317 401 5
240 357 5
191 255 5
233 245 5
12 248 5
35 133 5
252 399 5
143 330 5
67 333 5
13 180 5
176 245 5
136 274 5
100 104 5
85 296 5
121 200 5
183 279 5
133 371 5
80 142 5
165 287 5
283 352 5
241 366 5
41 324 5
226 268 5
80 203 5
54 391 5
114 273 5
147 177 5
91 372 5
53 183 5
28 234 5
141 334 5
272 280 5
212 237 5
80 308 5
80 190 5
245 318 5
158 213 5
60 196 5
40 234 5
223 337 5
245 327 5
159 207 5
245 346 5
158 250 5
44 245 5
5 220 5
15 383 5
60 255 5
63 367 5
44 352 5
54 80 5
80 334 5
229 268 5
214 337 5
180 199 5
76 372 5
50 132 5
57 187 5
213 290 5
50 309 5
158 273 5
240 309 5
66 177 5
80 164 5
22 168 5
245 299 5
80 375 5
203 289 5
255 384 5
72 387 5
44 256 5
52 385 5
86 386 5
80 297 5
158 298 5
150 195 5
189 348 5
203 295 5
245 321 5
313 345 5
6 245 5
80 289 5
142 155 5
32 108 5
80 98 5
115 224 5
145 158 5
176 309 5
91 377 5
146 158 5
202 238 5
200 337 5
134 188 5
5 176 5
43 175 5
199 213 5
108 385 5
8 118 5
99 401 5
113 245 5
158 281 5
299 401 5
38 307 5
80 213 5
23 159 5
58 165 5
140 321 5
137 379 5
32 131 5
80 332 5
311 385 5
72 255 5
52 139 5
37 241 5
300 338 5
35 55 5
142 158 5
234 328 5
127 335 5
11 293 5
49 289 5
9 289 5
80 223 5
80 268 5
34 155 5
245 305 5
50 158 5
35 58 5
73 141 5
80 193 5
181 307 5
101 262 5
233 240 5
86 385 5
34 96 5
49 252 5
80 104 5
29 392 5
322 397 5
158 230 5
294 309 5
67 102 5
77 162 5
122 255 5
137 164 5
277 354 5
66 234 5
295 330 5
219 309 5
262 377 5
90 245 5
80 106 5
122 158 5
266 361 5
141 329 5
158 296 5
158 243 5
80 342 5
140 187 5
94 154 5
9 114 5
252 389 5
35 317 5
189 342 5
154 307 5
99 247 5
158 294 5
118 401 5
75 309 5
199 224 5
40 204 5
137 226 5
10 158 5
16 268 5
142 348 5
160 358 5
303 363 5
107 158 5
89 137 5
223 322 5
55 147 5
80 125 5
26 265 5
97 266 5
171 211 5
315 339 5
5 182 5
234 273 5
128 214 5
137 174 5
61 158 5
109 385 5
141 400 5
80 312 5
187 224 5
14 252 5
155 265 5
154 336 5
130 155 5
78 258 5
63 252 5
252 308 5
137 146 5
198 200 5
80 183 5
97 246 5
307 336 5
167 307 5
5 146 5
334 388 5
77 256 5
5 79 5
12 201 5
33 326 5
43 67 5
95 262 5
34 54 5
34 258 5
52 394 5
162 268 5
139 155 5
81 240 5
25 375 5
76 188 5
141 154 5
175 273 5
14 160 5
87 308 5
74 259 5
30 252 5
15 170 5
32 152 5
80 126 5
18 228 5
196 309 5
173 240 5
179 187 5
326 366 5
4 80 5
155 360 5
222 380 5
52 203 5
5 178 5
104 332 5
46 155 5
171 377 5
110 259 5
297 400 5
84 309 5
12 245 5
158 175 5
291 293 5
80 324 5
280 313 5
91 359 5
1 158 5
189 385 5
203 338 5
284 321 5
245 359 5
4 260 5
60 80 5
219 255 5
147 252 5
1 58 5
80 366 5
236 377 5
158 313 5
39 155 5
178 296 5
80 396 5
245 323 5
80 273 5
305 309 5
222 274 5
133 321 5
75 101 5
64 96 5
46 255 5
255 287 5
100 214 5
22 116 5
44 51 5
114 329 5
232 245 5
34 77 5
55 267 5
182 245 5
56 255 5
80 331 5
38 93 5
297 299 5
69 276 5
54 383 5
245 300 5
5 233 5
10 326 5
268 372 5
178 255 5
50 367 5
327 337 5
90 177 5
57 80 5
51 80 5
352 354 5
151 245 5
47 80 5
18 363 5
255 351 5
137 298 5
252 286 5
77 240 5
80 109 5
46 197 5
242 255 5
103 194 5
158 189 5
80 397 5
309 344 5
47 180 5
12 73 5
141 158 5
63 273 5
27 158 5
141 177 5
74 158 5
180 321 5
219 321 5
249 280 5
9 24 5
121 141 5
96 101 5
13 348 5
248 399 5
121 340 5
191 219 5
5 277 5
252 264 5
101 114 5
46 264 5
88 155 5
155 364 5
180 215 5
192 258 5
78 201 5
130 268 5
4 231 5
40 177 5
84 246 5
309 382 5
56 158 5
158 368 5
234 353 5
260 331 5
126 141 5
24 342 5
80 105 5
181 290 5
252 281 5
15 35 5
199 309 5
80 361 5
69 351 5
135 358 5
10 80 5
347 366 5
11 96 5
98 183 5
77 305 5
199 277 5
80 92 5
140 184 5
347 362 5
44 394 5
151 154 5
143 400 5
80 250 5
137 342 5
80 143 5
24 287 5
247 309 5
186 255 5
80 120 5
172 384 5
16 82 5
64 80 5
55 358 5
177 279 5
79 395 5
355 385 5
195 252 5
80 321 5
136 158 5
298 342 5
35 327 5
171 309 5
43 240 5
255 285 5
35 155 5
164 358 5
158 188 5
331 335 5
43 80 5
11 158 5
366 386 5
177 209 5
252 351 5
68 321 5
34 253 5
80 206 5
236 275 5
264 391 5
100 344 5
158 319 5
98 323 5
245 273 5
17 348 5
110 132 5
253 385 5
158 256 5
80 82 5
58 141 5
158 246 5
80 232 5
268 386 5
158 254 5
30 239 5
76 121 5
195 307 5
158 351 5
104 180 5
38 47 5
252 363 5
91 178 5
264 367 5
272 391 5
5 142 5
312 358 5
85 234 5
55 219 5
50 294 5
200 290 5
277 315 5
55 127 5
155 340 5
112 245 5
254 327 5
82 255 5
154 378 5
348 380 5
238 401 5
12 62 5
203 266 5
233 238 5
123 214 5
50 166 5
103 355 5
214 283 5
91 242 5
8 12 5
249 277 5
36 162 5
177 183 5
80 371 5
207 394 5
106 222 5
25 76 5
76 158 5
158 264 5
222 326 5
35 351 5
211 321 5
80 94 5
137 143 5
181 368 5
76 290 5
82 362 5
109 358 5
379 382 5
32 309 5
212 358 5
9 351 5
93 348 5
241 379 5
96 388 5
151 158 5
90 385 5
100 255 5
3 8 5
91 162 5
80 108 5
98 309 5
96 107 5
229 378 5
14 140 5
141 253 5
80 355 5
6 80 5
18 247 5
34 297 5
71 105 5
232 277 5
80 172 5
184 226 5
176 226 5
158 295 5
23 245 5
252 291 5
239 390 5
115 158 5
165 243 5
31 326 5
155 376 5
158 361 5
158 249 5
237 383 5
80 184 5
132 255 5
37 158 5
141 192 5
3 245 5
192 262 5
255 382 5
24 177 5
11 35 5
255 321 5
75 183 5
142 258 5
76 324 5
35 235 5
305 386 5
65 158 5
88 158 5
326 375 5
154 290 5
32 303 5
339 399 5
80 83 5
155 252 5
50 399 5
12 26 5
35 96 5
13 214 5
227 366 5
158 173 5
56 307 5
88 375 5
80 391 5
55 399 5
82 137 5
17 158 5
197 234 5
255 307 5
80 211 5
80 226 5
242 252 5
31 314 5
18 310 5
230 350 5
245 320 5
43 203 5
114 278 5
158 348 5
181 213 5
35 277 5
146 169 5
5 39 5
17 80 5
158 204 5
52 162 5
70 259 5
12 123 5
299 331 5
3 297 5
162 368 5
188 331 5
43 91 5
169 401 5
252 312 5
171 379 5
252 279 5
255 325 5
155 372 5
91 143 5
109 131 5
296 391 5
50 109 5
22 351 5
36 103 5
180 277 5
88 102 5
79 80 5
90 401 5
157 340 5
72 307 5
98 245 5
10 109 5
50 99 5
122 143 5
187 395 5
56 180 5
116 280 5
307 323 5
21 26 5
94 158 5
11 203 5
255 265 5
12 341 5
161 366 5
96 136 5
256 352 5
7 80 5
72 385 5
135 158 5
208 260 5
101 299 5
239 375 5
97 180 5
321 341 5
103 335 5
80 326 5
12 137 5
124 309 5
191 352 5
46 210 5
80 81 5
141 379 5
199 285 5
80 146 5
141 360 5
79 214 5
177 229 5
137 286 5
255 319 5
158 183 5
228 271 5
236 391 5
268 312 5
80 347 5
12 196 5
245 375 5
272 344 5
255 266 5
148 309 5
201 255 5
182 190 5
62 180 5
314 391 5
146 278 5
6 137 5
46 183 5
43 96 5
96 155 5
99 255 5
5 198 5
184 321 5
85 206 5
99 158 5
165 259 5
139 216 5
80 315 5
51 158 5
12 244 5
80 384 5
231 335 5
96 284 5
244 258 5
119 255 5
67 125 5
65 252 5
52 207 5
82 203 5
67 257 5
199 364 5
158 269 5
272 317 5
109 375 5
164 184 5
31 309 5
99 279 5
70 92 5
41 80 5
156 368 5
189 302 5
91 396 5
128 255 5
108 166 5
12 55 5
12 202 5
177 237 5
130 199 5
187 377 5
371 396 5
73 223 5
158 231 5
86 309 5
80 358 5
165 318 5
180 384 5
44 335 5
275 375 5
199 305 5
5 161 5
144 219 5
277 369 5
252 259 5
80 345 5
252 350 5
224 252 5
175 184 5
34 117 5
32 401 5
28 236 5
295 395 5
78 82 5
45 266 5
259 285 5
111 147 5
240 354 5
84 299 5
158 311 5
158 180 5
134 252 5
253 327 5
17 96 5
155 205 5
138 321 5
50 246 5
181 302 5
65 124 5
226 363 5
96 236 5
323 395 5
255 391 5
56 401 5
12 148 5
144 155 5
184 240 5
7 33 5
142 372 5
80 323 5
33 351 5
80 113 5
158 257 5
198 255 5
245 377 5
158 221 5
220 379 5
90 132 5
82 196 5
158 260 5
309 377 5
291 295 5
125 255 5
5 299 5
104 255 5
201 240 5
107 155 5
31 203 5
91 230 5
194 271 5
40 252 5
6 385 5
148 180 5
182 391 5
9 358 5
229 255 5
4 158 5
82 380 5
198 231 5
38 80 5
268 315 5
80 202 5
104 309 5
12 215 5
35 158 5
274 358 5
6 95 5
263 385 5
187 286 5
76 209 5
110 158 5
180 338 5
12 90 5
118 291 5
227 229 5
134 307 5
103 245 5
309 360 5
212 299 5
155 162 5
358 396 5
55 205 5
25 171 5
306 366 5
50 78 5
349 358 5
296 332 5
196 331 5
51 171 5
252 375 5
89 258 5
79 137 5
340 387 5
42 309 5
221 326 5
294 377 5
80 286 5
252 254 5
283 366 5
98 398 5
60 241 5
158 198 5
12 117 5
158 384 5
307 358 5
80 280 5
55 193 5
115 234 5
79 245 5
273 358 5
155 316 5
25 70 5
77 138 5
31 382 5
301 312 5
50 286 5
299 353 5
64 237 5
34 325 5
5 97 5
343 386 5
339 367 5
218 255 5
35 379 5
45 252 5
275 324 5
205 237 5
80 238 5
15 200 5
136 336 5
98 386 5
141 255 5
98 151 5
263 386 5
148 237 5
56 326 5
35 262 5
200 322 5
127 385 5
129 281 5
55 366 5
8 261 5
155 313 5
158 302 5
192 227 5
150 348 5
142 345 5
176 302 5
91 173 5
358 365 5
149 200 5
5 199 5
62 286 5
247 344 5
101 186 5
96 374 5
64 309 5
138 295 5
165 167 5
155 380 5
67 223 5
52 235 5
203 353 5
104 371 5
214 255 5
158 182 5
5 104 5
101 373 5
8 128 5
5 45 5
214 369 5
170 366 5
12 270 5
80 240 5
155 158 5
23 80 5
194 245 5
174 321 5
316 395 5
95 237 5
161 386 5
157 324 5
199 276 5
237 274 5
237 394 5
155 175 5
145 155 5
181 381 5
134 255 5
21 110 5
100 180 5
83 158 5
347 377 5
146 260 5
269 391 5
80 181 5
178 252 5
149 348 5
304 309 5
74 331 5
25 97 5
44 141 5
5 50 5
128 179 5
9 22 5
245 330 5
66 158 5
279 354 5
199 236 5
66 265 5
240 324 5
80 317 5
309 396 5
42 158 5
147 255 5
8 152 5
27 245 5
69 252 5
12 332 5
293 299 5
158 329 5
80 400 5
166 255 5
128 268 5
208 367 5
158 334 5
80 174 5
25 255 5
80 363 5
174 180 5
256 326 5
275 348 5
23 299 5
258 343 5
192 245 5
155 287 5
208 313 5
289 348 5
200 220 5
108 158 5
161 199 5
36 177 5
267 331 5
148 263 5
316 400 5
29 352 5
206 255 5
95 319 5
137 387 5
158 287 5
67 110 5
54 358 5
29 252 5
80 118 5
196 255 5
158 379 5
158 272 5
135 348 5
53 204 5
252 261 5
40 125 5
211 256 5
43 101 5
32 85 5
277 365 5
80 343 5
45 164 5
272 358 5
167 283 5
84 335 5
12 60 5
24 162 5
12 277 5
14 335 5
158 200 5
347 367 5
28 298 5
60 394 5
192 361 5
12 141 5
109 352 5
159 353 5
80 87 5
80 103 5
18 286 5
130 307 5
73 101 5
230 309 5
28 233 5
233 363 5
16 255 5
104 189 5
158 399 5
251 358 5
158 258 5
10 12 5
174 258 5
16 189 5
79 286 5
21 225 5
332 357 5
255 276 5
12 328 5
153 255 5
91 344 5
110 245 5
197 245 5
221 271 5
203 337 5
244 245 5
80 385 5
35 86 5
7 188 5
218 228 5
80 338 5
38 83 5
68 386 5
140 348 5
256 309 5
155 180 5
17 323 5
141 156 5
321 389 5
76 368 5
18 137 5
5 11 5
127 252 5
60 296 5
137 185 5
35 215 5
197 268 5
17 252 5
43 127 5
153 401 5
332 370 5
121 245 5
95 252 5
93 175 5
18 158 5
51 350 5
103 253 5
80 259 5
237 305 5
256 273 5
214 331 5
204 241 5
48 309 5
165 366 5
313 392 5
166 183 5
70 351 5
99 331 5
279 380 5
80 248 5
5 32 5
5 367 5
25 258 5
316 366 5
162 330 5
299 364 5
177 372 5
264 395 5
222 372 5
98 289 5
151 255 5
139 158 5
342 348 5
17 157 5
86 137 5
164 326 5
18 111 5
123 137 5
50 97 5
80 140 5
11 245 5
47 272 5
102 158 5
308 309 5
80 90 5
22 80 5
273 309 5
91 108 5
174 188 5
255 394 5
254 323 5
79 391 5
242 300 5
100 348 5
80 93 5
245 304 5
7 138 5
148 265 5
83 348 5
91 324 5
138 159 5
186 372 5
37 251 5
158 238 5
67 252 5
124 252 5
152 214 5
61 80 5
52 193 5
154 155 5
