1 32 2
2 272 2
3 11 2
3 42 2
3 202 2
3 229 2
3 257 2
5 22 2
5 26 2
5 196 2
5 202 2
5 229 2
6 261 2
7 18 2
7 26 2
7 173 2
7 194 2
8 21 2
8 98 2
8 161 2
8 168 2
8 229 2
8 242 2
8 260 2
9 26 2
9 113 2
9 202 2
9 229 2
10 180 2
10 256 2
11 17 2
11 196 2
12 26 2
12 226 2
13 48 2
13 92 2
13 113 2
13 117 2
13 128 2
14 115 2
16 120 2
17 21 2
17 26 2
17 110 2
17 141 2
17 151 2
17 274 2
18 25 2
18 26 2
18 43 2
18 48 2
18 56 2
18 72 2
18 75 2
18 77 2
18 84 2
18 86 2
18 100 2
18 107 2
18 111 2
18 115 2
18 117 2
18 118 2
18 134 2
18 138 2
18 163 2
18 173 2
18 181 2
18 205 2
18 207 2
18 208 2
18 217 2
18 218 2
18 222 2
18 225 2
18 229 2
18 231 2
18 236 2
18 250 2
18 266 2
18 272 2
19 105 2
19 121 2
20 83 2
20 133 2
20 227 2
21 84 2
21 167 2
21 229 2
22 35 2
22 59 2
22 67 2
22 83 2
22 96 2
22 153 2
22 177 2
22 179 2
22 202 2
22 204 2
22 249 2
22 269 2
23 159 2
23 162 2
23 180 2
23 229 2
23 244 2
23 245 2
24 229 2
24 236 2
26 27 2
26 34 2
26 39 2
26 51 2
26 57 2
26 78 2
26 83 2
26 85 2
26 86 2
26 87 2
26 88 2
26 92 2
26 101 2
26 105 2
26 111 2
26 118 2
26 126 2
26 129 2
26 131 2
26 133 2
26 144 2
26 147 2
26 149 2
26 153 2
26 175 2
26 179 2
26 182 2
26 188 2
26 191 2
26 215 2
26 229 2
26 239 2
26 245 2
26 249 2
26 263 2
26 269 2
27 160 2
29 73 2
29 119 2
29 272 2
30 66 2
31 137 2
32 165 2
32 224 2
33 38 2
33 68 2
35 174 2
36 205 2
37 63 2
37 118 2
37 202 2
37 260 2
38 120 2
39 226 2
39 269 2
40 198 2
41 205 2
42 118 2
42 202 2
42 208 2
45 240 2
45 269 2
46 240 2
46 269 2
47 48 2
47 90 2
47 165 2
47 202 2
47 229 2
47 238 2
50 66 2
50 219 2
50 229 2
52 69 2
52 87 2
52 93 2
52 123 2
52 187 2
52 213 2
53 69 2
53 102 2
53 118 2
53 235 2
54 84 2
54 229 2
55 229 2
55 257 2
56 79 2
57 136 2
58 209 2
58 229 2
61 237 2
61 244 2
62 90 2
62 190 2
62 228 2
65 232 2
66 82 2
66 219 2
66 246 2
68 74 2
68 192 2
69 229 2
69 254 2
70 96 2
71 138 2
71 144 2
71 177 2
71 189 2
71 229 2
72 83 2
72 186 2
73 202 2
73 223 2
74 120 2
74 149 2
74 181 2
74 218 2
75 275 2
76 79 2
76 126 2
76 159 2
76 174 2
77 79 2
77 205 2
77 262 2
78 236 2
79 83 2
80 118 2
80 124 2
83 131 2
83 132 2
83 194 2
83 228 2
83 243 2
83 266 2
84 94 2
84 185 2
84 260 2
86 219 2
86 229 2
87 221 2
87 229 2
87 275 2
88 230 2
88 247 2
92 219 2
93 229 2
94 202 2
94 218 2
95 209 2
95 219 2
98 229 2
101 164 2
101 229 2
102 211 2
102 232 2
102 266 2
104 240 2
104 242 2
105 144 2
105 174 2
106 128 2
106 229 2
106 261 2
108 229 2
110 167 2
110 229 2
112 275 2
113 275 2
114 226 2
115 166 2
115 205 2
115 267 2
115 273 2
118 121 2
118 182 2
118 232 2
120 147 2
120 155 2
120 168 2
120 193 2
120 271 2
120 272 2
125 182 2
125 229 2
125 271 2
126 205 2
126 229 2
127 229 2
129 131 2
131 197 2
132 202 2
134 204 2
137 149 2
137 229 2
137 236 2
138 176 2
139 243 2
140 143 2
143 241 2
144 199 2
144 205 2
145 226 2
148 229 2
155 229 2
157 189 2
157 229 2
157 247 2
158 229 2
159 239 2
168 226 2
168 263 2
169 234 2
170 230 2
173 219 2
175 229 2
176 188 2
176 226 2
176 229 2
182 245 2
183 230 2
183 267 2
186 226 2
187 229 2
188 219 2
188 239 2
189 226 2
190 213 2
190 229 2
190 274 2
192 208 2
192 256 2
193 256 2
196 212 2
196 229 2
198 230 2
199 241 2
200 226 2
201 247 2
202 206 2
202 269 2
203 205 2
205 214 2
205 239 2
205 262 2
205 268 2
205 271 2
205 273 2
206 263 2
208 229 2
210 272 2
213 229 2
215 219 2
216 271 2
218 236 2
219 229 2
221 226 2
221 229 2
225 230 2
227 229 2
229 232 2
229 245 2
229 251 2
229 257 2
229 258 2
229 260 2
229 263 2
230 247 2
230 256 2
236 253 2
238 254 2
240 250 2
245 269 2
247 259 2
253 272 2
263 271 2
268 273 2
18 254 2
66 139 2
73 196 2
120 211 2
53 149 2
74 162 2
268 280 2
18 106 2
190 192 2
52 291 2
78 229 2
226 283 2
74 220 2
77 271 2
10 263 2
189 272 2
39 263 2
159 269 2
41 261 2
58 272 2
215 229 2
26 130 2
230 267 2
66 73 2
257 283 2
272 302 2
267 302 2
11 164 2
55 275 2
22 46 2
26 124 2
26 268 2
18 28 2
249 271 2
275 300 2
67 159 2
71 170 2
42 52 2
18 247 2
40 199 2
118 159 2
99 115 2
99 257 2
73 300 2
29 153 2
82 134 2
17 157 2
33 271 2
39 229 2
26 265 2
13 278 2
18 182 2
7 55 2
229 249 2
259 269 2
108 118 2
86 207 2
81 229 2
118 163 2
267 300 2
168 196 2
48 205 2
69 182 2
229 284 2
70 230 2
56 188 2
96 257 2
26 274 2
26 257 2
1 238 2
171 265 2
33 139 2
50 86 2
202 259 2
118 257 2
77 128 2
78 284 2
40 271 2
113 274 2
68 264 2
104 142 2
218 276 2
35 242 2
229 300 2
246 273 2
174 188 2
41 300 2
10 44 2
24 64 2
92 293 2
193 247 2
53 229 2
90 257 2
26 185 2
22 251 2
158 230 2
97 205 2
121 274 2
13 62 2
18 178 2
180 193 2
229 297 2
42 80 2
37 115 2
229 283 2
2 229 2
81 274 2
11 205 2
52 64 2
7 70 2
107 266 2
94 255 2
177 245 2
25 229 2
21 137 2
18 199 2
26 242 2
52 172 2
199 293 2
26 186 2
82 275 2
18 243 2
44 300 2
18 193 2
23 218 2
157 176 2
184 229 2
120 162 2
115 297 2
100 245 2
21 90 2
83 159 2
6 205 2
26 94 2
106 157 2
230 295 2
15 45 2
66 284 2
112 229 2
115 137 2
26 28 2
62 83 2
229 246 2
190 294 2
102 130 2
107 206 2
145 230 2
132 246 2
107 155 2
18 288 2
66 267 2
247 302 2
178 247 2
29 118 2
69 243 2
10 18 2
218 283 2
197 229 2
30 269 2
34 118 2
159 229 2
50 124 2
37 219 2
21 124 2
42 110 2
229 269 2
15 229 2
197 259 2
49 120 2
113 120 2
26 190 2
138 298 2
32 95 2
219 252 2
42 46 2
106 146 2
71 79 2
64 102 2
53 296 2
205 213 2
26 139 2
168 213 2
139 192 2
74 178 2
9 35 2
22 226 2
217 229 2
42 271 2
120 267 2
230 269 2
193 234 2
26 207 2
49 86 2
74 247 2
35 221 2
27 91 2
56 229 2
78 245 2
120 165 2
66 172 2
84 152 2
42 174 2
35 245 2
21 281 2
127 263 2
99 105 2
271 282 2
56 204 2
52 232 2
70 113 2
82 116 2
26 243 2
99 253 2
71 163 2
95 177 2
107 269 2
178 236 2
66 164 2
18 30 2
62 203 2
181 273 2
74 192 2
168 219 2
38 134 2
159 168 2
18 80 2
66 247 2
125 245 2
188 202 2
139 236 2
50 85 2
202 292 2
21 127 2
132 173 2
19 62 2
23 239 2
197 290 2
139 245 2
123 229 2
18 82 2
57 229 2
36 229 2
2 96 2
9 45 2
57 148 2
48 265 2
82 173 2
92 302 2
84 267 2
53 160 2
55 143 2
26 177 2
128 238 2
27 159 2
109 168 2
115 246 2
18 197 2
118 193 2
229 262 2
38 229 2
57 109 2
8 103 2
149 254 2
209 234 2
62 64 2
1 206 2
64 236 2
239 256 2
24 80 2
99 225 2
74 243 2
127 264 2
79 125 2
41 100 2
92 223 2
77 83 2
70 208 2
24 255 2
28 128 2
133 218 2
146 269 2
164 197 2
209 245 2
26 273 2
16 18 2
26 40 2
106 284 2
59 230 2
62 286 2
22 246 2
66 98 2
229 240 2
224 260 2
245 284 2
22 297 2
2 113 2
85 229 2
69 110 2
13 119 2
156 242 2
70 294 2
2 297 2
183 247 2
27 95 2
24 275 2
134 229 2
20 229 2
8 183 2
50 118 2
122 229 2
156 229 2
115 142 2
46 230 2
24 245 2
273 275 2
69 150 2
26 37 2
107 284 2
59 192 2
2 97 2
26 223 2
26 90 2
122 202 2
18 295 2
53 122 2
262 263 2
126 170 2
33 188 2
118 160 2
118 204 2
18 192 2
219 230 2
144 186 2
191 247 2
91 205 2
173 214 2
5 13 2
26 184 2
38 192 2
83 233 2
19 267 2
120 282 2
247 256 2
173 229 2
21 245 2
135 261 2
219 267 2
71 201 2
199 229 2
67 120 2
116 121 2
23 284 2
24 192 2
105 168 2
26 70 2
76 235 2
229 244 2
218 254 2
219 298 2
77 172 2
69 142 2
49 247 2
205 212 2
20 269 2
180 256 2
18 71 2
169 271 2
136 159 2
242 279 2
106 202 2
128 229 2
162 257 2
13 213 2
126 254 2
73 210 2
100 182 2
26 55 2
133 184 2
129 144 2
32 245 2
163 231 2
270 275 2
11 18 2
245 281 2
161 262 2
18 183 2
16 48 2
86 138 2
18 251 2
229 287 2
123 230 2
149 193 2
81 120 2
272 295 2
116 119 2
115 143 2
18 162 2
4 219 2
68 301 2
83 171 2
2 24 2
75 282 2
42 144 2
70 92 2
22 73 2
70 184 2
29 273 2
61 133 2
64 116 2
73 209 2
118 249 2
8 37 2
86 256 2
95 239 2
144 230 2
23 265 2
18 53 2
103 226 2
237 256 2
5 224 2
140 229 2
35 205 2
92 296 2
42 195 2
126 191 2
18 273 2
22 103 2
66 269 2
88 199 2
137 144 2
18 298 2
73 271 2
38 211 2
115 229 2
26 114 2
60 217 2
18 66 2
151 229 2
185 193 2
37 263 2
96 163 2
124 133 2
227 257 2
26 61 2
67 246 2
41 229 2
18 83 2
16 295 2
124 245 2
75 265 2
21 45 2
4 177 2
202 207 2
42 267 2
110 230 2
18 58 2
108 256 2
9 182 2
18 79 2
137 209 2
22 302 2
2 288 2
13 172 2
50 108 2
239 244 2
259 284 2
27 201 2
18 240 2
42 228 2
43 229 2
52 173 2
44 229 2
160 230 2
39 205 2
229 230 2
221 239 2
64 230 2
26 211 2
46 70 2
53 205 2
40 114 2
26 100 2
26 69 2
119 267 2
21 206 2
118 295 2
202 232 2
50 138 2
256 263 2
199 236 2
59 69 2
101 269 2
186 275 2
127 276 2
26 227 2
164 245 2
20 187 2
33 190 2
261 272 2
122 189 2
18 294 2
108 182 2
271 272 2
34 190 2
111 199 2
165 205 2
33 194 2
152 247 2
113 257 2
18 230 2
199 216 2
72 248 2
245 276 2
240 245 2
55 150 2
80 201 2
150 190 2
118 300 2
160 272 2
35 278 2
18 271 2
57 168 2
33 104 2
268 295 2
31 240 2
