119 173 2
63 279 2
63 75 2
119 191 2
209 274 2
63 204 2
204 302 2
39 279 2
90 204 2
116 279 2
76 119 2
76 96 2
76 184 2
76 102 2
86 184 2
159 204 2
113 279 2
130 204 2
63 208 2
6 90 2
189 279 2
76 216 2
84 204 2
209 211 2
75 85 2
63 107 2
32 76 2
192 209 2
1 279 2
76 219 2
119 284 2
76 99 2
140 279 2
87 284 2
39 65 2
165 204 2
122 204 2
116 189 2
60 159 2
75 293 2
63 92 2
86 142 2
25 209 2
157 279 2
75 285 2
141 284 2
141 186 2
75 210 2
54 165 2
10 76 2
77 173 2
86 256 2
63 167 2
165 209 2
177 204 2
19 184 2
165 257 2
101 105 2
119 139 2
63 245 2
89 204 2
189 268 2
119 129 2
116 129 2
66 75 2
51 76 2
184 271 2
18 116 2
78 204 2
204 223 2
76 298 2
267 284 2
76 233 2
203 204 2
127 165 2
42 167 2
204 301 2
119 144 2
45 119 2
86 209 2
75 125 2
29 204 2
64 125 2
105 302 2
63 72 2
89 152 2
93 204 2
119 160 2
119 262 2
119 203 2
129 176 2
66 203 2
223 300 2
128 279 2
63 162 2
29 279 2
124 176 2
119 250 2
77 105 2
66 266 2
76 168 2
41 268 2
63 224 2
209 286 2
51 133 2
271 286 2
119 208 2
32 70 2
63 110 2
63 175 2
38 284 2
9 75 2
68 77 2
211 284 2
184 256 2
164 224 2
82 119 2
63 101 2
105 224 2
68 166 2
82 86 2
267 274 2
66 251 2
74 233 2
47 165 2
6 158 2
10 174 2
121 209 2
204 274 2
181 203 2
97 119 2
65 138 2
4 119 2
29 142 2
54 279 2
204 222 2
128 301 2
12 165 2
191 204 2
127 279 2
63 205 2
174 184 2
76 190 2
3 219 2
209 299 2
221 279 2
98 268 2
76 264 2
119 265 2
70 119 2
119 190 2
63 134 2
77 204 2
104 209 2
43 157 2
147 301 2
10 206 2
164 220 2
76 223 2
97 233 2
46 164 2
60 279 2
80 175 2
68 119 2
53 293 2
77 261 2
42 189 2
51 63 2
91 208 2
9 116 2
108 204 2
84 127 2
74 143 2
185 301 2
176 269 2
5 96 2
140 204 2
204 210 2
65 189 2
76 80 2
29 206 2
6 50 2
204 221 2
66 182 2
128 197 2
12 272 2
76 218 2
97 209 2
4 174 2
38 116 2
76 181 2
105 256 2
63 170 2
122 174 2
216 280 2
63 227 2
12 189 2
195 233 2
178 204 2
209 269 2
75 180 2
105 261 2
184 279 2
143 299 2
280 297 2
12 163 2
100 210 2
73 75 2
196 227 2
76 176 2
85 114 2
63 97 2
228 301 2
130 268 2
86 239 2
265 279 2
33 209 2
63 274 2
95 299 2
82 172 2
25 98 2
183 219 2
76 208 2
66 107 2
258 262 2
130 193 2
181 204 2
39 61 2
165 285 2
221 301 2
167 253 2
209 261 2
16 140 2
66 223 2
60 149 2
63 65 2
105 227 2
67 96 2
237 301 2
46 63 2
99 130 2
76 106 2
173 289 2
16 100 2
74 280 2
174 265 2
16 209 2
128 240 2
174 291 2
119 215 2
189 228 2
12 76 2
43 128 2
92 164 2
215 284 2
226 301 2
23 77 2
92 152 2
16 32 2
63 270 2
16 76 2
97 107 2
40 209 2
240 293 2
204 297 2
76 121 2
131 174 2
63 214 2
28 101 2
39 260 2
41 119 2
137 184 2
156 166 2
7 301 2
279 302 2
96 148 2
119 243 2
31 285 2
66 103 2
46 119 2
76 124 2
81 131 2
184 209 2
252 302 2
100 263 2
51 170 2
3 116 2
155 189 2
42 209 2
76 257 2
178 251 2
63 259 2
135 253 2
166 218 2
18 191 2
205 209 2
204 295 2
119 294 2
90 281 2
211 249 2
63 71 2
134 174 2
279 290 2
12 285 2
205 216 2
23 63 2
42 119 2
43 279 2
60 271 2
47 257 2
74 256 2
5 162 2
4 89 2
75 172 2
53 119 2
262 301 2
61 204 2
22 182 2
16 18 2
271 299 2
204 257 2
88 233 2
98 273 2
2 134 2
74 279 2
21 284 2
204 289 2
49 204 2
89 253 2
14 204 2
63 154 2
42 135 2
63 254 2
111 134 2
90 102 2
116 287 2
14 224 2
2 8 2
162 203 2
111 204 2
76 189 2
129 277 2
92 163 2
55 184 2
116 215 2
16 113 2
166 284 2
192 238 2
79 107 2
159 296 2
15 204 2
60 139 2
2 21 2
6 274 2
238 245 2
212 279 2
35 76 2
119 155 2
12 287 2
90 184 2
227 285 2
263 285 2
129 189 2
95 128 2
119 198 2
86 212 2
113 125 2
66 270 2
63 226 2
62 221 2
204 213 2
116 196 2
6 231 2
56 240 2
257 265 2
63 231 2
126 204 2
92 204 2
189 193 2
93 152 2
14 209 2
110 279 2
31 209 2
76 291 2
184 255 2
102 194 2
236 279 2
53 63 2
77 112 2
281 301 2
76 211 2
214 279 2
16 98 2
63 223 2
119 158 2
61 73 2
73 301 2
75 295 2
204 299 2
63 144 2
3 209 2
46 86 2
146 287 2
23 42 2
32 150 2
98 301 2
119 171 2
204 207 2
53 204 2
237 248 2
75 244 2
189 216 2
111 257 2
195 204 2
143 280 2
107 281 2
119 247 2
132 279 2
76 245 2
114 189 2
181 247 2
17 299 2
37 119 2
2 204 2
119 180 2
11 204 2
179 279 2
76 269 2
102 159 2
131 133 2
63 299 2
70 211 2
125 289 2
137 288 2
209 267 2
138 299 2
63 200 2
37 150 2
124 204 2
184 266 2
68 301 2
30 76 2
11 294 2
124 265 2
230 284 2
172 280 2
63 273 2
119 235 2
15 279 2
194 204 2
76 244 2
94 294 2
126 295 2
83 181 2
119 137 2
168 204 2
107 227 2
111 184 2
140 165 2
79 119 2
122 260 2
34 204 2
100 189 2
142 169 2
128 269 2
63 96 2
150 253 2
90 271 2
14 76 2
32 270 2
52 75 2
39 62 2
54 253 2
63 120 2
184 204 2
90 232 2
269 291 2
119 214 2
21 93 2
74 170 2
136 204 2
119 218 2
119 187 2
60 76 2
84 301 2
66 97 2
76 246 2
193 265 2
45 167 2
148 187 2
1 140 2
296 301 2
11 181 2
199 279 2
14 249 2
167 249 2
63 220 2
219 284 2
27 204 2
242 277 2
34 86 2
267 288 2
63 202 2
52 204 2
112 119 2
90 251 2
70 174 2
56 265 2
14 26 2
118 280 2
171 189 2
9 219 2
60 101 2
39 167 2
63 122 2
76 187 2
86 238 2
24 209 2
147 204 2
31 90 2
42 249 2
173 212 2
187 217 2
155 249 2
97 181 2
76 144 2
177 273 2
77 213 2
63 247 2
97 212 2
119 256 2
2 135 2
196 284 2
119 236 2
75 278 2
165 276 2
124 219 2
49 209 2
30 256 2
160 167 2
62 137 2
167 204 2
81 141 2
135 175 2
116 141 2
204 281 2
76 161 2
90 139 2
41 114 2
203 284 2
47 76 2
76 294 2
76 188 2
47 120 2
76 235 2
39 112 2
31 291 2
218 302 2
220 301 2
174 190 2
28 60 2
60 163 2
119 261 2
76 138 2
171 284 2
209 262 2
113 132 2
63 174 2
63 229 2
76 204 2
85 295 2
56 74 2
209 224 2
42 87 2
25 70 2
16 251 2
170 279 2
50 165 2
206 218 2
105 165 2
63 258 2
76 262 2
60 87 2
77 243 2
21 119 2
135 299 2
14 193 2
9 76 2
104 116 2
81 301 2
102 108 2
102 240 2
12 183 2
31 63 2
168 244 2
32 167 2
63 260 2
195 197 2
69 76 2
250 299 2
96 240 2
174 228 2
89 200 2
181 261 2
76 230 2
127 167 2
239 288 2
84 201 2
76 252 2
258 279 2
4 109 2
60 232 2
86 114 2
204 234 2
163 204 2
70 301 2
63 173 2
137 298 2
77 171 2
49 70 2
141 301 2
2 75 2
31 82 2
42 76 2
57 107 2
119 201 2
14 71 2
126 248 2
159 284 2
144 209 2
295 299 2
77 119 2
99 204 2
67 204 2
96 209 2
104 184 2
76 115 2
76 180 2
141 296 2
118 189 2
63 100 2
112 245 2
233 279 2
99 143 2
60 184 2
13 190 2
76 185 2
221 247 2
75 98 2
184 268 2
63 121 2
179 209 2
9 134 2
96 170 2
101 160 2
144 301 2
37 74 2
75 156 2
98 238 2
106 125 2
27 63 2
42 248 2
63 218 2
142 301 2
82 200 2
114 184 2
59 90 2
86 198 2
27 284 2
155 211 2
60 220 2
119 252 2
209 264 2
36 189 2
118 220 2
50 63 2
178 277 2
57 70 2
76 127 2
10 302 2
50 90 2
202 270 2
252 279 2
63 108 2
200 219 2
228 294 2
77 274 2
77 126 2
53 163 2
255 299 2
117 233 2
52 76 2
102 119 2
111 137 2
125 174 2
118 178 2
122 284 2
18 63 2
60 63 2
12 64 2
76 284 2
75 207 2
119 273 2
78 118 2
76 215 2
14 105 2
2 76 2
153 210 2
40 88 2
136 209 2
41 86 2
87 98 2
32 164 2
56 219 2
111 173 2
11 141 2
204 266 2
63 161 2
25 204 2
125 270 2
37 76 2
199 235 2
204 208 2
249 255 2
235 299 2
107 167 2
15 63 2
88 128 2
63 138 2
40 76 2
60 138 2
183 221 2
4 35 2
60 171 2
97 206 2
38 103 2
95 204 2
152 165 2
42 75 2
100 132 2
2 147 2
128 187 2
132 184 2
23 107 2
82 114 2
44 98 2
70 247 2
187 204 2
63 105 2
199 301 2
234 257 2
68 151 2
77 218 2
64 209 2
76 126 2
206 263 2
119 259 2
119 193 2
260 284 2
30 197 2
98 129 2
99 196 2
63 215 2
142 203 2
119 263 2
81 181 2
1 281 2
17 97 2
40 109 2
32 204 2
56 119 2
63 133 2
171 214 2
76 217 2
167 208 2
94 167 2
121 224 2
68 96 2
23 184 2
119 270 2
107 111 2
137 209 2
42 53 2
203 253 2
71 209 2
153 165 2
53 148 2
5 211 2
75 162 2
48 141 2
103 119 2
63 159 2
61 189 2
72 119 2
73 153 2
119 277 2
60 146 2
77 235 2
19 225 2
137 175 2
94 301 2
35 194 2
227 271 2
28 141 2
39 237 2
114 275 2
51 206 2
63 296 2
24 302 2
38 279 2
223 259 2
75 111 2
75 228 2
200 204 2
157 301 2
4 172 2
204 236 2
33 76 2
119 212 2
17 93 2
57 173 2
75 171 2
45 281 2
45 137 2
117 215 2
209 220 2
49 98 2
105 134 2
66 174 2
189 195 2
76 296 2
63 91 2
113 301 2
119 154 2
112 279 2
139 189 2
79 279 2
72 268 2
154 204 2
86 157 2
102 247 2
158 189 2
186 191 2
93 241 2
63 288 2
50 133 2
22 219 2
83 218 2
92 167 2
96 150 2
60 164 2
23 301 2
76 195 2
167 296 2
60 137 2
101 116 2
44 264 2
152 204 2
34 135 2
76 194 2
119 128 2
113 204 2
214 244 2
254 302 2
204 248 2
188 247 2
10 187 2
203 240 2
29 208 2
76 253 2
174 226 2
54 63 2
42 285 2
219 299 2
181 188 2
188 279 2
119 174 2
81 134 2
204 292 2
119 121 2
154 244 2
149 279 2
218 239 2
77 215 2
86 281 2
227 291 2
246 291 2
184 274 2
76 125 2
76 290 2
142 288 2
63 124 2
209 250 2
78 138 2
42 145 2
209 236 2
76 251 2
204 293 2
77 228 2
14 31 2
133 256 2
63 277 2
36 165 2
34 119 2
196 209 2
13 76 2
133 286 2
167 284 2
141 160 2
76 207 2
23 76 2
21 191 2
