2 97 2
2 151 2
2 202 2
2 236 2
3 71 2
3 83 2
3 202 2
3 214 2
4 86 2
4 202 2
5 175 2
6 104 2
6 202 2
8 75 2
8 190 2
8 202 2
8 247 2
9 32 2
9 154 2
9 202 2
9 248 2
10 115 2
10 170 2
10 182 2
10 251 2
11 75 2
11 202 2
13 110 2
13 130 2
13 171 2
13 267 2
14 26 2
14 248 2
15 94 2
16 59 2
16 163 2
16 202 2
16 212 2
16 221 2
16 225 2
17 29 2
17 32 2
17 222 2
18 36 2
18 105 2
19 23 2
19 32 2
19 90 2
19 241 2
20 94 2
20 255 2
21 202 2
21 259 2
22 26 2
22 106 2
22 139 2
22 183 2
22 225 2
22 240 2
22 252 2
23 42 2
23 74 2
23 132 2
23 160 2
23 176 2
23 253 2
24 45 2
24 202 2
24 217 2
24 253 2
24 260 2
25 158 2
26 135 2
26 222 2
27 46 2
28 30 2
28 202 2
29 74 2
29 114 2
30 31 2
30 79 2
30 94 2
30 109 2
30 151 2
32 33 2
32 80 2
32 89 2
32 109 2
32 128 2
32 139 2
32 170 2
32 173 2
32 180 2
32 183 2
32 189 2
32 248 2
32 264 2
32 268 2
33 126 2
35 84 2
35 209 2
36 76 2
36 109 2
36 158 2
37 110 2
37 171 2
37 202 2
38 104 2
38 200 2
38 202 2
38 206 2
40 259 2
41 99 2
41 236 2
42 82 2
42 94 2
42 145 2
44 258 2
46 104 2
46 170 2
46 221 2
47 109 2
47 272 2
48 90 2
48 259 2
51 81 2
51 202 2
51 223 2
51 261 2
52 248 2
53 163 2
54 75 2
54 109 2
54 110 2
54 200 2
55 56 2
55 158 2
55 261 2
56 110 2
56 138 2
56 202 2
59 135 2
60 186 2
60 268 2
63 109 2
63 202 2
65 145 2
66 202 2
67 253 2
68 154 2
70 91 2
70 207 2
70 236 2
71 151 2
71 253 2
72 154 2
73 202 2
74 202 2
76 184 2
76 202 2
77 158 2
78 99 2
80 109 2
80 248 2
81 202 2
81 209 2
81 240 2
81 241 2
81 256 2
82 171 2
83 202 2
84 142 2
84 204 2
84 208 2
84 248 2
85 221 2
86 109 2
86 202 2
86 207 2
87 202 2
88 202 2
89 206 2
89 213 2
89 267 2
90 198 2
91 99 2
91 200 2
92 248 2
93 109 2
94 95 2
94 111 2
94 202 2
94 250 2
95 202 2
96 123 2
96 253 2
97 202 2
98 222 2
99 167 2
100 135 2
101 146 2
102 181 2
103 158 2
104 126 2
104 151 2
104 197 2
104 238 2
105 202 2
106 135 2
109 128 2
109 147 2
109 168 2
109 181 2
109 183 2
109 202 2
110 113 2
110 118 2
110 133 2
110 173 2
110 180 2
110 189 2
110 204 2
110 227 2
110 229 2
110 265 2
112 158 2
112 251 2
114 240 2
118 154 2
118 202 2
120 248 2
121 160 2
121 202 2
122 142 2
122 190 2
122 202 2
122 219 2
124 136 2
124 209 2
124 210 2
126 158 2
126 202 2
126 268 2
127 202 2
127 221 2
129 135 2
129 158 2
130 209 2
130 210 2
131 136 2
131 159 2
131 217 2
131 258 2
132 154 2
135 213 2
135 250 2
135 266 2
136 154 2
136 201 2
136 202 2
136 231 2
137 198 2
138 145 2
139 202 2
140 184 2
141 175 2
143 258 2
144 202 2
144 209 2
145 158 2
146 151 2
146 202 2
146 211 2
147 202 2
147 260 2
148 202 2
149 268 2
150 181 2
150 190 2
151 154 2
151 170 2
151 202 2
152 202 2
154 156 2
154 158 2
154 160 2
154 181 2
154 195 2
154 212 2
154 274 2
155 246 2
156 202 2
156 241 2
158 202 2
158 222 2
158 224 2
158 250 2
158 259 2
158 268 2
159 170 2
159 202 2
160 202 2
161 202 2
163 259 2
164 202 2
165 202 2
166 177 2
166 193 2
166 212 2
168 202 2
168 248 2
170 180 2
170 202 2
170 259 2
171 202 2
171 231 2
171 246 2
174 202 2
175 191 2
175 230 2
175 260 2
179 202 2
184 248 2
186 212 2
189 248 2
190 205 2
191 232 2
191 248 2
195 261 2
197 202 2
197 244 2
197 259 2
198 203 2
198 232 2
198 246 2
199 200 2
199 202 2
202 209 2
202 211 2
202 212 2
202 213 2
202 215 2
202 222 2
202 227 2
202 228 2
202 241 2
202 242 2
202 246 2
202 247 2
202 249 2
202 252 2
202 260 2
202 261 2
202 262 2
202 266 2
202 267 2
202 271 2
202 272 2
202 274 2
203 248 2
209 212 2
209 232 2
211 258 2
212 257 2
212 271 2
214 268 2
215 267 2
221 267 2
231 238 2
231 264 2
232 249 2
272 274 2
202 258 2
32 157 2
58 202 2
32 172 2
58 272 2
154 299 2
46 139 2
154 198 2
210 246 2
27 151 2
145 202 2
50 202 2
196 236 2
212 268 2
202 220 2
32 51 2
161 241 2
154 184 2
36 116 2
122 221 2
51 152 2
33 255 2
109 285 2
36 179 2
128 248 2
52 135 2
109 210 2
10 109 2
88 94 2
153 202 2
6 158 2
154 238 2
33 202 2
110 202 2
202 235 2
30 165 2
15 170 2
136 221 2
189 202 2
191 202 2
8 166 2
10 100 2
171 255 2
96 116 2
82 158 2
98 255 2
41 198 2
94 261 2
174 267 2
182 236 2
42 200 2
39 190 2
54 84 2
29 158 2
202 276 2
22 284 2
78 202 2
21 158 2
118 198 2
113 202 2
5 147 2
202 210 2
154 236 2
196 248 2
236 288 2
210 215 2
171 222 2
222 235 2
25 54 2
47 166 2
12 151 2
18 23 2
110 215 2
19 216 2
138 248 2
147 213 2
109 219 2
32 246 2
209 261 2
92 202 2
17 202 2
109 286 2
153 158 2
109 206 2
53 202 2
128 218 2
23 279 2
56 109 2
215 219 2
20 256 2
118 209 2
166 192 2
158 205 2
155 202 2
106 202 2
32 93 2
163 212 2
259 301 2
19 48 2
136 286 2
128 139 2
202 221 2
160 197 2
7 238 2
202 248 2
65 202 2
152 207 2
67 269 2
81 199 2
26 274 2
202 223 2
112 201 2
109 217 2
30 48 2
30 32 2
181 190 2
168 287 2
209 284 2
110 292 2
120 256 2
66 191 2
109 273 2
262 282 2
74 107 2
171 269 2
202 250 2
46 158 2
135 285 2
51 109 2
44 170 2
110 143 2
270 279 2
7 191 2
75 87 2
150 265 2
119 202 2
240 260 2
158 197 2
15 294 2
22 267 2
19 27 2
63 91 2
92 158 2
71 236 2
167 268 2
25 222 2
158 251 2
168 215 2
51 265 2
56 229 2
3 30 2
202 233 2
109 155 2
49 209 2
135 267 2
128 280 2
70 109 2
193 235 2
55 202 2
93 197 2
180 290 2
10 213 2
105 118 2
110 267 2
99 190 2
31 202 2
40 250 2
3 201 2
81 191 2
69 274 2
258 295 2
78 158 2
87 191 2
74 78 2
242 268 2
174 248 2
32 147 2
1 206 2
27 170 2
158 177 2
109 291 2
22 218 2
86 196 2
184 221 2
150 197 2
41 58 2
46 270 2
209 241 2
154 229 2
135 247 2
135 165 2
10 296 2
183 269 2
79 248 2
110 138 2
69 166 2
22 49 2
10 222 2
84 232 2
168 224 2
26 209 2
170 172 2
82 245 2
137 240 2
277 294 2
202 257 2
14 66 2
32 67 2
113 154 2
202 236 2
231 298 2
158 160 2
33 56 2
151 259 2
43 182 2
92 275 2
59 109 2
55 243 2
76 301 2
54 143 2
139 143 2
61 183 2
66 154 2
30 242 2
43 128 2
109 253 2
192 206 2
174 200 2
169 259 2
5 202 2
15 268 2
135 221 2
81 154 2
21 109 2
195 275 2
110 212 2
248 281 2
95 109 2
110 201 2
32 96 2
51 76 2
109 182 2
31 222 2
81 109 2
94 279 2
111 210 2
115 231 2
40 267 2
154 223 2
150 259 2
120 132 2
61 247 2
104 112 2
126 269 2
242 288 2
139 259 2
149 202 2
108 253 2
81 174 2
44 74 2
91 203 2
110 248 2
170 187 2
154 218 2
122 192 2
200 202 2
46 125 2
123 202 2
32 148 2
86 222 2
111 202 2
28 118 2
10 181 2
14 212 2
7 37 2
109 245 2
107 202 2
82 202 2
202 296 2
110 251 2
161 197 2
71 145 2
91 285 2
71 109 2
202 281 2
63 135 2
178 193 2
169 202 2
143 267 2
71 82 2
94 236 2
25 75 2
73 135 2
21 35 2
239 241 2
80 269 2
97 112 2
80 217 2
70 202 2
7 218 2
24 209 2
143 202 2
187 213 2
202 218 2
39 105 2
14 81 2
110 151 2
94 212 2
109 284 2
8 109 2
18 100 2
202 207 2
143 235 2
75 105 2
88 112 2
32 201 2
16 218 2
13 151 2
22 282 2
154 203 2
109 197 2
103 193 2
177 202 2
209 276 2
181 194 2
202 264 2
109 238 2
129 184 2
21 97 2
104 220 2
117 221 2
9 150 2
159 274 2
32 178 2
109 301 2
202 234 2
56 257 2
236 272 2
202 287 2
145 150 2
16 220 2
68 202 2
174 245 2
24 34 2
154 207 2
158 179 2
80 146 2
182 248 2
32 73 2
154 250 2
80 238 2
135 296 2
68 230 2
65 132 2
202 292 2
140 258 2
202 205 2
28 201 2
110 255 2
158 170 2
182 202 2
138 154 2
26 193 2
110 270 2
22 151 2
51 234 2
51 93 2
158 190 2
44 117 2
106 168 2
7 202 2
14 32 2
89 197 2
158 290 2
59 63 2
44 154 2
76 125 2
2 248 2
134 202 2
67 217 2
107 145 2
22 179 2
32 193 2
71 99 2
5 109 2
109 283 2
64 205 2
172 207 2
116 202 2
34 155 2
1 202 2
136 290 2
220 238 2
109 293 2
94 267 2
101 170 2
48 202 2
92 170 2
82 244 2
23 67 2
133 202 2
74 154 2
58 170 2
29 248 2
181 242 2
81 247 2
13 252 2
171 187 2
173 202 2
60 154 2
49 202 2
19 161 2
80 179 2
171 261 2
40 160 2
133 259 2
153 249 2
137 158 2
158 274 2
13 16 2
201 212 2
40 104 2
36 133 2
142 202 2
173 269 2
62 110 2
202 280 2
101 248 2
158 225 2
76 134 2
269 282 2
197 273 2
154 210 2
94 230 2
234 236 2
211 261 2
87 261 2
119 158 2
81 231 2
98 302 2
109 220 2
29 198 2
202 268 2
21 81 2
197 235 2
52 97 2
30 275 2
175 268 2
27 57 2
54 202 2
208 237 2
158 234 2
15 202 2
154 259 2
91 238 2
126 229 2
28 221 2
209 264 2
36 285 2
7 101 2
22 202 2
109 162 2
58 231 2
57 110 2
218 272 2
76 109 2
78 136 2
16 154 2
150 209 2
64 119 2
114 221 2
61 133 2
141 158 2
70 116 2
42 170 2
202 229 2
63 257 2
158 296 2
14 28 2
126 256 2
177 248 2
171 210 2
95 158 2
78 80 2
131 251 2
150 163 2
154 241 2
154 183 2
122 212 2
14 175 2
94 130 2
1 23 2
149 255 2
37 51 2
96 291 2
64 202 2
248 263 2
32 198 2
57 202 2
54 192 2
33 81 2
136 265 2
131 173 2
63 110 2
98 173 2
202 254 2
75 113 2
69 114 2
109 222 2
80 299 2
202 301 2
132 276 2
31 184 2
202 238 2
140 237 2
178 202 2
129 202 2
175 202 2
79 147 2
23 187 2
58 189 2
60 187 2
32 295 2
39 82 2
221 297 2
250 294 2
16 143 2
25 294 2
229 237 2
109 246 2
268 270 2
35 68 2
223 270 2
147 180 2
71 102 2
86 107 2
39 234 2
14 97 2
228 294 2
144 285 2
