1 202 4
1 232 4
2 202 4
3 14 4
3 32 4
3 202 4
3 287 4
4 56 4
5 109 4
5 147 4
5 175 4
5 286 4
6 30 4
6 110 4
6 127 4
6 202 4
7 212 4
7 238 4
7 303 4
8 166 4
8 170 4
8 190 4
8 247 4
9 248 4
10 158 4
10 170 4
10 249 4
10 251 4
11 181 4
11 202 4
12 135 4
13 110 4
13 125 4
13 130 4
13 202 4
14 28 4
14 32 4
14 102 4
14 123 4
14 136 4
14 142 4
14 248 4
14 254 4
14 272 4
15 186 4
15 202 4
16 158 4
16 212 4
16 220 4
17 28 4
17 29 4
18 105 4
18 267 4
19 23 4
19 32 4
19 36 4
19 90 4
19 94 4
19 161 4
19 225 4
19 241 4
20 83 4
20 158 4
20 202 4
21 97 4
21 109 4
21 193 4
22 26 4
22 49 4
22 74 4
22 139 4
22 183 4
22 240 4
22 266 4
22 282 4
22 284 4
23 24 4
23 88 4
23 132 4
23 147 4
23 149 4
23 185 4
24 45 4
24 209 4
25 185 4
25 222 4
25 272 4
26 193 4
26 209 4
27 46 4
27 57 4
27 134 4
28 109 4
29 209 4
30 49 4
30 151 4
30 187 4
30 218 4
30 242 4
31 114 4
31 184 4
31 222 4
32 44 4
32 46 4
32 51 4
32 80 4
32 96 4
32 127 4
32 128 4
32 131 4
32 173 4
32 180 4
32 183 4
32 217 4
32 294 4
32 316 4
32 327 4
32 328 4
32 331 4
33 43 4
33 81 4
33 102 4
33 124 4
33 126 4
33 183 4
33 202 4
33 255 4
33 258 4
33 324 4
35 84 4
35 201 4
35 311 4
36 109 4
36 158 4
37 171 4
38 103 4
38 113 4
38 172 4
38 200 4
38 202 4
39 82 4
39 158 4
39 168 4
39 234 4
40 204 4
41 58 4
42 94 4
42 200 4
43 182 4
43 202 4
44 170 4
44 258 4
44 268 4
44 328 4
45 202 4
46 73 4
46 104 4
46 114 4
46 139 4
46 158 4
46 167 4
46 170 4
46 211 4
46 250 4
46 255 4
47 109 4
47 166 4
47 202 4
48 55 4
49 202 4
49 236 4
49 302 4
50 202 4
51 202 4
51 223 4
51 261 4
51 265 4
51 309 4
51 323 4
52 135 4
52 246 4
52 248 4
53 163 4
53 212 4
54 75 4
54 84 4
54 109 4
54 165 4
54 192 4
54 200 4
56 149 4
56 202 4
56 220 4
56 229 4
56 305 4
57 110 4
57 202 4
57 267 4
58 102 4
58 231 4
58 264 4
58 285 4
58 290 4
59 109 4
59 135 4
59 170 4
60 159 4
61 92 4
61 140 4
61 292 4
63 200 4
64 154 4
65 110 4
65 176 4
66 148 4
66 154 4
66 191 4
67 238 4
67 285 4
68 230 4
69 114 4
70 109 4
70 116 4
70 218 4
71 82 4
71 99 4
71 102 4
71 109 4
71 117 4
71 151 4
74 312 4
75 87 4
76 125 4
76 154 4
76 184 4
76 222 4
76 301 4
77 154 4
77 170 4
77 202 4
78 136 4
78 154 4
78 238 4
78 308 4
79 147 4
79 197 4
80 99 4
80 179 4
80 265 4
80 299 4
81 174 4
82 110 4
82 128 4
82 245 4
83 98 4
83 202 4
84 232 4
84 296 4
84 325 4
84 332 4
86 202 4
87 218 4
87 301 4
88 154 4
88 202 4
89 151 4
89 197 4
89 231 4
91 99 4
91 107 4
92 158 4
92 248 4
93 197 4
94 138 4
94 230 4
94 236 4
94 279 4
95 160 4
95 184 4
95 202 4
95 241 4
96 99 4
97 248 4
97 319 4
99 109 4
99 173 4
99 329 4
100 135 4
101 146 4
101 160 4
101 170 4
101 202 4
101 248 4
101 274 4
101 324 4
101 325 4
102 202 4
103 269 4
106 168 4
106 202 4
107 145 4
107 202 4
109 122 4
109 129 4
109 131 4
109 160 4
109 183 4
109 188 4
109 193 4
109 219 4
109 238 4
109 245 4
109 247 4
109 253 4
109 266 4
109 283 4
109 285 4
109 301 4
109 312 4
109 316 4
109 322 4
110 118 4
110 122 4
110 138 4
110 151 4
110 197 4
110 201 4
110 220 4
110 228 4
110 229 4
110 241 4
110 251 4
110 252 4
110 256 4
110 270 4
110 292 4
111 202 4
111 210 4
111 284 4
112 158 4
112 251 4
114 164 4
116 202 4
117 221 4
118 198 4
119 158 4
120 132 4
120 202 4
120 248 4
121 202 4
121 209 4
121 268 4
122 190 4
122 202 4
122 205 4
122 221 4
124 136 4
124 202 4
124 245 4
125 218 4
126 229 4
126 268 4
128 139 4
128 149 4
128 202 4
128 218 4
128 226 4
130 158 4
130 209 4
130 296 4
131 258 4
131 292 4
131 314 4
132 223 4
132 231 4
132 276 4
133 150 4
134 216 4
135 165 4
135 266 4
136 290 4
137 240 4
138 145 4
139 294 4
141 268 4
142 178 4
142 202 4
143 202 4
143 258 4
144 202 4
144 209 4
144 285 4
145 167 4
145 170 4
145 202 4
146 202 4
146 211 4
147 213 4
148 202 4
148 258 4
150 181 4
150 265 4
150 285 4
151 202 4
151 311 4
154 158 4
154 195 4
154 203 4
154 212 4
154 218 4
154 236 4
154 247 4
154 250 4
154 256 4
154 259 4
154 261 4
154 289 4
154 318 4
157 202 4
158 170 4
158 184 4
158 251 4
158 322 4
160 166 4
160 253 4
163 199 4
163 212 4
163 238 4
165 202 4
166 193 4
166 212 4
168 224 4
168 229 4
169 209 4
169 259 4
170 187 4
170 227 4
170 259 4
171 202 4
171 210 4
171 246 4
172 248 4
173 269 4
173 280 4
173 311 4
175 191 4
175 263 4
175 320 4
176 259 4
176 293 4
177 197 4
177 202 4
178 193 4
181 288 4
181 302 4
182 248 4
184 186 4
184 221 4
185 257 4
187 197 4
187 202 4
187 213 4
187 285 4
189 248 4
190 303 4
191 224 4
191 248 4
192 206 4
197 263 4
197 291 4
198 202 4
198 232 4
199 200 4
201 248 4
201 281 4
202 207 4
202 209 4
202 210 4
202 214 4
202 215 4
202 222 4
202 227 4
202 236 4
202 241 4
202 247 4
202 248 4
202 250 4
202 262 4
202 266 4
202 267 4
202 268 4
202 275 4
202 276 4
202 279 4
202 280 4
202 285 4
202 287 4
202 289 4
202 298 4
202 310 4
202 311 4
202 318 4
202 319 4
202 321 4
202 325 4
202 327 4
202 331 4
203 217 4
205 222 4
205 242 4
208 237 4
209 261 4
209 280 4
210 302 4
211 256 4
212 257 4
212 268 4
212 270 4
213 323 4
213 326 4
215 267 4
217 332 4
218 243 4
218 255 4
218 272 4
218 320 4
218 322 4
221 247 4
221 297 4
222 226 4
222 268 4
226 292 4
228 252 4
229 278 4
231 238 4
231 264 4
232 249 4
232 272 4
234 236 4
236 315 4
238 255 4
242 268 4
242 288 4
243 258 4
246 249 4
248 263 4
248 291 4
250 294 4
252 303 4
253 272 4
262 282 4
267 301 4
268 270 4
277 294 4
286 296 4
286 299 4
129 202 4
176 202 4
74 231 4
15 22 4
153 242 4
316 346 4
33 317 4
59 278 4
259 314 4
50 220 4
36 202 4
202 286 4
152 213 4
130 335 4
156 158 4
154 324 4
32 286 4
72 242 4
151 291 4
51 180 4
161 202 4
50 190 4
71 357 4
110 159 4
110 362 4
80 126 4
80 124 4
92 285 4
202 269 4
154 244 4
218 256 4
82 158 4
8 216 4
170 235 4
9 323 4
17 286 4
279 341 4
209 258 4
268 363 4
84 281 4
127 280 4
40 270 4
139 202 4
55 318 4
101 191 4
104 255 4
10 110 4
143 281 4
48 218 4
109 297 4
122 141 4
5 164 4
123 126 4
202 341 4
153 202 4
35 341 4
17 191 4
80 188 4
247 274 4
91 110 4
197 198 4
100 110 4
278 293 4
278 311 4
208 248 4
91 231 4
128 280 4
159 202 4
124 304 4
32 295 4
202 234 4
209 320 4
87 305 4
82 205 4
68 109 4
218 282 4
246 306 4
31 238 4
67 202 4
122 158 4
32 176 4
32 257 4
47 249 4
126 218 4
330 331 4
154 305 4
126 310 4
175 202 4
65 185 4
23 57 4
116 128 4
64 202 4
54 208 4
26 238 4
11 224 4
51 251 4
40 202 4
182 218 4
24 109 4
27 269 4
99 103 4
192 202 4
101 321 4
110 202 4
215 323 4
188 202 4
158 183 4
55 202 4
51 53 4
14 77 4
202 365 4
197 202 4
57 246 4
69 238 4
51 114 4
27 80 4
152 323 4
51 70 4
204 311 4
146 323 4
42 202 4
203 206 4
5 94 4
202 278 4
42 212 4
48 95 4
208 256 4
109 223 4
4 19 4
17 72 4
139 248 4
92 202 4
272 360 4
13 274 4
5 247 4
126 253 4
30 354 4
83 218 4
48 202 4
70 158 4
110 169 4
5 143 4
143 167 4
84 204 4
202 226 4
27 351 4
109 218 4
47 308 4
106 285 4
222 310 4
14 132 4
202 306 4
109 217 4
58 173 4
82 248 4
173 218 4
80 182 4
48 363 4
35 175 4
110 320 4
14 101 4
109 355 4
32 148 4
54 110 4
79 109 4
296 344 4
197 337 4
45 364 4
125 202 4
119 200 4
3 7 4
263 293 4
50 152 4
130 217 4
23 190 4
32 305 4
255 270 4
130 283 4
202 296 4
201 364 4
201 275 4
58 101 4
33 234 4
156 253 4
57 90 4
51 360 4
292 311 4
174 332 4
8 202 4
44 355 4
74 174 4
8 232 4
64 99 4
206 209 4
131 209 4
7 202 4
17 70 4
110 332 4
51 184 4
56 276 4
110 240 4
46 361 4
88 186 4
22 132 4
21 347 4
126 202 4
75 234 4
110 234 4
2 200 4
13 227 4
2 280 4
110 207 4
13 76 4
101 178 4
231 342 4
19 144 4
268 317 4
75 109 4
202 334 4
22 52 4
109 161 4
58 149 4
12 46 4
27 48 4
48 83 4
126 308 4
26 351 4
17 46 4
257 272 4
27 202 4
19 88 4
196 295 4
202 225 4
246 309 4
114 234 4
182 288 4
10 202 4
7 267 4
154 328 4
137 232 4
33 93 4
183 314 4
143 147 4
157 166 4
114 159 4
90 158 4
202 284 4
1 285 4
124 337 4
269 349 4
58 131 4
132 202 4
42 154 4
53 109 4
94 202 4
115 255 4
110 205 4
83 109 4
3 359 4
17 171 4
183 263 4
76 104 4
46 283 4
109 194 4
31 186 4
101 204 4
212 276 4
77 127 4
191 270 4
277 360 4
19 58 4
101 306 4
86 104 4
32 184 4
272 284 4
82 317 4
109 272 4
101 211 4
5 202 4
211 309 4
43 57 4
110 131 4
20 33 4
109 207 4
79 202 4
164 234 4
204 287 4
109 196 4
145 252 4
32 274 4
137 251 4
139 177 4
83 263 4
212 312 4
79 146 4
110 208 4
268 364 4
32 365 4
136 192 4
95 117 4
154 354 4
14 84 4
249 270 4
155 248 4
316 344 4
100 102 4
216 251 4
98 206 4
113 154 4
69 128 4
158 190 4
202 245 4
109 231 4
50 104 4
86 173 4
23 160 4
65 277 4
106 361 4
132 330 4
82 219 4
202 294 4
148 231 4
183 328 4
26 132 4
19 229 4
218 315 4
94 110 4
202 356 4
84 97 4
286 336 4
90 248 4
36 61 4
149 320 4
17 318 4
32 79 4
183 195 4
255 266 4
154 270 4
151 228 4
1 71 4
191 202 4
110 351 4
185 268 4
61 202 4
202 349 4
38 154 4
82 131 4
209 289 4
202 265 4
251 308 4
149 210 4
73 241 4
96 259 4
73 149 4
164 256 4
46 269 4
1 288 4
133 202 4
97 202 4
267 272 4
258 332 4
150 255 4
102 302 4
30 316 4
221 353 4
232 251 4
158 331 4
228 268 4
228 260 4
37 310 4
68 84 4
156 202 4
197 209 4
1 110 4
99 190 4
42 131 4
18 301 4
98 99 4
79 218 4
23 133 4
29 164 4
232 254 4
33 179 4
170 277 4
84 135 4
8 281 4
212 218 4
152 225 4
158 215 4
186 334 4
321 339 4
12 84 4
58 87 4
15 58 4
12 212 4
94 109 4
130 274 4
99 310 4
202 336 4
260 268 4
3 135 4
126 127 4
201 202 4
253 293 4
236 246 4
132 251 4
168 175 4
79 210 4
12 238 4
49 153 4
110 132 4
93 219 4
103 246 4
139 300 4
117 248 4
332 362 4
79 365 4
97 241 4
34 154 4
78 178 4
207 294 4
6 248 4
22 342 4
148 209 4
79 234 4
74 84 4
32 161 4
311 333 4
52 169 4
202 354 4
17 212 4
129 265 4
202 252 4
17 97 4
51 126 4
58 355 4
151 241 4
158 206 4
170 360 4
80 133 4
78 153 4
14 322 4
202 242 4
248 272 4
8 46 4
46 202 4
110 361 4
187 358 4
38 256 4
97 111 4
83 203 4
26 202 4
32 124 4
76 118 4
158 216 4
126 184 4
102 195 4
109 291 4
151 331 4
272 273 4
315 328 4
202 340 4
132 201 4
173 177 4
178 202 4
22 93 4
115 205 4
89 202 4
134 139 4
188 231 4
231 261 4
9 32 4
238 239 4
7 109 4
22 209 4
145 154 4
30 258 4
84 314 4
135 219 4
14 220 4
85 186 4
113 197 4
173 229 4
88 118 4
184 196 4
9 13 4
213 357 4
82 361 4
201 311 4
21 85 4
6 197 4
5 118 4
135 195 4
141 202 4
110 121 4
202 283 4
108 202 4
34 256 4
213 258 4
88 110 4
32 72 4
82 235 4
46 115 4
48 191 4
277 316 4
124 160 4
242 355 4
60 258 4
279 286 4
258 295 4
55 93 4
11 109 4
36 94 4
7 331 4
123 153 4
202 290 4
51 262 4
205 248 4
118 143 4
231 336 4
46 59 4
221 351 4
270 317 4
6 311 4
26 310 4
248 262 4
202 322 4
101 114 4
245 359 4
238 322 4
97 188 4
119 281 4
160 296 4
202 205 4
147 202 4
289 321 4
231 286 4
187 321 4
47 144 4
131 202 4
206 341 4
212 256 4
158 292 4
301 310 4
179 284 4
117 202 4
120 143 4
149 358 4
18 19 4
27 150 4
142 175 4
310 311 4
70 333 4
251 339 4
282 292 4
51 351 4
121 184 4
170 309 4
137 258 4
148 218 4
191 193 4
85 190 4
33 59 4
20 58 4
3 101 4
266 341 4
19 102 4
118 238 4
27 114 4
267 340 4
58 238 4
253 263 4
177 339 4
81 202 4
153 338 4
281 357 4
90 231 4
259 293 4
158 217 4
37 317 4
60 117 4
81 158 4
185 202 4
191 331 4
213 256 4
109 117 4
62 266 4
110 209 4
124 288 4
7 249 4
57 344 4
13 361 4
79 158 4
6 109 4
36 96 4
110 266 4
13 63 4
232 252 4
29 154 4
2 154 4
59 171 4
256 268 4
45 114 4
22 99 4
255 340 4
93 100 4
9 202 4
204 340 4
67 185 4
199 218 4
256 345 4
1 182 4
84 335 4
149 364 4
146 231 4
30 108 4
39 248 4
25 195 4
151 349 4
84 248 4
109 169 4
105 269 4
175 306 4
138 202 4
8 101 4
26 130 4
97 112 4
272 361 4
139 268 4
80 359 4
22 23 4
51 355 4
131 137 4
33 147 4
201 359 4
159 279 4
74 247 4
202 342 4
63 365 4
24 202 4
153 160 4
58 202 4
287 288 4
156 200 4
70 271 4
238 305 4
35 109 4
26 292 4
76 238 4
170 253 4
110 145 4
115 202 4
109 365 4
5 32 4
139 256 4
32 172 4
202 326 4
74 124 4
2 27 4
284 295 4
21 36 4
32 297 4
4 117 4
138 226 4
209 228 4
87 344 4
178 238 4
55 86 4
23 121 4
92 141 4
78 259 4
202 330 4
279 322 4
35 171 4
126 133 4
58 352 4
100 261 4
6 31 4
34 109 4
46 150 4
49 197 4
181 221 4
62 202 4
88 158 4
123 353 4
139 206 4
28 248 4
274 359 4
186 202 4
170 350 4
123 272 4
232 293 4
66 75 4
165 173 4
32 342 4
119 320 4
101 237 4
263 337 4
158 180 4
180 247 4
152 215 4
5 95 4
14 171 4
109 202 4
202 260 4
61 169 4
195 218 4
242 244 4
150 160 4
32 339 4
234 304 4
183 237 4
215 265 4
73 351 4
101 289 4
13 359 4
32 308 4
207 361 4
158 340 4
26 51 4
30 99 4
183 197 4
224 343 4
65 202 4
118 202 4
272 278 4
10 154 4
40 205 4
154 320 4
53 228 4
192 225 4
4 110 4
32 63 4
159 308 4
25 248 4
144 342 4
19 192 4
84 109 4
158 332 4
54 209 4
154 361 4
19 41 4
27 223 4
22 60 4
124 350 4
158 232 4
17 365 4
121 201 4
30 170 4
202 223 4
293 334 4
5 281 4
7 187 4
32 166 4
117 149 4
13 25 4
80 238 4
287 351 4
34 150 4
70 234 4
143 174 4
170 197 4
214 269 4
117 176 4
48 349 4
164 353 4
86 101 4
56 128 4
180 202 4
145 248 4
56 242 4
1 163 4
33 135 4
24 206 4
132 228 4
109 149 4
