6 135 1
70 246 1
214 224 1
42 63 1
179 204 1
63 249 1
58 96 1
41 193 1
93 237 1
15 49 1
12 54 1
16 101 1
67 224 1
127 156 1
95 130 1
141 168 1
237 252 1
111 191 1
50 63 1
232 266 1
171 228 1
117 200 1
34 228 1
197 240 1
131 270 1
48 245 1
137 142 1
25 209 1
85 151 1
91 241 1
123 133 1
99 231 1
218 247 1
34 166 1
123 268 1
24 97 1
17 170 1
123 174 1
50 138 1
45 196 1
43 269 1
12 244 1
56 269 1
97 141 1
21 214 1
20 231 1
64 72 1
195 271 1
6 161 1
150 228 1
128 160 1
55 247 1
54 71 1
159 249 1
29 115 1
168 236 1
41 224 1
14 106 1
126 241 1
196 228 1
23 176 1
18 136 1
95 142 1
178 199 1
16 215 1
139 203 1
224 269 1
47 160 1
20 44 1
11 172 1
72 217 1
246 264 1
76 165 1
3 130 1
79 107 1
101 202 1
7 63 1
118 253 1
81 172 1
96 176 1
103 111 1
235 256 1
119 204 1
27 223 1
39 76 1
111 233 1
81 169 1
210 251 1
33 253 1
64 111 1
84 142 1
88 242 1
81 82 1
161 219 1
119 254 1
241 257 1
93 99 1
27 222 1
88 125 1
126 127 1
77 235 1
114 245 1
40 89 1
73 179 1
119 219 1
60 179 1
138 148 1
146 218 1
89 229 1
84 104 1
85 237 1
60 202 1
148 206 1
18 86 1
88 272 1
21 226 1
47 134 1
87 195 1
100 251 1
36 43 1
94 247 1
221 231 1
91 271 1
51 102 1
57 154 1
141 185 1
111 267 1
74 200 1
135 162 1
9 243 1
249 264 1
172 234 1
30 274 1
98 258 1
5 170 1
17 99 1
19 238 1
14 206 1
205 256 1
115 138 1
11 177 1
2 155 1
164 231 1
24 75 1
32 242 1
142 183 1
139 181 1
171 273 1
156 176 1
45 49 1
63 151 1
11 81 1
76 93 1
62 68 1
107 224 1
244 262 1
132 226 1
177 217 1
32 211 1
96 215 1
54 155 1
69 81 1
213 252 1
219 245 1
29 140 1
18 179 1
181 202 1
136 154 1
74 273 1
221 256 1
23 189 1
125 242 1
61 198 1
106 178 1
271 274 1
46 201 1
30 126 1
147 242 1
90 254 1
159 211 1
32 62 1
134 198 1
8 185 1
8 271 1
170 263 1
73 107 1
19 270 1
167 197 1
39 101 1
23 72 1
101 116 1
25 262 1
4 220 1
155 228 1
58 162 1
101 260 1
89 270 1
151 175 1
2 47 1
142 158 1
217 230 1
235 248 1
16 102 1
33 79 1
54 104 1
101 169 1
125 205 1
26 33 1
5 260 1
44 180 1
42 195 1
144 160 1
36 195 1
35 190 1
69 241 1
182 208 1
176 180 1
2 19 1
51 72 1
125 232 1
57 155 1
170 236 1
58 202 1
63 261 1
42 187 1
106 258 1
126 235 1
142 148 1
45 177 1
62 162 1
122 146 1
22 69 1
202 239 1
175 273 1
14 131 1
45 122 1
16 64 1
122 157 1
19 95 1
158 184 1
61 166 1
140 172 1
6 168 1
44 89 1
182 257 1
29 250 1
127 195 1
53 202 1
102 158 1
49 50 1
48 232 1
21 93 1
127 216 1
19 35 1
79 145 1
82 192 1
56 244 1
13 254 1
22 61 1
101 120 1
75 156 1
7 25 1
103 270 1
29 212 1
204 261 1
38 77 1
34 47 1
126 210 1
173 228 1
42 160 1
31 76 1
1 151 1
8 254 1
163 220 1
152 263 1
32 216 1
214 240 1
191 208 1
127 220 1
148 237 1
190 264 1
62 174 1
236 271 1
10 24 1
183 223 1
130 204 1
135 204 1
5 19 1
59 167 1
210 239 1
31 179 1
119 245 1
21 186 1
54 240 1
167 189 1
177 264 1
51 82 1
76 194 1
46 251 1
146 204 1
9 36 1
170 275 1
5 89 1
147 189 1
29 48 1
79 233 1
76 207 1
104 200 1
138 253 1
51 220 1
145 209 1
103 228 1
180 259 1
21 181 1
32 101 1
51 67 1
51 261 1
74 237 1
27 207 1
220 254 1
55 178 1
138 209 1
130 133 1
242 268 1
186 263 1
9 195 1
147 271 1
111 254 1
8 203 1
37 235 1
87 109 1
26 94 1
14 139 1
168 220 1
42 264 1
76 96 1
9 43 1
111 173 1
19 229 1
42 158 1
16 236 1
12 166 1
1 260 1
64 142 1
160 178 1
175 268 1
142 201 1
155 239 1
8 216 1
252 258 1
52 148 1
191 230 1
212 217 1
88 107 1
6 170 1
63 264 1
31 241 1
74 102 1
92 183 1
68 166 1
65 147 1
13 212 1
52 142 1
44 235 1
20 59 1
84 94 1
71 200 1
160 274 1
86 142 1
188 266 1
132 243 1
85 250 1
162 200 1
187 222 1
169 229 1
14 40 1
102 170 1
37 52 1
154 247 1
89 148 1
241 267 1
172 214 1
165 170 1
98 183 1
132 241 1
96 99 1
70 249 1
12 184 1
147 247 1
40 233 1
123 200 1
79 246 1
7 225 1
103 159 1
31 253 1
191 244 1
240 271 1
38 60 1
134 157 1
143 220 1
40 274 1
241 247 1
26 262 1
133 259 1
93 272 1
49 73 1
44 165 1
10 202 1
144 262 1
110 211 1
108 257 1
44 175 1
19 186 1
116 200 1
53 76 1
155 170 1
18 47 1
73 182 1
27 221 1
75 152 1
19 92 1
78 214 1
87 133 1
1 17 1
126 226 1
88 210 1
108 140 1
3 253 1
54 202 1
118 254 1
129 150 1
25 53 1
44 97 1
71 111 1
43 262 1
145 213 1
78 100 1
87 151 1
44 186 1
13 239 1
47 52 1
31 222 1
68 76 1
33 269 1
28 130 1
135 247 1
148 177 1
187 220 1
122 175 1
164 167 1
161 189 1
13 128 1
75 202 1
48 166 1
88 94 1
94 186 1
124 161 1
34 262 1
154 268 1
2 61 1
114 127 1
26 191 1
147 210 1
90 102 1
35 250 1
12 15 1
179 242 1
16 169 1
64 253 1
65 211 1
29 34 1
35 251 1
66 237 1
68 219 1
5 229 1
97 232 1
118 122 1
147 204 1
113 269 1
28 30 1
88 196 1
54 192 1
84 99 1
77 99 1
34 147 1
58 141 1
214 268 1
4 92 1
36 106 1
59 222 1
40 43 1
34 168 1
39 42 1
35 237 1
29 144 1
116 214 1
7 64 1
46 163 1
22 91 1
114 116 1
55 133 1
171 269 1
126 139 1
231 272 1
96 174 1
90 167 1
15 59 1
56 275 1
237 249 1
2 242 1
181 257 1
197 269 1
187 192 1
154 236 1
76 213 1
144 268 1
163 209 1
59 137 1
11 27 1
77 166 1
57 258 1
167 272 1
166 267 1
205 241 1
4 171 1
119 137 1
113 228 1
17 59 1
19 29 1
118 170 1
95 162 1
180 261 1
50 275 1
115 228 1
5 162 1
62 72 1
17 205 1
98 115 1
170 270 1
14 269 1
98 132 1
3 67 1
114 183 1
85 161 1
56 177 1
47 162 1
38 74 1
199 200 1
106 231 1
169 219 1
113 177 1
98 168 1
210 268 1
80 163 1
158 171 1
37 55 1
45 237 1
96 198 1
205 272 1
252 254 1
35 90 1
73 101 1
164 178 1
148 271 1
8 244 1
61 164 1
81 261 1
106 167 1
145 253 1
12 124 1
40 178 1
153 200 1
20 222 1
29 75 1
16 53 1
51 157 1
143 257 1
183 275 1
147 159 1
43 178 1
66 115 1
72 256 1
51 86 1
116 181 1
230 239 1
69 146 1
18 269 1
23 116 1
13 97 1
144 181 1
150 177 1
169 231 1
159 230 1
194 228 1
130 253 1
72 246 1
41 122 1
33 56 1
162 179 1
148 248 1
32 42 1
118 206 1
130 158 1
27 178 1
35 53 1
80 142 1
50 96 1
185 226 1
175 179 1
112 145 1
200 249 1
29 145 1
17 238 1
146 153 1
59 270 1
125 255 1
36 147 1
32 103 1
130 178 1
150 217 1
4 56 1
100 112 1
19 178 1
48 238 1
88 131 1
124 152 1
87 117 1
45 269 1
103 109 1
185 264 1
72 265 1
164 219 1
72 177 1
46 79 1
78 140 1
106 134 1
82 143 1
84 253 1
244 260 1
93 172 1
13 136 1
56 180 1
41 158 1
146 160 1
225 231 1
12 265 1
51 189 1
97 214 1
144 168 1
126 236 1
26 255 1
147 208 1
24 185 1
108 145 1
4 169 1
114 181 1
173 237 1
121 209 1
36 196 1
84 229 1
4 177 1
115 272 1
18 100 1
8 212 1
143 185 1
191 227 1
92 209 1
13 41 1
181 236 1
74 196 1
211 238 1
119 200 1
204 260 1
45 57 1
116 150 1
18 141 1
14 154 1
9 130 1
168 183 1
67 203 1
230 257 1
154 163 1
167 225 1
80 185 1
224 275 1
135 187 1
87 253 1
223 263 1
59 184 1
157 174 1
59 174 1
89 191 1
77 187 1
161 244 1
174 198 1
20 52 1
237 244 1
95 193 1
31 196 1
69 165 1
32 107 1
20 246 1
78 132 1
13 154 1
89 251 1
177 249 1
120 272 1
88 220 1
118 157 1
53 163 1
1 47 1
22 141 1
194 204 1
61 139 1
44 93 1
112 171 1
166 179 1
45 189 1
165 191 1
10 253 1
64 85 1
204 226 1
48 60 1
93 168 1
55 165 1
23 88 1
44 208 1
3 106 1
166 247 1
141 216 1
87 188 1
53 252 1
91 118 1
6 173 1
60 159 1
243 258 1
86 123 1
48 59 1
133 216 1
151 174 1
147 173 1
79 139 1
93 244 1
81 216 1
134 222 1
34 97 1
134 238 1
102 226 1
80 275 1
107 116 1
59 242 1
181 235 1
8 204 1
116 213 1
223 267 1
94 263 1
