1 8 3
1 12 3
1 151 3
2 61 3
2 94 3
2 127 3
2 155 3
2 181 3
3 14 3
3 98 3
3 104 3
3 302 3
4 38 3
4 56 3
5 89 3
5 104 3
5 162 3
5 216 3
5 260 3
6 8 3
6 90 3
6 239 3
7 25 3
7 63 3
7 134 3
7 143 3
7 146 3
7 265 3
8 185 3
8 254 3
8 301 3
9 15 3
9 29 3
9 36 3
9 62 3
9 269 3
10 202 3
10 225 3
11 81 3
12 96 3
12 103 3
12 132 3
12 184 3
12 187 3
13 136 3
14 40 3
14 100 3
14 272 3
14 292 3
14 296 3
15 49 3
15 111 3
16 64 3
16 101 3
16 169 3
16 212 3
17 59 3
17 168 3
17 213 3
18 47 3
18 86 3
19 67 3
19 162 3
20 124 3
20 152 3
20 222 3
20 246 3
22 59 3
22 69 3
22 126 3
22 133 3
22 239 3
23 72 3
23 132 3
23 168 3
23 176 3
23 189 3
24 185 3
26 94 3
26 141 3
26 154 3
26 191 3
26 262 3
27 57 3
28 30 3
28 130 3
28 262 3
28 283 3
29 75 3
29 140 3
29 212 3
30 37 3
30 42 3
31 76 3
31 282 3
32 167 3
32 170 3
32 211 3
32 216 3
33 53 3
33 79 3
33 88 3
33 139 3
34 105 3
34 147 3
34 292 3
35 90 3
35 190 3
35 237 3
36 134 3
36 147 3
36 175 3
36 183 3
36 196 3
37 247 3
38 60 3
38 77 3
38 95 3
39 101 3
40 43 3
40 106 3
41 130 3
41 150 3
42 63 3
42 146 3
42 171 3
42 195 3
43 80 3
43 128 3
43 160 3
43 178 3
44 93 3
44 180 3
44 208 3
45 179 3
45 235 3
47 148 3
47 160 3
47 195 3
47 245 3
48 102 3
48 245 3
49 116 3
49 165 3
50 63 3
50 138 3
50 181 3
50 275 3
50 296 3
52 93 3
52 142 3
52 244 3
53 82 3
53 270 3
54 155 3
54 159 3
54 192 3
55 165 3
56 183 3
56 244 3
56 259 3
56 261 3
56 275 3
56 281 3
57 77 3
57 263 3
58 96 3
58 152 3
59 137 3
59 184 3
61 68 3
61 77 3
62 68 3
62 123 3
62 167 3
63 271 3
64 111 3
64 142 3
64 213 3
64 273 3
65 132 3
65 269 3
66 144 3
66 226 3
67 155 3
67 224 3
67 246 3
67 279 3
68 76 3
68 83 3
68 160 3
69 275 3
70 298 3
71 88 3
71 111 3
72 220 3
72 239 3
72 246 3
73 101 3
73 107 3
73 157 3
73 297 3
74 125 3
74 196 3
74 237 3
74 294 3
75 228 3
76 93 3
76 167 3
76 213 3
77 156 3
77 166 3
77 187 3
77 281 3
78 214 3
78 228 3
78 259 3
79 121 3
79 145 3
79 233 3
80 100 3
80 122 3
80 185 3
80 275 3
81 216 3
81 285 3
82 192 3
82 240 3
83 284 3
84 104 3
84 141 3
85 151 3
85 237 3
85 250 3
86 141 3
86 142 3
87 133 3
87 188 3
87 253 3
88 94 3
88 210 3
89 170 3
90 102 3
90 170 3
90 234 3
90 254 3
90 260 3
90 287 3
91 209 3
92 183 3
92 283 3
92 294 3
93 157 3
93 172 3
93 227 3
93 237 3
93 298 3
94 176 3
95 142 3
96 198 3
96 245 3
96 247 3
97 141 3
97 154 3
97 178 3
97 214 3
97 243 3
98 164 3
98 227 3
98 229 3
99 120 3
101 116 3
101 157 3
101 169 3
101 261 3
102 226 3
103 199 3
104 190 3
104 200 3
104 280 3
106 178 3
106 231 3
106 255 3
107 112 3
108 264 3
109 176 3
109 293 3
111 261 3
112 145 3
112 190 3
113 159 3
113 275 3
114 127 3
114 194 3
114 230 3
114 271 3
115 138 3
115 228 3
116 169 3
116 213 3
116 235 3
117 128 3
118 157 3
118 170 3
121 145 3
121 205 3
121 209 3
121 231 3
122 146 3
122 157 3
122 182 3
122 212 3
123 283 3
124 152 3
124 269 3
125 183 3
126 127 3
126 235 3
126 242 3
127 129 3
127 195 3
128 302 3
129 274 3
130 133 3
130 158 3
130 204 3
130 205 3
132 243 3
133 216 3
135 145 3
135 187 3
135 281 3
136 155 3
136 248 3
138 148 3
140 148 3
141 187 3
141 255 3
141 263 3
142 291 3
143 145 3
143 258 3
143 291 3
144 156 3
144 160 3
144 199 3
145 253 3
146 153 3
147 171 3
147 173 3
147 185 3
148 177 3
148 248 3
148 271 3
152 274 3
152 290 3
153 220 3
153 267 3
154 163 3
154 247 3
155 215 3
155 219 3
156 210 3
156 263 3
157 252 3
158 171 3
159 211 3
161 183 3
161 244 3
161 302 3
162 267 3
163 220 3
163 231 3
163 299 3
164 192 3
165 183 3
166 267 3
166 270 3
167 177 3
167 225 3
168 236 3
169 174 3
169 213 3
170 302 3
171 187 3
171 289 3
172 214 3
173 236 3
173 237 3
173 289 3
176 271 3
177 265 3
179 204 3
179 242 3
180 240 3
180 275 3
182 251 3
189 231 3
189 267 3
191 227 3
191 244 3
193 211 3
193 280 3
194 228 3
197 240 3
197 241 3
197 280 3
199 200 3
199 244 3
202 290 3
205 272 3
206 268 3
207 227 3
208 288 3
208 293 3
208 302 3
209 302 3
210 246 3
210 251 3
212 239 3
218 228 3
220 224 3
221 231 3
221 244 3
222 241 3
223 267 3
225 231 3
229 252 3
232 266 3
234 239 3
234 261 3
235 242 3
235 248 3
235 256 3
240 271 3
241 258 3
241 267 3
243 265 3
244 260 3
245 246 3
245 264 3
245 274 3
254 280 3
255 259 3
257 259 3
261 270 3
263 302 3
265 277 3
265 292 3
273 274 3
54 331 3
122 325 3
127 300 3
131 294 3
31 180 3
22 110 3
166 297 3
165 197 3
165 326 3
9 66 3
170 278 3
208 219 3
141 202 3
125 263 3
293 305 3
14 264 3
176 224 3
18 56 3
63 186 3
231 243 3
173 216 3
49 272 3
57 105 3
50 165 3
94 269 3
107 116 3
254 291 3
80 234 3
26 62 3
11 275 3
250 274 3
141 208 3
37 263 3
79 99 3
116 309 3
261 332 3
149 201 3
206 300 3
53 305 3
161 255 3
146 290 3
24 187 3
88 211 3
103 193 3
33 113 3
55 203 3
262 306 3
10 263 3
9 193 3
29 308 3
209 238 3
54 227 3
77 195 3
179 301 3
22 247 3
130 312 3
311 316 3
3 110 3
25 324 3
222 276 3
138 276 3
31 66 3
205 249 3
65 293 3
177 321 3
41 82 3
187 197 3
56 194 3
49 234 3
162 215 3
255 291 3
114 154 3
36 195 3
106 263 3
61 152 3
198 301 3
15 35 3
219 228 3
108 203 3
47 284 3
96 244 3
129 213 3
98 104 3
67 326 3
5 155 3
180 201 3
34 315 3
1 148 3
18 183 3
78 253 3
2 221 3
16 195 3
11 175 3
154 297 3
25 118 3
12 134 3
60 188 3
206 266 3
163 259 3
87 272 3
81 140 3
34 266 3
42 266 3
181 312 3
37 309 3
172 242 3
4 304 3
102 126 3
139 301 3
150 232 3
6 192 3
125 291 3
41 211 3
70 303 3
127 304 3
61 129 3
5 171 3
186 246 3
150 282 3
46 206 3
35 318 3
210 217 3
39 238 3
3 259 3
72 297 3
156 158 3
36 329 3
127 201 3
171 328 3
122 196 3
142 325 3
67 102 3
16 83 3
152 252 3
45 217 3
197 202 3
2 80 3
38 79 3
1 159 3
123 296 3
41 73 3
69 279 3
67 76 3
196 323 3
237 311 3
112 299 3
134 223 3
33 225 3
69 204 3
44 285 3
161 248 3
82 153 3
240 284 3
153 247 3
145 283 3
149 207 3
134 202 3
215 249 3
39 192 3
227 304 3
5 38 3
25 289 3
93 262 3
80 226 3
45 248 3
54 198 3
55 82 3
34 270 3
91 294 3
200 244 3
75 155 3
60 288 3
274 276 3
56 204 3
19 233 3
157 279 3
56 303 3
34 317 3
63 113 3
107 210 3
183 280 3
30 224 3
162 237 3
63 119 3
172 182 3
282 326 3
10 256 3
120 282 3
73 203 3
103 175 3
91 121 3
66 180 3
91 213 3
51 73 3
180 325 3
179 193 3
283 322 3
107 222 3
151 204 3
225 322 3
53 95 3
229 236 3
104 105 3
226 268 3
110 177 3
188 249 3
96 150 3
160 253 3
223 308 3
220 232 3
71 330 3
273 332 3
221 319 3
47 138 3
12 192 3
47 317 3
202 286 3
213 309 3
148 306 3
122 151 3
38 177 3
6 326 3
53 258 3
73 280 3
149 304 3
139 168 3
167 221 3
207 331 3
297 308 3
239 264 3
156 231 3
29 223 3
23 100 3
74 257 3
47 170 3
144 266 3
4 149 3
57 179 3
251 326 3
62 256 3
11 142 3
30 120 3
98 118 3
73 237 3
83 168 3
158 231 3
122 318 3
86 107 3
31 144 3
79 234 3
222 329 3
1 167 3
266 290 3
283 309 3
184 232 3
265 326 3
52 243 3
23 260 3
90 179 3
172 332 3
15 150 3
249 252 3
23 271 3
3 5 3
54 83 3
236 302 3
224 322 3
181 302 3
198 255 3
27 52 3
18 316 3
20 180 3
287 294 3
44 107 3
135 155 3
52 175 3
74 114 3
74 331 3
47 116 3
1 271 3
17 225 3
238 260 3
103 325 3
44 104 3
121 129 3
68 279 3
154 220 3
29 326 3
169 197 3
19 252 3
193 243 3
237 303 3
226 296 3
235 261 3
11 155 3
199 279 3
40 184 3
69 207 3
3 197 3
247 282 3
134 264 3
103 212 3
127 219 3
49 65 3
138 291 3
28 258 3
71 195 3
17 324 3
254 332 3
118 172 3
138 200 3
84 303 3
152 177 3
100 178 3
92 268 3
49 119 3
71 146 3
272 331 3
47 209 3
257 267 3
102 257 3
120 294 3
172 285 3
56 91 3
126 227 3
129 325 3
33 212 3
129 296 3
32 61 3
148 219 3
72 116 3
6 217 3
4 186 3
77 315 3
1 302 3
226 249 3
102 210 3
193 265 3
83 321 3
208 284 3
80 135 3
87 121 3
4 211 3
136 242 3
64 283 3
49 135 3
54 67 3
20 172 3
16 309 3
154 278 3
16 70 3
37 91 3
24 280 3
229 282 3
12 100 3
146 157 3
99 197 3
233 310 3
36 200 3
219 263 3
187 318 3
304 318 3
240 257 3
136 144 3
272 297 3
81 207 3
35 92 3
163 234 3
59 115 3
46 183 3
79 259 3
177 191 3
11 44 3
154 243 3
293 298 3
94 204 3
79 147 3
175 307 3
3 318 3
110 194 3
111 203 3
157 320 3
150 202 3
58 316 3
160 208 3
29 286 3
6 139 3
51 301 3
150 204 3
35 212 3
164 305 3
238 311 3
81 303 3
225 285 3
62 318 3
86 108 3
92 325 3
264 293 3
142 241 3
196 269 3
144 320 3
143 246 3
193 283 3
20 214 3
64 93 3
54 228 3
212 317 3
206 207 3
78 292 3
104 139 3
96 156 3
111 237 3
307 317 3
174 224 3
118 316 3
137 320 3
19 176 3
7 239 3
31 313 3
54 268 3
192 259 3
71 142 3
241 256 3
187 315 3
79 264 3
28 213 3
155 243 3
139 264 3
25 137 3
30 255 3
8 87 3
103 242 3
105 169 3
55 262 3
149 315 3
242 260 3
52 162 3
85 330 3
184 212 3
67 143 3
199 263 3
5 170 3
46 92 3
88 306 3
178 250 3
76 202 3
86 257 3
154 257 3
166 240 3
81 321 3
137 330 3
16 73 3
60 181 3
31 159 3
248 258 3
35 287 3
97 269 3
121 235 3
189 208 3
208 286 3
45 203 3
50 156 3
48 332 3
123 287 3
85 203 3
222 275 3
120 267 3
157 301 3
235 326 3
251 252 3
151 206 3
7 126 3
246 302 3
78 161 3
42 288 3
32 86 3
159 187 3
56 206 3
80 190 3
274 301 3
79 88 3
208 236 3
56 122 3
138 227 3
86 100 3
69 215 3
43 252 3
67 293 3
98 331 3
77 298 3
204 273 3
202 309 3
119 201 3
87 166 3
142 245 3
174 269 3
68 150 3
58 205 3
18 44 3
63 81 3
24 215 3
51 275 3
117 177 3
95 155 3
40 214 3
85 91 3
212 313 3
61 99 3
80 147 3
105 141 3
278 311 3
46 78 3
15 55 3
170 310 3
170 325 3
16 40 3
52 91 3
149 210 3
32 207 3
9 163 3
71 254 3
13 303 3
133 326 3
69 133 3
93 140 3
118 273 3
18 291 3
163 305 3
325 332 3
283 317 3
90 242 3
61 332 3
209 332 3
127 209 3
40 160 3
135 150 3
147 213 3
13 121 3
60 109 3
145 199 3
86 202 3
160 316 3
23 66 3
15 52 3
254 318 3
75 251 3
164 250 3
83 135 3
46 264 3
125 129 3
183 303 3
183 275 3
250 315 3
115 309 3
11 180 3
132 176 3
79 185 3
127 211 3
145 263 3
50 62 3
184 312 3
124 267 3
150 178 3
18 115 3
66 109 3
240 331 3
102 249 3
101 166 3
84 216 3
94 142 3
237 315 3
87 146 3
24 316 3
48 213 3
274 286 3
58 97 3
140 174 3
244 323 3
181 317 3
14 105 3
12 247 3
12 163 3
116 248 3
248 309 3
130 150 3
214 275 3
197 236 3
116 298 3
164 172 3
260 310 3
149 151 3
60 67 3
141 303 3
241 245 3
75 316 3
177 248 3
209 237 3
28 72 3
195 325 3
48 122 3
12 261 3
247 316 3
45 201 3
30 208 3
40 259 3
55 188 3
41 77 3
168 217 3
12 328 3
50 247 3
70 226 3
162 226 3
102 109 3
14 297 3
223 264 3
55 234 3
38 193 3
148 237 3
98 239 3
33 198 3
87 276 3
21 306 3
128 141 3
59 157 3
125 305 3
19 55 3
41 270 3
83 234 3
54 306 3
29 165 3
127 277 3
195 318 3
102 224 3
134 212 3
10 155 3
140 315 3
175 267 3
98 245 3
125 138 3
79 112 3
104 194 3
77 232 3
87 316 3
105 134 3
91 261 3
282 328 3
207 234 3
3 163 3
142 281 3
44 145 3
107 329 3
241 295 3
