176 252 1
121 210 1
208 275 1
6 268 1
114 121 1
151 242 1
194 242 1
19 198 1
62 77 1
243 246 1
1 218 1
104 165 1
186 209 1
114 146 1
101 213 1
113 196 1
7 77 1
228 234 1
103 214 1
204 234 1
77 101 1
79 219 1
98 270 1
18 57 1
51 137 1
179 268 1
8 138 1
34 223 1
56 70 1
61 160 1
133 156 1
232 272 1
16 107 1
185 229 1
20 87 1
157 187 1
96 113 1
7 242 1
24 87 1
137 175 1
79 161 1
23 129 1
39 238 1
32 245 1
94 182 1
68 127 1
192 217 1
207 235 1
48 144 1
11 38 1
40 71 1
12 74 1
80 183 1
131 269 1
30 104 1
7 264 1
12 260 1
11 222 1
50 132 1
21 131 1
190 198 1
147 258 1
106 139 1
64 67 1
104 127 1
43 226 1
25 51 1
55 111 1
104 185 1
207 256 1
91 263 1
76 195 1
82 274 1
22 201 1
29 90 1
157 221 1
227 244 1
139 242 1
74 205 1
77 182 1
133 185 1
113 120 1
51 157 1
223 260 1
112 203 1
69 202 1
67 263 1
2 66 1
176 222 1
36 143 1
88 204 1
32 69 1
85 208 1
6 274 1
14 57 1
76 235 1
189 231 1
65 222 1
6 12 1
117 207 1
91 275 1
158 195 1
139 197 1
100 237 1
242 249 1
150 177 1
206 218 1
138 209 1
27 84 1
20 193 1
140 254 1
145 206 1
86 209 1
91 152 1
83 97 1
84 187 1
4 234 1
221 250 1
77 197 1
50 211 1
40 85 1
103 245 1
28 36 1
107 206 1
4 271 1
13 123 1
134 267 1
218 220 1
94 200 1
21 35 1
54 271 1
85 164 1
151 182 1
104 138 1
74 104 1
143 153 1
35 255 1
214 265 1
168 248 1
145 163 1
251 267 1
52 110 1
136 269 1
54 212 1
88 240 1
18 110 1
71 112 1
181 262 1
196 252 1
90 232 1
119 146 1
100 180 1
241 251 1
119 143 1
140 213 1
182 189 1
8 234 1
20 175 1
104 228 1
68 232 1
66 69 1
85 181 1
136 143 1
44 264 1
11 63 1
208 221 1
129 197 1
256 264 1
162 259 1
99 123 1
123 182 1
8 164 1
17 63 1
27 120 1
167 258 1
113 188 1
149 200 1
170 212 1
16 213 1
78 230 1
23 100 1
106 162 1
28 96 1
86 257 1
11 86 1
11 232 1
267 273 1
18 160 1
196 212 1
4 104 1
56 68 1
93 255 1
217 262 1
69 109 1
76 146 1
64 176 1
45 102 1
140 158 1
129 243 1
140 273 1
53 229 1
27 196 1
103 196 1
40 80 1
116 236 1
143 171 1
112 180 1
28 273 1
98 248 1
107 173 1
170 270 1
39 225 1
107 271 1
2 178 1
52 227 1
4 18 1
5 44 1
77 108 1
33 116 1
24 231 1
43 145 1
4 50 1
154 183 1
47 251 1
153 155 1
25 26 1
127 199 1
64 72 1
110 118 1
61 73 1
90 169 1
50 217 1
10 18 1
34 125 1
50 57 1
72 232 1
235 251 1
121 129 1
19 44 1
50 256 1
158 197 1
75 272 1
9 15 1
68 270 1
17 132 1
56 177 1
106 272 1
104 267 1
14 166 1
92 116 1
73 223 1
163 198 1
8 184 1
52 203 1
32 52 1
125 252 1
66 204 1
74 273 1
69 227 1
1 234 1
128 217 1
108 272 1
39 208 1
122 201 1
69 130 1
18 273 1
58 143 1
177 194 1
105 260 1
103 114 1
45 106 1
42 104 1
119 259 1
46 64 1
87 156 1
215 216 1
89 249 1
59 199 1
45 127 1
256 259 1
133 265 1
10 150 1
52 190 1
33 182 1
139 165 1
83 227 1
222 242 1
164 218 1
30 162 1
102 196 1
121 170 1
44 190 1
41 228 1
88 241 1
200 220 1
11 116 1
196 251 1
62 160 1
103 254 1
23 82 1
141 185 1
5 28 1
29 66 1
34 102 1
31 44 1
233 271 1
74 100 1
150 191 1
187 200 1
23 131 1
15 124 1
141 251 1
80 210 1
135 189 1
35 182 1
147 244 1
52 175 1
81 125 1
117 158 1
161 182 1
65 177 1
15 270 1
1 22 1
64 206 1
98 105 1
71 221 1
119 211 1
73 206 1
84 167 1
226 271 1
118 142 1
18 194 1
43 193 1
35 250 1
77 156 1
72 141 1
209 218 1
86 155 1
116 237 1
149 213 1
218 219 1
35 62 1
31 259 1
144 198 1
68 139 1
148 185 1
5 218 1
75 79 1
53 137 1
90 261 1
57 85 1
18 230 1
151 261 1
103 267 1
100 128 1
42 204 1
116 223 1
254 255 1
53 166 1
77 138 1
20 228 1
19 183 1
32 94 1
79 236 1
121 197 1
12 227 1
162 215 1
194 212 1
30 188 1
199 234 1
107 146 1
86 226 1
49 124 1
53 86 1
92 223 1
44 129 1
24 242 1
212 226 1
55 63 1
15 175 1
26 260 1
76 126 1
65 215 1
94 146 1
4 69 1
110 204 1
92 154 1
196 215 1
6 80 1
145 171 1
105 273 1
91 224 1
41 174 1
160 228 1
175 256 1
5 240 1
18 192 1
62 98 1
102 264 1
8 192 1
99 211 1
8 223 1
27 190 1
59 165 1
74 147 1
164 209 1
95 107 1
81 254 1
59 61 1
30 215 1
107 177 1
93 222 1
1 44 1
32 264 1
22 191 1
58 110 1
5 14 1
80 117 1
159 183 1
139 256 1
30 224 1
21 124 1
55 101 1
254 265 1
9 162 1
205 215 1
28 267 1
144 185 1
93 223 1
133 245 1
8 190 1
21 79 1
71 72 1
252 253 1
115 230 1
110 136 1
130 215 1
107 267 1
136 145 1
217 275 1
85 143 1
244 269 1
11 68 1
86 143 1
37 245 1
209 267 1
4 142 1
64 118 1
133 170 1
110 242 1
31 49 1
43 248 1
195 232 1
34 55 1
101 185 1
62 148 1
52 116 1
207 215 1
60 169 1
82 97 1
138 168 1
4 88 1
151 171 1
122 181 1
198 231 1
105 147 1
156 272 1
75 147 1
58 228 1
6 205 1
153 242 1
171 267 1
145 198 1
110 205 1
68 92 1
26 229 1
235 265 1
8 233 1
18 231 1
188 215 1
59 63 1
44 218 1
67 207 1
36 170 1
124 175 1
241 243 1
53 232 1
74 138 1
154 247 1
3 122 1
39 180 1
76 274 1
170 185 1
6 64 1
140 193 1
3 79 1
128 198 1
21 212 1
190 264 1
247 265 1
89 242 1
19 232 1
45 94 1
76 92 1
217 247 1
132 197 1
149 151 1
7 197 1
12 58 1
74 260 1
81 262 1
86 152 1
50 61 1
50 174 1
22 239 1
82 191 1
111 147 1
32 252 1
117 221 1
107 210 1
181 192 1
66 219 1
54 73 1
141 264 1
125 236 1
62 194 1
91 264 1
4 49 1
54 140 1
250 255 1
75 165 1
62 185 1
38 188 1
181 217 1
200 258 1
51 115 1
181 257 1
36 270 1
135 253 1
176 213 1
136 237 1
124 131 1
11 52 1
50 68 1
24 216 1
16 48 1
66 109 1
77 130 1
23 170 1
36 158 1
95 150 1
76 208 1
55 202 1
184 263 1
163 213 1
74 274 1
2 129 1
17 123 1
232 273 1
24 197 1
124 241 1
182 201 1
95 204 1
95 130 1
66 86 1
157 171 1
142 211 1
6 97 1
120 187 1
46 270 1
137 199 1
123 210 1
5 16 1
154 210 1
110 125 1
75 248 1
75 256 1
46 173 1
62 145 1
53 147 1
209 210 1
42 228 1
16 21 1
17 234 1
79 156 1
11 215 1
134 231 1
26 235 1
27 114 1
65 221 1
20 275 1
49 198 1
218 259 1
193 270 1
7 128 1
201 203 1
223 232 1
93 190 1
171 240 1
222 250 1
177 262 1
14 163 1
4 124 1
69 189 1
65 68 1
241 265 1
114 183 1
125 183 1
132 177 1
187 256 1
57 144 1
80 149 1
196 210 1
157 196 1
48 182 1
32 210 1
70 223 1
71 193 1
226 260 1
139 171 1
104 201 1
37 39 1
11 162 1
64 222 1
18 133 1
44 226 1
1 123 1
88 251 1
171 196 1
243 244 1
55 229 1
23 151 1
3 222 1
93 105 1
83 231 1
8 275 1
37 59 1
69 199 1
75 145 1
92 132 1
52 154 1
32 194 1
51 169 1
119 246 1
216 239 1
18 241 1
172 191 1
8 187 1
2 146 1
153 238 1
153 173 1
66 76 1
140 241 1
97 249 1
108 128 1
26 177 1
36 228 1
71 154 1
11 75 1
117 165 1
11 179 1
130 247 1
183 193 1
131 184 1
63 94 1
61 92 1
127 143 1
45 261 1
18 143 1
234 251 1
13 145 1
1 57 1
117 224 1
191 210 1
203 234 1
138 232 1
86 91 1
109 273 1
155 239 1
58 94 1
209 270 1
63 77 1
259 273 1
141 214 1
1 49 1
23 116 1
61 268 1
79 177 1
166 216 1
175 245 1
93 201 1
183 189 1
164 174 1
43 57 1
114 137 1
137 223 1
76 109 1
176 258 1
59 114 1
59 123 1
115 162 1
223 233 1
37 260 1
1 200 1
79 245 1
48 251 1
41 171 1
59 108 1
164 214 1
101 228 1
114 155 1
140 175 1
66 227 1
122 124 1
65 245 1
60 103 1
17 84 1
68 202 1
203 205 1
8 145 1
172 272 1
56 67 1
38 163 1
2 128 1
51 255 1
80 82 1
131 245 1
36 221 1
68 82 1
23 159 1
37 218 1
126 272 1
52 235 1
41 217 1
238 254 1
28 49 1
104 234 1
148 246 1
143 248 1
1 70 1
227 232 1
152 196 1
88 97 1
46 108 1
164 267 1
69 77 1
86 194 1
74 197 1
122 167 1
101 238 1
11 129 1
5 239 1
250 266 1
10 264 1
141 222 1
79 173 1
