1 57 2
1 70 2
1 234 2
2 66 2
2 128 2
2 129 2
3 122 2
3 222 2
4 49 2
4 88 2
4 104 2
4 124 2
4 142 2
4 234 2
5 28 2
5 218 2
5 239 2
5 240 2
6 12 2
6 64 2
6 80 2
6 205 2
6 268 2
6 274 2
7 77 2
7 197 2
7 242 2
8 138 2
8 164 2
8 184 2
8 187 2
8 190 2
8 192 2
8 275 2
9 15 2
9 162 2
10 150 2
11 52 2
11 63 2
11 68 2
11 86 2
11 116 2
11 129 2
11 179 2
11 215 2
11 232 2
12 74 2
12 227 2
12 260 2
14 166 2
15 175 2
16 48 2
17 132 2
18 110 2
18 133 2
18 143 2
18 160 2
18 194 2
18 273 2
19 183 2
19 198 2
20 175 2
20 193 2
21 79 2
21 124 2
21 131 2
21 212 2
22 191 2
23 100 2
23 131 2
24 216 2
24 231 2
24 242 2
25 26 2
26 177 2
26 235 2
26 260 2
27 190 2
27 196 2
28 36 2
29 66 2
30 188 2
30 215 2
30 224 2
31 44 2
32 69 2
32 194 2
32 245 2
32 252 2
32 264 2
34 55 2
34 125 2
34 223 2
35 250 2
36 143 2
36 158 2
36 170 2
37 39 2
37 59 2
38 163 2
38 188 2
39 225 2
40 80 2
41 174 2
43 193 2
43 226 2
44 129 2
44 226 2
44 264 2
45 106 2
45 261 2
46 108 2
46 173 2
47 251 2
48 182 2
49 198 2
50 61 2
50 174 2
50 217 2
51 115 2
51 255 2
52 110 2
52 175 2
52 203 2
52 235 2
53 86 2
53 147 2
53 229 2
53 232 2
54 73 2
54 271 2
55 101 2
55 111 2
56 70 2
56 177 2
57 144 2
58 110 2
58 143 2
59 63 2
59 108 2
59 114 2
59 123 2
59 165 2
59 199 2
60 169 2
61 73 2
61 160 2
61 268 2
62 98 2
62 148 2
63 77 2
64 222 2
65 221 2
65 222 2
66 76 2
66 86 2
66 204 2
66 219 2
67 207 2
68 139 2
68 202 2
68 232 2
68 270 2
69 77 2
69 189 2
69 199 2
69 202 2
71 72 2
71 112 2
71 154 2
71 193 2
73 206 2
74 100 2
74 147 2
74 205 2
74 260 2
75 145 2
75 147 2
75 165 2
75 248 2
75 256 2
76 109 2
76 146 2
76 195 2
76 235 2
76 274 2
77 108 2
77 130 2
77 138 2
77 156 2
77 182 2
77 197 2
78 230 2
79 156 2
79 161 2
79 219 2
80 183 2
80 210 2
81 254 2
81 262 2
82 274 2
84 167 2
84 187 2
85 143 2
85 164 2
85 181 2
86 155 2
86 194 2
86 209 2
86 226 2
86 257 2
87 156 2
88 240 2
89 242 2
89 249 2
90 169 2
90 261 2
91 152 2
91 263 2
92 132 2
92 223 2
93 190 2
93 222 2
93 223 2
94 182 2
97 249 2
98 105 2
98 248 2
98 270 2
100 128 2
101 238 2
103 114 2
103 214 2
103 245 2
104 138 2
104 165 2
104 185 2
104 201 2
104 267 2
105 147 2
105 260 2
105 273 2
107 173 2
107 206 2
107 267 2
107 271 2
110 118 2
110 242 2
111 147 2
113 120 2
113 196 2
114 121 2
114 146 2
114 183 2
116 236 2
116 237 2
117 165 2
117 224 2
119 143 2
119 259 2
120 187 2
121 129 2
121 170 2
121 210 2
122 124 2
122 167 2
123 182 2
124 241 2
125 236 2
125 252 2
127 199 2
129 243 2
130 215 2
131 269 2
132 177 2
132 197 2
133 170 2
133 245 2
135 189 2
136 143 2
136 269 2
137 175 2
137 223 2
138 168 2
138 209 2
138 232 2
139 256 2
140 175 2
140 273 2
141 185 2
141 214 2
145 163 2
145 198 2
145 206 2
147 244 2
148 185 2
148 246 2
149 151 2
149 200 2
149 213 2
150 191 2
151 182 2
151 242 2
153 155 2
153 238 2
153 242 2
154 247 2
155 239 2
156 272 2
157 171 2
157 187 2
157 196 2
157 221 2
158 197 2
159 183 2
163 198 2
163 213 2
164 174 2
164 209 2
164 214 2
164 267 2
170 185 2
171 196 2
171 240 2
171 267 2
172 191 2
172 272 2
176 252 2
177 194 2
177 262 2
179 268 2
181 192 2
182 189 2
182 201 2
183 189 2
183 193 2
187 200 2
187 256 2
189 231 2
190 198 2
190 264 2
192 217 2
194 212 2
195 232 2
196 212 2
196 215 2
198 231 2
199 234 2
200 220 2
201 203 2
203 205 2
204 234 2
205 215 2
207 256 2
208 221 2
208 275 2
209 267 2
212 226 2
214 265 2
217 247 2
218 219 2
221 250 2
222 250 2
227 232 2
227 244 2
228 234 2
233 271 2
234 251 2
235 251 2
235 265 2
243 244 2
250 255 2
250 266 2
252 253 2
254 255 2
254 265 2
256 259 2
267 273 2
116 117 2
118 206 2
189 290 2
178 219 2
116 206 2
174 196 2
2 179 2
3 88 2
2 46 2
31 47 2
119 232 2
51 297 2
164 199 2
133 283 2
88 196 2
10 54 2
203 259 2
89 125 2
246 300 2
3 147 2
114 199 2
16 113 2
18 73 2
116 200 2
17 244 2
147 249 2
60 139 2
221 299 2
33 127 2
201 229 2
215 254 2
113 236 2
58 208 2
151 201 2
56 202 2
167 297 2
10 98 2
170 279 2
26 176 2
42 284 2
115 128 2
175 288 2
266 285 2
91 296 2
109 292 2
19 222 2
155 241 2
131 147 2
28 211 2
264 295 2
229 288 2
24 128 2
104 295 2
16 191 2
172 277 2
58 89 2
43 297 2
258 261 2
23 50 2
130 252 2
37 169 2
146 275 2
22 277 2
117 230 2
2 108 2
191 230 2
16 93 2
83 251 2
117 137 2
91 99 2
5 156 2
177 301 2
136 196 2
217 255 2
183 204 2
44 219 2
68 187 2
89 189 2
4 161 2
14 160 2
111 204 2
85 201 2
33 217 2
31 283 2
79 170 2
119 174 2
232 296 2
126 170 2
122 129 2
9 38 2
89 225 2
111 265 2
124 175 2
112 189 2
222 281 2
64 88 2
3 120 2
94 99 2
31 261 2
150 177 2
107 130 2
143 300 2
230 271 2
117 267 2
136 277 2
41 197 2
5 94 2
117 124 2
103 280 2
34 66 2
152 164 2
66 257 2
96 250 2
122 216 2
43 245 2
85 228 2
38 153 2
51 155 2
23 115 2
155 288 2
207 219 2
156 224 2
279 298 2
36 276 2
67 77 2
37 240 2
100 218 2
163 193 2
104 195 2
136 285 2
144 208 2
182 218 2
59 267 2
32 171 2
17 289 2
22 206 2
177 221 2
125 216 2
153 160 2
187 228 2
223 224 2
140 163 2
18 51 2
211 302 2
154 282 2
44 298 2
188 259 2
175 244 2
206 223 2
112 210 2
133 220 2
113 138 2
7 237 2
49 158 2
92 236 2
13 81 2
154 243 2
150 172 2
148 294 2
80 143 2
123 127 2
10 138 2
8 79 2
251 302 2
61 211 2
128 207 2
17 191 2
196 263 2
8 251 2
38 49 2
48 94 2
67 196 2
56 265 2
39 40 2
165 199 2
32 162 2
173 239 2
38 121 2
236 248 2
140 179 2
68 72 2
32 154 2
100 261 2
7 39 2
135 279 2
133 180 2
71 199 2
31 73 2
111 253 2
71 147 2
230 274 2
142 176 2
164 213 2
95 262 2
137 159 2
230 234 2
83 204 2
160 259 2
180 296 2
10 166 2
272 298 2
38 190 2
192 260 2
67 142 2
67 137 2
38 288 2
62 162 2
177 226 2
72 136 2
18 228 2
250 270 2
155 169 2
28 112 2
26 206 2
105 191 2
74 215 2
100 184 2
74 110 2
56 176 2
122 213 2
8 199 2
69 157 2
31 56 2
127 292 2
6 164 2
53 132 2
205 253 2
278 300 2
14 24 2
116 181 2
92 212 2
92 188 2
189 297 2
165 244 2
73 170 2
61 177 2
217 271 2
24 243 2
231 247 2
109 149 2
199 236 2
184 240 2
101 235 2
113 159 2
36 256 2
166 228 2
113 125 2
9 255 2
105 117 2
253 274 2
11 189 2
146 156 2
87 228 2
170 177 2
13 21 2
248 278 2
213 217 2
16 127 2
146 285 2
99 126 2
16 49 2
140 262 2
160 214 2
149 264 2
26 97 2
213 236 2
77 105 2
28 66 2
161 240 2
173 198 2
171 261 2
116 175 2
82 242 2
188 227 2
9 223 2
23 238 2
58 285 2
74 217 2
194 220 2
178 220 2
12 109 2
116 130 2
186 193 2
44 142 2
35 130 2
86 217 2
30 205 2
259 286 2
144 270 2
190 210 2
151 231 2
123 208 2
196 211 2
102 120 2
113 295 2
19 124 2
102 146 2
238 287 2
36 77 2
26 164 2
111 240 2
13 247 2
203 268 2
235 297 2
43 204 2
122 193 2
130 244 2
38 96 2
136 215 2
138 246 2
154 205 2
4 68 2
1 300 2
31 288 2
10 75 2
185 192 2
137 249 2
195 214 2
37 187 2
79 146 2
87 265 2
216 269 2
62 205 2
36 252 2
85 274 2
177 281 2
44 238 2
178 233 2
44 164 2
118 262 2
151 171 2
117 300 2
191 285 2
20 29 2
75 172 2
96 161 2
61 133 2
33 73 2
22 120 2
68 92 2
46 104 2
39 266 2
90 139 2
133 270 2
229 300 2
168 249 2
75 246 2
9 134 2
75 207 2
168 180 2
8 63 2
135 228 2
40 46 2
107 154 2
135 257 2
96 153 2
242 296 2
234 261 2
70 232 2
16 185 2
95 259 2
77 260 2
12 89 2
84 85 2
263 295 2
56 252 2
177 270 2
42 220 2
50 114 2
264 296 2
145 287 2
75 201 2
245 271 2
2 127 2
96 284 2
82 241 2
91 171 2
28 253 2
18 175 2
124 213 2
73 179 2
261 298 2
184 214 2
295 300 2
263 293 2
104 257 2
153 276 2
178 218 2
121 177 2
41 101 2
120 272 2
37 140 2
62 210 2
82 91 2
80 301 2
150 203 2
177 197 2
56 106 2
103 106 2
49 66 2
1 92 2
65 167 2
40 153 2
272 280 2
18 216 2
70 184 2
106 135 2
21 43 2
109 166 2
122 245 2
21 108 2
90 282 2
196 217 2
20 34 2
82 296 2
82 250 2
147 234 2
123 289 2
138 270 2
82 273 2
72 100 2
13 237 2
132 209 2
12 177 2
152 266 2
66 291 2
22 157 2
83 151 2
103 166 2
182 231 2
76 111 2
95 114 2
12 196 2
31 295 2
72 282 2
1 51 2
11 172 2
78 285 2
143 159 2
87 294 2
75 120 2
56 277 2
95 138 2
123 197 2
51 301 2
77 107 2
124 188 2
17 202 2
192 197 2
46 176 2
46 264 2
131 224 2
57 206 2
197 206 2
60 292 2
180 188 2
62 241 2
152 156 2
77 272 2
49 73 2
18 123 2
140 180 2
8 77 2
154 204 2
199 268 2
76 227 2
243 297 2
53 297 2
201 258 2
189 258 2
74 245 2
5 133 2
13 282 2
87 158 2
206 249 2
157 265 2
26 34 2
31 102 2
110 253 2
74 235 2
6 148 2
88 298 2
49 302 2
80 198 2
4 268 2
154 249 2
37 284 2
106 264 2
131 210 2
8 288 2
33 172 2
17 271 2
62 125 2
222 294 2
65 198 2
193 299 2
150 298 2
229 239 2
192 243 2
41 192 2
22 133 2
273 285 2
101 236 2
191 243 2
58 84 2
101 274 2
27 33 2
225 246 2
24 118 2
8 18 2
6 157 2
11 245 2
81 202 2
183 272 2
65 242 2
195 264 2
165 197 2
130 264 2
45 69 2
40 188 2
143 212 2
65 70 2
93 153 2
160 180 2
110 186 2
12 118 2
90 128 2
6 18 2
59 257 2
70 251 2
218 266 2
112 158 2
71 91 2
159 287 2
