1 51 3
1 57 3
1 70 3
1 92 3
1 300 3
2 46 3
2 108 3
2 127 3
2 128 3
2 129 3
2 179 3
3 88 3
3 120 3
3 122 3
3 147 3
4 49 3
4 68 3
4 234 3
4 268 3
5 28 3
5 156 3
5 239 3
6 64 3
6 80 3
6 148 3
6 157 3
6 164 3
6 268 3
7 77 3
8 18 3
8 63 3
8 138 3
8 164 3
8 184 3
8 187 3
8 190 3
8 199 3
8 251 3
9 15 3
9 38 3
9 223 3
10 54 3
10 98 3
11 63 3
11 116 3
11 129 3
11 232 3
11 245 3
12 74 3
12 118 3
12 227 3
12 260 3
13 237 3
13 247 3
14 24 3
14 160 3
15 175 3
16 48 3
16 113 3
16 185 3
17 191 3
18 51 3
18 73 3
18 143 3
18 160 3
18 216 3
19 183 3
19 198 3
20 29 3
20 34 3
20 193 3
21 79 3
21 108 3
21 124 3
21 212 3
22 120 3
22 191 3
22 206 3
22 277 3
23 50 3
23 100 3
23 115 3
24 118 3
24 216 3
24 242 3
24 243 3
26 97 3
26 164 3
26 177 3
26 206 3
26 235 3
26 260 3
27 190 3
27 196 3
28 36 3
28 112 3
28 211 3
30 188 3
30 224 3
31 56 3
31 73 3
31 261 3
31 295 3
32 162 3
32 194 3
32 252 3
33 172 3
34 55 3
34 125 3
34 223 3
35 130 3
36 143 3
36 170 3
36 276 3
37 59 3
37 140 3
37 187 3
37 284 3
38 96 3
38 121 3
38 153 3
38 190 3
38 288 3
39 40 3
39 225 3
40 80 3
40 153 3
41 101 3
41 197 3
43 193 3
44 129 3
44 164 3
44 219 3
44 226 3
44 238 3
44 264 3
45 69 3
45 261 3
46 104 3
46 108 3
47 251 3
48 182 3
49 66 3
49 73 3
49 158 3
50 114 3
50 217 3
51 115 3
51 255 3
53 132 3
53 147 3
53 232 3
53 297 3
55 101 3
56 70 3
56 106 3
56 177 3
56 202 3
56 252 3
56 277 3
58 89 3
58 110 3
59 63 3
59 108 3
59 123 3
59 165 3
59 257 3
59 267 3
60 139 3
61 73 3
62 125 3
62 148 3
62 210 3
64 88 3
64 222 3
65 222 3
65 242 3
66 76 3
66 204 3
66 257 3
66 291 3
67 77 3
67 142 3
67 196 3
68 187 3
68 270 3
69 157 3
69 199 3
71 112 3
71 193 3
71 199 3
72 100 3
72 136 3
72 282 3
73 179 3
73 206 3
74 110 3
74 215 3
74 235 3
74 245 3
74 260 3
75 120 3
75 147 3
75 165 3
75 201 3
75 246 3
75 256 3
76 111 3
76 146 3
76 274 3
77 107 3
77 108 3
77 130 3
77 138 3
77 197 3
77 272 3
78 230 3
79 146 3
79 156 3
79 161 3
80 143 3
80 301 3
81 254 3
81 262 3
82 91 3
82 241 3
82 242 3
82 274 3
83 151 3
83 204 3
83 251 3
84 85 3
84 167 3
85 228 3
86 155 3
86 194 3
86 257 3
87 158 3
87 265 3
87 294 3
89 189 3
89 242 3
89 249 3
90 169 3
90 261 3
90 282 3
92 132 3
92 212 3
92 236 3
93 190 3
93 223 3
94 182 3
95 138 3
95 259 3
95 262 3
96 161 3
96 284 3
97 249 3
98 270 3
100 184 3
101 235 3
101 274 3
102 120 3
103 106 3
103 114 3
103 245 3
104 138 3
104 165 3
104 195 3
104 201 3
104 257 3
104 267 3
105 147 3
105 260 3
105 273 3
106 264 3
107 130 3
107 173 3
107 206 3
109 166 3
110 186 3
110 242 3
110 253 3
111 204 3
111 240 3
111 253 3
112 189 3
112 210 3
113 120 3
113 236 3
113 295 3
114 121 3
114 146 3
114 199 3
115 128 3
116 130 3
116 200 3
116 206 3
117 165 3
117 230 3
117 267 3
118 262 3
119 143 3
119 232 3
120 187 3
120 272 3
121 177 3
122 129 3
122 167 3
122 213 3
123 197 3
124 213 3
124 241 3
125 236 3
127 292 3
128 207 3
129 243 3
131 147 3
131 210 3
131 269 3
132 177 3
133 170 3
133 180 3
133 245 3
133 270 3
135 228 3
135 257 3
135 279 3
136 143 3
136 215 3
137 223 3
137 249 3
138 246 3
138 270 3
140 175 3
140 180 3
140 262 3
140 273 3
142 176 3
143 159 3
143 300 3
146 275 3
147 234 3
148 185 3
148 246 3
149 151 3
150 172 3
150 177 3
150 298 3
151 171 3
151 242 3
153 155 3
153 160 3
153 242 3
153 276 3
154 204 3
154 205 3
154 247 3
155 239 3
156 272 3
157 187 3
157 196 3
159 183 3
159 287 3
160 180 3
160 259 3
161 240 3
163 193 3
163 198 3
163 213 3
164 209 3
165 199 3
166 228 3
170 279 3
172 272 3
173 198 3
177 197 3
177 221 3
177 226 3
177 270 3
177 281 3
177 301 3
178 219 3
178 233 3
179 268 3
180 296 3
181 192 3
182 189 3
182 218 3
182 231 3
183 189 3
185 192 3
186 193 3
187 200 3
187 228 3
187 256 3
188 259 3
189 258 3
189 290 3
190 198 3
190 210 3
191 243 3
191 285 3
192 217 3
193 299 3
194 212 3
196 211 3
196 212 3
196 217 3
197 206 3
198 231 3
199 236 3
199 268 3
200 220 3
201 258 3
203 259 3
204 234 3
206 223 3
206 249 3
207 256 3
208 221 3
208 275 3
209 267 3
211 302 3
213 236 3
214 265 3
215 254 3
217 247 3
218 266 3
221 250 3
221 299 3
227 232 3
227 244 3
229 288 3
229 300 3
230 271 3
230 274 3
231 247 3
234 251 3
235 265 3
238 287 3
242 296 3
243 244 3
250 255 3
252 253 3
253 274 3
256 259 3
259 286 3
263 295 3
264 295 3
266 285 3
272 280 3
273 285 3
278 300 3
279 298 3
12 214 3
114 247 3
40 278 3
73 204 3
159 313 3
11 115 3
89 109 3
173 203 3
87 289 3
67 143 3
244 327 3
180 287 3
96 277 3
37 57 3
43 124 3
56 265 3
257 299 3
122 302 3
6 93 3
194 238 3
204 252 3
20 28 3
113 213 3
89 150 3
119 137 3
113 231 3
186 300 3
245 292 3
201 268 3
201 245 3
54 311 3
155 300 3
20 189 3
276 277 3
137 282 3
183 201 3
122 260 3
140 148 3
234 298 3
21 148 3
22 47 3
53 321 3
13 152 3
20 153 3
22 200 3
98 264 3
75 151 3
14 252 3
8 195 3
289 290 3
60 251 3
99 157 3
182 224 3
83 158 3
109 306 3
23 130 3
76 272 3
11 119 3
8 271 3
30 207 3
212 214 3
206 305 3
144 284 3
219 291 3
97 259 3
97 167 3
156 243 3
115 257 3
135 273 3
243 260 3
166 282 3
25 41 3
79 277 3
35 204 3
269 316 3
69 331 3
117 303 3
69 274 3
34 81 3
279 292 3
97 114 3
252 309 3
24 91 3
78 97 3
24 31 3
116 321 3
281 305 3
140 170 3
174 279 3
41 135 3
39 158 3
203 274 3
65 261 3
215 262 3
65 209 3
161 174 3
150 322 3
265 332 3
11 191 3
119 251 3
199 286 3
65 181 3
128 141 3
199 205 3
100 322 3
66 280 3
54 328 3
38 162 3
204 256 3
113 198 3
73 197 3
45 233 3
293 307 3
12 331 3
158 225 3
10 11 3
110 111 3
75 158 3
171 194 3
30 270 3
96 103 3
76 217 3
47 91 3
113 214 3
222 310 3
294 326 3
38 94 3
115 306 3
46 265 3
157 305 3
123 234 3
88 233 3
12 162 3
102 311 3
8 275 3
39 45 3
23 175 3
33 40 3
141 152 3
30 246 3
129 239 3
223 244 3
197 278 3
129 196 3
88 243 3
33 205 3
292 322 3
185 253 3
42 163 3
22 316 3
91 312 3
113 281 3
154 320 3
66 215 3
140 311 3
188 244 3
138 155 3
2 330 3
20 194 3
50 262 3
201 254 3
190 214 3
67 214 3
30 255 3
149 303 3
158 239 3
26 282 3
24 272 3
5 266 3
238 325 3
69 235 3
40 180 3
178 224 3
41 163 3
90 291 3
79 93 3
264 306 3
145 269 3
218 292 3
109 319 3
144 189 3
138 267 3
90 126 3
23 81 3
50 318 3
15 285 3
55 114 3
198 324 3
211 285 3
28 89 3
40 294 3
168 225 3
289 305 3
241 275 3
1 97 3
7 268 3
96 235 3
61 315 3
111 118 3
52 221 3
195 315 3
165 306 3
60 296 3
7 258 3
52 140 3
47 219 3
32 312 3
242 321 3
151 204 3
183 205 3
167 189 3
60 69 3
40 284 3
304 321 3
70 112 3
40 52 3
125 306 3
278 285 3
88 123 3
139 211 3
177 262 3
214 278 3
107 156 3
28 202 3
52 257 3
92 152 3
161 211 3
80 112 3
170 303 3
21 240 3
2 60 3
211 307 3
104 156 3
111 179 3
58 199 3
128 170 3
115 234 3
9 310 3
130 221 3
76 102 3
77 262 3
156 206 3
43 293 3
47 313 3
48 202 3
1 293 3
275 316 3
41 156 3
22 95 3
18 264 3
70 252 3
298 330 3
106 149 3
73 128 3
149 171 3
148 167 3
78 273 3
243 290 3
235 289 3
25 271 3
151 256 3
25 118 3
134 180 3
148 159 3
122 176 3
79 191 3
15 296 3
163 188 3
70 235 3
160 235 3
51 302 3
48 327 3
162 237 3
65 258 3
113 116 3
89 288 3
113 266 3
74 319 3
152 212 3
135 253 3
133 327 3
111 262 3
97 219 3
86 92 3
41 247 3
12 245 3
136 159 3
298 311 3
236 315 3
30 95 3
19 38 3
51 284 3
44 150 3
271 281 3
73 195 3
109 202 3
205 232 3
38 221 3
38 50 3
79 306 3
139 216 3
10 19 3
297 320 3
200 316 3
224 265 3
242 294 3
222 264 3
114 291 3
304 307 3
169 240 3
109 296 3
88 278 3
235 260 3
298 309 3
202 284 3
44 87 3
8 305 3
106 225 3
9 292 3
92 183 3
194 305 3
13 83 3
46 237 3
42 131 3
17 201 3
220 232 3
165 309 3
236 319 3
215 319 3
121 191 3
12 277 3
56 302 3
16 236 3
247 311 3
92 118 3
50 140 3
44 94 3
95 135 3
31 94 3
3 313 3
65 169 3
52 55 3
51 175 3
55 242 3
106 259 3
67 234 3
76 222 3
249 306 3
137 287 3
65 276 3
4 158 3
19 239 3
213 332 3
135 301 3
151 233 3
286 297 3
8 239 3
16 209 3
102 177 3
264 280 3
250 283 3
26 182 3
18 139 3
195 331 3
304 315 3
58 228 3
140 296 3
166 272 3
134 216 3
36 75 3
28 204 3
110 332 3
268 287 3
239 308 3
112 170 3
62 176 3
25 87 3
7 145 3
5 294 3
8 186 3
65 319 3
47 81 3
246 281 3
84 318 3
299 312 3
119 171 3
38 259 3
200 213 3
106 305 3
85 189 3
195 284 3
66 201 3
73 308 3
14 189 3
273 329 3
42 236 3
42 257 3
202 205 3
107 207 3
174 208 3
87 246 3
13 264 3
131 284 3
146 176 3
157 254 3
19 260 3
205 246 3
100 220 3
153 318 3
234 288 3
93 250 3
137 269 3
211 258 3
86 142 3
33 269 3
119 179 3
110 183 3
51 54 3
160 196 3
229 316 3
77 117 3
241 255 3
62 322 3
8 227 3
128 146 3
53 185 3
82 263 3
110 143 3
142 268 3
80 114 3
180 182 3
143 151 3
235 303 3
14 51 3
51 206 3
48 127 3
116 211 3
109 219 3
242 262 3
22 58 3
55 74 3
137 162 3
4 191 3
272 279 3
1 278 3
100 305 3
116 127 3
250 281 3
6 184 3
211 332 3
46 154 3
32 259 3
162 287 3
11 250 3
197 271 3
171 320 3
12 149 3
227 268 3
8 174 3
127 260 3
39 99 3
166 279 3
197 214 3
114 219 3
33 300 3
18 121 3
79 196 3
152 160 3
170 266 3
158 260 3
25 192 3
226 251 3
47 233 3
12 173 3
51 80 3
27 271 3
73 216 3
143 249 3
110 211 3
148 202 3
150 280 3
263 301 3
1 107 3
196 290 3
138 186 3
210 273 3
167 329 3
49 295 3
60 319 3
135 319 3
110 325 3
245 265 3
75 317 3
82 116 3
104 283 3
253 263 3
114 230 3
141 256 3
99 114 3
39 299 3
236 312 3
97 152 3
66 145 3
114 304 3
168 204 3
234 290 3
80 222 3
66 317 3
147 216 3
100 319 3
97 282 3
159 246 3
63 300 3
89 96 3
128 318 3
63 221 3
27 79 3
12 292 3
223 325 3
14 315 3
160 273 3
159 247 3
82 313 3
63 298 3
127 162 3
144 204 3
31 32 3
14 309 3
66 250 3
110 235 3
92 113 3
43 59 3
2 170 3
312 322 3
304 326 3
73 325 3
164 240 3
151 166 3
140 214 3
131 186 3
254 295 3
249 326 3
226 284 3
121 260 3
211 289 3
23 243 3
48 65 3
137 301 3
210 318 3
36 311 3
28 181 3
265 303 3
122 187 3
98 246 3
148 255 3
100 217 3
16 69 3
131 273 3
58 161 3
39 61 3
4 14 3
201 313 3
89 320 3
117 306 3
72 298 3
147 204 3
95 99 3
286 331 3
96 216 3
138 199 3
218 243 3
274 311 3
72 154 3
171 314 3
129 232 3
62 273 3
141 155 3
42 142 3
78 150 3
149 239 3
168 261 3
1 259 3
121 136 3
239 274 3
104 193 3
45 134 3
83 198 3
126 173 3
99 254 3
72 291 3
226 236 3
20 277 3
169 288 3
275 322 3
91 283 3
132 228 3
148 258 3
298 310 3
172 283 3
125 143 3
89 275 3
197 277 3
206 322 3
118 224 3
163 189 3
183 318 3
263 290 3
125 210 3
160 199 3
61 211 3
109 162 3
113 278 3
280 322 3
175 222 3
78 291 3
167 283 3
280 284 3
31 175 3
60 277 3
16 314 3
66 198 3
191 195 3
58 322 3
22 125 3
72 153 3
105 233 3
261 302 3
128 265 3
108 292 3
17 289 3
66 103 3
240 266 3
2 306 3
216 286 3
151 278 3
263 267 3
17 46 3
125 258 3
23 66 3
50 94 3
74 138 3
246 318 3
44 179 3
113 255 3
130 206 3
191 211 3
118 232 3
