1 13 3
1 23 3
1 231 3
2 22 3
2 262 3
2 280 3
3 96 3
3 176 3
3 198 3
3 223 3
4 148 3
5 87 3
5 141 3
5 245 3
5 250 3
5 259 3
6 13 3
6 205 3
6 226 3
7 85 3
7 249 3
8 9 3
8 70 3
8 84 3
9 105 3
9 187 3
9 251 3
9 270 3
10 11 3
10 35 3
10 41 3
10 84 3
11 33 3
11 105 3
11 156 3
12 76 3
12 78 3
13 65 3
13 69 3
13 75 3
13 157 3
13 242 3
13 273 3
14 210 3
14 213 3
15 219 3
16 141 3
16 206 3
16 265 3
17 173 3
17 265 3
18 67 3
19 81 3
19 208 3
20 72 3
20 137 3
21 84 3
21 122 3
21 159 3
21 272 3
22 115 3
22 137 3
22 153 3
23 99 3
24 61 3
24 87 3
24 181 3
24 188 3
24 208 3
24 251 3
25 40 3
25 85 3
25 137 3
25 141 3
25 156 3
25 164 3
25 199 3
25 267 3
26 54 3
26 114 3
26 176 3
27 269 3
28 111 3
28 154 3
28 184 3
28 243 3
28 247 3
29 143 3
29 241 3
30 33 3
30 88 3
31 105 3
31 190 3
32 185 3
32 191 3
33 130 3
33 213 3
33 253 3
34 68 3
34 255 3
34 271 3
35 43 3
35 87 3
35 142 3
35 229 3
35 261 3
35 281 3
36 189 3
37 72 3
37 97 3
38 53 3
38 128 3
38 262 3
40 153 3
40 210 3
40 245 3
40 270 3
41 46 3
41 188 3
42 242 3
43 91 3
43 191 3
43 204 3
43 257 3
43 280 3
44 197 3
44 244 3
44 258 3
45 177 3
45 191 3
45 205 3
45 251 3
46 149 3
46 163 3
46 281 3
47 124 3
47 174 3
48 57 3
48 70 3
48 133 3
48 214 3
48 263 3
49 67 3
49 93 3
49 243 3
49 293 3
50 66 3
50 295 3
51 216 3
52 140 3
55 122 3
55 149 3
55 215 3
56 173 3
57 100 3
57 229 3
57 262 3
57 269 3
57 271 3
58 61 3
58 72 3
58 187 3
58 232 3
59 85 3
60 107 3
60 127 3
60 155 3
60 238 3
60 246 3
61 114 3
61 147 3
61 199 3
62 208 3
62 233 3
63 80 3
63 115 3
63 261 3
64 131 3
64 238 3
64 248 3
65 118 3
65 167 3
65 175 3
66 176 3
66 192 3
66 201 3
66 228 3
66 291 3
67 158 3
67 209 3
68 127 3
68 226 3
69 116 3
69 159 3
69 208 3
69 225 3
69 262 3
69 298 3
70 212 3
70 233 3
70 235 3
70 258 3
71 121 3
71 148 3
71 183 3
71 189 3
71 194 3
71 203 3
72 248 3
73 246 3
73 260 3
74 162 3
74 239 3
74 241 3
75 77 3
75 115 3
75 193 3
75 219 3
76 101 3
76 104 3
76 186 3
76 209 3
77 86 3
77 87 3
77 138 3
78 122 3
78 210 3
78 216 3
81 94 3
83 89 3
83 174 3
83 184 3
83 299 3
83 300 3
84 93 3
84 157 3
85 110 3
85 154 3
85 194 3
86 127 3
86 136 3
86 165 3
86 177 3
86 197 3
86 214 3
86 233 3
86 243 3
87 151 3
87 248 3
88 109 3
88 160 3
88 166 3
89 164 3
90 152 3
90 167 3
90 260 3
90 280 3
91 161 3
92 236 3
92 272 3
92 274 3
93 159 3
93 190 3
94 265 3
96 194 3
96 202 3
96 237 3
97 100 3
97 125 3
97 135 3
97 230 3
97 255 3
97 260 3
97 270 3
98 106 3
98 194 3
98 219 3
98 281 3
99 202 3
99 279 3
100 145 3
100 165 3
100 211 3
100 235 3
101 122 3
101 157 3
101 209 3
101 221 3
102 179 3
103 151 3
103 202 3
103 208 3
103 244 3
104 115 3
104 201 3
104 241 3
105 113 3
105 211 3
105 227 3
106 116 3
106 166 3
106 214 3
107 208 3
108 112 3
108 135 3
108 284 3
109 137 3
109 187 3
111 189 3
112 207 3
112 224 3
113 188 3
113 232 3
114 205 3
115 124 3
115 138 3
116 171 3
117 139 3
117 181 3
118 183 3
118 273 3
119 281 3
120 186 3
120 216 3
120 261 3
120 274 3
121 220 3
121 289 3
122 150 3
122 267 3
122 287 3
123 183 3
123 259 3
123 268 3
124 297 3
125 214 3
125 269 3
125 280 3
126 147 3
127 213 3
127 297 3
128 154 3
128 225 3
128 251 3
129 141 3
129 224 3
129 229 3
130 166 3
131 259 3
131 287 3
133 225 3
134 149 3
134 180 3
134 247 3
136 137 3
136 206 3
137 233 3
137 254 3
137 292 3
139 152 3
139 173 3
139 201 3
139 233 3
139 272 3
140 156 3
140 269 3
140 281 3
141 152 3
141 209 3
142 254 3
143 144 3
143 190 3
144 167 3
146 163 3
147 154 3
147 215 3
148 177 3
149 269 3
150 189 3
150 256 3
150 283 3
151 211 3
151 241 3
152 186 3
152 196 3
152 233 3
152 247 3
154 229 3
154 231 3
154 235 3
155 204 3
155 293 3
156 204 3
157 285 3
159 255 3
160 291 3
161 239 3
164 300 3
165 202 3
165 220 3
165 265 3
166 267 3
167 240 3
169 195 3
169 283 3
169 289 3
170 187 3
170 190 3
170 220 3
171 216 3
171 300 3
172 173 3
174 253 3
176 265 3
177 249 3
177 257 3
177 260 3
177 299 3
181 194 3
182 228 3
183 218 3
185 232 3
185 287 3
187 189 3
188 243 3
188 272 3
189 199 3
191 280 3
192 198 3
193 244 3
193 260 3
195 285 3
196 218 3
197 224 3
197 298 3
198 199 3
198 218 3
198 271 3
199 259 3
199 267 3
203 252 3
203 270 3
204 207 3
204 248 3
204 294 3
206 213 3
207 264 3
207 272 3
207 299 3
210 227 3
211 230 3
211 241 3
211 267 3
213 249 3
215 221 3
215 234 3
216 232 3
216 289 3
221 258 3
234 250 3
238 275 3
240 278 3
241 282 3
242 267 3
243 270 3
246 254 3
246 281 3
250 298 3
251 260 3
265 269 3
266 268 3
274 279 3
275 285 3
293 299 3
93 313 3
150 216 3
95 171 3
216 264 3
139 168 3
102 108 3
117 315 3
121 154 3
239 313 3
29 222 3
285 313 3
62 164 3
136 296 3
74 228 3
274 301 3
248 254 3
132 313 3
151 323 3
206 226 3
2 313 3
110 264 3
12 203 3
42 250 3
70 104 3
4 59 3
22 222 3
66 237 3
59 278 3
133 219 3
27 48 3
60 260 3
99 302 3
245 330 3
96 332 3
27 145 3
29 147 3
40 247 3
18 288 3
41 209 3
25 188 3
296 298 3
281 329 3
203 274 3
7 255 3
34 80 3
59 222 3
213 241 3
29 210 3
124 153 3
209 217 3
70 157 3
32 316 3
196 301 3
191 325 3
9 135 3
180 224 3
101 176 3
173 223 3
38 179 3
117 145 3
132 286 3
12 176 3
194 204 3
222 266 3
18 247 3
151 316 3
175 182 3
220 290 3
78 150 3
78 202 3
49 213 3
233 301 3
141 145 3
43 182 3
107 320 3
119 298 3
60 61 3
131 254 3
264 272 3
98 187 3
209 257 3
2 303 3
106 221 3
181 255 3
50 218 3
18 252 3
19 221 3
163 170 3
29 212 3
12 268 3
229 318 3
46 55 3
105 290 3
219 221 3
44 325 3
172 239 3
240 250 3
143 275 3
48 323 3
118 185 3
37 292 3
203 310 3
40 257 3
140 206 3
151 172 3
141 157 3
48 195 3
122 257 3
219 260 3
65 182 3
253 303 3
22 90 3
164 210 3
32 177 3
74 149 3
11 30 3
70 111 3
235 282 3
141 296 3
27 108 3
68 78 3
32 297 3
96 328 3
146 168 3
67 87 3
196 257 3
170 208 3
41 243 3
25 70 3
130 196 3
126 221 3
79 251 3
195 234 3
3 201 3
197 227 3
110 194 3
61 294 3
78 209 3
144 157 3
44 223 3
220 230 3
6 68 3
46 96 3
40 310 3
35 93 3
89 175 3
167 218 3
68 214 3
3 184 3
33 108 3
298 321 3
43 93 3
198 249 3
186 241 3
59 84 3
65 129 3
71 144 3
30 48 3
183 317 3
61 271 3
79 278 3
25 172 3
13 278 3
281 305 3
80 116 3
81 313 3
73 321 3
124 186 3
229 242 3
14 300 3
62 232 3
284 302 3
125 234 3
270 307 3
218 330 3
165 296 3
190 275 3
56 141 3
28 122 3
89 237 3
28 321 3
268 318 3
29 313 3
41 222 3
177 306 3
77 110 3
36 313 3
46 160 3
134 235 3
19 55 3
219 232 3
95 235 3
210 328 3
117 235 3
157 243 3
22 104 3
151 259 3
39 131 3
79 207 3
51 273 3
53 302 3
8 127 3
93 202 3
4 87 3
61 327 3
22 147 3
176 200 3
115 161 3
305 315 3
50 232 3
145 173 3
153 295 3
19 112 3
13 225 3
110 285 3
82 275 3
174 322 3
44 89 3
82 96 3
47 328 3
156 320 3
62 275 3
84 142 3
56 58 3
124 209 3
105 268 3
49 178 3
150 319 3
163 289 3
66 211 3
115 153 3
68 209 3
76 142 3
143 252 3
171 298 3
59 247 3
120 285 3
109 288 3
166 262 3
12 305 3
36 42 3
10 161 3
213 310 3
89 328 3
75 175 3
142 279 3
8 51 3
217 302 3
151 308 3
187 209 3
59 142 3
248 250 3
15 97 3
84 278 3
45 70 3
230 313 3
55 114 3
50 127 3
202 267 3
196 256 3
29 122 3
257 331 3
129 142 3
199 220 3
37 74 3
75 178 3
52 243 3
15 66 3
7 18 3
263 328 3
63 244 3
117 225 3
20 25 3
146 166 3
9 206 3
154 262 3
130 186 3
152 179 3
247 291 3
45 283 3
40 284 3
3 48 3
63 282 3
208 321 3
251 332 3
62 204 3
16 82 3
35 264 3
160 172 3
101 192 3
233 242 3
206 304 3
88 121 3
52 262 3
71 133 3
91 119 3
136 292 3
44 101 3
20 168 3
291 294 3
44 82 3
179 306 3
69 261 3
30 160 3
8 142 3
180 241 3
51 54 3
58 132 3
62 174 3
109 164 3
120 194 3
202 249 3
79 222 3
166 292 3
174 242 3
124 323 3
18 137 3
89 125 3
119 278 3
205 285 3
52 180 3
113 230 3
25 245 3
118 207 3
226 235 3
87 282 3
151 274 3
256 273 3
41 135 3
106 282 3
150 308 3
32 192 3
167 280 3
32 77 3
281 318 3
165 236 3
17 252 3
277 314 3
188 261 3
154 314 3
11 263 3
160 284 3
3 82 3
122 224 3
138 250 3
33 71 3
67 262 3
65 153 3
61 129 3
7 9 3
180 279 3
23 261 3
44 203 3
26 36 3
46 276 3
104 288 3
37 250 3
106 141 3
78 163 3
58 68 3
44 196 3
180 249 3
46 196 3
219 240 3
160 248 3
26 226 3
95 248 3
139 206 3
39 242 3
164 314 3
39 207 3
85 124 3
76 111 3
73 265 3
242 273 3
136 141 3
57 286 3
69 315 3
102 142 3
181 288 3
57 101 3
72 127 3
268 332 3
130 306 3
161 213 3
251 292 3
79 246 3
263 322 3
183 319 3
47 173 3
46 318 3
103 221 3
114 125 3
282 321 3
7 225 3
19 89 3
25 330 3
127 271 3
19 330 3
205 259 3
97 306 3
53 85 3
11 74 3
235 249 3
75 256 3
162 295 3
40 317 3
154 302 3
109 251 3
62 254 3
151 177 3
174 192 3
50 95 3
12 220 3
66 69 3
42 217 3
163 301 3
14 93 3
249 294 3
9 218 3
223 243 3
47 283 3
207 268 3
104 236 3
85 186 3
31 77 3
235 268 3
124 249 3
12 318 3
261 306 3
65 77 3
15 159 3
29 33 3
251 326 3
197 259 3
107 131 3
69 97 3
57 196 3
32 80 3
19 218 3
95 165 3
168 319 3
282 291 3
236 267 3
84 222 3
160 219 3
148 175 3
45 180 3
123 296 3
93 319 3
142 144 3
93 211 3
70 240 3
74 272 3
92 149 3
77 233 3
164 186 3
55 220 3
43 122 3
12 242 3
69 126 3
230 273 3
243 274 3
40 285 3
132 157 3
191 299 3
204 275 3
103 177 3
170 273 3
89 294 3
38 261 3
34 322 3
129 201 3
88 242 3
171 329 3
173 296 3
318 322 3
228 236 3
184 275 3
8 101 3
291 326 3
189 306 3
70 162 3
102 291 3
87 111 3
20 129 3
40 249 3
48 148 3
158 238 3
251 296 3
201 281 3
24 240 3
91 97 3
197 218 3
19 211 3
155 324 3
237 319 3
197 314 3
6 220 3
164 227 3
55 266 3
80 122 3
158 313 3
27 277 3
76 147 3
225 315 3
170 321 3
307 326 3
12 105 3
106 260 3
92 255 3
156 164 3
89 289 3
125 270 3
99 328 3
123 327 3
104 221 3
152 167 3
227 300 3
192 234 3
130 323 3
43 101 3
205 298 3
71 306 3
52 148 3
135 162 3
38 304 3
224 267 3
268 282 3
124 197 3
34 246 3
174 191 3
11 269 3
236 261 3
157 162 3
116 152 3
117 248 3
141 240 3
187 212 3
269 289 3
14 260 3
157 306 3
114 175 3
92 237 3
39 46 3
87 139 3
67 160 3
236 322 3
5 148 3
110 300 3
40 277 3
4 200 3
86 191 3
79 294 3
12 47 3
221 272 3
2 169 3
35 180 3
158 325 3
145 307 3
142 284 3
61 301 3
270 303 3
227 234 3
267 305 3
178 308 3
54 263 3
52 86 3
52 224 3
32 63 3
151 324 3
26 285 3
110 251 3
18 63 3
5 160 3
65 266 3
48 124 3
172 287 3
129 182 3
21 73 3
36 171 3
2 21 3
60 165 3
53 122 3
116 296 3
69 193 3
111 241 3
98 259 3
22 173 3
6 27 3
87 305 3
150 293 3
145 198 3
137 142 3
97 218 3
213 307 3
105 328 3
134 164 3
80 107 3
195 206 3
66 70 3
183 311 3
176 201 3
157 268 3
82 222 3
214 228 3
31 54 3
118 189 3
228 250 3
113 255 3
15 149 3
119 246 3
64 299 3
143 283 3
73 76 3
63 258 3
108 141 3
236 293 3
117 308 3
91 198 3
118 305 3
93 171 3
201 255 3
151 209 3
51 119 3
133 183 3
16 199 3
183 251 3
