1 2 4
1 35 4
1 69 4
1 83 4
1 137 4
1 165 4
1 244 4
1 274 4
1 300 4
1 301 4
1 302 4
1 316 4
1 322 4
1 330 4
1 331 4
1 332 4
1 363 4
1 364 4
1 365 4
2 5 4
2 6 4
2 7 4
2 15 4
2 37 4
2 86 4
2 108 4
2 149 4
2 264 4
2 280 4
2 302 4
2 331 4
2 332 4
2 364 4
2 365 4
3 5 4
3 7 4
3 64 4
3 169 4
3 257 4
3 275 4
3 301 4
3 302 4
3 305 4
3 332 4
3 338 4
3 365 4
4 8 4
4 48 4
4 107 4
4 151 4
4 254 4
5 9 4
5 67 4
5 216 4
5 229 4
5 245 4
5 332 4
6 7 4
6 10 4
6 122 4
6 136 4
6 204 4
6 220 4
6 319 4
6 327 4
7 11 4
7 72 4
8 12 4
8 34 4
8 63 4
8 102 4
8 133 4
8 167 4
8 251 4
9 11 4
9 201 4
9 288 4
10 14 4
10 19 4
10 34 4
10 47 4
10 81 4
10 106 4
10 184 4
10 269 4
10 316 4
11 57 4
11 80 4
11 116 4
11 334 4
12 13 4
12 14 4
12 16 4
12 21 4
12 32 4
12 47 4
13 57 4
13 88 4
13 139 4
13 157 4
13 184 4
13 231 4
14 63 4
14 100 4
14 109 4
14 205 4
14 239 4
14 240 4
14 295 4
15 16 4
15 32 4
15 34 4
15 74 4
15 84 4
15 172 4
15 276 4
15 311 4
16 25 4
16 29 4
16 81 4
16 85 4
16 237 4
16 275 4
17 20 4
17 21 4
17 56 4
17 71 4
17 133 4
17 155 4
18 20 4
18 22 4
18 70 4
18 210 4
18 280 4
18 283 4
19 79 4
19 165 4
19 307 4
19 314 4
20 22 4
20 104 4
20 120 4
20 140 4
20 182 4
20 211 4
20 273 4
20 322 4
21 72 4
21 258 4
21 268 4
21 308 4
22 26 4
22 75 4
22 106 4
22 128 4
22 354 4
23 24 4
23 25 4
23 27 4
23 55 4
23 77 4
23 214 4
23 296 4
23 320 4
24 56 4
24 143 4
24 209 4
24 216 4
25 26 4
25 28 4
25 79 4
25 124 4
25 169 4
25 176 4
25 231 4
25 237 4
25 256 4
26 28 4
26 29 4
26 32 4
26 164 4
27 30 4
27 31 4
27 42 4
27 95 4
27 321 4
28 29 4
28 31 4
28 32 4
28 85 4
28 221 4
28 288 4
29 30 4
29 33 4
29 67 4
29 108 4
29 134 4
29 182 4
29 351 4
30 31 4
30 32 4
30 34 4
30 113 4
30 120 4
30 127 4
30 130 4
30 244 4
30 269 4
30 310 4
31 32 4
31 33 4
31 34 4
31 35 4
31 89 4
31 171 4
32 45 4
32 53 4
32 73 4
32 98 4
32 276 4
32 358 4
33 37 4
33 56 4
33 109 4
33 134 4
33 248 4
33 258 4
33 285 4
33 293 4
34 35 4
34 37 4
34 38 4
34 224 4
34 291 4
34 347 4
35 38 4
35 39 4
35 55 4
35 84 4
35 95 4
35 226 4
35 254 4
35 321 4
36 40 4
36 56 4
36 149 4
36 196 4
37 41 4
37 77 4
37 177 4
37 360 4
38 40 4
38 41 4
38 42 4
38 243 4
39 40 4
39 120 4
39 158 4
39 307 4
40 41 4
40 43 4
40 44 4
40 111 4
40 147 4
41 44 4
41 83 4
41 297 4
42 46 4
42 78 4
42 110 4
42 172 4
42 276 4
42 298 4
42 337 4
43 45 4
43 70 4
43 163 4
43 188 4
44 46 4
44 60 4
44 113 4
44 114 4
44 139 4
44 155 4
44 261 4
45 61 4
45 91 4
45 114 4
45 217 4
45 242 4
45 259 4
45 260 4
46 48 4
46 152 4
46 351 4
47 50 4
47 69 4
47 121 4
47 241 4
47 263 4
47 287 4
47 297 4
48 52 4
48 207 4
48 220 4
49 50 4
49 52 4
49 167 4
49 308 4
50 52 4
50 54 4
50 112 4
50 214 4
50 234 4
51 52 4
51 154 4
51 197 4
51 219 4
52 53 4
52 55 4
52 56 4
52 88 4
52 289 4
53 55 4
53 56 4
53 57 4
53 85 4
53 210 4
53 244 4
54 55 4
54 56 4
54 107 4
54 183 4
54 231 4
54 299 4
55 120 4
55 180 4
55 203 4
55 210 4
56 57 4
56 59 4
56 60 4
56 82 4
56 142 4
56 155 4
57 61 4
57 108 4
57 166 4
57 201 4
57 224 4
58 60 4
58 61 4
58 62 4
58 77 4
58 137 4
58 247 4
58 312 4
59 62 4
59 63 4
59 240 4
59 250 4
60 64 4
60 107 4
60 120 4
60 127 4
60 159 4
60 160 4
61 65 4
61 66 4
61 88 4
61 228 4
61 244 4
61 320 4
61 334 4
62 63 4
62 65 4
62 66 4
62 99 4
62 155 4
62 191 4
62 223 4
62 282 4
62 325 4
63 64 4
63 67 4
63 103 4
63 137 4
63 150 4
63 286 4
64 65 4
64 68 4
64 117 4
64 188 4
64 214 4
64 252 4
65 67 4
65 68 4
65 69 4
65 98 4
65 116 4
65 183 4
65 238 4
66 67 4
66 71 4
66 164 4
66 240 4
66 247 4
66 342 4
67 68 4
67 93 4
67 193 4
67 203 4
68 72 4
68 169 4
68 225 4
68 285 4
68 293 4
68 318 4
69 70 4
69 71 4
69 73 4
69 144 4
69 190 4
70 71 4
70 74 4
70 191 4
70 212 4
70 253 4
71 75 4
71 293 4
72 75 4
72 76 4
72 110 4
72 219 4
72 343 4
73 76 4
73 77 4
73 132 4
73 174 4
73 352 4
74 77 4
74 125 4
74 294 4
75 83 4
75 162 4
75 175 4
75 218 4
75 259 4
76 78 4
76 174 4
76 179 4
76 211 4
76 213 4
76 278 4
77 81 4
77 145 4
77 152 4
78 79 4
78 80 4
78 133 4
78 207 4
78 270 4
79 80 4
79 81 4
80 82 4
80 83 4
80 84 4
80 199 4
80 217 4
80 224 4
80 244 4
81 83 4
81 92 4
81 102 4
81 206 4
81 246 4
82 84 4
82 85 4
82 86 4
82 195 4
82 275 4
83 84 4
83 86 4
83 167 4
83 207 4
83 305 4
84 86 4
84 88 4
84 92 4
84 153 4
84 193 4
84 332 4
85 87 4
85 89 4
85 177 4
85 202 4
85 234 4
85 295 4
86 87 4
86 92 4
86 100 4
86 105 4
86 128 4
86 212 4
86 231 4
86 317 4
86 363 4
87 88 4
87 89 4
87 91 4
87 176 4
87 192 4
87 234 4
87 288 4
87 290 4
88 167 4
88 209 4
88 214 4
88 238 4
88 314 4
89 91 4
89 180 4
89 225 4
89 258 4
90 91 4
90 200 4
90 202 4
91 94 4
91 119 4
91 168 4
91 187 4
92 94 4
92 96 4
92 238 4
92 263 4
92 266 4
92 326 4
92 360 4
93 95 4
93 96 4
93 97 4
93 157 4
93 289 4
94 95 4
94 96 4
94 97 4
94 126 4
95 343 4
95 361 4
96 99 4
96 100 4
96 109 4
96 141 4
96 170 4
96 200 4
96 227 4
96 331 4
97 98 4
97 100 4
97 101 4
97 126 4
97 188 4
97 205 4
97 234 4
97 251 4
97 325 4
98 102 4
98 162 4
99 100 4
99 102 4
99 103 4
99 122 4
99 229 4
99 316 4
100 101 4
100 210 4
100 346 4
101 102 4
101 103 4
101 221 4
101 222 4
102 145 4
102 192 4
102 220 4
103 104 4
103 105 4
103 121 4
103 213 4
103 217 4
103 239 4
103 252 4
103 287 4
104 123 4
104 202 4
104 234 4
104 254 4
105 106 4
105 107 4
105 230 4
106 110 4
106 142 4
106 207 4
106 253 4
107 109 4
107 110 4
107 129 4
108 110 4
108 295 4
109 111 4
109 113 4
109 114 4
109 308 4
109 353 4
109 362 4
110 112 4
110 124 4
110 151 4
110 341 4
110 353 4
111 115 4
111 130 4
111 140 4
111 154 4
112 122 4
112 125 4
112 195 4
112 239 4
113 117 4
113 328 4
114 118 4
114 140 4
114 229 4
115 116 4
115 117 4
115 130 4
115 268 4
116 225 4
117 118 4
117 119 4
117 121 4
117 239 4
118 121 4
118 345 4
119 120 4
119 226 4
120 122 4
120 123 4
120 254 4
121 122 4
121 125 4
121 223 4
122 158 4
122 287 4
122 301 4
122 312 4
124 125 4
124 198 4
124 221 4
124 239 4
124 328 4
125 126 4
125 127 4
125 129 4
125 169 4
125 255 4
126 130 4
126 193 4
127 131 4
127 155 4
127 212 4
127 240 4
127 244 4
127 356 4
128 130 4
128 132 4
128 171 4
128 352 4
129 133 4
129 246 4
130 131 4
130 132 4
130 258 4
131 133 4
131 243 4
131 282 4
132 133 4
132 134 4
132 317 4
133 134 4
133 204 4
134 135 4
134 136 4
134 138 4
134 183 4
134 263 4
135 137 4
135 139 4
135 176 4
135 236 4
136 137 4
136 138 4
136 183 4
136 235 4
137 138 4
137 140 4
137 141 4
138 142 4
138 187 4
138 266 4
138 275 4
139 143 4
139 164 4
139 169 4
139 290 4
140 141 4
140 160 4
141 211 4
141 227 4
141 356 4
142 143 4
142 146 4
142 165 4
143 147 4
143 183 4
143 194 4
144 147 4
144 196 4
145 225 4
145 231 4
145 269 4
146 148 4
146 150 4
146 209 4
146 226 4
146 300 4
147 150 4
147 201 4
147 350 4
148 149 4
148 150 4
148 151 4
149 150 4
149 151 4
149 152 4
149 261 4
150 152 4
150 153 4
150 154 4
150 159 4
150 199 4
151 153 4
151 155 4
151 157 4
151 212 4
151 216 4
151 218 4
151 296 4
152 153 4
152 175 4
152 261 4
153 155 4
153 156 4
153 157 4
154 155 4
154 158 4
154 193 4
154 216 4
155 158 4
155 159 4
155 344 4
156 157 4
156 223 4
156 339 4
157 158 4
157 179 4
157 243 4
158 159 4
158 160 4
159 162 4
160 164 4
160 199 4
160 234 4
160 235 4
160 285 4
160 303 4
160 336 4
160 361 4
161 162 4
161 163 4
161 165 4
161 184 4
161 190 4
161 192 4
162 163 4
162 164 4
162 165 4
162 166 4
163 165 4
163 167 4
163 209 4
164 232 4
164 261 4
165 167 4
165 169 4
165 216 4
165 233 4
166 182 4
166 194 4
166 297 4
167 170 4
167 240 4
167 334 4
168 170 4
168 171 4
168 195 4
168 240 4
168 289 4
168 326 4
169 173 4
170 171 4
170 172 4
171 175 4
172 174 4
172 175 4
172 176 4
172 262 4
172 340 4
173 174 4
173 177 4
173 189 4
173 229 4
174 176 4
174 178 4
174 204 4
175 177 4
175 178 4
175 179 4
176 177 4
176 179 4
177 269 4
178 180 4
178 181 4
178 182 4
178 206 4
178 272 4
179 245 4
180 184 4
180 317 4
180 356 4
181 182 4
181 183 4
181 194 4
182 183 4
182 184 4
182 186 4
183 184 4
183 343 4
184 187 4
184 188 4
184 215 4
184 240 4
184 283 4
185 187 4
185 189 4
185 280 4
185 299 4
186 188 4
186 190 4
186 317 4
187 189 4
187 244 4
188 190 4
188 200 4
188 312 4
189 192 4
189 246 4
189 265 4
190 193 4
190 194 4
191 192 4
191 195 4
191 226 4
191 289 4
192 194 4
192 195 4
192 196 4
193 194 4
193 274 4
194 195 4
194 196 4
194 198 4
194 215 4
194 360 4
195 197 4
195 233 4
196 197 4
196 198 4
196 199 4
196 256 4
196 276 4
196 280 4
197 201 4
197 207 4
197 313 4
197 327 4
198 200 4
198 202 4
198 224 4
198 267 4
199 201 4
199 250 4
199 281 4
199 353 4
200 201 4
201 202 4
201 204 4
201 270 4
201 286 4
201 323 4
202 203 4
202 204 4
202 229 4
203 204 4
203 206 4
203 207 4
204 206 4
204 230 4
205 207 4
205 209 4
206 210 4
207 211 4
207 274 4
208 209 4
208 218 4
209 210 4
209 268 4
209 272 4
210 211 4
210 272 4
211 215 4
211 230 4
212 216 4
214 215 4
214 217 4
214 218 4
214 220 4
214 243 4
215 219 4
215 222 4
216 219 4
217 219 4
217 221 4
217 238 4
218 219 4
218 220 4
218 284 4
219 220 4
219 221 4
219 356 4
220 224 4
220 274 4
221 222 4
221 223 4
221 225 4
222 223 4
222 230 4
222 340 4
223 225 4
223 226 4
223 251 4
224 226 4
224 228 4
224 261 4
225 229 4
225 260 4
225 265 4
226 230 4
227 253 4
228 229 4
228 232 4
228 243 4
228 316 4
229 323 4
230 232 4
231 235 4
231 256 4
231 277 4
232 233 4
232 236 4
233 234 4
233 236 4
233 237 4
233 243 4
234 238 4
234 343 4
235 237 4
236 237 4
236 251 4
236 258 4
236 265 4
236 284 4
237 240 4
238 242 4
238 291 4
238 331 4
240 241 4
240 253 4
240 313 4
240 336 4
240 350 4
241 247 4
241 274 4
241 296 4
242 243 4
242 299 4
243 245 4
243 247 4
244 316 4
245 248 4
245 296 4
245 330 4
246 248 4
246 286 4
247 249 4
247 250 4
247 251 4
248 250 4
248 252 4
249 251 4
249 252 4
249 253 4
250 252 4
250 253 4
250 254 4
250 260 4
250 267 4
251 253 4
251 255 4
251 283 4
252 254 4
252 255 4
253 311 4
254 257 4
254 258 4
254 264 4
255 257 4
255 258 4
255 259 4
256 260 4
256 324 4
257 259 4
257 261 4
257 277 4
257 278 4
258 308 4
259 260 4
259 261 4
259 262 4
260 304 4
261 265 4
262 265 4
262 284 4
262 365 4
263 265 4
263 286 4
264 265 4
264 266 4
264 277 4
265 266 4
265 268 4
265 269 4
266 268 4
266 270 4
266 284 4
266 314 4
267 269 4
267 271 4
267 317 4
268 270 4
269 270 4
270 272 4
270 279 4
270 280 4
271 273 4
271 275 4
271 301 4
272 274 4
272 275 4
272 276 4
273 274 4
273 287 4
274 275 4
274 276 4
274 277 4
274 278 4
275 276 4
275 277 4
275 278 4
275 279 4
276 277 4
276 279 4
277 278 4
277 280 4
277 281 4
278 279 4
278 281 4
278 282 4
279 281 4
279 282 4
279 283 4
279 298 4
280 281 4
281 282 4
281 284 4
282 283 4
282 284 4
283 286 4
283 287 4
283 336 4
283 340 4
284 287 4
284 288 4
284 290 4
284 331 4
285 288 4
285 299 4
286 289 4
286 290 4
287 289 4
287 291 4
288 291 4
288 319 4
289 293 4
289 304 4
290 294 4
290 305 4
291 293 4
291 295 4
292 293 4
292 294 4
292 295 4
293 296 4
293 297 4
294 295 4
294 296 4
294 298 4
295 296 4
295 298 4
295 299 4
296 297 4
296 299 4
297 298 4
297 300 4
297 329 4
298 301 4
298 302 4
299 301 4
299 302 4
299 303 4
300 301 4
300 303 4
300 304 4
301 302 4
301 304 4
301 305 4
302 303 4
302 304 4
302 305 4
303 305 4
303 306 4
303 358 4
304 305 4
304 306 4
304 307 4
304 308 4
306 307 4
306 308 4
306 309 4
306 310 4
307 309 4
307 310 4
308 310 4
308 312 4
309 310 4
309 311 4
309 312 4
310 311 4
310 312 4
311 312 4
311 313 4
311 314 4
312 313 4
312 314 4
312 316 4
313 315 4
313 316 4
313 317 4
314 316 4
314 318 4
314 358 4
315 316 4
315 317 4
315 318 4
316 319 4
316 320 4
318 319 4
318 320 4
318 321 4
319 321 4
319 322 4
319 323 4
320 321 4
320 322 4
320 323 4
320 324 4
321 322 4
321 323 4
321 324 4
321 325 4
322 324 4
322 325 4
323 325 4
323 326 4
323 327 4
324 325 4
324 326 4
325 326 4
325 327 4
326 327 4
326 329 4
326 330 4
327 328 4
327 329 4
328 330 4
328 331 4
328 332 4
329 330 4
329 331 4
329 332 4
329 333 4
330 331 4
330 333 4
330 334 4
331 332 4
331 334 4
332 333 4
332 334 4
332 335 4
333 334 4
333 335 4
333 336 4
334 335 4
335 336 4
335 337 4
335 338 4
336 337 4
337 338 4
337 339 4
337 340 4
337 341 4
338 339 4
338 340 4
338 346 4
339 340 4
339 341 4
339 343 4
339 361 4
340 342 4
341 342 4
341 343 4
341 344 4
341 345 4
342 343 4
342 344 4
343 345 4
343 346 4
344 345 4
344 347 4
344 348 4
345 346 4
345 347 4
345 348 4
346 347 4
346 348 4
346 349 4
347 349 4
347 350 4
348 349 4
348 350 4
348 351 4
348 352 4
349 350 4
349 351 4
349 352 4
349 353 4
350 351 4
351 353 4
351 354 4
351 355 4
352 354 4
352 355 4
353 355 4
354 355 4
354 356 4
354 357 4
354 358 4
355 356 4
355 357 4
355 358 4
355 359 4
356 357 4
356 358 4
356 359 4
357 358 4
357 359 4
357 360 4
358 361 4
359 360 4
359 361 4
359 362 4
359 363 4
360 361 4
360 362 4
360 363 4
360 364 4
361 362 4
361 364 4
362 363 4
362 364 4
363 364 4
363 365 4
364 365 4
