94 187 1
44 59 1
19 141 1
118 123 1
44 139 1
60 103 1
68 203 1
36 92 1
259 272 1
56 255 1
205 264 1
100 120 1
4 199 1
109 170 1
12 269 1
197 198 1
87 240 1
105 256 1
135 251 1
55 104 1
114 163 1
41 158 1
107 126 1
77 90 1
122 208 1
145 203 1
73 141 1
27 229 1
65 73 1
62 76 1
135 219 1
182 273 1
130 252 1
11 111 1
105 115 1
166 218 1
154 200 1
136 138 1
50 89 1
48 227 1
173 249 1
127 245 1
31 114 1
75 178 1
136 255 1
198 253 1
127 271 1
105 247 1
257 267 1
234 238 1
1 258 1
14 181 1
77 193 1
3 151 1
6 254 1
50 178 1
54 227 1
24 218 1
84 99 1
63 120 1
234 250 1
106 261 1
242 253 1
229 234 1
110 188 1
93 197 1
65 254 1
142 258 1
10 171 1
53 144 1
71 263 1
92 230 1
124 253 1
34 207 1
30 228 1
64 269 1
131 156 1
134 169 1
249 275 1
84 92 1
64 165 1
53 128 1
20 187 1
67 269 1
138 196 1
60 119 1
85 225 1
28 208 1
61 203 1
139 155 1
9 243 1
95 123 1
17 264 1
142 256 1
140 225 1
203 225 1
154 266 1
11 55 1
201 217 1
137 229 1
73 215 1
24 74 1
22 101 1
101 231 1
39 246 1
133 158 1
131 227 1
5 24 1
92 138 1
166 231 1
239 267 1
106 158 1
146 213 1
87 116 1
15 70 1
101 229 1
19 51 1
40 252 1
151 207 1
18 66 1
54 150 1
184 223 1
101 105 1
70 208 1
98 242 1
25 82 1
183 241 1
111 187 1
180 272 1
11 75 1
52 126 1
144 239 1
92 102 1
60 129 1
23 77 1
76 195 1
19 226 1
136 204 1
68 123 1
89 273 1
22 42 1
8 47 1
81 234 1
229 270 1
138 221 1
116 263 1
79 149 1
8 250 1
67 170 1
69 256 1
144 175 1
21 246 1
157 193 1
51 193 1
101 200 1
20 158 1
205 222 1
163 173 1
10 177 1
125 271 1
41 144 1
48 81 1
119 250 1
114 251 1
134 196 1
150 216 1
219 257 1
32 249 1
13 227 1
171 232 1
55 246 1
100 149 1
110 139 1
119 198 1
40 193 1
80 244 1
49 62 1
4 57 1
117 175 1
32 247 1
58 128 1
65 109 1
38 153 1
17 166 1
125 141 1
61 111 1
37 56 1
136 166 1
59 175 1
9 91 1
128 129 1
47 66 1
50 54 1
122 229 1
30 43 1
170 200 1
239 264 1
117 155 1
49 179 1
44 159 1
96 173 1
32 229 1
132 167 1
31 271 1
102 156 1
230 273 1
10 44 1
20 215 1
19 93 1
135 168 1
200 245 1
164 182 1
61 233 1
5 13 1
40 261 1
57 159 1
135 240 1
264 266 1
131 136 1
110 173 1
16 170 1
64 177 1
90 235 1
117 182 1
130 161 1
55 193 1
130 251 1
218 240 1
99 189 1
129 174 1
138 185 1
209 272 1
26 74 1
157 262 1
36 209 1
225 266 1
82 206 1
3 171 1
42 271 1
172 229 1
23 157 1
163 226 1
45 274 1
4 187 1
133 143 1
5 85 1
171 194 1
153 220 1
16 244 1
178 253 1
51 120 1
4 132 1
158 202 1
179 243 1
132 154 1
16 187 1
154 241 1
29 226 1
10 230 1
29 215 1
87 177 1
33 157 1
72 185 1
40 101 1
200 230 1
94 127 1
74 97 1
258 275 1
38 132 1
10 120 1
135 169 1
73 200 1
23 253 1
139 228 1
168 252 1
168 215 1
200 221 1
17 249 1
74 262 1
63 208 1
179 181 1
190 254 1
49 152 1
8 131 1
87 250 1
17 132 1
89 109 1
86 208 1
161 264 1
225 240 1
205 269 1
57 150 1
30 70 1
43 56 1
127 255 1
160 271 1
30 62 1
16 182 1
146 262 1
73 189 1
83 120 1
82 105 1
14 48 1
36 68 1
169 174 1
1 255 1
162 209 1
129 231 1
48 238 1
164 217 1
159 175 1
81 254 1
97 269 1
83 262 1
16 53 1
12 33 1
114 135 1
182 268 1
4 60 1
55 218 1
95 105 1
34 266 1
28 40 1
99 142 1
139 239 1
138 235 1
90 174 1
219 270 1
82 235 1
77 250 1
109 134 1
145 261 1
99 254 1
103 204 1
23 190 1
20 157 1
67 117 1
21 162 1
106 260 1
39 70 1
123 273 1
84 173 1
88 179 1
47 167 1
138 244 1
148 174 1
36 229 1
18 53 1
166 221 1
32 81 1
65 243 1
236 252 1
131 138 1
114 133 1
171 275 1
60 274 1
20 45 1
9 172 1
199 215 1
208 213 1
60 106 1
14 85 1
18 254 1
184 218 1
199 249 1
43 141 1
117 190 1
45 155 1
12 131 1
7 35 1
59 94 1
158 256 1
206 266 1
66 264 1
73 145 1
3 205 1
55 87 1
73 218 1
37 66 1
141 256 1
121 162 1
61 76 1
114 215 1
121 272 1
32 104 1
128 162 1
2 10 1
19 267 1
8 92 1
57 236 1
59 232 1
12 165 1
23 259 1
84 240 1
172 216 1
58 105 1
42 61 1
51 133 1
130 257 1
171 237 1
23 38 1
39 275 1
19 184 1
183 275 1
178 239 1
113 134 1
154 175 1
74 145 1
15 228 1
38 186 1
19 168 1
105 244 1
61 253 1
32 194 1
107 203 1
144 155 1
102 154 1
11 60 1
172 242 1
74 162 1
82 274 1
85 133 1
153 229 1
44 206 1
59 120 1
103 229 1
16 74 1
85 228 1
52 116 1
35 146 1
43 177 1
145 179 1
55 238 1
81 193 1
54 162 1
69 138 1
20 98 1
102 244 1
27 141 1
94 222 1
114 129 1
168 213 1
66 96 1
54 88 1
130 248 1
185 264 1
117 195 1
147 148 1
104 175 1
106 218 1
11 266 1
120 162 1
88 108 1
248 263 1
86 114 1
120 218 1
199 262 1
57 141 1
82 262 1
212 228 1
93 235 1
121 228 1
13 145 1
64 101 1
43 248 1
115 169 1
14 205 1
1 37 1
101 141 1
92 161 1
103 226 1
27 211 1
90 144 1
167 171 1
8 272 1
242 259 1
89 257 1
194 253 1
126 171 1
42 250 1
90 210 1
171 242 1
100 242 1
78 207 1
92 259 1
87 169 1
72 104 1
113 161 1
124 156 1
131 208 1
29 69 1
118 249 1
45 50 1
52 95 1
13 92 1
26 182 1
100 267 1
77 199 1
111 161 1
1 94 1
46 129 1
180 200 1
149 169 1
150 237 1
170 202 1
5 230 1
115 254 1
72 164 1
44 175 1
215 266 1
208 240 1
32 49 1
109 126 1
108 219 1
108 163 1
16 189 1
31 246 1
56 93 1
16 206 1
205 217 1
87 100 1
91 172 1
120 217 1
116 254 1
106 248 1
35 155 1
143 156 1
157 263 1
44 238 1
28 248 1
3 211 1
150 180 1
58 166 1
111 263 1
87 107 1
74 155 1
15 178 1
152 156 1
7 191 1
112 226 1
40 260 1
196 266 1
4 24 1
118 183 1
155 219 1
22 32 1
34 172 1
92 211 1
62 198 1
45 231 1
10 181 1
64 77 1
195 228 1
78 219 1
46 143 1
60 189 1
57 182 1
185 255 1
80 162 1
176 179 1
194 201 1
207 227 1
19 97 1
35 195 1
150 217 1
226 231 1
32 55 1
126 166 1
259 261 1
4 203 1
32 269 1
63 213 1
50 194 1
6 275 1
80 178 1
150 181 1
103 264 1
76 254 1
8 173 1
224 262 1
200 218 1
51 254 1
216 249 1
110 257 1
184 201 1
113 232 1
52 177 1
47 103 1
46 245 1
109 201 1
166 223 1
203 228 1
155 206 1
155 162 1
19 255 1
179 262 1
37 236 1
86 158 1
129 139 1
54 72 1
61 199 1
163 253 1
86 112 1
80 233 1
65 131 1
36 230 1
231 263 1
70 189 1
25 49 1
11 207 1
44 228 1
6 52 1
2 78 1
200 257 1
21 138 1
127 177 1
106 134 1
198 271 1
30 191 1
135 224 1
168 204 1
137 192 1
130 220 1
82 202 1
2 263 1
220 269 1
53 221 1
35 223 1
22 237 1
55 76 1
88 161 1
86 201 1
8 273 1
65 196 1
190 208 1
14 82 1
27 136 1
142 151 1
229 247 1
100 111 1
44 231 1
8 256 1
141 203 1
163 194 1
42 249 1
115 129 1
11 200 1
160 206 1
84 127 1
225 273 1
211 238 1
223 232 1
107 141 1
90 112 1
100 167 1
110 232 1
175 250 1
93 160 1
14 78 1
128 218 1
105 206 1
14 204 1
13 265 1
17 91 1
162 227 1
205 270 1
70 174 1
101 263 1
38 59 1
54 158 1
163 204 1
114 255 1
137 150 1
28 225 1
44 227 1
84 149 1
15 48 1
64 248 1
134 257 1
167 186 1
65 129 1
106 255 1
38 205 1
20 135 1
72 101 1
22 63 1
35 232 1
89 181 1
62 193 1
94 225 1
104 250 1
28 54 1
26 141 1
122 243 1
36 134 1
41 184 1
163 198 1
78 195 1
26 138 1
20 36 1
240 252 1
54 71 1
34 132 1
135 246 1
225 226 1
3 261 1
3 253 1
180 220 1
1 216 1
78 184 1
152 256 1
156 224 1
156 178 1
76 170 1
95 203 1
168 206 1
153 223 1
98 134 1
9 220 1
111 268 1
131 170 1
113 147 1
133 170 1
91 134 1
110 168 1
194 242 1
142 196 1
123 228 1
44 75 1
123 124 1
46 205 1
146 168 1
82 265 1
4 242 1
148 209 1
77 255 1
3 67 1
13 126 1
93 236 1
23 222 1
137 216 1
57 65 1
64 235 1
3 10 1
9 138 1
126 184 1
90 170 1
54 171 1
14 244 1
81 91 1
100 236 1
34 225 1
248 269 1
194 270 1
55 92 1
87 156 1
