1 3 4
1 9 4
1 57 4
1 62 4
1 96 4
1 145 4
1 194 4
1 273 4
1 275 4
1 289 4
1 302 4
1 304 4
1 325 4
1 330 4
1 331 4
1 332 4
1 349 4
1 363 4
1 364 4
1 365 4
2 5 4
2 6 4
2 14 4
2 33 4
2 119 4
2 206 4
2 301 4
2 302 4
2 307 4
2 322 4
2 364 4
2 365 4
3 5 4
3 6 4
3 106 4
3 133 4
3 136 4
3 150 4
3 302 4
3 332 4
3 365 4
4 5 4
4 6 4
4 196 4
4 213 4
4 254 4
5 6 4
5 9 4
5 62 4
5 245 4
5 294 4
5 299 4
6 8 4
6 10 4
6 174 4
6 262 4
7 8 4
7 11 4
7 100 4
7 112 4
8 9 4
8 10 4
8 218 4
8 244 4
8 268 4
8 272 4
8 273 4
9 10 4
9 12 4
9 13 4
9 25 4
9 81 4
9 200 4
10 12 4
10 57 4
10 129 4
10 141 4
10 163 4
10 168 4
10 331 4
11 13 4
11 15 4
11 45 4
11 112 4
11 186 4
11 193 4
12 13 4
12 133 4
12 234 4
13 15 4
13 23 4
13 64 4
13 96 4
13 233 4
13 272 4
14 16 4
14 17 4
14 18 4
14 78 4
14 256 4
14 323 4
15 17 4
15 58 4
15 109 4
15 225 4
16 18 4
16 39 4
16 81 4
16 96 4
16 306 4
17 19 4
17 21 4
17 96 4
17 180 4
17 319 4
18 20 4
18 81 4
18 164 4
18 172 4
18 185 4
18 229 4
19 23 4
19 38 4
19 165 4
19 166 4
19 213 4
19 235 4
19 271 4
19 293 4
20 61 4
20 121 4
20 140 4
20 179 4
20 237 4
20 244 4
20 283 4
21 24 4
21 25 4
21 31 4
21 52 4
21 57 4
21 217 4
21 239 4
22 24 4
22 25 4
22 77 4
23 25 4
23 89 4
23 98 4
23 106 4
23 217 4
23 225 4
23 235 4
23 249 4
23 256 4
24 25 4
24 27 4
24 122 4
24 174 4
24 206 4
25 26 4
25 29 4
25 32 4
25 218 4
26 27 4
26 28 4
26 30 4
26 42 4
26 94 4
26 178 4
26 219 4
26 336 4
27 29 4
27 30 4
27 31 4
27 168 4
27 198 4
28 29 4
28 31 4
28 32 4
29 31 4
29 32 4
29 33 4
29 121 4
29 181 4
29 233 4
30 31 4
30 32 4
30 104 4
30 125 4
30 150 4
30 155 4
30 188 4
30 235 4
30 271 4
31 33 4
31 73 4
31 99 4
31 109 4
31 157 4
32 34 4
32 35 4
32 36 4
32 74 4
32 175 4
32 279 4
33 34 4
33 35 4
33 37 4
33 201 4
33 301 4
33 359 4
34 36 4
34 37 4
34 38 4
34 127 4
34 179 4
34 257 4
35 36 4
35 38 4
35 39 4
35 64 4
35 136 4
35 148 4
36 97 4
36 200 4
36 210 4
36 214 4
36 245 4
36 256 4
37 39 4
37 51 4
37 62 4
37 122 4
37 139 4
37 226 4
37 251 4
38 40 4
38 41 4
38 70 4
38 281 4
38 325 4
39 121 4
39 183 4
39 209 4
39 232 4
39 270 4
39 328 4
39 344 4
40 41 4
40 43 4
40 44 4
40 200 4
40 260 4
40 365 4
41 42 4
41 88 4
41 222 4
41 239 4
42 123 4
42 168 4
42 174 4
42 213 4
43 45 4
43 46 4
43 117 4
43 161 4
43 298 4
43 306 4
44 46 4
44 47 4
44 117 4
44 224 4
44 262 4
45 47 4
45 48 4
45 49 4
46 48 4
46 50 4
46 155 4
46 161 4
46 265 4
46 283 4
47 50 4
47 51 4
47 74 4
47 100 4
47 317 4
48 50 4
48 52 4
48 242 4
48 257 4
48 271 4
49 53 4
49 63 4
49 65 4
49 255 4
49 364 4
50 52 4
50 53 4
50 263 4
51 52 4
51 53 4
51 55 4
52 53 4
52 58 4
52 92 4
52 121 4
52 202 4
52 208 4
53 57 4
53 64 4
53 69 4
53 150 4
53 267 4
54 71 4
54 111 4
55 56 4
55 58 4
55 99 4
55 297 4
56 57 4
56 60 4
56 107 4
56 119 4
56 162 4
56 193 4
56 231 4
57 61 4
57 63 4
57 65 4
57 115 4
57 187 4
57 219 4
58 59 4
58 61 4
58 64 4
58 257 4
59 61 4
59 169 4
59 208 4
59 209 4
59 262 4
59 285 4
59 296 4
60 62 4
60 63 4
60 64 4
60 165 4
60 221 4
60 333 4
60 359 4
61 64 4
61 65 4
61 70 4
61 71 4
61 87 4
61 141 4
61 236 4
61 273 4
61 312 4
62 63 4
62 64 4
62 228 4
62 324 4
63 64 4
63 65 4
63 67 4
63 89 4
63 151 4
63 276 4
64 66 4
64 68 4
64 80 4
64 161 4
64 283 4
65 69 4
65 94 4
65 111 4
65 146 4
65 206 4
65 244 4
66 67 4
66 69 4
66 70 4
66 92 4
67 68 4
67 69 4
67 179 4
67 244 4
67 289 4
67 308 4
68 69 4
68 70 4
68 71 4
68 72 4
68 113 4
69 73 4
69 109 4
69 201 4
70 73 4
70 115 4
70 140 4
70 155 4
70 258 4
71 73 4
71 74 4
71 87 4
71 235 4
72 73 4
72 75 4
72 96 4
72 133 4
72 153 4
72 159 4
72 210 4
72 216 4
73 74 4
73 77 4
73 227 4
73 229 4
74 143 4
74 212 4
75 76 4
75 238 4
75 351 4
76 78 4
76 79 4
76 302 4
76 304 4
77 79 4
77 81 4
77 83 4
77 141 4
77 171 4
77 213 4
78 81 4
78 82 4
78 108 4
78 121 4
78 141 4
78 192 4
78 243 4
79 83 4
79 96 4
79 114 4
79 132 4
79 196 4
79 207 4
80 112 4
80 138 4
80 288 4
81 162 4
81 221 4
81 250 4
81 277 4
81 311 4
82 109 4
82 121 4
82 200 4
82 205 4
82 206 4
82 301 4
83 85 4
83 86 4
83 131 4
83 223 4
83 289 4
84 85 4
84 86 4
84 87 4
84 88 4
84 126 4
84 142 4
84 174 4
85 87 4
85 88 4
85 89 4
86 88 4
86 89 4
86 100 4
86 174 4
86 229 4
87 105 4
87 179 4
88 120 4
88 132 4
88 144 4
88 177 4
88 184 4
88 223 4
88 224 4
88 237 4
88 268 4
88 297 4
88 298 4
89 90 4
89 93 4
89 158 4
89 174 4
89 194 4
90 91 4
90 92 4
90 94 4
90 137 4
90 158 4
91 92 4
91 93 4
91 95 4
91 149 4
91 223 4
92 96 4
92 325 4
93 107 4
93 139 4
93 146 4
93 287 4
93 298 4
94 95 4
94 97 4
94 98 4
94 130 4
94 247 4
95 167 4
95 233 4
95 247 4
96 99 4
96 138 4
96 225 4
96 267 4
96 284 4
97 98 4
97 99 4
97 100 4
97 123 4
97 266 4
97 308 4
98 99 4
98 100 4
98 102 4
98 167 4
98 297 4
98 344 4
99 103 4
99 150 4
99 195 4
99 221 4
99 231 4
100 101 4
100 104 4
100 116 4
100 175 4
101 103 4
101 105 4
101 135 4
101 141 4
101 181 4
101 211 4
101 244 4
101 259 4
102 103 4
102 105 4
102 122 4
102 143 4
102 254 4
102 355 4
103 105 4
103 106 4
103 107 4
103 156 4
103 247 4
103 284 4
104 119 4
104 168 4
104 187 4
104 201 4
105 106 4
105 107 4
105 108 4
105 109 4
105 119 4
105 162 4
106 110 4
106 168 4
106 193 4
107 108 4
107 111 4
107 112 4
107 139 4
108 188 4
108 201 4
109 111 4
109 196 4
109 271 4
109 307 4
109 315 4
110 114 4
110 182 4
110 255 4
111 245 4
112 113 4
112 114 4
112 116 4
112 117 4
112 145 4
112 180 4
113 142 4
113 196 4
113 259 4
113 285 4
113 326 4
114 115 4
114 182 4
114 224 4
114 341 4
115 117 4
115 119 4
115 213 4
116 168 4
116 197 4
116 210 4
116 243 4
117 139 4
117 233 4
117 237 4
117 330 4
118 120 4
118 195 4
118 230 4
118 341 4
119 123 4
119 155 4
119 186 4
119 219 4
119 349 4
120 122 4
120 171 4
120 221 4
121 123 4
121 125 4
121 135 4
122 128 4
122 218 4
122 266 4
123 127 4
124 128 4
124 134 4
124 153 4
124 232 4
125 127 4
125 129 4
126 129 4
126 130 4
126 301 4
126 310 4
126 317 4
127 131 4
127 176 4
127 220 4
127 234 4
127 239 4
127 261 4
127 265 4
128 129 4
129 130 4
129 131 4
129 133 4
129 296 4
130 132 4
130 178 4
130 310 4
131 132 4
131 134 4
131 222 4
131 287 4
132 136 4
132 176 4
132 187 4
132 237 4
132 290 4
132 300 4
132 309 4
133 134 4
133 135 4
133 264 4
133 337 4
134 136 4
134 205 4
134 250 4
135 137 4
135 139 4
135 173 4
135 202 4
136 137 4
136 256 4
136 275 4
136 279 4
137 340 4
138 142 4
138 251 4
138 291 4
139 141 4
139 142 4
139 239 4
140 143 4
140 168 4
140 265 4
140 278 4
141 144 4
141 145 4
141 180 4
142 143 4
142 144 4
142 156 4
142 224 4
143 145 4
143 146 4
143 322 4
143 335 4
144 146 4
144 156 4
144 180 4
144 219 4
145 225 4
145 281 4
146 155 4
146 223 4
146 265 4
146 300 4
147 148 4
147 149 4
147 330 4
148 149 4
148 152 4
148 187 4
148 223 4
149 150 4
149 151 4
149 153 4
150 238 4
151 152 4
151 154 4
151 155 4
151 321 4
152 154 4
152 155 4
152 156 4
152 249 4
153 154 4
153 155 4
153 156 4
153 157 4
153 340 4
154 156 4
154 158 4
154 168 4
155 157 4
155 159 4
156 160 4
156 205 4
156 206 4
156 252 4
156 270 4
157 159 4
157 160 4
157 161 4
157 267 4
158 160 4
158 162 4
158 182 4
158 197 4
159 160 4
159 161 4
159 162 4
159 187 4
159 195 4
160 161 4
160 164 4
161 163 4
161 164 4
161 165 4
161 182 4
161 294 4
162 164 4
162 165 4
162 166 4
162 174 4
162 259 4
163 164 4
163 165 4
163 167 4
163 199 4
163 206 4
163 294 4
163 300 4
163 310 4
164 165 4
164 195 4
164 254 4
165 166 4
165 168 4
165 204 4
165 260 4
165 304 4
166 167 4
166 168 4
166 170 4
166 234 4
167 168 4
167 170 4
168 190 4
168 317 4
169 173 4
169 299 4
169 351 4
170 171 4
170 172 4
170 174 4
170 202 4
171 172 4
171 173 4
171 292 4
172 175 4
172 239 4
173 174 4
173 177 4
173 196 4
173 352 4
174 175 4
174 178 4
174 313 4
175 177 4
175 323 4
176 177 4
176 180 4
176 193 4
177 179 4
177 184 4
177 208 4
177 242 4
177 262 4
178 180 4
178 182 4
179 183 4
180 181 4
180 184 4
180 289 4
181 182 4
181 184 4
181 185 4
181 197 4
181 315 4
182 183 4
182 192 4
182 212 4
183 186 4
183 245 4
183 295 4
184 188 4
184 310 4
185 189 4
186 189 4
186 196 4
186 296 4
187 188 4
187 189 4
187 203 4
187 259 4
188 190 4
188 191 4
188 192 4
188 193 4
189 190 4
189 191 4
189 193 4
189 207 4
189 242 4
189 255 4
189 351 4
190 194 4
190 245 4
190 254 4
191 192 4
191 193 4
191 195 4
192 208 4
193 202 4
193 203 4
193 344 4
194 195 4
194 198 4
194 217 4
195 196 4
195 197 4
195 198 4
195 199 4
195 295 4
196 199 4
196 200 4
196 215 4
197 199 4
197 201 4
197 288 4
198 199 4
198 200 4
198 201 4
198 292 4
199 200 4
199 240 4
199 279 4
200 201 4
201 202 4
201 203 4
201 205 4
202 203 4
202 204 4
202 206 4
203 204 4
203 206 4
203 260 4
203 310 4
203 326 4
204 205 4
204 206 4
204 301 4
205 206 4
205 207 4
205 208 4
205 209 4
206 210 4
207 208 4
207 209 4
207 211 4
208 225 4
209 213 4
209 244 4
209 321 4
210 212 4
210 214 4
211 213 4
211 215 4
212 214 4
212 215 4
213 215 4
214 215 4
214 217 4
214 218 4
215 216 4
215 218 4
215 219 4
216 217 4
216 285 4
216 312 4
217 218 4
217 219 4
217 248 4
217 260 4
217 267 4
218 220 4
218 222 4
218 248 4
219 223 4
219 329 4
220 221 4
220 222 4
220 223 4
220 224 4
220 324 4
221 222 4
221 242 4
222 262 4
222 268 4
223 227 4
224 225 4
224 227 4
224 343 4
225 227 4
225 274 4
225 301 4
226 230 4
226 286 4
227 229 4
227 230 4
228 229 4
228 230 4
228 232 4
229 306 4
230 232 4
230 234 4
231 235 4
231 284 4
232 233 4
232 234 4
232 235 4
233 234 4
233 237 4
233 264 4
234 235 4
234 236 4
234 237 4
235 239 4
236 240 4
236 252 4
236 266 4
236 342 4
237 239 4
237 241 4
237 249 4
237 256 4
237 257 4
237 274 4
238 239 4
238 240 4
238 241 4
238 242 4
238 314 4
239 241 4
239 255 4
240 244 4
241 242 4
241 245 4
241 259 4
242 245 4
242 266 4
242 361 4
243 245 4
243 246 4
243 257 4
243 325 4
244 246 4
244 247 4
244 248 4
244 329 4
245 354 4
246 248 4
246 249 4
247 248 4
247 249 4
247 251 4
247 327 4
248 251 4
248 252 4
249 252 4
249 253 4
249 276 4
249 326 4
250 253 4
251 252 4
251 255 4
252 256 4
252 285 4
252 292 4
252 353 4
253 254 4
253 256 4
254 258 4
255 259 4
255 286 4
255 313 4
256 260 4
257 330 4
258 261 4
258 262 4
259 260 4
259 263 4
261 264 4
263 266 4
263 267 4
264 267 4
265 268 4
265 269 4
265 328 4
266 269 4
267 271 4
267 285 4
268 319 4
269 271 4
269 273 4
270 272 4
270 274 4
270 290 4
271 272 4
271 273 4
271 274 4
271 275 4
272 274 4
272 275 4
272 284 4
272 356 4
273 276 4
274 278 4
275 277 4
275 279 4
275 295 4
276 277 4
276 278 4
276 279 4
276 280 4
277 280 4
277 281 4
278 279 4
278 281 4
278 282 4
279 280 4
279 281 4
279 283 4
279 309 4
280 281 4
280 282 4
280 283 4
280 284 4
281 284 4
281 285 4
281 330 4
282 283 4
282 284 4
282 285 4
282 286 4
283 285 4
284 285 4
284 286 4
284 288 4
285 286 4
285 302 4
286 287 4
287 288 4
287 313 4
288 304 4
288 337 4
288 347 4
289 291 4
289 292 4
289 293 4
290 294 4
290 312 4
291 293 4
291 295 4
292 293 4
292 294 4
292 295 4
292 296 4
293 295 4
293 296 4
293 297 4
293 341 4
294 296 4
294 298 4
294 320 4
296 299 4
296 300 4
296 321 4
296 363 4
297 298 4
297 300 4
298 300 4
298 301 4
298 302 4
299 301 4
299 302 4
300 302 4
300 303 4
300 304 4
300 314 4
301 303 4
301 304 4
301 305 4
301 311 4
302 303 4
302 304 4
302 305 4
303 304 4
303 305 4
303 307 4
303 356 4
304 307 4
305 306 4
305 307 4
305 308 4
305 309 4
306 307 4
306 309 4
306 310 4
307 308 4
307 310 4
308 309 4
308 312 4
309 313 4
309 336 4
310 313 4
310 314 4
311 312 4
311 313 4
311 320 4
312 313 4
312 315 4
312 316 4
313 314 4
314 318 4
315 317 4
316 317 4
316 318 4
316 319 4
316 320 4
317 319 4
317 320 4
318 319 4
318 321 4
319 320 4
319 321 4
320 321 4
320 322 4
320 323 4
320 324 4
321 322 4
321 323 4
322 324 4
323 324 4
323 325 4
323 326 4
324 325 4
324 326 4
324 327 4
324 328 4
325 327 4
325 328 4
326 339 4
327 328 4
327 329 4
327 331 4
327 336 4
328 329 4
328 330 4
328 332 4
329 332 4
331 333 4
331 334 4
332 333 4
332 334 4
332 335 4
333 334 4
333 335 4
333 336 4
333 337 4
334 336 4
334 337 4
334 338 4
334 365 4
335 336 4
335 337 4
335 338 4
336 337 4
337 338 4
337 339 4
338 339 4
338 340 4
338 341 4
338 342 4
339 340 4
339 341 4
339 342 4
339 343 4
340 342 4
340 343 4
341 342 4
341 343 4
341 345 4
342 343 4
342 344 4
342 345 4
343 344 4
343 345 4
343 346 4
344 345 4
344 346 4
345 346 4
345 347 4
345 348 4
346 347 4
346 348 4
346 349 4
347 348 4
347 350 4
347 351 4
348 349 4
348 350 4
348 351 4
348 352 4
349 350 4
349 351 4
349 353 4
350 351 4
350 352 4
350 353 4
351 352 4
351 354 4
351 355 4
352 353 4
352 354 4
352 355 4
353 354 4
353 355 4
353 356 4
354 355 4
354 356 4
354 357 4
354 358 4
355 358 4
355 364 4
356 358 4
356 359 4
357 358 4
357 359 4
357 360 4
357 361 4
358 359 4
358 360 4
358 361 4
359 360 4
359 361 4
359 363 4
360 361 4
360 362 4
360 363 4
360 364 4
361 362 4
361 363 4
361 364 4
362 363 4
362 364 4
362 365 4
363 365 4
364 365 4
