1 3 5
1 9 5
1 57 5
1 62 5
1 96 5
1 140 5
1 145 5
1 194 5
1 273 5
1 275 5
1 289 5
1 304 5
1 325 5
1 330 5
1 331 5
1 332 5
1 349 5
1 363 5
1 364 5
1 365 5
1 398 5
1 399 5
1 400 5
1 401 5
2 5 5
2 6 5
2 14 5
2 33 5
2 119 5
2 206 5
2 301 5
2 302 5
2 307 5
2 322 5
2 361 5
2 364 5
2 399 5
2 400 5
2 401 5
3 5 5
3 6 5
3 8 5
3 35 5
3 68 5
3 106 5
3 133 5
3 142 5
3 150 5
3 302 5
3 332 5
3 365 5
3 400 5
3 401 5
4 5 5
4 6 5
4 9 5
4 33 5
4 213 5
4 254 5
4 358 5
4 400 5
5 6 5
5 10 5
5 62 5
5 245 5
5 294 5
5 299 5
5 318 5
5 324 5
6 8 5
6 10 5
6 209 5
6 262 5
6 277 5
7 8 5
7 11 5
7 100 5
7 112 5
7 351 5
8 9 5
8 10 5
8 205 5
8 244 5
8 268 5
8 272 5
8 273 5
8 353 5
9 10 5
9 12 5
9 13 5
9 14 5
9 25 5
9 81 5
9 98 5
9 200 5
10 13 5
10 57 5
10 129 5
10 141 5
10 163 5
10 168 5
10 201 5
10 317 5
10 331 5
11 15 5
11 45 5
11 186 5
11 217 5
11 251 5
11 269 5
12 13 5
12 133 5
12 234 5
12 360 5
13 15 5
13 64 5
13 113 5
13 120 5
13 233 5
13 354 5
14 16 5
14 18 5
14 139 5
14 144 5
14 206 5
14 226 5
14 256 5
14 300 5
14 323 5
15 17 5
15 58 5
15 109 5
15 225 5
16 18 5
16 39 5
16 81 5
16 96 5
16 133 5
16 306 5
17 19 5
17 70 5
17 96 5
17 103 5
17 120 5
17 180 5
17 319 5
18 20 5
18 26 5
18 39 5
18 81 5
18 164 5
18 172 5
18 185 5
18 229 5
18 381 5
19 23 5
19 68 5
19 82 5
19 100 5
19 165 5
19 166 5
19 236 5
19 271 5
19 293 5
19 333 5
20 61 5
20 121 5
20 128 5
20 140 5
20 179 5
20 237 5
20 283 5
21 24 5
21 25 5
21 26 5
21 31 5
21 52 5
21 57 5
21 239 5
21 382 5
22 25 5
22 77 5
22 183 5
22 226 5
23 25 5
23 89 5
23 98 5
23 106 5
23 198 5
23 217 5
23 225 5
23 235 5
23 333 5
23 339 5
24 25 5
24 27 5
24 122 5
24 203 5
24 206 5
24 249 5
24 397 5
25 26 5
25 27 5
25 29 5
25 32 5
25 303 5
26 27 5
26 42 5
26 94 5
26 178 5
26 203 5
26 219 5
26 336 5
27 29 5
27 30 5
27 31 5
27 32 5
27 168 5
27 377 5
28 29 5
28 31 5
28 32 5
28 116 5
28 155 5
29 31 5
29 32 5
29 33 5
29 137 5
29 233 5
29 294 5
30 31 5
30 32 5
30 104 5
30 125 5
30 150 5
30 154 5
30 155 5
30 271 5
30 359 5
31 73 5
31 109 5
31 111 5
31 157 5
31 266 5
32 34 5
32 35 5
32 36 5
32 100 5
32 220 5
32 237 5
32 279 5
33 34 5
33 35 5
33 38 5
33 118 5
33 173 5
33 301 5
33 359 5
34 36 5
34 37 5
34 39 5
34 55 5
34 127 5
34 179 5
34 257 5
35 36 5
35 39 5
35 40 5
35 117 5
35 141 5
35 148 5
35 162 5
36 41 5
36 97 5
36 200 5
36 210 5
36 214 5
36 245 5
36 256 5
37 39 5
37 50 5
37 105 5
37 122 5
37 139 5
37 214 5
37 251 5
37 361 5
38 70 5
38 104 5
38 281 5
38 287 5
38 325 5
39 122 5
39 183 5
39 209 5
39 232 5
39 270 5
39 328 5
39 341 5
39 376 5
40 43 5
40 44 5
40 174 5
40 191 5
40 200 5
40 320 5
40 361 5
41 42 5
41 195 5
41 222 5
41 231 5
41 239 5
42 123 5
42 168 5
42 174 5
42 213 5
42 241 5
43 45 5
43 46 5
43 117 5
43 161 5
43 298 5
43 306 5
44 46 5
44 47 5
44 79 5
44 117 5
44 224 5
44 262 5
45 47 5
45 50 5
45 82 5
45 266 5
46 48 5
46 50 5
46 51 5
46 79 5
46 105 5
46 253 5
46 258 5
46 283 5
47 50 5
47 51 5
47 74 5
47 100 5
47 230 5
48 52 5
48 53 5
48 102 5
48 242 5
48 257 5
48 271 5
49 53 5
49 57 5
49 63 5
49 65 5
49 255 5
49 364 5
49 369 5
50 52 5
50 53 5
50 263 5
51 52 5
51 56 5
51 63 5
51 154 5
51 198 5
51 292 5
51 373 5
51 384 5
52 53 5
52 58 5
52 97 5
52 111 5
52 202 5
52 208 5
52 285 5
53 57 5
53 58 5
53 69 5
53 150 5
53 186 5
53 267 5
53 365 5
54 111 5
54 274 5
55 56 5
55 58 5
55 60 5
55 88 5
55 99 5
55 297 5
56 57 5
56 60 5
56 107 5
56 110 5
56 193 5
56 253 5
56 309 5
56 323 5
57 61 5
57 63 5
57 115 5
57 143 5
57 219 5
58 59 5
58 61 5
58 64 5
58 257 5
59 61 5
59 64 5
59 169 5
59 208 5
59 209 5
59 215 5
59 263 5
59 285 5
59 296 5
60 62 5
60 63 5
60 64 5
60 77 5
60 92 5
60 221 5
60 228 5
60 333 5
60 359 5
61 65 5
61 87 5
61 141 5
61 186 5
61 219 5
61 236 5
61 267 5
61 273 5
61 312 5
61 358 5
61 364 5
61 380 5
62 63 5
62 64 5
62 291 5
62 324 5
62 385 5
63 64 5
63 65 5
63 67 5
63 105 5
63 276 5
63 371 5
64 66 5
64 68 5
64 69 5
64 80 5
64 161 5
64 283 5
64 370 5
65 94 5
65 111 5
65 146 5
65 187 5
65 206 5
65 244 5
66 69 5
66 70 5
66 72 5
66 92 5
66 305 5
67 68 5
67 69 5
67 100 5
67 164 5
67 179 5
67 244 5
67 289 5
68 69 5
68 70 5
68 71 5
68 72 5
68 74 5
68 316 5
69 73 5
69 109 5
69 156 5
69 201 5
70 73 5
70 140 5
70 155 5
70 236 5
70 258 5
71 73 5
71 74 5
71 235 5
71 267 5
71 362 5
72 75 5
72 96 5
72 153 5
72 210 5
72 216 5
72 303 5
72 313 5
73 74 5
73 77 5
73 106 5
73 355 5
74 79 5
74 212 5
75 76 5
75 238 5
75 351 5
76 79 5
76 81 5
76 248 5
76 268 5
76 370 5
77 79 5
77 81 5
77 83 5
77 141 5
77 213 5
77 318 5
78 82 5
78 86 5
78 108 5
78 121 5
78 141 5
78 192 5
78 243 5
79 83 5
79 93 5
79 114 5
79 132 5
79 326 5
79 335 5
80 84 5
80 112 5
80 288 5
81 86 5
81 132 5
81 162 5
81 221 5
81 250 5
81 311 5
81 394 5
82 87 5
82 121 5
82 148 5
82 205 5
82 206 5
82 291 5
82 301 5
82 374 5
83 86 5
83 131 5
83 223 5
83 273 5
83 289 5
83 310 5
84 85 5
84 87 5
84 88 5
84 126 5
84 174 5
84 206 5
84 266 5
85 87 5
85 89 5
85 90 5
85 100 5
85 121 5
85 259 5
86 88 5
86 89 5
86 100 5
86 229 5
86 290 5
86 341 5
87 105 5
87 179 5
88 120 5
88 132 5
88 144 5
88 177 5
88 184 5
88 223 5
88 224 5
88 268 5
88 297 5
88 298 5
88 350 5
89 90 5
89 93 5
89 94 5
89 158 5
89 174 5
89 194 5
90 91 5
90 92 5
90 94 5
90 137 5
90 158 5
90 159 5
91 92 5
91 95 5
91 149 5
91 223 5
91 261 5
92 269 5
92 325 5
93 107 5
93 146 5
93 159 5
93 287 5
93 388 5
94 95 5
94 97 5
94 98 5
94 130 5
94 242 5
94 247 5
95 100 5
95 167 5
95 233 5
95 399 5
96 99 5
96 138 5
96 225 5
96 267 5
96 326 5
97 99 5
97 100 5
97 102 5
97 123 5
97 193 5
97 308 5
98 99 5
98 102 5
98 167 5
98 297 5
98 344 5
99 103 5
99 153 5
99 155 5
99 228 5
99 383 5
100 104 5
100 116 5
100 175 5
101 103 5
101 105 5
101 135 5
101 141 5
101 181 5
101 195 5
101 211 5
101 259 5
102 103 5
102 105 5
102 143 5
102 162 5
102 163 5
102 181 5
102 264 5
103 105 5
103 106 5
103 107 5
103 133 5
103 144 5
103 156 5
103 222 5
103 270 5
104 119 5
104 168 5
104 171 5
104 187 5
104 201 5
104 388 5
105 107 5
105 108 5
105 109 5
105 119 5
105 162 5
105 349 5
106 110 5
106 168 5
106 193 5
106 276 5
107 108 5
107 111 5
107 112 5
107 139 5
107 353 5
108 144 5
108 188 5
108 201 5
108 380 5
109 111 5
109 114 5
109 132 5
109 196 5
109 271 5
109 307 5
109 315 5
110 114 5
110 182 5
111 245 5
112 113 5
112 116 5
112 117 5
112 145 5
112 180 5
112 186 5
113 118 5
113 142 5
113 196 5
113 242 5
113 285 5
113 326 5
114 115 5
114 182 5
114 224 5
114 252 5
114 311 5
115 117 5
115 119 5
115 213 5
116 168 5
116 197 5
116 257 5
116 363 5
117 221 5
117 233 5
117 237 5
117 330 5
118 120 5
118 195 5
118 230 5
118 341 5
119 155 5
119 186 5
119 219 5
119 276 5
119 298 5
120 171 5
120 221 5
121 123 5
121 124 5
121 135 5
122 128 5
122 218 5
122 266 5
123 161 5
123 355 5
124 134 5
124 153 5
124 232 5
125 127 5
125 370 5
126 130 5
126 301 5
126 310 5
126 317 5
126 363 5
127 130 5
127 131 5
127 132 5
127 220 5
127 229 5
127 234 5
127 265 5
127 300 5
127 335 5
127 355 5
127 370 5
127 374 5
128 129 5
129 131 5
129 133 5
129 152 5
129 168 5
130 220 5
130 310 5
131 134 5
131 136 5
131 209 5
131 222 5
131 287 5
132 164 5
132 176 5
132 235 5
132 237 5
132 290 5
132 300 5
133 135 5
133 138 5
133 337 5
134 136 5
134 205 5
134 250 5
135 137 5
135 139 5
135 202 5
135 384 5
136 137 5
136 256 5
136 275 5
136 279 5
137 340 5
138 142 5
138 203 5
138 217 5
138 251 5
139 239 5
139 400 5
140 143 5
140 168 5
140 255 5
140 265 5
140 278 5
140 357 5
141 145 5
141 180 5
141 247 5
141 271 5
142 144 5
142 156 5
142 224 5
142 392 5
143 145 5
143 146 5
143 322 5
143 335 5
144 156 5
144 219 5
145 225 5
145 281 5
146 155 5
146 223 5
146 265 5
146 300 5
147 148 5
147 149 5
147 152 5
147 330 5
148 149 5
148 152 5
148 223 5
149 150 5
149 151 5
149 153 5
149 282 5
150 238 5
151 152 5
151 154 5
151 155 5
151 156 5
151 321 5
151 329 5
152 154 5
152 155 5
152 249 5
152 314 5
153 155 5
153 156 5
153 157 5
153 334 5
153 340 5
154 156 5
154 158 5
154 159 5
154 168 5
155 159 5
156 160 5
156 205 5
156 252 5
156 270 5
157 160 5
157 161 5
157 267 5
157 385 5
158 160 5
158 162 5
158 163 5
158 197 5
158 247 5
158 338 5
159 160 5
159 161 5
159 162 5
159 164 5
159 187 5
160 161 5
160 164 5
160 165 5
161 165 5
161 166 5
161 182 5
161 279 5
161 332 5
162 166 5
162 174 5
162 259 5
162 280 5
162 381 5
163 164 5
163 165 5
163 167 5
163 168 5
163 199 5
163 206 5
163 294 5
163 300 5
163 310 5
164 165 5
164 169 5
164 195 5
164 234 5
165 166 5
165 168 5
165 204 5
165 260 5
165 304 5
166 167 5
166 170 5
166 234 5
166 273 5
166 323 5
167 168 5
167 170 5
167 172 5
168 190 5
168 252 5
169 173 5
169 178 5
169 299 5
169 351 5
170 171 5
170 172 5
170 174 5
170 202 5
170 234 5
170 381 5
171 172 5
171 321 5
172 282 5
172 325 5
173 174 5
173 177 5
173 178 5
173 196 5
173 352 5
174 178 5
174 313 5
175 177 5
175 180 5
175 250 5
175 267 5
176 177 5
176 180 5
176 181 5
176 193 5
176 345 5
177 179 5
177 184 5
177 208 5
177 242 5
177 262 5
178 261 5
178 366 5
179 183 5
179 184 5
180 181 5
180 184 5
180 289 5
181 182 5
181 184 5
181 185 5
181 186 5
181 197 5
181 306 5
182 183 5
182 192 5
182 212 5
183 186 5
183 245 5
183 295 5
183 327 5
184 188 5
184 310 5
185 339 5
186 189 5
186 296 5
186 355 5
187 188 5
187 189 5
187 203 5
187 259 5
188 190 5
188 191 5
188 192 5
188 193 5
188 298 5
189 190 5
189 193 5
189 194 5
189 255 5
189 273 5
189 316 5
189 351 5
190 194 5
190 195 5
190 245 5
190 254 5
191 192 5
191 193 5
191 195 5
192 197 5
192 208 5
193 198 5
193 202 5
193 203 5
193 254 5
193 344 5
194 195 5
194 198 5
194 217 5
195 196 5
195 197 5
195 198 5
195 199 5
195 200 5
195 295 5
196 199 5
196 200 5
196 215 5
197 199 5
197 201 5
197 211 5
197 288 5
198 199 5
198 200 5
198 292 5
198 401 5
199 200 5
199 240 5
199 255 5
199 271 5
200 252 5
201 203 5
201 205 5
201 206 5
201 361 5
202 203 5
202 204 5
202 206 5
202 207 5
203 206 5
203 208 5
203 260 5
203 310 5
203 326 5
203 338 5
204 205 5
204 206 5
204 301 5
205 206 5
205 207 5
205 209 5
205 278 5
206 390 5
207 208 5
207 209 5
207 306 5
208 225 5
208 253 5
209 213 5
209 214 5
209 299 5
210 212 5
210 214 5
211 215 5
212 214 5
212 215 5
213 215 5
213 218 5
214 215 5
214 217 5
214 218 5
215 216 5
215 219 5
215 220 5
216 217 5
216 285 5
216 312 5
217 219 5
217 222 5
217 248 5
217 260 5
217 267 5
217 279 5
218 220 5
218 222 5
218 248 5
219 223 5
219 329 5
220 222 5
220 223 5
220 224 5
220 324 5
220 377 5
221 222 5
221 242 5
222 262 5
222 268 5
223 227 5
224 225 5
224 227 5
224 343 5
225 230 5
225 274 5
225 296 5
225 301 5
226 230 5
226 286 5
226 346 5
227 229 5
227 371 5
228 229 5
228 230 5
228 233 5
229 306 5
230 232 5
230 234 5
231 284 5
232 233 5
232 234 5
232 235 5
232 302 5
233 234 5
233 237 5
233 264 5
234 339 5
235 240 5
235 250 5
235 371 5
236 240 5
236 241 5
236 266 5
236 342 5
237 239 5
237 241 5
237 249 5
237 256 5
237 257 5
237 274 5
238 239 5
238 240 5
238 241 5
238 242 5
238 314 5
239 241 5
239 244 5
239 255 5
240 244 5
241 242 5
241 259 5
241 313 5
241 326 5
242 245 5
243 245 5
243 246 5
243 257 5
243 325 5
244 246 5
244 248 5
244 249 5
244 329 5
244 387 5
245 347 5
246 248 5
246 249 5
246 321 5
247 248 5
247 249 5
247 327 5
248 251 5
248 252 5
248 396 5
249 252 5
249 253 5
249 276 5
249 294 5
249 326 5
250 255 5
251 252 5
251 255 5
252 256 5
252 285 5
252 292 5
252 353 5
253 256 5
254 259 5
255 259 5
255 283 5
255 286 5
256 260 5
257 262 5
257 330 5
258 261 5
258 262 5
258 263 5
259 263 5
260 312 5
261 337 5
263 266 5
263 267 5
263 268 5
264 267 5
264 269 5
265 268 5
265 269 5
265 328 5
266 269 5
266 351 5
267 271 5
267 285 5
268 319 5
269 271 5
269 273 5
269 274 5
270 272 5
270 274 5
270 290 5
271 272 5
271 273 5
271 274 5
271 275 5
272 274 5
272 275 5
272 277 5
272 356 5
272 363 5
273 276 5
274 278 5
275 277 5
275 295 5
275 329 5
275 342 5
276 277 5
276 279 5
276 280 5
277 280 5
277 318 5
278 279 5
278 281 5
278 282 5
279 280 5
279 283 5
279 309 5
280 281 5
280 282 5
280 284 5
281 284 5
281 285 5
281 325 5
281 337 5
282 283 5
282 284 5
282 286 5
283 350 5
283 394 5
284 285 5
284 286 5
284 288 5
284 385 5
285 286 5
285 302 5
286 287 5
287 288 5
287 292 5
287 313 5
288 293 5
288 332 5
288 337 5
288 347 5
289 291 5
289 292 5
289 293 5
289 294 5
290 294 5
290 295 5
291 293 5
291 295 5
292 293 5
292 294 5
292 295 5
292 297 5
293 295 5
293 296 5
293 297 5
293 341 5
294 296 5
294 298 5
296 299 5
296 300 5
296 301 5
296 321 5
296 363 5
297 298 5
297 300 5
297 360 5
298 300 5
298 301 5
298 303 5
298 312 5
299 301 5
299 302 5
299 304 5
300 303 5
300 304 5
300 305 5
300 314 5
301 303 5
301 304 5
301 305 5
301 311 5
302 303 5
302 305 5
302 307 5
303 304 5
303 305 5
303 307 5
303 356 5
304 307 5
305 306 5
305 307 5
305 308 5
305 309 5
306 307 5
306 309 5
306 310 5
307 308 5
307 310 5
308 309 5
308 312 5
309 313 5
309 336 5
310 313 5
311 312 5
311 316 5
311 320 5
312 315 5
314 318 5
315 317 5
316 317 5
316 318 5
316 319 5
316 320 5
317 319 5
317 380 5
318 321 5
318 323 5
319 320 5
319 321 5
320 321 5
320 322 5
320 323 5
320 324 5
321 323 5
322 324 5
323 324 5
323 325 5
323 328 5
324 325 5
324 326 5
324 327 5
324 328 5
325 327 5
325 328 5
327 328 5
327 329 5
327 331 5
328 329 5
328 330 5
328 332 5
328 383 5
331 333 5
331 334 5
331 336 5
332 333 5
332 334 5
332 335 5
333 334 5
333 335 5
333 337 5
334 336 5
334 337 5
334 338 5
334 339 5
334 365 5
335 337 5
336 337 5
337 339 5
338 340 5
338 342 5
339 340 5
339 341 5
339 342 5
339 343 5
339 344 5
340 342 5
340 343 5
341 342 5
341 343 5
341 345 5
341 372 5
342 344 5
342 345 5
343 344 5
343 345 5
343 346 5
344 345 5
344 346 5
345 346 5
345 348 5
346 347 5
346 348 5
347 348 5
347 350 5
347 351 5
348 349 5
348 350 5
348 351 5
348 352 5
349 350 5
349 351 5
349 353 5
350 351 5
350 353 5
350 355 5
351 352 5
351 356 5
352 353 5
352 354 5
352 355 5
353 355 5
353 356 5
354 355 5
354 356 5
354 357 5
354 358 5
355 358 5
356 358 5
356 359 5
356 361 5
357 358 5
357 359 5
357 360 5
358 359 5
358 360 5
358 361 5
359 360 5
359 361 5
359 363 5
360 361 5
360 364 5
360 365 5
360 374 5
361 362 5
361 364 5
362 364 5
362 365 5
362 366 5
363 365 5
363 366 5
363 367 5
364 366 5
364 367 5
364 368 5
365 366 5
365 367 5
365 368 5
365 369 5
366 367 5
366 368 5
366 369 5
366 370 5
367 368 5
367 369 5
367 370 5
367 371 5
368 369 5
368 370 5
368 371 5
368 372 5
369 370 5
369 371 5
369 372 5
370 373 5
370 374 5
370 375 5
371 373 5
371 374 5
371 375 5
372 373 5
372 374 5
372 375 5
372 376 5
373 374 5
373 375 5
373 377 5
374 375 5
374 376 5
374 377 5
375 376 5
375 377 5
375 378 5
375 379 5
375 380 5
376 377 5
376 378 5
376 379 5
377 379 5
377 381 5
378 379 5
378 380 5
378 381 5
378 382 5
379 380 5
379 381 5
379 382 5
379 383 5
379 384 5
380 381 5
380 382 5
380 383 5
380 384 5
381 384 5
381 385 5
381 386 5
382 383 5
382 384 5
382 385 5
382 386 5
382 387 5
383 384 5
383 385 5
383 386 5
384 385 5
384 386 5
384 387 5
384 388 5
384 389 5
385 387 5
385 388 5
385 389 5
386 387 5
386 388 5
386 389 5
386 390 5
387 388 5
387 389 5
387 390 5
387 391 5
387 392 5
388 389 5
388 391 5
388 392 5
388 393 5
388 394 5
389 390 5
389 391 5
389 392 5
389 393 5
390 391 5
390 392 5
390 393 5
390 394 5
391 392 5
391 393 5
391 394 5
391 395 5
392 394 5
392 395 5
392 396 5
393 394 5
393 395 5
393 396 5
393 397 5
394 395 5
394 398 5
395 396 5
395 397 5
395 398 5
395 399 5
396 398 5
396 399 5
396 400 5
397 399 5
397 400 5
397 401 5
398 399 5
398 400 5
398 401 5
399 400 5
399 401 5
400 401 5
