1 138 2
2 228 2
3 66 2
3 164 2
4 82 2
4 86 2
4 197 2
5 156 2
5 221 2
6 91 2
7 180 2
7 182 2
7 244 2
7 253 2
8 80 2
8 270 2
9 47 2
9 249 2
11 75 2
11 111 2
11 206 2
12 137 2
12 187 2
12 240 2
13 180 2
14 50 2
14 77 2
14 236 2
15 113 2
15 155 2
15 268 2
16 31 2
16 85 2
16 102 2
17 28 2
17 133 2
17 193 2
18 25 2
19 83 2
19 177 2
19 235 2
19 253 2
20 31 2
20 81 2
20 224 2
21 31 2
21 67 2
21 96 2
21 150 2
21 232 2
22 167 2
23 30 2
23 116 2
23 117 2
23 172 2
23 271 2
24 68 2
24 207 2
25 260 2
26 57 2
26 184 2
26 231 2
27 125 2
28 59 2
28 142 2
29 58 2
29 85 2
29 182 2
29 248 2
30 190 2
31 37 2
31 52 2
31 122 2
31 141 2
32 45 2
32 129 2
32 160 2
32 207 2
33 209 2
34 105 2
34 165 2
34 204 2
34 223 2
34 258 2
34 261 2
35 72 2
35 116 2
36 38 2
36 129 2
36 194 2
36 215 2
36 217 2
37 50 2
37 168 2
37 243 2
38 103 2
38 160 2
38 234 2
38 251 2
39 138 2
40 59 2
40 89 2
40 141 2
40 208 2
40 259 2
41 51 2
41 91 2
41 195 2
41 254 2
42 67 2
42 219 2
42 231 2
43 242 2
44 95 2
44 145 2
45 165 2
46 153 2
47 55 2
47 131 2
48 73 2
48 110 2
48 147 2
48 258 2
49 121 2
49 209 2
50 157 2
50 209 2
51 90 2
51 145 2
52 168 2
52 226 2
53 157 2
55 67 2
55 145 2
55 196 2
55 268 2
56 98 2
56 136 2
57 95 2
58 69 2
58 248 2
59 167 2
59 177 2
59 237 2
60 119 2
60 233 2
61 141 2
61 191 2
62 219 2
62 223 2
63 103 2
63 228 2
63 234 2
64 108 2
64 129 2
64 153 2
64 174 2
64 250 2
65 69 2
65 95 2
65 158 2
66 89 2
67 112 2
67 162 2
69 96 2
69 147 2
69 195 2
69 232 2
72 211 2
73 117 2
74 132 2
74 174 2
74 225 2
74 228 2
74 266 2
75 90 2
75 138 2
76 83 2
76 244 2
77 197 2
77 229 2
78 130 2
78 182 2
78 245 2
79 82 2
79 252 2
80 179 2
83 85 2
83 100 2
83 138 2
83 214 2
86 140 2
86 201 2
88 206 2
89 126 2
89 201 2
91 131 2
91 148 2
91 211 2
92 157 2
92 273 2
93 155 2
93 214 2
93 258 2
95 181 2
95 204 2
96 114 2
96 192 2
96 265 2
97 117 2
97 123 2
97 209 2
99 121 2
99 199 2
100 148 2
100 209 2
100 258 2
100 268 2
101 240 2
102 188 2
103 187 2
104 163 2
104 233 2
105 180 2
105 186 2
106 158 2
106 249 2
106 253 2
106 258 2
107 131 2
107 182 2
107 274 2
109 240 2
109 273 2
111 149 2
112 180 2
112 210 2
112 252 2
112 261 2
113 213 2
113 219 2
114 214 2
115 139 2
115 145 2
115 235 2
116 124 2
116 189 2
116 228 2
117 129 2
117 223 2
117 225 2
118 206 2
123 141 2
124 240 2
124 254 2
124 257 2
126 127 2
126 129 2
127 189 2
127 223 2
127 259 2
128 160 2
129 164 2
129 226 2
131 262 2
132 254 2
133 274 2
134 235 2
135 151 2
135 170 2
137 217 2
138 226 2
139 226 2
140 218 2
140 223 2
141 248 2
142 240 2
144 260 2
147 267 2
149 196 2
149 208 2
151 206 2
152 199 2
152 224 2
152 226 2
152 236 2
153 214 2
153 235 2
154 155 2
154 156 2
156 177 2
158 177 2
158 198 2
158 201 2
161 210 2
161 259 2
163 164 2
163 171 2
163 246 2
163 259 2
164 268 2
165 239 2
165 264 2
165 265 2
166 230 2
167 171 2
167 199 2
167 253 2
167 255 2
167 267 2
171 198 2
171 205 2
172 210 2
173 196 2
173 209 2
173 253 2
175 178 2
175 219 2
176 187 2
176 194 2
176 235 2
177 269 2
178 196 2
178 250 2
179 208 2
179 255 2
180 241 2
181 242 2
183 270 2
184 199 2
185 196 2
189 206 2
190 255 2
190 256 2
192 197 2
192 239 2
193 212 2
193 232 2
193 236 2
194 213 2
194 237 2
195 268 2
196 221 2
198 203 2
199 214 2
199 216 2
199 246 2
200 216 2
201 219 2
202 205 2
202 267 2
202 273 2
203 273 2
206 215 2
206 220 2
206 246 2
208 209 2
209 265 2
210 254 2
213 228 2
214 272 2
215 247 2
215 271 2
216 223 2
218 223 2
218 231 2
219 223 2
219 233 2
219 265 2
221 254 2
222 231 2
222 253 2
225 250 2
226 246 2
236 251 2
246 258 2
248 265 2
259 260 2
260 262 2
272 273 2
37 94 2
114 200 2
94 243 2
189 301 2
160 300 2
183 198 2
87 152 2
115 262 2
133 203 2
26 27 2
156 194 2
14 232 2
70 83 2
106 241 2
129 175 2
288 295 2
26 235 2
23 79 2
119 238 2
20 301 2
104 134 2
148 246 2
64 280 2
88 146 2
1 300 2
233 281 2
9 287 2
78 200 2
65 136 2
182 237 2
174 264 2
222 287 2
104 301 2
7 222 2
24 234 2
65 218 2
64 128 2
6 191 2
39 152 2
40 278 2
147 254 2
155 270 2
165 236 2
232 299 2
109 300 2
233 259 2
153 282 2
81 243 2
149 250 2
80 302 2
216 273 2
98 143 2
148 279 2
13 286 2
261 299 2
50 141 2
15 211 2
144 295 2
179 223 2
138 174 2
29 69 2
7 130 2
69 221 2
65 87 2
16 87 2
144 286 2
286 302 2
80 276 2
63 132 2
126 286 2
20 32 2
228 267 2
46 257 2
67 223 2
177 205 2
92 206 2
222 273 2
189 212 2
288 296 2
253 301 2
78 94 2
77 284 2
59 76 2
48 205 2
30 122 2
26 139 2
61 290 2
64 104 2
130 245 2
24 117 2
32 116 2
20 302 2
33 229 2
18 188 2
136 223 2
16 300 2
228 297 2
1 73 2
54 118 2
173 203 2
145 228 2
9 205 2
72 216 2
7 156 2
28 199 2
231 272 2
143 290 2
173 228 2
134 188 2
201 249 2
130 174 2
196 200 2
172 249 2
13 72 2
117 158 2
125 298 2
60 209 2
64 194 2
62 90 2
29 92 2
16 232 2
16 244 2
101 228 2
53 288 2
57 301 2
186 187 2
78 171 2
40 81 2
22 94 2
110 138 2
105 251 2
6 260 2
9 151 2
159 238 2
96 254 2
86 110 2
186 193 2
35 245 2
91 170 2
52 241 2
107 275 2
53 129 2
145 150 2
146 254 2
92 285 2
54 242 2
62 98 2
88 165 2
23 129 2
19 224 2
104 274 2
31 162 2
63 288 2
102 153 2
41 154 2
126 204 2
30 145 2
176 289 2
20 177 2
157 238 2
109 291 2
96 206 2
48 183 2
66 176 2
84 203 2
96 175 2
124 186 2
34 171 2
136 187 2
21 36 2
174 222 2
16 161 2
34 249 2
1 121 2
51 238 2
160 277 2
68 225 2
61 272 2
125 250 2
144 150 2
208 239 2
20 91 2
54 58 2
242 259 2
187 277 2
58 277 2
133 196 2
71 142 2
69 165 2
213 262 2
5 234 2
70 227 2
129 301 2
194 246 2
35 253 2
92 156 2
111 271 2
25 245 2
162 199 2
46 266 2
174 241 2
65 101 2
71 170 2
205 235 2
162 238 2
146 240 2
94 213 2
92 164 2
37 56 2
36 289 2
88 127 2
55 141 2
83 235 2
79 95 2
42 281 2
138 150 2
237 282 2
49 215 2
102 115 2
35 281 2
122 276 2
65 275 2
33 134 2
67 157 2
187 190 2
52 275 2
12 192 2
25 244 2
103 274 2
34 250 2
144 170 2
98 122 2
8 104 2
170 203 2
122 148 2
93 237 2
207 270 2
158 300 2
12 39 2
113 199 2
195 208 2
2 217 2
149 273 2
17 183 2
159 219 2
151 280 2
19 145 2
51 138 2
285 290 2
230 255 2
85 190 2
226 250 2
10 94 2
146 290 2
37 122 2
122 195 2
42 253 2
90 268 2
6 222 2
124 271 2
17 99 2
35 117 2
165 243 2
172 228 2
98 147 2
32 181 2
126 182 2
257 274 2
99 135 2
255 261 2
135 154 2
74 85 2
163 193 2
48 112 2
78 183 2
192 269 2
207 216 2
54 83 2
131 198 2
58 228 2
132 182 2
29 265 2
278 289 2
110 217 2
138 288 2
28 193 2
148 240 2
107 212 2
71 193 2
101 106 2
152 276 2
104 188 2
48 64 2
110 275 2
121 239 2
149 152 2
128 201 2
115 133 2
235 271 2
100 125 2
246 296 2
61 131 2
40 145 2
139 237 2
210 248 2
134 290 2
9 35 2
118 197 2
5 13 2
53 155 2
161 253 2
282 291 2
64 212 2
95 104 2
57 79 2
118 259 2
193 199 2
145 256 2
99 242 2
107 276 2
168 274 2
223 279 2
180 275 2
106 223 2
24 286 2
15 281 2
49 145 2
229 248 2
5 141 2
97 302 2
120 197 2
72 288 2
37 82 2
10 11 2
186 284 2
106 175 2
50 258 2
76 84 2
83 299 2
104 189 2
204 280 2
82 122 2
6 250 2
68 89 2
10 65 2
130 183 2
166 261 2
201 297 2
209 247 2
2 131 2
174 190 2
144 234 2
8 223 2
3 227 2
2 112 2
105 281 2
11 184 2
101 260 2
166 190 2
44 199 2
225 228 2
24 187 2
88 224 2
31 179 2
130 181 2
16 159 2
52 90 2
159 273 2
81 95 2
96 273 2
75 192 2
73 200 2
171 259 2
144 158 2
32 199 2
64 121 2
141 207 2
18 285 2
113 237 2
93 196 2
126 245 2
180 284 2
215 275 2
62 186 2
66 252 2
136 258 2
149 212 2
2 4 2
35 53 2
93 199 2
15 292 2
130 154 2
136 221 2
147 153 2
40 246 2
69 243 2
121 285 2
50 195 2
91 110 2
76 154 2
32 57 2
205 290 2
243 291 2
205 294 2
22 101 2
11 84 2
113 235 2
32 140 2
68 285 2
12 182 2
20 123 2
128 241 2
29 195 2
235 270 2
180 291 2
167 299 2
191 238 2
93 154 2
175 229 2
8 191 2
183 302 2
18 242 2
7 31 2
212 302 2
16 18 2
30 94 2
17 270 2
209 221 2
151 296 2
174 175 2
139 171 2
27 36 2
30 118 2
4 59 2
37 241 2
3 276 2
31 259 2
256 283 2
243 296 2
87 290 2
3 238 2
194 231 2
66 153 2
100 291 2
136 235 2
14 34 2
22 131 2
64 81 2
98 132 2
17 135 2
72 275 2
50 165 2
103 229 2
41 199 2
71 128 2
6 184 2
74 128 2
234 279 2
32 137 2
69 267 2
167 278 2
103 186 2
104 164 2
236 264 2
259 281 2
26 66 2
228 253 2
73 177 2
29 114 2
72 97 2
239 253 2
64 100 2
24 31 2
40 161 2
3 60 2
224 227 2
25 278 2
80 106 2
67 188 2
11 143 2
45 76 2
166 296 2
1 239 2
27 170 2
48 241 2
123 286 2
192 220 2
45 213 2
83 249 2
6 71 2
83 296 2
18 31 2
137 204 2
97 147 2
44 140 2
207 220 2
133 219 2
143 300 2
188 245 2
64 239 2
126 171 2
214 281 2
34 227 2
105 296 2
76 231 2
96 156 2
113 133 2
184 268 2
14 278 2
55 110 2
28 115 2
247 262 2
100 244 2
184 245 2
179 288 2
154 245 2
224 302 2
33 65 2
58 148 2
74 135 2
131 230 2
227 262 2
39 108 2
52 227 2
34 84 2
105 196 2
59 64 2
139 300 2
79 161 2
146 182 2
124 255 2
254 300 2
