1 64 5
1 97 5
2 220 5
2 358 5
3 80 5
3 129 5
3 182 5
4 5 5
4 86 5
5 65 5
5 122 5
6 72 5
7 12 5
7 31 5
7 72 5
7 131 5
7 180 5
7 336 5
9 49 5
9 211 5
9 249 5
10 11 5
10 63 5
10 125 5
10 335 5
11 93 5
11 111 5
11 135 5
11 206 5
11 300 5
11 349 5
12 177 5
12 268 5
13 62 5
13 180 5
13 195 5
13 248 5
14 36 5
14 76 5
14 176 5
14 206 5
14 236 5
14 246 5
15 174 5
15 215 5
15 261 5
16 159 5
16 232 5
16 236 5
16 328 5
16 338 5
16 344 5
17 114 5
18 48 5
18 203 5
18 222 5
18 277 5
19 83 5
19 235 5
19 253 5
19 255 5
19 279 5
20 57 5
20 143 5
20 206 5
20 302 5
20 358 5
21 27 5
21 51 5
21 84 5
21 92 5
21 136 5
22 24 5
22 94 5
22 186 5
22 209 5
22 273 5
22 350 5
23 64 5
23 79 5
23 110 5
24 84 5
24 187 5
24 195 5
24 323 5
24 337 5
25 189 5
25 254 5
26 139 5
26 261 5
26 279 5
26 283 5
27 151 5
27 162 5
27 288 5
27 337 5
27 358 5
27 364 5
28 62 5
28 85 5
28 199 5
28 318 5
29 69 5
29 114 5
29 165 5
29 248 5
29 265 5
30 104 5
30 186 5
30 362 5
31 45 5
31 122 5
31 259 5
32 129 5
32 244 5
33 229 5
33 311 5
33 321 5
34 104 5
34 149 5
34 165 5
34 171 5
35 53 5
35 93 5
35 135 5
36 103 5
36 217 5
36 236 5
36 289 5
36 295 5
36 354 5
38 163 5
38 319 5
39 77 5
39 138 5
39 145 5
39 152 5
39 293 5
40 105 5
40 288 5
41 130 5
41 218 5
42 186 5
42 237 5
42 255 5
42 287 5
42 334 5
43 305 5
44 126 5
44 144 5
44 317 5
45 294 5
45 304 5
45 321 5
45 334 5
46 201 5
46 207 5
46 292 5
46 326 5
47 50 5
47 298 5
48 110 5
48 141 5
48 183 5
49 193 5
49 221 5
49 301 5
50 255 5
50 293 5
51 145 5
51 238 5
52 165 5
52 244 5
52 275 5
52 362 5
53 186 5
54 306 5
54 354 5
55 110 5
55 145 5
55 168 5
55 268 5
56 91 5
56 204 5
56 317 5
56 350 5
57 174 5
57 259 5
58 78 5
58 277 5
58 310 5
59 64 5
59 167 5
59 233 5
60 70 5
60 119 5
60 162 5
60 191 5
60 317 5
60 350 5
61 328 5
62 90 5
62 143 5
62 186 5
62 206 5
62 268 5
62 364 5
63 277 5
64 86 5
64 161 5
64 174 5
64 233 5
64 239 5
64 328 5
65 86 5
65 158 5
65 204 5
65 283 5
65 288 5
65 331 5
66 153 5
66 185 5
66 249 5
67 179 5
67 278 5
67 329 5
67 334 5
68 99 5
68 100 5
68 133 5
68 154 5
69 77 5
69 96 5
69 147 5
69 148 5
69 311 5
69 327 5
70 192 5
70 205 5
70 215 5
70 222 5
70 227 5
71 79 5
71 140 5
71 258 5
71 295 5
72 216 5
72 263 5
72 288 5
72 293 5
72 348 5
72 364 5
73 115 5
74 85 5
74 102 5
74 115 5
74 216 5
74 317 5
75 130 5
75 295 5
76 125 5
76 271 5
78 245 5
78 250 5
79 130 5
79 211 5
79 304 5
80 234 5
80 245 5
80 276 5
81 119 5
81 197 5
81 210 5
81 238 5
81 358 5
82 109 5
82 122 5
82 179 5
82 229 5
82 251 5
83 125 5
83 141 5
83 177 5
83 299 5
84 157 5
84 359 5
85 87 5
85 109 5
85 190 5
85 277 5
85 313 5
86 135 5
86 142 5
86 145 5
86 155 5
86 183 5
86 220 5
86 282 5
86 313 5
87 226 5
88 110 5
88 121 5
88 130 5
88 295 5
89 287 5
89 323 5
90 123 5
90 338 5
90 344 5
91 125 5
91 148 5
91 358 5
92 135 5
92 156 5
92 157 5
92 226 5
92 273 5
92 297 5
92 314 5
93 107 5
93 155 5
93 214 5
93 331 5
94 136 5
94 243 5
96 156 5
96 193 5
96 220 5
97 222 5
97 270 5
97 302 5
98 166 5
98 255 5
99 135 5
99 249 5
100 112 5
100 204 5
100 228 5
100 347 5
101 104 5
101 156 5
101 190 5
101 237 5
102 148 5
103 192 5
103 209 5
103 298 5
103 331 5
105 284 5
106 249 5
106 322 5
106 361 5
107 145 5
107 182 5
107 276 5
108 166 5
109 274 5
110 138 5
110 151 5
110 199 5
110 217 5
110 306 5
110 334 5
111 117 5
111 283 5
111 295 5
112 119 5
112 180 5
113 172 5
113 213 5
113 342 5
114 277 5
114 321 5
115 145 5
115 262 5
115 309 5
116 228 5
116 303 5
116 323 5
117 182 5
117 332 5
118 244 5
120 145 5
120 247 5
120 249 5
120 330 5
121 162 5
121 174 5
121 311 5
121 314 5
121 336 5
122 252 5
123 253 5
123 279 5
124 148 5
124 182 5
124 187 5
125 241 5
126 129 5
126 154 5
126 162 5
126 300 5
127 129 5
127 189 5
127 269 5
128 201 5
128 301 5
129 178 5
129 210 5
129 336 5
130 190 5
130 209 5
131 299 5
132 148 5
132 168 5
132 182 5
132 238 5
133 163 5
133 251 5
133 301 5
133 359 5
134 278 5
135 218 5
135 283 5
135 348 5
135 364 5
136 200 5
136 221 5
137 207 5
137 286 5
138 237 5
139 143 5
139 144 5
139 249 5
140 180 5
140 332 5
141 172 5
143 155 5
143 253 5
144 201 5
144 214 5
144 262 5
145 147 5
145 256 5
145 361 5
146 207 5
146 249 5
146 290 5
147 161 5
148 206 5
148 292 5
148 304 5
149 273 5
150 168 5
151 180 5
151 246 5
152 249 5
152 276 5
152 302 5
153 235 5
153 363 5
155 242 5
156 183 5
156 244 5
157 309 5
159 210 5
159 261 5
160 271 5
161 287 5
161 309 5
161 320 5
161 362 5
163 246 5
163 296 5
164 167 5
164 232 5
164 249 5
164 268 5
165 340 5
169 286 5
170 268 5
171 220 5
171 291 5
171 326 5
172 266 5
173 196 5
174 241 5
177 182 5
177 309 5
177 322 5
178 198 5
178 312 5
179 208 5
179 330 5
179 346 5
179 355 5
180 209 5
180 241 5
180 310 5
181 349 5
182 186 5
182 294 5
183 213 5
184 282 5
184 314 5
185 196 5
186 222 5
186 224 5
187 239 5
187 310 5
188 245 5
190 269 5
191 196 5
191 309 5
191 333 5
192 197 5
192 239 5
192 290 5
193 213 5
193 271 5
194 213 5
194 268 5
194 290 5
195 240 5
195 241 5
196 220 5
196 275 5
197 238 5
197 292 5
197 338 5
198 278 5
199 314 5
199 359 5
200 321 5
200 325 5
201 228 5
202 225 5
205 207 5
205 260 5
206 216 5
206 220 5
206 250 5
206 285 5
207 216 5
209 225 5
209 247 5
209 265 5
210 248 5
210 257 5
212 272 5
213 338 5
215 275 5
217 311 5
218 231 5
218 345 5
219 233 5
219 308 5
220 229 5
220 281 5
220 303 5
220 305 5
220 350 5
221 237 5
222 231 5
222 273 5
223 273 5
224 313 5
224 350 5
225 251 5
225 271 5
225 284 5
225 285 5
228 253 5
228 297 5
228 324 5
229 307 5
231 332 5
232 247 5
232 299 5
233 281 5
235 252 5
237 241 5
238 280 5
238 299 5
238 334 5
240 243 5
240 337 5
241 253 5
241 336 5
242 328 5
243 277 5
244 297 5
245 252 5
245 263 5
245 303 5
245 361 5
247 262 5
247 296 5
247 321 5
248 261 5
249 335 5
250 325 5
251 295 5
253 301 5
257 337 5
258 316 5
262 304 5
263 360 5
265 281 5
267 306 5
269 299 5
270 314 5
271 288 5
272 278 5
272 356 5
273 303 5
275 287 5
275 354 5
275 362 5
276 295 5
278 357 5
279 288 5
279 293 5
279 349 5
280 283 5
281 286 5
284 286 5
284 294 5
285 286 5
285 324 5
285 328 5
285 344 5
287 296 5
288 296 5
288 342 5
289 306 5
289 326 5
290 304 5
293 323 5
295 306 5
302 334 5
306 343 5
307 313 5
307 349 5
308 321 5
309 326 5
316 335 5
319 346 5
325 333 5
325 357 5
328 342 5
335 365 5
7 273 5
194 371 5
130 198 5
22 140 5
13 209 5
220 362 5
124 391 5
186 369 5
6 180 5
102 212 5
329 345 5
312 365 5
239 281 5
352 380 5
45 338 5
16 38 5
7 390 5
259 282 5
21 209 5
16 280 5
106 171 5
50 169 5
235 295 5
136 146 5
237 240 5
167 358 5
253 394 5
91 150 5
100 346 5
142 282 5
180 217 5
278 370 5
251 259 5
67 135 5
87 344 5
48 155 5
204 257 5
216 223 5
24 37 5
41 349 5
333 398 5
185 187 5
8 390 5
334 348 5
161 181 5
287 397 5
255 340 5
271 347 5
153 177 5
119 337 5
90 239 5
167 168 5
54 294 5
2 390 5
102 150 5
23 82 5
98 282 5
159 339 5
290 358 5
69 164 5
49 117 5
129 137 5
82 377 5
152 399 5
6 235 5
145 271 5
109 168 5
60 312 5
235 374 5
135 385 5
74 230 5
138 245 5
110 148 5
75 399 5
104 239 5
139 293 5
349 360 5
7 93 5
29 90 5
159 336 5
101 168 5
153 336 5
136 282 5
67 115 5
181 201 5
171 328 5
102 308 5
171 212 5
54 318 5
230 282 5
20 228 5
122 187 5
214 368 5
68 266 5
23 377 5
76 216 5
196 301 5
76 150 5
35 217 5
191 216 5
33 89 5
142 191 5
341 385 5
66 74 5
301 355 5
201 296 5
46 89 5
59 85 5
324 375 5
153 350 5
301 347 5
165 214 5
200 387 5
290 307 5
152 275 5
36 121 5
184 335 5
196 299 5
372 391 5
262 364 5
229 398 5
43 163 5
221 390 5
127 363 5
143 352 5
161 385 5
221 251 5
122 375 5
206 336 5
28 80 5
86 221 5
188 269 5
85 155 5
64 144 5
55 398 5
51 106 5
225 341 5
93 213 5
160 293 5
247 303 5
230 243 5
93 135 5
49 181 5
214 255 5
115 314 5
6 200 5
134 193 5
141 288 5
3 103 5
273 282 5
126 169 5
221 292 5
53 381 5
183 299 5
24 355 5
161 201 5
189 249 5
75 342 5
55 175 5
253 388 5
120 328 5
117 140 5
79 393 5
15 255 5
67 360 5
135 193 5
27 200 5
83 325 5
6 338 5
32 295 5
94 361 5
149 193 5
15 133 5
223 262 5
209 260 5
114 259 5
1 230 5
152 398 5
84 295 5
5 361 5
115 212 5
225 387 5
239 380 5
310 317 5
277 316 5
213 370 5
56 96 5
17 391 5
276 318 5
30 271 5
207 344 5
203 332 5
95 225 5
172 360 5
73 258 5
154 384 5
59 221 5
40 133 5
120 136 5
156 316 5
67 358 5
235 368 5
12 384 5
224 329 5
94 332 5
30 137 5
36 362 5
11 203 5
42 185 5
114 375 5
115 357 5
246 268 5
72 249 5
56 358 5
191 273 5
212 258 5
229 251 5
164 313 5
307 388 5
153 270 5
45 261 5
128 230 5
63 87 5
36 170 5
200 357 5
64 66 5
274 385 5
137 230 5
39 401 5
174 323 5
1 330 5
92 173 5
78 387 5
78 226 5
303 387 5
30 167 5
69 163 5
225 230 5
155 399 5
26 333 5
26 68 5
92 299 5
51 301 5
128 162 5
300 301 5
84 228 5
256 375 5
320 360 5
5 69 5
257 391 5
95 372 5
92 206 5
163 394 5
102 317 5
33 64 5
89 343 5
106 173 5
223 388 5
78 187 5
56 378 5
139 159 5
205 277 5
66 268 5
143 236 5
9 91 5
52 205 5
186 296 5
20 257 5
358 362 5
9 24 5
23 62 5
112 234 5
128 171 5
128 205 5
183 357 5
188 254 5
203 395 5
59 392 5
69 227 5
77 202 5
5 390 5
128 247 5
56 374 5
267 334 5
12 275 5
73 357 5
140 297 5
23 379 5
105 311 5
300 339 5
226 361 5
125 354 5
27 189 5
84 95 5
87 358 5
75 245 5
35 44 5
7 322 5
173 187 5
12 184 5
28 330 5
179 307 5
123 161 5
43 99 5
296 319 5
68 345 5
151 156 5
112 242 5
28 108 5
142 317 5
144 310 5
221 316 5
168 305 5
99 300 5
100 344 5
194 327 5
78 121 5
234 355 5
125 214 5
132 349 5
15 19 5
148 175 5
239 259 5
88 346 5
76 286 5
29 159 5
51 385 5
16 224 5
114 355 5
122 297 5
120 286 5
162 364 5
115 313 5
126 196 5
144 239 5
257 331 5
3 231 5
68 177 5
264 335 5
85 292 5
12 243 5
393 396 5
8 293 5
292 319 5
85 121 5
79 214 5
48 205 5
41 189 5
162 309 5
73 314 5
51 169 5
75 355 5
245 324 5
21 178 5
106 259 5
141 270 5
20 133 5
313 338 5
140 228 5
230 333 5
116 312 5
10 188 5
123 163 5
377 397 5
31 362 5
141 154 5
130 215 5
46 107 5
128 210 5
68 296 5
35 306 5
325 337 5
167 346 5
236 379 5
138 172 5
156 311 5
320 326 5
15 160 5
63 115 5
145 228 5
24 369 5
226 371 5
77 255 5
64 271 5
238 277 5
181 204 5
104 111 5
12 157 5
88 328 5
155 219 5
62 243 5
176 378 5
277 305 5
320 328 5
289 317 5
225 244 5
37 167 5
313 380 5
92 348 5
269 393 5
130 148 5
290 353 5
148 173 5
360 375 5
20 391 5
39 216 5
120 195 5
113 388 5
119 304 5
73 344 5
110 146 5
94 185 5
259 305 5
204 369 5
126 333 5
77 116 5
221 336 5
179 322 5
309 384 5
124 271 5
21 64 5
80 316 5
383 395 5
121 127 5
103 303 5
250 269 5
159 226 5
126 362 5
194 324 5
293 309 5
72 185 5
316 393 5
36 223 5
306 375 5
18 67 5
5 42 5
147 363 5
184 201 5
304 356 5
130 328 5
205 249 5
363 399 5
74 196 5
267 396 5
119 287 5
190 247 5
144 234 5
182 252 5
55 228 5
146 156 5
270 368 5
186 223 5
5 232 5
259 386 5
309 312 5
185 389 5
58 160 5
220 306 5
214 253 5
244 371 5
89 173 5
160 316 5
13 322 5
48 166 5
313 394 5
266 279 5
88 336 5
136 166 5
121 165 5
96 145 5
83 104 5
330 336 5
140 221 5
240 393 5
33 82 5
34 205 5
243 266 5
192 236 5
29 351 5
263 357 5
22 221 5
29 213 5
349 381 5
218 267 5
141 362 5
317 362 5
44 363 5
252 256 5
163 182 5
215 320 5
26 318 5
91 159 5
283 291 5
67 241 5
22 311 5
4 175 5
242 387 5
6 298 5
111 219 5
144 259 5
135 375 5
106 386 5
287 302 5
220 221 5
136 173 5
246 264 5
208 295 5
33 218 5
47 127 5
204 368 5
235 280 5
261 358 5
43 205 5
135 176 5
187 383 5
181 365 5
39 81 5
250 258 5
22 374 5
291 394 5
358 360 5
98 174 5
217 392 5
44 373 5
110 175 5
10 61 5
82 344 5
90 286 5
58 338 5
92 244 5
272 319 5
207 357 5
24 129 5
214 398 5
223 279 5
179 360 5
56 237 5
227 352 5
346 396 5
54 343 5
170 352 5
187 251 5
276 367 5
24 208 5
213 299 5
203 267 5
146 242 5
159 265 5
44 274 5
168 334 5
293 322 5
230 346 5
20 369 5
55 365 5
363 397 5
90 204 5
19 349 5
53 386 5
224 260 5
81 108 5
230 347 5
70 383 5
164 213 5
7 109 5
12 256 5
249 276 5
293 377 5
77 397 5
204 333 5
32 368 5
195 272 5
170 291 5
142 223 5
37 348 5
27 154 5
217 384 5
45 199 5
125 209 5
10 204 5
339 390 5
216 338 5
186 191 5
302 336 5
234 259 5
138 364 5
9 200 5
41 157 5
371 372 5
318 336 5
80 89 5
296 344 5
144 388 5
93 341 5
103 268 5
144 330 5
40 359 5
266 298 5
166 221 5
79 232 5
42 71 5
41 343 5
50 270 5
20 384 5
239 318 5
9 391 5
78 352 5
286 294 5
10 50 5
307 351 5
49 225 5
279 337 5
79 216 5
234 299 5
137 381 5
124 377 5
89 178 5
65 300 5
47 358 5
269 392 5
37 400 5
187 258 5
22 142 5
105 153 5
58 265 5
54 88 5
4 179 5
24 257 5
219 330 5
154 271 5
65 203 5
316 394 5
58 291 5
248 287 5
177 278 5
188 286 5
44 349 5
43 72 5
259 297 5
122 147 5
273 354 5
204 209 5
276 305 5
59 166 5
212 233 5
35 298 5
28 86 5
285 377 5
158 170 5
296 334 5
82 119 5
140 219 5
198 363 5
55 182 5
258 401 5
249 283 5
130 345 5
33 216 5
56 339 5
26 90 5
185 235 5
190 191 5
160 347 5
54 360 5
151 280 5
170 208 5
4 290 5
70 131 5
60 132 5
142 380 5
85 342 5
98 108 5
214 376 5
103 313 5
10 151 5
57 265 5
54 194 5
25 247 5
72 278 5
23 78 5
192 316 5
362 395 5
57 92 5
53 198 5
66 143 5
251 355 5
236 329 5
136 147 5
30 286 5
230 295 5
14 95 5
20 260 5
91 120 5
209 270 5
187 236 5
227 378 5
187 223 5
44 280 5
96 351 5
92 149 5
103 235 5
14 69 5
103 149 5
206 289 5
106 117 5
99 119 5
191 284 5
2 50 5
259 354 5
139 272 5
97 166 5
189 388 5
232 356 5
305 339 5
87 327 5
68 233 5
82 262 5
302 364 5
262 303 5
8 168 5
50 339 5
199 333 5
201 249 5
154 335 5
106 278 5
271 365 5
152 374 5
330 401 5
268 383 5
377 382 5
26 43 5
213 360 5
186 197 5
172 322 5
46 162 5
95 179 5
49 172 5
100 373 5
33 297 5
1 198 5
161 383 5
27 344 5
273 386 5
26 367 5
1 212 5
310 347 5
116 232 5
268 313 5
16 261 5
83 135 5
21 334 5
229 266 5
328 382 5
310 351 5
32 106 5
86 351 5
339 367 5
112 323 5
137 311 5
121 289 5
210 307 5
29 326 5
137 369 5
226 310 5
228 392 5
249 360 5
187 397 5
49 186 5
94 187 5
291 399 5
21 199 5
209 377 5
87 387 5
131 296 5
91 297 5
88 105 5
189 397 5
29 206 5
156 338 5
30 383 5
389 401 5
68 303 5
87 247 5
105 117 5
114 253 5
68 123 5
116 207 5
192 332 5
61 275 5
159 170 5
224 319 5
292 348 5
106 376 5
96 334 5
198 386 5
57 389 5
258 290 5
104 198 5
49 314 5
281 301 5
20 99 5
23 306 5
26 135 5
9 169 5
159 401 5
251 382 5
197 391 5
169 272 5
245 368 5
101 229 5
88 237 5
94 358 5
50 154 5
171 270 5
139 149 5
70 238 5
165 169 5
215 376 5
55 263 5
20 56 5
127 307 5
117 401 5
175 345 5
18 285 5
384 385 5
219 319 5
145 276 5
194 312 5
101 180 5
240 364 5
1 105 5
149 242 5
35 343 5
204 289 5
89 345 5
289 297 5
296 323 5
4 96 5
239 288 5
114 221 5
31 344 5
87 112 5
22 379 5
79 353 5
275 388 5
348 391 5
92 138 5
106 188 5
75 172 5
333 382 5
91 277 5
12 220 5
245 296 5
108 155 5
221 255 5
48 198 5
159 324 5
302 357 5
253 382 5
52 199 5
41 368 5
131 145 5
178 332 5
21 236 5
79 290 5
25 169 5
238 318 5
81 254 5
212 361 5
66 309 5
28 253 5
248 336 5
259 364 5
110 221 5
272 344 5
309 311 5
52 312 5
40 161 5
56 349 5
207 254 5
310 352 5
47 146 5
268 300 5
151 300 5
280 332 5
256 289 5
296 307 5
103 164 5
259 323 5
201 273 5
253 267 5
110 177 5
223 378 5
10 32 5
243 336 5
151 311 5
286 357 5
225 296 5
267 329 5
259 376 5
145 263 5
50 187 5
158 362 5
88 213 5
158 283 5
221 288 5
70 82 5
58 70 5
79 292 5
162 206 5
13 71 5
356 372 5
100 323 5
27 195 5
169 189 5
333 358 5
104 143 5
55 334 5
103 340 5
20 58 5
96 380 5
251 278 5
48 347 5
11 308 5
97 142 5
183 289 5
243 285 5
153 384 5
19 165 5
9 25 5
39 261 5
29 36 5
83 181 5
357 369 5
22 60 5
86 190 5
111 363 5
39 159 5
19 382 5
150 242 5
130 160 5
43 332 5
44 156 5
99 281 5
175 180 5
34 305 5
218 334 5
69 71 5
88 109 5
26 109 5
111 241 5
351 372 5
82 145 5
181 198 5
95 100 5
332 348 5
297 351 5
