1 2 3
1 77 3
1 82 3
1 83 3
1 157 3
1 218 3
1 240 3
1 245 3
1 300 3
1 302 3
1 311 3
1 330 3
1 331 3
1 332 3
2 3 3
2 13 3
2 53 3
2 77 3
2 130 3
2 201 3
2 274 3
2 297 3
2 301 3
2 302 3
2 324 3
2 331 3
3 4 3
3 86 3
3 88 3
3 125 3
3 226 3
3 275 3
3 331 3
3 332 3
4 25 3
4 29 3
4 123 3
4 159 3
4 214 3
4 241 3
4 291 3
4 302 3
4 332 3
5 8 3
5 55 3
5 81 3
5 89 3
5 122 3
5 131 3
5 187 3
5 212 3
6 10 3
6 82 3
6 221 3
6 262 3
6 323 3
7 9 3
7 10 3
7 11 3
7 120 3
7 274 3
8 9 3
8 10 3
8 16 3
8 83 3
8 91 3
9 10 3
9 11 3
9 12 3
10 13 3
10 50 3
10 100 3
10 120 3
10 174 3
10 193 3
11 14 3
11 15 3
11 40 3
11 86 3
11 149 3
12 13 3
12 14 3
12 16 3
12 77 3
12 237 3
13 15 3
13 42 3
13 138 3
13 189 3
13 319 3
14 27 3
14 98 3
14 131 3
14 144 3
14 232 3
14 241 3
15 18 3
15 274 3
15 294 3
16 20 3
16 86 3
16 167 3
16 283 3
17 19 3
17 51 3
17 83 3
17 169 3
17 221 3
18 49 3
18 113 3
18 129 3
18 260 3
19 20 3
19 23 3
19 178 3
19 184 3
19 212 3
19 291 3
20 24 3
20 73 3
20 130 3
20 139 3
20 149 3
20 229 3
21 23 3
21 119 3
21 287 3
21 322 3
22 23 3
22 24 3
22 26 3
22 190 3
22 297 3
23 24 3
23 27 3
23 203 3
24 26 3
24 112 3
25 27 3
25 52 3
25 245 3
26 28 3
26 29 3
26 30 3
26 69 3
26 135 3
26 147 3
26 148 3
26 165 3
27 129 3
27 242 3
27 262 3
28 29 3
28 30 3
28 32 3
28 59 3
28 129 3
28 179 3
28 217 3
29 30 3
29 32 3
29 33 3
29 99 3
30 33 3
30 76 3
30 123 3
30 158 3
30 294 3
30 310 3
31 33 3
31 34 3
31 35 3
31 249 3
31 264 3
32 33 3
32 35 3
32 37 3
32 138 3
32 225 3
33 35 3
33 37 3
33 96 3
34 36 3
34 37 3
34 212 3
34 252 3
35 37 3
35 38 3
35 39 3
35 95 3
35 108 3
36 37 3
36 38 3
36 75 3
36 163 3
36 234 3
36 275 3
36 292 3
37 38 3
37 41 3
37 112 3
37 152 3
37 302 3
38 40 3
38 41 3
38 69 3
38 73 3
38 108 3
38 202 3
39 40 3
39 41 3
39 42 3
39 81 3
39 89 3
39 90 3
39 185 3
39 199 3
39 217 3
40 42 3
40 114 3
40 138 3
40 225 3
40 309 3
41 43 3
41 44 3
41 45 3
41 108 3
41 226 3
42 43 3
42 97 3
42 135 3
42 147 3
42 161 3
42 235 3
43 44 3
43 45 3
43 46 3
43 47 3
43 78 3
44 46 3
44 108 3
44 199 3
45 56 3
45 105 3
45 211 3
46 48 3
46 200 3
46 287 3
46 299 3
47 48 3
47 49 3
47 74 3
48 49 3
48 50 3
48 52 3
48 84 3
48 126 3
48 244 3
49 50 3
49 51 3
49 53 3
49 173 3
49 214 3
49 239 3
49 265 3
50 51 3
50 52 3
50 158 3
51 53 3
51 66 3
52 53 3
52 55 3
52 79 3
53 54 3
53 56 3
53 168 3
53 311 3
54 102 3
54 129 3
55 150 3
55 231 3
55 279 3
55 293 3
56 57 3
56 89 3
56 280 3
57 59 3
57 60 3
57 195 3
58 59 3
58 61 3
58 112 3
58 182 3
58 197 3
59 61 3
59 62 3
59 63 3
59 145 3
59 200 3
60 61 3
60 62 3
60 63 3
61 63 3
61 92 3
61 112 3
61 318 3
62 63 3
62 270 3
63 64 3
63 65 3
63 101 3
63 136 3
63 174 3
64 65 3
64 68 3
64 125 3
64 142 3
64 157 3
64 218 3
64 225 3
64 245 3
65 66 3
65 141 3
65 172 3
65 191 3
65 214 3
66 68 3
66 221 3
66 272 3
67 68 3
67 69 3
68 69 3
68 207 3
69 70 3
69 71 3
70 72 3
70 74 3
70 198 3
71 72 3
71 73 3
71 74 3
71 75 3
72 74 3
72 76 3
72 92 3
72 212 3
72 218 3
72 219 3
72 267 3
73 74 3
73 75 3
73 76 3
73 77 3
73 116 3
73 252 3
73 284 3
74 76 3
74 78 3
74 83 3
74 104 3
74 156 3
74 206 3
75 77 3
75 78 3
75 257 3
76 77 3
76 79 3
76 81 3
77 79 3
77 204 3
78 79 3
78 136 3
78 185 3
78 244 3
79 80 3
79 83 3
79 191 3
79 231 3
80 83 3
80 84 3
80 180 3
80 223 3
80 255 3
80 263 3
81 82 3
81 96 3
81 115 3
81 199 3
81 217 3
82 83 3
82 85 3
82 130 3
82 244 3
82 245 3
82 271 3
83 85 3
83 87 3
83 116 3
83 161 3
83 178 3
84 85 3
84 87 3
84 88 3
84 164 3
85 87 3
85 89 3
85 188 3
85 252 3
86 88 3
86 90 3
86 263 3
87 88 3
87 89 3
87 91 3
88 155 3
88 262 3
89 90 3
89 93 3
89 100 3
89 124 3
89 204 3
90 92 3
90 99 3
90 120 3
90 297 3
91 93 3
91 94 3
91 247 3
91 327 3
92 133 3
93 95 3
93 96 3
93 153 3
93 270 3
94 95 3
94 96 3
94 237 3
95 98 3
95 113 3
95 176 3
95 241 3
95 329 3
96 98 3
96 172 3
96 194 3
96 221 3
97 99 3
97 327 3
98 99 3
98 100 3
98 101 3
99 100 3
99 101 3
99 103 3
99 151 3
99 311 3
100 102 3
100 220 3
100 282 3
101 102 3
101 104 3
101 105 3
102 103 3
102 106 3
102 146 3
102 168 3
102 331 3
103 105 3
103 132 3
103 137 3
103 142 3
104 119 3
104 132 3
104 306 3
105 106 3
105 107 3
105 108 3
106 107 3
106 108 3
106 109 3
106 110 3
106 164 3
106 200 3
106 270 3
107 109 3
107 110 3
107 115 3
107 273 3
108 110 3
108 112 3
108 116 3
109 110 3
109 111 3
109 112 3
110 111 3
110 112 3
110 113 3
110 240 3
110 278 3
111 112 3
111 113 3
111 114 3
111 221 3
112 168 3
112 172 3
112 222 3
112 289 3
113 114 3
113 116 3
113 117 3
115 118 3
115 133 3
115 313 3
116 118 3
116 119 3
117 119 3
117 120 3
117 129 3
117 226 3
117 271 3
118 120 3
118 215 3
118 255 3
119 198 3
119 230 3
119 275 3
120 253 3
120 328 3
121 122 3
121 124 3
121 125 3
121 134 3
122 123 3
122 125 3
122 234 3
123 125 3
123 126 3
123 127 3
123 322 3
124 125 3
124 156 3
124 231 3
125 126 3
125 127 3
125 226 3
126 128 3
126 158 3
127 128 3
127 129 3
127 131 3
127 140 3
127 174 3
127 194 3
127 274 3
128 130 3
128 131 3
128 230 3
128 272 3
129 130 3
130 131 3
130 134 3
130 139 3
130 219 3
131 132 3
131 133 3
131 135 3
131 156 3
132 236 3
132 249 3
133 134 3
133 135 3
133 136 3
134 137 3
134 250 3
135 136 3
135 139 3
135 173 3
135 302 3
136 140 3
136 225 3
137 138 3
137 139 3
137 140 3
137 141 3
138 139 3
138 140 3
138 142 3
139 141 3
139 143 3
140 142 3
141 142 3
141 143 3
141 289 3
142 143 3
142 237 3
143 144 3
143 145 3
143 201 3
144 147 3
144 297 3
145 147 3
145 148 3
145 215 3
145 283 3
146 147 3
146 150 3
146 268 3
147 151 3
147 179 3
148 149 3
148 150 3
148 191 3
148 261 3
148 283 3
149 150 3
149 151 3
149 250 3
150 151 3
150 152 3
150 243 3
151 153 3
151 154 3
151 155 3
151 220 3
152 153 3
152 154 3
152 156 3
152 219 3
152 270 3
153 154 3
153 157 3
153 257 3
153 320 3
154 155 3
154 156 3
154 161 3
155 156 3
155 159 3
155 198 3
155 231 3
155 306 3
156 160 3
156 234 3
157 158 3
157 171 3
157 230 3
157 247 3
157 316 3
158 160 3
158 161 3
158 162 3
159 244 3
159 264 3
159 271 3
160 162 3
160 229 3
161 163 3
161 218 3
161 300 3
162 163 3
162 164 3
162 165 3
163 167 3
164 168 3
164 301 3
165 167 3
165 168 3
165 169 3
165 178 3
166 168 3
166 280 3
166 289 3
167 170 3
167 215 3
167 216 3
168 170 3
168 172 3
168 236 3
169 170 3
169 171 3
169 172 3
169 173 3
169 192 3
169 299 3
170 171 3
170 172 3
170 174 3
170 229 3
171 172 3
171 173 3
171 174 3
172 173 3
172 174 3
172 229 3
173 175 3
173 255 3
174 175 3
174 176 3
174 181 3
174 233 3
174 261 3
175 176 3
175 177 3
175 178 3
175 227 3
176 178 3
176 179 3
176 181 3
177 179 3
177 180 3
177 244 3
178 179 3
178 181 3
178 248 3
178 270 3
178 284 3
179 180 3
179 181 3
179 183 3
179 285 3
180 181 3
180 182 3
180 267 3
181 184 3
181 185 3
182 184 3
182 185 3
182 186 3
182 313 3
183 184 3
183 185 3
183 187 3
184 186 3
184 187 3
185 188 3
186 190 3
186 294 3
187 189 3
188 189 3
188 274 3
189 190 3
189 191 3
189 192 3
189 193 3
189 206 3
189 211 3
190 191 3
190 192 3
190 193 3
190 194 3
191 192 3
191 194 3
191 195 3
191 241 3
192 193 3
192 195 3
193 194 3
193 195 3
193 196 3
193 197 3
193 326 3
194 198 3
194 300 3
195 196 3
195 197 3
195 199 3
196 197 3
196 198 3
196 200 3
196 290 3
197 199 3
197 200 3
198 200 3
198 202 3
198 263 3
198 286 3
199 202 3
199 203 3
200 250 3
201 283 3
201 307 3
202 203 3
202 254 3
202 300 3
203 204 3
203 205 3
203 207 3
204 205 3
204 263 3
204 298 3
205 207 3
206 208 3
206 210 3
207 209 3
207 210 3
207 211 3
207 221 3
208 209 3
208 210 3
208 211 3
209 210 3
209 211 3
209 213 3
210 211 3
210 212 3
211 213 3
211 214 3
211 215 3
212 213 3
212 216 3
213 214 3
213 215 3
213 216 3
214 217 3
215 217 3
215 315 3
216 217 3
216 218 3
217 219 3
217 221 3
218 219 3
218 220 3
218 221 3
219 222 3
219 262 3
219 285 3
220 222 3
220 224 3
220 235 3
220 263 3
220 272 3
221 222 3
221 223 3
221 224 3
222 225 3
222 226 3
223 225 3
223 226 3
223 245 3
223 283 3
224 226 3
224 273 3
225 227 3
226 229 3
226 249 3
227 230 3
228 229 3
228 231 3
228 254 3
229 231 3
229 232 3
229 233 3
230 231 3
230 232 3
230 233 3
230 234 3
231 297 3
231 315 3
232 233 3
232 234 3
233 234 3
233 236 3
234 237 3
235 236 3
235 237 3
236 238 3
237 238 3
237 241 3
238 240 3
238 241 3
238 259 3
239 240 3
239 241 3
239 242 3
240 241 3
240 242 3
242 243 3
242 244 3
243 245 3
243 246 3
243 247 3
244 245 3
244 277 3
245 246 3
245 248 3
246 248 3
246 253 3
247 249 3
248 249 3
248 279 3
249 251 3
249 252 3
249 253 3
250 251 3
250 252 3
250 254 3
251 252 3
251 253 3
251 255 3
252 254 3
252 286 3
253 254 3
253 296 3
254 255 3
254 256 3
254 257 3
254 258 3
255 256 3
256 257 3
256 258 3
256 259 3
257 258 3
257 259 3
258 260 3
259 260 3
259 261 3
259 262 3
259 263 3
260 261 3
260 262 3
260 264 3
261 262 3
261 263 3
261 265 3
263 265 3
263 266 3
263 267 3
263 331 3
264 266 3
265 266 3
265 268 3
266 267 3
266 268 3
266 269 3
266 319 3
267 268 3
267 269 3
267 271 3
267 317 3
268 270 3
268 272 3
268 273 3
269 270 3
269 271 3
269 273 3
270 273 3
270 291 3
271 272 3
271 274 3
271 287 3
273 274 3
274 277 3
275 276 3
276 277 3
276 278 3
276 279 3
276 280 3
276 290 3
277 278 3
277 279 3
277 280 3
277 300 3
278 279 3
278 280 3
278 295 3
279 281 3
279 282 3
280 281 3
280 282 3
280 283 3
280 284 3
281 282 3
281 283 3
281 284 3
282 283 3
282 284 3
282 285 3
282 303 3
284 286 3
284 287 3
284 288 3
285 287 3
285 288 3
286 287 3
286 288 3
286 289 3
287 290 3
287 296 3
288 289 3
288 290 3
288 291 3
288 292 3
288 327 3
289 291 3
290 291 3
290 293 3
291 292 3
291 293 3
292 293 3
292 296 3
292 304 3
293 296 3
293 297 3
293 306 3
294 295 3
294 296 3
294 297 3
294 298 3
295 296 3
295 297 3
295 298 3
295 299 3
295 302 3
296 297 3
296 298 3
296 300 3
297 299 3
298 300 3
298 301 3
299 300 3
299 301 3
299 303 3
300 303 3
301 302 3
301 303 3
302 304 3
302 305 3
303 304 3
303 305 3
303 306 3
304 305 3
304 306 3
304 307 3
304 308 3
305 306 3
305 307 3
305 308 3
306 308 3
306 309 3
307 308 3
307 309 3
307 310 3
308 309 3
308 310 3
308 311 3
309 310 3
309 311 3
309 312 3
310 311 3
310 313 3
311 312 3
311 313 3
311 314 3
311 315 3
312 313 3
312 314 3
312 315 3
313 315 3
313 316 3
314 315 3
314 316 3
314 317 3
315 316 3
315 318 3
316 317 3
316 318 3
316 319 3
317 319 3
317 320 3
318 319 3
318 321 3
318 322 3
319 321 3
320 321 3
320 323 3
321 322 3
321 323 3
321 324 3
322 323 3
322 325 3
323 325 3
323 326 3
323 327 3
324 325 3
324 326 3
324 327 3
324 328 3
325 326 3
325 327 3
325 328 3
326 327 3
326 328 3
326 330 3
327 329 3
327 330 3
328 329 3
328 330 3
329 330 3
329 331 3
329 332 3
330 331 3
330 332 3
