4 108 1
108 267 1
70 108 1
240 267 1
172 267 1
134 240 1
17 108 1
35 70 1
227 267 1
9 134 1
70 142 1
187 267 1
108 120 1
87 240 1
108 233 1
70 151 1
108 174 1
108 260 1
17 132 1
54 108 1
108 205 1
142 194 1
108 170 1
130 134 1
142 193 1
17 232 1
67 87 1
52 260 1
125 267 1
100 267 1
121 193 1
83 108 1
108 250 1
107 108 1
142 214 1
56 267 1
17 30 1
15 70 1
18 70 1
1 108 1
108 127 1
11 108 1
70 133 1
8 108 1
112 240 1
133 195 1
108 171 1
96 108 1
17 234 1
108 226 1
74 187 1
261 267 1
108 247 1
140 267 1
70 263 1
133 209 1
134 267 1
70 165 1
142 274 1
108 133 1
116 240 1
142 228 1
133 177 1
108 261 1
79 240 1
113 133 1
148 165 1
108 265 1
113 267 1
134 266 1
17 135 1
219 260 1
108 180 1
108 234 1
109 267 1
110 133 1
220 267 1
8 45 1
122 263 1
9 108 1
5 240 1
56 211 1
64 108 1
17 186 1
108 220 1
55 108 1
45 96 1
115 187 1
108 199 1
108 154 1
28 209 1
74 165 1
98 240 1
93 240 1
108 223 1
240 243 1
34 108 1
106 199 1
17 163 1
41 133 1
100 252 1
186 253 1
210 240 1
106 267 1
108 194 1
28 126 1
105 142 1
11 160 1
1 134 1
88 108 1
78 240 1
108 228 1
127 228 1
108 209 1
50 250 1
191 267 1
83 214 1
106 108 1
70 195 1
134 250 1
108 184 1
17 18 1
108 192 1
17 152 1
18 267 1
19 108 1
11 265 1
46 134 1
11 185 1
192 211 1
112 245 1
159 240 1
232 267 1
115 193 1
240 250 1
202 266 1
87 190 1
18 115 1
134 138 1
11 95 1
108 215 1
82 108 1
147 240 1
65 267 1
35 125 1
65 252 1
160 188 1
108 134 1
70 101 1
27 108 1
137 240 1
24 127 1
61 240 1
25 45 1
108 169 1
46 74 1
106 189 1
209 212 1
17 237 1
58 265 1
215 240 1
108 214 1
108 165 1
87 175 1
108 248 1
74 108 1
28 120 1
51 267 1
70 178 1
77 193 1
11 105 1
56 269 1
9 140 1
95 169 1
34 113 1
17 263 1
148 240 1
36 108 1
21 148 1
99 108 1
26 134 1
71 209 1
153 253 1
108 111 1
83 275 1
185 230 1
45 158 1
187 237 1
226 234 1
108 208 1
103 134 1
214 222 1
108 231 1
62 142 1
95 261 1
94 115 1
5 267 1
83 134 1
197 267 1
142 267 1
191 197 1
6 228 1
108 187 1
61 192 1
215 252 1
167 267 1
240 256 1
64 237 1
17 168 1
149 197 1
133 227 1
21 182 1
106 176 1
5 84 1
11 16 1
147 213 1
21 134 1
133 217 1
19 70 1
134 156 1
64 267 1
61 150 1
103 108 1
42 108 1
70 181 1
6 240 1
133 189 1
10 70 1
19 253 1
133 143 1
17 134 1
91 108 1
37 70 1
183 267 1
118 240 1
70 121 1
51 105 1
14 45 1
31 153 1
108 206 1
159 267 1
22 108 1
22 213 1
228 253 1
17 247 1
19 236 1
107 240 1
89 108 1
18 92 1
174 211 1
16 170 1
55 134 1
36 179 1
16 138 1
22 251 1
87 258 1
138 214 1
133 236 1
216 237 1
52 56 1
151 228 1
18 57 1
108 157 1
174 255 1
143 240 1
94 267 1
103 139 1
23 133 1
108 236 1
246 250 1
98 146 1
108 176 1
8 207 1
89 133 1
218 267 1
90 108 1
68 159 1
68 227 1
99 134 1
13 266 1
155 240 1
19 198 1
14 235 1
49 165 1
17 226 1
87 273 1
240 244 1
103 202 1
108 246 1
12 240 1
59 237 1
111 178 1
66 134 1
134 202 1
108 221 1
134 154 1
99 209 1
27 137 1
52 115 1
10 21 1
168 231 1
133 271 1
108 163 1
108 262 1
28 230 1
227 240 1
168 200 1
41 112 1
11 118 1
11 267 1
107 228 1
91 214 1
167 234 1
204 240 1
240 273 1
16 240 1
35 98 1
89 264 1
182 209 1
98 108 1
4 17 1
108 198 1
108 256 1
56 260 1
98 155 1
108 268 1
133 258 1
108 159 1
45 51 1
69 111 1
91 240 1
142 250 1
70 172 1
51 246 1
21 250 1
37 108 1
195 240 1
142 201 1
108 136 1
70 169 1
108 203 1
131 215 1
18 206 1
240 258 1
11 91 1
36 192 1
79 108 1
23 108 1
21 267 1
11 266 1
6 111 1
219 240 1
66 251 1
108 275 1
63 195 1
86 108 1
56 250 1
56 188 1
9 120 1
66 72 1
100 201 1
23 266 1
102 108 1
198 254 1
134 180 1
24 33 1
170 253 1
55 123 1
16 185 1
22 85 1
88 240 1
15 142 1
45 256 1
191 228 1
228 257 1
45 72 1
19 180 1
163 270 1
108 166 1
22 170 1
45 273 1
237 256 1
153 195 1
111 198 1
124 134 1
133 135 1
195 256 1
33 172 1
11 241 1
77 253 1
18 108 1
108 140 1
55 97 1
106 156 1
56 221 1
226 240 1
130 232 1
51 78 1
120 159 1
108 153 1
220 254 1
61 70 1
80 275 1
27 242 1
45 167 1
151 209 1
100 244 1
201 237 1
33 250 1
78 171 1
121 240 1
141 266 1
108 266 1
255 266 1
16 108 1
25 47 1
91 203 1
108 239 1
61 108 1
45 49 1
54 240 1
9 238 1
96 134 1
100 268 1
134 182 1
49 140 1
90 180 1
192 267 1
34 267 1
165 252 1
50 118 1
112 264 1
70 258 1
111 175 1
108 210 1
75 240 1
48 197 1
108 112 1
240 251 1
183 188 1
175 229 1
76 108 1
251 271 1
17 193 1
108 158 1
66 142 1
134 234 1
130 193 1
108 168 1
8 115 1
133 140 1
94 97 1
49 134 1
97 144 1
133 238 1
226 245 1
170 267 1
16 148 1
222 267 1
192 226 1
37 192 1
134 197 1
7 220 1
40 77 1
64 191 1
133 161 1
108 137 1
7 108 1
87 186 1
124 240 1
129 192 1
237 262 1
43 86 1
106 139 1
267 272 1
35 240 1
40 267 1
108 254 1
17 86 1
70 261 1
113 168 1
74 221 1
108 230 1
206 240 1
6 17 1
97 127 1
44 165 1
125 213 1
6 81 1
38 50 1
183 273 1
4 158 1
17 245 1
82 240 1
98 203 1
21 249 1
87 245 1
166 246 1
87 158 1
110 135 1
191 242 1
84 168 1
4 163 1
44 142 1
218 243 1
4 272 1
70 200 1
82 267 1
16 115 1
62 195 1
70 72 1
70 77 1
78 232 1
8 178 1
11 274 1
168 197 1
60 142 1
11 131 1
79 134 1
108 274 1
64 109 1
66 159 1
74 97 1
18 230 1
134 136 1
39 96 1
51 127 1
92 108 1
56 202 1
130 267 1
70 120 1
108 129 1
85 180 1
118 196 1
45 119 1
115 252 1
60 120 1
142 180 1
6 190 1
241 254 1
79 187 1
240 246 1
215 267 1
49 60 1
165 267 1
151 248 1
20 138 1
70 253 1
132 240 1
142 179 1
183 269 1
208 240 1
142 268 1
108 225 1
70 116 1
45 56 1
221 247 1
33 189 1
24 224 1
133 251 1
10 143 1
14 77 1
134 161 1
151 158 1
56 252 1
108 263 1
169 178 1
170 263 1
56 88 1
23 91 1
4 140 1
92 181 1
56 246 1
142 197 1
60 205 1
230 246 1
77 108 1
9 267 1
45 213 1
18 178 1
77 136 1
16 229 1
49 158 1
240 266 1
134 193 1
36 175 1
51 254 1
17 262 1
48 247 1
240 245 1
2 241 1
17 191 1
153 239 1
88 220 1
115 245 1
241 273 1
64 99 1
168 232 1
153 171 1
80 267 1
17 78 1
178 267 1
110 111 1
161 169 1
135 139 1
73 108 1
115 186 1
136 240 1
204 214 1
161 262 1
57 74 1
119 133 1
12 134 1
161 238 1
165 263 1
129 130 1
112 267 1
134 233 1
9 67 1
190 267 1
6 134 1
56 84 1
67 108 1
17 58 1
108 118 1
54 133 1
56 138 1
90 137 1
133 237 1
134 245 1
6 108 1
53 70 1
108 126 1
128 190 1
22 198 1
14 267 1
4 250 1
137 151 1
32 108 1
41 203 1
174 240 1
19 239 1
140 262 1
16 89 1
130 188 1
121 133 1
6 214 1
195 238 1
110 227 1
69 261 1
108 113 1
4 73 1
36 170 1
70 113 1
209 261 1
126 240 1
108 144 1
101 240 1
55 133 1
108 242 1
35 55 1
67 271 1
96 267 1
101 267 1
108 252 1
108 124 1
20 120 1
20 108 1
140 192 1
63 108 1
38 272 1
10 181 1
26 185 1
91 213 1
152 192 1
163 246 1
88 274 1
70 203 1
231 267 1
112 175 1
70 242 1
71 85 1
87 174 1
113 240 1
142 173 1
86 241 1
27 250 1
39 258 1
204 250 1
119 221 1
2 240 1
32 246 1
69 101 1
60 240 1
165 226 1
15 108 1
70 99 1
186 240 1
108 212 1
133 212 1
199 237 1
162 174 1
156 266 1
108 237 1
108 147 1
21 275 1
229 239 1
173 209 1
16 267 1
17 125 1
30 239 1
70 225 1
164 212 1
89 240 1
247 249 1
90 260 1
38 108 1
45 120 1
50 133 1
41 134 1
90 225 1
64 135 1
259 260 1
91 209 1
33 252 1
122 253 1
240 249 1
4 249 1
133 266 1
16 257 1
71 245 1
107 257 1
70 141 1
142 217 1
70 255 1
10 108 1
17 68 1
211 222 1
22 90 1
85 165 1
235 240 1
13 212 1
47 253 1
142 230 1
72 247 1
226 267 1
238 255 1
242 267 1
200 227 1
134 177 1
223 267 1
108 141 1
74 115 1
89 263 1
73 263 1
128 178 1
