260 292 2
171 292 2
10 292 2
9 292 2
44 292 2
282 292 2
240 292 2
174 292 2
160 292 2
207 260 2
86 260 2
226 292 2
76 282 2
187 207 2
62 160 2
207 256 2
9 49 2
125 292 2
38 260 2
264 292 2
54 282 2
255 292 2
175 207 2
76 168 2
179 292 2
15 292 2
12 62 2
11 86 2
37 54 2
137 292 2
118 292 2
144 292 2
260 283 2
189 255 2
49 266 2
11 129 2
21 292 2
62 302 2
144 240 2
185 292 2
292 295 2
91 260 2
92 292 2
225 292 2
209 275 2
137 240 2
115 144 2
60 292 2
152 292 2
92 207 2
204 256 2
118 170 2
225 290 2
132 292 2
71 292 2
146 292 2
171 260 2
197 292 2
36 292 2
99 260 2
70 292 2
217 292 2
112 290 2
7 137 2
138 292 2
11 139 2
177 292 2
9 10 2
271 292 2
75 168 2
204 221 2
65 144 2
122 138 2
15 31 2
10 132 2
207 237 2
9 220 2
62 213 2
148 292 2
37 292 2
62 197 2
95 144 2
292 296 2
197 204 2
10 302 2
148 165 2
76 292 2
35 292 2
46 302 2
2 220 2
92 101 2
49 90 2
81 132 2
144 246 2
85 292 2
40 99 2
212 292 2
3 148 2
92 290 2
3 232 2
27 62 2
1 260 2
21 76 2
288 292 2
236 292 2
207 280 2
224 292 2
168 260 2
29 81 2
32 292 2
5 292 2
29 176 2
37 250 2
25 129 2
108 237 2
62 272 2
202 292 2
92 183 2
129 164 2
76 283 2
244 292 2
120 292 2
145 292 2
1 225 2
197 301 2
25 292 2
99 167 2
9 78 2
163 292 2
260 280 2
62 232 2
21 177 2
58 292 2
224 279 2
40 292 2
197 278 2
209 292 2
24 92 2
92 252 2
105 255 2
121 209 2
250 292 2
86 230 2
129 209 2
81 91 2
159 292 2
124 132 2
176 188 2
69 292 2
21 37 2
92 130 2
45 137 2
167 292 2
57 292 2
54 67 2
240 243 2
8 36 2
29 59 2
117 292 2
153 240 2
39 62 2
63 292 2
10 258 2
68 292 2
21 43 2
232 242 2
204 259 2
292 299 2
91 251 2
128 240 2
235 292 2
37 102 2
207 229 2
230 292 2
96 292 2
105 260 2
88 144 2
147 260 2
34 292 2
48 292 2
188 224 2
136 292 2
57 59 2
64 292 2
218 240 2
75 76 2
9 92 2
178 225 2
202 204 2
114 292 2
57 129 2
119 260 2
74 76 2
283 292 2
97 292 2
255 298 2
47 292 2
64 208 2
5 92 2
225 281 2
138 266 2
23 292 2
50 129 2
75 292 2
80 280 2
92 186 2
178 227 2
229 292 2
99 199 2
102 292 2
287 292 2
89 105 2
86 290 2
129 192 2
10 91 2
109 207 2
9 23 2
99 273 2
111 242 2
238 292 2
94 204 2
166 292 2
39 178 2
129 208 2
160 213 2
154 302 2
265 292 2
22 292 2
119 161 2
187 292 2
91 247 2
54 292 2
49 225 2
9 25 2
46 64 2
37 127 2
85 148 2
37 185 2
204 289 2
62 169 2
62 202 2
32 119 2
182 292 2
80 92 2
84 292 2
111 197 2
1 270 2
105 200 2
78 283 2
86 207 2
30 38 2
46 96 2
213 292 2
64 245 2
245 260 2
284 292 2
92 157 2
212 283 2
108 152 2
10 261 2
76 289 2
46 197 2
15 49 2
257 260 2
193 225 2
73 240 2
94 224 2
234 289 2
16 75 2
23 62 2
80 132 2
87 132 2
162 292 2
9 158 2
12 92 2
77 118 2
37 186 2
100 148 2
16 92 2
288 302 2
17 182 2
92 271 2
31 184 2
256 292 2
18 292 2
33 292 2
126 166 2
3 256 2
32 256 2
40 62 2
6 92 2
39 292 2
68 105 2
254 292 2
113 292 2
94 198 2
94 225 2
138 201 2
128 292 2
91 208 2
15 239 2
18 138 2
251 283 2
179 182 2
23 125 2
92 155 2
266 292 2
142 292 2
164 292 2
53 292 2
92 278 2
49 280 2
51 144 2
135 260 2
141 292 2
174 266 2
92 244 2
27 179 2
243 292 2
9 131 2
268 283 2
92 149 2
3 250 2
207 236 2
123 292 2
41 204 2
64 72 2
56 292 2
10 206 2
3 83 2
205 256 2
39 240 2
5 106 2
67 204 2
56 260 2
203 302 2
219 292 2
42 112 2
3 289 2
37 205 2
208 290 2
132 271 2
92 264 2
76 237 2
157 252 2
34 129 2
152 277 2
76 235 2
205 268 2
62 96 2
3 113 2
62 262 2
91 156 2
189 292 2
9 169 2
51 168 2
138 220 2
142 225 2
49 146 2
115 292 2
31 292 2
108 174 2
56 268 2
221 292 2
86 204 2
267 292 2
154 292 2
173 182 2
153 292 2
9 24 2
110 292 2
9 235 2
260 273 2
72 270 2
21 92 2
121 129 2
64 238 2
188 213 2
286 292 2
41 119 2
14 171 2
259 292 2
62 263 2
35 216 2
183 255 2
120 204 2
260 288 2
10 136 2
92 249 2
57 92 2
266 273 2
32 235 2
37 238 2
116 127 2
77 296 2
131 292 2
47 81 2
146 229 2
52 161 2
214 250 2
155 236 2
228 268 2
49 248 2
154 224 2
129 210 2
72 225 2
5 267 2
7 27 2
20 51 2
62 273 2
20 224 2
92 152 2
1 17 2
110 163 2
226 282 2
30 260 2
9 105 2
20 292 2
203 232 2
85 225 2
101 289 2
89 145 2
29 252 2
124 292 2
62 285 2
94 271 2
53 218 2
191 240 2
187 259 2
10 204 2
195 292 2
96 278 2
27 138 2
59 239 2
53 92 2
52 132 2
281 283 2
2 292 2
137 258 2
69 92 2
92 141 2
10 127 2
125 162 2
29 292 2
284 297 2
96 199 2
221 230 2
127 272 2
223 244 2
246 292 2
205 292 2
54 134 2
34 283 2
180 205 2
240 300 2
62 83 2
214 292 2
175 271 2
62 157 2
46 94 2
99 268 2
120 205 2
210 292 2
76 202 2
128 248 2
197 212 2
31 91 2
59 136 2
62 239 2
290 292 2
82 292 2
67 172 2
5 193 2
175 292 2
92 301 2
126 183 2
11 12 2
92 228 2
197 264 2
143 292 2
220 250 2
44 92 2
86 118 2
34 76 2
113 260 2
37 258 2
138 226 2
178 256 2
99 292 2
11 62 2
86 258 2
29 46 2
187 224 2
125 204 2
273 292 2
207 228 2
121 125 2
134 292 2
3 162 2
28 76 2
230 265 2
92 240 2
165 243 2
140 292 2
100 154 2
228 292 2
20 191 2
201 204 2
158 292 2
18 199 2
9 76 2
85 273 2
13 260 2
80 120 2
185 231 2
91 172 2
253 292 2
60 260 2
62 292 2
148 207 2
188 283 2
15 54 2
5 101 2
85 202 2
178 292 2
244 283 2
153 217 2
132 300 2
258 272 2
85 254 2
138 209 2
82 288 2
62 146 2
92 194 2
86 299 2
128 267 2
194 292 2
26 29 2
237 251 2
90 207 2
86 108 2
92 153 2
11 52 2
157 292 2
84 94 2
62 266 2
100 292 2
81 292 2
11 99 2
126 197 2
89 92 2
79 240 2
167 173 2
10 37 2
248 292 2
68 286 2
165 292 2
76 134 2
37 252 2
27 292 2
62 128 2
30 49 2
92 185 2
11 110 2
90 292 2
1 202 2
62 124 2
101 140 2
49 80 2
206 240 2
64 260 2
101 236 2
76 107 2
31 90 2
129 278 2
84 260 2
97 246 2
12 76 2
275 292 2
154 284 2
28 278 2
51 94 2
24 240 2
86 135 2
109 292 2
9 104 2
9 233 2
162 240 2
61 91 2
29 43 2
111 260 2
91 166 2
108 292 2
101 129 2
203 292 2
186 204 2
9 32 2
85 153 2
8 99 2
122 268 2
56 240 2
224 225 2
145 260 2
13 266 2
100 266 2
112 197 2
204 292 2
62 297 2
137 209 2
198 292 2
65 231 2
237 292 2
76 155 2
83 153 2
17 46 2
167 260 2
3 6 2
19 292 2
92 124 2
141 266 2
144 283 2
62 189 2
14 252 2
112 163 2
44 129 2
139 205 2
37 170 2
62 110 2
159 296 2
99 298 2
212 214 2
74 292 2
166 267 2
9 192 2
92 215 2
26 292 2
207 254 2
82 266 2
280 292 2
129 292 2
227 292 2
77 292 2
15 94 2
38 92 2
76 209 2
104 292 2
236 260 2
132 302 2
78 225 2
62 190 2
92 281 2
33 259 2
15 204 2
20 37 2
50 188 2
49 292 2
107 240 2
260 294 2
147 266 2
108 207 2
3 178 2
167 253 2
80 283 2
124 225 2
151 296 2
178 211 2
16 292 2
276 292 2
15 158 2
37 58 2
83 292 2
1 292 2
203 275 2
29 93 2
85 297 2
9 12 2
81 92 2
37 70 2
272 292 2
26 203 2
86 171 2
135 142 2
264 286 2
207 301 2
188 204 2
177 207 2
158 192 2
134 260 2
86 238 2
28 292 2
129 134 2
239 292 2
224 266 2
168 214 2
92 238 2
219 260 2
207 209 2
9 56 2
230 294 2
83 227 2
179 246 2
37 165 2
39 59 2
56 255 2
258 292 2
127 259 2
94 292 2
216 292 2
37 296 2
272 302 2
62 217 2
10 78 2
99 201 2
62 215 2
268 292 2
92 221 2
87 292 2
11 60 2
81 260 2
92 209 2
114 179 2
68 200 2
92 229 2
65 117 2
93 148 2
127 292 2
6 260 2
136 185 2
99 293 2
92 138 2
213 284 2
6 117 2
10 55 2
292 300 2
133 135 2
49 68 2
176 230 2
219 255 2
231 237 2
81 270 2
142 211 2
138 256 2
62 277 2
7 84 2
37 138 2
9 278 2
88 302 2
40 212 2
46 208 2
230 267 2
29 162 2
92 198 2
61 292 2
21 226 2
94 115 2
227 258 2
99 294 2
37 220 2
31 260 2
34 106 2
176 292 2
111 292 2
96 243 2
274 292 2
92 98 2
43 268 2
45 104 2
3 219 2
14 129 2
138 287 2
9 110 2
83 194 2
9 13 2
101 155 2
104 231 2
231 300 2
100 129 2
250 257 2
144 154 2
17 301 2
129 233 2
31 177 2
39 223 2
191 204 2
41 275 2
9 214 2
187 293 2
51 292 2
101 163 2
76 238 2
5 77 2
41 176 2
25 258 2
204 298 2
37 124 2
31 78 2
84 220 2
10 142 2
10 291 2
148 270 2
277 292 2
91 193 2
25 228 2
131 191 2
107 292 2
144 259 2
95 260 2
18 64 2
169 272 2
69 91 2
99 194 2
97 231 2
148 293 2
48 146 2
52 225 2
64 131 2
207 214 2
9 16 2
120 289 2
80 159 2
39 285 2
11 125 2
15 119 2
132 188 2
11 101 2
92 222 2
132 247 2
48 207 2
3 15 2
201 224 2
49 199 2
108 218 2
86 251 2
224 289 2
77 286 2
48 92 2
279 292 2
215 292 2
11 292 2
18 85 2
56 153 2
89 268 2
208 292 2
188 292 2
156 292 2
136 197 2
105 108 2
13 204 2
170 185 2
43 260 2
79 292 2
138 178 2
125 148 2
46 84 2
183 231 2
129 279 2
136 246 2
213 225 2
209 296 2
129 240 2
129 288 2
84 225 2
155 167 2
43 286 2
225 280 2
92 158 2
7 292 2
49 154 2
158 260 2
106 193 2
38 138 2
172 292 2
229 275 2
21 260 2
81 262 2
56 92 2
91 255 2
92 151 2
170 292 2
76 170 2
64 225 2
138 288 2
86 213 2
141 213 2
76 143 2
180 292 2
129 250 2
98 292 2
101 195 2
85 286 2
46 292 2
187 261 2
108 254 2
81 221 2
77 91 2
24 190 2
137 155 2
163 286 2
62 208 2
102 118 2
29 207 2
211 260 2
26 293 2
182 248 2
133 292 2
16 209 2
260 263 2
100 280 2
92 133 2
204 274 2
73 292 2
154 216 2
