142 239 1
113 115 1
160 177 1
146 161 1
121 274 1
127 254 1
7 134 1
170 201 1
51 54 1
179 232 1
96 214 1
206 255 1
75 195 1
40 163 1
165 193 1
5 31 1
117 156 1
41 145 1
31 170 1
168 186 1
28 164 1
171 186 1
174 217 1
112 224 1
68 270 1
85 127 1
163 209 1
64 237 1
128 226 1
154 170 1
143 158 1
176 200 1
152 222 1
46 216 1
3 252 1
91 156 1
44 261 1
66 217 1
54 203 1
43 74 1
46 121 1
159 160 1
99 255 1
122 259 1
152 202 1
153 221 1
186 230 1
62 121 1
176 213 1
152 260 1
216 227 1
136 184 1
126 212 1
16 77 1
119 180 1
25 242 1
42 125 1
21 62 1
60 100 1
26 156 1
34 211 1
247 273 1
244 263 1
60 163 1
182 196 1
191 274 1
147 251 1
83 134 1
101 210 1
5 251 1
206 217 1
182 247 1
218 243 1
144 194 1
24 27 1
114 220 1
68 209 1
73 111 1
47 188 1
94 235 1
27 242 1
92 113 1
2 102 1
73 255 1
189 200 1
119 259 1
18 42 1
235 242 1
161 262 1
64 153 1
10 249 1
177 219 1
16 106 1
128 211 1
55 199 1
31 168 1
167 185 1
116 269 1
164 182 1
24 40 1
57 177 1
20 66 1
103 168 1
6 198 1
16 167 1
48 68 1
111 241 1
3 109 1
45 71 1
7 146 1
38 99 1
142 190 1
61 99 1
139 258 1
119 174 1
162 173 1
104 231 1
192 275 1
75 207 1
98 197 1
242 245 1
42 77 1
87 151 1
34 231 1
72 238 1
47 179 1
152 246 1
127 188 1
47 183 1
26 265 1
28 221 1
53 198 1
132 267 1
204 215 1
66 126 1
32 37 1
230 247 1
210 260 1
92 105 1
176 243 1
23 206 1
222 234 1
12 268 1
85 175 1
58 74 1
78 155 1
102 152 1
84 110 1
13 143 1
49 85 1
15 237 1
261 268 1
191 252 1
72 173 1
39 69 1
73 151 1
61 172 1
110 206 1
60 194 1
117 257 1
59 145 1
123 149 1
211 232 1
230 232 1
157 244 1
135 192 1
118 184 1
33 272 1
38 68 1
106 205 1
106 155 1
167 256 1
203 242 1
249 262 1
161 230 1
30 255 1
128 166 1
29 253 1
237 260 1
82 207 1
123 141 1
135 217 1
184 213 1
167 221 1
6 249 1
203 263 1
60 128 1
31 207 1
4 27 1
187 193 1
111 172 1
1 93 1
121 177 1
15 253 1
61 257 1
96 274 1
61 189 1
133 244 1
4 176 1
161 189 1
26 268 1
30 148 1
52 56 1
78 236 1
59 153 1
46 141 1
202 233 1
46 255 1
175 230 1
88 269 1
236 241 1
173 238 1
32 247 1
18 187 1
83 148 1
75 96 1
126 203 1
40 151 1
81 87 1
193 221 1
132 271 1
55 56 1
10 127 1
229 272 1
66 250 1
114 212 1
115 145 1
132 184 1
4 214 1
13 257 1
61 252 1
4 16 1
96 101 1
18 242 1
41 251 1
96 165 1
16 30 1
135 258 1
12 109 1
78 125 1
192 197 1
105 147 1
79 201 1
16 189 1
171 235 1
29 88 1
196 231 1
91 208 1
16 58 1
102 208 1
33 266 1
181 214 1
40 158 1
73 169 1
25 27 1
171 221 1
96 194 1
21 203 1
116 272 1
36 108 1
163 216 1
195 271 1
13 163 1
180 203 1
30 220 1
113 129 1
170 172 1
55 67 1
16 86 1
110 223 1
195 270 1
15 55 1
188 257 1
62 187 1
98 222 1
137 169 1
40 241 1
52 132 1
128 212 1
224 232 1
221 241 1
77 137 1
20 115 1
68 200 1
168 187 1
34 106 1
88 162 1
120 227 1
31 222 1
13 196 1
58 130 1
46 57 1
66 175 1
27 97 1
2 205 1
119 127 1
80 150 1
132 141 1
99 200 1
11 217 1
92 250 1
130 268 1
113 215 1
38 81 1
20 245 1
26 233 1
14 180 1
71 79 1
168 231 1
232 258 1
109 249 1
124 227 1
84 189 1
141 164 1
83 160 1
51 251 1
44 209 1
148 257 1
33 63 1
52 62 1
19 184 1
88 230 1
25 185 1
140 167 1
69 149 1
43 249 1
200 257 1
43 47 1
8 183 1
44 211 1
261 265 1
19 199 1
153 181 1
213 223 1
10 215 1
142 275 1
28 96 1
88 89 1
120 254 1
189 229 1
4 202 1
108 137 1
3 150 1
163 184 1
57 271 1
47 206 1
102 256 1
39 245 1
192 254 1
70 251 1
78 117 1
69 106 1
89 156 1
194 209 1
11 24 1
14 274 1
102 106 1
151 257 1
211 255 1
144 188 1
74 206 1
63 234 1
52 80 1
30 101 1
149 229 1
99 226 1
70 168 1
159 208 1
4 200 1
211 244 1
27 119 1
6 224 1
224 251 1
80 262 1
7 186 1
144 268 1
80 103 1
56 132 1
33 59 1
38 207 1
137 261 1
35 56 1
181 242 1
91 105 1
211 245 1
149 192 1
54 141 1
31 154 1
17 268 1
179 233 1
23 101 1
171 254 1
16 262 1
136 177 1
222 273 1
133 190 1
95 205 1
20 100 1
76 221 1
107 268 1
160 246 1
1 10 1
2 38 1
147 169 1
57 68 1
105 125 1
199 204 1
62 207 1
43 238 1
152 217 1
146 175 1
123 151 1
43 76 1
149 249 1
68 219 1
34 77 1
97 223 1
142 230 1
12 95 1
87 219 1
10 116 1
24 199 1
120 223 1
143 186 1
162 236 1
213 214 1
62 258 1
177 241 1
137 214 1
51 81 1
34 236 1
34 130 1
183 263 1
149 154 1
151 235 1
97 143 1
121 244 1
67 191 1
86 240 1
3 253 1
46 69 1
92 180 1
57 130 1
82 143 1
132 147 1
100 181 1
28 187 1
60 272 1
148 182 1
19 155 1
15 139 1
233 275 1
116 207 1
43 61 1
240 270 1
87 129 1
145 258 1
143 226 1
2 167 1
101 234 1
72 79 1
110 258 1
106 107 1
43 164 1
131 213 1
22 44 1
77 195 1
160 255 1
22 36 1
182 220 1
74 262 1
8 268 1
13 208 1
87 233 1
68 179 1
187 250 1
146 174 1
109 128 1
28 157 1
12 17 1
212 241 1
33 194 1
131 164 1
43 78 1
174 186 1
49 225 1
94 247 1
56 180 1
13 106 1
9 143 1
206 232 1
102 135 1
104 121 1
106 260 1
148 274 1
148 265 1
58 210 1
60 218 1
14 221 1
8 137 1
188 238 1
36 56 1
57 111 1
39 92 1
234 275 1
200 231 1
59 165 1
209 268 1
40 56 1
130 204 1
154 190 1
70 125 1
130 211 1
34 67 1
20 80 1
41 84 1
43 97 1
120 251 1
207 211 1
14 84 1
170 213 1
191 211 1
125 149 1
80 204 1
41 86 1
9 230 1
79 240 1
52 231 1
85 174 1
85 256 1
126 254 1
21 65 1
184 222 1
30 271 1
119 161 1
165 265 1
99 181 1
247 252 1
57 182 1
99 175 1
61 142 1
139 161 1
100 158 1
59 119 1
80 189 1
144 244 1
67 86 1
52 81 1
48 249 1
119 238 1
89 217 1
65 201 1
239 274 1
24 140 1
176 229 1
39 123 1
157 266 1
15 49 1
95 275 1
115 121 1
115 200 1
44 187 1
158 160 1
1 91 1
56 275 1
19 217 1
6 273 1
97 148 1
120 121 1
13 22 1
12 225 1
212 215 1
45 227 1
44 141 1
198 255 1
37 164 1
56 228 1
80 213 1
47 264 1
213 263 1
31 255 1
129 159 1
188 255 1
2 34 1
166 251 1
201 207 1
20 177 1
17 221 1
34 123 1
45 141 1
30 165 1
221 234 1
134 190 1
122 158 1
96 114 1
93 110 1
3 145 1
98 191 1
99 124 1
99 101 1
32 264 1
42 176 1
193 203 1
51 262 1
5 103 1
247 268 1
186 205 1
44 213 1
247 272 1
110 165 1
67 151 1
79 222 1
20 176 1
20 137 1
237 275 1
119 263 1
145 171 1
30 72 1
88 168 1
68 274 1
172 246 1
60 82 1
52 149 1
2 48 1
120 167 1
64 157 1
42 235 1
10 214 1
136 146 1
135 233 1
228 259 1
128 274 1
124 180 1
76 88 1
75 225 1
121 155 1
91 197 1
80 248 1
81 239 1
21 84 1
54 124 1
147 166 1
14 33 1
26 256 1
55 90 1
37 38 1
35 43 1
42 166 1
92 117 1
41 130 1
10 68 1
161 264 1
117 252 1
114 216 1
11 75 1
176 198 1
47 64 1
229 240 1
220 231 1
10 254 1
35 167 1
47 77 1
88 202 1
119 170 1
125 204 1
149 210 1
134 247 1
111 137 1
89 250 1
163 203 1
103 137 1
201 237 1
26 202 1
154 256 1
10 146 1
57 265 1
176 188 1
128 275 1
80 148 1
234 253 1
228 263 1
206 242 1
171 250 1
54 93 1
210 230 1
156 171 1
155 181 1
97 185 1
38 120 1
27 71 1
176 247 1
186 214 1
90 102 1
190 250 1
44 170 1
208 274 1
15 184 1
35 117 1
185 210 1
89 119 1
41 244 1
72 167 1
27 263 1
64 133 1
107 204 1
160 243 1
52 181 1
153 222 1
136 148 1
4 194 1
57 89 1
117 192 1
34 103 1
151 165 1
116 120 1
37 160 1
51 85 1
108 263 1
39 240 1
22 203 1
168 170 1
181 219 1
127 228 1
100 249 1
140 252 1
18 73 1
86 217 1
45 189 1
216 271 1
86 267 1
57 245 1
18 28 1
21 135 1
5 211 1
207 252 1
144 232 1
15 102 1
206 240 1
18 90 1
30 34 1
66 199 1
106 160 1
9 171 1
157 204 1
14 112 1
148 168 1
135 176 1
155 185 1
35 66 1
90 163 1
199 272 1
184 250 1
90 148 1
57 259 1
86 114 1
18 56 1
