29 231 2
33 180 2
80 247 2
32 223 2
43 172 2
54 250 2
5 91 2
135 230 2
26 145 2
38 237 2
187 248 2
21 273 2
251 287 2
77 84 2
195 202 2
111 228 2
121 289 2
64 260 2
66 181 2
95 236 2
148 221 2
183 224 2
15 237 2
79 151 2
39 83 2
116 225 2
27 86 2
11 245 2
17 33 2
94 232 2
203 209 2
26 157 2
113 189 2
89 252 2
183 293 2
185 209 2
26 65 2
130 260 2
78 278 2
37 116 2
57 150 2
36 83 2
234 278 2
91 264 2
182 294 2
193 201 2
45 82 2
224 268 2
10 157 2
145 218 2
98 192 2
50 215 2
163 179 2
173 238 2
153 207 2
51 209 2
54 86 2
285 291 2
59 79 2
50 246 2
134 258 2
38 248 2
169 179 2
1 31 2
178 216 2
65 176 2
12 225 2
174 278 2
99 148 2
107 251 2
52 157 2
103 157 2
143 240 2
84 298 2
27 219 2
43 175 2
159 289 2
35 210 2
155 210 2
29 63 2
124 238 2
91 135 2
66 158 2
4 255 2
110 213 2
203 262 2
56 264 2
61 199 2
144 198 2
115 194 2
168 234 2
24 289 2
194 220 2
56 73 2
101 119 2
99 222 2
52 189 2
52 208 2
55 255 2
160 163 2
60 162 2
113 181 2
9 17 2
20 208 2
121 187 2
105 140 2
57 209 2
264 298 2
94 127 2
78 225 2
14 130 2
65 110 2
35 60 2
118 192 2
220 277 2
38 251 2
62 96 2
112 216 2
68 235 2
16 188 2
120 155 2
24 290 2
209 285 2
34 285 2
61 76 2
87 256 2
61 188 2
150 220 2
118 267 2
36 109 2
55 239 2
32 73 2
114 289 2
142 181 2
155 219 2
34 64 2
7 51 2
57 215 2
31 40 2
107 246 2
98 198 2
191 283 2
38 258 2
74 200 2
4 302 2
107 239 2
58 177 2
170 268 2
105 161 2
46 78 2
110 259 2
111 263 2
158 168 2
174 189 2
115 205 2
293 302 2
10 181 2
266 282 2
177 217 2
35 214 2
141 178 2
148 233 2
15 114 2
100 176 2
146 216 2
171 253 2
59 253 2
108 131 2
226 302 2
128 296 2
115 284 2
124 125 2
102 161 2
73 87 2
119 276 2
151 286 2
132 259 2
82 272 2
181 243 2
143 156 2
22 93 2
24 274 2
151 153 2
73 80 2
71 152 2
198 266 2
21 51 2
86 211 2
120 172 2
94 283 2
266 291 2
244 245 2
23 93 2
33 212 2
52 202 2
189 223 2
142 210 2
193 291 2
58 272 2
61 210 2
86 171 2
256 276 2
94 296 2
124 274 2
110 185 2
126 236 2
26 50 2
147 262 2
46 59 2
153 266 2
150 154 2
141 208 2
123 199 2
113 159 2
154 281 2
126 244 2
233 236 2
54 217 2
99 205 2
138 161 2
210 224 2
66 162 2
169 218 2
109 180 2
71 160 2
5 30 2
168 224 2
43 210 2
20 64 2
201 215 2
140 299 2
38 229 2
71 252 2
276 280 2
48 138 2
109 270 2
45 270 2
33 214 2
142 185 2
40 89 2
116 212 2
45 133 2
254 283 2
44 175 2
71 272 2
256 266 2
209 294 2
192 279 2
169 241 2
250 289 2
4 57 2
46 256 2
24 286 2
207 257 2
43 125 2
32 244 2
158 288 2
136 163 2
33 238 2
177 205 2
104 131 2
10 168 2
55 120 2
58 286 2
221 234 2
44 222 2
290 297 2
9 267 2
222 281 2
101 213 2
155 262 2
118 131 2
138 293 2
71 251 2
23 126 2
124 275 2
138 256 2
73 133 2
115 190 2
108 128 2
46 172 2
27 33 2
164 292 2
39 140 2
209 252 2
168 241 2
67 102 2
239 283 2
57 232 2
8 77 2
55 280 2
8 201 2
29 114 2
1 78 2
143 205 2
107 188 2
72 131 2
218 234 2
120 257 2
26 71 2
7 204 2
3 194 2
73 174 2
127 239 2
103 244 2
155 204 2
102 220 2
31 162 2
130 237 2
29 271 2
133 138 2
156 209 2
72 264 2
79 138 2
24 209 2
105 225 2
213 296 2
225 286 2
161 165 2
108 266 2
9 101 2
18 118 2
108 278 2
46 236 2
72 212 2
45 204 2
55 205 2
166 252 2
87 124 2
145 242 2
44 293 2
67 204 2
35 291 2
185 200 2
148 292 2
161 248 2
278 299 2
102 263 2
6 253 2
35 161 2
77 236 2
203 281 2
152 289 2
110 142 2
82 239 2
229 255 2
19 123 2
128 156 2
6 10 2
53 151 2
213 300 2
96 296 2
56 186 2
95 135 2
59 128 2
133 293 2
59 193 2
45 112 2
43 251 2
155 279 2
28 105 2
149 203 2
29 123 2
2 126 2
36 52 2
33 276 2
67 262 2
119 120 2
178 277 2
244 267 2
9 302 2
118 156 2
45 196 2
64 197 2
90 172 2
70 301 2
119 238 2
98 239 2
134 243 2
216 288 2
164 247 2
188 283 2
87 100 2
4 62 2
247 276 2
24 282 2
179 244 2
95 286 2
72 158 2
180 241 2
176 247 2
9 180 2
104 295 2
114 235 2
99 235 2
97 146 2
43 124 2
130 284 2
222 285 2
189 195 2
212 227 2
168 172 2
87 266 2
152 158 2
29 121 2
64 95 2
103 203 2
193 243 2
55 206 2
123 137 2
153 268 2
194 233 2
90 212 2
9 19 2
194 207 2
118 201 2
70 114 2
200 283 2
31 132 2
56 151 2
150 159 2
59 212 2
153 250 2
151 249 2
69 205 2
53 287 2
34 215 2
121 246 2
124 264 2
13 127 2
23 166 2
128 280 2
92 109 2
120 177 2
230 238 2
94 271 2
75 178 2
22 150 2
28 96 2
171 230 2
155 162 2
196 283 2
68 224 2
12 189 2
139 186 2
47 202 2
25 161 2
24 251 2
133 199 2
68 69 2
34 126 2
160 199 2
6 212 2
218 237 2
86 99 2
165 261 2
145 239 2
2 154 2
66 163 2
190 249 2
87 301 2
158 294 2
13 112 2
106 242 2
171 211 2
6 33 2
164 205 2
114 231 2
144 169 2
46 267 2
210 230 2
166 223 2
50 72 2
114 165 2
52 235 2
58 233 2
49 137 2
88 246 2
62 191 2
185 272 2
60 191 2
262 302 2
50 228 2
73 218 2
70 116 2
180 297 2
24 101 2
73 158 2
20 172 2
104 184 2
69 242 2
33 205 2
118 290 2
49 148 2
7 29 2
17 64 2
16 217 2
23 266 2
93 242 2
9 181 2
58 208 2
3 231 2
156 160 2
26 302 2
177 183 2
127 245 2
122 159 2
108 148 2
277 293 2
156 281 2
19 172 2
42 235 2
62 186 2
125 198 2
74 154 2
59 131 2
130 131 2
285 288 2
285 290 2
6 162 2
133 163 2
104 283 2
251 291 2
88 263 2
242 243 2
241 258 2
111 280 2
191 296 2
39 84 2
116 190 2
158 246 2
247 287 2
74 230 2
59 269 2
212 273 2
72 220 2
21 103 2
52 91 2
139 270 2
50 207 2
78 288 2
162 188 2
50 266 2
179 302 2
134 292 2
190 289 2
132 235 2
4 273 2
59 237 2
60 270 2
207 277 2
5 37 2
87 295 2
96 262 2
143 223 2
166 300 2
24 128 2
89 185 2
59 73 2
89 204 2
48 276 2
190 280 2
105 158 2
161 281 2
38 91 2
128 297 2
10 162 2
3 302 2
93 248 2
169 264 2
126 233 2
58 166 2
47 149 2
147 219 2
103 233 2
119 151 2
6 204 2
6 126 2
105 162 2
164 252 2
140 291 2
150 244 2
148 241 2
94 152 2
29 111 2
260 261 2
123 234 2
15 80 2
159 167 2
268 297 2
89 113 2
114 292 2
116 239 2
277 295 2
39 156 2
177 224 2
142 166 2
22 289 2
102 171 2
78 131 2
35 281 2
87 211 2
101 156 2
20 288 2
259 282 2
45 287 2
92 96 2
32 206 2
22 33 2
69 180 2
100 175 2
14 245 2
264 265 2
64 301 2
76 132 2
109 192 2
111 279 2
17 266 2
2 75 2
32 285 2
268 282 2
69 74 2
61 104 2
91 274 2
125 150 2
158 300 2
100 249 2
9 209 2
7 62 2
191 270 2
83 160 2
193 299 2
13 134 2
156 208 2
13 136 2
237 294 2
7 99 2
60 158 2
30 110 2
232 246 2
101 179 2
125 227 2
201 236 2
31 260 2
240 300 2
18 148 2
143 155 2
210 288 2
61 153 2
165 192 2
126 195 2
154 291 2
130 214 2
146 239 2
90 243 2
117 167 2
91 190 2
86 241 2
22 269 2
41 260 2
187 264 2
117 277 2
27 183 2
100 177 2
243 291 2
40 133 2
113 191 2
122 242 2
100 265 2
38 177 2
41 50 2
154 240 2
90 129 2
21 149 2
56 60 2
18 106 2
80 246 2
132 270 2
231 262 2
144 201 2
181 218 2
28 29 2
68 150 2
167 267 2
113 141 2
160 205 2
56 179 2
4 97 2
116 146 2
152 199 2
173 255 2
116 214 2
32 43 2
81 292 2
222 272 2
187 188 2
99 216 2
166 214 2
62 176 2
30 174 2
13 232 2
29 191 2
124 288 2
129 192 2
39 239 2
23 109 2
237 293 2
23 222 2
277 300 2
10 246 2
197 217 2
13 130 2
39 110 2
171 176 2
206 215 2
40 227 2
67 135 2
113 118 2
3 190 2
41 267 2
32 232 2
149 201 2
52 175 2
59 146 2
60 119 2
246 255 2
60 71 2
246 285 2
197 229 2
147 266 2
121 280 2
30 231 2
95 219 2
35 231 2
40 272 2
269 301 2
197 301 2
48 115 2
69 260 2
106 185 2
16 56 2
86 129 2
109 113 2
27 37 2
3 174 2
1 121 2
28 151 2
49 243 2
245 278 2
277 284 2
245 273 2
243 251 2
61 167 2
234 288 2
19 89 2
32 114 2
142 242 2
115 254 2
48 141 2
48 291 2
12 289 2
162 166 2
14 213 2
101 256 2
73 188 2
130 238 2
44 184 2
68 210 2
53 244 2
139 260 2
139 253 2
280 289 2
101 190 2
231 236 2
217 242 2
253 283 2
147 203 2
111 215 2
168 242 2
101 281 2
22 69 2
136 282 2
222 230 2
64 186 2
22 179 2
14 164 2
204 299 2
227 264 2
137 203 2
115 140 2
38 152 2
259 262 2
11 252 2
116 166 2
144 252 2
18 214 2
164 194 2
89 151 2
32 113 2
53 166 2
49 150 2
65 112 2
199 274 2
10 109 2
9 161 2
146 268 2
96 118 2
278 281 2
209 226 2
120 123 2
241 284 2
9 90 2
70 121 2
121 219 2
106 172 2
80 253 2
144 218 2
60 187 2
38 70 2
47 295 2
139 228 2
12 42 2
232 287 2
20 138 2
140 210 2
149 257 2
121 264 2
188 236 2
54 80 2
105 185 2
182 223 2
134 139 2
24 193 2
21 59 2
14 260 2
105 184 2
114 152 2
81 225 2
99 242 2
4 216 2
78 170 2
152 196 2
83 129 2
82 209 2
135 184 2
55 89 2
63 222 2
84 191 2
113 212 2
70 143 2
223 247 2
72 253 2
59 173 2
150 155 2
63 111 2
158 188 2
6 230 2
57 81 2
88 160 2
222 265 2
41 51 2
102 275 2
161 271 2
81 183 2
23 70 2
97 268 2
22 59 2
206 269 2
75 176 2
29 268 2
196 262 2
34 39 2
120 250 2
198 210 2
37 237 2
7 258 2
36 226 2
168 218 2
4 237 2
150 239 2
204 225 2
246 281 2
212 223 2
94 185 2
148 287 2
122 244 2
39 154 2
282 288 2
178 271 2
5 195 2
110 151 2
12 145 2
72 179 2
58 76 2
111 294 2
31 225 2
168 193 2
10 113 2
75 192 2
57 206 2
24 37 2
76 299 2
175 278 2
61 143 2
151 254 2
145 260 2
100 156 2
100 171 2
30 156 2
139 244 2
147 164 2
36 167 2
