1 38 2
1 62 2
1 75 2
1 150 2
2 266 2
3 165 2
4 18 2
4 169 2
4 226 2
5 46 2
5 50 2
5 117 2
5 196 2
6 46 2
7 203 2
8 102 2
8 104 2
8 149 2
8 183 2
8 204 2
8 220 2
9 79 2
9 131 2
9 188 2
10 13 2
10 87 2
10 220 2
10 270 2
11 56 2
11 82 2
11 115 2
12 133 2
13 29 2
13 70 2
13 131 2
13 154 2
13 217 2
13 230 2
14 23 2
14 55 2
14 236 2
15 17 2
15 128 2
16 141 2
16 227 2
17 199 2
17 219 2
17 254 2
18 43 2
18 136 2
18 241 2
20 128 2
20 129 2
20 248 2
21 36 2
21 132 2
22 247 2
22 252 2
25 222 2
25 257 2
25 259 2
26 191 2
27 65 2
27 170 2
28 126 2
28 151 2
28 187 2
29 58 2
29 101 2
29 152 2
30 54 2
30 135 2
30 198 2
30 203 2
30 253 2
30 254 2
30 269 2
32 98 2
32 118 2
32 126 2
32 174 2
36 250 2
36 260 2
37 50 2
37 127 2
37 129 2
38 70 2
38 88 2
38 206 2
38 273 2
39 61 2
39 135 2
39 146 2
41 101 2
41 137 2
41 203 2
41 213 2
41 223 2
41 234 2
41 269 2
42 85 2
42 119 2
42 156 2
42 220 2
42 263 2
43 101 2
43 137 2
44 65 2
45 122 2
45 137 2
46 70 2
46 160 2
46 233 2
46 241 2
47 135 2
47 186 2
47 259 2
48 123 2
48 186 2
48 219 2
48 261 2
49 168 2
49 256 2
50 122 2
50 170 2
51 73 2
51 116 2
52 173 2
53 138 2
54 138 2
54 175 2
54 226 2
55 89 2
55 112 2
55 158 2
55 184 2
55 261 2
56 254 2
57 79 2
57 237 2
58 191 2
59 159 2
60 79 2
60 163 2
60 205 2
61 99 2
62 87 2
62 215 2
62 241 2
63 74 2
63 91 2
63 187 2
63 224 2
63 253 2
63 256 2
64 180 2
64 234 2
66 134 2
66 136 2
67 163 2
67 204 2
67 206 2
67 247 2
68 131 2
68 150 2
68 199 2
68 250 2
68 269 2
70 86 2
70 97 2
70 152 2
70 234 2
73 75 2
73 228 2
74 188 2
75 234 2
76 136 2
76 152 2
76 214 2
76 249 2
76 252 2
78 123 2
79 188 2
79 221 2
79 272 2
80 209 2
81 142 2
81 179 2
82 92 2
83 109 2
84 147 2
84 155 2
84 274 2
85 86 2
85 101 2
85 239 2
86 120 2
86 217 2
87 111 2
87 204 2
87 269 2
88 255 2
89 138 2
89 248 2
91 208 2
92 115 2
92 192 2
93 163 2
93 177 2
93 250 2
94 273 2
95 96 2
95 218 2
95 240 2
97 136 2
97 233 2
97 266 2
98 129 2
98 145 2
98 187 2
98 270 2
99 118 2
99 167 2
99 225 2
100 177 2
101 214 2
101 257 2
101 268 2
103 179 2
103 252 2
104 134 2
104 215 2
104 240 2
104 242 2
105 111 2
105 112 2
105 141 2
106 134 2
106 205 2
106 262 2
107 238 2
108 270 2
110 154 2
110 163 2
110 201 2
110 224 2
110 252 2
110 259 2
111 211 2
112 159 2
112 200 2
113 132 2
114 200 2
114 235 2
115 194 2
116 181 2
117 186 2
117 201 2
117 255 2
119 196 2
121 270 2
122 200 2
123 178 2
124 192 2
124 230 2
124 250 2
125 171 2
125 178 2
125 264 2
126 158 2
127 215 2
127 229 2
129 259 2
130 265 2
132 204 2
132 236 2
132 243 2
132 248 2
133 212 2
134 140 2
134 163 2
134 228 2
134 235 2
134 236 2
135 235 2
137 141 2
137 183 2
138 152 2
138 158 2
138 244 2
138 252 2
139 167 2
139 226 2
139 264 2
140 146 2
140 212 2
140 223 2
141 148 2
141 179 2
141 194 2
142 212 2
142 220 2
143 150 2
143 206 2
143 238 2
146 171 2
147 186 2
147 191 2
147 265 2
148 176 2
148 187 2
150 259 2
151 215 2
151 229 2
151 233 2
154 157 2
154 232 2
155 168 2
155 173 2
155 269 2
156 265 2
158 161 2
158 181 2
158 250 2
159 178 2
160 180 2
160 259 2
161 211 2
161 249 2
162 215 2
164 176 2
164 245 2
165 247 2
165 260 2
166 192 2
166 201 2
167 187 2
167 251 2
167 257 2
168 204 2
169 190 2
169 218 2
170 188 2
170 231 2
170 250 2
170 260 2
171 203 2
172 264 2
174 261 2
176 234 2
177 178 2
178 182 2
181 194 2
184 253 2
185 238 2
187 263 2
189 258 2
189 259 2
190 201 2
192 232 2
195 205 2
197 241 2
199 201 2
202 216 2
203 224 2
203 271 2
204 253 2
207 249 2
208 225 2
208 267 2
210 230 2
214 245 2
215 262 2
216 235 2
216 260 2
220 243 2
221 236 2
222 240 2
223 253 2
224 239 2
227 267 2
230 257 2
232 271 2
236 265 2
248 257 2
249 269 2
251 266 2
253 260 2
253 261 2
262 264 2
262 270 2
103 139 2
216 221 2
51 214 2
54 190 2
43 256 2
251 258 2
7 22 2
17 56 2
150 264 2
161 276 2
203 287 2
98 167 2
168 268 2
271 275 2
222 263 2
23 196 2
100 115 2
148 236 2
24 287 2
34 66 2
241 284 2
20 260 2
75 290 2
135 276 2
36 132 2
18 109 2
31 204 2
184 298 2
69 150 2
269 288 2
111 162 2
6 208 2
239 274 2
53 296 2
86 224 2
57 162 2
66 76 2
51 117 2
89 151 2
184 186 2
218 292 2
202 248 2
81 193 2
242 259 2
208 231 2
37 244 2
65 248 2
35 244 2
184 294 2
28 105 2
78 84 2
141 264 2
77 160 2
6 191 2
74 165 2
80 189 2
63 86 2
24 253 2
165 263 2
93 209 2
149 166 2
127 228 2
68 94 2
262 275 2
59 289 2
76 134 2
35 71 2
228 274 2
111 161 2
233 273 2
117 232 2
49 293 2
72 203 2
65 243 2
30 148 2
155 195 2
281 296 2
85 120 2
44 80 2
57 100 2
64 130 2
132 234 2
165 203 2
57 275 2
59 287 2
246 291 2
102 294 2
281 302 2
61 221 2
62 88 2
66 214 2
57 280 2
97 190 2
141 233 2
174 196 2
30 236 2
23 261 2
65 187 2
120 160 2
160 218 2
101 104 2
203 206 2
90 184 2
148 200 2
101 259 2
166 235 2
170 212 2
55 223 2
4 59 2
176 287 2
13 254 2
109 275 2
171 271 2
128 159 2
14 290 2
42 90 2
114 247 2
201 290 2
129 188 2
46 227 2
142 278 2
10 90 2
8 187 2
64 189 2
47 67 2
16 62 2
57 170 2
23 290 2
36 147 2
24 149 2
158 190 2
111 270 2
98 134 2
168 260 2
212 283 2
123 184 2
187 272 2
70 130 2
191 279 2
41 256 2
15 237 2
57 291 2
44 182 2
12 217 2
160 188 2
44 238 2
45 46 2
11 178 2
144 176 2
122 134 2
15 83 2
244 270 2
69 286 2
35 261 2
260 290 2
192 301 2
55 302 2
95 282 2
31 45 2
23 89 2
31 74 2
215 264 2
95 205 2
35 287 2
110 276 2
91 252 2
43 286 2
49 302 2
48 271 2
191 270 2
67 100 2
148 194 2
241 254 2
174 296 2
194 269 2
40 82 2
42 223 2
125 255 2
136 287 2
109 243 2
57 260 2
32 302 2
38 78 2
7 299 2
123 186 2
223 276 2
120 252 2
112 202 2
56 285 2
22 195 2
177 275 2
59 97 2
9 14 2
149 221 2
25 295 2
90 253 2
79 119 2
117 250 2
196 245 2
15 123 2
94 128 2
75 237 2
46 211 2
266 276 2
27 169 2
203 285 2
42 139 2
152 297 2
50 213 2
41 298 2
83 235 2
12 293 2
201 238 2
93 128 2
180 248 2
3 107 2
78 250 2
51 82 2
106 211 2
194 217 2
6 53 2
235 300 2
204 282 2
198 210 2
20 143 2
8 280 2
154 177 2
244 279 2
119 269 2
71 224 2
122 260 2
107 199 2
186 205 2
114 249 2
162 292 2
5 295 2
214 237 2
114 293 2
200 214 2
9 232 2
38 286 2
189 237 2
160 178 2
124 165 2
84 297 2
114 194 2
42 298 2
10 246 2
182 256 2
55 169 2
57 115 2
25 161 2
149 293 2
138 203 2
45 144 2
82 132 2
66 127 2
269 285 2
129 242 2
106 236 2
213 298 2
47 252 2
54 291 2
168 193 2
7 246 2
34 120 2
193 302 2
144 293 2
39 279 2
83 193 2
20 120 2
163 244 2
85 129 2
24 224 2
28 255 2
163 257 2
21 301 2
9 112 2
1 52 2
57 177 2
210 246 2
176 245 2
17 100 2
137 233 2
121 293 2
108 217 2
77 140 2
49 223 2
154 246 2
199 298 2
14 16 2
124 197 2
22 249 2
124 198 2
1 65 2
106 176 2
5 203 2
190 238 2
35 180 2
54 252 2
194 287 2
24 31 2
114 225 2
55 301 2
76 294 2
89 253 2
7 148 2
29 212 2
31 92 2
92 224 2
25 95 2
98 265 2
152 226 2
33 260 2
29 86 2
11 207 2
231 277 2
41 88 2
40 151 2
141 224 2
29 91 2
10 36 2
220 238 2
25 62 2
248 283 2
39 116 2
6 76 2
136 231 2
166 227 2
186 253 2
91 251 2
226 263 2
2 17 2
9 165 2
39 149 2
67 86 2
93 238 2
100 173 2
10 159 2
196 256 2
7 138 2
143 294 2
83 127 2
7 69 2
254 292 2
238 260 2
42 218 2
56 159 2
166 217 2
220 255 2
3 10 2
18 247 2
96 115 2
103 116 2
9 272 2
56 107 2
15 45 2
97 247 2
13 169 2
104 156 2
59 266 2
4 92 2
248 276 2
57 191 2
111 277 2
121 141 2
156 277 2
65 68 2
180 269 2
171 236 2
186 224 2
40 201 2
267 284 2
133 297 2
96 296 2
257 289 2
76 154 2
126 258 2
13 21 2
12 130 2
152 287 2
248 261 2
4 10 2
25 272 2
188 195 2
69 205 2
114 242 2
78 269 2
223 262 2
209 214 2
55 195 2
168 207 2
122 270 2
30 288 2
39 134 2
115 116 2
60 190 2
72 191 2
68 96 2
158 253 2
58 288 2
19 98 2
286 297 2
175 217 2
81 245 2
126 299 2
273 292 2
203 238 2
111 230 2
222 242 2
34 268 2
53 154 2
92 124 2
40 157 2
198 218 2
105 203 2
121 253 2
248 300 2
104 171 2
44 160 2
249 286 2
41 220 2
241 275 2
81 153 2
72 167 2
20 130 2
72 104 2
193 281 2
19 193 2
47 108 2
149 214 2
7 164 2
2 267 2
69 109 2
170 269 2
112 117 2
150 252 2
32 222 2
87 184 2
253 302 2
17 256 2
57 78 2
57 86 2
247 278 2
73 291 2
82 284 2
86 137 2
101 145 2
87 252 2
218 277 2
69 165 2
100 122 2
82 208 2
81 281 2
156 234 2
95 232 2
180 288 2
232 288 2
56 153 2
218 232 2
37 52 2
15 179 2
100 151 2
13 128 2
43 52 2
118 287 2
105 205 2
217 286 2
10 195 2
64 164 2
125 156 2
93 108 2
31 76 2
36 184 2
129 253 2
111 163 2
1 124 2
167 221 2
161 272 2
144 209 2
85 112 2
248 301 2
95 255 2
157 191 2
11 114 2
39 119 2
152 277 2
103 220 2
28 102 2
100 265 2
2 149 2
67 248 2
105 168 2
34 72 2
118 248 2
181 191 2
114 276 2
3 143 2
128 257 2
11 135 2
129 158 2
133 173 2
90 278 2
76 233 2
116 196 2
175 264 2
119 195 2
27 58 2
60 223 2
129 166 2
8 176 2
54 289 2
196 281 2
104 289 2
150 300 2
4 236 2
107 124 2
100 136 2
64 194 2
5 175 2
45 259 2
