1 62 5
1 286 5
1 326 5
2 3 5
2 23 5
2 305 5
3 78 5
3 175 5
3 265 5
3 335 5
4 10 5
4 78 5
4 310 5
4 352 5
4 365 5
5 304 5
5 325 5
6 200 5
7 22 5
7 150 5
7 225 5
7 246 5
7 261 5
7 298 5
8 104 5
8 181 5
8 295 5
9 153 5
10 30 5
10 51 5
10 78 5
10 220 5
11 29 5
11 116 5
11 135 5
11 255 5
12 47 5
12 286 5
12 293 5
13 65 5
13 103 5
13 217 5
13 260 5
13 324 5
14 16 5
14 26 5
14 223 5
14 280 5
14 324 5
15 83 5
15 187 5
15 238 5
15 320 5
16 191 5
16 228 5
16 231 5
17 172 5
17 308 5
18 26 5
18 209 5
19 47 5
19 236 5
19 263 5
19 296 5
19 313 5
20 80 5
20 128 5
20 148 5
20 221 5
21 36 5
21 132 5
21 283 5
22 106 5
22 153 5
22 196 5
23 233 5
24 75 5
24 122 5
25 154 5
25 259 5
25 272 5
25 318 5
25 331 5
26 196 5
27 31 5
27 58 5
27 117 5
27 169 5
27 170 5
27 287 5
28 29 5
28 80 5
28 156 5
29 49 5
29 58 5
29 86 5
30 107 5
30 180 5
31 80 5
31 92 5
31 140 5
31 170 5
32 70 5
32 303 5
33 282 5
33 328 5
34 184 5
35 110 5
35 172 5
35 244 5
36 82 5
36 106 5
36 147 5
36 226 5
36 279 5
36 345 5
37 267 5
37 364 5
38 182 5
38 207 5
39 83 5
39 279 5
40 46 5
40 132 5
40 157 5
40 160 5
41 62 5
41 65 5
41 259 5
42 59 5
42 164 5
42 191 5
42 278 5
42 280 5
42 324 5
43 158 5
44 65 5
44 100 5
45 79 5
46 48 5
46 205 5
46 207 5
46 262 5
46 300 5
46 351 5
47 137 5
47 140 5
47 252 5
48 182 5
48 197 5
48 304 5
48 325 5
48 329 5
49 112 5
49 183 5
49 284 5
50 150 5
50 320 5
50 364 5
51 113 5
51 117 5
52 86 5
52 108 5
52 142 5
52 194 5
52 327 5
52 348 5
53 90 5
53 143 5
53 196 5
54 91 5
54 105 5
54 232 5
54 233 5
55 124 5
55 168 5
55 169 5
55 302 5
56 65 5
56 149 5
56 175 5
57 72 5
58 308 5
59 188 5
59 287 5
59 315 5
59 347 5
60 162 5
60 179 5
60 185 5
60 223 5
60 253 5
60 352 5
61 73 5
61 101 5
61 150 5
61 166 5
61 233 5
61 318 5
61 319 5
62 170 5
62 183 5
62 224 5
62 241 5
62 275 5
63 212 5
63 256 5
64 130 5
64 156 5
64 189 5
64 195 5
64 316 5
65 295 5
66 119 5
66 134 5
66 338 5
67 236 5
67 247 5
67 284 5
68 163 5
68 188 5
68 242 5
68 251 5
68 327 5
68 336 5
69 108 5
69 117 5
69 167 5
69 305 5
69 318 5
70 78 5
70 93 5
70 300 5
71 134 5
72 78 5
72 123 5
72 204 5
72 245 5
72 288 5
73 84 5
73 298 5
74 300 5
74 343 5
75 265 5
76 89 5
76 161 5
76 292 5
77 120 5
77 160 5
77 216 5
77 246 5
78 171 5
79 123 5
79 158 5
79 323 5
79 329 5
80 139 5
81 99 5
81 290 5
82 243 5
83 109 5
83 126 5
83 257 5
84 147 5
84 157 5
84 162 5
84 218 5
84 233 5
84 252 5
84 268 5
84 315 5
85 120 5
85 124 5
85 150 5
86 108 5
86 224 5
87 117 5
87 269 5
88 301 5
89 206 5
89 297 5
89 323 5
90 226 5
90 264 5
90 296 5
91 251 5
91 317 5
92 122 5
92 124 5
92 234 5
92 277 5
92 330 5
93 171 5
94 313 5
95 240 5
95 257 5
95 320 5
95 339 5
96 296 5
96 359 5
97 113 5
97 163 5
97 204 5
97 284 5
98 265 5
98 289 5
99 150 5
100 164 5
100 177 5
101 146 5
101 175 5
101 244 5
101 294 5
101 356 5
102 275 5
103 116 5
103 157 5
103 210 5
103 220 5
103 237 5
103 262 5
103 284 5
104 158 5
104 258 5
104 284 5
104 289 5
104 365 5
105 141 5
105 174 5
105 287 5
105 349 5
106 114 5
106 156 5
106 188 5
106 229 5
107 130 5
107 238 5
108 131 5
108 163 5
108 293 5
109 119 5
109 195 5
109 201 5
109 218 5
109 258 5
109 275 5
110 202 5
110 239 5
111 192 5
111 215 5
113 218 5
113 276 5
114 149 5
114 194 5
114 249 5
114 287 5
114 333 5
115 151 5
115 338 5
117 149 5
117 151 5
117 201 5
118 153 5
119 190 5
119 328 5
119 363 5
120 160 5
120 197 5
120 288 5
120 333 5
121 224 5
122 320 5
122 322 5
123 132 5
123 288 5
124 166 5
124 171 5
124 206 5
124 230 5
125 127 5
125 255 5
126 158 5
126 274 5
126 285 5
127 228 5
128 150 5
128 257 5
129 166 5
129 253 5
130 197 5
132 150 5
132 245 5
132 304 5
133 297 5
134 148 5
134 170 5
134 189 5
134 278 5
134 280 5
134 302 5
135 200 5
136 222 5
138 152 5
138 320 5
140 144 5
140 146 5
141 161 5
141 222 5
141 317 5
142 212 5
142 220 5
143 150 5
143 179 5
144 163 5
144 209 5
144 262 5
145 211 5
145 221 5
145 300 5
146 347 5
147 191 5
147 225 5
148 250 5
149 157 5
149 264 5
150 182 5
150 267 5
151 347 5
152 163 5
152 218 5
152 259 5
153 164 5
153 228 5
153 291 5
153 311 5
154 177 5
156 232 5
156 252 5
156 277 5
157 199 5
157 285 5
157 294 5
158 181 5
158 190 5
158 362 5
159 166 5
159 349 5
159 362 5
160 255 5
162 195 5
162 215 5
163 244 5
163 276 5
164 245 5
165 357 5
166 217 5
167 172 5
167 256 5
167 360 5
168 353 5
169 257 5
169 264 5
169 346 5
170 283 5
171 227 5
172 236 5
173 193 5
173 262 5
174 318 5
175 264 5
176 221 5
176 250 5
177 221 5
179 196 5
180 197 5
180 248 5
180 269 5
181 194 5
181 213 5
181 345 5
182 206 5
182 263 5
182 284 5
183 238 5
184 201 5
184 228 5
184 279 5
184 295 5
185 210 5
185 285 5
186 253 5
186 272 5
186 276 5
187 211 5
187 257 5
187 329 5
188 213 5
188 316 5
189 201 5
189 237 5
189 258 5
189 264 5
189 277 5
191 291 5
191 314 5
192 280 5
192 301 5
192 351 5
193 330 5
194 280 5
194 307 5
195 204 5
195 349 5
196 237 5
196 361 5
197 251 5
198 267 5
198 306 5
200 214 5
200 263 5
200 283 5
201 272 5
201 290 5
201 295 5
201 317 5
202 216 5
202 302 5
203 213 5
203 258 5
204 232 5
204 315 5
205 207 5
205 294 5
206 323 5
207 242 5
207 362 5
209 274 5
210 266 5
211 258 5
211 269 5
211 276 5
211 301 5
212 301 5
212 307 5
212 335 5
212 346 5
213 343 5
214 245 5
214 320 5
216 245 5
216 252 5
216 276 5
216 316 5
216 324 5
216 333 5
218 302 5
219 327 5
221 236 5
221 289 5
223 247 5
224 355 5
227 235 5
227 260 5
228 276 5
228 307 5
229 231 5
229 250 5
229 302 5
231 299 5
232 306 5
233 297 5
235 329 5
236 297 5
236 308 5
238 301 5
239 300 5
241 299 5
243 266 5
243 292 5
244 270 5
245 279 5
245 328 5
247 356 5
248 276 5
248 301 5
248 356 5
249 269 5
250 264 5
251 267 5
251 310 5
251 354 5
253 302 5
255 348 5
257 352 5
260 284 5
262 270 5
263 291 5
265 273 5
265 346 5
269 288 5
274 289 5
274 323 5
275 288 5
275 292 5
276 321 5
277 323 5
277 333 5
279 344 5
280 339 5
281 325 5
286 320 5
288 326 5
293 305 5
294 340 5
296 298 5
296 349 5
297 326 5
297 344 5
299 349 5
300 320 5
302 330 5
303 307 5
303 316 5
303 340 5
304 312 5
304 313 5
305 315 5
306 323 5
307 321 5
307 326 5
308 328 5
321 344 5
324 339 5
330 358 5
332 342 5
333 356 5
336 341 5
346 347 5
348 349 5
350 354 5
321 381 5
3 339 5
6 156 5
177 390 5
54 87 5
24 197 5
72 307 5
217 321 5
33 51 5
64 371 5
24 261 5
182 398 5
29 78 5
100 379 5
2 263 5
123 243 5
198 322 5
76 253 5
102 203 5
138 330 5
188 334 5
259 353 5
313 346 5
74 363 5
44 50 5
99 311 5
95 140 5
164 242 5
141 245 5
107 341 5
135 143 5
136 349 5
273 332 5
207 285 5
21 374 5
135 160 5
26 159 5
10 18 5
103 164 5
153 373 5
143 207 5
19 135 5
237 298 5
80 260 5
110 272 5
259 325 5
6 206 5
60 337 5
16 151 5
142 196 5
109 349 5
207 356 5
45 107 5
217 282 5
261 281 5
87 106 5
2 240 5
178 238 5
36 209 5
319 390 5
248 307 5
242 312 5
125 374 5
248 348 5
143 169 5
9 170 5
188 376 5
191 214 5
93 141 5
123 247 5
124 252 5
28 85 5
33 367 5
21 136 5
42 284 5
197 341 5
138 353 5
243 272 5
84 303 5
5 226 5
71 86 5
118 395 5
273 280 5
12 381 5
45 102 5
296 331 5
88 225 5
257 397 5
53 131 5
8 350 5
245 363 5
204 270 5
99 118 5
182 213 5
20 217 5
80 163 5
73 302 5
173 280 5
69 258 5
32 187 5
36 256 5
31 274 5
184 399 5
205 235 5
5 151 5
166 209 5
19 264 5
232 326 5
17 118 5
47 197 5
21 179 5
130 342 5
193 366 5
122 388 5
33 91 5
69 382 5
18 327 5
172 201 5
78 325 5
78 329 5
229 243 5
209 320 5
106 207 5
150 223 5
223 270 5
74 91 5
31 290 5
154 203 5
190 397 5
101 349 5
329 353 5
169 371 5
13 254 5
243 250 5
163 320 5
178 391 5
162 386 5
340 383 5
191 204 5
86 234 5
145 324 5
33 159 5
354 361 5
21 260 5
222 280 5
122 174 5
207 363 5
132 143 5
47 385 5
210 382 5
231 377 5
137 272 5
215 253 5
75 78 5
56 308 5
200 236 5
230 394 5
255 306 5
237 353 5
247 349 5
115 142 5
19 321 5
103 234 5
124 223 5
177 290 5
31 265 5
6 302 5
294 401 5
147 154 5
282 371 5
126 205 5
27 80 5
270 385 5
282 294 5
293 302 5
6 139 5
42 230 5
217 399 5
62 122 5
24 38 5
68 371 5
288 377 5
42 361 5
195 269 5
106 311 5
75 305 5
187 227 5
55 331 5
211 284 5
175 348 5
86 184 5
181 225 5
251 388 5
41 49 5
78 372 5
14 72 5
31 219 5
260 390 5
63 330 5
126 242 5
239 273 5
97 145 5
74 98 5
53 151 5
170 285 5
140 228 5
80 328 5
315 365 5
77 330 5
363 374 5
106 227 5
44 387 5
47 209 5
272 376 5
48 100 5
112 359 5
256 372 5
54 142 5
204 329 5
194 285 5
45 93 5
24 373 5
60 245 5
247 286 5
136 320 5
292 362 5
24 350 5
78 305 5
52 396 5
42 175 5
225 359 5
72 195 5
125 213 5
8 141 5
275 401 5
44 97 5
39 120 5
15 357 5
179 300 5
202 387 5
92 218 5
314 348 5
24 40 5
107 218 5
64 148 5
221 372 5
22 292 5
239 307 5
15 246 5
14 119 5
192 216 5
130 231 5
7 145 5
186 259 5
43 59 5
244 334 5
150 263 5
262 319 5
208 286 5
40 106 5
260 272 5
76 366 5
223 314 5
271 310 5
232 390 5
22 396 5
124 277 5
283 325 5
109 268 5
140 384 5
56 167 5
306 318 5
203 322 5
113 361 5
55 219 5
20 113 5
363 369 5
21 199 5
15 23 5
293 299 5
139 217 5
78 254 5
325 393 5
60 164 5
224 365 5
145 353 5
137 239 5
104 218 5
192 396 5
284 345 5
107 312 5
128 318 5
182 341 5
74 142 5
311 353 5
163 290 5
30 286 5
89 228 5
48 274 5
209 272 5
233 310 5
15 220 5
41 191 5
109 232 5
53 185 5
187 292 5
36 176 5
91 218 5
188 305 5
98 291 5
252 257 5
260 359 5
86 136 5
119 257 5
32 327 5
13 127 5
214 231 5
271 306 5
13 76 5
174 261 5
138 360 5
174 224 5
208 314 5
391 395 5
217 353 5
91 145 5
23 203 5
10 102 5
181 221 5
212 266 5
64 219 5
49 298 5
202 350 5
25 319 5
92 287 5
24 358 5
123 180 5
270 330 5
165 259 5
53 324 5
86 283 5
157 271 5
108 372 5
166 289 5
104 264 5
155 172 5
68 167 5
189 203 5
193 342 5
286 301 5
242 357 5
152 324 5
93 192 5
153 257 5
122 148 5
76 382 5
234 251 5
13 232 5
69 295 5
230 301 5
145 245 5
84 384 5
258 285 5
272 299 5
50 229 5
78 198 5
69 120 5
161 302 5
54 384 5
89 177 5
142 201 5
106 252 5
155 393 5
119 359 5
91 296 5
187 213 5
243 308 5
192 296 5
99 239 5
89 221 5
66 286 5
207 299 5
77 199 5
132 367 5
127 325 5
125 308 5
231 268 5
303 332 5
20 57 5
352 362 5
184 221 5
90 236 5
62 130 5
160 354 5
40 41 5
105 381 5
278 399 5
147 311 5
148 349 5
72 278 5
147 257 5
86 170 5
90 142 5
51 263 5
45 166 5
271 401 5
207 332 5
160 203 5
163 242 5
142 273 5
19 271 5
1 91 5
16 239 5
350 367 5
168 383 5
222 250 5
254 308 5
18 344 5
121 353 5
66 359 5
8 397 5
276 359 5
11 233 5
34 173 5
73 306 5
164 315 5
77 248 5
165 337 5
113 388 5
302 369 5
122 353 5
206 290 5
101 381 5
221 295 5
286 332 5
252 401 5
282 293 5
275 303 5
113 308 5
147 259 5
60 285 5
67 196 5
368 370 5
164 322 5
52 161 5
199 335 5
18 31 5
35 228 5
78 303 5
34 267 5
308 360 5
71 241 5
287 387 5
1 170 5
22 119 5
328 374 5
122 248 5
78 358 5
241 312 5
38 82 5
185 245 5
71 128 5
102 219 5
148 325 5
179 368 5
231 280 5
189 323 5
323 338 5
55 359 5
3 344 5
222 382 5
42 176 5
141 192 5
53 205 5
102 286 5
163 346 5
70 290 5
15 361 5
236 391 5
29 285 5
86 114 5
7 381 5
317 376 5
5 330 5
345 372 5
7 24 5
121 238 5
50 272 5
76 313 5
13 102 5
264 361 5
102 359 5
45 225 5
62 287 5
346 353 5
38 315 5
131 294 5
44 105 5
45 210 5
182 253 5
62 189 5
276 299 5
147 309 5
220 349 5
122 295 5
254 306 5
58 263 5
282 356 5
89 380 5
168 332 5
33 154 5
41 236 5
84 120 5
1 13 5
194 202 5
253 263 5
54 127 5
233 363 5
253 346 5
239 254 5
47 158 5
104 165 5
92 192 5
57 144 5
297 353 5
74 385 5
114 123 5
242 292 5
270 304 5
143 242 5
93 170 5
77 223 5
292 310 5
257 310 5
110 234 5
220 280 5
56 340 5
55 104 5
112 247 5
198 247 5
7 393 5
202 254 5
178 218 5
42 119 5
193 283 5
335 362 5
10 47 5
11 184 5
39 392 5
225 320 5
211 221 5
176 233 5
231 267 5
185 336 5
14 254 5
20 55 5
245 308 5
94 295 5
197 336 5
212 390 5
145 291 5
9 350 5
205 228 5
19 218 5
10 317 5
114 136 5
290 294 5
159 368 5
192 375 5
205 343 5
69 227 5
70 297 5
190 377 5
236 245 5
47 125 5
87 233 5
182 264 5
90 95 5
58 187 5
374 381 5
93 196 5
88 109 5
54 148 5
245 319 5
122 334 5
121 348 5
1 17 5
49 90 5
279 325 5
2 294 5
43 125 5
161 307 5
256 379 5
36 396 5
41 375 5
8 309 5
140 189 5
193 397 5
337 387 5
57 110 5
303 319 5
76 320 5
238 319 5
197 368 5
162 333 5
204 271 5
31 57 5
107 182 5
250 359 5
71 142 5
34 379 5
10 46 5
300 346 5
32 81 5
22 74 5
150 383 5
301 341 5
381 387 5
169 220 5
111 312 5
40 96 5
214 277 5
147 171 5
125 361 5
20 241 5
182 292 5
126 192 5
9 24 5
113 136 5
104 210 5
86 135 5
31 147 5
58 89 5
199 226 5
110 309 5
3 336 5
149 222 5
40 352 5
149 392 5
305 401 5
168 181 5
195 293 5
203 372 5
180 390 5
92 389 5
122 389 5
91 177 5
268 307 5
66 179 5
131 159 5
139 248 5
185 287 5
181 350 5
180 333 5
172 253 5
32 46 5
76 136 5
124 322 5
255 309 5
216 315 5
64 102 5
4 41 5
255 371 5
173 179 5
13 25 5
246 311 5
239 269 5
18 29 5
218 361 5
69 270 5
131 374 5
188 267 5
48 181 5
62 302 5
161 350 5
215 262 5
13 291 5
80 145 5
157 300 5
177 210 5
1 14 5
103 150 5
104 367 5
45 135 5
108 266 5
18 295 5
65 204 5
74 338 5
39 234 5
253 287 5
167 372 5
67 216 5
25 32 5
219 397 5
261 278 5
27 154 5
35 258 5
170 393 5
172 375 5
107 392 5
65 310 5
56 211 5
94 319 5
116 204 5
18 282 5
174 306 5
21 271 5
312 337 5
196 267 5
143 379 5
129 132 5
163 169 5
61 234 5
34 332 5
4 37 5
25 142 5
18 153 5
337 352 5
67 319 5
8 139 5
348 386 5
40 314 5
249 255 5
120 352 5
44 329 5
245 263 5
59 103 5
6 192 5
10 336 5
226 340 5
46 323 5
80 137 5
74 103 5
64 145 5
169 356 5
71 189 5
340 384 5
194 228 5
251 305 5
20 313 5
179 247 5
264 310 5
269 350 5
101 284 5
351 399 5
295 397 5
46 320 5
205 393 5
21 149 5
128 390 5
198 376 5
250 315 5
77 254 5
180 230 5
164 327 5
177 249 5
10 184 5
31 159 5
124 259 5
74 314 5
281 329 5
142 247 5
346 399 5
146 311 5
37 366 5
12 208 5
56 307 5
159 399 5
177 205 5
204 388 5
13 308 5
22 380 5
90 210 5
52 214 5
37 140 5
67 360 5
100 390 5
313 388 5
44 295 5
81 205 5
11 331 5
165 310 5
140 163 5
67 344 5
11 127 5
23 219 5
106 271 5
117 196 5
79 241 5
81 219 5
39 351 5
285 339 5
211 270 5
327 398 5
163 202 5
6 166 5
243 285 5
23 74 5
77 213 5
39 88 5
330 339 5
117 183 5
199 373 5
278 385 5
137 212 5
95 234 5
51 175 5
172 385 5
241 320 5
155 310 5
41 388 5
320 399 5
302 393 5
93 379 5
204 277 5
65 288 5
133 320 5
3 331 5
291 387 5
175 207 5
122 374 5
7 369 5
97 251 5
24 88 5
5 91 5
204 242 5
64 233 5
201 365 5
224 367 5
173 342 5
78 169 5
59 301 5
61 398 5
231 360 5
46 109 5
133 240 5
155 213 5
207 251 5
135 303 5
10 225 5
252 307 5
101 370 5
83 374 5
333 380 5
339 347 5
107 151 5
23 209 5
6 19 5
309 342 5
51 59 5
90 183 5
244 298 5
67 176 5
166 202 5
77 175 5
98 383 5
98 198 5
23 254 5
244 355 5
181 305 5
127 300 5
360 396 5
38 335 5
86 348 5
136 346 5
5 34 5
302 319 5
350 385 5
149 187 5
225 258 5
34 356 5
131 206 5
225 301 5
56 67 5
254 360 5
226 248 5
85 206 5
91 220 5
305 316 5
37 261 5
41 113 5
103 367 5
14 389 5
159 162 5
16 174 5
58 207 5
336 371 5
10 194 5
65 235 5
88 261 5
24 180 5
181 386 5
57 277 5
272 373 5
253 381 5
305 365 5
94 270 5
66 180 5
225 257 5
103 342 5
313 399 5
282 309 5
334 391 5
147 167 5
6 55 5
151 327 5
258 384 5
3 315 5
259 347 5
111 359 5
262 327 5
19 147 5
59 271 5
109 211 5
20 234 5
214 282 5
287 374 5
119 204 5
125 258 5
124 198 5
54 80 5
82 106 5
37 40 5
28 70 5
26 220 5
331 366 5
117 133 5
250 387 5
30 264 5
96 270 5
49 223 5
94 309 5
111 181 5
213 305 5
40 82 5
100 192 5
206 208 5
248 347 5
46 315 5
133 317 5
71 320 5
170 260 5
19 51 5
245 387 5
48 186 5
154 170 5
7 61 5
187 263 5
147 245 5
164 357 5
228 263 5
35 221 5
140 166 5
53 355 5
258 354 5
27 261 5
212 311 5
45 55 5
165 369 5
121 241 5
6 320 5
255 269 5
106 171 5
126 315 5
18 203 5
21 343 5
183 375 5
65 67 5
