1 171 4
2 91 4
2 159 4
2 186 4
3 9 4
3 44 4
3 54 4
3 86 4
3 88 4
3 191 4
3 237 4
4 102 4
4 141 4
4 144 4
4 195 4
4 270 4
5 14 4
5 72 4
5 247 4
5 269 4
6 72 4
8 65 4
8 99 4
9 26 4
9 27 4
9 181 4
9 243 4
10 65 4
11 200 4
12 79 4
12 137 4
13 68 4
14 27 4
14 90 4
14 120 4
14 146 4
14 260 4
15 17 4
15 144 4
15 181 4
15 299 4
16 20 4
17 24 4
17 29 4
17 126 4
17 213 4
18 97 4
18 196 4
18 208 4
18 303 4
18 305 4
19 103 4
19 220 4
19 235 4
19 237 4
20 40 4
20 59 4
20 68 4
20 116 4
20 269 4
21 304 4
22 134 4
22 138 4
22 172 4
23 36 4
23 42 4
23 134 4
23 216 4
24 74 4
24 144 4
25 116 4
25 226 4
26 114 4
27 86 4
27 131 4
27 198 4
27 210 4
28 89 4
28 149 4
28 172 4
28 293 4
29 126 4
29 136 4
29 221 4
29 224 4
29 235 4
29 270 4
30 100 4
30 269 4
30 325 4
31 52 4
31 150 4
31 259 4
32 73 4
32 300 4
33 77 4
33 196 4
33 287 4
34 226 4
35 63 4
35 97 4
35 100 4
35 136 4
35 195 4
35 289 4
35 315 4
36 211 4
36 272 4
37 56 4
37 87 4
37 147 4
38 106 4
39 64 4
39 84 4
39 125 4
39 179 4
39 210 4
39 275 4
40 101 4
40 148 4
40 180 4
40 258 4
42 185 4
42 224 4
43 179 4
43 211 4
43 251 4
43 285 4
43 301 4
43 305 4
44 51 4
44 71 4
45 85 4
45 171 4
46 53 4
46 87 4
46 103 4
47 61 4
47 74 4
47 286 4
48 51 4
48 178 4
49 250 4
49 255 4
49 313 4
50 129 4
50 227 4
51 159 4
51 219 4
51 256 4
51 314 4
51 315 4
52 55 4
52 96 4
53 175 4
53 202 4
54 157 4
54 198 4
55 79 4
56 136 4
56 188 4
56 194 4
56 322 4
57 78 4
58 158 4
59 95 4
59 103 4
59 109 4
59 278 4
59 291 4
60 77 4
60 302 4
60 331 4
61 106 4
61 133 4
61 144 4
61 233 4
61 263 4
61 268 4
62 167 4
62 228 4
63 133 4
64 261 4
65 187 4
65 322 4
65 331 4
66 95 4
66 111 4
66 119 4
66 138 4
66 226 4
66 264 4
67 266 4
68 300 4
68 327 4
69 191 4
70 105 4
70 122 4
70 162 4
71 250 4
71 282 4
71 331 4
73 148 4
74 88 4
74 90 4
74 196 4
75 87 4
75 95 4
75 125 4
75 210 4
75 296 4
76 180 4
76 220 4
77 88 4
77 137 4
77 191 4
77 201 4
77 244 4
77 264 4
77 295 4
79 99 4
79 197 4
80 149 4
80 274 4
80 294 4
81 116 4
81 254 4
82 99 4
82 187 4
82 199 4
83 112 4
83 129 4
83 233 4
83 256 4
83 271 4
84 160 4
84 225 4
84 242 4
85 131 4
85 287 4
85 332 4
86 111 4
86 213 4
86 233 4
86 283 4
86 319 4
87 254 4
87 259 4
88 100 4
88 221 4
89 164 4
90 301 4
91 190 4
91 244 4
91 261 4
91 315 4
92 117 4
92 184 4
92 239 4
92 246 4
92 301 4
92 316 4
93 299 4
94 189 4
94 200 4
95 217 4
95 247 4
95 260 4
95 279 4
95 303 4
96 116 4
96 187 4
97 225 4
97 282 4
98 182 4
98 210 4
98 229 4
99 192 4
99 255 4
99 277 4
100 101 4
100 111 4
100 234 4
100 329 4
101 325 4
101 330 4
103 247 4
103 329 4
104 275 4
104 292 4
105 211 4
106 123 4
106 125 4
106 126 4
106 303 4
107 303 4
108 148 4
108 152 4
108 284 4
109 295 4
110 200 4
110 209 4
111 167 4
111 172 4
112 140 4
112 154 4
113 141 4
113 260 4
113 267 4
113 313 4
114 165 4
114 207 4
114 233 4
115 213 4
115 229 4
116 329 4
117 129 4
117 249 4
117 250 4
118 120 4
118 240 4
118 315 4
119 308 4
120 213 4
121 123 4
121 140 4
121 272 4
121 323 4
122 256 4
122 288 4
123 294 4
123 315 4
124 173 4
125 162 4
126 209 4
126 264 4
126 309 4
127 162 4
128 161 4
129 135 4
129 189 4
129 258 4
130 232 4
130 294 4
131 161 4
131 272 4
132 304 4
133 166 4
133 174 4
133 176 4
133 239 4
134 193 4
134 291 4
134 309 4
135 212 4
135 274 4
135 292 4
136 194 4
136 231 4
136 273 4
136 294 4
137 233 4
138 180 4
138 229 4
138 233 4
138 298 4
139 274 4
139 286 4
141 177 4
142 149 4
142 198 4
142 236 4
142 292 4
143 307 4
144 153 4
144 158 4
144 192 4
144 220 4
144 291 4
145 147 4
145 200 4
145 271 4
146 288 4
147 287 4
148 203 4
148 298 4
149 179 4
149 230 4
150 268 4
151 194 4
151 222 4
151 245 4
153 241 4
153 277 4
154 222 4
156 229 4
156 232 4
157 324 4
158 177 4
158 233 4
160 190 4
160 247 4
160 258 4
160 296 4
161 217 4
161 289 4
162 324 4
163 200 4
163 246 4
166 218 4
166 219 4
167 252 4
167 256 4
167 301 4
168 208 4
168 328 4
169 297 4
170 232 4
170 254 4
172 316 4
174 185 4
174 213 4
174 268 4
174 307 4
177 249 4
177 301 4
178 207 4
179 190 4
179 216 4
180 190 4
180 202 4
180 203 4
180 322 4
181 211 4
181 213 4
181 224 4
181 233 4
182 184 4
182 244 4
183 252 4
183 271 4
184 260 4
185 252 4
186 214 4
186 301 4
187 219 4
187 308 4
187 327 4
188 189 4
188 288 4
189 217 4
189 287 4
193 228 4
193 316 4
194 199 4
198 201 4
198 331 4
199 221 4
199 304 4
200 275 4
201 267 4
201 289 4
202 229 4
205 271 4
205 275 4
206 230 4
207 240 4
207 272 4
209 239 4
209 330 4
210 242 4
211 217 4
211 241 4
212 307 4
213 265 4
214 231 4
217 261 4
217 278 4
217 299 4
218 283 4
220 244 4
221 254 4
222 242 4
222 289 4
222 300 4
224 244 4
224 247 4
225 294 4
226 289 4
227 292 4
228 252 4
228 315 4
229 261 4
230 231 4
230 319 4
233 330 4
235 254 4
236 263 4
236 297 4
237 257 4
238 253 4
241 280 4
241 288 4
242 282 4
244 313 4
244 318 4
245 274 4
247 259 4
249 292 4
252 282 4
256 294 4
257 272 4
257 323 4
257 332 4
259 260 4
260 316 4
265 304 4
266 332 4
269 317 4
273 318 4
275 315 4
277 309 4
278 289 4
282 300 4
283 301 4
287 316 4
293 299 4
298 328 4
304 310 4
330 331 4
241 267 4
116 317 4
91 105 4
93 329 4
148 160 4
87 122 4
75 243 4
322 345 4
26 126 4
126 170 4
184 271 4
195 333 4
99 280 4
70 124 4
305 336 4
21 211 4
29 207 4
297 326 4
110 190 4
29 318 4
131 327 4
115 204 4
151 262 4
23 160 4
234 285 4
109 249 4
78 247 4
37 76 4
49 256 4
19 107 4
184 196 4
94 287 4
212 304 4
82 93 4
49 91 4
10 121 4
222 292 4
118 270 4
78 121 4
140 311 4
81 97 4
54 344 4
129 158 4
72 264 4
20 178 4
272 282 4
53 260 4
264 365 4
138 199 4
247 356 4
168 229 4
85 313 4
172 259 4
91 337 4
68 117 4
170 171 4
103 328 4
175 355 4
9 226 4
44 200 4
97 337 4
28 94 4
52 349 4
100 166 4
29 287 4
234 267 4
170 361 4
63 142 4
167 170 4
153 283 4
15 295 4
89 144 4
134 343 4
260 263 4
199 364 4
151 171 4
152 302 4
198 203 4
55 342 4
264 302 4
83 261 4
189 309 4
256 331 4
58 64 4
192 273 4
32 121 4
233 288 4
210 322 4
1 164 4
256 273 4
59 219 4
5 118 4
8 52 4
28 265 4
62 258 4
202 291 4
115 153 4
44 202 4
137 265 4
158 328 4
230 246 4
84 152 4
113 350 4
165 170 4
72 148 4
2 118 4
187 235 4
63 238 4
299 327 4
323 361 4
220 305 4
7 254 4
54 90 4
107 247 4
321 355 4
210 219 4
259 350 4
6 62 4
26 226 4
173 233 4
297 350 4
176 231 4
276 294 4
48 210 4
5 312 4
166 262 4
150 310 4
55 230 4
28 239 4
285 359 4
260 349 4
195 242 4
244 256 4
269 304 4
173 228 4
133 162 4
56 212 4
180 337 4
41 76 4
81 352 4
81 342 4
82 153 4
74 126 4
193 364 4
101 186 4
84 284 4
137 170 4
17 72 4
13 118 4
32 290 4
165 240 4
86 144 4
114 277 4
317 323 4
38 190 4
303 327 4
43 196 4
220 292 4
194 321 4
169 170 4
96 306 4
113 339 4
13 91 4
44 125 4
56 72 4
215 265 4
176 199 4
156 328 4
127 152 4
122 250 4
113 320 4
212 268 4
123 150 4
196 344 4
78 365 4
173 204 4
234 362 4
66 342 4
16 158 4
110 145 4
66 214 4
47 359 4
242 321 4
60 260 4
144 165 4
238 334 4
141 156 4
181 305 4
11 263 4
32 340 4
67 179 4
63 261 4
104 238 4
129 177 4
87 295 4
321 357 4
314 360 4
96 293 4
326 355 4
45 125 4
190 282 4
94 345 4
114 331 4
11 285 4
33 316 4
42 99 4
129 303 4
218 290 4
38 232 4
10 101 4
24 56 4
2 76 4
61 97 4
3 78 4
104 143 4
203 332 4
78 353 4
4 191 4
10 345 4
42 259 4
295 357 4
116 197 4
106 351 4
40 217 4
197 201 4
224 227 4
285 309 4
4 299 4
16 359 4
81 158 4
97 340 4
181 231 4
19 184 4
85 114 4
7 220 4
150 183 4
14 363 4
322 349 4
177 361 4
12 257 4
175 192 4
135 235 4
94 226 4
166 195 4
219 332 4
7 323 4
196 307 4
17 238 4
14 351 4
102 291 4
49 284 4
46 75 4
88 298 4
86 166 4
35 83 4
234 331 4
160 266 4
52 157 4
20 43 4
217 238 4
9 232 4
302 315 4
62 231 4
132 332 4
68 273 4
57 321 4
188 351 4
58 340 4
144 275 4
49 197 4
65 235 4
71 135 4
225 227 4
95 326 4
231 335 4
167 326 4
22 341 4
32 364 4
210 304 4
123 267 4
166 316 4
8 89 4
56 140 4
29 208 4
77 104 4
93 175 4
9 269 4
93 146 4
54 310 4
175 240 4
80 257 4
33 55 4
121 335 4
54 180 4
116 176 4
226 341 4
73 173 4
77 258 4
42 49 4
9 308 4
51 92 4
52 155 4
86 202 4
281 283 4
315 343 4
312 336 4
81 127 4
183 242 4
313 320 4
289 307 4
71 238 4
153 210 4
43 45 4
149 343 4
86 342 4
157 193 4
69 311 4
270 301 4
32 218 4
66 186 4
213 224 4
69 350 4
252 293 4
283 297 4
263 281 4
135 277 4
64 352 4
37 86 4
14 165 4
234 308 4
48 83 4
116 192 4
85 128 4
77 173 4
319 345 4
204 238 4
166 307 4
150 245 4
163 250 4
82 147 4
78 358 4
121 282 4
114 318 4
207 278 4
23 132 4
70 277 4
104 214 4
242 299 4
231 319 4
106 210 4
105 130 4
42 342 4
279 283 4
52 261 4
30 64 4
37 45 4
151 215 4
46 49 4
126 127 4
96 237 4
86 252 4
129 199 4
76 121 4
139 238 4
102 330 4
127 273 4
231 306 4
202 225 4
120 223 4
310 344 4
46 149 4
15 356 4
118 260 4
39 79 4
243 276 4
129 174 4
53 64 4
185 314 4
87 184 4
57 205 4
246 330 4
168 331 4
247 270 4
61 185 4
1 6 4
207 220 4
51 234 4
3 197 4
43 293 4
254 260 4
4 106 4
111 317 4
135 188 4
244 255 4
135 339 4
265 362 4
227 359 4
55 300 4
46 301 4
60 265 4
167 199 4
87 190 4
169 290 4
14 306 4
266 330 4
63 251 4
259 333 4
155 174 4
28 63 4
59 91 4
254 355 4
112 247 4
46 216 4
301 318 4
38 52 4
236 274 4
156 276 4
15 136 4
28 80 4
77 345 4
19 50 4
43 74 4
273 278 4
286 305 4
11 27 4
55 280 4
57 223 4
218 330 4
211 269 4
282 363 4
248 319 4
229 291 4
38 305 4
57 117 4
24 190 4
73 153 4
208 252 4
120 147 4
124 159 4
117 242 4
134 228 4
156 247 4
66 86 4
46 211 4
185 276 4
43 229 4
25 67 4
104 150 4
206 329 4
277 353 4
87 121 4
117 294 4
8 320 4
49 223 4
78 165 4
100 211 4
84 312 4
150 169 4
12 360 4
271 344 4
179 314 4
245 265 4
30 49 4
40 359 4
8 311 4
32 38 4
129 154 4
136 325 4
65 109 4
186 358 4
149 286 4
5 89 4
96 238 4
164 230 4
136 289 4
103 143 4
42 141 4
39 170 4
136 147 4
149 163 4
143 200 4
180 271 4
46 196 4
98 154 4
148 318 4
31 295 4
176 296 4
26 299 4
105 164 4
29 190 4
24 356 4
131 188 4
122 283 4
268 300 4
53 155 4
51 196 4
287 354 4
91 158 4
174 256 4
183 301 4
38 332 4
113 333 4
103 199 4
51 361 4
297 323 4
81 313 4
268 320 4
76 78 4
70 185 4
35 295 4
85 224 4
182 269 4
63 339 4
293 360 4
229 295 4
168 323 4
280 318 4
152 348 4
33 74 4
32 147 4
284 329 4
36 340 4
171 186 4
50 62 4
84 240 4
98 356 4
172 225 4
1 344 4
52 203 4
123 328 4
130 347 4
81 356 4
101 120 4
142 175 4
152 345 4
172 263 4
263 298 4
140 146 4
103 252 4
34 259 4
27 306 4
131 251 4
170 189 4
7 286 4
248 297 4
129 278 4
70 266 4
170 269 4
77 102 4
36 228 4
139 355 4
91 93 4
288 293 4
82 290 4
183 236 4
173 262 4
123 360 4
204 292 4
124 183 4
115 355 4
7 176 4
76 84 4
44 133 4
210 302 4
203 338 4
33 129 4
19 277 4
125 306 4
106 204 4
75 80 4
288 309 4
103 336 4
175 303 4
86 121 4
76 355 4
53 292 4
67 308 4
75 128 4
122 168 4
5 341 4
105 151 4
37 169 4
16 218 4
167 276 4
303 324 4
303 350 4
13 246 4
40 183 4
126 244 4
233 360 4
258 343 4
257 286 4
45 105 4
212 331 4
283 364 4
1 103 4
175 294 4
95 218 4
85 233 4
32 127 4
171 334 4
196 267 4
74 151 4
27 203 4
341 363 4
180 340 4
224 232 4
137 255 4
54 127 4
34 253 4
47 179 4
34 107 4
278 309 4
258 362 4
176 289 4
38 180 4
10 314 4
156 305 4
23 140 4
195 358 4
173 364 4
169 287 4
88 362 4
176 215 4
51 120 4
31 223 4
27 135 4
31 284 4
189 263 4
3 264 4
212 301 4
70 297 4
2 266 4
52 319 4
9 152 4
13 224 4
3 296 4
9 163 4
116 274 4
214 283 4
36 197 4
119 301 4
331 332 4
37 155 4
228 357 4
214 220 4
260 283 4
151 319 4
162 241 4
5 27 4
170 228 4
39 100 4
48 230 4
196 320 4
220 294 4
44 256 4
36 125 4
9 91 4
58 103 4
245 285 4
46 197 4
68 347 4
364 365 4
3 143 4
122 287 4
161 208 4
115 169 4
38 81 4
43 138 4
225 336 4
36 173 4
230 315 4
195 252 4
207 346 4
37 38 4
26 161 4
76 81 4
218 276 4
83 244 4
61 280 4
75 365 4
226 325 4
247 363 4
289 306 4
192 333 4
3 212 4
198 343 4
155 184 4
178 248 4
260 278 4
43 46 4
260 340 4
114 321 4
195 292 4
231 252 4
1 190 4
169 247 4
109 244 4
71 228 4
67 133 4
127 135 4
104 335 4
24 124 4
258 345 4
6 314 4
106 209 4
240 359 4
6 57 4
45 309 4
275 297 4
195 355 4
157 363 4
35 293 4
163 212 4
162 295 4
288 336 4
121 305 4
84 202 4
64 120 4
94 126 4
68 303 4
119 288 4
234 345 4
181 279 4
170 288 4
174 188 4
216 344 4
143 228 4
25 71 4
232 355 4
11 325 4
131 212 4
321 352 4
76 332 4
106 118 4
202 230 4
112 124 4
40 345 4
160 278 4
139 258 4
82 138 4
297 312 4
173 231 4
131 300 4
177 255 4
167 322 4
70 193 4
88 149 4
56 111 4
218 281 4
117 285 4
88 139 4
236 298 4
68 149 4
17 148 4
286 345 4
211 291 4
19 274 4
39 157 4
103 318 4
176 216 4
60 100 4
204 302 4
248 357 4
6 164 4
266 348 4
70 326 4
194 332 4
167 171 4
146 211 4
91 113 4
56 128 4
131 341 4
94 141 4
1 79 4
8 195 4
101 310 4
40 90 4
95 358 4
77 289 4
47 204 4
70 306 4
32 107 4
240 299 4
22 309 4
47 72 4
77 234 4
47 227 4
66 182 4
74 228 4
75 157 4
67 116 4
68 309 4
17 77 4
120 356 4
280 353 4
189 312 4
63 152 4
95 245 4
141 291 4
217 223 4
217 327 4
