1 2 5
1 3 5
1 5 5
1 273 5
1 274 5
1 275 5
1 299 5
1 300 5
1 301 5
1 302 5
1 330 5
1 331 5
1 332 5
1 362 5
1 363 5
1 364 5
1 365 5
1 398 5
1 399 5
1 400 5
1 401 5
2 3 5
2 4 5
2 6 5
2 7 5
2 274 5
2 275 5
2 301 5
2 302 5
2 331 5
2 332 5
2 363 5
2 364 5
2 365 5
2 399 5
2 400 5
2 401 5
3 4 5
3 5 5
3 6 5
3 7 5
3 301 5
3 302 5
3 332 5
3 365 5
3 399 5
3 400 5
3 401 5
4 5 5
4 6 5
4 332 5
4 365 5
4 401 5
5 6 5
5 7 5
5 8 5
5 9 5
6 7 5
6 8 5
6 10 5
7 8 5
7 9 5
7 10 5
7 11 5
8 9 5
8 10 5
8 11 5
9 10 5
9 11 5
9 12 5
10 11 5
10 12 5
10 13 5
11 12 5
11 13 5
11 14 5
12 13 5
12 14 5
12 15 5
12 16 5
13 14 5
13 15 5
13 16 5
13 17 5
14 15 5
14 16 5
14 17 5
14 18 5
14 19 5
15 16 5
15 17 5
15 18 5
15 19 5
16 17 5
16 18 5
16 19 5
16 20 5
16 21 5
17 18 5
17 19 5
17 20 5
18 19 5
18 20 5
18 21 5
19 20 5
19 21 5
19 22 5
19 23 5
19 24 5
20 21 5
20 22 5
20 23 5
20 24 5
21 22 5
21 23 5
21 24 5
21 25 5
21 26 5
22 23 5
22 24 5
22 25 5
22 26 5
23 24 5
23 25 5
23 26 5
23 27 5
23 28 5
24 25 5
24 26 5
24 27 5
24 28 5
25 26 5
25 27 5
25 29 5
26 27 5
26 28 5
26 29 5
26 30 5
27 28 5
27 29 5
28 29 5
28 30 5
28 31 5
28 32 5
29 30 5
29 31 5
29 32 5
29 33 5
30 31 5
30 32 5
30 33 5
30 34 5
31 32 5
31 33 5
31 35 5
32 33 5
32 34 5
32 36 5
32 37 5
33 34 5
33 35 5
33 37 5
34 35 5
34 36 5
34 37 5
34 38 5
34 39 5
35 36 5
35 37 5
35 38 5
36 37 5
36 38 5
36 39 5
36 40 5
37 38 5
37 39 5
37 40 5
38 39 5
38 40 5
38 41 5
38 42 5
39 40 5
39 41 5
39 42 5
39 43 5
40 41 5
40 42 5
40 43 5
41 42 5
41 43 5
41 44 5
41 45 5
41 46 5
42 43 5
42 44 5
42 45 5
42 46 5
42 47 5
43 44 5
43 45 5
43 47 5
44 45 5
44 46 5
44 47 5
44 48 5
45 46 5
45 47 5
45 49 5
45 50 5
46 47 5
46 48 5
46 50 5
46 51 5
47 48 5
47 49 5
47 50 5
48 49 5
48 50 5
48 51 5
48 52 5
48 53 5
49 50 5
49 51 5
49 52 5
49 53 5
50 51 5
50 52 5
50 53 5
50 54 5
51 52 5
51 53 5
51 54 5
51 55 5
52 53 5
52 54 5
52 55 5
52 56 5
52 57 5
53 54 5
53 55 5
53 56 5
53 58 5
54 55 5
54 56 5
54 58 5
55 56 5
55 57 5
55 58 5
55 59 5
56 57 5
56 58 5
56 59 5
56 60 5
56 61 5
57 58 5
57 59 5
57 61 5
58 59 5
58 60 5
58 61 5
58 62 5
58 63 5
59 60 5
59 61 5
59 62 5
59 63 5
60 61 5
60 62 5
60 64 5
61 62 5
61 63 5
61 65 5
62 63 5
62 64 5
62 65 5
62 66 5
63 64 5
63 65 5
63 66 5
63 67 5
63 68 5
64 65 5
64 66 5
64 67 5
64 68 5
65 66 5
65 67 5
65 68 5
65 70 5
66 67 5
66 68 5
66 69 5
66 70 5
66 71 5
67 68 5
67 69 5
67 70 5
67 71 5
68 69 5
68 70 5
68 72 5
69 70 5
69 71 5
69 72 5
69 73 5
69 74 5
70 71 5
70 72 5
70 73 5
70 74 5
71 72 5
71 73 5
71 74 5
71 75 5
72 73 5
72 74 5
72 76 5
73 74 5
73 75 5
73 76 5
73 77 5
74 75 5
74 76 5
74 78 5
75 76 5
75 77 5
75 78 5
75 79 5
76 77 5
76 78 5
77 78 5
77 79 5
77 80 5
77 81 5
78 79 5
78 80 5
78 81 5
78 82 5
78 83 5
79 80 5
79 81 5
79 83 5
80 81 5
80 82 5
80 83 5
80 84 5
80 85 5
81 82 5
81 83 5
81 84 5
82 83 5
82 84 5
82 85 5
82 86 5
83 84 5
83 85 5
83 86 5
83 87 5
84 85 5
84 86 5
84 87 5
84 88 5
85 86 5
85 87 5
85 89 5
86 87 5
86 88 5
86 89 5
86 90 5
87 88 5
87 89 5
87 90 5
87 92 5
88 89 5
88 90 5
88 91 5
88 92 5
89 90 5
89 91 5
89 92 5
89 94 5
90 91 5
90 92 5
90 93 5
90 94 5
91 92 5
91 93 5
91 95 5
91 96 5
92 93 5
92 94 5
92 95 5
92 96 5
93 94 5
93 95 5
93 96 5
93 97 5
94 95 5
94 96 5
94 98 5
95 96 5
95 97 5
95 98 5
96 97 5
96 98 5
96 99 5
96 100 5
96 101 5
97 98 5
97 99 5
97 101 5
98 99 5
98 100 5
98 102 5
99 100 5
99 101 5
99 102 5
99 103 5
100 101 5
100 102 5
100 103 5
100 104 5
101 102 5
101 103 5
101 105 5
102 103 5
102 104 5
102 105 5
102 106 5
102 107 5
103 104 5
103 105 5
103 106 5
103 108 5
104 105 5
104 106 5
105 106 5
105 107 5
105 108 5
105 109 5
105 110 5
106 107 5
106 108 5
106 109 5
106 110 5
107 108 5
107 109 5
107 111 5
107 112 5
108 109 5
108 110 5
108 111 5
108 112 5
109 110 5
109 111 5
109 113 5
109 114 5
110 111 5
110 112 5
110 113 5
110 114 5
111 112 5
111 113 5
111 114 5
112 113 5
112 114 5
112 116 5
113 114 5
113 115 5
113 116 5
113 117 5
113 118 5
114 115 5
114 116 5
114 117 5
114 118 5
114 119 5
115 116 5
115 117 5
115 119 5
116 117 5
116 118 5
116 120 5
117 118 5
117 119 5
117 120 5
117 121 5
117 122 5
118 119 5
118 120 5
118 121 5
118 122 5
119 120 5
119 121 5
119 122 5
119 123 5
120 121 5
120 122 5
120 123 5
120 124 5
121 122 5
121 123 5
121 125 5
122 123 5
122 124 5
122 125 5
122 126 5
122 127 5
123 124 5
123 125 5
123 127 5
123 128 5
124 125 5
124 126 5
124 127 5
124 128 5
125 126 5
125 127 5
125 128 5
125 129 5
126 127 5
126 128 5
126 129 5
126 130 5
127 128 5
127 129 5
127 130 5
127 131 5
128 129 5
128 130 5
128 131 5
128 132 5
128 133 5
129 130 5
129 131 5
129 132 5
130 131 5
130 132 5
130 133 5
130 134 5
131 132 5
131 133 5
131 134 5
132 133 5
132 134 5
132 135 5
132 136 5
133 134 5
133 135 5
133 136 5
134 135 5
134 136 5
134 137 5
134 138 5
134 139 5
135 136 5
135 137 5
135 138 5
135 139 5
135 140 5
136 137 5
136 138 5
136 139 5
136 140 5
136 141 5
137 138 5
137 139 5
137 141 5
137 142 5
138 139 5
138 140 5
138 141 5
138 142 5
138 143 5
139 140 5
139 141 5
139 142 5
139 143 5
139 144 5
140 141 5
140 142 5
140 143 5
140 144 5
141 142 5
141 143 5
141 144 5
141 145 5
141 146 5
142 143 5
142 144 5
142 145 5
142 146 5
142 147 5
143 144 5
143 145 5
143 146 5
143 147 5
144 145 5
144 146 5
144 147 5
144 148 5
145 146 5
145 147 5
145 148 5
145 149 5
146 147 5
146 148 5
146 151 5
147 148 5
147 149 5
147 150 5
147 151 5
148 149 5
148 150 5
148 151 5
148 152 5
149 150 5
149 151 5
149 152 5
149 154 5
150 151 5
150 152 5
150 153 5
150 154 5
151 152 5
151 153 5
151 154 5
151 155 5
151 156 5
152 153 5
152 154 5
152 155 5
153 154 5
153 155 5
153 156 5
153 157 5
154 155 5
154 156 5
155 156 5
155 157 5
156 157 5
156 158 5
156 159 5
157 158 5
157 159 5
157 160 5
157 161 5
158 159 5
158 160 5
158 161 5
158 162 5
159 160 5
159 161 5
159 162 5
159 163 5
160 161 5
160 162 5
160 163 5
160 164 5
160 165 5
161 162 5
161 163 5
161 164 5
161 165 5
162 163 5
162 164 5
162 165 5
162 166 5
163 164 5
163 165 5
163 167 5
164 165 5
164 166 5
164 167 5
164 168 5
164 169 5
165 166 5
165 167 5
165 168 5
165 169 5
166 167 5
166 168 5
166 170 5
167 168 5
167 169 5
167 170 5
167 171 5
168 169 5
168 170 5
168 171 5
168 172 5
168 173 5
169 170 5
169 171 5
169 173 5
170 171 5
170 172 5
171 172 5
171 173 5
171 174 5
171 175 5
171 176 5
172 173 5
172 174 5
172 175 5
172 176 5
172 177 5
173 174 5
173 175 5
173 176 5
173 177 5
174 175 5
174 176 5
174 177 5
175 176 5
175 177 5
175 178 5
176 177 5
176 178 5
176 179 5
176 180 5
177 178 5
177 179 5
177 180 5
178 179 5
178 180 5
178 181 5
178 182 5
179 180 5
179 181 5
179 182 5
180 181 5
180 182 5
180 184 5
181 182 5
181 183 5
181 184 5
181 185 5
182 183 5
182 184 5
182 185 5
182 186 5
183 184 5
183 185 5
183 186 5
183 187 5
183 188 5
184 185 5
184 186 5
184 187 5
184 188 5
184 189 5
185 186 5
185 187 5
185 188 5
185 189 5
186 187 5
186 188 5
186 189 5
186 190 5
186 191 5
187 188 5
187 189 5
187 190 5
187 191 5
188 189 5
188 190 5
188 191 5
188 192 5
189 190 5
189 191 5
189 192 5
189 193 5
190 191 5
190 192 5
190 193 5
190 194 5
191 192 5
191 193 5
191 194 5
191 195 5
192 193 5
192 194 5
192 196 5
193 194 5
193 195 5
193 196 5
193 198 5
194 195 5
194 196 5
194 197 5
194 198 5
194 199 5
195 196 5
195 197 5
195 198 5
195 199 5
196 197 5
196 198 5
197 198 5
197 199 5
197 200 5
197 201 5
198 199 5
198 200 5
199 200 5
199 201 5
199 202 5
199 203 5
200 201 5
200 202 5
200 204 5
201 202 5
201 203 5
201 204 5
201 206 5
202 203 5
202 204 5
202 205 5
202 206 5
202 207 5
203 204 5
203 205 5
203 207 5
204 205 5
204 206 5
204 207 5
204 209 5
205 206 5
205 207 5
206 207 5
206 208 5
206 209 5
206 210 5
207 208 5
207 209 5
207 211 5
208 209 5
208 210 5
208 211 5
208 212 5
209 210 5
209 211 5
209 212 5
209 213 5
210 211 5
210 212 5
210 213 5
210 214 5
211 212 5
211 213 5
211 214 5
211 215 5
212 213 5
212 214 5
212 215 5
212 216 5
213 214 5
213 215 5
213 216 5
213 217 5
214 215 5
214 216 5
214 217 5
214 218 5
214 219 5
215 216 5
215 217 5
215 218 5
215 219 5
215 220 5
216 217 5
216 218 5
216 220 5
217 218 5
217 219 5
217 220 5
217 222 5
218 219 5
218 220 5
218 221 5
219 220 5
219 221 5
219 223 5
219 224 5
220 221 5
220 222 5
220 223 5
220 224 5
220 225 5
221 222 5
221 223 5
221 224 5
221 226 5
222 223 5
222 224 5
222 225 5
222 226 5
223 224 5
223 225 5
223 227 5
224 225 5
224 226 5
224 227 5
224 228 5
225 226 5
225 227 5
225 229 5
226 227 5
226 228 5
226 229 5
226 230 5
226 231 5
227 228 5
227 229 5
227 230 5
227 231 5
228 229 5
228 230 5
228 231 5
228 232 5
229 230 5
229 231 5
230 231 5
230 232 5
230 233 5
230 234 5
231 232 5
231 233 5
231 235 5
232 233 5
232 234 5
232 235 5
232 236 5
232 237 5
233 234 5
233 235 5
233 236 5
233 237 5
233 238 5
234 235 5
234 236 5
234 237 5
234 238 5
235 236 5
235 237 5
235 238 5
235 240 5
236 237 5
236 238 5
236 240 5
237 238 5
237 239 5
237 240 5
237 241 5
237 242 5
238 239 5
238 240 5
238 241 5
238 242 5
239 240 5
239 241 5
239 243 5
240 241 5
240 242 5
240 243 5
240 244 5
241 242 5
241 243 5
241 244 5
241 245 5
242 243 5
242 244 5
242 245 5
242 246 5
243 244 5
243 245 5
243 246 5
243 247 5
244 245 5
244 246 5
244 247 5
244 248 5
245 246 5
245 247 5
245 248 5
245 249 5
246 247 5
246 248 5
246 249 5
246 250 5
246 251 5
247 248 5
247 249 5
247 250 5
248 249 5
248 250 5
248 251 5
248 252 5
248 253 5
249 250 5
249 251 5
249 252 5
249 253 5
249 254 5
250 251 5
250 252 5
251 252 5
251 253 5
251 254 5
251 255 5
252 253 5
252 254 5
252 255 5
252 256 5
253 254 5
253 255 5
253 256 5
253 257 5
253 258 5
254 255 5
254 256 5
254 258 5
254 259 5
255 256 5
255 257 5
255 259 5
255 260 5
256 257 5
256 258 5
256 259 5
257 258 5
257 259 5
257 260 5
257 261 5
258 259 5
258 260 5
258 261 5
258 262 5
259 260 5
259 261 5
259 263 5
259 264 5
260 261 5
260 262 5
260 263 5
261 262 5
261 263 5
261 265 5
261 266 5
262 263 5
262 264 5
262 265 5
262 266 5
263 264 5
263 265 5
263 266 5
263 267 5
264 265 5
264 266 5
264 267 5
264 268 5
264 269 5
265 266 5
265 267 5
265 269 5
266 267 5
266 268 5
266 270 5
267 268 5
267 269 5
268 269 5
268 270 5
268 271 5
268 272 5
268 273 5
269 270 5
269 271 5
269 272 5
269 273 5
269 274 5
270 271 5
270 272 5
270 274 5
271 272 5
271 273 5
271 274 5
271 276 5
272 273 5
272 274 5
272 275 5
272 276 5
273 274 5
273 275 5
273 276 5
273 278 5
274 275 5
274 276 5
274 277 5
274 278 5
275 276 5
275 277 5
275 278 5
275 279 5
275 280 5
276 277 5
276 278 5
276 279 5
276 280 5
276 281 5
277 278 5
277 279 5
277 280 5
277 281 5
278 279 5
278 280 5
278 281 5
278 283 5
279 280 5
279 281 5
279 282 5
279 283 5
279 284 5
280 281 5
280 282 5
280 283 5
280 284 5
280 285 5
281 282 5
281 283 5
281 284 5
281 285 5
282 283 5
282 284 5
282 285 5
282 286 5
283 284 5
283 285 5
283 286 5
283 287 5
284 285 5
284 286 5
284 287 5
284 288 5
285 286 5
285 287 5
285 288 5
285 289 5
286 287 5
286 288 5
286 289 5
286 290 5
286 291 5
287 288 5
287 289 5
287 290 5
287 292 5
288 289 5
288 290 5
288 291 5
288 292 5
289 290 5
289 291 5
289 292 5
290 291 5
290 292 5
290 293 5
290 294 5
291 292 5
291 293 5
291 294 5
292 293 5
292 294 5
292 295 5
292 296 5
292 297 5
293 294 5
293 295 5
293 296 5
293 297 5
294 295 5
294 296 5
294 297 5
294 299 5
295 296 5
295 297 5
295 298 5
295 300 5
296 297 5
296 298 5
296 299 5
296 300 5
296 301 5
297 298 5
297 299 5
297 300 5
297 301 5
298 299 5
298 300 5
298 301 5
298 302 5
299 300 5
299 301 5
299 302 5
299 303 5
300 301 5
300 302 5
300 303 5
300 304 5
300 305 5
301 302 5
301 303 5
301 304 5
302 303 5
302 304 5
302 305 5
302 306 5
303 304 5
303 305 5
303 306 5
303 307 5
304 305 5
304 306 5
304 307 5
305 306 5
305 307 5
305 308 5
305 309 5
306 307 5
306 308 5
306 309 5
306 310 5
306 311 5
307 308 5
307 309 5
307 310 5
307 311 5
308 309 5
308 310 5
308 311 5
308 312 5
309 310 5
309 311 5
309 312 5
309 313 5
310 311 5
310 312 5
310 313 5
310 314 5
311 312 5
311 313 5
311 314 5
311 315 5
312 313 5
312 314 5
312 315 5
312 316 5
313 314 5
313 315 5
313 316 5
313 317 5
314 315 5
314 316 5
314 317 5
314 318 5
315 316 5
315 317 5
315 318 5
315 319 5
316 317 5
316 318 5
316 319 5
316 321 5
317 318 5
317 319 5
317 320 5
317 321 5
318 319 5
318 320 5
318 321 5
319 320 5
319 321 5
319 322 5
319 323 5
320 321 5
320 322 5
320 323 5
320 324 5
321 322 5
321 323 5
321 324 5
321 325 5
322 323 5
322 324 5
322 325 5
322 326 5
323 324 5
323 325 5
323 326 5
323 327 5
324 325 5
324 326 5
324 327 5
324 328 5
324 329 5
325 326 5
325 327 5
325 328 5
325 330 5
326 327 5
326 328 5
326 329 5
326 330 5
327 328 5
327 329 5
327 330 5
328 329 5
328 330 5
328 331 5
328 332 5
329 330 5
329 331 5
329 332 5
329 333 5
330 331 5
330 332 5
330 333 5
330 334 5
331 332 5
331 333 5
331 334 5
331 335 5
331 336 5
332 333 5
332 334 5
332 335 5
332 336 5
332 337 5
333 334 5
333 335 5
333 336 5
333 337 5
333 338 5
334 335 5
334 336 5
334 337 5
334 339 5
335 336 5
335 337 5
335 338 5
336 337 5
336 338 5
336 339 5
337 338 5
337 339 5
337 340 5
337 341 5
338 339 5
338 340 5
338 341 5
339 340 5
339 341 5
339 342 5
339 343 5
340 341 5
340 342 5
340 343 5
340 344 5
341 342 5
341 343 5
341 344 5
341 345 5
342 343 5
342 344 5
342 345 5
342 347 5
343 344 5
343 345 5
343 346 5
343 347 5
344 345 5
344 346 5
344 347 5
345 346 5
345 347 5
345 348 5
346 347 5
346 348 5
346 349 5
346 350 5
347 348 5
347 349 5
347 350 5
347 351 5
347 352 5
348 349 5
348 350 5
348 351 5
348 352 5
349 350 5
349 351 5
349 352 5
349 353 5
350 351 5
350 352 5
350 353 5
350 354 5
351 352 5
351 353 5
351 354 5
352 353 5
352 354 5
352 355 5
352 357 5
353 354 5
353 355 5
353 356 5
354 355 5
354 356 5
354 357 5
354 358 5
355 356 5
355 357 5
355 358 5
356 357 5
356 358 5
356 359 5
356 360 5
357 358 5
357 359 5
357 360 5
358 359 5
358 360 5
358 361 5
358 363 5
359 360 5
359 361 5
359 362 5
359 363 5
360 361 5
360 362 5
360 363 5
360 364 5
361 362 5
361 363 5
361 364 5
361 365 5
362 363 5
362 364 5
362 365 5
362 366 5
363 364 5
363 365 5
363 366 5
363 367 5
363 368 5
364 365 5
364 366 5
364 367 5
364 368 5
365 366 5
365 367 5
365 368 5
365 369 5
366 367 5
366 368 5
366 369 5
366 370 5
367 368 5
367 369 5
367 370 5
367 371 5
368 369 5
368 370 5
368 371 5
368 372 5
368 373 5
369 370 5
369 371 5
369 372 5
369 373 5
370 371 5
370 372 5
370 373 5
370 374 5
370 375 5
371 372 5
371 373 5
371 374 5
371 375 5
372 373 5
372 374 5
372 375 5
372 376 5
372 377 5
373 374 5
373 375 5
373 376 5
373 377 5
374 375 5
374 376 5
374 377 5
374 378 5
375 376 5
375 377 5
375 378 5
375 379 5
376 377 5
376 378 5
376 379 5
376 380 5
377 378 5
377 379 5
377 380 5
377 381 5
378 379 5
378 380 5
378 381 5
378 382 5
378 383 5
379 380 5
379 381 5
379 382 5
379 383 5
380 381 5
380 382 5
380 383 5
380 384 5
381 382 5
381 383 5
381 384 5
381 385 5
382 383 5
382 384 5
382 385 5
382 386 5
383 384 5
383 385 5
383 386 5
383 387 5
384 385 5
384 386 5
384 387 5
384 388 5
384 389 5
385 386 5
385 387 5
385 388 5
385 389 5
385 390 5
386 387 5
386 388 5
386 389 5
386 390 5
386 391 5
387 388 5
387 389 5
387 390 5
387 391 5
387 392 5
388 389 5
388 390 5
388 391 5
388 392 5
388 393 5
389 390 5
389 391 5
389 392 5
389 393 5
390 391 5
390 392 5
390 393 5
390 394 5
391 392 5
391 393 5
391 394 5
391 395 5
391 396 5
392 393 5
392 394 5
392 395 5
392 396 5
393 394 5
393 395 5
393 396 5
393 397 5
394 395 5
394 396 5
394 397 5
394 398 5
395 396 5
395 397 5
395 398 5
395 399 5
396 397 5
396 398 5
396 399 5
396 400 5
397 398 5
397 399 5
397 400 5
397 401 5
398 399 5
398 400 5
398 401 5
399 400 5
399 401 5
400 401 5
