16 52 1
52 73 1
5 16 1
73 153 1
2 52 1
2 73 1
153 242 1
16 67 1
85 242 1
52 235 1
85 129 1
52 186 1
16 245 1
52 86 1
230 242 1
41 52 1
73 250 1
217 242 1
16 202 1
52 233 1
67 137 1
52 213 1
137 151 1
52 167 1
52 216 1
237 242 1
210 230 1
96 230 1
2 131 1
16 237 1
16 61 1
16 227 1
2 92 1
182 210 1
68 252 1
2 149 1
2 188 1
52 246 1
126 242 1
52 230 1
16 117 1
16 134 1
153 270 1
6 52 1
16 206 1
52 68 1
2 121 1
16 131 1
2 140 1
151 181 1
183 242 1
90 252 1
52 248 1
21 52 1
52 149 1
52 102 1
16 200 1
12 73 1
85 155 1
68 272 1
2 260 1
2 271 1
73 260 1
58 210 1
151 180 1
32 85 1
16 271 1
52 108 1
52 187 1
85 133 1
85 250 1
36 210 1
91 153 1
41 241 1
70 260 1
16 181 1
53 183 1
16 238 1
124 259 1
37 210 1
210 262 1
17 52 1
16 120 1
52 185 1
2 6 1
183 259 1
124 210 1
68 81 1
16 36 1
16 41 1
2 42 1
5 51 1
2 14 1
6 203 1
86 184 1
2 214 1
16 231 1
125 241 1
242 266 1
217 259 1
52 217 1
93 210 1
30 250 1
61 219 1
16 214 1
40 242 1
225 242 1
58 186 1
2 247 1
16 57 1
242 256 1
2 120 1
52 122 1
16 114 1
221 245 1
17 221 1
81 250 1
75 202 1
132 217 1
125 161 1
16 164 1
16 123 1
136 221 1
2 32 1
4 16 1
242 275 1
78 270 1
87 221 1
16 127 1
66 86 1
16 150 1
182 259 1
16 62 1
126 224 1
169 245 1
129 144 1
16 78 1
52 225 1
16 137 1
52 116 1
194 250 1
23 121 1
15 102 1
86 129 1
2 225 1
16 155 1
2 145 1
54 85 1
52 106 1
198 217 1
85 102 1
16 109 1
47 169 1
16 125 1
58 150 1
7 210 1
16 149 1
108 145 1
115 153 1
44 137 1
153 219 1
145 241 1
72 230 1
229 245 1
57 59 1
221 258 1
52 275 1
52 88 1
109 153 1
17 187 1
134 149 1
16 251 1
56 242 1
209 242 1
52 208 1
2 106 1
60 153 1
146 250 1
52 155 1
92 160 1
145 167 1
10 68 1
100 153 1
36 153 1
32 127 1
119 217 1
5 125 1
23 135 1
69 129 1
57 187 1
2 102 1
52 72 1
26 181 1
228 237 1
159 230 1
52 70 1
58 160 1
250 256 1
14 73 1
52 56 1
179 210 1
52 177 1
16 273 1
76 129 1
52 263 1
16 194 1
76 149 1
95 102 1
81 264 1
204 237 1
73 261 1
2 69 1
194 238 1
16 196 1
188 210 1
90 271 1
7 68 1
100 239 1
17 222 1
24 102 1
26 125 1
14 159 1
16 192 1
16 165 1
57 137 1
16 98 1
16 48 1
9 159 1
252 258 1
245 249 1
52 205 1
52 134 1
16 40 1
199 221 1
68 185 1
52 157 1
187 235 1
166 219 1
39 52 1
8 221 1
241 253 1
66 221 1
46 252 1
163 256 1
52 87 1
16 204 1
19 242 1
153 202 1
31 52 1
119 120 1
259 269 1
133 221 1
73 265 1
161 217 1
127 194 1
85 136 1
209 250 1
222 266 1
117 174 1
52 173 1
68 251 1
210 237 1
88 232 1
39 129 1
52 251 1
3 73 1
68 69 1
16 210 1
68 160 1
73 137 1
73 222 1
137 246 1
16 99 1
22 252 1
100 225 1
190 230 1
109 244 1
123 271 1
52 95 1
129 260 1
248 252 1
11 16 1
110 119 1
43 52 1
16 75 1
191 194 1
57 274 1
168 242 1
213 217 1
73 95 1
16 76 1
78 215 1
158 199 1
72 210 1
92 187 1
29 160 1
16 17 1
16 112 1
12 16 1
52 164 1
11 52 1
217 252 1
45 202 1
62 126 1
106 204 1
71 129 1
16 126 1
22 52 1
183 210 1
56 134 1
199 241 1
16 81 1
68 120 1
16 50 1
6 159 1
85 204 1
12 198 1
146 270 1
2 58 1
150 268 1
234 271 1
140 170 1
41 57 1
16 51 1
16 233 1
85 195 1
12 227 1
2 66 1
60 183 1
173 182 1
95 237 1
47 153 1
131 252 1
16 246 1
129 227 1
126 275 1
1 251 1
16 55 1
128 149 1
214 225 1
16 270 1
200 210 1
155 210 1
16 92 1
98 219 1
52 107 1
61 230 1
105 214 1
159 253 1
153 265 1
16 208 1
86 183 1
205 242 1
47 125 1
86 134 1
52 79 1
5 76 1
2 208 1
146 210 1
62 113 1
100 261 1
2 24 1
89 153 1
32 142 1
32 172 1
151 228 1
153 225 1
52 58 1
200 250 1
19 76 1
14 103 1
102 275 1
16 63 1
5 141 1
152 241 1
149 171 1
91 210 1
70 126 1
26 271 1
186 216 1
129 209 1
224 242 1
65 210 1
2 227 1
73 107 1
52 254 1
168 271 1
20 242 1
47 248 1
68 245 1
137 207 1
32 242 1
23 85 1
102 114 1
83 89 1
52 212 1
89 92 1
72 137 1
16 158 1
83 85 1
18 52 1
32 116 1
16 84 1
16 161 1
87 210 1
99 210 1
5 214 1
237 274 1
52 259 1
62 210 1
173 237 1
52 182 1
22 271 1
52 161 1
5 255 1
16 166 1
2 151 1
26 102 1
188 242 1
125 188 1
96 208 1
16 191 1
32 211 1
16 124 1
221 229 1
114 207 1
110 242 1
236 260 1
42 195 1
52 136 1
52 234 1
92 258 1
243 261 1
79 91 1
112 121 1
222 224 1
89 270 1
73 166 1
105 241 1
129 240 1
2 239 1
12 224 1
52 236 1
2 41 1
165 261 1
20 188 1
96 249 1
131 138 1
22 155 1
52 175 1
192 242 1
11 184 1
85 220 1
88 161 1
17 32 1
41 216 1
195 230 1
244 252 1
10 16 1
16 25 1
73 152 1
18 68 1
2 148 1
17 271 1
2 85 1
199 205 1
94 146 1
52 211 1
2 38 1
2 156 1
57 163 1
199 216 1
43 168 1
46 52 1
157 270 1
114 240 1
16 146 1
51 137 1
161 165 1
217 225 1
149 251 1
174 227 1
55 210 1
2 113 1
52 101 1
140 210 1
246 262 1
76 148 1
52 105 1
106 133 1
15 58 1
25 59 1
129 180 1
52 99 1
150 230 1
72 116 1
57 109 1
160 206 1
2 267 1
86 149 1
31 265 1
2 181 1
214 217 1
52 93 1
7 111 1
32 181 1
210 264 1
247 259 1
16 44 1
144 171 1
90 161 1
201 271 1
52 119 1
30 245 1
52 255 1
88 214 1
36 52 1
38 209 1
16 198 1
185 248 1
226 241 1
25 153 1
4 163 1
5 160 1
83 160 1
225 275 1
16 33 1
194 198 1
23 52 1
74 210 1
18 89 1
105 166 1
89 120 1
4 52 1
120 196 1
24 95 1
139 150 1
191 221 1
126 185 1
69 231 1
70 113 1
15 199 1
52 194 1
26 243 1
52 227 1
85 162 1
32 117 1
162 204 1
228 271 1
31 66 1
185 235 1
230 275 1
16 212 1
16 193 1
120 169 1
45 217 1
15 110 1
5 137 1
52 133 1
52 138 1
112 237 1
27 52 1
52 55 1
104 259 1
91 275 1
1 145 1
129 263 1
52 198 1
50 68 1
16 82 1
161 262 1
55 173 1
81 194 1
73 101 1
135 230 1
5 73 1
41 192 1
210 249 1
27 274 1
85 226 1
115 248 1
8 271 1
251 273 1
181 263 1
11 210 1
62 228 1
16 264 1
47 94 1
242 260 1
47 219 1
52 147 1
47 228 1
52 220 1
68 169 1
160 202 1
72 110 1
89 145 1
21 22 1
97 129 1
79 109 1
271 275 1
200 217 1
76 184 1
130 205 1
25 52 1
2 204 1
96 183 1
16 43 1
2 150 1
73 81 1
46 105 1
52 266 1
56 85 1
131 227 1
122 258 1
52 53 1
16 18 1
33 95 1
56 76 1
202 208 1
124 204 1
146 259 1
56 210 1
2 233 1
160 219 1
205 246 1
94 225 1
245 253 1
190 195 1
99 203 1
184 217 1
2 77 1
85 131 1
16 87 1
240 271 1
14 221 1
116 227 1
3 123 1
16 56 1
230 256 1
91 238 1
211 221 1
27 252 1
51 71 1
47 172 1
54 69 1
52 131 1
73 254 1
109 169 1
85 181 1
2 190 1
2 210 1
194 272 1
221 264 1
41 97 1
221 248 1
16 121 1
33 237 1
16 272 1
111 217 1
149 166 1
52 85 1
137 183 1
1 220 1
68 166 1
52 71 1
81 134 1
139 175 1
33 216 1
168 201 1
16 184 1
46 241 1
68 143 1
142 143 1
264 275 1
153 175 1
7 52 1
90 210 1
2 134 1
52 221 1
76 187 1
153 204 1
175 251 1
15 251 1
94 166 1
103 200 1
144 187 1
7 270 1
237 273 1
267 271 1
32 273 1
68 218 1
137 192 1
16 46 1
29 174 1
184 268 1
16 145 1
187 208 1
138 275 1
213 242 1
140 169 1
52 239 1
52 151 1
90 144 1
186 212 1
72 108 1
97 191 1
196 247 1
167 210 1
16 89 1
57 164 1
144 224 1
52 154 1
59 228 1
45 252 1
231 246 1
16 95 1
52 267 1
85 104 1
32 216 1
46 158 1
2 159 1
62 155 1
123 257 1
86 236 1
105 190 1
239 241 1
54 102 1
52 115 1
23 261 1
1 242 1
118 225 1
153 230 1
161 204 1
62 131 1
210 255 1
52 174 1
27 73 1
16 91 1
80 210 1
151 165 1
16 203 1
59 113 1
16 262 1
68 111 1
13 210 1
81 122 1
202 259 1
101 221 1
14 250 1
12 221 1
16 39 1
88 114 1
16 45 1
113 207 1
258 260 1
