1 2 2
1 3 2
1 4 2
1 274 2
1 275 2
1 300 2
1 301 2
1 302 2
2 3 2
2 5 2
2 103 2
2 115 2
2 183 2
2 233 2
2 301 2
2 302 2
3 5 2
3 12 2
3 301 2
3 302 2
4 6 2
4 38 2
4 213 2
5 6 2
5 7 2
5 67 2
6 9 2
6 73 2
6 226 2
6 268 2
7 8 2
7 9 2
7 10 2
7 49 2
7 250 2
8 9 2
8 11 2
8 19 2
8 103 2
8 143 2
8 147 2
9 11 2
9 86 2
9 101 2
9 188 2
9 216 2
10 11 2
10 12 2
10 267 2
11 13 2
11 14 2
11 15 2
11 146 2
11 161 2
11 242 2
11 245 2
11 272 2
12 14 2
12 15 2
12 63 2
12 161 2
12 201 2
12 263 2
13 14 2
13 15 2
13 16 2
13 17 2
13 22 2
13 138 2
13 157 2
14 15 2
14 16 2
14 17 2
14 38 2
15 17 2
15 19 2
15 47 2
15 230 2
15 297 2
16 17 2
16 18 2
16 19 2
16 55 2
17 18 2
17 19 2
17 20 2
17 21 2
17 231 2
18 21 2
18 125 2
18 164 2
19 22 2
19 40 2
19 173 2
19 211 2
19 256 2
20 21 2
20 142 2
20 197 2
20 302 2
21 23 2
21 24 2
21 189 2
21 225 2
21 227 2
21 280 2
22 23 2
22 126 2
22 147 2
23 25 2
23 26 2
23 27 2
23 121 2
23 234 2
24 25 2
24 26 2
24 27 2
24 60 2
24 95 2
24 264 2
25 27 2
25 28 2
25 31 2
26 28 2
26 121 2
26 152 2
27 29 2
27 206 2
27 213 2
27 227 2
28 29 2
28 30 2
28 177 2
29 30 2
29 31 2
30 31 2
30 33 2
30 90 2
30 248 2
31 32 2
31 33 2
31 43 2
31 153 2
32 33 2
32 34 2
32 35 2
33 34 2
33 35 2
33 224 2
33 232 2
34 35 2
34 168 2
34 183 2
35 36 2
35 37 2
35 39 2
35 66 2
35 91 2
35 114 2
35 184 2
36 37 2
36 38 2
36 39 2
37 38 2
37 39 2
37 40 2
37 301 2
38 39 2
38 40 2
39 41 2
39 42 2
39 267 2
40 41 2
40 42 2
40 176 2
40 249 2
41 42 2
41 44 2
41 58 2
41 160 2
42 43 2
42 44 2
42 45 2
42 78 2
42 186 2
42 199 2
43 44 2
43 47 2
43 65 2
43 143 2
43 233 2
44 45 2
44 105 2
44 138 2
44 239 2
45 46 2
45 47 2
45 67 2
46 47 2
46 48 2
46 50 2
46 95 2
46 104 2
46 110 2
47 49 2
47 50 2
48 49 2
48 50 2
48 51 2
48 52 2
49 50 2
49 128 2
49 168 2
49 212 2
50 51 2
50 53 2
50 120 2
50 173 2
51 52 2
51 53 2
51 93 2
52 54 2
52 55 2
52 231 2
52 247 2
52 287 2
53 54 2
53 58 2
53 229 2
53 265 2
54 55 2
54 251 2
54 263 2
55 56 2
55 146 2
55 195 2
55 264 2
56 58 2
56 84 2
57 59 2
57 60 2
57 106 2
58 61 2
58 75 2
59 60 2
59 61 2
59 62 2
59 63 2
59 127 2
60 62 2
60 63 2
60 67 2
60 226 2
61 62 2
61 63 2
61 64 2
61 101 2
62 64 2
62 65 2
62 87 2
62 198 2
63 65 2
63 66 2
63 211 2
63 227 2
64 65 2
64 67 2
64 199 2
64 223 2
64 266 2
65 67 2
65 68 2
65 71 2
65 285 2
67 68 2
67 69 2
67 71 2
68 69 2
68 70 2
68 193 2
68 213 2
69 71 2
69 72 2
69 113 2
70 71 2
70 72 2
70 73 2
70 113 2
71 261 2
72 73 2
72 75 2
72 158 2
72 221 2
72 222 2
73 76 2
73 77 2
73 149 2
73 195 2
74 75 2
74 77 2
74 243 2
75 76 2
75 77 2
75 78 2
75 79 2
75 161 2
76 78 2
76 110 2
76 159 2
77 78 2
77 79 2
77 84 2
78 80 2
78 81 2
79 80 2
79 81 2
79 82 2
80 81 2
80 82 2
80 131 2
81 82 2
81 83 2
82 83 2
82 108 2
82 230 2
83 85 2
83 208 2
83 210 2
84 85 2
84 86 2
84 272 2
85 86 2
85 99 2
85 101 2
85 139 2
85 193 2
85 212 2
86 87 2
86 88 2
86 89 2
86 188 2
87 88 2
87 89 2
88 90 2
88 91 2
88 254 2
89 91 2
89 92 2
89 137 2
90 92 2
90 116 2
91 93 2
91 94 2
92 93 2
92 94 2
92 95 2
93 97 2
93 208 2
94 96 2
94 126 2
94 158 2
95 105 2
96 97 2
96 98 2
96 99 2
96 100 2
96 109 2
97 98 2
97 99 2
97 100 2
98 100 2
98 102 2
98 120 2
98 141 2
98 152 2
98 187 2
99 101 2
99 181 2
99 203 2
100 153 2
100 172 2
102 103 2
102 104 2
102 291 2
103 106 2
103 177 2
104 105 2
104 106 2
105 108 2
105 152 2
105 212 2
106 107 2
106 108 2
106 110 2
106 231 2
107 108 2
107 209 2
107 274 2
108 109 2
108 110 2
108 183 2
109 110 2
109 111 2
109 280 2
110 111 2
110 151 2
110 213 2
111 113 2
111 114 2
111 120 2
111 134 2
111 273 2
112 114 2
112 115 2
112 116 2
112 124 2
113 114 2
114 116 2
114 146 2
114 162 2
114 165 2
115 116 2
115 117 2
115 119 2
115 134 2
116 117 2
116 118 2
116 127 2
116 301 2
117 118 2
117 119 2
117 120 2
118 119 2
118 120 2
119 121 2
119 122 2
119 123 2
119 235 2
119 295 2
120 121 2
120 123 2
121 122 2
121 123 2
122 123 2
122 124 2
122 165 2
122 199 2
123 125 2
123 126 2
123 127 2
123 172 2
123 243 2
124 125 2
124 126 2
124 127 2
124 174 2
125 127 2
125 129 2
125 217 2
126 128 2
126 205 2
127 128 2
128 130 2
128 131 2
128 132 2
128 270 2
129 130 2
129 131 2
129 132 2
130 131 2
130 132 2
130 133 2
130 171 2
130 201 2
131 132 2
131 263 2
132 133 2
132 135 2
132 136 2
132 226 2
132 284 2
133 134 2
133 135 2
133 157 2
134 135 2
135 136 2
135 137 2
135 138 2
135 156 2
136 137 2
136 138 2
136 139 2
137 138 2
137 139 2
137 140 2
137 265 2
138 139 2
138 140 2
138 141 2
138 240 2
138 286 2
139 140 2
139 275 2
140 141 2
140 142 2
140 144 2
141 142 2
141 143 2
141 144 2
142 143 2
142 144 2
142 146 2
143 157 2
143 228 2
144 145 2
144 146 2
144 218 2
145 146 2
145 147 2
146 148 2
146 149 2
147 148 2
147 149 2
147 150 2
148 149 2
148 150 2
148 151 2
149 150 2
149 151 2
149 152 2
149 271 2
150 152 2
150 243 2
151 152 2
151 153 2
151 154 2
152 153 2
152 155 2
153 154 2
153 155 2
153 156 2
154 156 2
154 157 2
154 158 2
154 205 2
155 156 2
155 157 2
155 158 2
156 157 2
156 242 2
158 160 2
158 161 2
158 198 2
159 160 2
159 162 2
159 258 2
160 163 2
160 232 2
161 162 2
161 188 2
162 164 2
162 165 2
162 226 2
162 262 2
163 164 2
163 165 2
163 166 2
164 165 2
164 166 2
164 167 2
164 261 2
165 167 2
166 167 2
166 168 2
167 169 2
167 171 2
167 247 2
168 170 2
168 171 2
168 172 2
169 170 2
169 171 2
169 172 2
170 171 2
170 172 2
170 173 2
170 243 2
171 219 2
171 271 2
172 174 2
172 278 2
173 174 2
173 175 2
173 176 2
173 177 2
174 175 2
174 176 2
174 270 2
175 176 2
175 177 2
175 178 2
175 179 2
176 177 2
176 178 2
176 247 2
177 179 2
177 180 2
177 184 2
178 179 2
178 180 2
178 181 2
178 232 2
179 180 2
179 181 2
179 182 2
179 239 2
180 181 2
180 183 2
180 252 2
180 253 2
181 182 2
181 184 2
181 185 2
182 183 2
182 184 2
182 251 2
183 184 2
184 185 2
184 188 2
185 187 2
185 241 2
186 187 2
187 188 2
187 191 2
187 270 2
188 190 2
189 191 2
189 192 2
190 191 2
190 192 2
190 193 2
191 192 2
191 193 2
191 194 2
192 194 2
192 195 2
192 196 2
192 206 2
193 194 2
193 195 2
193 196 2
193 243 2
194 195 2
194 196 2
194 197 2
195 277 2
196 197 2
196 198 2
197 199 2
197 227 2
197 254 2
198 199 2
198 201 2
199 256 2
200 201 2
200 202 2
200 203 2
200 242 2
202 204 2
202 205 2
202 206 2
202 269 2
203 204 2
203 211 2
204 206 2
204 207 2
204 240 2
205 207 2
205 209 2
205 269 2
205 288 2
206 207 2
206 209 2
206 239 2
207 208 2
207 210 2
207 261 2
207 293 2
208 210 2
208 211 2
208 288 2
209 247 2
209 298 2
210 211 2
210 212 2
211 212 2
211 228 2
211 262 2
213 214 2
213 252 2
214 215 2
214 216 2
214 217 2
215 216 2
215 217 2
215 218 2
216 218 2
216 219 2
217 218 2
217 221 2
217 225 2
218 219 2
218 220 2
218 222 2
218 242 2
218 266 2
218 277 2
219 220 2
219 240 2
220 221 2
220 222 2
220 223 2
221 222 2
221 223 2
222 223 2
222 224 2
222 225 2
222 281 2
223 225 2
223 226 2
224 225 2
224 226 2
225 226 2
225 227 2
225 228 2
226 280 2
228 229 2
228 270 2
229 230 2
229 232 2
230 231 2
230 232 2
231 234 2
233 234 2
233 235 2
233 236 2
234 235 2
234 236 2
234 246 2
234 249 2
235 236 2
235 238 2
236 237 2
236 238 2
236 240 2
237 238 2
237 240 2
237 264 2
238 239 2
238 240 2
238 241 2
239 240 2
239 243 2
240 242 2
241 243 2
241 270 2
241 287 2
242 245 2
244 245 2
244 246 2
245 247 2
245 248 2
245 253 2
246 247 2
246 249 2
246 250 2
247 249 2
247 250 2
247 271 2
248 249 2
248 251 2
248 258 2
249 250 2
249 251 2
249 253 2
249 292 2
250 251 2
250 252 2
250 253 2
250 254 2
251 252 2
251 253 2
251 255 2
252 266 2
253 254 2
254 255 2
254 256 2
254 257 2
255 256 2
255 257 2
255 258 2
256 257 2
257 259 2
257 260 2
257 281 2
258 259 2
258 260 2
258 261 2
259 260 2
259 261 2
260 261 2
260 262 2
260 263 2
261 262 2
261 263 2
261 264 2
262 264 2
262 265 2
263 264 2
263 265 2
264 266 2
265 266 2
265 268 2
266 268 2
266 269 2
267 268 2
267 269 2
267 270 2
267 296 2
268 269 2
268 270 2
268 271 2
269 270 2
269 271 2
269 272 2
270 289 2
271 272 2
271 292 2
272 274 2
273 274 2
273 275 2
273 276 2
274 276 2
274 277 2
275 276 2
275 277 2
275 281 2
276 277 2
276 278 2
276 279 2
277 279 2
277 280 2
278 279 2
278 280 2
278 281 2
279 280 2
279 281 2
279 282 2
280 281 2
280 282 2
281 283 2
281 285 2
281 301 2
282 283 2
282 284 2
282 285 2
283 284 2
283 285 2
283 286 2
284 285 2
284 286 2
284 287 2
285 286 2
285 288 2
285 289 2
286 287 2
286 289 2
286 290 2
287 288 2
287 289 2
288 289 2
288 290 2
288 292 2
289 290 2
289 291 2
290 291 2
290 292 2
290 293 2
291 292 2
291 293 2
292 295 2
292 296 2
293 294 2
293 295 2
293 296 2
294 295 2
294 296 2
294 297 2
295 296 2
295 297 2
296 297 2
296 299 2
297 298 2
297 300 2
298 299 2
298 300 2
298 301 2
299 300 2
299 301 2
299 302 2
300 301 2
300 302 2
