1 2 3
1 3 3
1 4 3
1 5 3
1 179 3
1 274 3
1 275 3
1 300 3
1 301 3
1 302 3
1 330 3
1 331 3
1 332 3
2 3 3
2 5 3
2 52 3
2 103 3
2 115 3
2 121 3
2 155 3
2 292 3
2 294 3
2 301 3
2 302 3
2 330 3
2 331 3
3 5 3
3 7 3
3 12 3
3 301 3
3 302 3
3 332 3
4 6 3
4 38 3
4 213 3
5 6 3
5 7 3
5 9 3
5 33 3
5 109 3
5 170 3
6 9 3
6 73 3
6 226 3
6 268 3
7 8 3
7 9 3
7 10 3
7 49 3
7 261 3
8 9 3
8 11 3
8 19 3
8 103 3
8 143 3
8 147 3
9 11 3
9 86 3
9 101 3
9 188 3
9 216 3
10 11 3
10 12 3
10 80 3
10 109 3
11 13 3
11 15 3
11 142 3
11 146 3
11 161 3
11 206 3
11 245 3
11 272 3
12 14 3
12 16 3
12 63 3
12 99 3
12 161 3
12 201 3
12 263 3
13 14 3
13 15 3
13 16 3
13 17 3
13 34 3
13 103 3
13 157 3
13 225 3
13 256 3
13 301 3
14 15 3
14 17 3
14 38 3
14 173 3
14 311 3
15 17 3
15 19 3
15 126 3
15 254 3
15 297 3
16 17 3
16 18 3
16 19 3
16 55 3
17 18 3
17 19 3
17 115 3
17 128 3
17 231 3
17 286 3
18 21 3
18 125 3
18 164 3
19 40 3
19 63 3
19 78 3
19 149 3
19 173 3
19 256 3
20 85 3
20 109 3
20 184 3
20 197 3
20 328 3
21 23 3
21 24 3
21 25 3
21 106 3
21 189 3
21 225 3
21 227 3
21 280 3
22 23 3
22 70 3
22 132 3
22 305 3
23 25 3
23 26 3
23 27 3
23 54 3
23 121 3
23 234 3
23 327 3
24 25 3
24 26 3
24 60 3
24 95 3
24 205 3
24 264 3
25 27 3
25 28 3
25 31 3
26 28 3
26 39 3
26 121 3
26 180 3
27 185 3
27 206 3
27 213 3
27 227 3
28 30 3
28 37 3
28 106 3
28 177 3
28 261 3
29 31 3
29 201 3
30 31 3
30 90 3
30 164 3
30 248 3
30 284 3
31 32 3
31 33 3
31 35 3
31 43 3
31 153 3
32 33 3
32 34 3
32 35 3
32 36 3
33 34 3
33 35 3
33 232 3
34 100 3
34 183 3
34 212 3
35 37 3
35 39 3
35 91 3
35 102 3
35 114 3
35 184 3
35 257 3
36 37 3
36 38 3
36 40 3
36 102 3
37 40 3
37 279 3
37 296 3
37 301 3
38 39 3
38 40 3
38 42 3
38 73 3
39 41 3
39 116 3
39 136 3
39 267 3
40 42 3
40 176 3
40 216 3
40 245 3
40 310 3
41 44 3
41 58 3
41 155 3
41 160 3
41 175 3
41 218 3
42 43 3
42 44 3
42 45 3
42 78 3
42 79 3
42 119 3
42 199 3
43 44 3
43 47 3
43 65 3
43 143 3
43 233 3
44 45 3
44 105 3
44 138 3
44 229 3
44 239 3
45 47 3
45 49 3
45 67 3
45 301 3
46 48 3
46 50 3
46 95 3
46 104 3
46 110 3
46 119 3
47 49 3
47 50 3
47 187 3
48 49 3
48 50 3
48 51 3
48 52 3
48 54 3
49 50 3
49 128 3
49 168 3
49 213 3
50 51 3
50 53 3
50 54 3
50 120 3
50 173 3
51 52 3
51 53 3
51 93 3
51 244 3
52 54 3
52 56 3
52 154 3
52 247 3
52 287 3
53 54 3
53 57 3
53 88 3
53 229 3
53 265 3
54 150 3
54 251 3
54 278 3
55 56 3
55 146 3
55 195 3
55 264 3
56 58 3
56 84 3
56 327 3
57 60 3
57 61 3
57 164 3
57 252 3
58 61 3
58 62 3
58 75 3
58 320 3
59 60 3
59 61 3
59 62 3
59 63 3
59 127 3
60 62 3
60 63 3
60 67 3
60 162 3
60 226 3
61 63 3
61 65 3
61 88 3
61 101 3
61 196 3
61 319 3
62 64 3
62 198 3
62 219 3
62 235 3
62 315 3
63 65 3
63 66 3
63 227 3
64 65 3
64 67 3
64 145 3
64 169 3
64 199 3
64 218 3
64 269 3
65 67 3
65 68 3
65 69 3
65 71 3
65 285 3
66 114 3
66 128 3
67 68 3
67 69 3
67 170 3
67 315 3
68 69 3
68 70 3
68 72 3
68 213 3
68 216 3
69 71 3
69 72 3
69 113 3
69 141 3
69 226 3
70 72 3
70 73 3
70 113 3
71 75 3
71 201 3
71 268 3
72 139 3
72 158 3
72 221 3
72 222 3
72 328 3
73 76 3
73 77 3
73 195 3
74 75 3
74 77 3
74 236 3
74 243 3
74 290 3
75 76 3
75 78 3
75 79 3
75 161 3
75 276 3
76 78 3
76 110 3
76 159 3
77 78 3
77 79 3
77 84 3
78 81 3
78 82 3
78 307 3
79 80 3
79 81 3
79 82 3
80 82 3
80 131 3
81 82 3
81 83 3
81 136 3
82 83 3
82 108 3
82 205 3
82 230 3
83 85 3
83 208 3
83 210 3
83 268 3
84 85 3
84 86 3
84 88 3
84 164 3
84 272 3
84 313 3
85 99 3
85 101 3
85 139 3
85 193 3
85 212 3
85 291 3
86 87 3
86 88 3
86 89 3
86 90 3
86 126 3
86 188 3
87 89 3
87 185 3
87 238 3
88 90 3
88 91 3
88 111 3
88 254 3
89 91 3
89 92 3
89 93 3
89 137 3
90 92 3
90 94 3
90 116 3
91 93 3
91 94 3
91 123 3
91 191 3
91 255 3
92 93 3
92 94 3
92 239 3
93 97 3
93 240 3
94 96 3
94 126 3
94 158 3
95 99 3
95 109 3
95 127 3
95 140 3
96 97 3
96 98 3
96 99 3
96 100 3
96 136 3
96 204 3
97 98 3
97 99 3
97 100 3
98 102 3
98 120 3
98 141 3
98 152 3
98 187 3
98 225 3
99 181 3
99 214 3
99 304 3
100 153 3
100 177 3
100 209 3
101 272 3
101 302 3
102 103 3
102 104 3
102 106 3
102 233 3
102 291 3
103 106 3
103 177 3
104 105 3
104 106 3
104 108 3
105 108 3
105 109 3
105 152 3
105 212 3
105 231 3
106 231 3
106 329 3
107 108 3
107 111 3
107 209 3
107 274 3
108 109 3
108 110 3
108 183 3
109 110 3
109 111 3
109 113 3
109 280 3
110 111 3
110 151 3
110 213 3
111 113 3
111 134 3
111 267 3
111 273 3
112 114 3
112 115 3
112 116 3
112 124 3
113 114 3
113 218 3
114 116 3
114 118 3
114 162 3
114 165 3
115 116 3
115 119 3
115 167 3
115 182 3
115 200 3
116 117 3
116 118 3
116 301 3
116 308 3
117 118 3
117 119 3
117 120 3
118 119 3
118 120 3
119 122 3
119 123 3
119 201 3
119 295 3
119 315 3
120 121 3
120 123 3
121 123 3
121 243 3
122 123 3
122 124 3
122 126 3
122 165 3
122 199 3
123 125 3
123 126 3
123 127 3
123 172 3
124 125 3
124 126 3
124 127 3
124 174 3
125 127 3
125 129 3
125 217 3
126 205 3
127 190 3
128 130 3
128 162 3
128 200 3
128 270 3
129 130 3
129 131 3
129 132 3
130 131 3
130 132 3
130 133 3
130 171 3
130 201 3
131 132 3
131 263 3
132 133 3
132 135 3
132 136 3
132 226 3
132 284 3
133 134 3
133 135 3
133 157 3
134 135 3
134 138 3
134 173 3
135 136 3
135 137 3
135 138 3
135 156 3
135 170 3
136 139 3
136 164 3
136 165 3
136 183 3
137 139 3
137 140 3
137 161 3
137 265 3
138 139 3
138 140 3
138 141 3
138 240 3
138 286 3
139 140 3
139 143 3
139 156 3
139 252 3
140 142 3
140 144 3
141 144 3
141 223 3
141 274 3
142 143 3
142 144 3
142 146 3
143 147 3
143 157 3
143 228 3
144 145 3
144 218 3
144 268 3
145 147 3
145 181 3
145 310 3
146 148 3
146 149 3
146 150 3
147 148 3
147 149 3
147 150 3
148 149 3
148 150 3
148 151 3
148 152 3
148 156 3
149 150 3
149 151 3
149 152 3
149 211 3
149 326 3
150 152 3
150 154 3
151 152 3
151 153 3
151 154 3
152 153 3
152 155 3
153 154 3
153 155 3
153 181 3
154 156 3
154 157 3
154 205 3
154 267 3
155 156 3
155 157 3
155 158 3
157 161 3
158 160 3
158 161 3
158 162 3
158 198 3
159 160 3
159 162 3
159 190 3
159 258 3
160 163 3
160 164 3
160 232 3
161 162 3
161 188 3
162 164 3
162 262 3
163 164 3
163 165 3
163 166 3
163 281 3
164 167 3
164 261 3
164 283 3
165 167 3
166 167 3
166 168 3
166 170 3
167 171 3
167 201 3
168 172 3
168 174 3
168 220 3
168 280 3
168 295 3
169 170 3
169 172 3
170 173 3
170 243 3
171 219 3
171 298 3
171 310 3
172 174 3
172 176 3
172 278 3
173 175 3
173 177 3
174 175 3
174 176 3
174 242 3
175 176 3
175 177 3
175 179 3
176 177 3
176 178 3
176 190 3
177 181 3
177 184 3
177 304 3
178 179 3
178 180 3
178 181 3
178 182 3
178 222 3
178 329 3
179 180 3
179 228 3
179 239 3
180 183 3
180 184 3
180 252 3
180 253 3
181 182 3
181 184 3
181 185 3
182 183 3
182 186 3
182 251 3
183 184 3
184 185 3
184 188 3
185 187 3
185 241 3
186 187 3
186 190 3
187 191 3
187 270 3
188 189 3
188 190 3
189 191 3
190 191 3
190 192 3
190 193 3
190 259 3
191 194 3
191 195 3
191 218 3
192 194 3
192 195 3
192 196 3
192 206 3
193 195 3
193 196 3
193 197 3
193 243 3
193 325 3
194 195 3
194 196 3
194 197 3
195 249 3
195 277 3
196 198 3
197 199 3
197 227 3
197 254 3
198 199 3
198 276 3
198 312 3
199 256 3
200 202 3
200 203 3
200 242 3
200 314 3
202 204 3
202 205 3
202 206 3
202 269 3
203 204 3
203 211 3
204 206 3
204 207 3
204 240 3
205 207 3
205 209 3
205 269 3
206 207 3
206 209 3
206 210 3
206 239 3
207 208 3
207 210 3
207 211 3
207 261 3
207 293 3
208 210 3
208 211 3
208 212 3
208 288 3
209 213 3
209 217 3
209 298 3
210 212 3
210 214 3
210 249 3
210 261 3
211 212 3
211 228 3
211 262 3
212 216 3
213 214 3
213 252 3
214 215 3
214 216 3
214 217 3
215 216 3
215 217 3
215 218 3
216 218 3
216 220 3
217 218 3
217 221 3
218 219 3
218 241 3
218 242 3
218 277 3
218 281 3
219 240 3
219 269 3
220 221 3
220 222 3
220 329 3
221 222 3
221 330 3
222 223 3
222 224 3
222 225 3
222 281 3
223 225 3
223 226 3
223 288 3
224 225 3
224 226 3
224 318 3
225 227 3
225 229 3
225 256 3
226 280 3
228 229 3
228 270 3
229 232 3
229 267 3
230 231 3
230 232 3
233 234 3
233 236 3
234 235 3
234 238 3
234 246 3
234 249 3
234 326 3
235 238 3
236 238 3
236 240 3
237 238 3
237 240 3
237 264 3
238 239 3
238 240 3
238 302 3
239 240 3
239 243 3
240 242 3
241 243 3
241 245 3
241 270 3
242 245 3
244 246 3
245 247 3
245 248 3
245 249 3
245 253 3
246 247 3
246 249 3
246 250 3
247 249 3
247 250 3
247 251 3
247 271 3
248 249 3
248 251 3
248 258 3
249 250 3
249 253 3
249 292 3
250 251 3
250 252 3
250 253 3
250 254 3
251 252 3
251 253 3
251 255 3
252 266 3
253 254 3
254 255 3
254 256 3
254 257 3
254 258 3
255 257 3
255 258 3
256 257 3
256 260 3
257 260 3
257 266 3
257 281 3
258 259 3
258 260 3
258 261 3
259 260 3
259 275 3
260 261 3
260 262 3
260 263 3
260 264 3
261 263 3
261 264 3
262 264 3
262 265 3
263 264 3
263 265 3
264 266 3
265 266 3
265 268 3
266 268 3
266 280 3
266 310 3
267 268 3
267 270 3
267 296 3
268 269 3
269 270 3
269 273 3
269 311 3
270 289 3
271 272 3
271 292 3
272 274 3
273 274 3
273 275 3
273 276 3
273 277 3
274 276 3
274 277 3
275 276 3
275 277 3
276 278 3
276 279 3
276 296 3
277 279 3
277 280 3
278 279 3
278 280 3
279 280 3
279 282 3
280 281 3
281 283 3
281 285 3
282 283 3
282 284 3
282 285 3
283 284 3
283 285 3
283 286 3
284 285 3
284 286 3
284 308 3
284 321 3
285 286 3
285 288 3
285 289 3
286 287 3
286 289 3
286 290 3
287 288 3
287 289 3
287 291 3
287 318 3
288 289 3
288 292 3
289 290 3
289 291 3
290 291 3
290 292 3
290 301 3
291 292 3
291 293 3
291 295 3
292 295 3
292 296 3
293 294 3
293 295 3
293 296 3
294 295 3
294 296 3
294 297 3
294 298 3
295 296 3
295 297 3
296 299 3
297 298 3
297 300 3
298 299 3
298 300 3
298 301 3
299 300 3
299 301 3
299 302 3
300 301 3
300 302 3
300 303 3
300 304 3
301 304 3
302 305 3
302 318 3
303 304 3
303 305 3
303 306 3
304 305 3
304 306 3
304 307 3
305 306 3
305 307 3
305 308 3
306 307 3
306 308 3
306 309 3
306 310 3
307 308 3
307 309 3
307 310 3
307 323 3
308 310 3
308 311 3
309 310 3
309 311 3
309 312 3
310 313 3
311 312 3
311 313 3
311 314 3
311 315 3
312 313 3
312 314 3
312 315 3
313 315 3
313 316 3
314 316 3
314 317 3
314 318 3
314 320 3
315 316 3
315 317 3
315 318 3
315 319 3
316 317 3
316 318 3
316 319 3
317 318 3
317 319 3
317 320 3
317 321 3
318 320 3
319 320 3
319 321 3
319 322 3
320 322 3
320 323 3
321 323 3
321 324 3
322 323 3
322 324 3
322 325 3
322 326 3
323 324 3
323 326 3
324 325 3
324 326 3
324 327 3
325 326 3
325 327 3
325 328 3
326 327 3
326 329 3
327 329 3
327 331 3
328 330 3
328 331 3
329 332 3
330 331 3
330 332 3
331 332 3
