1 2 2
1 4 2
1 94 2
1 243 2
1 263 2
1 273 2
1 274 2
1 275 2
1 300 2
1 301 2
1 302 2
2 3 2
2 4 2
2 5 2
2 274 2
2 286 2
2 301 2
2 302 2
3 4 2
3 5 2
3 7 2
3 48 2
3 106 2
3 302 2
4 113 2
4 266 2
5 7 2
5 8 2
5 54 2
5 126 2
5 266 2
6 7 2
6 41 2
6 95 2
6 148 2
6 191 2
6 200 2
6 204 2
7 8 2
7 9 2
7 10 2
8 9 2
8 12 2
8 82 2
8 93 2
8 132 2
8 282 2
9 11 2
9 64 2
9 72 2
9 176 2
10 12 2
10 106 2
10 113 2
10 270 2
11 12 2
11 13 2
11 14 2
11 122 2
12 13 2
12 97 2
12 108 2
12 294 2
13 14 2
13 15 2
13 268 2
14 15 2
14 123 2
14 137 2
14 158 2
14 186 2
14 201 2
15 18 2
15 19 2
15 187 2
15 208 2
16 18 2
16 20 2
16 203 2
16 233 2
16 295 2
17 84 2
17 176 2
18 19 2
18 20 2
18 21 2
18 22 2
18 283 2
19 20 2
19 21 2
19 22 2
19 32 2
19 191 2
20 21 2
20 22 2
20 23 2
21 22 2
21 81 2
21 166 2
21 197 2
21 211 2
21 260 2
21 262 2
22 25 2
22 135 2
22 211 2
23 24 2
23 155 2
23 213 2
23 228 2
24 25 2
24 28 2
24 71 2
24 208 2
24 217 2
25 91 2
25 124 2
25 139 2
25 189 2
25 237 2
26 27 2
26 28 2
26 42 2
27 29 2
27 30 2
27 155 2
28 29 2
28 31 2
28 32 2
28 100 2
28 203 2
29 30 2
29 31 2
29 32 2
29 33 2
30 31 2
30 32 2
30 33 2
30 126 2
30 231 2
30 297 2
31 32 2
31 54 2
31 153 2
31 167 2
32 33 2
32 34 2
32 118 2
32 292 2
33 34 2
33 35 2
33 137 2
33 233 2
34 35 2
34 36 2
34 106 2
35 36 2
35 37 2
35 38 2
35 262 2
36 37 2
36 38 2
36 40 2
36 265 2
37 38 2
37 41 2
37 187 2
37 215 2
38 39 2
38 40 2
38 41 2
38 42 2
38 79 2
39 42 2
39 137 2
39 170 2
39 218 2
39 266 2
40 41 2
40 42 2
41 42 2
41 43 2
41 107 2
42 44 2
42 106 2
43 44 2
43 45 2
43 46 2
43 47 2
44 46 2
44 47 2
44 146 2
44 158 2
45 71 2
45 166 2
45 214 2
46 47 2
46 48 2
46 146 2
46 210 2
47 48 2
47 154 2
48 49 2
48 51 2
48 231 2
49 50 2
49 51 2
49 102 2
49 204 2
50 51 2
50 52 2
50 299 2
51 53 2
51 55 2
52 58 2
52 105 2
52 183 2
53 55 2
53 224 2
53 238 2
54 57 2
54 75 2
54 201 2
54 217 2
55 56 2
55 79 2
55 180 2
55 211 2
56 57 2
56 58 2
56 80 2
57 59 2
57 60 2
57 61 2
57 109 2
57 280 2
58 59 2
58 60 2
58 61 2
58 198 2
59 60 2
59 61 2
59 62 2
59 171 2
60 62 2
60 63 2
60 64 2
60 96 2
61 63 2
61 65 2
61 206 2
61 232 2
62 63 2
62 64 2
62 207 2
63 65 2
63 66 2
63 67 2
63 107 2
63 139 2
64 65 2
64 215 2
64 250 2
65 66 2
65 67 2
65 68 2
66 67 2
66 69 2
66 125 2
66 130 2
67 69 2
67 70 2
67 136 2
68 69 2
68 70 2
68 185 2
69 71 2
69 72 2
69 90 2
69 170 2
70 71 2
70 72 2
70 73 2
70 97 2
70 133 2
71 72 2
71 74 2
71 161 2
71 266 2
71 276 2
71 289 2
72 73 2
72 74 2
72 173 2
72 222 2
73 74 2
73 75 2
73 76 2
73 94 2
73 135 2
74 75 2
74 77 2
74 184 2
74 258 2
75 76 2
75 77 2
75 78 2
75 79 2
75 106 2
76 78 2
76 79 2
76 186 2
76 195 2
77 78 2
77 79 2
77 251 2
78 79 2
78 80 2
78 105 2
79 81 2
80 81 2
80 82 2
81 83 2
81 84 2
82 120 2
82 215 2
83 84 2
83 85 2
83 86 2
83 205 2
84 85 2
84 139 2
85 89 2
85 228 2
86 87 2
86 88 2
87 90 2
87 91 2
87 123 2
87 158 2
88 89 2
88 193 2
88 228 2
88 251 2
88 261 2
89 90 2
89 91 2
90 91 2
90 92 2
90 93 2
90 258 2
91 92 2
91 217 2
92 93 2
92 95 2
92 167 2
92 199 2
93 95 2
93 96 2
94 95 2
94 97 2
95 97 2
95 98 2
96 97 2
96 98 2
96 99 2
96 129 2
97 99 2
97 100 2
98 99 2
98 170 2
98 172 2
99 100 2
99 102 2
99 177 2
100 101 2
100 102 2
101 102 2
101 103 2
101 104 2
101 105 2
102 103 2
102 105 2
103 104 2
103 106 2
103 149 2
103 157 2
103 176 2
103 214 2
104 105 2
104 108 2
104 245 2
104 285 2
105 114 2
105 119 2
105 232 2
105 294 2
106 107 2
106 109 2
106 136 2
106 225 2
106 261 2
107 108 2
107 109 2
107 110 2
107 138 2
108 109 2
108 110 2
108 111 2
108 115 2
108 268 2
109 111 2
109 134 2
109 175 2
109 269 2
110 111 2
110 162 2
111 112 2
111 113 2
111 114 2
111 132 2
111 141 2
112 113 2
112 114 2
112 115 2
112 169 2
112 246 2
112 287 2
113 114 2
113 179 2
114 115 2
114 117 2
114 239 2
115 116 2
115 124 2
115 174 2
116 117 2
116 118 2
116 119 2
117 118 2
117 119 2
117 120 2
117 300 2
118 120 2
118 121 2
118 247 2
119 120 2
119 121 2
119 122 2
120 121 2
120 122 2
120 123 2
120 226 2
121 152 2
121 170 2
121 208 2
121 299 2
122 123 2
122 124 2
123 125 2
123 126 2
124 127 2
124 152 2
124 168 2
124 186 2
124 222 2
124 254 2
124 267 2
125 126 2
125 127 2
125 134 2
126 225 2
127 129 2
127 131 2
127 238 2
127 247 2
127 291 2
128 129 2
128 130 2
128 132 2
129 130 2
129 132 2
130 131 2
130 133 2
131 132 2
131 133 2
131 134 2
131 179 2
132 244 2
132 295 2
133 134 2
133 136 2
133 203 2
134 135 2
134 136 2
134 252 2
135 136 2
135 138 2
135 139 2
136 137 2
136 138 2
136 139 2
137 140 2
137 254 2
137 290 2
138 140 2
138 141 2
139 140 2
139 141 2
139 142 2
140 141 2
140 142 2
140 143 2
140 222 2
141 142 2
141 261 2
142 143 2
142 144 2
142 145 2
142 190 2
142 192 2
143 144 2
143 145 2
143 146 2
143 229 2
143 274 2
144 145 2
144 146 2
144 180 2
144 181 2
145 146 2
145 147 2
145 148 2
146 147 2
146 150 2
147 148 2
147 225 2
148 149 2
148 150 2
148 151 2
149 151 2
149 152 2
150 153 2
150 197 2
150 246 2
151 152 2
151 153 2
151 155 2
151 230 2
152 153 2
152 155 2
152 156 2
152 177 2
152 204 2
152 282 2
153 154 2
153 155 2
153 156 2
153 284 2
154 155 2
154 156 2
154 157 2
155 157 2
155 248 2
155 265 2
156 157 2
156 158 2
157 159 2
157 263 2
157 298 2
158 159 2
158 160 2
158 182 2
159 160 2
159 161 2
160 161 2
160 162 2
161 164 2
161 213 2
162 163 2
162 164 2
162 165 2
162 213 2
163 164 2
163 165 2
163 166 2
164 165 2
164 166 2
165 166 2
165 167 2
165 171 2
166 167 2
166 168 2
166 174 2
166 199 2
167 170 2
167 207 2
167 261 2
168 169 2
168 171 2
168 271 2
169 170 2
169 172 2
169 173 2
170 225 2
171 190 2
172 173 2
172 175 2
173 174 2
173 176 2
173 177 2
174 260 2
175 176 2
175 177 2
175 178 2
175 214 2
176 179 2
176 180 2
176 221 2
177 178 2
177 179 2
178 179 2
178 208 2
178 231 2
179 180 2
179 181 2
179 183 2
179 227 2
180 181 2
180 182 2
181 182 2
181 183 2
182 183 2
182 184 2
182 185 2
182 241 2
183 184 2
183 185 2
183 186 2
184 185 2
184 186 2
184 188 2
185 188 2
185 223 2
185 286 2
186 189 2
187 188 2
187 189 2
187 190 2
187 191 2
188 189 2
188 190 2
188 191 2
188 192 2
189 190 2
189 191 2
190 192 2
190 193 2
191 194 2
191 267 2
192 193 2
192 196 2
193 194 2
193 195 2
193 196 2
194 196 2
194 197 2
195 196 2
195 197 2
195 198 2
196 198 2
196 199 2
197 198 2
197 199 2
197 200 2
198 199 2
198 223 2
199 203 2
200 201 2
200 202 2
200 203 2
201 217 2
201 218 2
202 203 2
202 204 2
202 205 2
203 204 2
203 205 2
205 208 2
205 209 2
206 207 2
206 208 2
207 209 2
207 210 2
208 211 2
208 212 2
209 210 2
209 211 2
209 212 2
209 248 2
210 274 2
211 212 2
211 214 2
211 300 2
212 213 2
212 214 2
212 215 2
212 216 2
213 215 2
213 270 2
214 215 2
214 216 2
214 260 2
215 216 2
215 218 2
216 217 2
216 218 2
216 219 2
217 218 2
218 222 2
218 249 2
219 220 2
219 221 2
219 222 2
219 223 2
220 221 2
220 222 2
220 223 2
220 227 2
221 222 2
221 255 2
223 224 2
223 225 2
223 234 2
224 225 2
224 226 2
224 227 2
225 226 2
225 228 2
226 227 2
226 228 2
226 230 2
227 229 2
228 231 2
228 232 2
229 231 2
230 231 2
230 232 2
230 238 2
231 232 2
231 233 2
231 235 2
231 256 2
232 233 2
232 234 2
232 235 2
233 234 2
233 235 2
233 237 2
234 236 2
234 237 2
234 265 2
235 236 2
235 237 2
235 238 2
235 239 2
236 237 2
236 238 2
236 239 2
237 238 2
237 239 2
238 239 2
238 241 2
238 279 2
239 240 2
240 242 2
241 242 2
241 277 2
242 243 2
242 244 2
243 246 2
244 246 2
244 286 2
245 246 2
245 247 2
246 248 2
246 249 2
247 248 2
247 250 2
247 251 2
248 249 2
249 250 2
249 252 2
249 253 2
250 251 2
250 252 2
251 254 2
252 253 2
252 254 2
252 255 2
253 254 2
253 255 2
253 257 2
253 259 2
253 291 2
254 255 2
255 257 2
255 259 2
256 257 2
256 258 2
257 258 2
257 259 2
257 260 2
258 259 2
258 260 2
258 261 2
259 261 2
260 261 2
260 262 2
260 264 2
262 271 2
262 296 2
263 265 2
263 266 2
264 265 2
264 266 2
264 267 2
265 267 2
265 268 2
265 269 2
265 285 2
266 270 2
267 269 2
267 270 2
268 270 2
268 271 2
268 272 2
269 270 2
269 271 2
270 271 2
270 272 2
271 272 2
271 273 2
272 274 2
273 274 2
273 275 2
273 276 2
274 275 2
274 277 2
274 278 2
275 276 2
275 277 2
275 278 2
276 277 2
276 278 2
277 278 2
277 280 2
278 279 2
278 280 2
278 281 2
278 282 2
279 280 2
279 281 2
280 282 2
280 283 2
281 282 2
281 283 2
281 284 2
282 284 2
282 285 2
282 286 2
283 284 2
283 285 2
284 285 2
284 286 2
285 286 2
285 287 2
285 288 2
285 296 2
286 289 2
287 288 2
287 290 2
288 289 2
288 290 2
288 291 2
289 290 2
289 291 2
289 293 2
290 291 2
290 293 2
291 292 2
291 294 2
292 293 2
292 295 2
293 294 2
293 295 2
293 296 2
294 296 2
294 297 2
295 296 2
295 297 2
296 299 2
297 299 2
297 300 2
298 299 2
298 300 2
299 300 2
299 301 2
299 302 2
300 301 2
300 302 2
301 302 2
