1 2 3
1 3 3
1 4 3
1 61 3
1 125 3
1 143 3
1 243 3
1 267 3
1 273 3
1 274 3
1 300 3
1 301 3
1 302 3
1 303 3
1 329 3
1 330 3
1 331 3
2 3 3
2 4 3
2 5 3
2 119 3
2 186 3
2 274 3
2 301 3
2 331 3
2 332 3
3 4 3
3 5 3
3 7 3
3 48 3
3 106 3
3 331 3
3 332 3
4 40 3
4 266 3
5 7 3
5 8 3
5 54 3
5 208 3
5 266 3
6 7 3
6 41 3
6 54 3
6 95 3
6 110 3
6 167 3
6 204 3
7 8 3
7 9 3
7 10 3
7 11 3
7 216 3
8 9 3
8 12 3
8 30 3
8 61 3
8 82 3
8 132 3
8 155 3
8 282 3
8 323 3
9 64 3
9 72 3
9 97 3
9 151 3
9 176 3
10 12 3
10 14 3
10 106 3
10 113 3
10 256 3
10 270 3
11 12 3
11 35 3
11 110 3
11 122 3
11 252 3
12 13 3
12 36 3
12 58 3
12 195 3
12 294 3
13 14 3
13 15 3
13 268 3
14 15 3
14 123 3
14 137 3
14 158 3
14 186 3
14 201 3
15 18 3
15 19 3
15 101 3
15 187 3
16 18 3
16 20 3
16 203 3
16 233 3
16 295 3
17 84 3
17 138 3
17 176 3
18 19 3
18 21 3
18 22 3
18 55 3
18 259 3
19 22 3
19 32 3
19 68 3
19 95 3
19 259 3
19 266 3
20 24 3
20 40 3
20 48 3
20 112 3
20 127 3
21 22 3
21 37 3
21 65 3
21 81 3
21 166 3
21 211 3
21 260 3
21 262 3
22 25 3
22 135 3
22 211 3
23 24 3
23 27 3
23 140 3
23 155 3
23 228 3
24 25 3
24 28 3
24 71 3
24 208 3
24 217 3
25 91 3
25 124 3
25 139 3
25 152 3
25 189 3
25 237 3
26 27 3
26 28 3
26 42 3
27 29 3
27 30 3
27 31 3
27 155 3
27 179 3
28 29 3
28 31 3
28 32 3
28 98 3
28 100 3
28 117 3
28 203 3
29 30 3
29 31 3
29 32 3
29 33 3
29 63 3
30 31 3
30 32 3
30 33 3
30 126 3
30 231 3
30 297 3
31 32 3
31 35 3
31 89 3
31 153 3
31 167 3
32 33 3
32 82 3
32 118 3
32 143 3
32 292 3
33 34 3
33 35 3
33 233 3
33 329 3
34 35 3
34 36 3
34 106 3
35 36 3
35 37 3
35 38 3
35 262 3
35 270 3
36 38 3
36 40 3
36 72 3
37 41 3
37 187 3
37 213 3
37 215 3
38 39 3
38 40 3
38 41 3
38 42 3
38 178 3
38 313 3
39 42 3
39 170 3
39 187 3
39 218 3
39 266 3
40 41 3
40 42 3
40 294 3
41 42 3
41 43 3
41 107 3
42 44 3
42 46 3
42 106 3
42 203 3
42 241 3
42 259 3
42 319 3
43 44 3
43 45 3
43 46 3
43 301 3
44 46 3
44 47 3
44 92 3
44 146 3
44 158 3
44 204 3
45 71 3
45 166 3
45 214 3
46 47 3
46 48 3
46 146 3
46 210 3
47 48 3
47 78 3
47 154 3
48 49 3
48 51 3
48 231 3
49 51 3
49 102 3
49 204 3
49 253 3
50 51 3
50 54 3
50 102 3
50 210 3
50 311 3
51 53 3
51 55 3
51 101 3
52 58 3
52 105 3
52 183 3
53 55 3
53 224 3
53 238 3
54 57 3
54 144 3
54 158 3
54 201 3
54 217 3
54 298 3
55 56 3
55 59 3
55 79 3
55 211 3
55 223 3
55 253 3
56 57 3
56 58 3
56 80 3
57 59 3
57 60 3
57 61 3
57 109 3
57 280 3
58 59 3
58 60 3
58 61 3
58 264 3
59 60 3
59 61 3
59 62 3
59 260 3
60 62 3
60 63 3
60 64 3
60 96 3
61 143 3
61 206 3
61 232 3
61 260 3
62 63 3
62 64 3
62 207 3
63 65 3
63 66 3
63 67 3
63 107 3
64 65 3
64 212 3
64 250 3
65 67 3
65 94 3
65 125 3
65 174 3
66 67 3
66 69 3
66 125 3
66 311 3
67 69 3
67 70 3
67 71 3
67 136 3
68 69 3
68 70 3
68 142 3
68 203 3
68 307 3
69 71 3
69 72 3
69 103 3
69 170 3
69 189 3
69 283 3
70 72 3
70 73 3
70 74 3
70 75 3
70 97 3
70 133 3
70 161 3
71 72 3
71 74 3
71 161 3
71 266 3
71 276 3
71 289 3
72 73 3
72 173 3
72 222 3
72 261 3
73 74 3
73 76 3
73 77 3
73 135 3
73 271 3
73 283 3
74 77 3
74 184 3
74 258 3
74 283 3
75 76 3
75 77 3
75 78 3
75 79 3
75 88 3
75 106 3
75 233 3
75 313 3
76 78 3
76 79 3
76 80 3
76 186 3
77 79 3
77 182 3
77 231 3
77 251 3
78 79 3
78 105 3
78 314 3
79 81 3
80 81 3
80 167 3
80 193 3
80 211 3
81 83 3
81 84 3
81 85 3
82 120 3
82 121 3
82 215 3
82 323 3
83 84 3
83 85 3
83 86 3
83 205 3
84 85 3
84 139 3
85 89 3
85 228 3
86 87 3
86 88 3
86 90 3
86 116 3
87 90 3
87 123 3
87 156 3
87 158 3
87 193 3
88 154 3
88 193 3
88 228 3
88 251 3
88 261 3
88 310 3
89 90 3
89 112 3
90 91 3
90 92 3
90 258 3
90 286 3
91 92 3
91 95 3
91 217 3
92 93 3
92 95 3
92 96 3
92 262 3
93 95 3
93 96 3
94 97 3
95 97 3
95 98 3
96 97 3
96 99 3
96 129 3
96 217 3
97 99 3
97 101 3
98 170 3
98 172 3
99 100 3
99 102 3
99 140 3
100 101 3
100 102 3
101 104 3
101 105 3
101 259 3
102 103 3
102 105 3
102 106 3
103 104 3
103 107 3
103 149 3
103 176 3
103 214 3
103 274 3
103 312 3
104 105 3
104 108 3
104 245 3
104 285 3
105 109 3
105 114 3
105 119 3
105 232 3
105 294 3
106 107 3
106 109 3
106 136 3
106 188 3
106 225 3
106 248 3
107 109 3
107 110 3
107 138 3
107 286 3
108 109 3
108 110 3
108 111 3
108 115 3
108 268 3
109 111 3
109 134 3
109 175 3
109 256 3
109 269 3
110 111 3
110 162 3
111 112 3
111 113 3
111 114 3
111 115 3
111 132 3
111 141 3
112 113 3
112 115 3
112 152 3
112 169 3
112 246 3
112 268 3
112 287 3
113 114 3
113 179 3
114 115 3
114 117 3
114 239 3
114 327 3
115 116 3
115 124 3
115 174 3
116 118 3
116 119 3
116 319 3
117 118 3
117 119 3
117 121 3
117 300 3
118 120 3
118 121 3
118 247 3
118 331 3
119 120 3
119 121 3
119 263 3
119 276 3
120 121 3
120 122 3
120 123 3
120 128 3
120 232 3
121 170 3
121 182 3
121 208 3
122 123 3
122 202 3
123 125 3
123 126 3
123 249 3
123 318 3
124 127 3
124 152 3
124 168 3
124 186 3
124 254 3
124 267 3
124 290 3
125 126 3
125 127 3
125 134 3
126 215 3
126 225 3
127 129 3
127 131 3
127 231 3
127 247 3
127 275 3
127 291 3
128 129 3
128 130 3
128 132 3
129 130 3
129 132 3
129 133 3
130 131 3
130 133 3
130 134 3
130 137 3
131 134 3
131 179 3
131 220 3
131 318 3
132 136 3
132 244 3
132 295 3
133 134 3
133 136 3
133 203 3
134 135 3
134 136 3
134 252 3
135 136 3
135 139 3
135 268 3
136 137 3
136 138 3
136 139 3
136 140 3
137 140 3
137 240 3
137 254 3
138 140 3
138 142 3
139 140 3
139 141 3
139 142 3
140 141 3
140 142 3
140 143 3
140 222 3
141 142 3
141 145 3
141 261 3
142 144 3
142 145 3
142 146 3
142 153 3
142 190 3
142 192 3
143 145 3
143 146 3
143 235 3
143 274 3
144 145 3
144 146 3
144 148 3
144 178 3
144 180 3
144 280 3
145 146 3
145 147 3
145 148 3
146 147 3
146 150 3
147 148 3
147 225 3
148 149 3
148 150 3
148 151 3
149 151 3
149 152 3
150 153 3
150 197 3
150 246 3
151 153 3
151 155 3
151 217 3
151 230 3
151 304 3
152 155 3
152 156 3
152 177 3
152 204 3
153 154 3
153 155 3
153 284 3
154 155 3
154 157 3
154 158 3
155 192 3
155 265 3
155 278 3
156 157 3
156 158 3
157 263 3
157 298 3
157 303 3
158 159 3
158 182 3
158 270 3
159 160 3
159 161 3
160 161 3
160 162 3
161 213 3
161 279 3
162 163 3
162 164 3
162 165 3
162 213 3
163 164 3
163 165 3
163 166 3
164 166 3
164 258 3
165 166 3
165 167 3
165 171 3
166 174 3
166 199 3
166 243 3
166 265 3
166 306 3
167 170 3
167 207 3
167 232 3
167 261 3
168 169 3
168 171 3
168 271 3
169 170 3
169 173 3
169 222 3
169 239 3
170 225 3
170 319 3
171 190 3
172 173 3
172 175 3
172 176 3
173 174 3
173 176 3
173 177 3
174 260 3
175 176 3
175 177 3
175 178 3
175 179 3
175 214 3
176 179 3
176 180 3
176 221 3
177 178 3
177 179 3
178 179 3
178 303 3
178 332 3
179 181 3
179 183 3
179 202 3
179 227 3
180 182 3
180 184 3
180 328 3
181 182 3
181 218 3
182 183 3
182 184 3
182 185 3
182 186 3
182 241 3
183 184 3
183 185 3
183 186 3
183 187 3
184 185 3
184 186 3
184 188 3
185 188 3
185 227 3
185 252 3
185 286 3
185 320 3
186 189 3
187 188 3
187 190 3
187 227 3
187 232 3
188 189 3
188 190 3
188 191 3
188 192 3
189 190 3
189 191 3
189 219 3
190 192 3
190 193 3
191 194 3
191 258 3
191 286 3
191 310 3
192 193 3
192 196 3
192 303 3
193 228 3
194 196 3
194 197 3
194 198 3
195 196 3
195 197 3
195 198 3
196 198 3
196 199 3
197 198 3
197 199 3
197 223 3
197 238 3
198 199 3
198 223 3
199 203 3
200 201 3
200 202 3
200 203 3
201 217 3
201 220 3
201 284 3
202 204 3
202 205 3
203 207 3
203 329 3
204 324 3
205 208 3
205 209 3
206 207 3
206 208 3
207 209 3
207 210 3
207 226 3
208 211 3
208 212 3
209 210 3
209 213 3
209 248 3
209 293 3
209 311 3
210 214 3
210 274 3
211 212 3
211 214 3
212 214 3
212 215 3
212 216 3
212 224 3
212 267 3
213 215 3
213 270 3
214 215 3
214 216 3
214 260 3
215 216 3
215 224 3
215 281 3
215 293 3
216 217 3
216 219 3
217 218 3
217 221 3
218 222 3
218 283 3
219 220 3
219 222 3
219 223 3
220 222 3
220 223 3
220 227 3
221 222 3
221 225 3
221 255 3
223 224 3
223 227 3
223 234 3
224 225 3
224 227 3
225 226 3
225 228 3
226 227 3
226 288 3
227 229 3
228 231 3
228 232 3
228 290 3
229 231 3
229 233 3
230 231 3
230 232 3
230 261 3
231 232 3
231 235 3
231 278 3
231 290 3
232 234 3
233 234 3
233 237 3
234 236 3
234 237 3
234 248 3
235 236 3
235 237 3
235 238 3
235 239 3
236 237 3
236 238 3
236 239 3
236 240 3
237 238 3
237 239 3
237 241 3
237 292 3
238 239 3
238 242 3
238 279 3
239 240 3
240 244 3
241 242 3
242 243 3
242 244 3
243 246 3
243 275 3
244 246 3
244 280 3
244 286 3
245 246 3
245 247 3
245 249 3
246 249 3
246 282 3
247 250 3
247 251 3
247 276 3
248 249 3
249 252 3
249 253 3
250 251 3
250 281 3
251 254 3
252 253 3
252 255 3
252 256 3
253 254 3
253 255 3
253 257 3
253 259 3
253 291 3
254 255 3
255 257 3
255 259 3
257 258 3
257 259 3
257 260 3
257 261 3
258 259 3
258 260 3
258 261 3
258 262 3
259 261 3
260 261 3
260 262 3
260 264 3
262 271 3
262 296 3
263 265 3
263 293 3
264 265 3
264 266 3
264 267 3
265 267 3
265 268 3
265 269 3
265 285 3
266 270 3
267 269 3
267 270 3
268 271 3
268 272 3
269 270 3
269 271 3
270 271 3
271 273 3
271 275 3
271 332 3
272 274 3
273 274 3
273 275 3
273 276 3
273 277 3
274 275 3
274 278 3
274 316 3
275 276 3
275 278 3
275 300 3
276 277 3
276 278 3
276 280 3
277 278 3
277 280 3
278 279 3
278 281 3
278 282 3
279 280 3
279 281 3
279 322 3
280 282 3
280 283 3
281 283 3
281 284 3
282 284 3
282 285 3
282 286 3
282 317 3
283 284 3
284 285 3
284 286 3
285 286 3
285 287 3
285 288 3
285 296 3
286 289 3
287 288 3
287 290 3
287 303 3
288 289 3
288 290 3
288 291 3
288 292 3
289 290 3
289 293 3
289 324 3
289 328 3
290 293 3
291 292 3
291 294 3
292 293 3
293 295 3
293 296 3
294 296 3
294 298 3
295 296 3
295 297 3
296 299 3
297 299 3
297 300 3
297 303 3
298 299 3
298 300 3
298 312 3
299 300 3
299 301 3
299 302 3
300 301 3
300 302 3
300 303 3
301 302 3
301 303 3
301 304 3
301 305 3
302 303 3
302 304 3
302 305 3
302 306 3
303 320 3
304 305 3
304 307 3
305 306 3
305 307 3
305 308 3
305 309 3
306 307 3
306 308 3
306 309 3
307 308 3
307 309 3
307 310 3
308 309 3
308 310 3
308 311 3
308 312 3
309 310 3
309 311 3
309 312 3
310 311 3
311 312 3
311 314 3
311 315 3
312 314 3
312 315 3
313 315 3
314 315 3
314 316 3
314 318 3
315 316 3
315 317 3
315 318 3
315 319 3
316 317 3
316 319 3
317 319 3
317 320 3
317 321 3
318 320 3
318 321 3
318 322 3
319 321 3
320 323 3
320 324 3
321 322 3
321 323 3
321 324 3
322 324 3
322 325 3
323 325 3
323 327 3
324 326 3
324 327 3
325 326 3
325 327 3
325 328 3
326 327 3
326 328 3
326 329 3
326 330 3
327 328 3
327 329 3
327 330 3
328 329 3
328 331 3
329 330 3
329 331 3
330 331 3
330 332 3
