1 77 2
1 82 2
1 129 2
1 268 2
2 201 2
3 15 2
3 51 2
3 102 2
3 246 2
4 246 2
5 94 2
5 152 2
5 185 2
5 186 2
6 55 2
7 89 2
7 182 2
8 45 2
8 102 2
8 129 2
8 256 2
9 108 2
10 63 2
10 201 2
11 111 2
11 114 2
11 115 2
11 149 2
12 159 2
12 215 2
12 230 2
14 38 2
15 17 2
15 245 2
15 247 2
15 272 2
16 84 2
16 168 2
16 275 2
17 20 2
17 108 2
17 251 2
17 258 2
18 83 2
18 204 2
18 231 2
18 255 2
18 258 2
19 135 2
19 142 2
19 222 2
20 163 2
21 113 2
23 89 2
24 76 2
25 180 2
27 45 2
27 59 2
27 208 2
28 179 2
28 221 2
28 236 2
28 246 2
28 250 2
29 46 2
29 207 2
29 211 2
30 32 2
30 133 2
30 166 2
31 82 2
32 152 2
32 213 2
33 118 2
33 185 2
33 247 2
34 220 2
35 96 2
35 128 2
35 188 2
35 260 2
36 70 2
36 164 2
36 274 2
38 118 2
38 128 2
38 179 2
38 270 2
39 104 2
39 142 2
40 129 2
41 115 2
41 194 2
41 210 2
41 245 2
42 69 2
42 224 2
42 247 2
43 60 2
43 102 2
43 158 2
43 246 2
43 262 2
45 110 2
45 127 2
46 145 2
47 215 2
47 247 2
48 83 2
48 109 2
48 208 2
49 150 2
49 241 2
49 251 2
49 264 2
50 268 2
51 241 2
51 258 2
52 100 2
52 181 2
53 131 2
53 182 2
55 143 2
55 149 2
55 192 2
55 243 2
56 75 2
56 81 2
56 103 2
56 124 2
56 132 2
56 256 2
56 268 2
57 194 2
57 243 2
58 250 2
59 68 2
59 116 2
59 268 2
61 137 2
61 193 2
61 229 2
62 65 2
62 221 2
62 241 2
63 70 2
63 107 2
63 209 2
64 81 2
66 157 2
67 106 2
67 145 2
68 105 2
68 143 2
68 160 2
68 229 2
68 268 2
69 196 2
70 95 2
70 160 2
70 196 2
71 75 2
71 90 2
71 235 2
72 73 2
72 182 2
73 152 2
73 194 2
75 140 2
75 159 2
76 110 2
76 133 2
76 186 2
78 101 2
78 127 2
78 141 2
79 153 2
79 166 2
79 182 2
79 209 2
79 217 2
80 97 2
80 190 2
80 234 2
81 139 2
81 258 2
82 186 2
83 110 2
83 111 2
83 153 2
84 186 2
85 86 2
85 266 2
86 189 2
87 147 2
88 116 2
89 105 2
89 131 2
89 153 2
89 265 2
90 198 2
90 202 2
90 274 2
91 142 2
91 169 2
91 201 2
92 231 2
93 148 2
94 139 2
94 180 2
94 257 2
96 141 2
96 175 2
97 142 2
98 168 2
98 218 2
98 226 2
98 232 2
98 251 2
99 115 2
100 137 2
100 177 2
102 147 2
103 121 2
103 136 2
103 259 2
104 150 2
104 160 2
106 147 2
106 196 2
106 248 2
107 241 2
108 196 2
108 227 2
109 142 2
109 166 2
109 186 2
109 219 2
109 240 2
110 198 2
113 159 2
116 173 2
118 202 2
118 226 2
118 245 2
119 147 2
120 168 2
123 125 2
123 206 2
123 231 2
123 258 2
124 130 2
124 195 2
125 139 2
125 230 2
126 159 2
126 162 2
127 258 2
128 262 2
129 171 2
129 198 2
130 138 2
130 162 2
132 175 2
133 219 2
134 238 2
134 244 2
135 224 2
135 249 2
136 195 2
136 214 2
136 267 2
137 168 2
137 207 2
137 216 2
137 219 2
139 234 2
141 159 2
142 172 2
142 235 2
143 163 2
143 193 2
144 153 2
144 204 2
145 241 2
147 239 2
147 242 2
148 166 2
148 255 2
149 200 2
149 269 2
150 219 2
151 163 2
151 209 2
151 212 2
151 266 2
152 203 2
154 177 2
154 228 2
156 211 2
159 176 2
159 209 2
159 247 2
159 255 2
159 256 2
159 266 2
160 248 2
160 267 2
162 166 2
162 220 2
163 171 2
163 257 2
165 249 2
167 224 2
171 230 2
173 185 2
174 226 2
174 244 2
174 252 2
175 261 2
176 187 2
176 242 2
177 191 2
178 224 2
182 235 2
185 222 2
186 222 2
187 233 2
190 232 2
197 266 2
199 220 2
201 202 2
202 225 2
203 273 2
205 219 2
209 264 2
210 254 2
210 259 2
211 239 2
211 253 2
212 233 2
216 243 2
216 268 2
216 273 2
217 219 2
218 240 2
218 247 2
218 262 2
219 222 2
219 274 2
223 270 2
225 234 2
226 272 2
228 240 2
230 242 2
231 234 2
231 238 2
231 259 2
234 241 2
235 266 2
238 250 2
247 260 2
249 265 2
249 274 2
250 251 2
251 255 2
252 267 2
262 274 2
186 204 2
112 126 2
176 260 2
101 269 2
108 273 2
99 300 2
2 146 2
162 285 2
172 242 2
5 244 2
20 291 2
21 78 2
71 257 2
29 123 2
51 214 2
23 162 2
37 280 2
36 138 2
141 247 2
43 106 2
138 251 2
42 297 2
232 283 2
166 173 2
85 285 2
2 46 2
74 123 2
20 142 2
48 75 2
126 262 2
259 284 2
287 296 2
18 260 2
129 204 2
157 234 2
244 292 2
181 285 2
110 287 2
148 263 2
245 280 2
22 233 2
2 244 2
142 264 2
143 217 2
9 102 2
40 268 2
22 82 2
39 259 2
40 85 2
196 242 2
14 181 2
185 194 2
163 167 2
121 301 2
13 279 2
63 243 2
4 300 2
139 244 2
84 265 2
53 274 2
90 183 2
237 264 2
112 191 2
151 300 2
237 273 2
42 286 2
115 224 2
176 275 2
87 172 2
93 99 2
148 153 2
37 143 2
157 280 2
117 280 2
30 59 2
88 241 2
20 118 2
201 229 2
198 210 2
75 180 2
114 133 2
162 245 2
119 218 2
8 204 2
48 215 2
159 251 2
11 190 2
167 228 2
127 286 2
195 213 2
8 223 2
121 232 2
138 236 2
8 16 2
13 146 2
119 172 2
89 151 2
4 204 2
104 270 2
9 182 2
151 167 2
36 131 2
54 177 2
36 91 2
214 258 2
98 141 2
31 76 2
89 276 2
36 289 2
154 235 2
21 158 2
2 58 2
24 271 2
30 161 2
9 149 2
197 277 2
44 69 2
28 242 2
30 281 2
18 127 2
91 118 2
91 157 2
180 190 2
75 112 2
41 231 2
43 132 2
153 288 2
9 146 2
155 182 2
74 152 2
129 193 2
143 157 2
133 210 2
162 217 2
2 289 2
21 141 2
90 200 2
29 163 2
7 69 2
91 136 2
76 109 2
116 288 2
166 219 2
68 270 2
95 239 2
79 260 2
88 251 2
165 289 2
171 250 2
95 234 2
114 172 2
72 259 2
9 98 2
16 119 2
165 209 2
151 271 2
135 284 2
84 198 2
50 298 2
234 265 2
144 221 2
9 90 2
6 295 2
252 253 2
43 163 2
32 184 2
156 254 2
164 290 2
49 105 2
177 211 2
11 24 2
180 293 2
156 261 2
151 188 2
8 149 2
82 149 2
67 90 2
70 236 2
80 186 2
21 242 2
202 228 2
79 273 2
151 259 2
200 240 2
59 115 2
69 108 2
136 285 2
57 291 2
244 245 2
139 251 2
91 218 2
96 155 2
4 29 2
83 224 2
212 242 2
23 135 2
140 293 2
213 290 2
149 247 2
3 185 2
263 291 2
70 94 2
126 273 2
82 214 2
66 218 2
154 161 2
131 256 2
4 134 2
228 282 2
192 217 2
165 237 2
2 22 2
227 235 2
170 292 2
81 172 2
39 172 2
160 239 2
130 131 2
42 126 2
124 200 2
254 280 2
151 283 2
86 131 2
206 300 2
18 67 2
39 232 2
68 156 2
55 271 2
21 47 2
193 227 2
83 84 2
127 212 2
189 212 2
118 252 2
11 239 2
149 288 2
189 300 2
268 272 2
126 170 2
141 269 2
198 236 2
177 301 2
49 144 2
54 70 2
190 278 2
260 271 2
57 82 2
178 269 2
271 296 2
218 279 2
64 230 2
116 264 2
59 227 2
85 182 2
49 94 2
20 25 2
197 244 2
24 291 2
38 75 2
56 225 2
13 48 2
104 191 2
67 94 2
60 70 2
58 285 2
34 287 2
45 297 2
99 103 2
183 222 2
13 285 2
230 302 2
36 171 2
59 194 2
159 229 2
131 214 2
152 178 2
40 224 2
14 281 2
47 104 2
71 161 2
27 105 2
71 146 2
99 244 2
16 172 2
122 152 2
27 47 2
62 151 2
41 218 2
72 118 2
248 269 2
116 284 2
123 203 2
99 154 2
216 257 2
145 285 2
116 172 2
87 259 2
183 240 2
109 198 2
15 197 2
223 260 2
62 107 2
279 284 2
99 147 2
46 111 2
27 42 2
164 227 2
78 228 2
141 262 2
32 103 2
121 145 2
205 272 2
101 209 2
84 296 2
14 280 2
9 271 2
70 200 2
73 179 2
44 219 2
87 275 2
14 26 2
112 252 2
37 177 2
25 134 2
54 175 2
234 296 2
199 203 2
198 297 2
110 281 2
121 291 2
256 297 2
64 162 2
76 301 2
101 191 2
12 302 2
48 186 2
34 72 2
16 209 2
124 249 2
18 200 2
93 150 2
12 257 2
72 300 2
25 75 2
161 292 2
51 176 2
20 202 2
94 155 2
42 199 2
194 210 2
39 240 2
73 92 2
7 107 2
130 279 2
53 176 2
147 200 2
157 268 2
35 152 2
152 226 2
58 142 2
85 233 2
102 192 2
45 130 2
26 195 2
84 85 2
122 234 2
22 23 2
26 194 2
127 168 2
156 177 2
41 300 2
7 75 2
154 224 2
4 39 2
96 148 2
145 230 2
26 34 2
27 156 2
76 220 2
159 181 2
2 110 2
21 279 2
132 168 2
46 256 2
34 199 2
74 131 2
197 203 2
46 78 2
117 124 2
49 269 2
191 212 2
196 236 2
221 223 2
89 296 2
138 267 2
137 151 2
75 127 2
157 204 2
200 294 2
25 158 2
95 286 2
97 291 2
172 186 2
7 34 2
81 288 2
196 276 2
167 271 2
129 189 2
83 215 2
183 220 2
31 177 2
54 249 2
157 208 2
146 149 2
4 106 2
169 200 2
265 289 2
170 186 2
132 217 2
116 174 2
145 297 2
9 264 2
10 135 2
92 148 2
28 45 2
8 219 2
58 61 2
166 212 2
10 269 2
11 222 2
269 299 2
150 182 2
11 164 2
35 64 2
57 126 2
132 180 2
18 187 2
163 264 2
6 276 2
191 283 2
223 246 2
42 84 2
6 154 2
93 207 2
75 103 2
39 126 2
5 97 2
188 260 2
13 249 2
139 294 2
3 169 2
18 268 2
53 230 2
27 181 2
67 233 2
5 153 2
10 44 2
163 236 2
26 49 2
65 121 2
128 190 2
159 222 2
42 192 2
179 205 2
169 291 2
39 291 2
4 35 2
5 86 2
183 231 2
110 162 2
114 249 2
12 256 2
158 248 2
115 204 2
179 271 2
23 95 2
65 181 2
14 256 2
193 221 2
156 207 2
57 192 2
89 193 2
194 197 2
122 172 2
77 281 2
23 283 2
93 295 2
248 279 2
91 238 2
149 206 2
171 267 2
29 300 2
12 48 2
266 283 2
134 202 2
170 256 2
24 60 2
42 217 2
214 255 2
27 36 2
15 190 2
50 282 2
7 24 2
225 242 2
70 112 2
74 145 2
143 238 2
103 283 2
83 154 2
51 246 2
111 216 2
4 237 2
45 169 2
121 149 2
183 256 2
144 147 2
121 201 2
42 215 2
22 140 2
111 284 2
46 94 2
122 196 2
27 275 2
270 276 2
21 187 2
24 79 2
120 245 2
67 268 2
20 61 2
148 205 2
42 161 2
97 282 2
7 240 2
19 77 2
27 129 2
57 118 2
174 178 2
11 198 2
149 284 2
166 169 2
166 242 2
191 285 2
184 257 2
244 251 2
