1001 1118 1
100 621 1
1016 1963 1
102 1830 1
102 313 1
1023 1993 1
1023 4464 1
103 201 1
103 510 1
1042 1315 1
1042 1688 1
1044 4299 1
1047 1462 1
1049 4168 1
1050 1288 1
1051 1136 1
1051 1137 1
1051 1139 1
1051 1155 1
105 1166 1
106 107 1
106 111 1
106 1330 1
106 2093 1
106 2375 1
106 290 1
106 310 1
106 420 1
1065 1072 1
1065 1085 1
106 588 1
106 714 1
1070 2415 1
1072 1074 1
1072 1085 1
1072 3557 1
1072 4145 1
1074 3557 1
1077 2210 1
1080 1339 1
108 1157 1
108 201 1
108 220 1
108 253 1
108 366 1
108 444 1
108 4472 1
108 460 1
108 505 1
1085 1108 1
1085 3497 1
1085 3557 1
108 590 1
108 682 1
108 936 1
1097 2210 1
1099 1146 1
1 1 1
110 1637 1
1 102 1
110 243 1
110 280 1
1 103 1
1103 1471 1
110 369 1
1 1042 1
1106 1381 1
1108 1187 1
1108 1592 1
1 1103 1
1 1106 1
111 195 1
1 1166 1
1 1262 1
1 1279 1
1130 1150 1
1130 1152 1
1 1315 1
1136 1137 1
1137 1155 1
1 1378 1
1138 4460 1
1 1391 1
1 14 1
1141 1145 1
114 115 1
1143 1730 1
1143 2659 1
1143 4137 1
1144 1145 1
1145 1146 1
1145 1148 1
114 562 1
1146 1155 1
1 147 1
1147 4460 1
1 1494 1
1 15 1
1150 2528 1
115 116 1
115 1231 1
115 1232 1
115 1234 1
1152 1425 1
1152 1484 1
115 4481 1
115 4482 1
115 4483 1
1 1569 1
116 1444 1
116 4484 1
116 562 1
1168 1477 1
1168 4251 1
1 17 1
1172 1206 1
1 1728 1
1173 2104 1
1 174 1
1175 1276 1
1176 1339 1
1177 1339 1
1181 1321 1
1181 1425 1
1 1830 1
1183 1752 1
1 188 1
1 189 1
1 1899 1
1 1972 1
1 2 1
1 20 1
1 206 1
1206 1959 1
1206 2314 1
1209 1704 1
1 21 1
1210 1425 1
1210 1484 1
1210 2314 1
12 124 1
1 213 1
1 2195 1
1220 1221 1
1220 1222 1
1222 1481 1
1222 1482 1
1 2282 1
1 240 1
124 1003 1
124 1266 1
124 1275 1
124 130 1
124 132 1
124 136 1
124 137 1
124 138 1
124 139 1
124 1578 1
124 1730 1
124 1916 1
124 1967 1
124 241 1
124 2502 1
124 2933 1
124 3185 1
124 330 1
124 3711 1
124 3954 1
124 3979 1
124 4294 1
124 4339 1
124 441 1
124 442 1
124 503 1
124 532 1
124 698 1
124 788 1
124 791 1
124 833 1
124 946 1
124 968 1
124 980 1
126 138 1
126 255 1
1280 3853 1
1280 4501 1
1281 1782 1
128 139 1
1285 1379 1
1286 1334 1
1 2898 1
1 29 1
1297 1297 1
1 3 1
130 1275 1
130 241 1
130 834 1
130 886 1
130 981 1
1 31 1
1 313 1
1315 3189 1
13 21 1
1339 1339 1
1339 1364 1
1339 1367 1
1351 2502 1
1351 3820 1
1354 1752 1
1362 1747 1
136 2502 1
136 280 1
1364 1637 1
1367 1637 1
1 3690 1
1371 1425 1
1376 1706 1
1379 4004 1
138 1578 1
138 246 1
1383 2012 1
138 4294 1
138 441 1
1389 1730 1
139 1009 1
139 1066 1
139 1067 1
139 1217 1
139 1262 1
139 1408 1
139 1516 1
139 1517 1
139 1523 1
139 1525 1
139 158 1
139 1608 1
139 1629 1
139 1899 1
139 2107 1
139 240 1
139 2404 1
139 2418 1
139 2714 1
139 2855 1
1 393 1
139 3482 1
139 400 1
139 403 1
139 407 1
139 410 1
139 413 1
139 416 1
139 4553 1
139 660 1
139 661 1
139 664 1
139 790 1
13 98 1
139 819 1
139 958 1
1 4006 1
1401 1759 1
1402 1476 1
1402 4251 1
140 281 1
1414 4363 1
1 4168 1
14 17 1
1425 1426 1
1425 2357 1
1429 4308 1
1441 3851 1
1441 4069 1
1441 4535 1
144 254 1
1450 3851 1
1459 4425 1
146 162 1
1462 4547 1
1462 4548 1
147 1340 1
147 170 1
147 174 1
147 226 1
147 385 1
1476 2405 1
1476 3220 1
1477 2405 1
1477 4251 1
148 212 1
148 313 1
1484 2283 1
148 807 1
150 733 1
1 51 1
1 517 1
15 17 1
1 52 1
15 313 1
1 536 1
1536 1849 1
153 704 1
1558 1704 1
1568 2475 1
1568 3114 1
1 57 1
1 570 1
157 400 1
15 807 1
158 2171 1
158 400 1
1 6 1
160 1201 1
160 243 1
160 807 1
16 124 1
16 1452 1
16 1688 1
16 1769 1
16 19 1
16 1947 1
16 2001 1
1 621 1
16 246 1
16 2589 1
16 267 1
1 63 1
164 1166 1
1641 2242 1
1642 4508 1
164 4508 1
16 4469 1
165 1376 1
16 52 1
165 233 1
165 385 1
165 4528 1
16 57 1
16 583 1
16 588 1
16 589 1
1662 4479 1
16 741 1
16 742 1
16 746 1
16 763 1
1 68 1
1685 1686 1
1686 3073 1
16 985 1
1 702 1
170 217 1
1704 4479 1
1706 4528 1
17 100 1
17 1103 1
17 1190 1
17 1353 1
17 1354 1
17 1370 1
17 1401 1
17 1429 1
17 147 1
17 1473 1
17 148 1
17 170 1
17 1728 1
17 174 1
17 1752 1
17 176 1
17 20 1
17 203 1
17 205 1
17 21 1
17 212 1
17 213 1
17 214 1
17 22 1
17 226 1
17 228 1
17 2538 1
17 2570 1
17 303 1
17 31 1
17 311 1
1731 3236 1
1731 3889 1
173 1752 1
17 385 1
17 386 1
1740 4505 1
17 420 1
174 212 1
17 4308 1
17 4328 1
174 4308 1
174 4478 1
17 4478 1
174 741 1
17 50 1
17 508 1
17 51 1
17 52 1
1752 3412 1
1752 4473 1
1753 2887 1
17 539 1
17 540 1
17 541 1
175 567 1
176 1334 1
17 621 1
176 2359 1
17 628 1
176 280 1
17 63 1
17 633 1
17 635 1
176 369 1
17 639 1
176 510 1
176 552 1
176 621 1
1767 1768 1
1767 2201 1
1767 3908 1
176 819 1
1768 1947 1
176 882 1
17 696 1
17 703 1
17 751 1
17 802 1
17 821 1
17 826 1
17 84 1
17 854 1
17 879 1
17 97 1
17 980 1
1 801 1
1 807 1
183 1416 1
184 1078 1
184 185 1
184 2755 1
184 281 1
18 52 1
185 243 1
185 263 1
188 1103 1
188 959 1
188 964 1
19 1194 1
1 92 1
19 212 1
195 1339 1
19 52 1
195 398 1
195 440 1
195 468 1
1 959 1
1959 2674 1
1964 3890 1
197 1461 1
19 715 1
197 1746 1
197 198 1
197 2351 1
197 373 1
198 510 1
201 1579 1
20 1190 1
20 1201 1
2012 2016 1
2012 2114 1
2012 2115 1
201 243 1
201 253 1
20 1256 1
201 2633 1
20 1401 1
201 416 1
20 1429 1
20 148 1
201 489 1
201 590 1
201 648 1
201 656 1
20 170 1
20 174 1
201 875 1
20 203 1
2020 4552 1
20 21 1
20 212 1
20 214 1
20 226 1
20 228 1
20 30 1
20 303 1
203 212 1
204 369 1
20 508 1
205 1752 1
20 52 1
206 1517 1
20 621 1
206 571 1
20 819 1
20 98 1
2 1042 1
2 110 1
21 102 1
21 103 1
21 1042 1
21 1192 1
21 1201 1
21 1256 1
21 1262 1
21 1405 1
21 1429 1
21 148 1
21 1484 1
21 1494 1
21 1515 1
21 1528 1
21 1538 1
21 160 1
21 165 1
21 1659 1
21 174 1
21 1759 1
21 188 1
21 189 1
21 203 1
21 207 1
212 1201 1
212 1256 1
21 213 1
21 214 1
212 1429 1
21 2165 1
21 217 1
21 2199 1
212 214 1
212 228 1
21 228 1
212 303 1
21 233 1
21 2361 1
21 2398 1
21 240 1
21 2424 1
212 508 1
21 303 1
21 304 1
21 305 1
21 3113 1
213 1688 1
21 3410 1
21 3413 1
213 771 1
2 1383 1
2 1384 1
21 385 1
21 386 1
21 389 1
21 393 1
2140 4460 1
214 1728 1
214 226 1
214 386 1
21 4478 1
21 4544 1
2149 3164 1
2 15 1
21 501 1
21 508 1
21 52 1
21 53 1
21 532 1
21 534 1
21 55 1
21 571 1
2158 2954 1
2158 3592 1
2 16 1
216 1130 1
216 1145 1
216 1201 1
21 627 1
217 1001 1
21 715 1
217 218 1
217 304 1
217 305 1
217 330 1
2 1769 1
21 771 1
21 807 1
218 1425 1
218 313 1
218 4054 1
218 510 1
218 538 1
218 760 1
21 879 1
21 891 1
2 190 1
21 912 1
21 92 1
21 931 1
21 94 1
21 959 1
21 96 1
21 967 1
2 1971 1
21 980 1
2 208 1
2216 4297 1
2216 4298 1
2 2195 1
22 213 1
222 252 1
2242 4119 1
2 243 1
2 2502 1
228 303 1
228 304 1
2 299 1
2 3 1
230 1358 1
230 933 1
230 968 1
23 1181 1
23 1206 1
23 1321 1
2314 4136 1
2314 4497 1
23 1569 1
2316 4536 1
23 1700 1
23 1747 1
23 195 1
23 2236 1
23 2242 1
23 2244 1
23 2261 1
23 2283 1
23 23 1
2323 2357 1
23 2940 1
23 302 1
23 3271 1
23 3679 1
23 4260 1
23 4530 1
23 4531 1
23 479 1
23 593 1
23 671 1
2 369 1
2 3765 1
23 888 1
23 982 1
2405 3378 1
2405 4251 1
2415 4537 1
2415 4538 1
241 741 1
243 1016 1
243 1031 1
243 1083 1
243 1086 1
243 1176 1
243 1177 1
243 1227 1
243 1339 1
243 1367 1
243 1464 1
243 1503 1
243 1639 1
243 1642 1
243 1643 1
243 1800 1
243 1804 1
243 1806 1
243 1810 1
243 1812 1
243 1971 1
243 2085 1
243 2093 1
243 244 1
243 250 1
243 253 1
243 263 1
243 264 1
243 2741 1
243 280 1
243 281 1
243 2893 1
243 295 1
243 3220 1
243 3554 1
243 368 1
243 369 1
243 375 1
243 3925 1
243 4117 1
243 4119 1
243 4267 1
243 4476 1
243 4477 1
243 479 1
243 510 1
243 658 1
243 719 1
243 813 1
243 821 1
244 1462 1
244 280 1
244 3189 1
244 538 1
2 4525 1
2 4526 1
246 436 1
246 442 1
246 454 1
247 248 1
247 260 1
247 307 1
247 315 1
247 428 1
2 477 1
248 1118 1
248 1172 1
248 1173 1
248 1175 1
248 1209 1
248 1275 1
248 1487 1
248 1558 1
248 1775 1
248 1910 1
248 1944 1
248 2104 1
248 2157 1
248 2216 1
248 2314 1
248 254 1
248 255 1
248 256 1
248 257 1
248 260 1
248 269 1
248 2750 1
248 306 1
248 308 1
248 315 1
248 317 1
248 341 1
248 376 1
248 379 1
248 381 1
248 4148 1
248 428 1
248 4297 1
248 4474 1
248 4490 1
248 599 1
248 600 1
248 666 1
248 849 1
2 5 1
250 1166 1
2502 4273 1
250 4508 1
2 514 1
252 1536 1
252 1808 1
252 1821 1
252 4504 1
252 656 1
253 369 1
253 373 1
253 416 1
253 590 1
2 536 1
2 537 1
253 875 1
253 936 1
254 1275 1
254 2216 1
254 260 1
254 315 1
254 341 1
254 343 1
254 348 1
254 374 1
254 425 1
254 428 1
255 1118 1
255 1425 1
255 1944 1
255 1959 1
255 256 1
255 257 1
255 270 1
255 306 1
255 307 1
255 327 1
255 3719 1
255 376 1
255 4023 1
255 424 1
255 425 1
255 438 1
255 456 1
255 510 1
255 552 1
255 614 1
255 621 1
256 259 1
256 262 1
256 327 1
256 424 1
257 1153 1
257 1275 1
257 1558 1
257 259 1
257 307 1
257 327 1
257 345 1
259 1218 1
259 1239 1
259 1240 1
259 1242 1
259 1245 1
259 1246 1
259 1247 1
259 1248 1
259 1250 1
259 1363 1
259 1558 1
259 2404 1
259 262 1
259 374 1
259 428 1
260 381 1
262 327 1
263 264 1
264 1083 1
2 677 1
268 269 1
2 7 1
270 1118 1
270 1275 1
270 1558 1
270 1959 1
270 2216 1
271 1052 1
271 279 1
271 280 1
271 651 1
27 201 1
272 1280 1
272 510 1
27 253 1
273 1203 1
273 1642 1
273 1964 1
273 2357 1
273 274 1
273 538 1
274 280 1
27 453 1
27 897 1
280 1052 1
280 1068 1
280 1117 1
280 1130 1
280 1243 1
280 1279 1
280 1381 1
280 1417 1
280 1441 1
280 1450 1
280 1462 1
280 1464 1
280 1495 1
280 1529 1
280 1549 1
280 1552 1
280 1555 1
280 1631 1
280 2016 1
280 2234 1
280 2359 1
280 2464 1
280 2648 1
280 2654 1
280 280 1
280 2879 1
280 3042 1
280 313 1
280 3497 1
280 3509 1
280 3522 1
280 3648 1
280 3656 1
280 370 1
280 371 1
280 4126 1
280 4320 1
280 4348 1
280 440 1
280 4489 1
280 4556 1
280 4557 1
280 4558 1
280 4559 1
280 4560 1
280 493 1
280 513 1
280 516 1
280 517 1
280 518 1
280 538 1
280 651 1
280 652 1
280 688 1
280 689 1
280 691 1
280 694 1
280 798 1
280 848 1
280 850 1
280 882 1
281 1065 1
281 1072 1
281 1074 1
281 1077 1
281 1082 1
281 1083 1
281 1084 1
281 1085 1
281 1086 1
281 1087 1
281 1097 1
281 1265 1
281 1608 1
281 1627 1
281 1770 1
281 2210 1
281 2237 1
281 2404 1
281 284 1
281 2846 1
281 287 1
281 310 1
281 3123 1
281 3554 1
281 3555 1
281 3557 1
281 3758 1
281 388 1
281 4115 1
281 4360 1
281 4461 1
281 4462 1
281 4463 1
281 4471 1
281 615 1
281 884 1
2887 4491 1
2 89 1
2 891 1
2 92 1
292 2242 1
296 1169 1
296 1477 1
296 1856 1
296 2405 1
296 416 1
296 4251 1
296 460 1
296 594 1
296 641 1
296 704 1
297 510 1
29 959 1
303 1515 1
304 305 1
304 501 1
305 1048 1
305 1118 1
305 1200 1
305 1336 1
305 1337 1
305 1515 1
305 501 1
306 1558 1
306 2104 1
306 2216 1
306 552 1
306 608 1
307 1209 1
307 1275 1
307 1558 1
307 2216 1
307 2723 1
307 378 1
307 428 1
307 565 1
307 966 1
308 2216 1
308 2314 1
308 425 1
308 599 1
308 608 1
310 1072 1
310 3557 1
31 106 1
31 1201 1
31 1728 1
31 203 1
31 2030 1
31 214 1
31 2935 1
313 807 1
3 15 1
31 508 1
31 51 1
31 52 1
3164 3327 1
3164 4520 1
3 17 1
317 382 1
3 21 1
3 230 1
32 33 1
32 34 1
32 35 1
3236 3236 1
3236 3889 1
3236 4507 1
324 1113 1
324 1172 1
324 1686 1
324 1959 1
324 3073 1
324 327 1
327 1148 1
327 1281 1
327 1511 1
327 1558 1
327 1683 1
327 1685 1
327 1686 1
327 1706 1
327 1783 1
327 1789 1
327 1949 1
327 1968 1
327 2630 1
327 2732 1
327 2738 1
327 327 1
327 3334 1
327 345 1
327 3580 1
327 376 1
327 4285 1
327 448 1
327 4534 1
327 507 1
328 1642 1
328 2509 1
328 487 1
328 620 1
330 1118 1
330 1275 1
330 2723 1
330 381 1
331 1121 1
331 1122 1
331 1124 1
331 1125 1
331 1708 1
331 3754 1
331 4470 1
331 476 1
331 483 1
33 1536 1
331 831 1
33 35 1
33 43 1
33 4502 1
33 524 1
335 338 1
336 1150 1
33 656 1
338 1130 1
3386 3426 1
3386 4527 1
3398 4297 1
3399 4396 1
340 1144 1
340 1145 1
341 343 1
341 430 1
3426 4297 1
3426 4298 1
343 966 1
344 1130 1
34 4532 1
344 567 1
346 1130 1
346 1150 1
346 1399 1
34 872 1
35 201 1
35 253 1
3 536 1
35 375 1
355 362 1
356 362 1
356 382 1
357 1144 1
357 1145 1
358 1145 1
359 1051 1
360 382 1
365 1144 1
3667 4498 1
3668 4498 1
368 1072 1
369 1001 1
369 1016 1
369 1120 1
369 1124 1
369 1177 1
369 1262 1
369 1321 1
369 1339 1
369 1616 1
369 1637 1
369 1805 1
369 1963 1
369 2030 1
369 2211 1
369 2752 1
369 375 1
369 4000 1
369 4511 1
369 4512 1
369 4513 1
369 476 1
369 483 1
369 510 1
369 607 1
369 611 1
369 755 1
369 819 1
369 882 1
369 991 1
370 518 1
37 139 1
373 443 1
37 39 1
374 1558 1
374 2723 1
375 1339 1
375 4555 1
375 567 1
37 59 1
376 1335 1
376 449 1
379 1487 1
379 2750 1
381 1175 1
3820 3981 1
382 387 1
38 39 1
385 386 1
385 621 1
387 1207 1
387 1208 1
387 1209 1
388 1072 1
3889 4507 1
389 1118 1
389 1201 1
389 1515 1
389 807 1
39 123 1
39 1350 1
39 149 1
39 3196 1
393 570 1
39 40 1
39 4519 1
39 47 1
39 59 1
39 62 1
39 733 1
400 1015 1
400 1214 1
400 1216 1
400 1217 1
400 1421 1
400 1513 1
400 1646 1
400 1857 1
400 2127 1
400 2204 1
400 2714 1
400 3063 1
400 3250 1
400 3561 1
400 3612 1
400 3798 1
400 400 1
400 404 1
400 408 1
400 409 1
400 410 1
400 411 1
400 414 1
400 415 1
400 416 1
400 4247 1
400 4297 1
400 463 1
400 470 1
400 473 1
400 494 1
400 503 1
400 657 1
400 661 1
400 664 1
400 958 1
400 979 1
411 416 1
411 4369 1
41 2001 1
41 296 1
413 416 1
41 400 1
41 473 1
416 1295 1
416 460 1
416 463 1
416 472 1
4 17 1
419 875 1
424 1558 1
4 246 1
425 510 1
425 552 1
426 1568 1
426 2599 1
428 1048 1
428 1118 1
4281 4479 1
428 599 1
428 728 1
4297 4298 1
4297 4474 1
430 1303 1
430 1449 1
430 1715 1
430 1716 1
430 3699 1
430 572 1
430 575 1
430 578 1
430 952 1
430 966 1
43 139 1
431 562 1
43 158 1
43 2171 1
43 280 1
4364 4505 1
436 454 1
441 442 1
441 749 1
441 968 1
442 1967 1
443 1269 1
443 1567 1
443 2436 1
443 4492 1
4451 4452 1
44 704 1
4474 4524 1
4474 4527 1
4485 4486 1
4485 4487 1
4485 4488 1
449 1558 1
4493 4494 1
4493 4495 1
4493 4496 1
4498 4499 1
4502 4503 1
450 450 1
4505 4506 1
450 566 1
451 980 1
453 875 1
459 1608 1
459 3114 1
460 2158 1
463 1477 1
463 1856 1
463 3109 1
463 4459 1
463 510 1
466 590 1
473 1856 1
475 517 1
477 510 1
489 1745 1
489 1849 1
493 517 1
495 1327 1
495 1328 1
495 1329 1
495 1331 1
495 1956 1
495 3200 1
495 3645 1
495 4515 1
495 4516 1
495 495 1
502 1691 1
50 221 1
50 3667 1
50 3668 1
50 4499 1
50 755 1
508 879 1
509 1145 1
510 1210 1
510 1225 1
510 1262 1
510 1271 1
510 1281 1
510 1310 1
510 1321 1
510 1333 1
510 1334 1
510 1339 1
510 1425 1
510 1426 1
510 1464 1
510 1642 1
510 1691 1
510 1747 1
510 1845 1
510 1910 1
510 1944 1
510 1959 1
510 2020 1
510 2224 1
510 2266 1
510 2283 1
510 2359 1
510 2633 1
510 2741 1
510 3786 1
510 3850 1
510 4070 1
510 4366 1
510 4396 1
510 4542 1
510 4543 1
510 538 1
510 552 1
5 106 1
510 608 1
510 609 1
510 614 1
510 618 1
510 620 1
510 621 1
510 654 1
510 721 1
510 819 1
510 860 1
513 2038 1
513 4517 1
513 516 1
513 517 1
513 616 1
513 643 1
513 693 1
514 1537 1
514 1814 1
514 1991 1
514 3456 1
5 15 1
516 517 1
517 1381 1
517 1492 1
517 1552 1
517 1553 1
517 1765 1
517 2109 1
517 2359 1
517 2449 1
517 2458 1
517 3288 1
517 3509 1
517 4320 1
517 4549 1
517 4550 1
51 749 1
517 518 1
517 652 1
517 694 1
517 717 1
517 897 1
518 1279 1
518 3851 1
518 694 1
51 933 1
51 968 1
5 21 1
52 102 1
52 106 1
52 1069 1
52 1101 1
52 1103 1
52 1105 1
52 1106 1
52 1201 1
52 148 1
52 1515 1
52 160 1
52 165 1
52 174 1
5 2195 1
52 203 1
52 2030 1
52 208 1
52 212 1
52 213 1
52 214 1
52 226 1
52 228 1
52 2502 1
52 289 1
52 2981 1
52 303 1
52 304 1
52 385 1
52 386 1
52 389 1
524 1475 1
524 1536 1
52 4168 1
52 440 1
52 4465 1
52 4466 1
52 4467 1
52 4468 1
52 480 1
524 875 1
52 501 1
52 508 1
52 540 1
52 628 1
52 637 1
52 68 1
52 702 1
52 775 1
52 891 1
5 29 1
52 914 1
52 92 1
52 94 1
52 96 1
52 964 1
53 106 1
53 1190 1
532 2887 1
533 2314 1
536 1042 1
536 933 1
536 968 1
5 52 1
552 1425 1
552 1464 1
552 2259 1
552 2357 1
552 3357 1
552 3471 1
552 3719 1
552 721 1
553 3719 1
554 1168 1
554 1402 1
554 1477 1
554 2405 1
554 3831 1
554 3909 1
554 4251 1
554 4529 1
557 558 1
557 559 1
557 560 1
558 1379 1
562 4533 1
565 646 1
566 1019 1
566 991 1
567 1130 1
567 1246 1
567 1439 1
567 1715 1
567 1783 1
567 1988 1
567 4041 1
570 788 1
571 1515 1
57 98 1
590 1427 1
590 1428 1
59 149 1
595 1262 1
595 1339 1
5 98 1
599 2216 1
602 1768 1
604 1037 1
604 1768 1
604 4545 1
605 4541 1
606 659 1
608 1206 1
608 1380 1
6 106 1
611 882 1
614 1425 1
614 1944 1
619 2271 1
619 3189 1
619 4200 1
619 4396 1
620 1464 1
620 4200 1
6 21 1
621 1103 1
621 1425 1
621 1944 1
621 3412 1
621 3883 1
621 4546 1
621 854 1
635 2316 1
639 4105 1
643 4500 1
648 897 1
651 1052 1
651 652 1
656 682 1
659 4474 1
6 635 1
6 639 1
680 1376 1
680 4528 1
68 1042 1
684 1175 1
68 510 1
68 566 1
687 1220 1
694 1655 1
696 1688 1
703 1378 1
703 879 1
704 1304 1
704 1305 1
704 1306 1
704 1990 1
704 2252 1
704 4387 1
719 2030 1
719 798 1
72 1484 1
72 1515 1
72 304 1
73 1051 1
73 1099 1
73 1129 1
73 1130 1
73 1131 1
73 1134 1
73 1136 1
73 1137 1
73 1139 1
73 1140 1
73 1143 1
73 1144 1
73 1145 1
73 1146 1
73 1147 1
73 1150 1
73 1152 1
73 1153 1
73 1163 1
73 1252 1
73 1266 1
73 1399 1
73 1718 1
73 1729 1
73 2345 1
73 325 1
73 334 1
73 335 1
73 338 1
73 339 1
73 340 1
733 4475 1
73 345 1
73 346 1
73 348 1
73 349 1
73 356 1
73 357 1
73 358 1
73 3580 1
73 359 1
73 360 1
73 362 1
73 365 1
73 382 1
73 509 1
73 613 1
73 75 1
73 952 1
746 3651 1
746 4095 1
746 4096 1
749 1688 1
754 1659 1
754 1890 1
76 1686 1
76 324 1
773 1752 1
773 4514 1
79 1201 1
79 144 1
79 187 1
79 246 1
79 436 1
79 556 1
79 98 1
807 1830 1
807 2297 1
807 3682 1
807 3690 1
807 4116 1
807 4539 1
813 2271 1
814 1334 1
82 259 1
82 331 1
82 359 1
82 459 1
82 92 1
831 2271 1
847 3820 1
850 1648 1
8 52 1
854 1172 1
854 1959 1
85 829 1
87 144 1
87 254 1
87 327 1
879 1466 1
879 3597 1
882 1262 1
882 1495 1
89 1339 1
89 243 1
894 4461 1
895 1536 1
92 1200 1
92 2316 1
92 4014 1
92 703 1
931 4111 1
931 4522 1
931 4523 1
934 4105 1
94 106 1
94 1515 1
94 304 1
950 1222 1
95 304 1
958 4298 1
959 1103 1
96 305 1
967 1405 1
96 98 1
97 773 1
980 1117 1
980 1891 1
980 4551 1
98 1048 1
98 1099 1
98 1164 1
98 1193 1
98 1196 1
98 1197 1
98 1199 1
98 1201 1
98 1399 1
98 144 1
98 1511 1
98 165 1
98 203 1
98 2072 1
98 217 1
98 2475 1
98 303 1
98 3031 1
98 376 1
98 385 1
98 386 1
98 459 1
98 501 1
98 536 1
98 715 1
988 1441 1
98 824 1
98 98 1
991 1345 1
991 1543 1
991 4509 1
991 4510 1
1000 1565 1
1000 1730 1
1001 1118 1
100 3890 1
100 4111 1
100 618 1
100 621 1
1013 1024 1
102 1049 1
102 4116 1
1027 1691 1
1027 3922 1
102 899 1
1031 1339 1
1031 1637 1
103 236 1
103 280 1
103 3509 1
103 3939 1
103 510 1
1037 3306 1
1038 3306 1
1042 1095 1
1042 1315 1
1042 1537 1
1042 2442 1
1047 1047 1
1049 1058 1
1049 1255 1
1049 2298 1
1049 4103 1
1049 4168 1
1050 1103 1
105 1166 1
105 1385 1
105 1387 1
105 1690 1
105 280 1
105 467 1
105 648 1
106 107 1
106 110 1
106 3435 1
106 375 1
106 420 1
1065 1565 1
1065 1903 1
106 714 1
1072 1074 1
1072 3557 1
1074 1085 1
1074 3557 1
1077 1097 1
1078 1565 1
1080 1339 1
1080 1637 1
108 140 1
108 1565 1
108 185 1
108 201 1
108 253 1
108 366 1
1085 2893 1
1085 3557 1
1085 4328 1
1085 4329 1
1090 1428 1
1 1 1
110 1637 1
1 102 1
110 243 1
110 253 1
1103 1544 1
1103 2008 1
110 369 1
1 1042 1
1 1049 1
1 1050 1
1 1096 1
1 1103 1
1 1106 1
1118 1704 1
1 1217 1
1122 1262 1
1122 1669 1
1122 1897 1
1122 4216 1
1 1271 1
1 13 1
1130 1150 1
1130 1162 1
1130 2666 1
1 1315 1
1 1320 1
1132 1146 1
113 331 1
1135 1695 1
1136 1137 1
1137 1155 1
1 1391 1
114 115 1
1143 1730 1
1 145 1
1146 1150 1
1 147 1
1147 4244 1
1 148 1
1 1494 1
115 116 1
115 117 1
115 1231 1
115 1232 1
115 1235 1
1152 1944 1
115 2834 1
115 3683 1
115 3946 1
115 4173 1
115 4174 1
115 4175 1
115 4176 1
115 4177 1
115 4178 1
115 431 1
115 781 1
1 1579 1
115 864 1
1161 1910 1
116 1444 1
116 562 1
1166 1642 1
1166 2935 1
1168 1477 1
1168 2405 1
1168 3969 1
1168 4251 1
1169 3831 1
1 17 1
1170 2608 1
117 1926 1
1172 1206 1
1172 2674 1
1173 1285 1
1 174 1
1175 1558 1
1177 1210 1
1186 2262 1
1187 1565 1
1 188 1
1 189 1
1190 1401 1
1 2 1
1 20 1
1201 1320 1
1 2016 1
1203 2259 1
1 206 1
1206 1210 1
1 21 1
1210 1944 1
1 212 1
12 124 1
1 213 1
1 2133 1
1214 1737 1
1214 2174 1
1214 2175 1
1214 2825 1
1214 4194 1
1215 2171 1
1217 1899 1
1 2195 1
1220 1221 1
1220 1222 1
1223 2008 1
1225 1255 1
1225 3922 1
1 235 1
1240 1242 1
1240 3186 1
124 1215 1
124 1266 1
124 1267 1
124 1275 1
124 128 1
124 130 1
124 132 1
124 1327 1
124 134 1
124 136 1
124 137 1
124 138 1
124 139 1
124 1578 1
124 1916 1
124 241 1
124 3014 1
124 3185 1
124 3649 1
124 4022 1
124 4339 1
124 437 1
124 441 1
124 442 1
124 556 1
1246 1250 1
1246 1259 1
1246 1435 1
1246 1756 1
1246 1877 1
1246 1969 1
1246 4248 1
124 727 1
124 741 1
124 788 1
124 791 1
124 798 1
124 829 1
124 834 1
124 946 1
124 952 1
124 987 1
1 251 1
12 536 1
1255 3170 1
1255 4129 1
1262 1669 1
1262 1695 1
1 27 1
1271 1737 1
1271 4114 1
1281 1685 1
1281 1686 1
1281 3073 1
1283 2012 1
1285 1379 1
1 29 1
1295 2171 1
1 3 1
1301 1765 1
130 131 1
130 303 1
130 433 1
1305 3909 1
1307 3108 1
130 741 1
130 791 1
130 834 1
130 886 1
130 968 1
130 981 1
1 31 1
1310 3236 1
1310 4139 1
1 3170 1
13 21 1
1321 1817 1
1321 2012 1
13 22 1
1323 1782 1
1323 3073 1
132 608 1
13 2690 1
1 3303 1
1 3379 1
1339 1339 1
1339 1367 1
1339 1624 1
1339 1643 1
13 3917 1
1339 1798 1
1339 1808 1
1339 2409 1
1339 3925 1
1339 4218 1
1339 4219 1
1339 4220 1
1339 4221 1
1339 4222 1
1346 1483 1
1347 1483 1
1 3509 1
1351 3014 1
13 52 1
1353 1353 1
136 2502 1
136 3649 1
1364 3557 1
136 791 1
1370 1669 1
1372 1374 1
137 2502 1
1376 1706 1
1379 4004 1
137 987 1
138 1576 1
138 441 1
138 698 1
138 829 1
138 968 1
139 1217 1
139 1513 1
139 158 1
139 1606 1
139 2335 1
139 2418 1
139 326 1
139 3339 1
1 3939 1
139 400 1
139 403 1
139 407 1
139 411 1
139 413 1
139 660 1
139 791 1
1398 1529 1
1398 4139 1
139 958 1
1 4 1
140 1565 1
1402 3831 1
1405 3509 1
1411 1565 1
1414 2093 1
1 4167 1
1 4168 1
14 17 1
1 4187 1
1 420 1
1420 4233 1
1 4249 1
1425 2359 1
1425 3948 1
1425 4282 1
1428 4270 1
1431 1794 1
1435 1438 1
1438 1523 1
1438 1677 1
1439 1715 1
144 1092 1
144 1218 1
1441 4126 1
144 248 1
144 254 1
144 269 1
144 425 1
144 428 1
1450 4292 1
145 1565 1
1452 3306 1
145 2935 1
1462 4312 1
1462 4313 1
1462 4314 1
1462 4315 1
1464 1580 1
1464 2648 1
1467 4106 1
147 2294 1
1477 2405 1
1477 3909 1
1477 4251 1
147 751 1
148 1659 1
148 1890 1
148 212 1
1484 1515 1
1484 3509 1
1 5 1
1503 1637 1
1506 2340 1
1 51 1
1511 1715 1
1511 2290 1
1513 2289 1
1516 2289 1
15 17 1
15 1830 1
1 52 1
1529 2456 1
1529 3478 1
1529 3516 1
153 491 1
1 536 1
15 52 1
1558 1775 1
1565 1619 1
1565 1621 1
1565 1785 1
1565 1903 1
1565 1946 1
1565 2077 1
1565 2083 1
1565 2088 1
1565 2091 1
1565 2092 1
1565 2095 1
1565 2096 1
1565 2097 1
1565 3092 1
1565 3891 1
1565 3981 1
1565 3982 1
1565 4223 1
1565 4224 1
1565 4225 1
1 570 1
157 1606 1
157 2171 1
157 400 1
1576 1578 1
157 660 1
15 784 1
158 1606 1
158 2160 1
158 2171 1
1582 4298 1
158 3805 1
158 400 1
158 403 1
158 4114 1
1585 3557 1
158 660 1
1587 1827 1
15 879 1
1 6 1
160 1201 1
160 203 1
160 212 1
160 214 1
160 243 1
160 543 1
1606 1737 1
1606 2160 1
1606 4113 1
1606 4114 1
161 1339 1
16 1452 1
16 1565 1
16 16 1
1619 4214 1
1619 4215 1
16 195 1
16 201 1
16 23 1
1624 1677 1
1624 1823 1
16 2535 1
1629 2219 1
16 2940 1
1629 4293 1
1629 4294 1
163 1049 1
1634 3974 1
1 635 1
16 3561 1
1637 1963 1
1637 4119 1
1640 2016 1
16 4096 1
164 1166 1
164 1385 1
164 1387 1
164 1431 1
164 1493 1
164 280 1
16 4299 1
16 4300 1
164 4053 1
164 4184 1
164 4252 1
164 467 1
164 510 1
164 538 1
164 611 1
164 648 1
164 843 1
164 876 1
165 1376 1
16 582 1
1658 3509 1
1658 4204 1
16 588 1
1668 1669 1
1669 1695 1
1669 1714 1
1669 1988 1
1669 2104 1
1669 2338 1
1669 2340 1
1669 2343 1
1669 2345 1
1669 3353 1
1669 3377 1
1669 4052 1
1669 4303 1
1669 4304 1
1677 1758 1
1677 1942 1
1677 2277 1
1677 2866 1
1677 3496 1
1 68 1
16 810 1
1686 1782 1
1686 3073 1
16 880 1
16 917 1
1697 2048 1
1697 2250 1
1697 3955 1
1697 4206 1
170 217 1
1704 2338 1
170 621 1
17 100 1
17 102 1
17 1103 1
17 1190 1
17 1318 1
17 1354 1
17 1389 1
17 1401 1
17 141 1
17 1429 1
17 1433 1
17 145 1
17 147 1
17 1473 1
17 148 1
1715 1936 1
1715 1967 1
1715 1969 1
17 1569 1
17 160 1
17 1658 1
17 1659 1
17 17 1
17 170 1
17 174 1
17 1752 1
17 1753 1
17 176 1
17 1830 1
17 1890 1
17 20 1
17 2008 1
17 203 1
17 205 1
17 21 1
17 212 1
17 213 1
17 214 1
17 22 1
17 226 1
17 228 1
17 2382 1
17 2430 1
17 2657 1
17 2935 1
17 2962 1
1730 2093 1
17 303 1
17 31 1
17 311 1
17 3113 1
17 3645 1
1737 1739 1
1737 4188 1
1737 4246 1
1738 1738 1
1738 3000 1
1738 4297 1
1738 4298 1
17 385 1
17 386 1
174 1256 1
174 1429 1
17 4172 1
17 4193 1
174 212 1
174 231 1
17 4307 1
17 4308 1
17 468 1
1747 3108 1
174 741 1
17 50 1
17 508 1
1 751 1
17 51 1
17 52 1
1752 2073 1
17 53 1
17 57 1
17 621 1
176 2259 1
176 2357 1
176 280 1
176 369 1
176 4200 1
176 510 1
176 538 1
176 552 1
176 609 1
176 611 1
176 621 1
17 667 1
1767 1768 1
1767 2201 1
1767 2433 1
1767 3908 1
176 882 1
17 705 1
17 714 1
1 772 1
17 720 1
1 774 1
17 804 1
17 82 1
1785 4186 1
17 862 1
179 3974 1
17 94 1
179 549 1
17 97 1
1805 4233 1
181 813 1
1818 2608 1
1 82 1
18 21 1
1830 4153 1
1834 1960 1
1851 2148 1
185 1585 1
185 1637 1
1853 2148 1
1 856 1
1856 2171 1
1 879 1
188 1103 1
1882 3357 1
1882 3934 1
188 344 1
1889 3470 1
189 280 1
189 3509 1
190 1106 1
1910 2216 1
1 92 1
1922 3809 1
1922 4302 1
1926 1929 1
1931 2763 1
1931 3935 1
1 94 1
1948 3306 1
195 1177 1
195 1362 1
195 1572 1
195 1590 1
195 1769 1
195 208 1
195 253 1
195 2846 1
195 4332 1
195 534 1
195 770 1
1 959 1
1971 2133 1
197 1462 1
197 201 1
1972 2012 1
197 3980 1
1974 4290 1
1974 4321 1
197 505 1
197 506 1
197 619 1
197 739 1
1982 4018 1
198 400 1
198 510 1
1988 3705 1
19 933 1
19 968 1
2001 3805 1
20 100 1
20 1008 1
201 1849 1
20 1190 1
201 1982 1
20 1201 1
2012 2481 1
2012 3456 1
2012 4228 1
201 243 1
201 251 1
201 252 1
201 253 1
20 1256 1
201 2633 1
201 4028 1
201 416 1
201 4166 1
201 4229 1
20 1429 1
20 145 1
201 453 1
201 460 1
201 470 1
20 148 1
20 160 1
20 1658 1
20 1659 1
20 170 1
20 174 1
20 1890 1
20 203 1
20 204 1
20 21 1
20 212 1
20 214 1
20 226 1
20 228 1
20 30 1
20 303 1
203 1256 1
203 1659 1
203 212 1
203 389 1
203 433 1
20 386 1
204 243 1
20 4289 1
204 369 1
204 621 1
205 1752 1
20 52 1
206 1677 1
20 621 1
206 426 1
20 695 1
2078 2097 1
2078 3891 1
208 243 1
20 977 1
2 1016 1
2 102 1
2 1042 1
2104 2104 1
21 102 1
21 1042 1
21 106 1
21 115 1
21 1199 1
21 1200 1
21 1201 1
21 1206 1
21 1230 1
21 1256 1
21 1336 1
21 1401 1
21 1429 1
21 148 1
21 1484 1
21 1494 1
21 1515 1
21 160 1
21 165 1
21 1658 1
21 170 1
21 174 1
21 1752 1
21 176 1
21 1824 1
21 1862 1
21 188 1
21 189 1
21 1890 1
21 1897 1
21 203 1
21 205 1
21 208 1
21 212 1
212 1201 1
212 1256 1
21 213 1
21 214 1
212 1429 1
212 1658 1
212 1659 1
21 217 1
21 2199 1
21 22 1
212 214 1
212 228 1
21 226 1
21 228 1
21 229 1
212 303 1
21 2319 1
21 233 1
21 2361 1
212 4287 1
212 441 1
21 2485 1
21 2629 1
212 715 1
21 301 1
21 303 1
21 3031 1
21 304 1
21 305 1
21 31 1
21 311 1
213 1565 1
21 3375 1
21 3509 1
21 3522 1
21 3701 1
21 376 1
21 385 1
21 388 1
21 389 1
21 3922 1
21 4087 1
21 4181 1
21 4193 1
21 4211 1
214 303 1
21 4326 1
214 389 1
21 463 1
21 470 1
214 720 1
2148 2149 1
21 501 1
21 52 1
2 1553 1
21 571 1
216 1130 1
216 1162 1
216 1201 1
216 1503 1
216 1511 1
216 1640 1
216 1657 1
216 1963 1
216 1977 1
216 2012 1
21 621 1
216 2377 1
216 3119 1
216 317 1
216 340 1
216 349 1
216 3795 1
216 4102 1
216 4170 1
216 611 1
21 68 1
21 690 1
217 1001 1
217 1153 1
2171 2174 1
2171 2176 1
2171 2177 1
2171 2179 1
21 714 1
217 218 1
217 2359 1
21 726 1
217 330 1
21 747 1
217 510 1
21 771 1
21 82 1
218 306 1
218 4112 1
218 510 1
2187 4233 1
21 879 1
21 888 1
21 891 1
21 92 1
21 931 1
21 94 1
2 195 1
21 959 1
21 96 1
21 980 1
2 21 1
2 2195 1
222 4166 1
222 4171 1
2 235 1
2 243 1
2 251 1
2259 2357 1
2259 3357 1
226 510 1
226 552 1
227 334 1
2 280 1
228 1659 1
228 386 1
2289 3358 1
2 29 1
229 4211 1
2 3 1
230 1194 1
23 1072 1
23 1181 1
23 1321 1
23 1362 1
23 1407 1
23 1412 1
2314 2314 1
2314 2674 1
23 1440 1
2314 4106 1
23 1553 1
23 1580 1
2316 3400 1
23 1700 1
23 1805 1
23 1817 1
23 192 1
23 1944 1
23 195 1
23 2005 1
23 2241 1
23 2242 1
23 2243 1
23 2261 1
23 2268 1
23 2283 1
23 23 1
2323 2357 1
2323 3934 1
23 2940 1
23 3263 1
23 3273 1
233 3169 1
233 4111 1
23 3430 1
23 3561 1
23 3679 1
23 3701 1
2340 3892 1
2340 3893 1
23 415 1
23 4253 1
23 4254 1
23 4255 1
23 4256 1
23 4257 1
23 4258 1
23 4259 1
23 4260 1
23 4261 1
23 4262 1
23 4263 1
23 4264 1
23 479 1
235 243 1
23 534 1
23 535 1
2357 3471 1
23 593 1
23 675 1
23 676 1
23 677 1
2 368 1
2 375 1
23 798 1
23 912 1
23 982 1
2 4020 1
2405 4251 1
2 4245 1
243 1001 1
243 1016 1
243 1031 1
243 1065 1
243 1072 1
243 1078 1
243 1080 1
243 1176 1
243 1177 1
243 1310 1
243 1339 1
243 1367 1
243 1503 1
243 1537 1
243 1585 1
243 1624 1
243 1641 1
243 1642 1
243 1643 1
243 1769 1
243 1801 1
243 1806 1
243 1810 1
243 1813 1
243 1963 1
243 250 1
243 253 1
243 264 1
243 281 1
243 2893 1
243 295 1
243 328 1
2433 3922 1
243 3557 1
243 368 1
243 369 1
243 375 1
243 3780 1
243 4117 1
243 4151 1
243 4152 1
243 479 1
243 488 1
243 510 1
243 595 1
243 611 1
243 619 1
243 658 1
243 719 1
243 798 1
243 814 1
243 897 1
2 440 1
2441 4106 1
244 2197 1
244 2293 1
244 280 1
244 517 1
244 813 1
2454 3108 1
246 1327 1
247 248 1
247 260 1
247 315 1
247 374 1
247 428 1
248 1171 1
248 1172 1
248 1175 1
248 1209 1
248 1275 1
248 1285 1
248 1558 1
248 1575 1
248 1771 1
248 1775 1
248 1910 1
248 1944 1
248 2119 1
248 2216 1
248 2338 1
248 2431 1
248 254 1
248 255 1
248 256 1
248 257 1
248 262 1
248 269 1
248 2728 1
248 2750 1
248 306 1
248 307 1
248 308 1
248 315 1
248 329 1
248 334 1
248 365 1
248 379 1
248 380 1
248 4021 1
248 4063 1
248 4130 1
248 4148 1
248 428 1
248 442 1
248 450 1
248 507 1
248 646 1
248 952 1
2 5 1
250 1166 1
250 1385 1
250 1387 1
250 1428 1
2502 4273 1
250 611 1
250 648 1
251 253 1
251 536 1
252 253 1
252 489 1
253 1297 1
253 369 1
253 375 1
253 416 1
253 4333 1
253 444 1
253 460 1
2 536 1
253 876 1
2 539 1
2 540 1
254 1092 1
254 1558 1
254 1575 1
254 260 1
254 262 1
254 2728 1
254 315 1
254 341 1
254 343 1
254 348 1
254 365 1
254 533 1
255 1172 1
255 2020 1
255 2216 1
255 256 1
255 257 1
255 270 1
255 306 1
255 324 1
255 327 1
255 425 1
255 510 1
256 1246 1
256 257 1
256 259 1
256 262 1
256 327 1
256 424 1
257 1669 1
257 259 1
257 262 1
257 307 1
257 327 1
257 3422 1
257 425 1
258 374 1
259 1240 1
259 1242 1
259 1246 1
259 1247 1
259 1248 1
259 1250 1
259 1464 1
259 1877 1
259 2750 1
259 3137 1
259 327 1
259 4179 1
259 4180 1
259 425 1
259 450 1
2608 4182 1
2618 3496 1
262 1209 1
262 327 1
264 1072 1
264 1585 1
264 281 1
2648 4023 1
2648 4133 1
265 1246 1
265 3705 1
2 658 1
269 565 1
270 1910 1
270 2119 1
271 1052 1
271 1882 1
271 2120 1
271 2323 1
271 279 1
271 280 1
271 3516 1
271 4109 1
271 4110 1
271 518 1
271 652 1
271 694 1
27 201 1
272 280 1
27 251 1
272 510 1
27 253 1
2725 4290 1
273 420 1
274 2259 1
27 443 1
2749 2948 1
2749 2949 1
2749 3379 1
276 3108 1
27 704 1
2 774 1
2788 4265 1
27 897 1
279 280 1
279 371 1
279 4116 1
280 1052 1
280 1061 1
280 1265 1
280 1279 1
280 1310 1
280 1343 1
280 1405 1
280 1417 1
280 1464 1
280 1510 1
280 1529 1
280 1543 1
280 1552 1
280 1553 1
280 1557 1
280 1595 1
280 1631 1
280 1765 1
280 2030 1
280 2251 1
280 2449 1
280 2460 1
280 2561 1
280 2648 1
280 280 1
280 282 1
280 2985 1
280 313 1
280 3478 1
280 3516 1
280 370 1
280 371 1
280 385 1
280 3994 1
280 4099 1
280 4110 1
280 4126 1
280 4200 1
280 4238 1
280 4265 1
280 4309 1
280 4320 1
280 4334 1
280 4335 1
280 4336 1
280 4337 1
280 440 1
280 487 1
280 493 1
280 510 1
280 513 1
280 516 1
280 517 1
280 518 1
280 585 1
280 611 1
280 651 1
280 652 1
280 690 1
280 693 1
280 694 1
2807 3704 1
280 819 1
280 991 1
281 1000 1
281 1072 1
281 1074 1
281 1077 1
281 1085 1
281 1086 1
281 1812 1
281 2210 1
281 283 1
281 286 1
281 310 1
281 3556 1
281 3557 1
281 4115 1
281 4117 1
281 916 1
2873 3557 1
2 888 1
2 89 1
29 1049 1
29 1103 1
29 189 1
295 1339 1
296 1169 1
296 1477 1
296 1922 1
296 2271 1
296 2405 1
296 3296 1
296 3805 1
296 3831 1
296 3909 1
296 3969 1
296 416 1
296 4197 1
296 4251 1
296 460 1
296 554 1
296 704 1
29 68 1
29 715 1
29 92 1
29 959 1
301 1153 1
3014 4273 1
30 228 1
302 344 1
304 305 1
304 571 1
3049 4320 1
305 1048 1
305 1200 1
305 1336 1
305 1337 1
305 1515 1
305 571 1
306 1206 1
306 1910 1
306 2119 1
306 307 1
306 308 1
306 449 1
307 1458 1
307 4021 1
307 428 1
307 449 1
307 565 1
308 1910 1
308 2104 1
308 425 1
308 449 1
309 2104 1
30 991 1
310 1565 1
3 102 1
310 466 1
310 539 1
3108 4082 1
3108 4199 1
3108 4322 1
3108 4323 1
3108 4324 1
31 106 1
311 1401 1
311 726 1
313 1830 1
315 1209 1
315 1558 1
31 52 1
315 334 1
315 379 1
315 380 1
316 2314 1
317 1172 1
317 1425 1
317 1715 1
317 382 1
317 430 1
317 510 1
317 611 1
317 619 1
3 19 1
3 21 1
3 23 1
3 230 1
324 1172 1
324 327 1
326 1438 1
327 1134 1
327 1246 1
327 1424 1
327 1511 1
327 1659 1
327 1683 1
327 1686 1
327 1706 1
327 1783 1
327 2630 1
327 2732 1
327 2738 1
327 3073 1
327 3334 1
327 386 1
327 3955 1
327 4045 1
327 4146 1
327 4284 1
327 4285 1
327 4286 1
327 496 1
328 1065 1
328 369 1
328 4131 1
328 4132 1
329 565 1
330 1118 1
3309 3762 1
331 1122 1
331 1124 1
331 1616 1
331 1708 1
331 1710 1
331 1712 1
331 1817 1
33 1205 1
331 2518 1
33 139 1
331 4134 1
331 483 1
331 591 1
33 1823 1
33 2608 1
334 1635 1
334 1636 1
33 4195 1
33 43 1
334 343 1
334 4118 1
334 430 1
33 444 1
33 445 1
334 533 1
33 524 1
33 578 1
33 681 1
33 929 1
3400 4105 1
340 1144 1
340 1150 1
34 1325 1
341 365 1
3425 4232 1
343 344 1
343 365 1
344 1130 1
344 1369 1
344 1371 1
344 1438 1
344 1568 1
344 1790 1
344 1878 1
344 1880 1
344 2010 1
344 2390 1
344 2481 1
34 4271 1
344 363 1
344 387 1
344 4041 1
344 4189 1
344 426 1
344 427 1
344 459 1
344 545 1
344 611 1
344 688 1
344 706 1
344 959 1
345 1715 1
345 1716 1
345 1969 1
3478 4139 1
3 5 1
350 1153 1
3510 3934 1
35 1677 1
35 1823 1
35 3460 1
3 536 1
354 1143 1
3544 4342 1
3557 4143 1
3557 4144 1
3557 4145 1
356 382 1
357 1144 1
35 872 1
359 566 1
35 988 1
360 1048 1
360 2527 1
360 510 1
360 771 1
3 621 1
363 1130 1
36 3805 1
3649 3903 1
3649 3953 1
3649 4213 1
365 1425 1
365 3705 1
365 430 1
368 1339 1
368 1677 1
369 1001 1
369 1016 1
369 1177 1
369 1228 1
369 1321 1
369 1339 1
369 1362 1
369 1464 1
369 1637 1
369 1642 1
369 1817 1
369 1963 1
369 2030 1
369 2102 1
369 2117 1
369 2481 1
369 3485 1
369 375 1
369 4192 1
369 4201 1
369 4202 1
369 4203 1
369 479 1
369 480 1
369 510 1
3 696 1
369 607 1
369 611 1
369 690 1
369 755 1
369 798 1
369 850 1
369 882 1
369 934 1
369 988 1
3704 4295 1
3704 4296 1
3711 4265 1
3726 3939 1
37 39 1
374 2216 1
374 4169 1
374 425 1
375 1339 1
375 1677 1
375 3496 1
375 567 1
376 1153 1
376 1558 1
3762 4121 1
3762 4338 1
379 1275 1
379 1775 1
379 507 1
381 1669 1
382 387 1
3831 3909 1
384 3705 1
3851 4126 1
385 680 1
386 1336 1
386 1401 1
386 1889 1
386 510 1
386 680 1
388 3557 1
3890 4330 1
389 1118 1
389 1201 1
389 1515 1
389 3509 1
3 912 1
39 2017 1
3922 4149 1
3922 4150 1
3934 3948 1
3934 4217 1
3935 4161 1
39 40 1
39 4230 1
39 4231 1
3954 4265 1
39 59 1
396 1431 1
396 4252 1
398 813 1
400 1215 1
400 1651 1
400 1857 1
400 2073 1
400 2177 1
400 2771 1
400 403 1
400 404 1
400 409 1
400 410 1
400 411 1
400 413 1
400 416 1
400 4162 1
400 463 1
400 473 1
400 511 1
400 583 1
400 661 1
400 662 1
400 664 1
400 958 1
4028 4310 1
4028 4311 1
403 3339 1
403 3612 1
403 664 1
403 958 1
405 4197 1
410 1217 1
4106 4107 1
4106 4108 1
4114 4114 1
41 2001 1
4 124 1
41 296 1
413 660 1
41 400 1
41 473 1
4157 4158 1
4157 4159 1
4157 4160 1
4163 4164 1
4163 4165 1
4173 4272 1
420 1001 1
42 296 1
4233 4234 1
4233 4235 1
4233 4236 1
424 1246 1
424 1558 1
4242 4243 1
425 1558 1
426 1398 1
426 1484 1
426 4183 1
4265 4266 1
4278 4279 1
4278 4280 1
428 1118 1
428 1175 1
428 4021 1
428 565 1
4298 4340 1
4298 4341 1
430 1425 1
430 1446 1
430 1447 1
430 1448 1
430 1511 1
430 1715 1
430 1910 1
430 1962 1
430 2314 1
430 3705 1
430 4291 1
430 575 1
430 966 1
43 128 1
43 139 1
43 158 1
43 1606 1
4316 4317 1
43 1737 1
43 1739 1
43 2171 1
433 762 1
43 400 1
43 403 1
435 1042 1
435 696 1
43 664 1
438 2104 1
43 958 1
441 1194 1
441 1573 1
441 1861 1
441 1919 1
441 4281 1
441 749 1
441 968 1
441 987 1
443 1297 1
444 681 1
445 524 1
445 656 1
445 993 1
449 565 1
4 536 1
453 704 1
456 545 1
457 470 1
459 3985 1
459 4011 1
459 4227 1
460 1297 1
463 1279 1
463 1483 1
463 2224 1
463 2828 1
463 3046 1
463 3969 1
463 4003 1
463 4185 1
463 4242 1
463 537 1
463 620 1
466 470 1
467 648 1
468 648 1
469 1677 1
4 696 1
470 1849 1
470 4247 1
470 897 1
471 2008 1
473 3805 1
477 1804 1
477 4316 1
477 945 1
479 510 1
479 798 1
485 2008 1
487 4252 1
489 2133 1
490 813 1
491 4283 1
49 2441 1
493 517 1
49 4016 1
49 4196 1
495 1329 1
501 1658 1
50 1203 1
502 502 1
503 1773 1
50 3667 1
50 3668 1
504 1773 1
505 4212 1
506 813 1
509 1150 1
510 1019 1
510 1123 1
510 1203 1
510 1206 1
510 1210 1
510 1262 1
510 1264 1
510 1330 1
510 1334 1
510 1339 1
510 1425 1
510 1483 1
510 1484 1
510 1510 1
510 1691 1
510 1882 1
510 1910 1
510 1944 1
510 2020 1
510 2070 1
510 2259 1
510 2262 1
510 2312 1
510 2323 1
510 2357 1
510 2359 1
510 3236 1
510 3499 1
510 3656 1
510 3786 1
510 3890 1
510 3948 1
510 3970 1
510 4055 1
510 4056 1
510 4060 1
510 4092 1
510 4207 1
510 4290 1
510 4305 1
510 4306 1
510 4321 1
510 538 1
510 552 1
510 609 1
510 611 1
510 616 1
510 618 1
510 620 1
510 621 1
510 622 1
510 676 1
510 779 1
510 813 1
510 819 1
510 980 1
511 1931 1
511 2171 1
51 146 1
514 3328 1
514 536 1
514 991 1
51 52 1
5 16 1
516 1438 1
516 4309 1
516 517 1
516 518 1
516 694 1
517 1464 1
517 1529 1
517 1552 1
517 1910 1
517 2655 1
517 3459 1
5 174 1
517 4126 1
517 4318 1
517 4319 1
517 518 1
517 652 1
517 693 1
51 79 1
518 2654 1
518 3851 1
518 4200 1
518 651 1
518 652 1
518 694 1
51 998 1
5 21 1
52 106 1
52 1069 1
52 107 1
52 1102 1
52 1103 1
52 1190 1
52 1200 1
52 1256 1
52 1370 1
52 1419 1
52 1429 1
52 145 1
52 148 1
52 1658 1
52 1659 1
52 1662 1
52 168 1
52 1688 1
52 174 1
52 1828 1
5 2195 1
52 203 1
52 2030 1
52 212 1
52 213 1
52 214 1
52 228 1
52 231 1
52 2391 1
52 2502 1
52 2537 1
52 2602 1
52 289 1
52 2935 1
52 303 1
52 304 1
52 385 1
52 386 1
52 4122 1
52 4123 1
52 4124 1
52 4125 1
52 4126 1
52 4127 1
52 4168 1
5 243 1
52 440 1
524 640 1
52 501 1
52 508 1
52 532 1
52 542 1
52 637 1
52 696 1
52 750 1
52 751 1
52 770 1
52 879 1
52 92 1
52 94 1
52 96 1
52 965 1
53 106 1
532 766 1
533 3705 1
534 658 1
536 3031 1
537 1654 1
538 2117 1
538 2259 1
538 813 1
540 715 1
542 1565 1
543 4142 1
545 567 1
5 52 1
552 1944 1
552 2020 1
552 2259 1
552 2323 1
552 2357 1
552 3236 1
552 3890 1
552 4120 1
552 595 1
552 620 1
552 819 1
552 854 1
5 536 1
554 1168 1
554 2405 1
554 3831 1
554 3909 1
554 3911 1
554 4163 1
554 4250 1
554 4251 1
55 536 1
557 4197 1
557 558 1
557 559 1
557 560 1
558 1379 1
55 98 1
562 4274 1
562 4275 1
562 4276 1
565 1209 1
565 1335 1
565 1704 1
566 2301 1
567 1130 1
567 1246 1
567 1435 1
567 1436 1
567 1438 1
567 1677 1
567 1682 1
567 1715 1
567 2104 1
567 2254 1
567 849 1
567 922 1
571 1515 1
57 203 1
578 3576 1
579 1176 1
579 2374 1
581 4287 1
585 2259 1
588 715 1
59 124 1
59 3805 1
59 400 1
595 1262 1
595 1339 1
595 1637 1
595 2224 1
595 4207 1
596 3557 1
5 98 1
598 1024 1
598 1804 1
598 4316 1
598 945 1
603 1948 1
603 3433 1
603 604 1
604 1037 1
607 1122 1
608 4146 1
608 4147 1
609 2259 1
611 1438 1
611 1642 1
611 3970 1
611 819 1
611 850 1
611 882 1
611 991 1
614 1425 1
614 616 1
614 819 1
616 1206 1
616 3659 1
616 4106 1
6 1836 1
619 1019 1
619 2271 1
619 813 1
620 2224 1
620 2357 1
6 21 1
621 1425 1
621 1473 1
621 1658 1
621 1910 1
621 2430 1
621 3412 1
621 3425 1
621 3599 1
621 4153 1
621 4289 1
621 906 1
632 1106 1
63 2316 1
63 4105 1
6 4331 1
648 1386 1
648 1462 1
648 878 1
651 1052 1
651 652 1
652 1529 1
652 4126 1
652 4309 1
658 1031 1
658 1166 1
658 799 1
663 1606 1
6 633 1
6 635 1
664 1739 1
664 4114 1
664 4240 1
664 958 1
669 1049 1
669 3170 1
669 4129 1
6 702 1
680 1376 1
680 1889 1
68 1042 1
68 1484 1
681 682 1
68 2199 1
68 244 1
68 3291 1
684 1209 1
68 4241 1
68 479 1
68 510 1
68 68 1
687 1220 1
687 2020 1
687 813 1
68 92 1
694 2474 1
696 1996 1
696 741 1
697 2109 1
698 751 1
704 1305 1
704 2017 1
706 4061 1
706 4198 1
706 4199 1
714 1336 1
715 1000 1
715 824 1
7 16 1
721 2259 1
721 2357 1
727 4121 1
73 1051 1
73 1110 1
73 1130 1
73 1131 1
73 1132 1
73 1134 1
73 1137 1
73 1141 1
73 1142 1
73 1143 1
73 1144 1
73 1145 1
73 1146 1
73 1147 1
73 1150 1
73 1153 1
73 1718 1
73 1719 1
73 1720 1
73 2140 1
73 216 1
73 2375 1
73 2666 1
73 334 1
73 335 1
73 338 1
73 339 1
73 340 1
73 341 1
73 345 1
73 346 1
73 347 1
73 348 1
73 354 1
73 357 1
73 3579 1
73 358 1
73 359 1
73 362 1
73 364 1
73 365 1
73 3839 1
73 3880 1
73 3961 1
73 4135 1
73 4136 1
73 4137 1
73 4138 1
73 434 1
73 509 1
73 73 1
73 922 1
73 952 1
739 813 1
751 1194 1
751 2038 1
751 2793 1
751 4205 1
76 1135 1
76 1152 1
76 1200 1
76 1206 1
76 1262 1
76 1323 1
76 1669 1
76 1685 1
76 1686 1
76 1782 1
76 1783 1
76 1968 1
76 1988 1
76 2527 1
76 2740 1
762 952 1
76 3073 1
76 3384 1
76 344 1
76 345 1
76 360 1
76 421 1
765 1565 1
766 1753 1
766 4325 1
771 1153 1
771 1672 1
772 1565 1
773 1752 1
784 4153 1
78 79 1
789 1737 1
79 1201 1
79 130 1
791 3569 1
79 138 1
791 4191 1
79 203 1
79 255 1
794 1565 1
79 450 1
79 720 1
79 728 1
79 741 1
798 2648 1
798 4023 1
798 4133 1
798 4327 1
79 98 1
813 1008 1
813 1296 1
813 1494 1
813 1690 1
813 1971 1
813 2166 1
813 2270 1
813 2562 1
813 3108 1
813 3639 1
813 3836 1
813 4055 1
813 4267 1
813 4268 1
813 4269 1
813 938 1
819 1122 1
819 1152 1
819 1699 1
819 1988 1
819 2020 1
819 2117 1
819 2873 1
82 1068 1
82 145 1
82 1484 1
82 1677 1
82 1765 1
82 259 1
82 2927 1
82 3104 1
82 360 1
82 3929 1
82 425 1
82 459 1
82 571 1
82 831 1
82 92 1
82 94 1
830 3108 1
843 2995 1
843 3846 1
849 1889 1
850 1438 1
850 1529 1
850 1669 1
850 991 1
85 124 1
854 1172 1
854 1910 1
87 254 1
876 1431 1
876 4128 1
878 1385 1
878 2219 1
879 888 1
88 195 1
882 1019 1
882 1262 1
882 2262 1
891 1710 1
89 1339 1
89 1637 1
89 1691 1
89 243 1
89 510 1
895 1462 1
897 1166 1
897 1982 1
897 3170 1
897 3509 1
897 3939 1
8 98 1
90 216 1
90 3014 1
914 4287 1
92 102 1
92 1049 1
92 1315 1
92 1484 1
92 163 1
922 1669 1
92 313 1
92 3328 1
92 344 1
92 566 1
92 959 1
933 1565 1
934 3400 1
94 188 1
94 189 1
94 2927 1
94 420 1
94 4237 1
94 667 1
94 959 1
958 1606 1
958 1737 1
958 2105 1
958 2106 1
958 4114 1
958 4226 1
959 1103 1
968 1576 1
96 98 1
97 2073 1
97 773 1
980 1117 1
980 1891 1
980 3593 1
98 1048 1
98 1196 1
98 1201 1
98 1206 1
98 1256 1
98 1399 1
98 147 1
98 1826 1
98 203 1
98 2195 1
98 228 1
98 303 1
98 350 1
98 385 1
98 4154 1
98 4155 1
98 4156 1
98 441 1
98 459 1
98 536 1
98 542 1
98 696 1
98 705 1
98 715 1
991 1315 1
991 1317 1
991 1529 1
991 2104 1
