100 1467 1
100 618 1
10 1190 1
1016 2982 1
1016 5244 1
1018 1658 1
1019 1246 1
10 21 1
10 243 1
1027 3922 1
102 912 1
1031 1827 1
103 3596 1
1039 1658 1
1040 1959 1
1040 2674 1
1040 3771 1
1041 1690 1
1042 1565 1
1042 1597 1
1042 1662 1
1045 1497 1
105 1166 1
105 1476 1
105 1799 1
105 1993 1
105 2292 1
105 2351 1
105 2899 1
105 2954 1
105 3072 1
105 3220 1
105 3704 1
105 373 1
105 4018 1
105 4028 1
105 453 1
105 5215 1
105 522 1
105 5309 1
105 5350 1
105 537 1
1056 1830 1
105 647 1
105 768 1
105 997 1
106 1001 1
106 107 1
106 110 1
106 111 1
106 1227 1
106 184 1
106 230 1
106 252 1
106 2752 1
106 299 1
106 3080 1
1065 1565 1
1065 1566 1
1065 1812 1
106 536 1
106 677 1
106 714 1
106 751 1
106 824 1
107 1642 1
107 1865 1
1072 1074 1
1072 1622 1
1072 1624 1
1072 1627 1
1072 1730 1
1072 1984 1
1072 2093 1
1072 2124 1
1072 2871 1
107 243 1
1074 1592 1
1074 1627 1
1074 1797 1
1074 2093 1
1074 2871 1
107 477 1
107 749 1
107 751 1
107 933 1
108 1065 1
108 1565 1
108 185 1
108 201 1
108 2429 1
108 243 1
108 2438 1
1083 1565 1
1083 1641 1
1083 1903 1
108 469 1
1097 2752 1
1099 2377 1
1 1 1
110 1097 1
110 1339 1
1102 1323 1
1102 1723 1
1102 1988 1
1102 2359 1
1102 2910 1
110 243 1
1102 4936 1
1 103 1
110 331 1
110 369 1
1 1042 1
1 1049 1
110 536 1
1 106 1
1108 1770 1
1108 1797 1
1108 4091 1
1115 2290 1
1 1166 1
1118 1704 1
1 1190 1
1 1271 1
1130 1162 1
1130 1967 1
1131 1283 1
1 1315 1
1132 1791 1
1137 1155 1
1137 5250 1
1 1401 1
114 115 1
1144 1150 1
1144 1791 1
1146 1150 1
1146 1151 1
1150 1150 1
115 116 1
115 1231 1
115 1232 1
115 1233 1
1152 1988 1
115 3945 1
1154 2112 1
115 5232 1
115 5233 1
115 5234 1
115 5235 1
115 5236 1
115 5237 1
115 5238 1
115 5239 1
1 1569 1
1157 2429 1
1 1579 1
116 1444 1
116 562 1
1 1658 1
1 1662 1
1167 3175 1
1 17 1
117 1926 1
1 174 1
1175 1773 1
1175 1776 1
1 18 1
1 181 1
118 5240 1
1186 1586 1
1186 1662 1
1186 1768 1
1186 2201 1
1186 3393 1
1 1865 1
1187 1797 1
1190 2424 1
1193 2290 1
1 1940 1
1 2 1
1200 1283 1
1200 1414 1
1200 1438 1
1200 1656 1
1200 3117 1
1 2016 1
1 208 1
1 21 1
1 212 1
12 124 1
1 214 1
1 2143 1
1 2150 1
1 2152 1
1215 2171 1
12 1565 1
1 2188 1
1 2189 1
12 190 1
1221 2020 1
1222 1911 1
1222 3292 1
1 2227 1
1225 3922 1
1225 4542 1
1 228 1
1231 1444 1
1232 1444 1
1 2383 1
1240 1245 1
1240 1283 1
124 126 1
124 1267 1
124 130 1
124 131 1
124 132 1
124 136 1
124 138 1
124 139 1
124 1643 1
124 1730 1
124 174 1
124 1772 1
124 1827 1
124 1844 1
124 1850 1
124 187 1
124 1894 1
124 1917 1
124 203 1
1 2423 1
124 2453 1
124 3203 1
124 330 1
124 374 1
124 441 1
124 4753 1
124 556 1
1246 1250 1
1246 1258 1
1246 1259 1
1246 1436 1
1246 1438 1
1246 1756 1
1246 1877 1
1246 1910 1
1246 1969 1
1246 2103 1
1246 2210 1
1246 2739 1
124 637 1
1246 5298 1
124 728 1
124 741 1
124 747 1
124 788 1
124 804 1
124 829 1
124 834 1
124 869 1
124 952 1
1255 2456 1
1258 1438 1
126 1267 1
126 138 1
1267 1640 1
1267 1730 1
1267 1827 1
1267 1916 1
1267 4713 1
1267 4753 1
1 2724 1
1281 1669 1
1281 1889 1
1281 1988 1
1282 2674 1
1283 1718 1
1283 2122 1
1285 1776 1
1287 1830 1
1 29 1
12 914 1
12 933 1
1294 1295 1
1294 2955 1
12 968 1
129 834 1
1 3 1
130 131 1
130 1772 1
130 1844 1
130 246 1
130 330 1
130 3649 1
130 374 1
1305 2017 1
130 728 1
130 886 1
1 3093 1
130 952 1
130 981 1
1 31 1
131 246 1
1315 3596 1
1320 1697 1
13 21 1
132 138 1
13 214 1
1322 1569 1
1323 1723 1
1323 1988 1
1323 2233 1
1323 4936 1
1 3328 1
1334 1467 1
1336 1933 1
1336 5281 1
1339 1339 1
1339 1637 1
1339 3687 1
1 3509 1
1 3596 1
1362 1414 1
1365 2020 1
136 747 1
1371 1565 1
1371 1785 1
1373 3292 1
138 1098 1
138 1267 1
138 174 1
138 1850 1
138 1894 1
138 1917 1
13 824 1
138 441 1
1385 1599 1
138 527 1
138 637 1
138 788 1
138 829 1
139 1041 1
139 1067 1
139 1262 1
139 139 1
139 1506 1
139 1515 1
139 1523 1
139 1525 1
139 158 1
139 1659 1
139 1737 1
139 1845 1
139 1889 1
139 1934 1
139 2335 1
139 2359 1
139 2361 1
139 240 1
139 2418 1
139 2545 1
139 2673 1
139 2854 1
139 2906 1
139 2955 1
139 3194 1
139 3252 1
139 326 1
139 3482 1
139 384 1
139 386 1
139 400 1
139 403 1
139 407 1
139 409 1
139 413 1
139 5313 1
139 663 1
139 664 1
139 790 1
139 958 1
1 4 1
140 1083 1
1401 1662 1
1401 1865 1
140 1364 1
140 1565 1
140 1641 1
140 185 1
140 243 1
140 534 1
1408 1438 1
1408 2020 1
1411 1565 1
1411 2097 1
1411 5269 1
141 174 1
1414 1416 1
1414 2250 1
1414 2927 1
1414 3052 1
1415 1697 1
14 17 1
1421 2171 1
1 4237 1
1425 1484 1
1425 2020 1
1425 2342 1
1425 2599 1
1425 3970 1
1425 4396 1
1425 5061 1
1427 2915 1
1429 1658 1
1429 1662 1
1431 3704 1
1433 2103 1
1433 2561 1
1435 1438 1
1437 2124 1
1437 2276 1
1437 3295 1
1438 1439 1
1438 1716 1
1438 1756 1
1438 1969 1
1438 1988 1
1438 2254 1
1438 2910 1
1438 3328 1
1438 4220 1
1450 5327 1
1458 1704 1
1460 4587 1
1 4608 1
1462 1617 1
1462 1747 1
1462 5348 1
147 1586 1
147 1662 1
147 1754 1
147 214 1
147 295 1
147 3267 1
147 3727 1
147 4719 1
1475 1584 1
1 4779 1
147 891 1
147 933 1
1 4963 1
1497 1834 1
1497 2923 1
1497 5251 1
1 51 1
1511 1657 1
151 201 1
1516 2171 1
1 52 1
15 204 1
15 21 1
1527 4963 1
1529 3478 1
153 201 1
15 3412 1
1535 1789 1
1535 3474 1
1535 4147 1
1 536 1
153 704 1
153 928 1
1541 1889 1
1 542 1
15 4809 1
15 5319 1
15 5320 1
15 5321 1
1565 1565 1
1565 1566 1
1565 1567 1
1565 1618 1
1565 1621 1
1565 1641 1
1565 1660 1
1565 1785 1
1565 1789 1
1565 1903 1
1565 1946 1
1565 2008 1
1565 2076 1
1565 2077 1
1565 2084 1
1565 2087 1
1565 2088 1
1565 2091 1
1565 2092 1
1565 2093 1
1565 2095 1
1565 2096 1
1565 2097 1
1565 2200 1
1565 2353 1
1565 2404 1
1565 3092 1
1565 3096 1
1565 3891 1
1565 4796 1
1565 4889 1
1565 5175 1
1565 5337 1
1566 1618 1
1566 2084 1
1566 3096 1
15 695 1
1 57 1
157 2171 1
157 4935 1
15 784 1
158 1606 1
158 1737 1
158 1843 1
158 2159 1
158 2171 1
158 400 1
158 403 1
158 411 1
1584 1594 1
1584 2133 1
1584 3742 1
1584 5288 1
1586 1662 1
158 664 1
1587 1588 1
1587 1642 1
1587 4968 1
158 958 1
1591 2383 1
1 6 1
1600 1643 1
1600 1827 1
1600 2003 1
160 1190 1
160 1201 1
160 203 1
160 208 1
160 2131 1
1602 1827 1
160 2383 1
160 299 1
160 510 1
1606 1737 1
1606 1843 1
160 621 1
1606 2159 1
1606 3339 1
160 882 1
1609 2265 1
1609 5299 1
16 1042 1
16 108 1
16 124 1
161 452 1
16 16 1
1617 2153 1
16 1769 1
16 1797 1
1618 1621 1
16 190 1
1619 1621 1
16 195 1
16 2001 1
16 208 1
16 2093 1
1621 2847 1
1621 3091 1
1622 1741 1
1622 2098 1
1622 2871 1
16 2283 1
16 23 1
16 230 1
16 2336 1
1624 5265 1
16 252 1
16 2589 1
16 277 1
16 29 1
16 310 1
1632 1634 1
16 3217 1
16 33 1
16 3308 1
1 639 1
1640 2342 1
164 1166 1
1641 2070 1
164 1476 1
1642 3656 1
1642 5215 1
164 280 1
164 3072 1
1643 1827 1
1643 2003 1
164 3220 1
164 3704 1
164 375 1
164 4018 1
164 4028 1
164 647 1
164 997 1
165 1658 1
1652 3236 1
1652 4717 1
16 53 1
1653 1654 1
16 5331 1
16 5332 1
16 5333 1
16 534 1
165 352 1
16 536 1
16 542 1
1657 2933 1
1658 1660 1
1658 1662 1
1658 1865 1
1658 1958 1
16 583 1
1658 3066 1
1658 5170 1
16 588 1
1660 1662 1
1660 1865 1
1662 1662 1
1662 1754 1
1662 1768 1
1662 1865 1
1662 2008 1
1662 2052 1
1662 2073 1
1662 2076 1
1662 2201 1
1662 3393 1
1662 4122 1
1662 5294 1
1669 1783 1
1669 1988 1
1669 2338 1
1669 2346 1
1669 2724 1
1669 2735 1
1669 5338 1
16 742 1
16 743 1
1676 2538 1
1676 2788 1
1676 5165 1
1679 1705 1
1 68 1
16 810 1
16 811 1
168 231 1
168 583 1
1686 2674 1
16 880 1
1688 1996 1
1690 2189 1
1690 2273 1
1690 2291 1
1690 4024 1
1690 5212 1
1690 5213 1
16 933 1
1694 2153 1
1696 1697 1
1696 2046 1
16 970 1
1697 1801 1
1697 1851 1
1697 1853 1
1697 2048 1
1697 2100 1
1697 2149 1
1697 2678 1
1697 3972 1
1697 5205 1
16 985 1
1699 2991 1
170 350 1
1705 1706 1
1705 4998 1
170 621 1
17 1186 1
17 1190 1
17 1401 1
17 1429 1
17 145 1
17 147 1
17 1474 1
17 1479 1
17 148 1
17 1515 1
1715 1721 1
1715 2361 1
17 1565 1
17 1569 1
17 1586 1
17 1597 1
17 160 1
17 1658 1
17 1660 1
17 1662 1
17 170 1
17 174 1
17 1752 1
17 1754 1
17 18 1
17 1863 1
17 1865 1
17 190 1
17 2026 1
17 203 1
17 205 1
17 2052 1
17 2073 1
17 2076 1
17 208 1
1 721 1
17 21 1
17 212 1
17 2131 1
17 214 1
17 2146 1
17 2201 1
17 231 1
1723 1723 1
1723 2233 1
1723 4936 1
1723 5293 1
17 2383 1
17 2879 1
17 295 1
17 30 1
17 310 1
17 311 1
17 3113 1
17 3117 1
17 3233 1
17 3393 1
17 3409 1
17 3412 1
17 3414 1
17 3420 1
17 3645 1
1737 1737 1
1737 2181 1
1737 2583 1
1737 3344 1
1737 3885 1
1737 4842 1
17 386 1
1739 4194 1
17 4001 1
1 741 1
174 1265 1
174 1852 1
174 212 1
174 216 1
174 2188 1
174 2561 1
17 4308 1
17 440 1
174 5357 1
17 4640 1
174 686 1
1747 2342 1
1747 3970 1
174 741 1
17 480 1
174 933 1
17 4964 1
174 968 1
17 501 1
1 751 1
17 52 1
1752 1753 1
17 5245 1
17 53 1
17 532 1
17 5351 1
1754 2052 1
17 57 1
17 570 1
1758 3081 1
176 1642 1
176 2020 1
17 621 1
176 2259 1
176 2456 1
17 635 1
176 369 1
17 639 1
176 510 1
176 611 1
176 621 1
176 813 1
17 702 1
17 703 1
1772 2271 1
1772 2750 1
1776 1776 1
1776 3147 1
1776 4643 1
1 777 1
17 770 1
17 784 1
17 788 1
17 821 1
1785 1789 1
1785 2008 1
1785 3474 1
1785 5175 1
17 862 1
17 891 1
1791 1792 1
179 1315 1
179 1386 1
179 1462 1
1791 4647 1
1791 5222 1
179 1624 1
179 1982 1
179 201 1
179 2168 1
179 2485 1
179 253 1
179 296 1
179 373 1
1794 2168 1
179 443 1
179 477 1
179 4976 1
179 505 1
179 598 1
179 620 1
179 648 1
179 687 1
17 97 1
1797 1906 1
179 897 1
17 991 1
1799 2450 1
1799 2683 1
1799 5274 1
1809 2096 1
18 1586 1
18 1662 1
18 1665 1
181 702 1
18 1754 1
1818 4929 1
1818 5225 1
1818 5226 1
1 819 1
18 2073 1
1823 2520 1
1830 4816 1
18 3727 1
1845 1845 1
1 848 1
185 1083 1
185 1565 1
185 1809 1
185 243 1
1853 2100 1
1853 2101 1
1853 2102 1
1853 2274 1
18 5346 1
1853 5205 1
1 862 1
187 1246 1
187 1267 1
187 203 1
18 740 1
1 875 1
187 567 1
1 891 1
1894 1922 1
1894 2635 1
190 1565 1
190 1662 1
190 1688 1
190 2404 1
190 310 1
1903 2096 1
1903 2404 1
190 3393 1
1 912 1
1 92 1
192 281 1
19 230 1
1931 2864 1
1931 4984 1
1931 5214 1
1933 1933 1
1933 2123 1
1933 2205 1
1933 2538 1
1933 2564 1
1933 2657 1
1933 2866 1
1933 3079 1
1933 3080 1
1933 3460 1
1933 5291 1
1 94 1
195 1769 1
195 1806 1
195 2093 1
195 2240 1
195 243 1
19 536 1
195 375 1
195 415 1
1954 2012 1
195 469 1
195 4983 1
195 675 1
195 743 1
195 880 1
1 959 1
1959 2153 1
1959 2674 1
1959 4717 1
1962 4575 1
1962 4576 1
1962 4577 1
1971 2189 1
197 1461 1
197 1462 1
197 201 1
197 2292 1
197 2351 1
197 3704 1
197 453 1
197 505 1
1978 2933 1
1979 2188 1
1980 4166 1
1980 5305 1
1986 2133 1
1986 3197 1
1986 4907 1
1988 2674 1
2003 2003 1
201 1004 1
201 1166 1
201 1222 1
201 1372 1
201 1481 1
201 1579 1
201 1584 1
201 1595 1
201 1599 1
201 1624 1
201 1799 1
201 1849 1
201 1911 1
201 1979 1
201 1982 1
201 1993 1
201 201 1
201 2168 1
201 222 1
2012 2303 1
201 2243 1
201 2336 1
201 2403 1
201 2408 1
201 2412 1
201 2419 1
201 2436 1
201 2485 1
201 251 1
201 252 1
2012 5278 1
201 253 1
201 2758 1
201 280 1
201 2821 1
201 2954 1
201 296 1
201 3292 1
201 373 1
201 375 1
201 416 1
201 419 1
201 443 1
201 444 1
201 447 1
201 453 1
201 458 1
201 470 1
201 5262 1
201 5265 1
201 5352 1
201 590 1
201 598 1
201 656 1
201 682 1
201 688 1
201 704 1
20 174 1
201 875 1
201 895 1
201 897 1
201 936 1
201 945 1
201 995 1
2020 2259 1
2020 2262 1
2020 2384 1
2020 4330 1
2021 5276 1
203 1267 1
203 1658 1
203 1662 1
203 212 1
203 216 1
203 2195 1
203 2290 1
203 2377 1
2034 2035 1
2034 2036 1
2034 2037 1
203 571 1
2036 3111 1
203 646 1
203 991 1
204 1035 1
204 2996 1
2046 2100 1
2046 2101 1
2046 2274 1
205 1752 1
205 1753 1
206 1162 1
206 1438 1
206 2290 1
206 426 1
2065 4767 1
2070 2154 1
2070 5190 1
2071 2283 1
2076 3420 1
207 773 1
208 1177 1
208 1591 1
208 2076 1
208 2195 1
208 2879 1
208 369 1
208 480 1
208 532 1
208 891 1
2091 2095 1
2093 2871 1
2095 2097 1
2095 3891 1
2 1035 1
2 106 1
21 103 1
21 1042 1
21 110 1
21 1105 1
21 1190 1
21 1200 1
21 1217 1
21 1336 1
21 1357 1
21 1429 1
21 147 1
21 1484 1
21 1540 1
21 1569 1
21 1570 1
21 160 1
21 165 1
21 1658 1
21 1660 1
21 1662 1
21 1679 1
21 168 1
21 170 1
21 1710 1
21 174 1
2 1177 1
21 1789 1
21 1865 1
21 1958 1
21 1963 1
21 2026 1
21 203 1
21 2076 1
21 208 1
212 1190 1
21 212 1
21 214 1
212 1429 1
21 2165 1
212 1660 1
212 1662 1
212 1865 1
21 2189 1
212 1958 1
21 226 1
21 230 1
212 303 1
212 3117 1
21 2319 1
21 233 1
21 2379 1
21 2383 1
212 386 1
21 2424 1
21 2724 1
21 2854 1
21 2879 1
2 129 1
21 29 1
21 2915 1
21 299 1
21 30 1
21 303 1
21 304 1
21 305 1
21 31 1
21 3117 1
213 1565 1
21 3209 1
213 2095 1
213 230 1
21 3233 1
2133 4907 1
21 3420 1
213 536 1
213 542 1
21 375 1
21 385 1
21 386 1
21 4129 1
214 1429 1
214 1660 1
214 295 1
214 303 1
21 4386 1
2 146 1
21 4902 1
2149 5205 1
2 15 1
21 508 1
21 5170 1
2152 5243 1
21 5281 1
21 5318 1
21 532 1
2153 2156 1
2153 3155 1
2153 5283 1
2153 5284 1
21 5358 1
2 1553 1
2 1565 1
2 1570 1
21 571 1
2 16 1
21 604 1
21 611 1
216 1130 1
216 1201 1
216 1553 1
2 162 1
216 2005 1
216 2069 1
216 2373 1
216 2377 1
216 2933 1
216 328 1
216 341 1
216 344 1
216 349 1
216 364 1
216 384 1
2 1642 1
216 426 1
216 456 1
216 597 1
2 1662 1
216 924 1
21 702 1
21 705 1
2171 2172 1
2171 2174 1
2171 2177 1
2171 2179 1
2171 2816 1
2171 3182 1
2171 3183 1
21 715 1
2171 5287 1
21 726 1
2175 2180 1
2175 2228 1
2175 2288 1
2175 4194 1
21 788 1
21 79 1
218 1944 1
21 82 1
21 824 1
2183 2184 1
2183 2185 1
218 4717 1
218 510 1
21 879 1
21 891 1
2 1899 1
21 913 1
21 92 1
21 94 1
2 195 1
21 96 1
2197 2982 1
21 991 1
2 208 1
2216 2674 1
2 2195 1
222 1599 1
222 1980 1
222 280 1
222 4212 1
2224 4321 1
2224 5302 1
222 4909 1
222 766 1
2 230 1
2 2336 1
2236 2415 1
2236 2649 1
2 2383 1
2 243 1
2 253 1
2259 2357 1
226 1662 1
2 264 1
2 267 1
2276 2520 1
2276 3293 1
2276 3295 1
228 1322 1
2 2845 1
2290 2720 1
2290 4382 1
2290 4864 1
2290 5203 1
2290 5316 1
2 2914 1
2 299 1
2 3 1
230 1565 1
230 2082 1
2 3093 1
230 933 1
230 968 1
23 138 1
23 1407 1
23 1410 1
23 1412 1
23 1580 1
23 1584 1
23 1944 1
23 195 1
23 2011 1
2320 3705 1
23 2236 1
23 2241 1
23 2242 1
23 2244 1
2 3272 1
23 3107 1
2331 2520 1
233 2165 1
2332 4587 1
2332 5243 1
23 3262 1
23 3269 1
2335 4337 1
23 4151 1
2342 2374 1
23 4350 1
2352 2899 1
2359 4189 1
2359 5344 1
2359 5345 1
2363 3832 1
2363 4290 1
2363 5343 1
236 4723 1
2 369 1
2378 5363 1
23 830 1
2383 2879 1
23 888 1
2408 3970 1
243 1031 1
243 1072 1
243 1339 1
243 1364 1
243 1367 1
243 1371 1
243 1462 1
243 1495 1
243 1640 1
243 1642 1
243 1758 1
243 1785 1
243 1796 1
243 1800 1
243 1804 1
243 1812 1
243 2093 1
243 2132 1
243 2168 1
243 2269 1
243 244 1
243 250 1
243 264 1
243 2755 1
2433 3922 1
243 344 1
243 368 1
243 369 1
243 3884 1
243 4144 1
243 479 1
243 485 1
243 510 1
243 521 1
243 5223 1
243 5224 1
243 598 1
243 705 1
243 720 1
243 798 1
243 813 1
243 882 1
2 440 1
244 1315 1
244 1960 1
244 2007 1
244 3656 1
244 369 1
244 426 1
244 443 1
2445 3081 1
244 739 1
244 882 1
244 897 1
244 991 1
2450 2683 1
2 4525 1
246 799 1
247 1209 1
247 1458 1
247 1773 1
247 248 1
247 269 1
247 307 1
2 4780 1
248 1040 1
248 1134 1
248 1152 1
248 1171 1
248 1209 1
248 1487 1
248 1652 1
248 1770 1
248 1772 1
248 1775 1
248 1776 1
248 1906 1
248 2314 1
248 248 1
248 254 1
248 257 1
248 258 1
248 2674 1
248 269 1
248 2740 1
248 307 1
248 308 1
248 3147 1
248 315 1
248 342 1
248 376 1
248 3771 1
248 379 1
248 4148 1
248 423 1
248 428 1
248 456 1
248 4643 1
2 485 1
248 5349 1
248 565 1
248 646 1
248 749 1
248 828 1
248 829 1
248 952 1
2 5 1
250 1166 1
250 1476 1
250 1993 1
250 3039 1
250 3072 1
250 3220 1
250 4018 1
250 897 1
250 997 1
251 253 1
251 443 1
251 809 1
2 5189 1
251 995 1
252 1004 1
252 1859 1
252 1982 1
2 522 1
252 2186 1
252 2429 1
252 253 1
252 2788 1
252 280 1
252 366 1
252 373 1
252 375 1
252 416 1
252 443 1
252 469 1
252 5256 1
252 590 1
252 648 1
252 682 1
252 688 1
252 720 1
252 809 1
252 897 1
252 995 1
253 1297 1
253 1579 1
253 1911 1
253 1986 1
2 534 1
253 416 1
253 443 1
253 470 1
253 590 1
2 536 1
253 688 1
253 875 1
253 928 1
253 993 1
253 995 1
254 1575 1
2 542 1
254 259 1
254 315 1
2548 3307 1
2548 5207 1
2548 5208 1
255 1031 1
255 1040 1
255 1152 1
255 1652 1
255 1959 1
255 454 1
255 456 1
255 510 1
255 615 1
256 1246 1
256 259 1
256 327 1
256 424 1
2 57 1
257 1281 1
257 1652 1
257 1683 1
257 259 1
257 3422 1
257 4285 1
258 1772 1
258 259 1
258 379 1
258 646 1
259 1019 1
259 1240 1
259 1242 1
259 1245 1
259 1246 1
259 1247 1
259 1248 1
259 1250 1
259 1264 1
259 1284 1
259 1408 1
259 1436 1
259 1528 1
259 1877 1
259 1988 1
259 2556 1
259 259 1
259 262 1
259 2720 1
259 2739 1
259 3073 1
259 327 1
259 3334 1
259 425 1
259 450 1
259 456 1
259 4569 1
259 4857 1
2 595 1
259 5050 1
259 566 1
2 6 1
264 1074 1
2641 2642 1
2641 2644 1
2641 4613 1
264 281 1
264 4144 1
265 344 1
267 444 1
2 68 1
268 1458 1
268 1704 1
2683 5274 1
269 1458 1
269 269 1
269 307 1
269 315 1
269 565 1
27 105 1
271 280 1
27 179 1
27 197 1
27 201 1
27 222 1
27 2436 1
27 252 1
27 253 1
273 1202 1
273 1204 1
27 33 1
273 5005 1
273 609 1
274 470 1
27 453 1
2 775 1
277 534 1
27 809 1
280 1052 1
280 1279 1
280 1343 1
280 1441 1
280 1462 1
280 1529 1
280 1542 1
280 1555 1
280 1594 1
280 1596 1
280 1653 1
280 1856 1
280 1883 1
280 1910 1
280 2126 1
280 2342 1
280 2378 1
280 2452 1
280 2458 1
280 2460 1
280 2463 1
280 2754 1
280 2889 1
280 328 1
280 3430 1
280 3436 1
280 3540 1
280 369 1
280 3703 1
280 3707 1
280 371 1
280 373 1
280 3825 1
280 4337 1
280 465 1
280 479 1
280 513 1
280 516 1
280 517 1
280 518 1
280 5249 1
280 5361 1
280 5362 1
280 611 1
280 651 1
280 652 1
280 689 1
280 690 1
280 693 1
280 694 1
280 875 1
280 880 1
281 1065 1
281 1071 1
281 1072 1
281 1074 1
281 1077 1
281 1083 1
281 1311 1
281 1327 1
281 1364 1
281 1367 1
281 1460 1
281 1592 1
281 1608 1
281 1622 1
281 1624 1
281 1627 1
281 1812 1
281 2081 1
281 2093 1
281 283 1
281 2871 1
281 2893 1
281 294 1
281 310 1
281 3569 1
281 368 1
281 3686 1
281 4121 1
281 542 1
281 794 1
2837 5206 1
284 1621 1
2 875 1
2 879 1
2879 3420 1
2881 5276 1
2890 5276 1
28 928 1
290 1097 1
2910 4169 1
29 1049 1
2910 5366 1
2915 3938 1
2915 5367 1
29 1830 1
29 208 1
29 2423 1
29 4963 1
295 1660 1
295 3267 1
295 440 1
296 704 1
2 985 1
29 912 1
299 386 1
30 1429 1
30 2189 1
30 228 1
303 1658 1
303 1660 1
303 386 1
3034 5211 1
304 1484 1
304 1587 1
304 2165 1
305 1484 1
305 1672 1
307 1772 1
307 1775 1
307 1776 1
307 308 1
307 315 1
307 374 1
307 4643 1
307 565 1
308 2314 1
308 565 1
309 2104 1
310 1565 1
310 1662 1
310 1903 1
310 3217 1
310 440 1
310 534 1
3 107 1
31 106 1
311 1190 1
3111 5339 1
31 1200 1
3 12 1
31 304 1
315 1458 1
315 380 1
3154 3981 1
3 1569 1
3166 3652 1
3166 5285 1
3 168 1
3 1688 1
3 17 1
317 1040 1
317 1959 1
317 2314 1
317 2674 1
317 3236 1
317 352 1
3 174 1
317 430 1
31 92 1
3 208 1
3 21 1
3 2189 1
3 2195 1
32 201 1
32 252 1
32 253 1
3 230 1
32 33 1
32 34 1
32 35 1
32 444 1
325 1137 1
326 1438 1
32 681 1
327 1246 1
327 1281 1
327 1511 1
327 1683 1
327 2361 1
327 2630 1
327 2739 1
327 386 1
327 4284 1
327 5324 1
328 510 1
32 873 1
32 895 1
32 995 1
330 1092 1
330 1118 1
330 1772 1
330 350 1
330 374 1
330 646 1
3 3093 1
33 1004 1
33 1045 1
33 1064 1
33 108 1
331 1177 1
331 1228 1
331 1362 1
331 1616 1
331 1709 1
331 1713 1
331 1805 1
331 1817 1
331 2005 1
33 1222 1
33 1290 1
33 1297 1
33 1303 1
33 139 1
33 141 1
33 1437 1
331 4470 1
33 1459 1
331 4617 1
331 4618 1
33 1475 1
33 1476 1
331 480 1
331 483 1
331 4839 1
33 1624 1
33 1677 1
33 179 1
33 1857 1
33 1859 1
33 1911 1
33 1923 1
33 195 1
33 1960 1
33 1979 1
33 1980 1
33 1981 1
33 1982 1
33 1983 1
33 1984 1
33 1986 1
33 201 1
3 3209 1
33 2133 1
33 2186 1
33 222 1
33 223 1
33 2244 1
33 2325 1
33 2397 1
33 2429 1
33 251 1
33 252 1
33 253 1
33 3197 1
33 33 1
33 34 1
33 35 1
33 366 1
33 368 1
33 373 1
33 375 1
33 388 1
33 400 1
334 1142 1
3 3412 1
334 1635 1
334 1636 1
33 43 1
334 365 1
33 443 1
33 445 1
33 469 1
33 470 1
33 4907 1
33 5067 1
33 5216 1
33 524 1
33 5259 1
33 5260 1
33 5261 1
33 5262 1
33 5263 1
33 5264 1
33 5265 1
33 5266 1
33 5310 1
33 578 1
33 590 1
33 640 1
33 648 1
33 682 1
33 688 1
33 720 1
33 786 1
33 809 1
33 869 1
33 872 1
33 895 1
33 90 1
33 928 1
3395 5339 1
3395 5340 1
33 958 1
33 972 1
33 995 1
340 1150 1
341 1587 1
3412 4809 1
34 1325 1
341 361 1
34 1437 1
34 1496 1
34 1675 1
34 1961 1
34 1982 1
34 201 1
34 2186 1
34 2278 1
34 252 1
34 253 1
34 2971 1
343 2740 1
34 34 1
343 430 1
34 35 1
344 1026 1
344 1130 1
344 1154 1
344 1310 1
344 1417 1
344 1553 1
344 1568 1
344 1608 1
344 1743 1
344 1878 1
344 1949 1
344 2005 1
344 2475 1
344 2490 1
344 3114 1
344 459 1
344 4869 1
344 5252 1
344 553 1
344 567 1
34 469 1
344 991 1
34 5266 1
34 590 1
34 682 1
34 809 1
348 2314 1
348 2674 1
348 387 1
34 872 1
34 895 1
349 1162 1
349 2113 1
3 4964 1
34 988 1
350 1001 1
3510 3511 1
35 108 1
35 1290 1
35 1297 1
351 365 1
35 141 1
35 1476 1
35 1923 1
35 201 1
35 2186 1
35 252 1
35 253 1
353 1723 1
353 2910 1
35 3460 1
3 536 1
35 366 1
35 375 1
35 4271 1
35 444 1
35 469 1
35 470 1
35 5266 1
35 590 1
35 682 1
3569 3970 1
35 720 1
357 365 1
35 809 1
3 583 1
35 872 1
35 895 1
35 897 1
35 928 1
3596 3730 1
35 988 1
35 995 1
3 621 1
365 1144 1
365 2740 1
365 533 1
3656 5282 1
366 443 1
366 469 1
3673 3981 1
368 1072 1
368 2124 1
368 3295 1
368 567 1
368 720 1
369 1130 1
369 1177 1
369 1228 1
369 1255 1
369 1310 1
369 1315 1
369 1342 1
369 1365 1
369 1438 1
3691 4723 1
369 1503 1
369 1608 1
369 1637 1
369 1897 1
369 2011 1
369 2012 1
369 2210 1
369 2242 1
369 2336 1
369 2498 1
369 2560 1
369 2752 1
369 375 1
369 385 1
369 426 1
369 479 1
369 510 1
369 514 1
369 5268 1
369 567 1
36 958 1
369 595 1
369 611 1
369 658 1
369 798 1
369 882 1
369 991 1
3 703 1
373 1004 1
373 2485 1
373 688 1
374 1092 1
374 424 1
374 5231 1
374 646 1
3 751 1
375 1339 1
375 2319 1
375 443 1
375 4555 1
375 536 1
375 720 1
376 684 1
378 1458 1
379 1775 1
37 958 1
380 1458 1
38 123 1
38 39 1
38 41 1
384 1281 1
385 1662 1
385 1889 1
385 426 1
386 1256 1
386 1658 1
386 1660 1
386 1865 1
386 2398 1
387 4619 1
389 1118 1
389 1201 1
3891 4644 1
3891 5209 1
3891 5210 1
389 3705 1
3 912 1
39 1313 1
39 1853 1
39 2046 1
39 2138 1
39 2140 1
39 2141 1
39 3374 1
39 39 1
39 40 1
39 4520 1
39 5277 1
39 5279 1
39 5280 1
395 604 1
3981 5297 1
398 5027 1
400 1215 1
400 1217 1
400 1421 1
400 1651 1
400 1856 1
400 1857 1
400 1858 1
400 2127 1
400 2171 1
400 3382 1
400 3611 1
400 403 1
400 405 1
400 406 1
400 409 1
400 410 1
400 411 1
400 414 1
400 415 1
400 416 1
400 4666 1
400 4689 1
400 470 1
400 473 1
400 657 1
400 958 1
403 1739 1
403 663 1
403 958 1
4044 4660 1
407 411 1
4 1042 1
4 106 1
4111 4660 1
41 2017 1
4 124 1
413 4935 1
4 138 1
41 400 1
415 2236 1
4 1565 1
415 813 1
4 1827 1
4194 5219 1
426 1568 1
426 1657 1
426 1968 1
426 5242 1
426 658 1
428 1776 1
430 1210 1
430 1447 1
430 1448 1
430 1449 1
430 1969 1
430 2311 1
430 2314 1
430 2625 1
430 4497 1
430 4641 1
430 5326 1
43 139 1
43 1421 1
43 1516 1
43 158 1
43 1606 1
43 2171 1
43 400 1
43 403 1
43 411 1
435 1688 1
43 5286 1
43 664 1
436 833 1
438 991 1
43 958 1
440 1565 1
440 1662 1
440 3093 1
440 485 1
441 442 1
441 749 1
441 968 1
442 799 1
443 1297 1
443 1431 1
443 1572 1
443 1579 1
443 445 1
443 487 1
443 590 1
4 442 1
444 2200 1
445 3197 1
445 590 1
44 704 1
449 1704 1
450 1102 1
450 1323 1
450 1723 1
450 4936 1
450 5060 1
450 565 1
450 646 1
453 2436 1
453 3847 1
4 536 1
453 875 1
4541 5275 1
454 1661 1
456 1772 1
456 567 1
458 897 1
459 1721 1
459 2112 1
459 2639 1
459 4227 1
462 1894 1
463 1213 1
463 2145 1
467 897 1
468 4028 1
468 813 1
469 1676 1
469 1896 1
469 2186 1
469 2445 1
469 3081 1
469 523 1
469 5295 1
469 5296 1
469 590 1
469 809 1
470 1203 1
470 1373 1
470 1911 1
470 5292 1
470 688 1
472 1294 1
4723 5254 1
4723 5255 1
47 3902 1
4 749 1
47 5334 1
47 5335 1
477 2168 1
477 3510 1
477 505 1
477 506 1
477 5272 1
477 991 1
478 510 1
4 79 1
4796 4889 1
4 799 1
480 2383 1
4 85 1
485 1042 1
485 773 1
485 991 1
489 522 1
4907 4907 1
491 522 1
495 1326 1
495 1329 1
495 1331 1
495 1956 1
495 2051 1
495 3009 1
495 5271 1
501 1785 1
501 882 1
502 813 1
505 598 1
506 598 1
510 1152 1
510 1172 1
510 1206 1
510 1255 1
510 1279 1
510 1383 1
510 1425 1
510 1484 1
510 1652 1
510 1699 1
510 1910 1
510 1944 1
510 1959 1
510 1964 1
510 1988 1
510 2020 1
510 2153 1
510 2193 1
510 2224 1
510 2259 1
510 2295 1
510 2314 1
510 2323 1
510 2357 1
510 3499 1
510 3745 1
510 3899 1
510 4059 1
510 4542 1
510 4732 1
510 4761 1
510 5061 1
510 5195 1
510 5341 1
510 5342 1
510 552 1
510 607 1
510 609 1
510 615 1
510 616 1
510 618 1
510 620 1
510 621 1
510 732 1
510 819 1
510 848 1
511 2171 1
51 1865 1
512 1747 1
512 4935 1
513 516 1
513 517 1
513 616 1
513 643 1
516 3288 1
516 3289 1
516 4337 1
517 1529 1
517 1596 1
517 2109 1
517 2227 1
517 2283 1
517 518 1
517 652 1
517 694 1
5 1785 1
518 1229 1
518 1548 1
518 694 1
5 21 1
52 106 1
52 1658 1
52 1662 1
5217 5218 1
5 2195 1
52 213 1
52 230 1
5 2336 1
5 2383 1
524 3197 1
5247 5248 1
5262 5266 1
5266 5267 1
5266 5330 1
527 1894 1
5272 5273 1
52 770 1
5281 5281 1
5 31 1
53 106 1
5311 5312 1
5311 5313 1
5311 5314 1
53 1662 1
5317 5318 1
53 195 1
532 1190 1
532 1569 1
532 2383 1
5328 5329 1
532 891 1
533 2740 1
534 1565 1
534 1797 1
534 2755 1
534 3759 1
53 469 1
5354 5355 1
5359 5360 1
536 2405 1
5364 5365 1
536 751 1
536 915 1
536 933 1
536 968 1
536 991 1
537 2001 1
538 1255 1
53 862 1
538 813 1
539 1662 1
539 3093 1
542 1065 1
542 1565 1
542 2097 1
545 2012 1
55 1565 1
552 2153 1
552 2259 1
552 609 1
552 621 1
553 2314 1
5 567 1
5 57 1
557 558 1
557 559 1
557 560 1
562 1869 1
562 5043 1
562 5315 1
565 1209 1
565 1704 1
565 1773 1
565 646 1
566 1433 1
566 1438 1
566 1521 1
566 1897 1
566 1969 1
567 1130 1
567 1258 1
567 1357 1
567 1435 1
567 1436 1
567 1438 1
567 1553 1
567 1897 1
567 2104 1
567 2254 1
567 5322 1
567 5323 1
570 637 1
570 784 1
57 106 1
571 1200 1
571 1357 1
57 160 1
57 1662 1
57 190 1
57 208 1
57 3031 1
57 310 1
57 3217 1
57 440 1
581 1565 1
583 1570 1
583 2611 1
583 588 1
583 589 1
585 2996 1
585 611 1
585 813 1
590 1064 1
590 809 1
59 2017 1
595 4542 1
595 621 1
595 798 1
5 98 1
598 1799 1
598 2132 1
598 3510 1
598 5272 1
59 958 1
602 1463 1
602 604 1
604 1768 1
604 2319 1
609 2259 1
609 4454 1
6 1049 1
611 1255 1
611 1642 1
611 2273 1
611 813 1
611 991 1
612 2153 1
6 14 1
615 3236 1
6 1569 1
6 1658 1
6 1662 1
616 621 1
6 17 1
6 181 1
618 2020 1
6 1865 1
619 813 1
620 1035 1
620 1583 1
620 2153 1
620 768 1
6 21 1
621 1658 1
621 2020 1
621 2131 1
621 2908 1
621 860 1
6 228 1
6 238 1
626 3166 1
6 304 1
6 3209 1
640 1290 1
640 1579 1
640 2133 1
640 3197 1
640 682 1
646 1201 1
646 2731 1
646 3147 1
646 4643 1
648 1599 1
648 1834 1
648 658 1
648 897 1
6 5170 1
652 1181 1
652 1529 1
652 1910 1
6 571 1
658 991 1
663 1606 1
663 664 1
664 1606 1
664 2171 1
664 694 1
664 958 1
682 1859 1
68 2189 1
682 1982 1
68 2303 1
68 244 1
682 809 1
68 369 1
684 1209 1
684 1776 1
68 545 1
68 775 1
687 813 1
688 897 1
68 991 1
6 92 1
693 694 1
694 1737 1
698 799 1
703 1569 1
703 3209 1
704 1304 1
704 1990 1
705 991 1
71 3292 1
714 2429 1
715 824 1
719 2996 1
720 1624 1
720 1676 1
720 1715 1
720 1933 1
721 2259 1
723 1569 1
728 1956 1
73 1051 1
73 1130 1
73 1131 1
73 1132 1
73 1134 1
73 1136 1
73 1138 1
73 1142 1
73 1143 1
73 1144 1
73 1146 1
73 1150 1
73 1151 1
73 1155 1
73 165 1
73 1718 1
73 1719 1
73 1720 1
73 1721 1
73 1726 1
73 2740 1
73 2933 1
73 317 1
73 3246 1
73 334 1
73 335 1
73 336 1
73 337 1
73 338 1
73 340 1
73 341 1
73 3419 1
73 346 1
73 349 1
73 3503 1
73 352 1
733 5277 1
73 354 1
73 357 1
73 358 1
73 359 1
73 364 1
73 365 1
73 384 1
73 4620 1
73 533 1
73 613 1
73 73 1
73 87 1
739 2365 1
73 952 1
740 1586 1
742 5336 1
749 1906 1
75 387 1
76 1262 1
76 1281 1
76 1370 1
76 1507 1
76 1685 1
76 1686 1
76 1784 1
76 1786 1
76 1787 1
76 1789 1
76 1790 1
76 2193 1
76 2674 1
76 3073 1
76 327 1
76 360 1
76 3705 1
76 3719 1
76 3799 1
76 381 1
76 421 1
765 1565 1
76 5220 1
76 5221 1
766 2845 1
766 5356 1
768 2001 1
76 863 1
76 87 1
770 1662 1
770 1754 1
771 1658 1
773 1080 1
773 1662 1
773 2562 1
773 3278 1
775 2423 1
784 3412 1
788 2879 1
79 1099 1
79 1201 1
79 1511 1
79 1661 1
79 187 1
79 1978 1
79 203 1
79 2195 1
79 255 1
792 834 1
794 1565 1
79 4186 1
794 2083 1
79 435 1
79 442 1
79 4640 1
79 485 1
79 4889 1
79 542 1
79 646 1
798 1641 1
79 869 1
798 991 1
79 953 1
79 98 1
808 1462 1
809 1297 1
809 1676 1
809 2186 1
809 895 1
809 995 1
813 1016 1
813 1296 1
813 1315 1
813 1412 1
813 1503 1
813 1642 1
813 1661 1
813 1690 1
813 1691 1
813 1808 1
813 1971 1
813 2132 1
813 2153 1
813 2191 1
813 2264 1
813 2272 1
813 2273 1
813 2450 1
813 2629 1
813 2683 1
813 2966 1
813 3211 1
813 3456 1
813 5212 1
813 5257 1
813 5274 1
813 5306 1
813 5307 1
813 5308 1
813 5353 1
813 833 1
814 2020 1
819 1988 1
82 106 1
82 1438 1
82 145 1
82 1474 1
82 2271 1
82 259 1
82 2991 1
82 3209 1
824 2319 1
82 426 1
82 566 1
82 570 1
82 635 1
829 1906 1
832 2325 1
833 1661 1
834 1920 1
834 2002 1
83 514 1
838 1827 1
841 5277 1
84 216 1
849 1484 1
849 1889 1
850 2020 1
85 124 1
85 1600 1
85 1643 1
85 1827 1
856 1978 1
856 991 1
862 1662 1
866 3705 1
8 705 1
872 3461 1
872 5262 1
88 1809 1
882 2168 1
882 2365 1
891 2076 1
89 140 1
89 243 1
895 1064 1
895 4587 1
895 5216 1
895 5243 1
895 995 1
897 1004 1
897 1386 1
897 1599 1
897 1834 1
89 869 1
899 4963 1
90 2933 1
912 912 1
92 1203 1
92 1474 1
92 1814 1
92 1815 1
92 2303 1
92 5019 1
92 5023 1
92 545 1
92 566 1
92 752 1
928 1982 1
928 2325 1
928 2401 1
92 991 1
929 993 1
932 2020 1
933 1688 1
936 1676 1
938 2365 1
94 106 1
94 107 1
94 1200 1
94 1750 1
94 1940 1
94 2152 1
942 2325 1
94 2991 1
94 824 1
94 913 1
958 1513 1
958 1606 1
958 1737 1
958 1739 1
958 2105 1
958 2816 1
966 1484 1
968 1688 1
96 98 1
97 1565 1
97 1662 1
97 2076 1
98 1099 1
98 1150 1
98 1194 1
98 1196 1
98 1201 1
98 1267 1
98 138 1
98 1435 1
98 144 1
98 159 1
98 165 1
98 1688 1
98 1826 1
98 203 1
98 2072 1
98 216 1
98 230 1
98 388 1
98 5227 1
98 5228 1
98 536 1
98 765 1
98 824 1
98 914 1
989 1669 1
98 953 1
98 98 1
991 1102 1
991 1240 1
991 1282 1
991 1283 1
991 1315 1
991 1317 1
991 1318 1
991 1339 1
991 1435 1
991 1464 1
991 1523 1
991 1617 1
991 1889 1
991 1897 1
991 1998 1
991 2008 1
991 2104 1
991 2126 1
991 2219 1
991 991 1
993 1986 1
993 4907 1
995 1624 1
995 2277 1
998 1662 1
1000 1565 1
1001 1297 1
101 113 1
1013 1024 1
1015 1520 1
1015 1899 1
1015 2127 1
1015 2845 1
1015 4689 1
1016 5092 1
1018 1658 1
1018 1660 1
10 21 1
1024 1799 1
1029 1386 1
1029 1752 1
1031 3975 1
103 2198 1
1034 4699 1
1038 1463 1
1038 2711 1
1042 1095 1
1042 1565 1
10 426 1
1045 3748 1
1048 1705 1
105 1039 1
1051 1146 1
105 1166 1
105 1385 1
105 1462 1
105 1476 1
105 1623 1
105 1993 1
105 2001 1
105 2129 1
105 2187 1
1052 2463 1
105 2264 1
105 2292 1
105 2350 1
105 243 1
105 2913 1
105 2975 1
105 3220 1
1053 3836 1
1053 4589 1
105 3563 1
105 373 1
105 4024 1
105 4798 1
105 4989 1
105 5014 1
105 5024 1
105 5098 1
105 514 1
105 5162 1
105 5184 1
105 5192 1
105 5201 1
105 538 1
105 897 1
105 917 1
105 945 1
106 107 1
106 108 1
106 1565 1
106 1699 1
106 2645 1
106 299 1
106 310 1
106 3225 1
106 366 1
106 420 1
1065 1565 1
1065 1619 1
1065 1621 1
1065 1810 1
1065 1946 1
1065 2091 1
1065 2108 1
1065 3091 1
1065 3096 1
106 536 1
1065 4977 1
1065 4978 1
106 714 1
106 824 1
1068 2545 1
1068 2546 1
106 933 1
106 980 1
107 174 1
107 1865 1
1072 1074 1
1072 1143 1
1072 1460 1
1072 1618 1
1072 1622 1
1072 1627 1
1072 1730 1
1072 1742 1
1072 1903 1
1072 2093 1
1072 2549 1
1072 2550 1
1072 2553 1
1072 2871 1
1074 1460 1
1074 1627 1
1074 1730 1
107 441 1
108 1001 1
108 1080 1
108 201 1
108 2032 1
108 2429 1
108 252 1
108 253 1
108 281 1
1083 1565 1
1083 1641 1
1083 2099 1
1083 2404 1
1083 4908 1
108 440 1
108 469 1
1096 2060 1
1099 1174 1
1 1 1
110 1339 1
1102 1723 1
110 243 1
110 369 1
1 106 1
110 991 1
111 426 1
1 1166 1
1 1167 1
1117 1603 1
1117 3525 1
1117 3541 1
1117 4646 1
1117 5198 1
1 124 1
1130 1162 1
1131 1283 1
1 1315 1
1132 1146 1
1135 1669 1
1 1357 1
1136 1137 1
1137 1155 1
114 115 1
1144 2660 1
1146 1511 1
1 147 1
1 1474 1
1 1484 1
115 116 1
115 1231 1
115 1232 1
115 1233 1
1152 1425 1
115 2830 1
115 2831 1
115 2834 1
115 2840 1
115 2841 1
115 2843 1
115 2862 1
1154 1278 1
115 4698 1
115 5037 1
115 5038 1
115 5039 1
115 5040 1
115 5041 1
115 5042 1
115 5043 1
115 5044 1
115 5045 1
115 5046 1
115 5047 1
1 1570 1
1157 2429 1
115 781 1
1 16 1
116 1444 1
1162 1587 1
1162 2361 1
116 2629 1
1 165 1
116 562 1
1 1658 1
1 1662 1
1167 1484 1
1167 1656 1
1 17 1
1 174 1
1175 1209 1
1175 1776 1
1176 1339 1
1 181 1
118 2830 1
1 1844 1
118 5048 1
1 1865 1
1 188 1
1188 1258 1
1188 1657 1
1190 1662 1
1196 1435 1
1199 5013 1
1 2 1
1200 1283 1
1200 1656 1
1200 1969 1
1200 2165 1
1201 1658 1
1 2016 1
1 206 1
1209 1458 1
1209 1776 1
1 21 1
12 106 1
1 2117 1
1 212 1
12 124 1
1212 5028 1
1 214 1
1215 1860 1
1215 2171 1
1215 2177 1
1215 2770 1
12 1565 1
1 2165 1
1218 2723 1
1 2189 1
12 21 1
1221 2020 1
1222 2352 1
1222 3292 1
1225 1255 1
1230 3132 1
1233 2861 1
1234 2861 1
1 2368 1
124 1130 1
124 1267 1
124 127 1
124 130 1
124 131 1
124 134 1
124 1351 1
124 136 1
124 137 1
124 1730 1
124 1827 1
124 187 1
124 1916 1
124 2002 1
124 2216 1
124 2269 1
124 2428 1
124 2619 1
124 2746 1
124 2933 1
124 303 1
124 3205 1
1 2436 1
124 441 1
124 442 1
124 4713 1
124 4753 1
1245 1246 1
124 556 1
1246 1250 1
1246 1259 1
1246 1408 1
1246 1436 1
1246 1515 1
1246 1677 1
1246 1877 1
1246 1908 1
1246 1969 1
1246 2404 1
1246 2632 1
1246 5135 1
1247 1284 1
124 765 1
124 834 1
124 946 1
124 980 1
124 987 1
1 2507 1
1255 2020 1
1255 4732 1
1258 3288 1
1 2619 1
126 243 1
1267 1600 1
1267 1643 1
1267 1827 1
1267 4753 1
1 27 1
127 727 1
127 946 1
1282 1283 1
1282 1425 1
1282 1788 1
1282 1889 1
1282 1988 1
1283 1718 1
1283 1889 1
1283 2122 1
1283 2346 1
1284 2677 1
1285 1776 1
1 29 1
12 94 1
1294 1295 1
1294 2954 1
1294 2955 1
1294 4728 1
1297 2752 1
1 3 1
130 131 1
1303 1715 1
130 330 1
130 374 1
1305 3296 1
130 968 1
1311 2065 1
13 147 1
131 646 1
13 1658 1
131 968 1
1 3209 1
13 21 1
13 212 1
1323 1723 1
1325 2890 1
1 3328 1
1336 3384 1
1339 1339 1
1339 1367 1
1339 1644 1
1339 1797 1
1339 1812 1
1339 2326 1
1339 2820 1
1339 5099 1
1 3509 1
1351 4976 1
135 2020 1
136 201 1
1362 1416 1
1 3634 1
136 465 1
1373 2133 1
138 1118 1
138 1662 1
13 824 1
138 441 1
1385 1599 1
1385 2219 1
138 914 1
138 933 1
138 968 1
139 1041 1
139 1213 1
139 1262 1
139 1282 1
139 1294 1
139 139 1
139 1429 1
139 1506 1
139 1524 1
139 158 1
139 1595 1
139 1706 1
139 1737 1
139 1845 1
139 1889 1
139 2153 1
139 2335 1
139 2341 1
139 2361 1
139 240 1
139 2418 1
139 2741 1
139 2854 1
139 3194 1
139 3250 1
139 326 1
139 339 1
139 3436 1
139 3482 1
139 3670 1
139 400 1
139 407 1
139 413 1
139 416 1
139 422 1
139 4860 1
139 4934 1
139 4935 1
139 5122 1
139 5135 1
139 5185 1
139 5186 1
139 5187 1
139 5188 1
139 657 1
139 663 1
139 664 1
1398 5181 1
140 1083 1
1401 1933 1
140 1565 1
140 1641 1
140 185 1
140 2404 1
1408 3922 1
1408 5001 1
1411 1565 1
1411 3096 1
1414 5138 1
141 813 1
14 21 1
1425 1473 1
1425 1988 1
1425 2053 1
1425 2259 1
1425 3257 1
1425 3290 1
1425 5142 1
1425 5145 1
1429 1658 1
1429 1660 1
1429 2301 1
1429 2935 1
1431 1462 1
1433 5113 1
1435 1438 1
1435 1969 1
1435 3042 1
1435 4721 1
1437 2276 1
1438 1438 1
1438 1439 1
1438 1715 1
1438 1940 1
1438 1969 1
1439 1716 1
1441 1596 1
144 1772 1
144 2290 1
144 2728 1
1444 1869 1
1444 5155 1
1448 1609 1
1452 1768 1
145 5146 1
145 784 1
1458 1775 1
1460 1565 1
1460 1592 1
1460 1624 1
1460 1627 1
1460 1984 1
1460 2081 1
1460 4638 1
146 1194 1
146 2195 1
1 4625 1
1462 5178 1
1463 1948 1
1463 3393 1
146 933 1
146 968 1
147 1586 1
147 1754 1
147 212 1
147 2543 1
147 441 1
1475 1986 1
1475 2759 1
1475 3197 1
147 698 1
1 4784 1
1483 2749 1
1483 2949 1
1483 3109 1
1 484 1
1 4899 1
1 4963 1
1497 1572 1
1497 2336 1
1497 4789 1
1 50 1
1511 2377 1
1511 2475 1
151 201 1
1 5128 1
1 5130 1
1513 1623 1
1513 1715 1
15 17 1
1523 2545 1
1523 2546 1
1524 2020 1
1524 5196 1
15 29 1
1529 2120 1
1529 2456 1
1529 3023 1
1529 3478 1
153 201 1
153 373 1
1535 4147 1
1535 5156 1
1 536 1
153 897 1
15 536 1
1556 1785 1
1565 1566 1
1565 1619 1
1565 1621 1
1565 1641 1
1565 1730 1
1565 1785 1
1565 1903 1
1565 1996 1
1565 2008 1
1565 2077 1
1565 2078 1
1565 2082 1
1565 2087 1
1565 2088 1
1565 2091 1
1565 2095 1
1565 2096 1
1565 2097 1
1565 2353 1
1565 2404 1
1565 2513 1
1565 2887 1
1565 3420 1
1565 3891 1
1565 4886 1
1565 5100 1
1567 2183 1
1568 2290 1
1568 2474 1
1568 2475 1
1570 4963 1
157 1623 1
157 4711 1
1580 1581 1
1580 2065 1
1581 1823 1
1581 2205 1
1581 2276 1
158 1294 1
158 1606 1
158 1737 1
158 2159 1
158 2171 1
158 2175 1
158 403 1
1584 1599 1
1584 1819 1
1587 1588 1
1587 2044 1
1587 2373 1
1587 2401 1
1587 2504 1
1587 3880 1
1587 4729 1
1587 4968 1
1590 1934 1
1 6 1
1600 1827 1
1600 2002 1
1600 2003 1
1601 2003 1
160 1201 1
160 1660 1
1602 2003 1
1603 1604 1
1603 1605 1
1603 4822 1
1603 4975 1
160 369 1
1604 5108 1
160 510 1
1605 5108 1
1606 1606 1
1606 1737 1
1606 1739 1
1606 2159 1
160 694 1
160 882 1
1609 5135 1
16 106 1
16 1072 1
16 110 1
16 1154 1
16 1190 1
1612 4711 1
16 1565 1
16 1587 1
16 16 1
16 160 1
16 168 1
16 1769 1
16 1906 1
16 1910 1
1619 1621 1
1619 1996 1
16 195 1
16 2001 1
16 201 1
16 2110 1
1622 1627 1
16 23 1
1623 2271 1
1623 2673 1
16 2336 1
16 2365 1
16 243 1
16 244 1
1624 4634 1
16 252 1
16 253 1
1627 4144 1
16 277 1
16 29 1
16 310 1
1632 1634 1
16 3225 1
16 3238 1
16 3273 1
16 33 1
16 3361 1
16 369 1
1637 2444 1
16 375 1
1 639 1
1640 2342 1
1640 3975 1
164 1166 1
1641 2404 1
164 1385 1
164 1476 1
164 1623 1
164 1993 1
164 2001 1
1642 1690 1
164 2187 1
164 2292 1
164 243 1
164 2913 1
1643 1827 1
1643 2002 1
164 3220 1
164 3563 1
16 440 1
1644 2002 1
164 510 1
164 514 1
164 611 1
16 469 1
164 897 1
164 945 1
1651 2770 1
16 5157 1
16 5158 1
16 5159 1
165 1658 1
165 1660 1
1652 1944 1
1652 2020 1
1652 2242 1
16 53 1
1653 1654 1
165 3384 1
16 534 1
1653 4986 1
1653 4987 1
16 536 1
1 656 1
1656 2165 1
16 57 1
1658 1660 1
1658 1865 1
1658 1978 1
1658 2131 1
16 583 1
16 585 1
1658 5170 1
16 588 1
1660 1865 1
1660 1978 1
1661 2153 1
1662 1662 1
1662 1865 1
1662 2438 1
1662 3414 1
1662 5131 1
1662 5203 1
16 658 1
1669 1707 1
1669 1783 1
1669 1847 1
1669 2340 1
1669 2346 1
1669 4884 1
1669 5163 1
1669 5164 1
1669 5169 1
1 671 1
16 742 1
16 744 1
16 747 1
1677 1681 1
1677 2186 1
1678 3584 1
1678 5193 1
16 79 1
1679 1705 1
1679 2442 1
1679 3528 1
1 68 1
16 810 1
168 1042 1
16 811 1
1681 1682 1
1681 1933 1
1682 2065 1
1683 1684 1
1683 1685 1
1683 1686 1
1686 1782 1
1686 1988 1
16 880 1
16 89 1
16 897 1
1690 1744 1
1690 2983 1
1690 4997 1
1690 5092 1
1691 4047 1
16 915 1
1692 2357 1
16 933 1
16 938 1
1697 1801 1
1697 1853 1
16 985 1
16 987 1
170 1660 1
170 1705 1
1702 2403 1
170 3412 1
170 350 1
1704 4479 1
1705 1706 1
1705 4998 1
17 1190 1
17 1429 1
17 147 1
17 148 1
17 1565 1
17 1586 1
17 160 1
1716 1969 1
17 165 1
17 1658 1
17 1660 1
17 1662 1
17 1665 1
17 17 1
17 170 1
17 174 1
17 1752 1
17 1753 1
17 1754 1
17 1785 1
17 18 1
17 1830 1
17 1863 1
17 1865 1
17 2026 1
17 204 1
17 2052 1
17 2073 1
17 21 1
17 212 1
17 2131 1
17 214 1
17 2189 1
1723 1723 1
1723 1988 1
1723 2233 1
1723 4936 1
1723 5060 1
17 2430 1
17 2500 1
1726 5000 1
17 2879 1
17 29 1
1730 1903 1
1730 2096 1
17 31 1
17 311 1
17 3409 1
17 3410 1
17 3412 1
17 3414 1
173 4732 1
17 3509 1
1737 1739 1
1737 2181 1
1737 3120 1
1737 4703 1
1737 5101 1
17 386 1
1740 2417 1
174 1658 1
174 1662 1
174 1865 1
174 212 1
17 4270 1
174 536 1
17 4625 1
17 471 1
1747 2342 1
1747 2408 1
174 741 1
1747 5173 1
17 4809 1
17 484 1
17 4964 1
17 4990 1
17 50 1
17 501 1
17 5124 1
17 5130 1
17 5176 1
17 52 1
17 5203 1
1752 1753 1
1752 1754 1
1753 1899 1
17 532 1
1753 3272 1
1754 5124 1
1756 1823 1
1758 1933 1
176 1221 1
176 1765 1
176 2020 1
17 621 1
176 2259 1
176 280 1
176 3169 1
176 369 1
176 389 1
17 639 1
176 510 1
176 819 1
1768 1947 1
1768 1948 1
1770 1889 1
1770 1906 1
17 720 1
1772 2750 1
17 725 1
1773 4023 1
1773 4797 1
17 740 1
1775 1776 1
1775 2722 1
1775 3952 1
1776 1776 1
1776 3429 1
1776 4643 1
17 784 1
17 801 1
1 784 1
1784 4966 1
1785 1790 1
1785 2008 1
1785 2805 1
17 891 1
1 79 1
179 1222 1
1791 4647 1
179 1624 1
179 197 1
179 198 1
179 1982 1
179 201 1
179 2352 1
179 252 1
179 253 1
179 366 1
179 453 1
179 505 1
17 980 1
179 809 1
17 991 1
1799 2378 1
1805 2283 1
18 147 1
18 1662 1
18 1754 1
1 82 1
1823 2331 1
1823 2444 1
1823 2481 1
1823 2520 1
1824 1933 1
1827 2003 1
1827 4753 1
184 1297 1
184 426 1
185 1565 1
185 201 1
185 243 1
1853 2100 1
1853 2101 1
1853 2274 1
185 4144 1
1860 2673 1
1 862 1
1864 2676 1
1865 2313 1
1865 2543 1
187 1246 1
1 875 1
188 2152 1
1889 1908 1
1889 2346 1
1889 2906 1
1 891 1
189 1438 1
1895 5009 1
1899 2864 1
190 1565 1
190 1946 1
1903 2549 1
1906 2640 1
1906 2848 1
1906 3952 1
190 765 1
19 1565 1
1 92 1
192 1311 1
192 1565 1
192 2065 1
192 281 1
19 230 1
192 310 1
192 5008 1
192 542 1
1926 1928 1
1931 4984 1
1931 5202 1
193 280 1
1933 1941 1
1933 2205 1
1933 2444 1
1933 2538 1
1936 2213 1
1 94 1
1943 2205 1
1943 2564 1
1943 2621 1
1943 2622 1
1943 4769 1
1943 5200 1
1944 5061 1
1947 2711 1
1948 2711 1
195 1031 1
195 1177 1
195 1670 1
195 201 1
195 208 1
195 2236 1
195 2240 1
195 2326 1
195 252 1
195 253 1
195 2750 1
195 3093 1
195 415 1
195 4253 1
195 456 1
195 5195 1
195 604 1
195 830 1
195 879 1
1959 2153 1
1959 2327 1
1959 4054 1
1959 4896 1
1962 4575 1
1962 4576 1
1962 4577 1
1969 5194 1
197 1222 1
197 198 1
197 201 1
197 2436 1
197 506 1
197 5166 1
1978 2290 1
197 875 1
197 878 1
1 980 1
1982 2409 1
1982 3563 1
198 400 1
1986 2759 1
1986 3197 1
1986 4212 1
1988 2020 1
19 914 1
1996 2513 1
19 98 1
2003 4592 1
2003 5125 1
2008 2189 1
2008 5175 1
201 1023 1
201 1029 1
201 1222 1
201 1297 1
201 1301 1
201 1385 1
201 1386 1
201 1462 1
201 1572 1
201 1594 1
201 1599 1
201 1624 1
201 1744 1
201 1745 1
201 1832 1
201 1834 1
201 1979 1
201 1982 1
201 2187 1
201 2219 1
201 222 1
201 2236 1
201 2243 1
201 2352 1
201 2408 1
201 2419 1
201 243 1
201 2436 1
201 244 1
201 2485 1
201 252 1
201 253 1
201 3197 1
201 3563 1
201 366 1
201 3675 1
201 373 1
201 375 1
201 418 1
201 419 1
201 4422 1
201 453 1
201 460 1
201 465 1
201 466 1
201 467 1
201 469 1
201 470 1
201 5182 1
201 5183 1
201 538 1
201 598 1
201 648 1
201 650 1
201 656 1
201 704 1
2017 3441 1
20 174 1
201 809 1
201 813 1
2018 3196 1
201 875 1
201 878 1
201 897 1
201 950 1
2020 2259 1
2020 2359 1
2020 2846 1
2020 4069 1
2020 4070 1
2020 4153 1
2020 4813 1
2020 5103 1
2021 5123 1
203 1190 1
203 1201 1
203 1662 1
203 311 1
203 389 1
203 532 1
2042 2676 1
204 3049 1
204 3140 1
204 369 1
204 516 1
204 611 1
204 813 1
204 991 1
205 1752 1
2061 2975 1
206 1438 1
206 1988 1
2065 2065 1
2065 2123 1
2065 2124 1
2065 2276 1
2065 2511 1
2065 2520 1
2065 2653 1
2065 2746 1
2065 2903 1
2065 2904 1
2065 4143 1
2065 4162 1
2065 4767 1
2065 4768 1
2065 4882 1
2065 4971 1
206 566 1
2069 3412 1
208 369 1
2087 2513 1
2093 2550 1
2093 2871 1
2095 2846 1
2095 3420 1
2100 2907 1
2101 2907 1
2 1042 1
2 106 1
21 1018 1
21 103 1
21 1042 1
21 111 1
21 1167 1
21 1190 1
21 1199 1
21 1200 1
21 1201 1
21 1315 1
21 1336 1
21 147 1
21 1484 1
21 1494 1
21 1570 1
21 163 1
21 165 1
21 1656 1
21 1658 1
21 1660 1
21 1662 1
21 1672 1
21 1679 1
21 168 1
21 170 1
21 1710 1
2117 2259 1
2117 3169 1
21 174 1
21 1789 1
21 1826 1
21 1865 1
21 188 1
21 2007 1
21 203 1
2120 3023 1
2120 3353 1
2120 4912 1
21 2060 1
21 208 1
21 21 1
21 2117 1
212 1190 1
21 212 1
212 1201 1
21 214 1
212 1429 1
21 2165 1
212 1658 1
212 1660 1
21 2189 1
21 2195 1
212 1978 1
21 2198 1
212 214 1
21 226 1
21 229 1
21 2297 1
212 303 1
21 233 1
212 3414 1
21 2383 1
212 386 1
21 2424 1
21 2486 1
212 5203 1
2126 4965 1
21 2724 1
21 2752 1
21 2898 1
21 29 1
2129 5030 1
21 30 1
21 303 1
21 304 1
21 305 1
21 31 1
21 3117 1
213 1565 1
21 3209 1
213 230 1
21 3233 1
21 3238 1
213 2513 1
21 3331 1
21 3528 1
21 3542 1
21 381 1
21 386 1
214 3414 1
21 440 1
21 4625 1
21 4763 1
21 4865 1
21 4925 1
21 4974 1
21 4988 1
2 15 1
21 5003 1
21 5012 1
21 5013 1
21 5049 1
21 5055 1
21 508 1
21 5114 1
21 5148 1
21 5189 1
21 53 1
21 532 1
2153 2156 1
2153 2404 1
2153 3156 1
2153 5117 1
2153 5118 1
21 536 1
2156 4732 1
21 571 1
2158 2614 1
2158 2679 1
2158 3082 1
21 585 1
2 16 1
21 604 1
216 1130 1
216 1162 1
216 1201 1
216 1260 1
216 1284 1
216 1587 1
216 1608 1
216 1657 1
216 1962 1
216 2113 1
216 2342 1
216 2373 1
216 2377 1
216 243 1
216 2450 1
21 629 1
216 338 1
216 340 1
216 3419 1
216 344 1
216 346 1
216 349 1
216 358 1
216 359 1
216 361 1
216 384 1
216 426 1
216 433 1
216 4454 1
216 4730 1
216 4870 1
216 5177 1
2165 4664 1
216 566 1
216 567 1
216 597 1
21 68 1
21 691 1
21 702 1
2171 2172 1
2171 2174 1
2171 2177 1
2171 2179 1
21 726 1
21 752 1
2175 2228 1
21 760 1
21 762 1
2 1769 1
21 771 1
21 785 1
21 79 1
218 1398 1
218 1944 1
21 82 1
21 824 1
218 3384 1
2183 4359 1
21 848 1
218 510 1
2186 2186 1
2186 2520 1
2186 2618 1
2186 2774 1
2186 3197 1
2 1865 1
21 879 1
21 891 1
21 897 1
21 92 1
21 94 1
2 195 1
2195 2383 1
21 959 1
21 96 1
21 980 1
2 1996 1
2 2 1
2204 2676 1
2204 5009 1
2204 5029 1
2205 2621 1
2205 3020 1
2 208 1
2 2132 1
2216 2314 1
2 2195 1
222 1590 1
222 252 1
222 3292 1
222 470 1
222 5035 1
2 2262 1
2227 3497 1
2228 2290 1
2 23 1
2 2336 1
2236 5011 1
2236 5118 1
2 243 1
2 2500 1
2253 4047 1
2259 2357 1
2259 2384 1
2259 3290 1
226 1660 1
226 3384 1
2 27 1
2271 2368 1
2274 2907 1
2276 2520 1
2276 3293 1
2276 3295 1
2276 4768 1
2 2772 1
228 2546 1
2290 2698 1
2290 5144 1
2294 2619 1
2 3 1
230 1565 1
230 2801 1
230 5119 1
2306 2406 1
230 668 1
230 696 1
2 3093 1
230 933 1
230 968 1
23 1339 1
23 1362 1
23 1407 1
23 1410 1
23 1412 1
2314 2314 1
2314 2674 1
231 5027 1
23 1548 1
23 1553 1
23 1565 1
23 1580 1
23 1944 1
23 195 1
23 2145 1
2 3217 1
23 2236 1
23 2240 1
23 2241 1
23 2242 1
23 2243 1
23 2244 1
23 2498 1
2325 4996 1
23 257 1
23 2737 1
23 2747 1
2331 2520 1
23 3264 1
23 3271 1
23 3430 1
23 3512 1
23 4012 1
23 4092 1
23 4151 1
2342 2374 1
2342 2413 1
23 4257 1
23 435 1
23 4422 1
23 479 1
23 5136 1
23 5137 1
2352 4599 1
2355 5124 1
2357 5053 1
2357 5054 1
2365 4987 1
23 675 1
2 369 1
2378 2602 1
2378 5199 1
2379 3202 1
23 830 1
23 879 1
2393 3766 1
2 4 1
240 2545 1
2408 2509 1
241 4281 1
241 4994 1
241 741 1
2429 2954 1
2429 3276 1
2429 5191 1
243 1031 1
243 1080 1
243 1130 1
243 1176 1
243 1177 1
243 1260 1
243 1339 1
243 1364 1
243 1367 1
243 1371 1
243 1595 1
243 1616 1
243 1640 1
243 1641 1
243 1642 1
243 1785 1
243 1798 1
243 1803 1
243 1808 1
243 1812 1
243 1962 1
243 2242 1
243 2326 1
243 2409 1
243 252 1
243 253 1
243 2802 1
243 2893 1
243 295 1
243 3198 1
243 328 1
243 368 1
243 369 1
243 375 1
243 4092 1
243 4119 1
243 4144 1
243 4151 1
243 4287 1
243 479 1
243 485 1
243 5018 1
243 510 1
243 536 1
243 567 1
243 581 1
243 595 1
243 598 1
243 611 1
243 658 1
243 720 1
243 882 1
243 983 1
243 991 1
2 440 1
244 1061 1
244 426 1
244 5030 1
244 5107 1
2463 4957 1
246 799 1
247 1209 1
247 1285 1
247 248 1
247 307 1
247 3147 1
247 379 1
2476 3272 1
248 1171 1
248 1172 1
248 1174 1
248 1209 1
248 1218 1
248 1285 1
248 1652 1
248 1661 1
248 1772 1
248 1775 1
248 1776 1
248 1906 1
248 1959 1
248 2010 1
248 2314 1
248 254 1
248 257 1
248 258 1
248 2723 1
248 2728 1
248 2731 1
248 307 1
248 3147 1
248 376 1
248 379 1
248 3952 1
2 484 1
248 428 1
248 4284 1
248 441 1
248 4641 1
248 4643 1
248 5002 1
248 5015 1
248 646 1
248 666 1
248 749 1
248 828 1
2 5 1
250 1166 1
250 1385 1
250 1476 1
250 1623 1
250 1993 1
250 2001 1
250 2292 1
250 3220 1
250 598 1
250 625 1
2511 4143 1
2 5126 1
2 5127 1
2 5128 1
251 443 1
2520 2774 1
2520 2902 1
2520 2961 1
2520 4970 1
2520 4971 1
2520 4972 1
2520 4973 1
252 1642 1
252 1960 1
252 2204 1
252 2436 1
252 253 1
252 267 1
252 2676 1
252 3292 1
252 366 1
252 368 1
252 369 1
252 373 1
252 375 1
252 4266 1
252 460 1
252 467 1
252 469 1
252 590 1
252 648 1
252 682 1
252 688 1
252 809 1
252 872 1
253 1385 1
253 1475 1
253 1624 1
253 3049 1
253 3197 1
253 366 1
2 534 1
253 443 1
253 445 1
253 469 1
253 590 1
2 536 1
253 656 1
253 682 1
253 809 1
253 875 1
253 878 1
2 539 1
253 945 1
254 1575 1
254 1775 1
254 1944 1
254 2346 1
254 257 1
254 2723 1
254 2731 1
254 3147 1
254 315 1
254 428 1
254 4717 1
2549 2550 1
2 55 1
2550 4980 1
255 1944 1
255 2020 1
255 2259 1
2553 4980 1
256 1246 1
256 259 1
256 327 1
2 57 1
257 1669 1
257 2104 1
257 259 1
257 425 1
257 438 1
257 510 1
258 1772 1
2 583 1
2 589 1
259 1102 1
259 1240 1
259 1242 1
259 1245 1
259 1246 1
259 1247 1
259 1248 1
259 1250 1
259 1772 1
259 1877 1
259 1988 1
259 2080 1
259 2390 1
259 262 1
259 2720 1
259 2739 1
259 2844 1
259 3073 1
259 327 1
259 425 1
259 450 1
259 4569 1
259 5050 1
259 5051 1
259 545 1
2 6 1
2 611 1
262 327 1
2629 5036 1
264 1072 1
264 2093 1
264 281 1
264 4144 1
265 327 1
265 4969 1
265 694 1
2 658 1
266 1753 1
266 1867 1
266 2374 1
266 3671 1
266 3708 1
266 3709 1
266 3782 1
266 4325 1
266 4533 1
266 5034 1
266 532 1
266 766 1
266 936 1
267 1982 1
2673 4047 1
2676 5087 1
2683 5017 1
2683 5160 1
2685 5173 1
2 687 1
269 307 1
269 449 1
2711 3393 1
271 2347 1
271 280 1
271 4912 1
271 518 1
2715 4047 1
27 201 1
272 1425 1
27 223 1
272 2384 1
272 3727 1
27 2509 1
272 510 1
27 252 1
272 620 1
273 1425 1
273 2117 1
27 33 1
273 510 1
274 1053 1
274 2259 1
274 3471 1
274 369 1
274 651 1
27 5007 1
2763 4667 1
2 766 1
2 767 1
2770 2771 1
2 775 1
27 897 1
279 2448 1
279 313 1
279 371 1
27 979 1
280 1117 1
280 1229 1
280 1265 1
280 1316 1
280 1343 1
280 1365 1
280 1417 1
280 1441 1
280 1462 1
280 1529 1
280 1542 1
280 1596 1
280 1603 1
280 1653 1
280 1742 1
280 1808 1
280 1856 1
280 1910 1
280 1962 1
280 2030 1
280 2283 1
280 2347 1
280 2408 1
280 2741 1
280 280 1
280 282 1
280 2913 1
280 3076 1
280 313 1
280 3140 1
280 328 1
280 3471 1
280 3497 1
280 3703 1
280 371 1
280 4099 1
280 4418 1
280 465 1
280 4839 1
280 487 1
280 493 1
280 4965 1
280 5064 1
280 5108 1
280 513 1
280 5134 1
280 516 1
280 517 1
280 518 1
280 5180 1
280 585 1
280 611 1
280 620 1
280 623 1
280 644 1
280 651 1
280 688 1
280 689 1
280 693 1
280 694 1
280 721 1
280 850 1
280 878 1
280 880 1
280 897 1
281 1065 1
281 1072 1
281 1074 1
281 1098 1
281 1143 1
281 1460 1
281 1618 1
281 1620 1
281 1621 1
281 1627 1
281 1730 1
281 1742 1
281 1903 1
281 2093 1
281 2304 1
281 2549 1
281 2550 1
281 2553 1
281 2741 1
281 283 1
281 2871 1
2 813 1
281 310 1
281 368 1
281 3686 1
2814 3196 1
281 4977 1
281 4979 1
281 4980 1
281 4981 1
281 4982 1
281 4983 1
281 542 1
281 794 1
2820 2846 1
282 1529 1
282 5180 1
2 826 1
283 283 1
285 1083 1
285 1565 1
285 2404 1
285 4908 1
2861 2862 1
2861 5052 1
2881 5123 1
2 888 1
2890 5123 1
2902 2903 1
29 103 1
2913 2942 1
2916 2917 1
2916 2918 1
2916 2919 1
29 2189 1
29 3328 1
29 3413 1
29 4974 1
296 1168 1
29 68 1
29 784 1
2979 4564 1
2979 4565 1
29 82 1
299 2383 1
303 1658 1
303 1660 1
303 386 1
304 1357 1
304 1656 1
304 305 1
304 571 1
305 1039 1
305 1048 1
305 1096 1
305 1167 1
305 1200 1
305 1336 1
305 1337 1
305 1656 1
305 2053 1
305 2165 1
305 3528 1
305 5097 1
305 771 1
307 1209 1
307 1458 1
307 1775 1
307 1776 1
307 3147 1
307 315 1
307 428 1
307 599 1
308 2314 1
308 449 1
309 2104 1
3096 4378 1
310 1072 1
310 1565 1
310 1903 1
310 2093 1
310 2513 1
3107 5011 1
31 106 1
31 1662 1
311 726 1
31 2444 1
312 702 1
31 3082 1
3 138 1
315 1174 1
315 1775 1
3 1569 1
3 1570 1
316 2314 1
316 327 1
3 1662 1
3 168 1
3 17 1
317 1944 1
317 2314 1
317 2740 1
317 334 1
317 430 1
3 1865 1
31 98 1
3202 5170 1
3 2082 1
3 21 1
3 215 1
3 2189 1
3 2195 1
3 230 1
32 33 1
326 1438 1
327 1135 1
327 1246 1
327 1511 1
327 1683 1
327 1684 1
327 1685 1
327 1686 1
327 1782 1
327 1783 1
327 1877 1
3272 3273 1
327 2725 1
327 2739 1
327 2741 1
327 2742 1
327 3073 1
327 3333 1
327 3334 1
327 384 1
327 424 1
327 425 1
327 450 1
327 5153 1
327 5154 1
3 2772 1
328 369 1
328 510 1
328 611 1
328 813 1
3 29 1
3293 4634 1
330 1705 1
330 350 1
330 5002 1
33 1045 1
33 1064 1
331 1228 1
331 1415 1
331 1629 1
331 2005 1
33 1303 1
331 3052 1
33 1372 1
33 139 1
33 1428 1
33 1437 1
33 1475 1
331 4999 1
33 158 1
33 1624 1
33 1664 1
33 1676 1
33 1677 1
33 179 1
33 1859 1
33 1896 1
33 195 1
33 1979 1
33 1981 1
33 1986 1
33 201 1
3 3209 1
33 2133 1
33 2155 1
33 2186 1
33 222 1
33 2276 1
33 2325 1
33 2397 1
33 2429 1
33 252 1
33 253 1
33 266 1
33 2759 1
33 2890 1
33 2954 1
33 3132 1
3331 4944 1
33 3197 1
33 3295 1
33 33 1
33 34 1
33 35 1
33 366 1
33 368 1
33 373 1
33 3748 1
33 375 1
33 388 1
334 1142 1
334 1151 1
33 4133 1
334 1635 1
334 1636 1
33 43 1
334 364 1
33 443 1
33 444 1
33 445 1
33 457 1
33 4587 1
33 4634 1
33 469 1
33 470 1
33 5026 1
33 5034 1
33 5066 1
33 5067 1
33 5068 1
33 5069 1
33 524 1
33 590 1
33 648 1
33 656 1
33 682 1
33 688 1
337 364 1
33 809 1
338 1587 1
33 872 1
33 895 1
33 897 1
33 980 1
33 995 1
340 1146 1
340 3419 1
3404 3405 1
3404 3406 1
3404 3407 1
34 1045 1
3412 5089 1
341 2740 1
341 430 1
34 266 1
343 2740 1
34 34 1
343 430 1
34 35 1
344 1130 1
344 1154 1
344 1200 1
344 1371 1
344 1568 1
344 1640 1
344 1730 1
344 1801 1
344 1803 1
344 1878 1
344 1949 1
344 1978 1
344 2474 1
344 369 1
344 4730 1
344 4870 1
344 5063 1
344 611 1
34 469 1
344 798 1
344 991 1
346 1130 1
346 1909 1
34 682 1
34 809 1
34 872 1
349 1162 1
349 2113 1
3 4963 1
3 4964 1
350 1001 1
350 2053 1
35 1624 1
35 179 1
35 201 1
35 2186 1
352 1889 1
352 2820 1
35 2333 1
352 3419 1
35 2445 1
35 252 1
35 253 1
35 266 1
35 3292 1
35 3295 1
353 4936 1
3 536 1
35 375 1
35 4271 1
35 444 1
35 469 1
3 55 1
35 5034 1
35 590 1
3563 4199 1
356 4641 1
35 682 1
357 364 1
35 809 1
3584 4898 1
3584 5004 1
35 872 1
3599 4966 1
35 995 1
360 2740 1
360 510 1
360 677 1
361 3462 1
3613 4667 1
361 384 1
3 621 1
364 1131 1
366 2186 1
366 2204 1
366 3292 1
366 469 1
366 809 1
368 1065 1
368 1437 1
368 2065 1
368 2186 1
368 369 1
368 469 1
369 1130 1
369 1228 1
369 1307 1
369 1310 1
369 1315 1
369 1339 1
369 1417 1
369 1758 1
369 1878 1
369 1897 1
369 2012 1
369 2110 1
369 2752 1
369 2802 1
369 375 1
369 426 1
369 477 1
369 479 1
369 483 1
369 5090 1
369 510 1
369 536 1
369 567 1
369 595 1
369 611 1
369 619 1
369 623 1
369 755 1
369 798 1
369 850 1
369 882 1
369 991 1
370 371 1
3711 5059 1
371 493 1
371 518 1
371 694 1
3727 4732 1
373 1290 1
373 1923 1
3738 4200 1
374 1772 1
3 751 1
375 1339 1
375 1681 1
375 1756 1
375 1933 1
375 2186 1
375 2319 1
375 2331 1
375 2481 1
375 3048 1
375 4555 1
375 469 1
375 567 1
375 897 1
376 1776 1
376 1969 1
376 430 1
376 450 1
376 646 1
3766 4642 1
3766 4991 1
379 1209 1
379 1775 1
38 123 1
38 39 1
384 1425 1
385 2189 1
385 611 1
386 1660 1
386 1662 1
386 1770 1
386 1826 1
386 1889 1
386 2879 1
386 2935 1
386 496 1
386 891 1
387 4641 1
3882 4422 1
389 1201 1
389 1529 1
389 1660 1
389 510 1
39 1111 1
39 2093 1
39 2907 1
39 4093 1
394 1776 1
394 3429 1
39 5109 1
39 5110 1
39 5111 1
39 5112 1
398 611 1
398 813 1
400 1212 1
400 1215 1
400 1217 1
400 1729 1
400 1857 1
400 1860 1
400 2171 1
400 2271 1
400 2418 1
400 2781 1
400 2845 1
400 3386 1
400 3732 1
400 3798 1
400 3805 1
400 403 1
400 404 1
400 405 1
400 407 1
400 409 1
400 411 1
400 412 1
400 413 1
400 416 1
400 4197 1
400 4297 1
400 4677 1
400 470 1
400 473 1
400 474 1
400 4899 1
400 5028 1
400 5032 1
400 511 1
400 519 1
400 583 1
400 661 1
400 958 1
403 1737 1
403 1739 1
403 2181 1
403 789 1
403 958 1
4041 4976 1
4047 4194 1
4047 4578 1
405 3386 1
405 413 1
405 511 1
407 663 1
4077 5065 1
4092 5011 1
4099 5180 1
4 106 1
4 108 1
412 2035 1
412 2037 1
412 2175 1
4 124 1
4 1267 1
413 1212 1
413 1215 1
413 1623 1
413 3386 1
413 416 1
413 511 1
413 663 1
41 400 1
4143 4765 1
41 473 1
41 525 1
4 1565 1
416 1294 1
416 1295 1
416 1623 1
416 1819 1
416 2271 1
416 2955 1
416 3847 1
4 1643 1
416 472 1
420 2761 1
422 1669 1
4 2283 1
4 230 1
424 1209 1
424 425 1
425 1264 1
4257 5118 1
426 1568 1
426 5056 1
426 798 1
428 1776 1
428 1909 1
428 4643 1
429 4641 1
430 1259 1
430 1435 1
430 1448 1
430 1715 1
430 1756 1
430 1969 1
430 2314 1
430 2625 1
430 4753 1
430 567 1
43 139 1
43 1513 1
43 158 1
43 1606 1
43 1739 1
43 2171 1
43 403 1
43 413 1
435 1031 1
435 1661 1
43 519 1
435 4389 1
43 663 1
43 664 1
43 694 1
438 465 1
43 958 1
441 1770 1
441 1906 1
441 2216 1
441 442 1
441 968 1
442 1118 1
442 1130 1
442 2619 1
442 762 1
442 799 1
443 1572 1
443 1579 1
443 1798 1
443 1808 1
443 2509 1
443 2900 1
443 656 1
443 809 1
4439 4439 1
444 469 1
444 681 1
445 1986 1
445 2133 1
445 2759 1
445 3197 1
445 524 1
449 1487 1
449 1776 1
450 1723 1
450 1772 1
450 450 1
450 4936 1
452 980 1
4 536 1
456 1772 1
457 1986 1
457 470 1
459 1568 1
459 1629 1
459 2648 1
459 3660 1
459 5106 1
460 870 1
4625 4809 1
463 1213 1
463 1831 1
463 2649 1
463 2673 1
463 2749 1
463 2828 1
463 3046 1
463 3226 1
463 3296 1
463 3358 1
463 4615 1
465 4311 1
465 516 1
466 1386 1
466 590 1
466 897 1
467 2187 1
468 477 1
468 598 1
468 750 1
469 1303 1
469 1581 1
469 1676 1
469 1677 1
469 1682 1
469 1759 1
469 1825 1
469 1994 1
469 2436 1
469 2444 1
469 3220 1
469 3224 1
469 3225 1
469 3756 1
469 5132 1
469 590 1
469 615 1
469 720 1
469 747 1
469 809 1
470 1222 1
470 2306 1
470 5129 1
470 538 1
4711 5058 1
471 1662 1
473 1623 1
473 3296 1
475 1162 1
4763 4944 1
4765 4768 1
4768 4971 1
4768 5008 1
4768 5115 1
477 1094 1
477 1166 1
477 2168 1
477 2352 1
477 505 1
477 611 1
477 897 1
4 79 1
479 5118 1
479 5173 1
479 813 1
4 799 1
4808 4996 1
4822 5017 1
483 991 1
484 1662 1
4865 4944 1
487 5173 1
489 1834 1
493 1102 1
493 3669 1
4936 5060 1
495 1326 1
495 1328 1
495 1329 1
495 1331 1
495 1956 1
495 2049 1
495 2050 1
495 2051 1
495 3009 1
495 3200 1
495 5093 1
4976 4976 1
5012 5013 1
501 2805 1
5013 5147 1
5013 5148 1
501 882 1
502 1776 1
5030 5031 1
503 1773 1
505 598 1
5081 5082 1
5081 5083 1
5094 5095 1
5094 5096 1
510 1115 1
510 1221 1
510 1255 1
510 1339 1
510 1398 1
510 1425 1
510 1464 1
510 1466 1
510 1467 1
510 1484 1
510 1524 1
510 1652 1
510 1698 1
510 1699 1
510 1747 1
510 1765 1
510 1855 1
510 1944 1
510 1959 1
510 1962 1
510 1964 1
510 1988 1
510 2020 1
510 2153 1
510 2213 1
510 2259 1
510 2323 1
510 2342 1
510 2357 1
510 2359 1
510 2430 1
510 2599 1
510 2737 1
510 2741 1
510 3169 1
510 3257 1
510 3290 1
510 3399 1
5103 5104 1
510 3544 1
510 3639 1
510 4153 1
510 4330 1
510 5005 1
510 5061 1
510 5142 1
510 5167 1
510 5168 1
510 552 1
510 595 1
510 607 1
510 611 1
510 614 1
510 615 1
510 616 1
510 618 1
510 619 1
510 620 1
510 621 1
510 676 1
510 798 1
5 108 1
510 813 1
510 819 1
510 848 1
510 980 1
511 1215 1
511 2171 1
511 511 1
51 1865 1
5120 5121 1
513 1343 1
513 3288 1
513 516 1
513 517 1
513 693 1
514 1642 1
514 2012 1
514 2068 1
514 611 1
514 813 1
5 1565 1
5 16 1
516 2654 1
516 3495 1
5 165 1
516 517 1
517 1109 1
517 1117 1
517 1316 1
517 1529 1
517 1542 1
517 1910 1
517 2227 1
517 2913 1
517 3049 1
517 4319 1
517 5179 1
517 518 1
517 5180 1
518 1229 1
518 1499 1
518 1548 1
518 1653 1
518 2283 1
518 5180 1
518 651 1
518 694 1
519 1737 1
519 958 1
5 203 1
5 21 1
52 106 1
52 1658 1
52 1662 1
5 2195 1
52 213 1
5 230 1
5 2336 1
524 3197 1
52 770 1
5 2805 1
528 1773 1
5 2820 1
5 29 1
53 106 1
532 1662 1
532 1899 1
532 773 1
534 1187 1
534 1565 1
534 1769 1
534 1906 1
534 2076 1
53 469 1
536 1042 1
536 1642 1
536 542 1
536 767 1
536 826 1
536 888 1
536 933 1
536 968 1
538 2259 1
53 824 1
538 2408 1
538 611 1
538 651 1
540 2259 1
540 651 1
540 813 1
541 5173 1
541 750 1
542 1072 1
542 1460 1
542 1565 1
542 2283 1
542 2513 1
5 441 1
5 442 1
55 1565 1
55 162 1
552 1524 1
552 2020 1
552 2153 1
552 2259 1
552 2430 1
55 2500 1
552 611 1
552 813 1
5 536 1
55 435 1
55 741 1
557 558 1
557 559 1
557 560 1
562 5044 1
562 5143 1
566 1130 1
566 1323 1
566 1433 1
566 1521 1
566 1750 1
566 2165 1
566 3134 1
567 1130 1
567 1246 1
567 1315 1
567 1398 1
567 1435 1
567 1438 1
567 1677 1
567 1682 1
567 1965 1
567 2104 1
567 2254 1
567 2257 1
567 2735 1
567 4730 1
567 4870 1
567 5151 1
567 5152 1
567 850 1
570 5146 1
571 1167 1
571 1200 1
571 2165 1
57 389 1
5 784 1
5 79 1
581 1565 1
581 4985 1
581 765 1
583 1570 1
583 2611 1
583 2612 1
583 4992 1
585 1765 1
585 2996 1
5 856 1
585 611 1
585 813 1
588 715 1
588 747 1
589 1899 1
590 1427 1
590 1428 1
590 2204 1
590 2485 1
595 611 1
595 798 1
5 98 1
598 1024 1
598 1094 1
598 2168 1
598 2352 1
598 813 1
599 1704 1
599 2216 1
602 1037 1
602 1463 1
602 3433 1
602 604 1
604 1037 1
604 1167 1
604 1452 1
604 1463 1
604 1947 1
604 2319 1
604 2711 1
604 2712 1
604 3308 1
604 4967 1
604 4995 1
604 5010 1
604 696 1
604 980 1
607 1408 1
607 1669 1
607 1889 1
609 1202 1
609 1203 1
609 1204 1
6 1049 1
611 1008 1
611 1016 1
611 1240 1
611 1310 1
611 1315 1
611 1316 1
611 1382 1
611 1503 1
611 1631 1
611 1642 1
611 1690 1
611 1747 1
611 1883 1
611 1952 1
611 1962 1
611 1963 1
611 1965 1
611 1989 1
611 1991 1
611 1992 1
611 2006 1
611 2030 1
611 2126 1
611 2249 1
611 2261 1
611 2266 1
611 2273 1
611 2333 1
611 2359 1
611 2408 1
611 2450 1
611 2485 1
611 2628 1
611 2671 1
611 2682 1
611 2683 1
611 2741 1
611 2754 1
611 2979 1
611 2980 1
611 2983 1
611 2990 1
611 2991 1
611 2992 1
611 2996 1
611 3075 1
611 3287 1
611 3868 1
611 4337 1
611 4549 1
611 4718 1
611 4741 1
611 5070 1
611 5071 1
611 5072 1
611 5073 1
611 5074 1
611 5075 1
611 5076 1
611 5077 1
611 5078 1
611 5079 1
611 5080 1
611 658 1
611 687 1
611 689 1
611 691 1
611 704 1
611 705 1
611 756 1
611 798 1
611 813 1
611 882 1
611 897 1
611 991 1
6 14 1
6 15 1
615 2020 1
615 677 1
6 1658 1
6 1660 1
6 1662 1
6 17 1
6 181 1
618 1425 1
618 2020 1
6 1865 1
619 5107 1
619 880 1
620 2153 1
620 676 1
6 21 1
621 1944 1
6 212 1
621 2992 1
625 2403 1
6 2619 1
629 2198 1
6 2935 1
6 31 1
640 1986 1
640 3197 1
644 1529 1
644 694 1
646 1772 1
646 3147 1
646 4643 1
648 1385 1
648 1584 1
648 1599 1
648 2186 1
648 809 1
648 897 1
651 1288 1
651 4456 1
651 4559 1
651 4912 1
651 689 1
651 694 1
653 1083 1
654 682 1
6 570 1
6 571 1
658 1166 1
6 597 1
661 663 1
663 1294 1
663 1606 1
6 639 1
663 958 1
664 1606 1
664 1737 1
664 2171 1
676 1464 1
677 1988 1
677 882 1
68 1484 1
6 82 1
682 850 1
682 872 1
684 1209 1
684 1285 1
684 1776 1
68 775 1
687 813 1
68 813 1
688 1303 1
688 2485 1
68 848 1
689 4337 1
6 92 1
693 2913 1
694 1405 1
694 1499 1
694 1653 1
694 1856 1
694 5180 1
697 2109 1
697 4086 1
698 1918 1
698 5133 1
702 2619 1
703 879 1
705 991 1
714 2429 1
715 1000 1
715 824 1
718 813 1
719 813 1
720 1933 1
721 2347 1
72 327 1
73 1051 1
73 1130 1
73 1131 1
73 1136 1
73 1137 1
73 1141 1
73 1142 1
73 1143 1
73 1144 1
73 1146 1
73 1150 1
73 1151 1
73 1155 1
73 1252 1
73 1568 1
73 1587 1
73 1657 1
73 1718 1
73 1719 1
73 1721 1
73 1724 1
73 1727 1
73 1791 1
73 1827 1
73 2140 1
73 216 1
73 2660 1
73 2674 1
73 3246 1
73 325 1
73 334 1
73 335 1
73 337 1
73 338 1
73 340 1
73 341 1
73 3419 1
73 346 1
73 348 1
73 349 1
73 3503 1
73 352 1
73 357 1
73 358 1
73 359 1
73 364 1
73 365 1
73 5000 1
73 613 1
737 1986 1
73 75 1
73 869 1
73 952 1
73 980 1
739 813 1
741 1662 1
747 4996 1
749 1118 1
749 1652 1
749 1770 1
749 1906 1
750 2001 1
751 933 1
751 968 1
760 2053 1
760 3528 1
76 1282 1
76 1323 1
76 1370 1
76 1685 1
76 1698 1
76 1706 1
76 1731 1
76 1782 1
76 1783 1
76 1790 1
76 1944 1
76 1988 1
762 1118 1
762 1662 1
762 5013 1
76 2527 1
76 2539 1
76 2556 1
76 259 1
76 2639 1
76 2735 1
76 2739 1
76 2857 1
76 3073 1
763 1015 1
76 327 1
76 3705 1
76 381 1
76 421 1
76 4645 1
76 5016 1
765 1565 1
76 819 1
76 87 1
76 989 1
773 1080 1
775 3209 1
781 1444 1
784 3412 1
784 4809 1
789 1737 1
790 1737 1
790 2181 1
79 1099 1
79 1201 1
79 1371 1
79 144 1
79 146 1
79 1511 1
79 1661 1
79 168 1
79 195 1
79 203 1
79 2113 1
79 2326 1
79 2746 1
79 2750 1
79 2772 1
79 3064 1
79 3884 1
79 389 1
79 4186 1
79 4281 1
79 433 1
79 441 1
79 442 1
79 450 1
79 4640 1
79 474 1
79 4889 1
79 5027 1
79 532 1
79 589 1
79 646 1
79 720 1
79 742 1
79 799 1
798 1188 1
798 1339 1
798 1641 1
798 1819 1
798 5190 1
79 856 1
79 869 1
79 96 1
79 98 1
809 1676 1
809 1960 1
809 995 1
81 1690 1
81 243 1
813 1016 1
813 1058 1
813 1061 1
813 1479 1
813 1503 1
813 1595 1
813 1661 1
813 1690 1
813 1747 1
813 1808 1
813 2084 1
813 2153 1
813 2191 1
813 2261 1
813 2273 1
813 2683 1
813 2848 1
813 2996 1
813 3154 1
813 3285 1
813 3926 1
813 4848 1
813 5092 1
813 5139 1
813 5140 1
813 833 1
813 985 1
814 2020 1
814 882 1
819 1398 1
819 2020 1
8 21 1
82 1049 1
82 2368 1
82 3226 1
82 400 1
82 411 1
824 2319 1
82 784 1
830 4422 1
83 216 1
83 2213 1
84 216 1
847 5173 1
848 1585 1
848 1603 1
849 1889 1
849 1959 1
850 1529 1
850 1785 1
850 3478 1
85 124 1
85 1267 1
8 611 1
866 1656 1
866 3528 1
870 2676 1
870 4266 1
872 1292 1
872 1325 1
872 5034 1
872 5165 1
872 954 1
872 988 1
87 327 1
875 1321 1
875 2352 1
878 1462 1
879 2486 1
879 3209 1
880 4822 1
882 1388 1
882 1556 1
882 1765 1
882 2403 1
882 2408 1
882 2695 1
882 2805 1
882 3049 1
882 3322 1
882 3357 1
882 4012 1
882 882 1
88 5059 1
891 1565 1
891 1810 1
891 2095 1
891 2383 1
891 2755 1
89 1339 1
891 3420 1
891 3759 1
89 1565 1
89 1785 1
89 195 1
89 201 1
89 216 1
89 243 1
89 581 1
897 1166 1
897 1385 1
897 1599 1
897 1834 1
897 2219 1
897 2408 1
89 798 1
900 3196 1
90 1339 1
90 1715 1
90 3975 1
90 688 1
910 5057 1
92 1130 1
92 1203 1
92 400 1
92 5019 1
92 5020 1
92 5021 1
92 5022 1
92 5023 1
928 2401 1
928 988 1
929 2183 1
929 5059 1
92 991 1
933 2082 1
936 2676 1
936 2788 1
936 5091 1
94 1042 1
941 2351 1
941 2975 1
94 206 1
94 2152 1
942 2325 1
94 4763 1
94 5114 1
945 1584 1
945 1794 1
94 959 1
952 1956 1
954 2890 1
958 1215 1
958 1508 1
958 1606 1
958 1737 1
958 2105 1
958 2106 1
958 2175 1
958 2573 1
958 5105 1
959 2152 1
96 203 1
96 361 1
96 4186 1
968 2082 1
968 2772 1
96 914 1
96 98 1
9 705 1
97 1042 1
97 1565 1
97 773 1
980 1092 1
980 1117 1
980 1154 1
980 1165 1
980 1258 1
980 1565 1
980 1678 1
980 1737 1
980 1891 1
980 1933 1
980 2169 1
980 2470 1
980 2573 1
980 4682 1
980 5149 1
98 1099 1
98 1139 1
98 1146 1
98 1193 1
98 1201 1
98 124 1
98 138 1
98 147 1
98 1511 1
98 1826 1
98 203 1
98 2113 1
98 230 1
98 2377 1
98 2475 1
98 3031 1
98 3211 1
98 5013 1
98 5025 1
98 536 1
98 646 1
98 715 1
988 2325 1
98 824 1
988 2890 1
98 98 1
991 1102 1
991 1240 1
991 1282 1
991 1315 1
991 1316 1
991 1317 1
991 1318 1
991 1339 1
991 1435 1
991 1568 1
991 1659 1
991 1770 1
991 1812 1
991 1998 1
991 2008 1
991 2104 1
991 2219 1
991 2301 1
991 2368 1
991 5063 1
991 5088 1
991 991 1
993 1986 1
993 3197 1
995 1624 1
995 2277 1
995 3292 1
998 1662 1
