1000 1565 1
100 2430 1
100 3410 1
1008 1302 1
1008 1554 1
1008 2502 1
1008 2794 1
1009 4673 1
1013 1834 1
1013 2168 1
1015 1520 1
1015 1899 1
1015 2127 1
1015 2145 1
1015 2845 1
1015 3250 1
1015 3296 1
1015 3805 1
1015 4378 1
1015 4688 1
1015 4689 1
1018 1658 1
1018 1660 1
1018 3200 1
1018 3645 1
1031 1642 1
1031 2242 1
103 2198 1
103 2757 1
103 3117 1
1038 1463 1
1038 2317 1
1039 1705 1
103 967 1
1042 1296 1
1042 1315 1
1047 1047 1
1048 1705 1
1049 1315 1
105 1031 1
105 1061 1
105 1166 1
105 1412 1
105 1623 1
105 1642 1
105 1982 1
105 199 1
105 201 1
105 2070 1
105 243 1
105 2886 1
105 3220 1
105 328 1
1053 3836 1
1053 4589 1
105 3547 1
105 369 1
105 373 1
105 3870 1
105 398 1
105 4018 1
105 453 1
105 4680 1
105 4798 1
105 4799 1
105 487 1
105 4894 1
105 514 1
105 648 1
105 687 1
105 880 1
105 917 1
106 106 1
106 107 1
106 108 1
106 1190 1
106 1227 1
106 1570 1
106 160 1
106 208 1
106 2247 1
106 2283 1
106 2313 1
106 2424 1
106 2511 1
106 252 1
106 2645 1
106 2961 1
106 299 1
106 3225 1
106 375 1
106 420 1
1064 3592 1
106 4687 1
1065 1246 1
1065 1303 1
1065 1565 1
1065 1619 1
1065 2108 1
1065 2846 1
1065 3096 1
1065 3097 1
1065 3420 1
106 536 1
106 714 1
1068 2117 1
106 824 1
1068 2714 1
1068 3597 1
1068 4653 1
106 891 1
107 107 1
107 174 1
107 1865 1
1072 1074 1
1072 1565 1
1072 1627 1
1072 1730 1
1072 2093 1
1072 2549 1
1072 2550 1
1072 2553 1
1073 4804 1
107 420 1
1074 2871 1
1074 2911 1
1076 4831 1
1078 1619 1
1078 2846 1
1080 2070 1
1080 2303 1
1080 2351 1
108 1065 1
108 108 1
108 110 1
108 1742 1
108 201 1
108 243 1
108 2436 1
108 252 1
108 253 1
1083 1565 1
1083 1810 1
1083 2099 1
1083 2404 1
1083 4908 1
108 366 1
108 416 1
108 469 1
108 590 1
1099 2717 1
1 1 1
110 1053 1
110 1339 1
110 243 1
110 280 1
1 103 1
110 369 1
110 4144 1
1 1042 1
110 561 1
1 106 1
1114 1808 1
1114 2409 1
1114 2595 1
1114 2987 1
1 1166 1
1117 4581 1
1119 2434 1
1119 4323 1
1 1217 1
1 1221 1
1122 1669 1
1122 2020 1
1 1230 1
1 124 1
1130 1150 1
1130 2619 1
1130 4628 1
1131 1323 1
1131 1669 1
1131 3104 1
1 1315 1
113 1867 1
1134 2527 1
113 4690 1
113 4691 1
113 4692 1
113 4693 1
1135 1669 1
113 783 1
1 138 1
1143 1154 1
1144 2660 1
1 147 1
1 1484 1
1 15 1
1150 1150 1
115 116 1
115 1231 1
115 1232 1
1151 3419 1
115 1931 1
115 2830 1
115 2831 1
115 2833 1
115 2834 1
115 2838 1
115 2840 1
115 2862 1
115 3936 1
1154 1196 1
1154 1435 1
1154 1636 1
1154 2289 1
1154 2290 1
1154 2505 1
1154 3042 1
1154 4605 1
1154 4733 1
1154 4942 1
115 4694 1
115 4695 1
115 4696 1
115 4697 1
115 4698 1
1 1565 1
1 1570 1
1157 2429 1
115 781 1
1 16 1
1162 3419 1
1163 4733 1
1 165 1
1165 4699 1
116 562 1
1 1658 1
1 1661 1
1 1662 1
1167 1656 1
1167 2165 1
1167 3175 1
1 1679 1
1 168 1
1168 1623 1
1 17 1
1 1728 1
1 174 1
1175 1218 1
1175 1776 1
1175 2314 1
1176 2012 1
1176 4563 1
1177 1616 1
1177 2012 1
1177 2336 1
1177 2383 1
1177 2661 1
1 181 1
1185 3858 1
1 1865 1
1188 4762 1
1190 1658 1
1190 1660 1
1190 1662 1
1193 1956 1
1196 1435 1
1196 3042 1
1200 1283 1
1200 1570 1
1200 1656 1
1200 1969 1
1 2004 1
1 2016 1
1 206 1
1207 1587 1
1207 2314 1
1 208 1
1209 2314 1
1 21 1
12 124 1
1213 2749 1
1215 1819 1
1215 1860 1
1215 2171 1
1215 4720 1
1217 1651 1
1217 2165 1
1 2188 1
1 221 1
12 21 1
1221 1255 1
1221 2020 1
1221 2117 1
1228 2153 1
1 2290 1
1 23 1
1234 2861 1
1240 1242 1
1240 1245 1
1240 1248 1
1240 1250 1
1240 1718 1
1240 2606 1
1240 2607 1
1240 3186 1
1240 4569 1
1240 4601 1
124 1130 1
124 1267 1
124 127 1
124 130 1
124 131 1
124 137 1
124 138 1
124 1730 1
124 1827 1
124 187 1
124 2002 1
124 203 1
1242 1248 1
1242 1718 1
1242 2109 1
124 2216 1
1242 2606 1
1242 3771 1
124 2439 1
124 2453 1
124 2574 1
124 2619 1
124 2933 1
124 3014 1
124 3203 1
124 349 1
1244 1886 1
124 441 1
124 442 1
1244 4750 1
1244 4751 1
124 4628 1
124 4713 1
1245 1246 1
1245 1247 1
1245 2844 1
124 536 1
124 556 1
1246 1246 1
1246 1250 1
1246 1259 1
1246 1408 1
1246 1436 1
1246 1438 1
1246 1494 1
1246 1515 1
1246 1682 1
1246 1685 1
1246 1756 1
1246 1877 1
1246 1969 1
1246 2556 1
1246 3042 1
1246 4833 1
124 698 1
1247 2677 1
124 727 1
124 747 1
1247 4831 1
124 799 1
1248 2606 1
1248 3422 1
1248 4911 1
124 968 1
124 980 1
124 987 1
1 2500 1
1250 1877 1
1 2502 1
1 2507 1
1 2543 1
1255 1652 1
1 2557 1
1258 1952 1
1258 2639 1
1258 2859 1
1258 4700 1
1259 1435 1
1259 1436 1
1259 1438 1
1260 1339 1
1260 1770 1
1 2619 1
1265 4099 1
1267 1600 1
1267 1616 1
1267 1730 1
1267 1920 1
1267 2002 1
1267 4592 1
1 27 1
127 164 1
1 2720 1
12 79 1
1281 1283 1
1281 1669 1
1281 1686 1
1281 1788 1
1281 1889 1
1281 2122 1
1281 2290 1
1281 3073 1
1281 4725 1
1282 1283 1
1282 1788 1
1282 1889 1
1282 2303 1
1282 3432 1
1283 1669 1
1283 1889 1
1283 2122 1
1285 1458 1
12 888 1
1 29 1
129 1083 1
129 243 1
1294 1295 1
1294 1960 1
1294 2845 1
1294 2954 1
1294 2955 1
1294 4728 1
1296 2132 1
1296 4630 1
1297 2429 1
1297 3592 1
1 3 1
130 131 1
130 187 1
130 195 1
130 2216 1
1303 1587 1
1303 1616 1
130 374 1
1304 2127 1
130 437 1
1305 1691 1
1305 1856 1
1305 2646 1
1305 3381 1
130 869 1
1 3093 1
1310 1603 1
1310 2271 1
131 246 1
13 1459 1
1315 1484 1
1315 2012 1
1315 2166 1
1315 2199 1
1315 2213 1
1315 2757 1
1315 3072 1
1315 3328 1
1315 4227 1
1318 1435 1
13 21 1
1321 1616 1
13 214 1
1323 3463 1
13 2543 1
1326 1328 1
1326 1329 1
1326 1331 1
1326 1956 1
1326 2050 1
1 328 1
1328 1329 1
1328 2382 1
1328 2600 1
1328 3009 1
1329 1330 1
1329 1331 1
1329 1956 1
1329 2049 1
1329 2382 1
1329 2600 1
1329 3645 1
1330 2051 1
1330 3645 1
1330 4801 1
1330 4802 1
1330 4803 1
1331 2050 1
1331 2053 1
1331 2510 1
1331 3066 1
1331 4875 1
1336 3415 1
1337 3542 1
1339 1364 1
1339 1371 1
1339 1616 1
1339 2203 1
1339 2685 1
1342 2001 1
1347 2908 1
135 882 1
1361 2647 1
1361 4595 1
136 4311 1
136 465 1
136 4818 1
1365 1438 1
1365 2378 1
136 586 1
1367 2154 1
1367 2234 1
137 1861 1
137 2669 1
137 3014 1
1373 2133 1
1373 4907 1
1376 1705 1
1379 4817 1
138 1389 1
1383 2543 1
138 441 1
1385 1599 1
139 1041 1
139 1217 1
139 1281 1
139 1282 1
139 1283 1
139 1294 1
139 1433 1
139 1438 1
139 1515 1
139 1525 1
139 158 1
139 1706 1
139 1737 1
139 1847 1
139 1857 1
139 1889 1
139 1899 1
139 2335 1
139 2418 1
139 2539 1
139 2673 1
139 2854 1
139 2906 1
139 2955 1
139 3157 1
139 3194 1
139 326 1
139 3432 1
139 3436 1
139 3482 1
139 3584 1
139 3758 1
139 3893 1
139 400 1
139 407 1
139 410 1
139 413 1
139 416 1
139 4593 1
139 4934 1
139 4935 1
139 4936 1
139 512 1
139 657 1
139 663 1
139 664 1
139 958 1
140 1083 1
1401 2065 1
140 1565 1
1411 1565 1
1411 2077 1
1411 2087 1
1411 3089 1
1411 4789 1
1414 1415 1
1414 2012 1
1414 2521 1
141 510 1
1415 1416 1
1415 1425 1
1415 1848 1
1415 2149 1
1415 2869 1
1417 1529 1
1420 2271 1
1425 2020 1
1425 2213 1
1425 3783 1
1429 1658 1
1429 1660 1
1431 4584 1
143 201 1
1433 1435 1
1433 1955 1
1435 1436 1
1435 1438 1
1435 1715 1
1435 1978 1
1435 2698 1
1435 3042 1
1435 4721 1
1438 1847 1
1438 1952 1
1438 2254 1
1438 2490 1
1438 2735 1
1438 2750 1
144 1092 1
144 1171 1
1441 4871 1
1441 4872 1
1 442 1
144 566 1
1447 1703 1
1447 2797 1
1447 3348 1
1447 3363 1
1447 3373 1
1 4561 1
1 4607 1
146 208 1
1462 1462 1
1462 2001 1
1462 3322 1
1462 3456 1
1463 1948 1
1463 3393 1
1465 1747 1
1 4683 1
147 1662 1
147 1865 1
147 4719 1
147 484 1
1475 2133 1
1475 2759 1
1475 3197 1
1475 3551 1
1475 4907 1
147 749 1
147 751 1
1 4784 1
147 933 1
1 4816 1
1 4824 1
1 4825 1
1483 2224 1
1483 2330 1
1483 3406 1
1483 3727 1
148 3415 1
1483 4270 1
1 484 1
1484 2737 1
1484 4683 1
148 4771 1
149 1009 1
149 3885 1
149 851 1
1501 2876 1
150 3196 1
1508 3885 1
1513 1606 1
1513 1691 1
1513 2816 1
1513 3046 1
1 514 1
1516 1606 1
1516 3395 1
15 17 1
1518 2347 1
1 52 1
15 2004 1
1523 2347 1
1529 2456 1
1529 3023 1
1529 3478 1
1529 4043 1
153 179 1
153 201 1
153 373 1
1 536 1
1537 2423 1
15 4772 1
15 4809 1
15 50 1
1554 1935 1
1554 2143 1
1554 2502 1
1565 1566 1
1565 1619 1
1565 1641 1
1565 1785 1
1565 1996 1
1565 2008 1
1565 2077 1
1565 2088 1
1565 2091 1
1565 2093 1
1565 2095 1
1565 2096 1
1565 2097 1
1565 2108 1
1565 2353 1
1565 2404 1
1565 2675 1
1565 2686 1
1565 2797 1
1565 2846 1
1565 2847 1
1565 3088 1
1565 3096 1
1565 3420 1
1565 4774 1
1565 4775 1
1565 4776 1
1565 4777 1
1565 4778 1
1568 1723 1
1568 2474 1
1568 2475 1
1570 4813 1
157 1420 1
157 1623 1
1572 2336 1
1572 2383 1
157 4720 1
1 58 1
1580 1581 1
1580 2065 1
1581 1823 1
1581 2065 1
1581 2190 1
1581 2205 1
1581 2276 1
1581 2334 1
1581 2481 1
1581 2520 1
1581 2651 1
1581 2762 1
1581 2902 1
158 1606 1
158 1737 1
158 2118 1
158 2159 1
158 2171 1
158 2175 1
158 2812 1
158 400 1
158 403 1
158 411 1
158 414 1
1584 1747 1
158 663 1
158 664 1
1587 1588 1
1587 2401 1
1587 2521 1
1587 4578 1
1587 4579 1
1587 4700 1
1588 3885 1
1596 2227 1
1596 4580 1
1596 4581 1
1 6 1
1600 1827 1
1600 2002 1
1600 2003 1
1600 2439 1
1601 2003 1
160 1201 1
160 1656 1
160 1819 1
160 203 1
1602 2003 1
160 2879 1
160 303 1
1603 4590 1
160 369 1
1606 1606 1
1606 1737 1
1606 1739 1
160 621 1
1606 2159 1
1606 3339 1
160 882 1
1609 4834 1
1609 4835 1
1610 2955 1
16 1042 1
16 1057 1
16 1565 1
16 1599 1
16 16 1
16 160 1
1616 1713 1
1616 1817 1
1616 2242 1
1616 2475 1
1616 2518 1
1616 2802 1
1616 2893 1
1616 3038 1
16 1670 1
16 17 1
1617 2351 1
1617 2562 1
16 1769 1
16 1773 1
1618 2846 1
16 1906 1
1619 2797 1
16 195 1
16 201 1
1621 3097 1
16 2186 1
1622 1854 1
1622 2100 1
1622 2274 1
16 23 1
1623 1642 1
1623 2271 1
1623 2583 1
1623 2673 1
1623 3251 1
16 2336 1
16 2383 1
16 246 1
16 252 1
1628 3228 1
1628 3229 1
1629 1629 1
1629 1669 1
16 2961 1
16 3208 1
1632 1634 1
16 3262 1
16 33 1
16 3308 1
16 3352 1
16 3361 1
16 35 1
1636 3789 1
1 639 1
1640 1730 1
16 4018 1
164 1166 1
164 198 1
164 1982 1
164 201 1
164 2070 1
164 2820 1
1643 1827 1
164 3220 1
164 3275 1
164 3547 1
164 365 1
164 3692 1
164 3870 1
164 398 1
164 4018 1
16 442 1
164 4680 1
164 470 1
164 4861 1
164 487 1
164 514 1
16 4607 1
164 611 1
16 468 1
16 469 1
1648 4630 1
16 4877 1
1651 1860 1
1651 2749 1
1651 3046 1
1651 4720 1
165 1658 1
165 1660 1
165 1662 1
1652 1944 1
1652 2216 1
1652 3236 1
16 53 1
16 534 1
1 656 1
1657 2301 1
1657 2521 1
1657 3419 1
1658 1660 1
1658 2117 1
16 583 1
16 585 1
16 588 1
1660 1753 1
1660 1865 1
1660 3233 1
1662 1662 1
1662 1865 1
1662 2052 1
1662 2500 1
1662 2502 1
1662 3384 1
16 658 1
16 677 1
1668 1669 1
1669 1686 1
1669 1782 1
1669 1847 1
1669 1897 1
1669 1988 1
1669 2279 1
1669 2339 1
1669 2340 1
1669 2346 1
1669 2560 1
1669 3353 1
1669 3377 1
1669 3771 1
1669 4051 1
1669 4621 1
1669 4645 1
1669 4884 1
1669 4885 1
16 714 1
167 2712 1
16 741 1
16 742 1
16 743 1
16 747 1
1676 2186 1
1676 2538 1
1676 3151 1
1676 4811 1
1677 1681 1
1677 2186 1
1678 2871 1
1678 3028 1
1679 3528 1
168 1042 1
1681 1682 1
1681 2065 1
1681 2205 1
1681 2382 1
1681 2657 1
1681 2786 1
1681 2866 1
1681 3079 1
1681 3085 1
1682 2762 1
1682 3084 1
16 829 1
168 583 1
1686 1988 1
1686 3073 1
1687 2772 1
168 751 1
168 914 1
16 897 1
1690 1992 1
1690 4024 1
1690 4607 1
1690 4608 1
1691 2271 1
16 914 1
16 915 1
16 933 1
1697 2102 1
1697 3972 1
16 981 1
1698 3200 1
16 985 1
1699 2020 1
1699 2495 1
170 1658 1
170 1660 1
170 1705 1
1704 1776 1
1705 1750 1
1705 2065 1
1705 3567 1
1705 4862 1
17 100 1
17 1042 1
17 1057 1
17 1188 1
17 1190 1
17 1336 1
17 1340 1
17 1401 1
17 1429 1
17 145 1
17 147 1
17 148 1
1715 1967 1
1715 4729 1
17 1658 1
17 1660 1
17 1662 1
17 170 1
17 174 1
17 1752 1
17 1753 1
17 1754 1
17 1839 1
17 1863 1
17 1865 1
17 190 1
1719 2660 1
17 2026 1
17 203 1
17 2032 1
17 204 1
17 205 1
17 2052 1
17 206 1
17 21 1
17 212 1
17 2131 1
17 214 1
1722 3436 1
1722 4611 1
17 228 1
17 2301 1
1723 1723 1
1723 2233 1
17 2323 1
17 2430 1
17 2500 1
1728 2741 1
17 2879 1
1729 3244 1
17 311 1
17 3113 1
17 3209 1
1732 3235 1
17 3233 1
17 3410 1
17 3412 1
17 3413 1
17 3415 1
17 3645 1
1737 1739 1
1737 2811 1
1737 3120 1
1737 3244 1
1737 3330 1
1737 3885 1
1737 4583 1
1737 4703 1
1737 4841 1
1737 4842 1
1738 3108 1
17 4103 1
1741 2154 1
1741 4616 1
174 1658 1
174 1662 1
174 1865 1
174 212 1
1742 2888 1
1742 4618 1
1742 4807 1
174 536 1
1747 2416 1
174 741 1
1747 4894 1
17 4771 1
17 4809 1
174 891 1
17 4905 1
17 50 1
1750 4816 1
17 52 1
17 53 1
17 532 1
1753 3272 1
175 510 1
1757 2065 1
1757 2205 1
1757 2762 1
1757 2786 1
17 58 1
1758 2786 1
1759 1943 1
1759 2205 1
1761 4883 1
17 617 1
176 1765 1
17 621 1
176 2259 1
176 2347 1
17 628 1
176 280 1
176 3169 1
176 3355 1
176 369 1
176 510 1
1765 2020 1
1765 2117 1
1765 2347 1
1765 3169 1
176 621 1
176 721 1
176 882 1
1770 1883 1
1770 1906 1
1770 2003 1
1770 2375 1
1770 4779 1
1770 4783 1
1770 4961 1
17 713 1
17 720 1
1772 1909 1
1772 3137 1
17 725 1
1773 4797 1
177 4951 1
1 775 1
17 751 1
17 756 1
1776 2722 1
1776 3147 1
1776 4118 1
1776 4643 1
1776 4829 1
1776 4830 1
17 784 1
17 801 1
17 82 1
178 2595 1
1 785 1
1785 2088 1
1788 4147 1
17 891 1
179 1301 1
17 914 1
1791 4647 1
179 1642 1
179 1745 1
179 2001 1
179 201 1
179 2027 1
179 2243 1
179 2245 1
179 2485 1
179 253 1
179 366 1
179 375 1
17 94 1
179 477 1
179 4836 1
179 489 1
179 523 1
179 524 1
179 598 1
179 620 1
17 97 1
17 980 1
179 809 1
179 897 1
1799 2351 1
17 998 1
1801 1907 1
1801 4563 1
181 2294 1
181 243 1
181 369 1
181 4397 1
181 702 1
1823 2065 1
1823 2331 1
1823 2481 1
1823 2520 1
1823 2773 1
1823 2774 1
1823 3294 1
1823 4659 1
1827 4753 1
1828 2879 1
1830 4771 1
1831 3254 1
1840 4723 1
1843 2825 1
1843 4666 1
1843 4667 1
1843 4668 1
1848 2093 1
1848 2521 1
1848 2868 1
185 1176 1
1851 1853 1
1851 1854 1
1851 2093 1
1851 2102 1
1851 2149 1
1851 2274 1
185 1565 1
185 243 1
1853 1854 1
1853 2100 1
1853 2101 1
1853 2102 1
1853 2274 1
1853 3972 1
1854 2101 1
1854 2102 1
1854 2149 1
1854 3347 1
1856 2171 1
1856 2176 1
1856 2673 1
1860 2673 1
1864 3151 1
1865 2543 1
1865 3093 1
1 866 1
187 1246 1
187 1267 1
187 1730 1
187 2538 1
1878 3419 1
1 879 1
1883 2501 1
1889 1944 1
1889 2069 1
1889 2344 1
1889 2854 1
1889 3278 1
1889 3719 1
1889 3774 1
1 891 1
1897 2619 1
1898 4708 1
1898 4709 1
1898 4710 1
1899 1902 1
1899 2127 1
1899 2635 1
1899 4854 1
190 1565 1
1903 2096 1
1908 2844 1
1 910 1
19 106 1
1 912 1
1919 1968 1
1 92 1
192 1565 1
192 1592 1
192 3294 1
192 3420 1
192 4638 1
192 542 1
1932 3093 1
1 933 1
1933 1943 1
1933 2205 1
1933 2564 1
1933 2614 1
1933 2622 1
1933 2787 1
1933 2902 1
1933 3081 1
1933 3139 1
1933 3299 1
1935 3047 1
1935 3328 1
1936 3379 1
1 94 1
1940 4762 1
1943 2205 1
1943 2614 1
1943 2762 1
1943 2786 1
1943 3020 1
1943 3081 1
1943 3299 1
1943 4672 1
1943 4769 1
1943 4770 1
1944 1959 1
1944 3464 1
1944 4717 1
194 583 1
1947 2317 1
1948 2711 1
195 1031 1
195 1670 1
1952 2254 1
195 267 1
195 536 1
195 585 1
195 741 1
195 751 1
195 880 1
1959 2153 1
195 968 1
195 985 1
1965 3117 1
1 968 1
1969 1969 1
1969 3503 1
1969 4950 1
1971 2001 1
1971 2070 1
1971 2562 1
197 199 1
197 201 1
197 2563 1
197 505 1
1978 1978 1
1978 4887 1
198 400 1
1984 3151 1
1986 3197 1
1988 2020 1
1988 2053 1
1988 2740 1
198 958 1
19 933 1
1994 2065 1
1994 3082 1
19 968 1
1 998 1
2001 3430 1
2001 4335 1
2001 4727 1
2002 2002 1
2002 2439 1
2002 4592 1
2004 2376 1
2004 3836 1
201 1023 1
201 1157 1
201 1222 1
201 1297 1
201 1301 1
201 1407 1
201 1431 1
201 1462 1
201 1572 1
201 1584 1
201 1595 1
201 1624 1
201 1642 1
201 1747 1
201 1798 1
201 1804 1
201 1982 1
201 204 1
201 2153 1
201 2187 1
201 2204 1
201 222 1
2012 2283 1
2012 2303 1
201 2243 1
201 2245 1
201 2336 1
201 2383 1
201 2408 1
201 2414 1
201 2416 1
201 243 1
201 244 1
201 2477 1
201 2485 1
201 2489 1
201 252 1
201 253 1
201 2788 1
201 2942 1
201 296 1
201 3197 1
201 3198 1
201 3219 1
201 3292 1
201 3379 1
201 3449 1
201 3563 1
201 3617 1
201 366 1
201 3675 1
201 369 1
201 3742 1
201 375 1
201 416 1
201 418 1
201 453 1
201 457 1
201 460 1
201 465 1
201 4652 1
201 466 1
201 467 1
201 469 1
201 470 1
201 4740 1
201 4901 1
201 4928 1
201 4929 1
201 4930 1
201 4931 1
201 510 1
201 522 1
201 524 1
201 541 1
201 579 1
201 590 1
201 598 1
201 619 1
201 648 1
201 650 1
201 682 1
201 688 1
2017 2646 1
2017 3196 1
201 809 1
201 876 1
201 882 1
201 895 1
201 897 1
201 995 1
2020 2259 1
2020 2262 1
2020 3169 1
2020 3516 1
2020 3599 1
2020 3890 1
2026 2433 1
2030 2378 1
203 1099 1
203 1162 1
203 1662 1
203 2195 1
2034 2035 1
2034 2036 1
2034 2955 1
2035 3176 1
2036 3176 1
2037 2816 1
204 1417 1
204 280 1
204 521 1
2045 2428 1
204 611 1
204 621 1
204 813 1
2051 4914 1
2051 4915 1
2051 4916 1
2051 4917 1
2051 4918 1
2051 4919 1
2052 2500 1
2053 3066 1
206 1438 1
206 1474 1
206 1969 1
2065 2123 1
2065 2205 1
2065 2276 1
2065 2319 1
2065 2334 1
2065 2382 1
2065 2444 1
2065 2511 1
2065 2538 1
2065 2614 1
2065 2617 1
2065 2618 1
2065 2620 1
2065 2651 1
2065 2657 1
2065 2679 1
2065 2866 1
2065 2903 1
2065 3077 1
2065 3079 1
2065 3080 1
2065 3082 1
2065 3084 1
2065 3085 1
2065 3116 1
2065 3117 1
2065 3139 1
2065 3173 1
2065 3301 1
2065 3533 1
2065 4143 1
2065 4765 1
2065 4766 1
2065 4767 1
2065 4768 1
2065 4769 1
2065 4770 1
2070 2569 1
2070 3028 1
2070 3456 1
2070 4722 1
2070 4859 1
2076 2154 1
208 1042 1
208 1616 1
208 299 1
208 369 1
208 435 1
208 440 1
208 570 1
208 671 1
208 677 1
208 785 1
208 891 1
2091 2095 1
2093 2149 1
2093 2553 1
2095 3421 1
2095 4886 1
2100 2102 1
2101 2102 1
2102 2274 1
2 1031 1
2 1042 1
2 106 1
2109 2126 1
21 1018 1
21 103 1
2110 3361 1
21 1039 1
21 1042 1
21 1049 1
21 1096 1
21 1105 1
21 1167 1
21 1190 1
21 1200 1
2112 2717 1
21 1230 1
21 1282 1
21 1287 1
21 1315 1
21 1318 1
2113 3419 1
21 1336 1
21 1337 1
21 1357 1
21 1376 1
21 1401 1
21 1429 1
21 1484 1
21 1494 1
21 160 1
21 165 1
21 1656 1
21 1658 1
21 1660 1
21 1672 1
21 1679 1
21 168 1
21 170 1
21 1705 1
21 174 1
21 1830 1
21 1839 1
2 1185 1
21 186 1
21 188 1
21 189 1
21 203 1
2120 3492 1
21 208 1
21 2117 1
212 1190 1
21 212 1
21 214 1
212 1429 1
21 2165 1
212 1660 1
21 2189 1
21 2198 1
212 214 1
21 226 1
21 229 1
212 303 1
21 2323 1
2123 2903 1
21 233 1
21 2500 1
21 2579 1
2 1271 1
21 2720 1
21 2724 1
2127 2955 1
2127 4675 1
212 771 1
21 2898 1
21 29 1
21 303 1
21 304 1
21 3113 1
21 3117 1
213 1565 1
2133 3197 1
2133 3198 1
2133 3551 1
213 368 1
2 1339 1
21 3542 1
21 3719 1
21 381 1
21 385 1
21 386 1
21 389 1
2140 4569 1
2 1411 1
214 1658 1
214 1660 1
214 1662 1
21 4249 1
21 4362 1
214 4876 1
2 1457 1
21 4625 1
2 1465 1
214 721 1
21 4763 1
21 4808 1
21 4865 1
21 4925 1
2149 2521 1
2149 2868 1
21 4944 1
2 1495 1
2 15 1
2153 2154 1
2153 2156 1
2153 3156 1
21 534 1
21 540 1
2154 2513 1
2154 2514 1
2154 2677 1
21 55 1
2 1569 1
21 571 1
2157 2724 1
2157 2844 1
2157 3053 1
2157 4946 1
215 751 1
21 591 1
2 16 1
2 160 1
216 1260 1
216 1438 1
216 1812 1
216 2005 1
216 2113 1
216 2342 1
216 243 1
21 629 1
216 3038 1
216 340 1
216 3419 1
216 349 1
216 365 1
216 369 1
2 1640 1
2 1642 1
216 433 1
216 438 1
216 4909 1
216 4910 1
216 567 1
216 597 1
21 668 1
21 671 1
21 702 1
2171 2172 1
2171 2174 1
2171 2176 1
2171 2177 1
2171 2179 1
2171 2673 1
217 1283 1
2171 3178 1
2171 3179 1
2171 3180 1
2171 3181 1
217 1699 1
2 1741 1
217 4631 1
2175 2228 1
2175 2811 1
2176 2575 1
21 771 1
21 785 1
2179 3843 1
2179 4927 1
21 819 1
218 1944 1
218 2020 1
218 2053 1
218 2737 1
218 510 1
2186 2186 1
2186 2477 1
2186 2618 1
2186 2774 1
2186 3197 1
2 1865 1
21 866 1
21 879 1
218 848 1
21 891 1
21 912 1
21 913 1
21 92 1
21 94 1
2194 4609 1
2 195 1
21 959 1
21 96 1
21 980 1
2198 2323 1
21 991 1
2 1996 1
2 201 1
2 2012 1
2205 2614 1
2205 3017 1
2205 3084 1
2205 3139 1
2205 3299 1
2 208 1
2 213 1
2 2132 1
2216 2216 1
222 2158 1
222 2183 1
222 3292 1
2227 3140 1
2 2283 1
2 23 1
2 2383 1
2241 4715 1
2 243 1
2248 2495 1
2 2500 1
225 1462 1
2259 4810 1
2263 4584 1
2265 2595 1
2265 2695 1
2265 2804 1
2265 2998 1
2266 3047 1
2271 3254 1
2271 4454 1
2 2772 1
2281 4723 1
228 303 1
228 3209 1
2290 2290 1
2290 2292 1
2290 4864 1
229 243 1
229 244 1
229 3157 1
2 2935 1
2 2938 1
229 440 1
2 3 1
230 2801 1
2303 3192 1
2306 4723 1
230 668 1
2 3093 1
230 933 1
230 968 1
2 310 1
23 1016 1
23 1271 1
23 1362 1
23 1407 1
23 1410 1
23 1427 1
2314 4642 1
23 1503 1
23 1570 1
23 1580 1
2316 2378 1
2317 3960 1
23 1944 1
23 195 1
23 1976 1
23 2087 1
23 2238 1
23 2241 1
23 2242 1
23 2498 1
23 2737 1
23 2760 1
23 2802 1
2330 2357 1
2330 4504 1
2330 4732 1
23 3093 1
2331 2520 1
2332 4587 1
233 360 1
2334 2903 1
23 3523 1
233 618 1
2336 2383 1
2336 2661 1
2336 2752 1
23 3759 1
2339 4700 1
23 4262 1
23 435 1
23 440 1
2347 2456 1
23 479 1
23 4839 1
23 4840 1
2352 2886 1
23 534 1
23 539 1
23 542 1
2359 2741 1
23 593 1
2363 3009 1
23 68 1
23 714 1
2 375 1
2375 2820 1
2375 2899 1
2375 3043 1
23 766 1
2378 2602 1
2378 3400 1
2378 3526 1
2378 3527 1
2382 2600 1
2383 2752 1
2383 4913 1
2384 3355 1
23 888 1
23 914 1
23 94 1
2397 2485 1
23 983 1
2 4 1
2414 3151 1
2 4162 1
2416 2673 1
2416 4904 1
2418 4593 1
2 420 1
243 1031 1
243 1077 1
243 1078 1
243 1080 1
243 1125 1
243 1176 1
243 1177 1
243 1186 1
243 1260 1
243 1310 1
243 1321 1
243 1339 1
243 1364 1
243 1367 1
243 1371 1
243 1616 1
243 1639 1
243 1640 1
243 1642 1
243 1643 1
243 1769 1
243 1798 1
243 1800 1
243 2070 1
243 2326 1
243 2419 1
243 252 1
243 264 1
243 2755 1
243 2756 1
243 2802 1
243 2893 1
243 2942 1
243 295 1
243 3157 1
243 368 1
243 369 1
243 375 1
243 3797 1
243 4002 1
243 4004 1
243 4144 1
243 4267 1
2434 4323 1
243 479 1
243 485 1
243 510 1
243 536 1
243 561 1
243 570 1
243 595 1
243 598 1
243 611 1
243 619 1
243 658 1
243 720 1
2437 4599 1
243 813 1
243 877 1
243 882 1
243 897 1
2439 4592 1
244 1016 1
244 1061 1
244 1315 1
244 1431 1
244 1503 1
244 1544 1
244 1603 1
244 1617 1
244 1935 1
2 442 1
244 2007 1
244 2166 1
244 2199 1
244 2408 1
244 2423 1
244 280 1
244 296 1
244 2994 1
244 3157 1
244 355 1
244 395 1
244 3956 1
244 4305 1
244 4337 1
244 4858 1
244 487 1
244 4962 1
244 503 1
244 514 1
244 611 1
244 656 1
244 658 1
244 848 1
244 880 1
2 4607 1
246 741 1
2470 2470 1
2470 2910 1
2470 4169 1
2470 4857 1
247 248 1
247 3147 1
247 3629 1
247 450 1
2475 2802 1
2476 3272 1
2477 2973 1
2477 3151 1
2477 4562 1
248 1171 1
248 1207 1
248 1209 1
248 1285 1
248 1487 1
248 1661 1
248 1704 1
248 1775 1
248 1776 1
2 4820 1
2 4821 1
248 2314 1
248 257 1
248 262 1
248 269 1
248 2728 1
248 2731 1
248 2956 1
248 307 1
248 308 1
248 3147 1
248 330 1
248 365 1
248 374 1
248 376 1
248 379 1
2 484 1
248 450 1
248 4611 1
248 4641 1
248 4642 1
248 4643 1
248 502 1
248 646 1
248 749 1
248 953 1
2495 2496 1
2495 2497 1
2495 2873 1
2 5 1
2513 3420 1
2 514 1
251 443 1
2520 2651 1
2520 2774 1
2520 3020 1
2520 4582 1
2521 2869 1
252 1297 1
252 1624 1
252 1676 1
252 2186 1
252 2477 1
252 2485 1
252 253 1
252 3292 1
252 366 1
252 368 1
252 375 1
252 469 1
252 590 1
252 648 1
252 682 1
252 688 1
252 747 1
252 809 1
252 870 1
252 895 1
252 897 1
252 995 1
2 53 1
253 1294 1
253 1297 1
253 1599 1
253 2133 1
253 2186 1
253 2336 1
253 2383 1
253 2414 1
253 2477 1
253 2489 1
253 3197 1
253 3592 1
253 366 1
253 375 1
2 534 1
253 469 1
253 522 1
253 590 1
2 536 1
253 648 1
253 656 1
253 688 1
253 809 1
253 870 1
253 895 1
253 897 1
2 539 1
2 541 1
2 542 1
2 55 1
255 1425 1
255 4642 1
255 510 1
256 1246 1
256 1250 1
256 1528 1
256 2470 1
256 259 1
256 2739 1
256 327 1
256 424 1
256 450 1
2566 2567 1
2566 4596 1
2 57 1
257 1264 1
257 1652 1
257 1661 1
257 1669 1
257 259 1
257 262 1
257 2728 1
257 307 1
257 327 1
257 424 1
257 425 1
257 433 1
257 438 1
257 456 1
2577 3513 1
257 749 1
2 581 1
258 1772 1
2 589 1
2589 3096 1
259 1240 1
259 1242 1
259 1245 1
259 1246 1
259 1247 1
259 1248 1
259 1250 1
259 1685 1
259 1772 1
259 1878 1
259 2157 1
259 2606 1
259 2720 1
259 2739 1
259 2844 1
259 3052 1
259 3137 1
259 327 1
259 384 1
259 424 1
259 425 1
259 438 1
2594 4718 1
259 450 1
259 456 1
259 4601 1
259 4702 1
2595 2695 1
2595 2998 1
2599 3200 1
2 611 1
2614 2615 1
2614 2620 1
2614 3299 1
2617 3082 1
2618 3082 1
2 619 1
2620 2787 1
262 1209 1
262 1669 1
2622 3299 1
2628 3261 1
2641 2642 1
2641 2644 1
2641 4612 1
2641 4613 1
264 4144 1
2646 2647 1
2646 3831 1
2646 4614 1
2646 4615 1
265 1568 1
265 2012 1
265 2521 1
265 2686 1
265 2777 1
265 2802 1
265 3108 1
265 4700 1
2660 2978 1
2669 3379 1
2 671 1
267 416 1
2674 4642 1
268 1458 1
2682 2683 1
2683 3274 1
2683 4599 1
268 646 1
269 315 1
269 365 1
2695 3006 1
2698 3108 1
2700 2701 1
2700 3009 1
2700 4635 1
2700 4636 1
2700 4793 1
2703 4669 1
2705 4595 1
27 108 1
2711 3393 1
2712 4860 1
2713 3308 1
2 714 1
2715 4047 1
27 201 1
27 2436 1
27 2489 1
272 510 1
27 253 1
273 1058 1
273 2020 1
27 33 1
2734 4575 1
2734 4576 1
2734 4577 1
27 35 1
2737 4707 1
2 740 1
274 1053 1
2741 2741 1
2741 3028 1
2741 3049 1
274 2004 1
274 280 1
274 4581 1
2749 2948 1
2749 2950 1
2749 2951 1
2749 3046 1
2758 3132 1
2758 4907 1
2759 3132 1
2772 4657 1
2772 4658 1
2 775 1
2777 4012 1
2777 4313 1
2777 4661 1
2777 4662 1
2777 4663 1
2777 4664 1
2777 4665 1
27 809 1
2786 3081 1
2786 3084 1
280 1073 1
280 1292 1
280 1316 1
280 1398 1
280 1417 1
280 1441 1
280 1493 1
280 1529 1
280 1542 1
280 1545 1
280 1552 1
280 1555 1
280 1596 1
280 1653 1
280 1671 1
280 1690 1
280 1856 1
280 1882 1
280 1897 1
280 1910 1
280 1962 1
280 1968 1
280 2037 1
280 2109 1
280 2120 1
280 2126 1
280 2130 1
280 2283 1
280 2330 1
280 2408 1
280 2448 1
280 2456 1
2802 4674 1
280 2602 1
280 2741 1
280 2754 1
280 280 1
280 282 1
280 2820 1
280 2913 1
280 3071 1
280 309 1
280 313 1
280 328 1
280 3285 1
280 3329 1
280 3360 1
280 3430 1
280 344 1
280 3471 1
280 3518 1
280 371 1
280 375 1
280 4335 1
280 4362 1
280 438 1
280 4581 1
280 465 1
280 4714 1
280 4716 1
280 4804 1
280 4858 1
280 4867 1
280 4912 1
280 493 1
280 4956 1
280 4957 1
280 4958 1
280 4959 1
280 510 1
280 513 1
280 516 1
280 517 1
280 518 1
280 611 1
280 620 1
280 623 1
280 644 1
280 651 1
280 654 1
280 688 1
280 689 1
280 693 1
280 694 1
280 721 1
280 850 1
280 880 1
280 882 1
280 897 1
280 922 1
281 1072 1
281 1074 1
281 1265 1
281 1363 1
281 1427 1
2811 4639 1
281 1627 1
281 2213 1
281 283 1
281 2871 1
281 290 1
281 3028 1
281 310 1
281 4144 1
281 4162 1
282 1529 1
2822 3046 1
2822 4720 1
2823 3395 1
2824 2825 1
2824 2826 1
282 517 1
282 518 1
2825 4846 1
282 644 1
282 694 1
2827 3645 1
283 1098 1
2846 2847 1
2861 2862 1
2861 4704 1
2 862 1
2868 2869 1
2868 2870 1
2868 2871 1
2871 2911 1
2 882 1
2887 3157 1
2 888 1
2 891 1
2902 2903 1
2903 4739 1
2905 3151 1
2908 3727 1
29 103 1
29 1042 1
29 1049 1
29 1315 1
2 914 1
2914 4681 1
2932 3379 1
2 933 1
29 3328 1
2 938 1
2 94 1
29 4772 1
2955 3395 1
296 1168 1
296 1623 1
296 1691 1
296 1856 1
296 2176 1
296 2271 1
296 2646 1
296 2886 1
296 3046 1
296 3109 1
296 3251 1
296 400 1
296 416 1
296 4163 1
2964 3151 1
296 463 1
296 4923 1
296 4924 1
296 505 1
296 594 1
296 598 1
296 659 1
296 945 1
2 97 1
297 2846 1
297 813 1
29 784 1
2979 4564 1
2979 4565 1
299 1177 1
299 2210 1
2998 3000 1
2998 3001 1
2998 3007 1
2998 3008 1
2998 4745 1
2998 4746 1
299 891 1
3009 3010 1
3009 3645 1
303 1658 1
303 1660 1
303 1662 1
303 1978 1
303 2598 1
3035 4754 1
30 369 1
304 1167 1
304 305 1
3046 4684 1
3046 4812 1
305 1039 1
305 1048 1
305 1200 1
305 1336 1
305 1337 1
305 1656 1
305 1679 1
305 2165 1
305 866 1
307 1209 1
307 1775 1
307 1776 1
307 2314 1
307 2729 1
307 315 1
307 330 1
307 374 1
307 428 1
307 456 1
3080 3082 1
308 1776 1
308 376 1
309 2104 1
3096 3097 1
30 991 1
310 1065 1
310 1072 1
310 1565 1
310 2093 1
310 2846 1
3 106 1
3108 3907 1
3108 4925 1
3108 4937 1
3108 4938 1
3108 4939 1
3108 4940 1
31 106 1
311 1190 1
311 1658 1
311 2903 1
31 1336 1
31 1401 1
3117 3509 1
311 882 1
3120 3244 1
3 1230 1
31 2319 1
312 4701 1
3130 3352 1
313 1935 1
3132 3551 1
313 538 1
313 620 1
313 882 1
3 147 1
3147 3914 1
315 1175 1
3151 3241 1
3151 3298 1
3151 4855 1
3151 4856 1
31 53 1
3 1570 1
3157 4796 1
3 16 1
316 327 1
3 1642 1
3165 4874 1
3 168 1
3 1690 1
3 17 1
3171 3491 1
31 714 1
317 1417 1
317 2314 1
317 3236 1
317 430 1
317 4642 1
31 747 1
3176 4749 1
3 1865 1
31 882 1
3 19 1
3 195 1
3200 3201 1
3200 3202 1
3200 3645 1
3200 4815 1
3 2082 1
3209 4653 1
3 21 1
3 215 1
3219 4723 1
3227 3228 1
3227 3229 1
3 228 1
3 230 1
3 2543 1
3254 3255 1
3254 4606 1
326 1438 1
3261 4838 1
327 1135 1
327 1281 1
327 1505 1
327 1669 1
327 1685 1
327 1686 1
327 1783 1
3272 3273 1
327 2556 1
327 2739 1
327 2742 1
327 3073 1
327 3333 1
327 3334 1
327 376 1
327 384 1
327 4147 1
3 2772 1
3278 4888 1
328 1094 1
328 1747 1
328 2741 1
328 4571 1
328 611 1
3296 3297 1
330 1175 1
330 1209 1
330 1705 1
330 1772 1
330 1776 1
330 374 1
3308 3960 1
3308 4933 1
3 3093 1
33 1046 1
33 1064 1
331 1124 1
331 1201 1
331 1362 1
331 1629 1
331 1709 1
331 1712 1
331 1742 1
331 1805 1
331 2005 1
331 2102 1
331 2211 1
331 2521 1
33 1297 1
33 1303 1
331 3052 1
331 3274 1
33 139 1
33 1437 1
331 4617 1
331 4618 1
33 1475 1
33 1572 1
33 1590 1
331 590 1
33 1624 1
33 1676 1
33 1677 1
33 1896 1
33 1981 1
33 1986 1
33 201 1
3 3209 1
33 2133 1
33 2186 1
33 2207 1
33 222 1
33 223 1
33 2254 1
33 2336 1
33 2397 1
33 2477 1
33 252 1
33 253 1
3 3274 1
33 2759 1
3330 4764 1
33 3100 1
33 3151 1
33 33 1
33 3329 1
33 34 1
33 3461 1
33 35 1
33 3551 1
33 3597 1
33 366 1
33 368 1
33 375 1
3339 3395 1
334 1142 1
33 416 1
334 1635 1
334 1636 1
33 4166 1
33 43 1
334 387 1
33 443 1
33 445 1
33 4588 1
33 469 1
33 470 1
33 4735 1
335 1051 1
335 1150 1
3352 3361 1
33 524 1
3358 4593 1
33 590 1
3361 4323 1
33 648 1
33 682 1
33 688 1
33 71 1
33 720 1
337 346 1
3379 4654 1
33 809 1
33 872 1
33 878 1
33 895 1
33 897 1
33 919 1
33 946 1
33 978 1
33 980 1
33 988 1
33 995 1
340 2619 1
340 2666 1
340 3419 1
3404 3405 1
3404 3406 1
3404 3407 1
3406 4732 1
341 2314 1
3412 4809 1
3415 4952 1
34 1624 1
34 1676 1
34 2021 1
34 2186 1
34 2477 1
34 252 1
3426 4667 1
34 2851 1
34 2881 1
34 2890 1
343 2674 1
343 430 1
34 35 1
3436 3437 1
3436 3438 1
3 441 1
344 1255 1
344 1369 1
344 1371 1
344 1568 1
344 1723 1
344 1803 1
344 3419 1
344 349 1
344 4702 1
34 4634 1
34 469 1
344 798 1
346 1130 1
346 1196 1
346 1909 1
346 374 1
34 648 1
34 682 1
3 469 1
34 809 1
348 2314 1
348 365 1
34 872 1
34 895 1
349 1162 1
34 919 1
349 2113 1
349 2619 1
349 4628 1
34 978 1
34 988 1
34 995 1
349 991 1
350 2053 1
3510 3511 1
35 1260 1
35 1624 1
35 1676 1
35 1677 1
35 1984 1
35 201 1
35 2186 1
352 2933 1
35 2445 1
35 2477 1
35 252 1
35 253 1
35 2845 1
35 2890 1
353 1723 1
3 536 1
35 366 1
35 375 1
354 1143 1
3542 3543 1
35 4271 1
354 387 1
35 4634 1
35 469 1
35 470 1
35 590 1
35 648 1
35 688 1
35 809 1
3 583 1
35 870 1
35 872 1
35 878 1
3 589 1
35 895 1
35 897 1
359 1051 1
3597 4653 1
35 978 1
35 995 1
360 1425 1
360 1466 1
360 2619 1
360 2740 1
360 510 1
3 611 1
361 3462 1
3629 3801 1
3629 4655 1
363 2811 1
364 1151 1
365 1150 1
365 1603 1
365 1704 1
365 2674 1
365 433 1
365 4619 1
365 4953 1
365 4954 1
366 1064 1
366 2186 1
366 2477 1
366 469 1
366 470 1
368 2012 1
368 469 1
368 720 1
369 1053 1
369 1102 1
369 1122 1
369 1177 1
369 1310 1
369 1315 1
369 1339 1
369 1364 1
369 1616 1
369 1881 1
369 1897 1
369 1988 1
369 2008 1
369 2012 1
369 2336 1
369 2383 1
369 2498 1
369 2802 1
369 3047 1
369 375 1
369 4756 1
369 479 1
369 483 1
369 510 1
369 518 1
369 536 1
369 591 1
369 595 1
369 611 1
369 618 1
369 619 1
369 658 1
369 755 1
369 798 1
369 813 1
369 850 1
369 991 1
370 4700 1
370 513 1
371 2448 1
3 714 1
371 4581 1
371 493 1
37 1513 1
371 517 1
371 518 1
373 1744 1
373 2485 1
37 39 1
373 945 1
374 1772 1
374 1776 1
374 2216 1
37 43 1
374 953 1
375 1053 1
375 1119 1
375 1339 1
375 1681 1
375 1756 1
375 2012 1
375 2065 1
375 2186 1
375 2319 1
375 2331 1
375 2383 1
375 2481 1
375 3084 1
375 3151 1
375 4323 1
375 4581 1
375 469 1
375 720 1
376 424 1
376 450 1
376 646 1
379 1775 1
381 1669 1
38 123 1
3 813 1
381 4781 1
38 41 1
384 1323 1
384 1669 1
384 1686 1
384 1889 1
384 1988 1
384 3073 1
384 3104 1
384 421 1
384 424 1
384 433 1
385 1889 1
385 2065 1
385 386 1
385 495 1
3855 4793 1
385 991 1
386 1969 1
386 2600 1
387 1207 1
388 1258 1
388 1770 1
388 567 1
389 1201 1
389 1656 1
389 1669 1
389 2020 1
389 967 1
3909 3968 1
39 1853 1
39 1854 1
39 2017 1
39 2140 1
39 2142 1
39 2469 1
39 3027 1
39 3133 1
393 1565 1
39 3196 1
39 3303 1
39 3968 1
39 41 1
39 414 1
394 3649 1
39 4520 1
39 4787 1
39 4788 1
39 4874 1
3950 4723 1
395 1383 1
395 4584 1
395 514 1
39 664 1
398 2942 1
398 589 1
398 697 1
398 813 1
398 877 1
3996 4800 1
400 1214 1
400 1632 1
400 1651 1
400 1739 1
400 1857 1
400 1860 1
400 2037 1
400 2127 1
400 2418 1
400 2673 1
400 2715 1
400 2877 1
400 3226 1
400 400 1
400 404 1
400 405 1
400 406 1
400 409 1
400 410 1
400 411 1
400 413 1
400 414 1
400 416 1
400 4677 1
400 470 1
400 473 1
400 511 1
400 583 1
400 657 1
400 660 1
400 661 1
400 664 1
400 766 1
400 958 1
40 2017 1
403 1739 1
403 663 1
403 958 1
404 1857 1
404 2418 1
404 2955 1
4047 4194 1
4047 4639 1
405 1856 1
405 3176 1
405 413 1
407 2418 1
407 410 1
407 413 1
408 1857 1
408 413 1
408 414 1
408 4752 1
409 661 1
4 1015 1
410 1651 1
410 3226 1
410 413 1
41 1015 1
411 1215 1
411 3395 1
411 416 1
411 511 1
4 1194 1
41 2017 1
4 124 1
41 2635 1
4 1267 1
413 1212 1
413 1588 1
413 1715 1
413 2037 1
413 2418 1
41 3296 1
413 3176 1
413 416 1
413 4828 1
413 661 1
41 400 1
41 410 1
414 1715 1
414 2171 1
414 3176 1
414 463 1
4153 4771 1
4 1565 1
416 1215 1
416 1217 1
416 1294 1
416 1420 1
416 1623 1
416 1691 1
416 1899 1
416 2127 1
416 2955 1
416 463 1
416 473 1
416 659 1
418 878 1
420 1190 1
420 2319 1
420 2761 1
420 561 1
421 1686 1
421 1988 1
4215 4581 1
4 2283 1
424 1209 1
424 1246 1
424 425 1
42 4718 1
425 1264 1
425 2053 1
425 4932 1
426 1415 1
426 3035 1
426 4705 1
426 4706 1
428 1175 1
4283 4890 1
428 646 1
428 953 1
430 1246 1
430 1417 1
430 1438 1
430 1449 1
430 1716 1
430 1969 1
430 2314 1
430 2674 1
430 575 1
43 139 1
43 1513 1
43 158 1
43 1606 1
43 1737 1
43 1739 1
43 2118 1
43 2171 1
43 2573 1
43 2812 1
43 2814 1
43 3111 1
433 1770 1
433 1988 1
433 2892 1
433 749 1
43 400 1
43 413 1
43 4736 1
43 4737 1
43 4738 1
43 519 1
43 663 1
43 664 1
436 968 1
438 1772 1
438 556 1
43 958 1
440 1565 1
440 1971 1
440 2383 1
440 3157 1
44 123 1
441 442 1
44 150 1
441 536 1
441 933 1
441 968 1
442 2241 1
442 544 1
443 1572 1
443 2477 1
443 2900 1
4 433 1
443 648 1
443 658 1
443 897 1
4 441 1
444 1676 1
445 1475 1
445 1849 1
445 1986 1
445 2133 1
445 2759 1
445 3197 1
445 3198 1
445 3551 1
445 524 1
445 579 1
445 640 1
44 733 1
449 2216 1
450 1723 1
450 450 1
4509 4907 1
452 4629 1
452 980 1
4 536 1
454 2846 1
456 1772 1
4566 4567 1
4569 4570 1
4571 4572 1
4571 4573 1
4571 4574 1
457 470 1
4575 4866 1
4576 4866 1
4577 4866 1
4578 4593 1
4580 4581 1
4584 4585 1
4587 4588 1
459 1629 1
459 2290 1
459 3108 1
4593 4594 1
459 869 1
460 1297 1
460 1742 1
460 2926 1
460 3659 1
4609 4610 1
46 2017 1
462 1213 1
462 2749 1
462 463 1
4627 4723 1
463 1213 1
463 1361 1
463 1420 1
463 1513 1
463 1623 1
463 1651 1
463 1691 1
463 1831 1
463 1856 1
463 2171 1
463 2176 1
463 2330 1
463 2461 1
463 2575 1
463 2706 1
463 2748 1
463 2749 1
463 2822 1
463 2828 1
463 2864 1
463 2879 1
463 2950 1
463 3046 1
463 3109 1
463 3254 1
463 3296 1
463 3379 1
463 3381 1
463 3382 1
463 3534 1
463 3613 1
463 3996 1
463 4185 1
463 4684 1
463 4712 1
463 473 1
463 4748 1
463 4792 1
463 4812 1
463 4888 1
463 4945 1
463 583 1
463 884 1
463 937 1
463 980 1
4640 4889 1
4649 4650 1
4649 4651 1
465 4311 1
4667 4711 1
4667 4726 1
4667 4920 1
4667 4943 1
467 3220 1
4673 4764 1
467 4018 1
467 878 1
468 1660 1
4685 4686 1
468 766 1
469 1581 1
469 1624 1
469 1676 1
469 1677 1
469 1682 1
469 1759 1
469 1824 1
469 1825 1
469 1994 1
469 1996 1
469 2186 1
469 2204 1
469 2436 1
469 2477 1
469 3151 1
469 3224 1
469 3225 1
469 3460 1
469 3756 1
469 4826 1
469 590 1
469 682 1
469 720 1
469 726 1
469 809 1
469 862 1
469 872 1
469 936 1
469 988 1
469 995 1
470 1222 1
470 1642 1
470 538 1
470 590 1
471 1565 1
471 1662 1
471 4837 1
4723 4724 1
4730 4790 1
473 1623 1
473 3381 1
473 583 1
473 766 1
474 1948 1
4 749 1
4757 4758 1
4760 4761 1
477 1061 1
477 1166 1
477 1342 1
477 1462 1
4772 4773 1
477 3547 1
477 505 1
477 605 1
4781 4782 1
4 79 1
479 1410 1
479 2242 1
4793 4794 1
479 4718 1
479 897 1
480 1616 1
480 2336 1
480 2383 1
480 891 1
4831 4832 1
483 1669 1
483 2661 1
484 1495 1
484 1565 1
484 2001 1
484 510 1
484 541 1
485 2154 1
4862 4863 1
487 1061 1
487 2133 1
487 620 1
4890 4891 1
4890 4892 1
4890 4893 1
4892 4893 1
4907 4960 1
49 1042 1
491 1447 1
495 1326 1
495 1327 1
495 1328 1
495 1329 1
495 1956 1
495 2050 1
495 2051 1
495 2053 1
495 2215 1
495 2382 1
495 2600 1
495 3009 1
495 3066 1
495 3200 1
495 3542 1
495 3645 1
495 496 1
495 497 1
4 968 1
497 1193 1
497 1326 1
497 1327 1
497 1329 1
497 1331 1
497 2543 1
497 4707 1
497 4902 1
497 4903 1
501 2879 1
50 221 1
503 1773 1
505 1623 1
505 598 1
505 611 1
508 3528 1
510 1177 1
510 1200 1
510 1221 1
510 1255 1
510 1339 1
510 1425 1
510 1483 1
510 1484 1
510 1524 1
510 1603 1
510 1616 1
510 1642 1
510 1652 1
510 1698 1
510 1747 1
510 1944 1
510 1959 1
510 1988 1
510 2012 1
510 2013 1
510 2020 1
510 2026 1
510 2053 1
510 2153 1
510 2166 1
510 2213 1
510 2242 1
510 2259 1
510 2314 1
510 2357 1
510 2599 1
510 2714 1
510 2977 1
5 1031 1
510 3199 1
510 3206 1
510 3274 1
510 3355 1
510 3399 1
510 3544 1
510 3639 1
510 3783 1
510 3973 1
510 4092 1
510 4591 1
510 4707 1
510 4732 1
510 4748 1
510 4760 1
510 4784 1
510 4895 1
510 4896 1
510 4897 1
510 4898 1
510 4899 1
510 4900 1
510 510 1
510 514 1
510 552 1
510 615 1
510 620 1
510 621 1
510 676 1
510 721 1
510 848 1
510 980 1
5 1099 1
511 2171 1
511 4047 1
513 1115 1
513 1787 1
513 1790 1
513 2378 1
513 3288 1
513 516 1
513 517 1
514 1503 1
514 1642 1
514 2291 1
514 3456 1
514 4722 1
514 4780 1
514 4806 1
5 1565 1
5 16 1
516 2378 1
517 1192 1
517 1417 1
517 1596 1
517 2227 1
517 2283 1
517 2378 1
517 3497 1
517 3703 1
517 4581 1
517 518 1
517 694 1
5 1785 1
518 1417 1
518 1529 1
518 1653 1
518 2130 1
518 2283 1
518 2654 1
518 4912 1
518 694 1
518 991 1
519 1739 1
5 195 1
519 663 1
519 664 1
519 958 1
5 203 1
520 4644 1
5 208 1
5 21 1
52 106 1
52 1565 1
521 611 1
52 1658 1
52 1662 1
52 1688 1
52 191 1
52 212 1
52 213 1
522 2489 1
52 230 1
5 2283 1
52 3031 1
5 2383 1
524 1475 1
524 1849 1
524 1859 1
524 2133 1
524 3197 1
524 3198 1
52 440 1
524 4906 1
524 4907 1
524 640 1
52 534 1
52 536 1
52 542 1
52 750 1
528 1773 1
52 94 1
52 998 1
530 639 1
53 106 1
53 1758 1
53 2205 1
53 252 1
53 3225 1
53 375 1
534 1906 1
53 469 1
536 1565 1
536 1642 1
536 2001 1
536 2012 1
536 2227 1
536 3329 1
536 4730 1
536 933 1
536 968 1
538 1462 1
538 1935 1
538 2266 1
538 4723 1
538 611 1
538 813 1
538 882 1
539 2500 1
541 1296 1
541 2001 1
541 767 1
542 1065 1
542 1072 1
542 1565 1
542 1903 1
542 2095 1
542 3420 1
5 441 1
544 1662 1
544 1865 1
544 698 1
544 829 1
5 4633 1
552 2020 1
552 2259 1
552 3599 1
552 4707 1
552 585 1
552 611 1
552 621 1
552 813 1
5 536 1
5 56 1
5 57 1
557 4817 1
557 558 1
557 559 1
5 581 1
558 1379 1
559 1379 1
561 1001 1
561 1801 1
561 1907 1
561 3276 1
561 4845 1
561 786 1
566 2521 1
566 3038 1
566 3134 1
566 3419 1
566 4868 1
567 1246 1
567 1258 1
567 1435 1
567 1438 1
567 1783 1
567 2104 1
567 2254 1
567 3419 1
567 4702 1
567 4869 1
567 4870 1
5 677 1
570 1125 1
57 1042 1
57 106 1
571 1167 1
571 1200 1
571 1679 1
57 1565 1
57 2052 1
5 79 1
581 1565 1
581 1741 1
583 1015 1
58 3415 1
583 4603 1
583 589 1
583 767 1
5 856 1
585 611 1
585 813 1
585 985 1
5 89 1
590 1064 1
590 1228 1
590 3052 1
591 1660 1
595 1339 1
595 2026 1
595 2330 1
595 2908 1
595 3199 1
595 4760 1
596 2290 1
5 98 1
598 1834 1
598 2070 1
598 605 1
598 611 1
602 1037 1
602 1463 1
602 2317 1
602 2712 1
602 3433 1
602 604 1
604 1768 1
604 2317 1
604 2319 1
604 2711 1
604 2712 1
604 3960 1
604 4608 1
604 604 1
604 980 1
607 1669 1
607 4781 1
611 1016 1
611 1188 1
611 1273 1
611 1296 1
611 1315 1
611 1316 1
611 1322 1
611 1484 1
611 1503 1
611 1690 1
611 1744 1
611 1798 1
611 1897 1
611 1914 1
611 1952 1
611 1963 1
611 1989 1
611 1992 1
611 2030 1
611 2126 1
611 2273 1
611 2303 1
611 2408 1
611 2498 1
611 2695 1
611 2979 1
611 2983 1
611 2990 1
611 2992 1
611 2996 1
611 3274 1
611 3283 1
611 3285 1
611 3880 1
611 4024 1
611 4086 1
611 4337 1
611 4740 1
611 4741 1
611 4742 1
611 4743 1
611 4744 1
611 625 1
611 656 1
611 705 1
611 719 1
611 755 1
611 813 1
611 848 1
611 923 1
6 1200 1
613 1323 1
613 3104 1
615 1425 1
615 2020 1
615 3236 1
615 4642 1
615 4707 1
615 967 1
6 165 1
6 1658 1
6 1662 1
6 17 1
6 1728 1
6 174 1
618 1255 1
618 1425 1
618 2020 1
6 1865 1
619 1307 1
619 2266 1
619 2303 1
619 2351 1
619 4584 1
619 813 1
619 848 1
619 880 1
620 1342 1
620 1462 1
620 1584 1
620 2153 1
620 2357 1
6 21 1
621 1658 1
6 212 1
621 2020 1
621 2131 1
621 2259 1
621 4809 1
621 629 1
625 1462 1
625 2168 1
625 3275 1
625 813 1
625 877 1
628 4837 1
637 3645 1
639 4701 1
640 2133 1
640 3198 1
640 919 1
640 993 1
6 4331 1
6 4600 1
646 1909 1
646 4791 1
646 646 1
648 1385 1
648 1599 1
648 1982 1
648 2783 1
648 2980 1
648 4626 1
648 809 1
648 813 1
648 878 1
648 897 1
648 995 1
651 3471 1
651 4912 1
651 689 1
6 52 1
653 1565 1
6 544 1
654 872 1
656 1642 1
656 813 1
658 1166 1
658 1642 1
658 813 1
660 1015 1
660 1651 1
660 2714 1
661 1212 1
661 1588 1
661 2171 1
661 4185 1
662 3339 1
662 4764 1
663 1606 1
663 1737 1
663 2118 1
663 2812 1
663 3885 1
663 664 1
6 639 1
663 958 1
664 1606 1
664 1737 1
664 2107 1
664 2171 1
664 958 1
666 3649 1
677 1447 1
6 81 1
681 1297 1
68 1315 1
68 1544 1
68 2166 1
682 1676 1
682 2186 1
682 2414 1
68 2266 1
68 2303 1
682 3151 1
68 2423 1
68 244 1
68 2562 1
68 280 1
68 2994 1
68 3072 1
68 328 1
68 3317 1
684 3649 1
68 510 1
68 514 1
686 1150 1
68 619 1
68 68 1
687 813 1
688 1856 1
688 2171 1
68 848 1
688 4814 1
689 1117 1
691 4714 1
6 94 1
694 1653 1
694 4362 1
694 4912 1
694 694 1
694 756 1
702 2543 1
703 1255 1
705 1162 1
705 1998 1
705 2290 1
705 2628 1
705 2667 1
705 3880 1
705 4747 1
71 2021 1
71 2881 1
71 2890 1
71 3013 1
714 1001 1
714 1417 1
714 1641 1
714 2741 1
717 4584 1
719 1185 1
719 4649 1
719 4804 1
720 1624 1
720 1676 1
720 1715 1
721 1230 1
721 2020 1
721 2347 1
721 3169 1
721 3890 1
721 882 1
73 1051 1
73 1130 1
73 1131 1
73 1132 1
73 1134 1
73 1142 1
73 1143 1
73 1144 1
73 1146 1
73 1150 1
73 1151 1
73 1196 1
73 124 1
73 1252 1
73 1283 1
73 1717 1
73 1719 1
73 1724 1
73 1791 1
73 2113 1
73 216 1
73 2215 1
73 2521 1
73 2527 1
73 2529 1
73 2619 1
73 2658 1
73 2660 1
73 2662 1
73 2664 1
73 2667 1
73 2740 1
73 2956 1
73 3246 1
73 325 1
73 334 1
73 335 1
73 338 1
73 340 1
73 346 1
73 348 1
73 349 1
73 351 1
73 352 1
73 358 1
73 359 1
73 361 1
73 362 1
73 364 1
73 365 1
73 384 1
73 430 1
73 4619 1
73 4620 1
73 4621 1
73 4622 1
73 565 1
73 574 1
73 613 1
73 73 1
739 2994 1
73 952 1
747 3014 1
749 1906 1
760 3528 1
760 866 1
76 1206 1
76 1281 1
76 1507 1
76 1685 1
76 1686 1
76 1706 1
76 1782 1
76 1783 1
76 1847 1
76 1910 1
76 1944 1
76 1988 1
76 203 1
76 217 1
76 226 1
76 2501 1
76 2556 1
76 2735 1
76 2736 1
76 2740 1
76 2743 1
76 2857 1
76 3073 1
763 1015 1
763 2001 1
76 327 1
76 3334 1
76 3464 1
76 3524 1
76 381 1
76 384 1
76 421 1
76 4645 1
76 607 1
766 1224 1
766 2940 1
766 3679 1
766 4941 1
767 915 1
767 985 1
76 989 1
7 7 1
770 1971 1
771 1337 1
771 1660 1
771 3468 1
775 1565 1
775 2001 1
775 3415 1
775 4819 1
775 879 1
777 891 1
781 898 1
784 1474 1
784 2189 1
784 4731 1
785 879 1
786 1596 1
786 4581 1
79 1099 1
79 1118 1
79 1200 1
79 1201 1
79 124 1
79 144 1
79 146 1
79 1616 1
79 165 1
79 1672 1
79 168 1
79 1785 1
79 1978 1
79 203 1
79 230 1
79 2375 1
79 2543 1
79 2686 1
79 2717 1
79 2746 1
79 303 1
79 3064 1
79 3884 1
79 398 1
794 1565 1
79 433 1
79 435 1
79 441 1
79 442 1
79 450 1
79 459 1
79 4607 1
79 4640 1
79 4889 1
79 536 1
79 589 1
79 646 1
79 720 1
79 749 1
798 2012 1
79 856 1
79 869 1
79 914 1
79 94 1
799 4948 1
799 4949 1
79 96 1
79 98 1
806 3415 1
809 1676 1
809 2186 1
809 2477 1
809 3151 1
809 895 1
809 995 1
812 1001 1
812 1190 1
812 1297 1
813 1016 1
813 1316 1
813 1501 1
813 1503 1
813 1642 1
813 1690 1
813 1747 1
813 1769 1
813 1925 1
813 1971 1
813 1992 1
813 2012 1
813 2153 1
813 2191 1
813 2257 1
813 2273 1
813 2291 1
813 2485 1
813 2682 1
813 2683 1
813 2983 1
813 2996 1
813 3546 1
813 4599 1
813 4608 1
813 4626 1
813 4847 1
813 4848 1
813 4849 1
813 4850 1
81 369 1
813 877 1
813 938 1
813 985 1
814 1819 1
814 882 1
82 1217 1
82 1705 1
824 2319 1
828 1652 1
8 303 1
830 882 1
831 2757 1
831 967 1
83 259 1
83 2796 1
83 2797 1
83 4671 1
848 2166 1
848 2783 1
849 1889 1
850 1529 1
850 1669 1
850 2117 1
851 1009 1
851 3885 1
856 2290 1
8 611 1
862 1581 1
866 1039 1
866 1656 1
866 1679 1
866 2205 1
866 3528 1
866 866 1
867 3196 1
869 1723 1
869 3660 1
870 1064 1
871 3176 1
87 1669 1
872 1292 1
872 1676 1
872 3151 1
872 3467 1
872 872 1
877 4630 1
878 1177 1
878 1572 1
878 2068 1
878 2336 1
878 3219 1
878 4626 1
878 4627 1
878 897 1
878 995 1
879 3597 1
879 4653 1
880 2755 1
880 4822 1
88 108 1
88 195 1
882 1042 1
882 1342 1
882 1495 1
882 1556 1
882 1586 1
882 2020 1
882 2394 1
882 3199 1
882 3218 1
882 3256 1
882 3355 1
882 3357 1
882 4187 1
882 4878 1
882 4879 1
882 4880 1
88 809 1
891 1662 1
89 1176 1
891 2383 1
891 2752 1
89 1339 1
89 2375 1
89 243 1
89 369 1
89 4685 1
895 1676 1
895 2477 1
895 4587 1
895 995 1
89 611 1
897 1166 1
89 714 1
897 1584 1
897 1599 1
897 1968 1
897 2408 1
897 3617 1
897 4823 1
90 1042 1
90 1616 1
90 1730 1
90 556 1
913 1679 1
915 1015 1
92 1042 1
92 1049 1
92 1816 1
92 2303 1
92 3072 1
92 426 1
92 510 1
92 566 1
928 1097 1
928 1801 1
92 879 1
929 1297 1
92 94 1
92 991 1
933 1565 1
933 2082 1
933 2543 1
934 1447 1
94 106 1
94 107 1
94 1072 1
94 1105 1
94 1200 1
94 124 1
94 1315 1
94 1484 1
94 1570 1
94 165 1
94 2319 1
94 2323 1
94 2898 1
94 3331 1
94 345 1
94 4816 1
94 98 1
950 1255 1
952 1956 1
953 1244 1
953 1909 1
953 4827 1
958 1606 1
958 1737 1
958 1739 1
958 2105 1
958 2106 1
958 2175 1
958 4047 1
958 4226 1
959 3072 1
966 1167 1
967 1042 1
967 3200 1
968 2082 1
968 2543 1
968 2772 1
96 98 1
97 4837 1
980 1064 1
980 1117 1
980 1154 1
980 1258 1
980 1478 1
980 1561 1
980 1565 1
980 1737 1
980 1891 1
980 1933 1
980 2169 1
980 2313 1
980 2469 1
980 2470 1
980 2703 1
980 3317 1
98 1099 1
98 1146 1
98 1201 1
98 138 1
98 1511 1
98 165 1
98 1656 1
98 1826 1
98 1954 1
98 1978 1
98 203 1
98 2112 1
98 2377 1
98 2475 1
98 2717 1
98 303 1
98 441 1
98 4660 1
98 715 1
98 747 1
98 824 1
98 98 1
991 1200 1
991 1240 1
991 1315 1
991 1317 1
991 1318 1
991 1339 1
991 1435 1
991 1889 1
991 1897 1
991 1940 1
991 1998 1
991 2008 1
991 2104 1
991 2219 1
991 2301 1
991 2303 1
991 2734 1
991 3038 1
991 4305 1
991 4755 1
991 991 1
993 3197 1
995 2277 1
995 3151 1
995 4634 1
998 1367 1
998 1662 1
998 1865 1
998 2154 1
998 2500 1
998 2514 1
1000 1565 1
1001 2855 1
1004 1290 1
100 621 1
1008 1019 1
1008 1302 1
1008 1554 1
1008 1585 1
1008 2240 1
1008 2502 1
1008 2821 1
1008 2915 1
100 914 1
1009 2763 1
10 1190 1
1015 1520 1
1016 2197 1
10 17 1
1018 1658 1
1018 1660 1
1018 3200 1
1019 1554 1
1023 1690 1
1027 2224 1
1027 2749 1
1031 1339 1
1031 1810 1
1031 1813 1
103 1315 1
103 1528 1
103 226 1
103 2579 1
103 2757 1
103 311 1
103 3117 1
103 615 1
103 710 1
1042 1315 1
1042 1495 1
1042 1565 1
1045 3100 1
1048 1705 1
105 1166 1
105 1383 1
105 1623 1
105 1799 1
105 201 1
105 2129 1
105 2690 1
105 2934 1
105 2975 1
105 3059 1
105 3065 1
105 3072 1
105 3204 1
105 3311 1
105 3338 1
105 3342 1
105 3433 1
105 3446 1
105 3515 1
105 487 1
105 648 1
1057 2695 1
105 875 1
105 880 1
105 997 1
106 1042 1
106 107 1
106 108 1
10 611 1
106 1227 1
106 1427 1
106 147 1
106 1570 1
106 160 1
106 1662 1
106 1688 1
106 1741 1
106 1742 1
106 2032 1
106 2195 1
106 2247 1
106 2319 1
106 2353 1
106 2513 1
106 2517 1
106 2645 1
106 267 1
106 299 1
106 310 1
106 311 1
106 3117 1
106 375 1
106 420 1
106 469 1
1065 1565 1
1065 1903 1
1065 2094 1
106 530 1
1065 3041 1
1065 3096 1
106 534 1
106 536 1
106 714 1
106 762 1
1068 1529 1
106 824 1
1068 2545 1
107 1865 1
1072 1074 1
1072 1565 1
1072 1627 1
1072 1730 1
1072 2093 1
1072 2549 1
1072 2550 1
1072 2553 1
1074 1627 1
107 420 1
107 480 1
1080 2303 1
1080 3192 1
1080 3323 1
108 1567 1
108 201 1
108 2438 1
108 252 1
108 253 1
108 2674 1
108 2675 1
108 2676 1
108 292 1
1083 1565 1
1083 2429 1
108 366 1
108 416 1
108 469 1
108 540 1
108 567 1
108 590 1
108 897 1
1097 1801 1
1098 1267 1
1098 1770 1
1098 2453 1
1098 2669 1
1099 1134 1
1099 2053 1
1099 2717 1
1 1 1
110 1227 1
110 1265 1
110 1416 1
110 1742 1
110 1801 1
110 2012 1
1102 1279 1
1102 2378 1
110 2249 1
110 243 1
110 252 1
1 103 1
110 3274 1
110 369 1
1 1049 1
110 850 1
1110 3419 1
111 1265 1
111 1699 1
111 281 1
1114 2695 1
1 1166 1
1118 1193 1
1119 2065 1
1122 1669 1
1122 2020 1
1 1282 1
1130 1162 1
1130 1770 1
1130 2254 1
1 1315 1
113 1866 1
113 2001 1
1135 1669 1
114 115 1
1143 1801 1
1143 2659 1
1143 3021 1
1144 1151 1
1146 1155 1
1146 3419 1
1 1484 1
1 15 1
1150 1151 1
1150 2667 1
115 116 1
115 1232 1
115 1233 1
115 2830 1
115 2831 1
115 2832 1
115 2833 1
115 2834 1
115 2835 1
115 2836 1
115 2837 1
115 2838 1
115 2839 1
115 2840 1
115 2841 1
115 2842 1
115 2843 1
1154 1501 1
1154 1636 1
1154 2697 1
1154 2698 1
115 781 1
1 16 1
1 160 1
116 1444 1
1162 1568 1
1162 1587 1
1162 2377 1
1162 3230 1
1162 3243 1
1165 3336 1
1165 3444 1
116 562 1
1 1658 1
1 1660 1
1 1662 1
1167 3175 1
1 1688 1
1 17 1
1 1705 1
1172 1281 1
1 174 1
1175 1209 1
1175 1704 1
1175 1775 1
1175 1776 1
1175 2819 1
1177 2661 1
1 1830 1
1 1844 1
1186 2262 1
1 1865 1
1 188 1
1188 1258 1
1188 1318 1
1188 1438 1
1188 1657 1
1 189 1
1 19 1
1190 1201 1
1190 1227 1
1190 2657 1
1190 3080 1
1193 1328 1
1193 3064 1
1196 1636 1
1199 1672 1
1 2 1
1200 1283 1
1200 1656 1
1200 3035 1
1201 1978 1
1203 2001 1
1 206 1
1207 2314 1
1 208 1
1209 1458 1
1209 1776 1
1 21 1
12 107 1
1 2129 1
1213 2822 1
1 214 1
1214 1931 1
1215 1860 1
1215 2171 1
1215 2770 1
1215 2877 1
1215 3063 1
1215 3386 1
1 2165 1
1217 1899 1
1217 2127 1
1217 2714 1
12 1844 1
1221 1507 1
1221 1518 1
1221 1523 1
1221 1707 1
1221 2020 1
1221 2259 1
1221 2456 1
1221 2626 1
1221 2627 1
1221 2714 1
1225 1770 1
1227 1228 1
1227 1565 1
1227 3052 1
1228 1415 1
1228 1742 1
1228 2153 1
1 2283 1
123 198 1
1232 1444 1
123 733 1
123 841 1
123 948 1
1240 1242 1
1240 1245 1
1240 2606 1
1240 2607 1
124 1010 1
124 1098 1
124 124 1
124 126 1
124 1267 1
124 130 1
124 1303 1
124 132 1
124 134 1
124 137 1
124 1643 1
124 1644 1
124 165 1
124 1730 1
124 1827 1
124 1861 1
124 1918 1
124 2002 1
124 2003 1
124 203 1
124 208 1
124 2216 1
1242 2485 1
1242 2606 1
124 2572 1
124 2574 1
124 2893 1
124 2894 1
124 2895 1
124 3014 1
124 303 1
124 3203 1
124 330 1
124 358 1
1 2436 1
124 379 1
124 441 1
124 442 1
1245 1246 1
1245 1250 1
1245 3186 1
1246 1246 1
1246 1250 1
1246 1259 1
1246 1435 1
1246 1436 1
1246 1438 1
1246 1682 1
1246 1714 1
1246 1756 1
1246 1877 1
1246 1969 1
1246 1970 1
1246 3016 1
1246 3234 1
124 747 1
124 749 1
124 762 1
124 796 1
1248 3422 1
124 891 1
124 916 1
124 946 1
124 987 1
1250 1877 1
1 2502 1
1 2507 1
1 251 1
1 2526 1
12 542 1
1 2543 1
1258 1259 1
1258 1435 1
1258 1438 1
1258 2639 1
1258 2875 1
1259 1438 1
1 2599 1
1261 1704 1
1 2650 1
1265 1416 1
1265 2888 1
1265 2889 1
1267 1827 1
1267 2003 1
1271 2378 1
127 164 1
127 1918 1
1 2720 1
1279 1889 1
1281 1283 1
1281 1686 1
1281 1889 1
128 280 1
1283 1669 1
1283 1788 1
1283 1889 1
1283 2122 1
1283 2560 1
1 29 1
129 1565 1
1292 3153 1
1292 3383 1
1294 2954 1
1294 2955 1
1296 1462 1
1296 1700 1
1297 3110 1
1 3 1
130 1010 1
130 131 1
1302 1554 1
130 2216 1
1302 2502 1
130 2300 1
1303 1567 1
1303 1770 1
1303 1967 1
1303 2933 1
1303 2935 1
130 330 1
130 441 1
1305 2646 1
1305 3121 1
1307 3171 1
130 914 1
1 3093 1
1 3113 1
1315 2083 1
1315 2471 1
1315 2576 1
1315 2757 1
1315 3072 1
1315 3189 1
1315 3433 1
1316 2408 1
1316 2450 1
1316 2683 1
1318 1435 1
13 21 1
1323 1723 1
1325 2810 1
13 2543 1
1326 1328 1
1326 1329 1
1326 1331 1
1326 2510 1
1327 2053 1
1328 1329 1
1328 2050 1
1328 2600 1
1329 1331 1
1329 1956 1
1329 2600 1
1330 3172 1
1330 3173 1
1330 3174 1
1331 2600 1
1334 1658 1
1336 1988 1
1336 3301 1
1336 3384 1
1339 1616 1
1339 1642 1
1339 2203 1
1339 2629 1
1339 2685 1
1339 3456 1
1340 1889 1
1340 1978 1
1342 2001 1
1346 1483 1
1347 1483 1
1347 3156 1
1354 1662 1
1354 3140 1
1354 3230 1
1359 1367 1
1359 2154 1
1359 2514 1
1361 2749 1
1364 3323 1
1367 1741 1
1367 2154 1
1367 2500 1
1370 1669 1
137 1098 1
137 2453 1
137 2574 1
137 3014 1
137 3215 1
137 3216 1
137 747 1
1380 1535 1
13 824 1
1383 2543 1
138 441 1
1385 1599 1
1385 3423 1
138 544 1
1388 3218 1
139 1041 1
139 1246 1
139 1281 1
139 1283 1
139 1433 1
139 1503 1
139 1515 1
139 1523 1
139 158 1
139 1659 1
139 1718 1
139 1737 1
139 1783 1
139 1847 1
139 1877 1
139 1889 1
139 1899 1
139 1944 1
139 2301 1
139 2344 1
139 2361 1
139 2539 1
139 2560 1
139 257 1
139 2827 1
139 2860 1
139 2887 1
139 2906 1
139 2914 1
139 3157 1
139 3194 1
139 326 1
139 3339 1
139 3376 1
139 3432 1
139 3482 1
139 400 1
139 403 1
139 407 1
139 411 1
139 413 1
139 416 1
139 422 1
139 657 1
139 663 1
139 664 1
139 694 1
1398 1529 1
1398 2020 1
139 958 1
1401 2065 1
1401 2382 1
140 1565 1
140 1566 1
140 916 1
1410 2236 1
1410 2867 1
1411 1565 1
1411 3096 1
1414 1415 1
1414 1699 1
1415 1801 1
1415 1848 1
1415 2149 1
1415 2869 1
1416 1801 1
1416 2382 1
1416 2889 1
1416 3435 1
14 17 1
1 420 1
1420 2799 1
1421 2107 1
1425 1484 1
1425 1652 1
1425 1699 1
1425 1988 1
1425 2020 1
1425 2259 1
1425 2342 1
1425 2423 1
1425 3328 1
1425 3329 1
1428 2562 1
143 2378 1
1433 1435 1
1433 3134 1
1435 1438 1
1435 1715 1
1435 2254 1
1435 2490 1
1436 1715 1
1436 1969 1
1437 2276 1
1438 1439 1
1438 1715 1
1438 1716 1
1438 1967 1
1438 1969 1
1438 2735 1
1439 2875 1
1439 3450 1
1441 2395 1
1441 2458 1
1442 1808 1
144 2958 1
144 2959 1
1446 1449 1
1447 1702 1
1447 1703 1
1447 2108 1
1447 2797 1
1447 3028 1
1447 3128 1
1447 3129 1
1447 3218 1
1447 3348 1
1447 3362 1
1447 3363 1
1447 3364 1
1447 3365 1
1447 3366 1
1447 3367 1
1447 3368 1
1447 3369 1
1447 3370 1
1447 3371 1
1447 3372 1
1447 3373 1
1450 2695 1
145 206 1
145 2720 1
145 3093 1
145 3113 1
1455 2438 1
1455 2926 1
1455 2927 1
1455 2928 1
1457 2001 1
1458 1776 1
1458 3398 1
146 1859 1
1462 1597 1
1462 2953 1
146 540 1
147 1752 1
147 1754 1
147 205 1
147 213 1
1474 3140 1
1475 2133 1
1475 2759 1
1476 2673 1
1476 3046 1
1483 2156 1
1483 3424 1
1484 2619 1
1487 3429 1
1495 2058 1
1495 3218 1
1 5 1
1503 2291 1
1505 1889 1
1507 2020 1
151 201 1
1512 2107 1
1513 2799 1
1513 3358 1
1513 3482 1
1515 3170 1
1516 2107 1
1518 3360 1
1 52 1
1 522 1
1523 1669 1
1523 2545 1
1529 1897 1
1529 2120 1
1529 3023 1
1529 3335 1
1529 3475 1
1529 3476 1
1529 3477 1
1529 3478 1
153 201 1
1532 2020 1
1532 3302 1
1533 1988 1
1533 3302 1
1534 2998 1
1535 3343 1
1 536 1
1537 2423 1
1 542 1
1542 2394 1
1542 2541 1
1542 2542 1
1 544 1
1546 1770 1
1546 1883 1
1554 2502 1
1554 3122 1
1554 3458 1
1554 3459 1
1560 2470 1
1561 1718 1
1561 2301 1
1565 1565 1
1565 1626 1
1565 1785 1
1565 1903 1
1565 1946 1
1565 1996 1
1565 2077 1
1565 2085 1
1565 2087 1
1565 2088 1
1565 2091 1
1565 2093 1
1565 2094 1
1565 2095 1
1565 2108 1
1565 2170 1
1565 2353 1
1565 2553 1
1565 2846 1
1565 2868 1
1565 2977 1
1565 3041 1
1565 3088 1
1565 3089 1
1565 3090 1
1565 3091 1
1565 3092 1
1565 3093 1
1565 3094 1
1565 3095 1
1565 3096 1
1565 3097 1
1565 3401 1
1 566 1
1568 1657 1
1568 2474 1
1568 2475 1
1568 2580 1
1 57 1
1570 2001 1
157 1623 1
157 1922 1
157 2883 1
157 3063 1
1580 1581 1
1580 1933 1
1581 1823 1
1581 1838 1
1581 2205 1
1581 2276 1
1581 2296 1
1581 2334 1
1581 2520 1
1581 2614 1
1581 2651 1
1581 2762 1
1581 2829 1
1581 2902 1
1581 3085 1
1581 3258 1
1581 3493 1
158 1588 1
158 1606 1
158 2159 1
158 2171 1
158 2812 1
158 400 1
158 403 1
158 413 1
158 416 1
1584 1747 1
158 473 1
1586 1617 1
1586 1794 1
158 661 1
158 663 1
1587 1588 1
1587 1715 1
1587 2113 1
1587 2373 1
1587 2401 1
1587 2504 1
1587 2505 1
1587 3104 1
1590 1632 1
15 912 1
1594 2453 1
1596 2283 1
1599 2477 1
1 6 1
1600 1827 1
1600 2003 1
1601 2003 1
160 1201 1
160 1388 1
160 1660 1
160 1662 1
160 174 1
160 1741 1
160 1978 1
160 203 1
160 2058 1
1602 2003 1
160 2430 1
160 280 1
160 2805 1
160 2851 1
160 311 1
160 3218 1
160 369 1
1604 3171 1
160 510 1
160 611 1
1606 1606 1
1606 2159 1
1606 2530 1
160 742 1
160 882 1
1609 1775 1
1609 2032 1
1609 3038 1
16 1042 1
16 1109 1
16 1201 1
16 1565 1
16 16 1
1616 2537 1
1616 2538 1
1616 3494 1
16 17 1
1617 2547 1
16 1769 1
1618 2846 1
16 19 1
16 195 1
16 2001 1
16 201 1
16 2087 1
1622 1854 1
1622 2048 1
1622 2100 1
1622 2274 1
1622 2678 1
1622 2679 1
1622 3533 1
16 23 1
1623 2156 1
1623 2161 1
1623 2271 1
1623 2575 1
1623 2681 1
1623 2883 1
16 2500 1
16 252 1
16 267 1
1629 1629 1
1629 1669 1
1629 2378 1
16 3130 1
16 3208 1
1632 1634 1
16 3350 1
16 3351 1
16 3352 1
16 3361 1
16 3394 1
16 35 1
1638 3192 1
1 639 1
164 1166 1
1641 2429 1
164 1304 1
164 1339 1
164 1383 1
164 1623 1
164 1647 1
164 1746 1
164 1971 1
164 2127 1
164 2129 1
1642 1690 1
1642 1811 1
1642 2070 1
1642 2547 1
1642 2802 1
164 2415 1
164 243 1
164 2494 1
164 2519 1
164 2565 1
164 2623 1
164 2690 1
164 2780 1
164 2795 1
164 2851 1
164 2852 1
164 2853 1
164 2886 1
164 2934 1
164 3039 1
164 3065 1
164 3072 1
164 3184 1
1643 2003 1
164 3204 1
164 328 1
164 3311 1
164 3318 1
164 3338 1
164 3342 1
164 3346 1
164 3348 1
164 3433 1
164 3502 1
164 3523 1
1644 2003 1
164 438 1
164 510 1
164 648 1
16 469 1
1647 3101 1
164 770 1
164 802 1
164 813 1
1648 2563 1
164 875 1
164 997 1
1651 2575 1
1651 2749 1
1651 2770 1
1651 2822 1
1651 2949 1
1651 3320 1
165 1658 1
165 1660 1
165 1662 1
1652 1944 1
1652 1988 1
1652 2020 1
1652 2314 1
16 534 1
16 542 1
1656 1750 1
1656 2165 1
16 57 1
1657 2140 1
1657 2373 1
1658 1662 1
1658 1865 1
16 583 1
16 588 1
1660 2486 1
1662 1662 1
1662 1827 1
1662 1865 1
1662 2499 1
1662 2502 1
1669 1783 1
1669 1988 1
1669 2279 1
1669 2339 1
1669 2344 1
1669 3073 1
1669 3374 1
1669 3375 1
1669 3376 1
1669 3377 1
1672 2053 1
16 742 1
1674 2580 1
1676 2881 1
1676 3014 1
16 770 1
1677 1681 1
1677 2477 1
1677 3080 1
1677 3124 1
16 79 1
1679 3528 1
16 810 1
16 811 1
1681 1682 1
1681 2065 1
168 1688 1
1682 2065 1
1682 2477 1
1682 2786 1
1682 3085 1
1682 3225 1
168 2526 1
16 829 1
1684 1686 1
1684 2630 1
1685 1988 1
1686 1889 1
1686 1988 1
1686 2556 1
1686 2827 1
1686 3073 1
168 751 1
16 897 1
1690 2450 1
1690 2628 1
1690 2629 1
1691 3395 1
16 915 1
1696 1851 1
1697 1851 1
16 985 1
1699 1988 1
1699 2020 1
1699 2117 1
1699 2248 1
1699 2319 1
1699 2378 1
1699 2444 1
1699 2495 1
1699 2626 1
1699 3015 1
1699 3082 1
1699 3124 1
1699 3301 1
1699 3403 1
1700 1799 1
170 1425 1
170 1658 1
170 1660 1
170 1705 1
1704 1775 1
1704 1776 1
170 510 1
1705 2065 1
1707 2444 1
17 1190 1
171 2249 1
17 1228 1
17 1354 1
17 1401 1
17 147 1
17 1474 1
1715 1739 1
1715 1967 1
1715 2215 1
1715 2956 1
1716 2625 1
1716 2697 1
1716 3235 1
17 1658 1
17 1660 1
17 1662 1
17 170 1
17 1752 1
17 1753 1
17 1759 1
17 1830 1
17 1865 1
17 1978 1
17 2008 1
17 2026 1
17 2032 1
17 205 1
17 206 1
17 21 1
17 2117 1
17 212 1
17 2131 1
17 214 1
1722 3376 1
1722 3436 1
17 2319 1
1723 1969 1
17 2355 1
17 2430 1
17 2500 1
17 2538 1
17 2580 1
17 2650 1
17 2657 1
17 2879 1
17 29 1
17 2920 1
1730 1967 1
17 303 1
17 3093 1
17 31 1
17 311 1
17 3233 1
17 3319 1
17 3409 1
17 3410 1
17 3411 1
17 3412 1
17 3413 1
17 3414 1
17 3415 1
1737 1739 1
1737 3120 1
1737 3244 1
1737 3330 1
1737 3514 1
1739 3339 1
1741 2652 1
1741 2653 1
174 1565 1
174 1658 1
174 1662 1
174 174 1
174 1865 1
174 212 1
1742 1760 1
1742 1853 1
1742 2048 1
1744 2782 1
1744 2783 1
174 536 1
1746 3534 1
17 468 1
1747 2777 1
1747 3108 1
1747 3138 1
17 484 1
17 485 1
174 933 1
174 968 1
17 50 1
17 530 1
17 532 1
1753 3272 1
175 510 1
17 57 1
1757 2065 1
1757 3085 1
1758 2065 1
1758 2205 1
1758 3081 1
1759 3152 1
1760 3301 1
1760 3435 1
176 1221 1
176 2020 1
17 621 1
176 2259 1
176 2262 1
176 2430 1
176 273 1
176 280 1
17 629 1
176 3153 1
176 3357 1
176 369 1
17 637 1
176 510 1
176 518 1
176 651 1
1768 2712 1
176 882 1
1769 1946 1
1769 2848 1
17 698 1
1 770 1
1770 1827 1
1770 1883 1
1770 1889 1
1770 2375 1
1770 2532 1
1770 2717 1
1770 2718 1
1770 2765 1
1770 2820 1
1770 2859 1
1770 2865 1
1770 2933 1
1770 2935 1
17 703 1
1770 3040 1
1770 3041 1
1770 3042 1
1770 3102 1
1770 3126 1
1770 3203 1
1770 3221 1
1770 3230 1
1770 3402 1
1770 3483 1
17 720 1
17 723 1
1772 3137 1
17 725 1
1773 3158 1
1773 3159 1
1773 3160 1
1773 3161 1
17 751 1
1775 2729 1
1775 2819 1
1776 1776 1
1776 2729 1
17 784 1
178 2695 1
1783 1988 1
1783 2556 1
1783 2764 1
1788 1889 1
17 891 1
1789 3230 1
1 79 1
17 914 1
179 1407 1
179 197 1
179 201 1
179 2243 1
179 2485 1
179 2489 1
179 252 1
179 253 1
179 3237 1
179 3238 1
179 3239 1
1794 2547 1
1794 3087 1
179 470 1
179 479 1
179 689 1
1797 2640 1
1798 2721 1
1799 2126 1
1800 2001 1
1801 2521 1
1801 2889 1
1801 3435 1
1804 2509 1
1808 3222 1
1808 3223 1
1811 2012 1
181 1339 1
181 243 1
181 2487 1
181 635 1
181 702 1
1823 2481 1
1823 2773 1
1823 2774 1
1823 3086 1
1824 3080 1
1824 3124 1
1825 2614 1
1825 2615 1
1826 2488 1
1827 2003 1
1827 2718 1
1827 3031 1
1830 2696 1
183 201 1
183 2818 1
1843 2789 1
1843 2790 1
1843 2791 1
1844 2792 1
1846 2490 1
1848 2868 1
1848 3164 1
1849 2133 1
1851 1853 1
1851 1854 1
1851 2274 1
1851 2761 1
185 1339 1
185 1565 1
1853 2100 1
1853 2101 1
1853 2102 1
1853 2274 1
1853 2761 1
1853 3164 1
1854 2101 1
1854 3347 1
1 856 1
1856 2171 1
185 916 1
1859 1859 1
1859 1967 1
1859 2186 1
1859 3151 1
1860 2673 1
1865 2543 1
1865 3415 1
187 2538 1
187 344 1
1 875 1
188 1008 1
188 1315 1
188 1537 1
188 2129 1
1883 2015 1
1883 2499 1
1883 2501 1
1883 2849 1
1883 2850 1
188 3433 1
1884 3093 1
1889 1889 1
1889 1988 1
1889 2122 1
1889 2737 1
1889 2742 1
1889 2827 1
1889 2854 1
1889 2855 1
1889 2856 1
1889 2857 1
1889 2858 1
1889 2859 1
188 959 1
188 999 1
1891 2686 1
189 1438 1
1897 2876 1
1899 3032 1
190 1565 1
190 2095 1
1903 2091 1
190 542 1
1909 3135 1
1 912 1
19 1565 1
1 92 1
19 21 1
19 213 1
192 1565 1
192 1996 1
19 230 1
19 3093 1
19 310 1
1931 2864 1
193 2807 1
193 2808 1
193 2809 1
1933 2065 1
1933 2205 1
1933 2276 1
1933 2564 1
1933 2620 1
1933 2622 1
1933 2961 1
1933 3020 1
1933 3062 1
1933 3081 1
1933 3086 1
1935 3534 1
1936 2580 1
1 94 1
1943 2205 1
1943 2564 1
1943 2614 1
1943 2615 1
1943 2621 1
1943 2622 1
1943 2786 1
1943 3017 1
1943 3020 1
1943 3081 1
1943 3139 1
1943 3396 1
19 435 1
1944 1959 1
1944 1988 1
194 583 1
1947 2712 1
195 2633 1
1953 3114 1
1953 3427 1
1953 3428 1
1956 2600 1
1958 3489 1
1959 2153 1
195 985 1
1962 2734 1
1965 3117 1
1 967 1
1967 1969 1
1967 2186 1
1969 3503 1
1969 3504 1
1971 3387 1
197 1431 1
197 1623 1
197 1799 1
197 201 1
197 244 1
197 2975 1
197 3385 1
197 3446 1
197 470 1
197 477 1
197 487 1
19 749 1
197 598 1
1978 1978 1
197 876 1
19 824 1
198 400 1
198 463 1
1986 3197 1
198 657 1
1988 2020 1
1988 2359 1
1988 2626 1
1988 2740 1
1 991 1
19 914 1
1994 2614 1
1994 2788 1
1996 1996 1
1996 2087 1
1996 3401 1
2001 2476 1
2001 2936 1
2001 2937 1
2001 2938 1
2001 2939 1
2001 2940 1
2001 2941 1
2001 3093 1
2001 3312 1
2001 3431 1
2001 3455 1
2002 2003 1
2002 2894 1
2003 3205 1
201 1114 1
201 1222 1
201 1292 1
201 1382 1
201 1386 1
201 1455 1
201 1462 1
201 1584 1
201 1595 1
201 1599 1
201 1624 1
201 1700 1
201 1747 1
201 1798 1
201 1808 1
201 1849 1
201 1859 1
201 201 1
201 2133 1
201 2153 1
201 2204 1
201 222 1
2012 2303 1
201 2243 1
201 2436 1
201 2477 1
201 2482 1
201 2485 1
201 2489 1
201 2508 1
201 251 1
201 253 1
201 267 1
201 2777 1
201 2913 1
201 3087 1
201 3108 1
201 3138 1
201 3239 1
201 328 1
201 3447 1
201 3448 1
201 3449 1
201 3539 1
201 373 1
201 375 1
201 416 1
201 418 1
201 443 1
201 445 1
201 460 1
201 467 1
201 470 1
201 567 1
201 579 1
201 590 1
201 619 1
201 647 1
201 648 1
201 656 1
201 682 1
2017 2646 1
201 747 1
201 809 1
201 813 1
201 870 1
201 875 1
201 876 1
201 878 1
201 895 1
201 897 1
2020 2259 1
2020 2262 1
2020 2359 1
2020 2626 1
2020 3082 1
2020 3166 1
2020 3302 1
2022 2276 1
2030 2378 1
2030 2695 1
2030 3522 1
203 2195 1
203 303 1
2034 2035 1
2034 2036 1
2034 2955 1
203 483 1
2035 3176 1
203 532 1
203 583 1
2036 3176 1
204 2126 1
204 2879 1
204 3140 1
2045 2428 1
2045 3303 1
2045 3473 1
204 611 1
204 813 1
2048 2250 1
2050 2600 1
205 2976 1
2053 3066 1
2053 3067 1
2053 3068 1
2053 3069 1
2053 3070 1
2058 2793 1
2058 3074 1
2058 3075 1
206 1068 1
206 1438 1
206 2290 1
2063 2167 1
2063 2784 1
2065 2123 1
2065 2205 1
2065 2276 1
2065 2319 1
2065 2382 1
2065 2444 1
2065 2511 1
2065 2564 1
2065 2614 1
2065 2617 1
2065 2621 1
2065 2657 1
2065 2679 1
2065 2762 1
2065 2866 1
2065 2903 1
2065 3062 1
2065 3077 1
2065 3078 1
2065 3079 1
2065 3080 1
2065 3081 1
2065 3082 1
2065 3083 1
2065 3084 1
2065 3085 1
2065 3116 1
2065 3301 1
206 571 1
2070 3456 1
207 3230 1
207 3243 1
2076 2154 1
2076 2500 1
208 1662 1
208 2195 1
208 2383 1
208 299 1
208 369 1
208 714 1
208 891 1
208 899 1
2091 2095 1
2091 3243 1
209 2486 1
2093 2550 1
2093 2552 1
2093 2553 1
2095 2108 1
2095 2353 1
2095 3243 1
2100 2907 1
2101 2907 1
2 1042 1
2104 2104 1
2 106 1
2107 2580 1
21 1018 1
21 103 1
21 1121 1
21 1190 1
21 1200 1
2 113 1
21 1336 1
21 1340 1
21 1484 1
21 1494 1
21 1569 1
21 160 1
21 165 1
21 1656 1
21 1658 1
21 1660 1
21 1662 1
21 1679 1
21 168 1
21 170 1
21 1705 1
2117 3516 1
21 174 1
21 1783 1
21 1830 1
21 188 1
21 2008 1
21 203 1
21 208 1
21 212 1
21 214 1
21 2151 1
21 2165 1
212 1658 1
212 1662 1
212 2538 1
21 226 1
2 1227 1
212 303 1
21 233 1
21 2486 1
21 2543 1
212 544 1
21 2557 1
21 2624 1
21 2696 1
21 2724 1
2127 2763 1
21 2742 1
21 2879 1
21 2898 1
21 29 1
21 299 1
21 303 1
21 304 1
21 3093 1
213 1194 1
213 1565 1
2132 3262 1
21 3233 1
21 3331 1
2133 3131 1
2133 3132 1
2133 3197 1
21 345 1
21 3468 1
21 3469 1
21 3470 1
21 381 1
21 385 1
21 386 1
213 968 1
2140 2469 1
214 1099 1
21 420 1
214 303 1
214 3474 1
214 3528 1
214 450 1
214 583 1
2 146 1
214 760 1
2149 2868 1
21 522 1
2153 2154 1
2153 2156 1
2153 3155 1
2153 3156 1
2154 2500 1
2154 2677 1
21 544 1
21 571 1
215 751 1
216 1051 1
216 1201 1
216 1897 1
216 224 1
216 243 1
216 349 1
216 365 1
2 1642 1
2165 2619 1
216 538 1
216 583 1
216 597 1
21 671 1
216 924 1
21 705 1
2171 2172 1
2171 2174 1
2171 2176 1
2171 2177 1
2171 2179 1
2171 3177 1
2171 3178 1
2171 3179 1
2171 3180 1
2171 3181 1
2171 3182 1
2171 3183 1
2176 2749 1
2176 3250 1
2176 3251 1
2176 3252 1
21 771 1
2178 3121 1
218 1425 1
218 1524 1
218 1652 1
218 1944 1
21 824 1
218 255 1
218 2599 1
21 826 1
218 510 1
218 552 1
21 856 1
2186 2186 1
2186 2276 1
2186 2618 1
2186 2774 1
2 1865 1
218 848 1
21 891 1
21 913 1
21 94 1
21 959 1
2 196 1
21 96 1
21 967 1
2 2001 1
2201 2712 1
2204 2477 1
2205 2961 1
2 208 1
2 2132 1
222 3292 1
222 470 1
2 23 1
2 2326 1
2233 2580 1
223 682 1
2 2413 1
2242 2633 1
2 243 1
2 244 1
2248 2497 1
2249 2909 1
2 2500 1
2 251 1
2 252 1
2 2543 1
225 510 1
2259 3166 1
226 3384 1
2265 2551 1
2265 2577 1
2265 2884 1
2265 3006 1
2267 2741 1
2271 2673 1
2271 3253 1
2274 2907 1
2276 3293 1
2276 3294 1
2276 3295 1
228 1978 1
2290 2658 1
2290 3325 1
2290 3326 1
229 243 1
229 244 1
229 440 1
2 2983 1
2 3 1
2303 3192 1
2 3093 1
2 310 1
23 106 1
23 1271 1
23 1410 1
23 1417 1
23 1427 1
2315 3082 1
23 1565 1
2317 2712 1
2319 2621 1
23 195 1
23 201 1
2 3207 1
2 3208 1
23 2087 1
2 3209 1
2 3210 1
2 3211 1
2 3212 1
2 3213 1
23 2238 1
23 2241 1
23 2242 1
23 2244 1
23 2261 1
23 23 1
23 2342 1
23 2358 1
23 257 1
23 2747 1
23 2760 1
23 2940 1
23 2992 1
23 3093 1
2331 2615 1
2331 3086 1
23 3162 1
23 3262 1
23 3263 1
23 3264 1
23 3265 1
23 3266 1
23 3267 1
23 3268 1
23 3269 1
23 3270 1
23 3271 1
23 3310 1
2334 2903 1
23 3532 1
2336 2661 1
23 415 1
23 479 1
2349 3259 1
2352 2975 1
23 536 1
23 539 1
23 542 1
23 57 1
2357 2695 1
2357 3166 1
23 583 1
2361 3489 1
2368 3433 1
2 369 1
23 742 1
2375 2933 1
23 767 1
2378 2378 1
2378 2859 1
2378 3495 1
2378 3526 1
2378 3527 1
2384 2749 1
23 888 1
23 914 1
23 917 1
23 964 1
2398 2695 1
240 2961 1
2408 2670 1
2408 2671 1
2423 2562 1
2424 2680 1
2428 3117 1
2430 3492 1
243 1031 1
243 1065 1
243 1072 1
243 1260 1
243 1307 1
243 1339 1
243 1342 1
243 1364 1
243 1367 1
243 1371 1
243 1425 1
243 1503 1
243 1616 1
243 1624 1
243 1639 1
243 1642 1
243 1643 1
243 1661 1
243 1741 1
243 1758 1
243 1769 1
243 1785 1
243 1798 1
243 1804 1
243 1811 1
243 1812 1
243 2070 1
243 2108 1
243 2326 1
243 252 1
243 253 1
243 2751 1
243 2752 1
243 2753 1
243 2754 1
243 2755 1
243 2756 1
243 280 1
243 2802 1
243 281 1
243 2899 1
243 310 1
243 368 1
243 369 1
243 375 1
2434 2651 1
243 438 1
243 479 1
243 485 1
243 510 1
243 536 1
243 595 1
243 658 1
243 769 1
2438 3303 1
2438 3498 1
2438 3499 1
2438 3500 1
243 877 1
243 882 1
243 929 1
243 934 1
244 1315 1
244 1339 1
244 1342 1
244 1537 1
244 1804 1
244 1811 1
244 2070 1
244 2133 1
244 2408 1
244 2484 1
244 2485 1
244 2547 1
244 2628 1
244 274 1
244 2783 1
244 2802 1
244 2886 1
244 2994 1
244 3054 1
244 3387 1
244 369 1
2444 3081 1
244 438 1
244 510 1
244 538 1
244 552 1
244 611 1
244 658 1
244 689 1
244 756 1
244 991 1
2456 3360 1
246 1704 1
2 469 1
247 1704 1
247 1776 1
247 248 1
2474 2490 1
247 450 1
2475 2490 1
2476 3272 1
247 646 1
2477 2478 1
2477 2479 1
2477 2480 1
2477 2481 1
2477 2973 1
248 1048 1
248 1134 1
248 1175 1
248 1209 1
248 1458 1
248 1575 1
248 1704 1
248 1772 1
248 1775 1
248 1776 1
248 2314 1
248 258 1
248 262 1
248 2640 1
248 269 1
248 2723 1
248 2724 1
248 2725 1
248 2726 1
248 2727 1
248 2728 1
248 2729 1
248 2730 1
248 2731 1
248 2732 1
248 3029 1
248 3147 1
248 315 1
248 376 1
248 450 1
248 502 1
248 646 1
248 828 1
2490 2491 1
2490 2492 1
2490 2493 1
2495 2496 1
2495 2497 1
2497 2873 1
2497 3508 1
2499 2500 1
2499 2501 1
2499 2502 1
2 5 1
2500 2502 1
2500 2512 1
2500 2513 1
2500 2514 1
2500 2515 1
2500 2516 1
2501 2718 1
2508 2509 1
2509 2934 1
2510 2600 1
251 2489 1
251 253 1
251 443 1
2 52 1
252 1004 1
2521 2522 1
252 1859 1
252 2183 1
252 2204 1
252 2477 1
252 2489 1
252 253 1
252 3292 1
252 366 1
2524 2697 1
252 440 1
252 444 1
252 469 1
252 470 1
252 567 1
252 590 1
2526 2741 1
252 656 1
252 682 1
252 688 1
252 720 1
2527 2528 1
2527 2529 1
252 895 1
252 897 1
2 53 1
2 530 1
253 1303 1
253 1455 1
253 1849 1
253 1859 1
253 1967 1
253 2133 1
253 2204 1
253 2489 1
253 253 1
253 2845 1
2533 2534 1
2533 2535 1
2533 2536 1
253 366 1
253 369 1
253 443 1
253 445 1
253 469 1
253 470 1
253 579 1
253 590 1
2 536 1
253 611 1
253 648 1
253 656 1
253 688 1
253 747 1
2538 2722 1
2538 2746 1
2538 2855 1
2538 3152 1
253 870 1
253 875 1
253 895 1
253 897 1
2 541 1
2 542 1
2543 2544 1
2543 3190 1
2 544 1
2544 3190 1
2545 2546 1
2548 2724 1
2550 2911 1
2550 2912 1
2551 2552 1
2551 3022 1
255 1425 1
2553 3016 1
2556 2859 1
2556 2914 1
2556 3073 1
256 1245 1
256 1246 1
256 1263 1
256 1528 1
2562 3387 1
256 2557 1
256 259 1
256 262 1
256 2739 1
256 327 1
2563 2942 1
256 424 1
2564 2621 1
2564 3299 1
2566 2567 1
2566 2568 1
256 967 1
257 1669 1
257 1686 1
257 1889 1
257 1919 1
257 259 1
257 2750 1
257 327 1
257 384 1
257 438 1
257 456 1
2577 2595 1
2577 2692 1
2577 2695 1
2577 2733 1
2577 2798 1
2577 2804 1
2577 2851 1
2577 2952 1
2577 2974 1
2577 2998 1
2577 3214 1
2577 3512 1
2577 3513 1
2577 3529 1
2580 2581 1
2580 2582 1
2580 2583 1
2580 2584 1
2580 2585 1
2580 2586 1
2580 2587 1
2580 2588 1
2580 2589 1
2580 2590 1
2580 2591 1
2580 2592 1
2580 2593 1
2580 2594 1
2 581 1
258 1048 1
258 1776 1
259 1102 1
259 1240 1
259 1242 1
259 1245 1
259 1246 1
259 1248 1
259 1250 1
259 1528 1
259 2606 1
259 2720 1
259 2739 1
259 2844 1
259 327 1
2594 2648 1
259 450 1
2595 2689 1
2595 2690 1
2595 2691 1
2595 2695 1
2600 2601 1
2602 3522 1
2608 2609 1
2608 3534 1
2611 2612 1
2614 2615 1
2614 2616 1
2614 2617 1
2614 2618 1
2614 3301 1
2620 2621 1
2620 2622 1
262 1209 1
2628 3261 1
2628 3471 1
2633 2634 1
2636 2637 1
2636 2638 1
2641 2642 1
2641 2643 1
2641 2644 1
264 1565 1
2646 2647 1
2648 2649 1
265 1283 1
265 3104 1
265 3524 1
2655 3060 1
2657 3080 1
2657 3082 1
2657 3117 1
2660 2978 1
2661 2893 1
2663 3185 1
2663 3483 1
2673 2883 1
267 3431 1
267 747 1
2681 3416 1
2682 2683 1
2683 3274 1
2684 2685 1
2686 3115 1
2687 2688 1
269 1132 1
2692 2693 1
2692 2694 1
2692 2695 1
2692 2998 1
2692 3388 1
269 354 1
269 365 1
2695 2784 1
2695 2804 1
2695 2974 1
2695 3055 1
2695 3232 1
2695 3408 1
2695 3529 1
2697 2698 1
2697 2699 1
2700 2701 1
2700 3009 1
2704 2705 1
2704 2706 1
2705 3135 1
2712 2713 1
2712 3306 1
2712 3307 1
2712 3308 1
2712 3416 1
2 714 1
2714 2714 1
2714 2715 1
27 201 1
2720 3249 1
2724 2908 1
27 2489 1
272 510 1
27 253 1
272 882 1
2729 2819 1
273 1221 1
273 2020 1
27 33 1
273 510 1
2735 3104 1
2 740 1
274 3290 1
2744 2744 1
2748 2749 1
2749 2948 1
2749 2949 1
2749 2950 1
2749 2951 1
2749 3482 1
275 2595 1
275 2998 1
2758 2759 1
2759 3132 1
2760 3162 1
2760 3532 1
2 770 1
2770 2771 1
277 1903 1
2774 3086 1
2 775 1
2784 2785 1
2786 2787 1
2786 3017 1
2798 3121 1
27 995 1
2800 2801 1
280 1186 1
280 1242 1
280 1265 1
280 1279 1
280 1301 1
280 1339 1
280 1343 1
280 1367 1
280 1398 1
280 1417 1
280 1441 1
280 1529 1
280 1542 1
280 1596 1
280 1765 1
280 1897 1
280 2109 1
280 2234 1
280 2249 1
280 2273 1
280 2283 1
280 2378 1
280 2408 1
280 2485 1
280 2654 1
280 2741 1
280 2754 1
280 2793 1
280 280 1
280 281 1
280 282 1
280 2865 1
280 2878 1
280 2942 1
280 302 1
280 3028 1
280 3036 1
280 3071 1
280 3076 1
280 3218 1
2803 2804 1
280 3305 1
280 3329 1
280 3356 1
280 3430 1
280 3497 1
280 3505 1
280 3517 1
280 3518 1
280 3519 1
280 3520 1
280 3521 1
280 3522 1
280 3539 1
280 369 1
280 370 1
280 371 1
280 389 1
2804 2884 1
2804 3232 1
280 438 1
280 479 1
280 493 1
280 513 1
280 516 1
280 517 1
280 518 1
2805 2806 1
280 611 1
280 651 1
280 677 1
280 688 1
280 693 1
280 694 1
280 897 1
280 922 1
281 1000 1
281 1065 1
281 1072 1
281 1098 1
281 1618 1
281 1622 1
281 1627 1
281 1730 1
281 1812 1
281 2093 1
281 2094 1
281 2549 1
281 2550 1
281 2551 1
281 2552 1
281 2553 1
281 2554 1
281 2555 1
281 283 1
281 2911 1
281 3016 1
281 310 1
281 3533 1
281 596 1
2817 2825 1
2820 2899 1
282 1247 1
2822 2822 1
282 371 1
2824 2825 1
2824 2826 1
2825 2861 1
2 826 1
283 2596 1
283 2597 1
2846 2847 1
2846 2848 1
2851 2890 1
2861 2862 1
2861 2863 1
2868 2869 1
2868 2870 1
2868 2871 1
2 875 1
2881 2882 1
2884 2885 1
2890 2891 1
2902 2903 1
2902 2904 1
2905 3151 1
29 1042 1
29 1056 1
29 1315 1
291 3400 1
2 914 1
2916 2917 1
2916 2918 1
2916 2919 1
2920 2921 1
292 1565 1
292 2429 1
2932 2933 1
2 933 1
2933 3043 1
29 345 1
2 94 1
2940 3310 1
2941 3314 1
2942 2943 1
2942 2953 1
2948 2949 1
2949 3044 1
2949 3045 1
2949 3046 1
2955 3395 1
296 1305 1
296 1623 1
296 1922 1
296 2271 1
296 2646 1
296 2673 1
296 2883 1
296 3439 1
296 3440 1
296 3441 1
296 3442 1
296 3443 1
296 373 1
296 400 1
296 416 1
2964 3151 1
296 463 1
296 473 1
296 594 1
296 619 1
296 704 1
297 1565 1
297 310 1
2975 2975 1
29 879 1
2994 2995 1
2998 2999 1
2998 3000 1
2998 3001 1
2998 3002 1
2998 3003 1
2998 3004 1
2998 3005 1
2998 3006 1
2998 3007 1
2998 3008 1
2998 3118 1
3006 3118 1
3006 3119 1
3009 3010 1
3009 3011 1
3018 3019 1
3029 3030 1
303 1658 1
303 1660 1
303 2598 1
3033 3034 1
30 369 1
303 705 1
303 882 1
304 2580 1
3046 3320 1
305 1039 1
305 1656 1
305 1705 1
305 2165 1
3056 3057 1
3056 3457 1
3060 3061 1
3080 3117 1
3081 3152 1
308 365 1
3084 3085 1
3085 3536 1
3085 3537 1
3090 3401 1
309 2104 1
3093 3206 1
3100 3100 1
310 1072 1
310 1565 1
310 2093 1
3102 3125 1
3102 3400 1
310 2846 1
310 454 1
3105 3106 1
3105 3107 1
3105 3108 1
3109 3320 1
31 106 1
311 1401 1
311 1677 1
311 1759 1
311 1824 1
31 1190 1
311 1965 1
311 2065 1
31 1227 1
311 2319 1
311 2477 1
311 2511 1
311 2538 1
311 2657 1
311 3080 1
311 3509 1
311 375 1
311 420 1
31 160 1
311 720 1
311 726 1
3117 3509 1
31 1758 1
311 824 1
3120 3244 1
3122 3123 1
3125 3126 1
3125 3127 1
3128 3129 1
31 311 1
3135 3136 1
3141 3142 1
3141 3143 1
3144 3145 1
3151 3298 1
31 53 1
315 315 1
3153 3154 1
3156 3277 1
3156 3278 1
3162 3163 1
3164 3165 1
3166 3167 1
3166 3168 1
3166 3169 1
31 714 1
31 720 1
317 2314 1
31 725 1
317 2674 1
317 3235 1
317 343 1
317 387 1
3 174 1
317 430 1
31 812 1
3 1865 1
3190 3191 1
319 3312 1
31 94 1
3194 3195 1
3197 3198 1
3200 3201 1
3200 3202 1
3 21 1
3218 3256 1
3218 3257 1
3218 3321 1
3227 3228 1
3227 3229 1
3 2283 1
3 23 1
3235 3236 1
323 813 1
3244 3245 1
3 2499 1
325 1136 1
325 1146 1
325 2717 1
3253 3254 1
3253 3255 1
3256 3321 1
3259 3260 1
3 2599 1
326 1283 1
326 1435 1
326 1449 1
326 1847 1
3268 3400 1
327 1684 1
327 1685 1
327 1686 1
327 1782 1
327 1783 1
3272 3273 1
327 2630 1
327 2639 1
327 2739 1
327 3073 1
327 3332 1
327 3333 1
327 3334 1
3 2772 1
3279 3280 1
3279 3281 1
328 1462 1
328 2485 1
328 2562 1
328 369 1
328 611 1
3288 3289 1
3290 3291 1
3296 3297 1
3299 3473 1
330 1092 1
330 1175 1
330 1209 1
330 1705 1
330 374 1
33 1016 1
33 1064 1
33 108 1
331 1124 1
331 1362 1
331 1363 1
331 1415 1
331 1709 1
331 2069 1
331 2102 1
331 2254 1
3312 3313 1
33 1260 1
331 2655 1
331 2656 1
33 1292 1
33 1303 1
331 3035 1
33 1325 1
33 139 1
3314 3315 1
3314 3316 1
33 1437 1
33 158 1
33 1590 1
33 1624 1
33 1677 1
33 179 1
33 1798 1
33 1821 1
33 1859 1
33 1963 1
33 1967 1
33 1979 1
33 1981 1
33 1986 1
33 201 1
33 2124 1
33 2133 1
3321 3322 1
33 2183 1
33 2186 1
33 2197 1
33 223 1
33 2349 1
33 2429 1
33 2477 1
33 252 1
33 253 1
33 2609 1
33 2653 1
33 267 1
3 3274 1
33 2851 1
33 2881 1
33 2890 1
33 2931 1
33 2966 1
33 2967 1
33 2968 1
33 2969 1
33 2970 1
33 2971 1
33 2972 1
33 2973 1
33 3014 1
33 3197 1
33 3259 1
33 33 1
33 34 1
33 3467 1
33 35 1
3336 3337 1
33 366 1
33 368 1
33 373 1
3337 3444 1
33 375 1
334 1051 1
334 1142 1
334 1151 1
33 416 1
334 1635 1
334 1636 1
334 2558 1
33 43 1
334 337 1
334 341 1
334 357 1
33 443 1
33 444 1
33 445 1
33 469 1
33 470 1
335 1967 1
33 567 1
3357 3451 1
3357 3452 1
33 578 1
3358 3359 1
33 590 1
33 648 1
33 654 1
33 656 1
33 682 1
33 71 1
33 720 1
33 747 1
3376 3437 1
3376 3438 1
33 809 1
338 2580 1
3383 3467 1
33 872 1
3388 3389 1
3388 3390 1
33 89 1
33 895 1
33 897 1
33 90 1
33 946 1
33 988 1
33 995 1
340 1146 1
340 1587 1
340 358 1
3404 3405 1
3404 3406 1
3404 3407 1
341 3235 1
341 348 1
34 1624 1
3416 3417 1
34 179 1
34 2133 1
34 2881 1
343 1326 1
34 3197 1
343 2625 1
3433 3434 1
34 3345 1
343 348 1
343 430 1
34 35 1
3436 3437 1
3436 3438 1
344 1371 1
344 1568 1
344 1878 1
344 1897 1
344 2778 1
344 369 1
34 445 1
345 1750 1
34 524 1
346 1143 1
346 433 1
34 648 1
3465 3466 1
34 71 1
3472 3473 1
348 2667 1
348 3235 1
348 365 1
3485 3486 1
3485 3487 1
3489 3490 1
34 895 1
349 1162 1
349 2113 1
349 2377 1
34 995 1
350 2053 1
3505 3506 1
3505 3507 1
3510 3511 1
35 1064 1
35 108 1
35 1260 1
35 1325 1
35 1599 1
35 1624 1
35 1677 1
35 179 1
35 1981 1
35 201 1
352 1151 1
352 1770 1
35 2186 1
35 2205 1
35 222 1
352 2820 1
352 3483 1
35 2477 1
35 252 1
35 253 1
35 2890 1
353 1723 1
35 3259 1
3534 3535 1
35 3460 1
35 3461 1
3 536 1
35 375 1
3540 3541 1
354 1143 1
3542 3543 1
354 365 1
35 469 1
35 590 1
35 648 1
35 682 1
35 720 1
35 809 1
35 872 1
35 895 1
35 897 1
359 1051 1
35 988 1
35 995 1
360 2740 1
3 611 1
361 2377 1
361 3462 1
36 2763 1
364 2377 1
365 1051 1
365 1132 1
365 1134 1
365 1487 1
365 1587 1
365 1704 1
365 1776 1
365 3235 1
366 1064 1
366 1981 1
366 443 1
366 469 1
366 590 1
366 654 1
366 809 1
367 2761 1
367 2926 1
367 3327 1
368 1565 1
368 469 1
369 1029 1
369 1123 1
369 1130 1
369 1177 1
369 1200 1
369 1283 1
369 1315 1
369 1362 1
369 1425 1
369 1811 1
369 1878 1
369 1988 1
369 2012 1
369 2303 1
369 2316 1
369 2339 1
369 2377 1
369 2626 1
369 2802 1
369 2986 1
369 3038 1
369 3047 1
369 3048 1
369 3049 1
369 3050 1
369 3051 1
369 369 1
369 375 1
369 479 1
369 510 1
369 518 1
369 567 1
369 595 1
369 611 1
369 658 1
369 694 1
369 850 1
369 882 1
369 991 1
370 517 1
371 2109 1
371 2408 1
371 3305 1
37 2763 1
373 2485 1
374 1339 1
374 1773 1
3 751 1
375 1339 1
375 1581 1
375 1681 1
375 1933 1
375 2012 1
375 2020 1
375 2065 1
375 2319 1
375 2477 1
375 2538 1
375 2615 1
375 2651 1
375 3081 1
375 3124 1
375 3225 1
375 469 1
375 567 1
375 850 1
37 61 1
376 1715 1
376 450 1
376 646 1
379 1775 1
381 1532 1
381 1533 1
381 1889 1
381 3463 1
381 389 1
381 611 1
384 1281 1
384 1889 1
384 1988 1
384 2580 1
385 1889 1
385 2323 1
385 2696 1
386 1658 1
386 2600 1
386 3384 1
386 495 1
386 566 1
387 430 1
389 1201 1
389 1988 1
389 2020 1
389 3302 1
389 3360 1
389 510 1
3 912 1
39 123 1
3 914 1
39 2017 1
39 2045 1
39 2438 1
39 2907 1
39 3133 1
393 1844 1
39 3247 1
39 41 1
39 44 1
398 1770 1
398 2719 1
398 611 1
398 813 1
398 882 1
398 910 1
400 1009 1
400 1213 1
400 1214 1
400 1217 1
400 1513 1
400 1516 1
400 1623 1
400 1651 1
400 1691 1
400 1860 1
400 2127 1
400 2673 1
400 2714 1
400 2811 1
400 2812 1
400 2813 1
400 2814 1
400 2815 1
400 2816 1
400 2817 1
400 2877 1
400 3063 1
400 3344 1
400 3386 1
400 404 1
400 405 1
400 409 1
400 410 1
400 411 1
400 413 1
400 473 1
400 474 1
400 583 1
400 657 1
400 661 1
400 663 1
400 664 1
400 766 1
400 958 1
400 987 1
402 3386 1
403 1737 1
403 1739 1
403 2673 1
403 958 1
404 1857 1
404 410 1
405 2714 1
405 3176 1
405 3386 1
405 413 1
405 416 1
407 413 1
408 411 1
410 2763 1
410 411 1
411 1857 1
411 3395 1
41 139 1
4 12 1
412 2035 1
412 2037 1
412 2175 1
4 124 1
413 1513 1
413 3176 1
413 3226 1
413 416 1
413 661 1
413 663 1
41 400 1
414 3176 1
414 463 1
415 2508 1
4 1565 1
41 583 1
416 1513 1
416 1610 1
416 1623 1
416 1899 1
416 1936 1
416 2669 1
416 2673 1
416 2823 1
416 2932 1
416 3032 1
416 3358 1
416 3359 1
416 3426 1
416 469 1
416 590 1
416 704 1
416 790 1
419 2683 1
420 1166 1
420 1401 1
420 1416 1
420 1801 1
420 2319 1
420 2761 1
420 561 1
421 1770 1
4 2283 1
4 23 1
423 1193 1
425 2053 1
4 2531 1
426 1415 1
426 1699 1
426 1742 1
426 1897 1
426 2069 1
426 2264 1
426 2761 1
426 2873 1
426 460 1
426 697 1
427 1967 1
428 1776 1
428 450 1
428 646 1
430 1435 1
430 1438 1
430 1716 1
430 1969 1
430 2625 1
430 2674 1
430 3349 1
430 567 1
43 139 1
43 158 1
43 1588 1
43 1606 1
43 1737 1
43 1739 1
43 2159 1
43 2171 1
43 2178 1
43 2812 1
433 1770 1
433 2501 1
433 2662 1
433 2892 1
433 914 1
43 416 1
435 1565 1
436 2894 1
43 663 1
43 720 1
438 1772 1
438 1773 1
438 556 1
438 991 1
43 958 1
440 1042 1
440 2526 1
441 1303 1
441 442 1
442 1303 1
442 1362 1
442 1565 1
442 1641 1
442 3445 1
442 540 1
442 916 1
443 1572 1
44 3196 1
443 2204 1
443 2477 1
443 2900 1
443 590 1
4 441 1
445 1986 1
445 2133 1
445 2759 1
445 3197 1
445 3198 1
445 524 1
445 579 1
445 640 1
445 688 1
445 737 1
44 867 1
450 1704 1
450 2722 1
450 2880 1
450 450 1
4 544 1
456 1339 1
456 1772 1
456 1773 1
457 2132 1
457 2960 1
459 1154 1
459 2290 1
459 3114 1
462 2176 1
462 2714 1
462 2748 1
462 2749 1
462 463 1
462 660 1
463 1027 1
463 1213 1
463 1305 1
463 1476 1
463 1483 1
463 1623 1
463 1691 1
463 2176 1
463 2178 1
463 2224 1
463 2271 1
463 2575 1
463 2672 1
463 2673 1
463 2704 1
463 2706 1
463 2748 1
463 2749 1
463 2822 1
463 2828 1
463 2860 1
463 2949 1
463 3022 1
463 3046 1
463 3109 1
463 3121 1
463 3171 1
463 3254 1
463 3296 1
463 3379 1
463 3380 1
463 3381 1
463 3382 1
463 3482 1
463 3491 1
463 3534 1
467 897 1
468 2001 1
468 3144 1
468 766 1
469 1157 1
469 1676 1
469 1677 1
469 1682 1
469 1824 1
469 1825 1
469 1942 1
469 1960 1
469 1994 1
469 2186 1
469 2204 1
469 2205 1
469 2434 1
469 2436 1
469 2445 1
469 2477 1
469 2481 1
469 2788 1
469 3224 1
469 3225 1
469 3496 1
469 473 1
469 590 1
469 720 1
469 747 1
469 809 1
469 936 1
469 988 1
470 1222 1
470 1590 1
470 1642 1
470 3219 1
470 3220 1
470 3464 1
470 538 1
470 897 1
473 2127 1
473 583 1
473 766 1
476 1026 1
476 1339 1
476 2518 1
476 480 1
477 1166 1
477 1342 1
477 1383 1
477 1462 1
477 3072 1
477 3433 1
477 505 1
477 611 1
477 648 1
477 813 1
479 2648 1
479 2760 1
480 1662 1
480 891 1
483 2195 1
483 2339 1
483 567 1
484 2502 1
485 1565 1
485 2154 1
485 3243 1
487 813 1
489 1447 1
490 2357 1
490 2784 1
490 813 1
491 1447 1
493 1242 1
493 3522 1
493 518 1
495 1326 1
495 1328 1
495 1329 1
495 1956 1
495 2050 1
495 2215 1
495 2600 1
495 2700 1
495 3009 1
495 3542 1
495 495 1
495 496 1
495 497 1
497 1193 1
497 1326 1
497 1327 1
497 1329 1
497 2053 1
497 2600 1
502 1775 1
503 2580 1
505 598 1
510 1200 1
510 1201 1
510 1221 1
510 1264 1
510 1316 1
510 1336 1
510 1339 1
510 1425 1
510 1483 1
510 1484 1
510 1524 1
510 1598 1
510 1642 1
510 1652 1
510 1686 1
510 1690 1
510 1699 1
510 1932 1
510 1935 1
510 1944 1
510 1959 1
510 1974 1
510 1988 1
510 2012 1
510 2020 1
510 2153 1
510 2236 1
510 2259 1
510 2262 1
510 2314 1
510 2357 1
510 2384 1
510 2714 1
510 2805 1
510 3053 1
510 3101 1
510 3199 1
510 3218 1
510 3274 1
510 3302 1
510 3309 1
510 3328 1
510 3329 1
510 3360 1
510 3399 1
510 3544 1
510 510 1
510 570 1
510 615 1
510 620 1
5 108 1
511 2171 1
511 2714 1
511 2877 1
511 3386 1
5 12 1
513 2793 1
513 516 1
513 517 1
514 3456 1
5 146 1
514 769 1
5 1565 1
5 16 1
516 1736 1
516 2378 1
516 2628 1
516 3287 1
516 3288 1
516 3289 1
516 611 1
5 1662 1
516 705 1
517 1441 1
517 1529 1
517 2109 1
517 2126 1
517 2395 1
517 2408 1
517 2793 1
517 3430 1
517 518 1
517 672 1
517 694 1
5 1785 1
517 850 1
518 1343 1
518 3453 1
518 521 1
518 694 1
519 1441 1
5 1949 1
5 203 1
5 21 1
5 214 1
52 1688 1
521 813 1
5 2198 1
52 213 1
5 2283 1
524 2133 1
524 3197 1
524 993 1
52 536 1
5 2543 1
527 1773 1
52 750 1
5 2977 1
530 1447 1
530 1565 1
530 2001 1
530 2095 1
530 740 1
53 106 1
531 1447 1
5 3117 1
53 160 1
53 1662 1
53 2065 1
53 2205 1
532 2383 1
5 3230 1
53 2477 1
532 914 1
5 33 1
53 311 1
53 3225 1
5 340 1
534 1769 1
534 2580 1
534 536 1
53 469 1
536 1565 1
536 1642 1
536 2001 1
536 2957 1
536 749 1
536 775 1
536 826 1
536 933 1
536 968 1
538 2020 1
538 2628 1
538 3290 1
538 813 1
538 882 1
539 1617 1
539 1794 1
539 620 1
540 2628 1
540 813 1
540 882 1
541 2001 1
541 2563 1
541 2772 1
541 2938 1
541 2953 1
541 3093 1
541 3144 1
541 3378 1
541 3431 1
541 985 1
542 1565 1
542 1903 1
542 2087 1
542 2091 1
542 2095 1
542 581 1
5 427 1
5 441 1
544 1194 1
544 1565 1
544 1660 1
544 1662 1
544 1865 1
544 749 1
544 968 1
552 1642 1
552 2020 1
552 2117 1
552 611 1
552 813 1
553 3501 1
5 536 1
5 544 1
5 567 1
5 57 1
5 581 1
561 1190 1
561 1416 1
561 1801 1
561 2319 1
561 3275 1
561 3276 1
561 3435 1
561 786 1
564 1019 1
566 1130 1
566 1568 1
566 1988 1
567 1130 1
567 1258 1
567 1259 1
567 1435 1
567 1438 1
567 1553 1
567 1715 1
567 1783 1
567 1897 1
567 1967 1
567 1977 1
567 2104 1
567 2254 1
567 2481 1
567 2538 1
567 2734 1
567 3494 1
567 809 1
567 991 1
570 1769 1
570 2720 1
570 3113 1
5 705 1
57 106 1
57 1201 1
571 2165 1
57 1769 1
57 2154 1
57 2500 1
5 79 1
581 1565 1
581 933 1
583 1015 1
583 1466 1
583 1570 1
583 2437 1
583 2610 1
583 2611 1
583 2612 1
583 3531 1
58 3415 1
583 588 1
583 879 1
583 912 1
585 2628 1
585 2695 1
585 611 1
585 756 1
585 813 1
5 88 1
588 668 1
590 2489 1
590 688 1
5 914 1
5 94 1
594 1623 1
594 1936 1
594 2669 1
594 2883 1
595 1425 1
595 1617 1
595 1974 1
595 3199 1
5 968 1
5 98 1
598 1447 1
598 1462 1
602 1038 1
602 1948 1
602 3308 1
602 3393 1
602 604 1
603 1669 1
603 1948 1
603 2569 1
603 604 1
604 1225 1
604 1768 1
604 2319 1
604 2429 1
604 2548 1
604 2707 1
604 2708 1
604 2709 1
604 2710 1
604 2711 1
604 2712 1
604 2713 1
604 3324 1
607 1221 1
607 1889 1
607 2020 1
607 2444 1
6 1049 1
6 1102 1
611 1008 1
611 1016 1
611 1080 1
611 1188 1
611 1242 1
611 1310 1
611 1315 1
611 1316 1
611 1382 1
611 1462 1
611 1503 1
611 1690 1
611 1811 1
611 1952 1
611 1963 1
611 1989 1
611 1992 1
611 2030 1
611 2117 1
611 2126 1
611 2197 1
611 2303 1
611 2359 1
611 2375 1
611 2408 1
611 2450 1
611 2489 1
611 2628 1
611 2683 1
611 2695 1
611 2942 1
611 2979 1
611 2980 1
611 2981 1
611 2982 1
611 2983 1
611 2984 1
611 2985 1
611 2986 1
611 2987 1
611 2988 1
611 2989 1
611 2990 1
611 2991 1
611 2992 1
611 2993 1
611 2996 1
611 705 1
611 813 1
611 848 1
611 878 1
611 923 1
611 991 1
61 3479 1
61 3480 1
614 2319 1
615 1988 1
615 2020 1
615 2626 1
6 1658 1
6 1660 1
6 1662 1
6 17 1
6 181 1
618 2020 1
6 1865 1
619 2303 1
619 3192 1
619 882 1
620 1342 1
620 1584 1
620 1586 1
620 2153 1
6 2030 1
620 813 1
6 21 1
621 1658 1
621 3425 1
621 629 1
621 882 1
6 2602 1
6 2603 1
628 2502 1
629 1447 1
637 1662 1
640 3197 1
644 694 1
646 1735 1
646 1909 1
646 3147 1
646 3148 1
646 3149 1
647 2001 1
648 1584 1
648 1599 1
648 1979 1
648 3423 1
648 809 1
648 897 1
648 995 1
6 52 1
65 243 1
653 1565 1
654 1292 1
654 1807 1
654 1808 1
654 3154 1
654 882 1
654 988 1
656 2436 1
656 682 1
656 875 1
657 1015 1
657 2779 1
657 663 1
658 1080 1
658 1166 1
658 1642 1
658 1971 1
658 2853 1
658 878 1
658 897 1
658 991 1
660 1651 1
660 2715 1
662 2001 1
663 1516 1
663 1606 1
663 1737 1
663 1740 1
663 2159 1
663 2418 1
663 2812 1
663 2816 1
663 3339 1
6 639 1
663 958 1
664 1737 1
664 2171 1
664 958 1
665 789 1
672 1596 1
672 2998 1
677 882 1
68 1008 1
68 1061 1
681 1297 1
681 3110 1
68 1315 1
68 1321 1
68 1537 1
682 1004 1
682 1292 1
68 2303 1
68 2423 1
68 244 1
68 2562 1
68 2599 1
682 688 1
68 280 1
68 2994 1
68 3072 1
684 3029 1
68 510 1
68 611 1
68 619 1
687 813 1
688 1265 1
688 1290 1
688 2171 1
68 848 1
689 2485 1
68 991 1
693 3289 1
6 94 1
694 3497 1
702 2486 1
702 2503 1
702 2543 1
704 1016 1
704 1305 1
704 1503 1
704 1963 1
704 2017 1
705 1425 1
705 2301 1
705 2628 1
705 991 1
71 2021 1
71 2881 1
71 2890 1
71 3012 1
71 3013 1
71 3014 1
7 1617 1
717 3101 1
718 2126 1
719 813 1
7 2001 1
720 1436 1
720 1823 1
720 2538 1
720 2657 1
720 3081 1
720 3152 1
720 3274 1
721 2259 1
721 882 1
725 862 1
726 3080 1
7 267 1
727 2604 1
727 2605 1
727 984 1
73 1051 1
73 1130 1
73 1131 1
73 1132 1
73 1134 1
73 1137 1
73 1143 1
73 1144 1
73 1150 1
73 1151 1
73 1336 1
73 1719 1
73 1724 1
73 1791 1
73 2140 1
73 2527 1
73 2528 1
73 2529 1
73 2580 1
73 2658 1
73 2659 1
73 2660 1
73 2661 1
73 2662 1
73 2663 1
73 2664 1
73 2665 1
73 2666 1
73 2667 1
73 2668 1
73 3246 1
73 325 1
73 334 1
73 335 1
73 337 1
73 338 1
73 340 1
73 341 1
73 342 1
73 346 1
73 348 1
73 349 1
73 351 1
73 352 1
73 357 1
73 358 1
73 359 1
73 365 1
73 574 1
73 613 1
73 686 1
73 73 1
739 2994 1
73 952 1
740 2132 1
7 468 1
747 1098 1
747 1292 1
747 1982 1
747 3014 1
749 1770 1
751 2957 1
751 767 1
7 541 1
760 3528 1
760 866 1
76 1122 1
76 1281 1
76 1435 1
76 1484 1
76 1507 1
76 1669 1
76 1685 1
76 1686 1
76 1706 1
76 1783 1
76 1788 1
76 1789 1
76 1790 1
76 1847 1
76 1889 1
76 1988 1
762 2247 1
76 226 1
76 2501 1
76 2556 1
76 257 1
76 260 1
76 2734 1
76 2735 1
76 2736 1
76 2737 1
76 2738 1
76 2739 1
76 2740 1
76 2741 1
76 2742 1
76 2743 1
763 1015 1
763 2001 1
76 327 1
76 384 1
76 421 1
76 596 1
76 607 1
766 1224 1
766 768 1
766 769 1
76 849 1
76 989 1
7 7 1
770 2001 1
777 891 1
779 1172 1
779 1425 1
779 2314 1
788 3230 1
788 3243 1
788 914 1
789 2781 1
789 3330 1
789 790 1
790 1899 1
790 2823 1
79 1201 1
79 124 1
79 144 1
79 146 1
79 147 1
79 1546 1
79 1616 1
79 165 1
79 1656 1
79 168 1
79 1785 1
79 1827 1
79 1978 1
79 203 1
79 2195 1
79 2375 1
79 2499 1
79 2537 1
79 2543 1
79 259 1
79 2716 1
79 2717 1
79 2718 1
79 2719 1
79 2720 1
79 311 1
79 330 1
79 398 1
794 1065 1
794 1565 1
79 441 1
79 450 1
79 544 1
79 589 1
79 646 1
79 720 1
798 1846 1
798 1848 1
798 3481 1
79 856 1
79 869 1
79 914 1
799 2252 1
79 94 1
79 96 1
79 98 1
802 1462 1
809 1016 1
809 1599 1
809 1859 1
809 1963 1
809 1967 1
809 2186 1
809 2197 1
809 2276 1
809 2477 1
809 895 1
81 1642 1
813 1016 1
813 1431 1
813 1462 1
813 1488 1
813 1503 1
813 1642 1
813 1690 1
813 1794 1
813 1804 1
813 1971 1
813 2030 1
813 2153 1
813 2191 1
813 2245 1
813 2506 1
813 2628 1
813 2682 1
813 2683 1
813 2687 1
813 2756 1
813 2983 1
813 2996 1
813 3282 1
813 3283 1
813 3284 1
813 3285 1
813 3286 1
813 813 1
813 877 1
813 882 1
813 897 1
814 2058 1
81 514 1
819 1172 1
824 1194 1
824 2319 1
8 2855 1
831 2757 1
831 3189 1
83 1798 1
83 2070 1
832 3465 1
83 259 1
83 2796 1
83 2797 1
834 2894 1
8 369 1
848 1210 1
848 1243 1
848 1425 1
848 1932 1
848 2625 1
849 991 1
850 1292 1
850 882 1
85 556 1
856 1340 1
856 2695 1
862 1759 1
862 2538 1
863 1371 1
866 1039 1
866 1656 1
866 1679 1
866 1889 1
866 2205 1
866 3528 1
869 1967 1
870 2489 1
871 2133 1
871 3176 1
872 1292 1
872 2931 1
872 3151 1
872 3154 1
872 3383 1
872 3467 1
872 988 1
875 1745 1
875 2436 1
875 2489 1
876 2352 1
877 1565 1
877 2563 1
877 2953 1
878 1114 1
878 1744 1
878 1834 1
878 2187 1
878 2408 1
878 2485 1
878 950 1
880 2413 1
880 3217 1
88 106 1
88 108 1
882 1053 1
882 1221 1
882 1342 1
882 1495 1
882 1556 1
882 1584 1
882 1741 1
882 1765 1
882 1804 1
882 1821 1
882 1979 1
882 2020 1
882 2058 1
882 2156 1
882 2243 1
882 2259 1
882 2262 1
882 2365 1
882 2456 1
882 2783 1
882 2805 1
882 2943 1
882 3199 1
882 3218 1
882 3302 1
882 3323 1
882 3328 1
882 3353 1
882 3354 1
882 3355 1
882 3356 1
882 3357 1
882 882 1
882 934 1
89 108 1
891 1662 1
891 2752 1
89 1565 1
89 243 1
89 252 1
89 2899 1
89 369 1
895 1859 1
895 995 1
89 611 1
897 1114 1
897 1166 1
897 1386 1
897 1584 1
897 1599 1
897 2489 1
897 3423 1
90 124 1
90 1303 1
90 1730 1
90 243 1
90 369 1
90 556 1
90 869 1
914 1364 1
914 1495 1
914 1546 1
914 1827 1
914 2499 1
914 2502 1
914 2718 1
914 3243 1
914 3484 1
915 2635 1
915 987 1
916 1903 1
916 2549 1
92 181 1
92 2273 1
92 2303 1
92 3072 1
92 369 1
929 1455 1
929 1859 1
929 1967 1
934 1447 1
936 2788 1
938 2994 1
938 3171 1
94 103 1
94 106 1
94 107 1
94 1200 1
94 124 1
94 1484 1
94 1494 1
94 1570 1
94 1830 1
94 188 1
94 189 1
94 2165 1
94 2188 1
94 2323 1
94 2696 1
94 2898 1
94 3093 1
94 345 1
94 385 1
94 959 1
94 98 1
950 1744 1
954 3014 1
958 1606 1
958 1737 1
958 2105 1
958 2106 1
958 2573 1
958 2763 1
958 3111 1
958 3112 1
959 3072 1
96 1099 1
96 2720 1
966 2619 1
96 98 1
98 1099 1
98 1139 1
98 1146 1
98 1155 1
98 1190 1
98 1193 1
98 1201 1
98 1206 1
98 124 1
98 1303 1
98 147 1
98 165 1
98 1656 1
98 1826 1
98 203 1
98 2112 1
98 2113 1
98 214 1
982 2784 1
98 2474 1
98 2475 1
98 2717 1
98 2746 1
98 2775 1
98 2776 1
98 303 1
98 311 1
98 338 1
98 434 1
98 441 1
985 2001 1
985 2772 1
985 2931 1
985 3444 1
98 544 1
98 705 1
98 766 1
988 1798 1
98 824 1
988 2636 1
988 3153 1
98 933 1
991 1150 1
991 1188 1
991 1200 1
991 1282 1
991 1315 1
991 1317 1
991 1435 1
991 1998 1
991 2008 1
991 2012 1
991 2104 1
991 2301 1
991 2498 1
991 2561 1
991 2626 1
991 3037 1
991 3038 1
991 3189 1
991 3274 1
995 3151 1
997 3488 1
998 2154 1
998 2514 1
998 2515 1
