1 2 5
1 35 5
1 66 5
1 81 5
1 157 5
1 174 5
1 178 5
1 182 5
1 212 5
1 230 5
1 244 5
1 274 5
1 283 5
1 290 5
1 302 5
1 312 5
1 330 5
1 331 5
1 332 5
1 363 5
1 364 5
1 398 5
1 399 5
1 401 5
2 3 5
2 8 5
2 12 5
2 24 5
2 163 5
2 213 5
2 228 5
2 233 5
2 275 5
2 276 5
2 287 5
2 301 5
2 331 5
2 332 5
2 353 5
2 357 5
2 365 5
2 399 5
2 400 5
2 401 5
3 7 5
3 16 5
3 33 5
3 107 5
3 302 5
3 321 5
3 326 5
3 331 5
3 337 5
3 360 5
3 364 5
3 365 5
3 379 5
3 382 5
3 385 5
3 399 5
3 400 5
3 401 5
4 13 5
4 19 5
4 46 5
4 49 5
4 62 5
4 117 5
4 189 5
4 261 5
4 281 5
4 401 5
5 9 5
5 208 5
5 237 5
5 273 5
6 31 5
6 85 5
6 129 5
6 140 5
6 171 5
6 180 5
6 259 5
6 278 5
6 352 5
7 9 5
7 10 5
7 70 5
7 93 5
7 98 5
8 12 5
8 45 5
8 92 5
8 126 5
8 156 5
8 204 5
8 235 5
8 323 5
9 11 5
9 13 5
9 14 5
9 72 5
9 78 5
10 11 5
10 12 5
10 15 5
10 39 5
10 249 5
10 266 5
10 316 5
11 13 5
11 15 5
11 22 5
11 30 5
11 39 5
11 56 5
11 176 5
11 198 5
11 232 5
11 359 5
12 14 5
12 16 5
12 49 5
12 72 5
12 83 5
12 170 5
12 178 5
12 179 5
12 195 5
12 338 5
13 14 5
13 17 5
13 24 5
13 50 5
13 150 5
14 16 5
14 18 5
14 132 5
14 243 5
14 254 5
14 308 5
14 399 5
15 17 5
15 19 5
15 20 5
15 21 5
15 75 5
15 164 5
15 218 5
15 266 5
16 17 5
16 84 5
16 218 5
16 248 5
17 22 5
17 42 5
17 53 5
17 69 5
17 204 5
17 285 5
17 289 5
17 309 5
18 19 5
18 21 5
18 23 5
18 178 5
18 228 5
18 274 5
18 398 5
19 22 5
19 76 5
19 297 5
19 359 5
19 361 5
19 369 5
19 394 5
20 22 5
20 24 5
20 135 5
20 224 5
20 307 5
21 22 5
21 25 5
21 49 5
21 77 5
21 155 5
21 164 5
21 272 5
21 305 5
22 24 5
22 75 5
22 97 5
22 148 5
22 244 5
22 291 5
22 379 5
22 387 5
23 27 5
23 55 5
23 139 5
23 150 5
23 195 5
23 211 5
23 230 5
23 311 5
24 100 5
24 112 5
24 148 5
24 252 5
24 343 5
24 395 5
25 45 5
25 57 5
25 117 5
25 179 5
25 244 5
25 247 5
25 261 5
25 286 5
25 308 5
25 345 5
26 30 5
26 31 5
26 39 5
26 52 5
26 103 5
26 208 5
26 224 5
26 389 5
27 29 5
27 30 5
27 67 5
27 83 5
27 237 5
28 76 5
28 220 5
28 230 5
28 298 5
29 32 5
29 34 5
29 42 5
29 130 5
29 233 5
30 33 5
30 86 5
30 90 5
30 118 5
30 315 5
31 34 5
31 56 5
31 72 5
31 85 5
31 115 5
31 162 5
31 203 5
31 215 5
32 36 5
32 52 5
32 98 5
32 141 5
33 37 5
33 61 5
33 83 5
33 140 5
33 152 5
33 269 5
34 82 5
34 181 5
35 38 5
35 39 5
35 62 5
35 133 5
35 145 5
35 173 5
35 227 5
35 397 5
36 37 5
36 39 5
36 41 5
36 137 5
36 271 5
36 347 5
37 163 5
37 184 5
37 206 5
37 280 5
38 39 5
38 42 5
38 43 5
38 56 5
38 63 5
38 97 5
38 391 5
39 40 5
39 44 5
39 61 5
39 171 5
39 281 5
40 45 5
40 84 5
40 140 5
40 148 5
40 287 5
41 42 5
41 43 5
41 44 5
41 45 5
41 46 5
41 79 5
41 217 5
41 239 5
42 44 5
42 47 5
42 130 5
42 165 5
42 173 5
42 203 5
42 245 5
42 266 5
43 44 5
43 45 5
43 46 5
43 59 5
43 82 5
43 127 5
43 156 5
43 195 5
43 297 5
44 199 5
44 211 5
44 256 5
44 287 5
44 314 5
45 51 5
45 77 5
45 302 5
45 390 5
46 48 5
46 49 5
46 51 5
46 72 5
46 121 5
46 182 5
46 221 5
46 227 5
46 298 5
47 48 5
47 132 5
47 153 5
47 180 5
47 205 5
47 220 5
48 49 5
48 81 5
48 134 5
48 213 5
48 310 5
49 50 5
49 51 5
49 163 5
49 194 5
49 251 5
49 300 5
50 51 5
50 58 5
50 170 5
50 192 5
50 214 5
50 369 5
50 392 5
51 53 5
51 54 5
51 55 5
51 56 5
51 96 5
51 206 5
51 259 5
51 316 5
52 56 5
52 73 5
52 85 5
52 144 5
52 199 5
52 255 5
52 278 5
53 55 5
53 57 5
53 199 5
53 215 5
53 348 5
54 55 5
54 56 5
54 58 5
54 61 5
54 104 5
55 58 5
55 59 5
55 122 5
55 277 5
55 284 5
55 381 5
56 57 5
57 69 5
57 88 5
57 96 5
57 153 5
57 217 5
57 314 5
57 344 5
58 61 5
58 62 5
58 63 5
58 188 5
58 195 5
58 220 5
58 252 5
58 260 5
59 62 5
59 63 5
59 106 5
59 289 5
60 113 5
60 161 5
60 180 5
60 210 5
60 217 5
60 342 5
60 375 5
61 62 5
61 124 5
61 272 5
61 275 5
61 284 5
61 305 5
62 63 5
62 192 5
62 367 5
63 65 5
63 131 5
63 150 5
63 375 5
64 69 5
64 181 5
64 183 5
64 286 5
64 294 5
64 371 5
65 66 5
65 69 5
65 70 5
65 118 5
65 195 5
65 399 5
66 68 5
66 69 5
66 73 5
66 305 5
66 393 5
67 104 5
67 199 5
67 247 5
67 259 5
67 277 5
67 315 5
67 323 5
68 84 5
68 111 5
68 126 5
68 158 5
68 167 5
68 200 5
68 255 5
68 299 5
69 71 5
69 72 5
69 73 5
69 74 5
69 93 5
69 115 5
69 191 5
69 236 5
70 72 5
70 173 5
70 177 5
70 204 5
70 251 5
71 72 5
71 73 5
71 310 5
71 314 5
72 76 5
72 129 5
72 179 5
72 337 5
73 74 5
73 83 5
73 217 5
74 75 5
74 112 5
74 158 5
74 167 5
74 240 5
74 320 5
74 360 5
75 77 5
75 79 5
75 244 5
75 268 5
75 276 5
76 79 5
76 80 5
76 81 5
76 88 5
76 111 5
76 286 5
76 318 5
76 320 5
77 138 5
77 266 5
77 271 5
77 341 5
78 81 5
78 82 5
78 208 5
78 209 5
79 80 5
79 251 5
79 279 5
79 329 5
80 83 5
80 117 5
80 264 5
80 355 5
80 362 5
81 212 5
81 215 5
81 228 5
81 334 5
81 352 5
82 85 5
82 214 5
82 287 5
82 307 5
83 84 5
83 87 5
83 139 5
83 166 5
83 235 5
83 238 5
83 271 5
83 323 5
83 332 5
84 87 5
84 88 5
84 89 5
84 206 5
84 235 5
84 290 5
85 88 5
85 90 5
85 132 5
85 140 5
85 251 5
85 264 5
85 326 5
85 392 5
86 90 5
86 95 5
86 115 5
86 243 5
86 253 5
87 88 5
87 90 5
87 124 5
87 151 5
88 89 5
88 91 5
88 92 5
88 99 5
88 127 5
88 275 5
88 339 5
89 92 5
89 93 5
89 157 5
89 204 5
89 222 5
89 300 5
90 91 5
90 92 5
90 93 5
91 95 5
91 166 5
91 171 5
91 239 5
91 397 5
92 97 5
92 112 5
92 124 5
92 153 5
92 156 5
92 285 5
93 94 5
93 97 5
93 115 5
93 181 5
93 223 5
93 370 5
94 98 5
94 148 5
94 254 5
94 257 5
95 97 5
95 175 5
95 196 5
95 312 5
95 321 5
95 352 5
95 355 5
96 98 5
96 99 5
96 100 5
96 101 5
96 148 5
96 165 5
97 148 5
97 208 5
97 315 5
97 348 5
98 99 5
98 102 5
98 115 5
98 136 5
98 296 5
99 155 5
99 300 5
99 339 5
99 340 5
99 350 5
100 102 5
100 103 5
100 104 5
100 126 5
100 234 5
100 260 5
100 289 5
100 373 5
100 386 5
101 103 5
101 105 5
101 193 5
101 309 5
101 338 5
101 370 5
102 104 5
102 106 5
102 176 5
102 221 5
102 229 5
103 104 5
103 107 5
103 194 5
103 222 5
103 230 5
104 108 5
104 194 5
104 226 5
104 274 5
104 306 5
104 319 5
105 107 5
105 109 5
105 110 5
105 153 5
105 199 5
105 263 5
106 107 5
106 109 5
106 110 5
107 111 5
107 132 5
107 159 5
107 161 5
108 133 5
108 141 5
108 165 5
108 183 5
108 279 5
108 288 5
109 110 5
109 113 5
109 209 5
110 111 5
110 113 5
110 268 5
110 302 5
110 341 5
110 380 5
111 113 5
111 115 5
111 116 5
111 150 5
111 281 5
112 114 5
112 208 5
112 219 5
112 290 5
113 115 5
113 194 5
113 303 5
113 318 5
113 330 5
114 115 5
114 116 5
114 118 5
114 250 5
114 361 5
116 117 5
116 118 5
116 120 5
116 121 5
116 280 5
117 157 5
117 170 5
117 198 5
117 208 5
117 239 5
117 252 5
117 269 5
118 121 5
118 123 5
118 165 5
118 220 5
119 120 5
119 122 5
119 142 5
119 150 5
119 173 5
119 265 5
119 324 5
120 121 5
120 123 5
120 124 5
120 125 5
120 136 5
120 328 5
121 122 5
121 135 5
121 208 5
121 286 5
122 124 5
122 125 5
122 296 5
122 298 5
122 353 5
123 124 5
123 125 5
123 179 5
123 203 5
123 206 5
123 245 5
123 286 5
124 161 5
124 241 5
124 270 5
124 333 5
125 126 5
125 129 5
125 137 5
125 151 5
125 231 5
125 261 5
126 131 5
126 181 5
126 202 5
126 349 5
127 128 5
127 177 5
127 178 5
127 206 5
127 258 5
127 365 5
128 129 5
128 133 5
128 223 5
128 358 5
128 382 5
128 386 5
129 130 5
129 173 5
129 212 5
130 131 5
130 135 5
130 155 5
130 258 5
130 259 5
130 279 5
131 134 5
131 136 5
131 146 5
131 209 5
131 276 5
132 133 5
132 178 5
132 329 5
133 134 5
133 135 5
133 136 5
133 255 5
133 295 5
134 135 5
134 136 5
134 143 5
134 151 5
134 310 5
135 136 5
135 137 5
135 176 5
136 139 5
136 140 5
136 141 5
136 157 5
136 199 5
137 140 5
138 139 5
138 191 5
138 203 5
138 270 5
138 303 5
139 141 5
139 328 5
139 344 5
140 145 5
140 180 5
140 241 5
141 145 5
141 155 5
141 165 5
141 194 5
141 198 5
141 313 5
141 323 5
142 147 5
142 151 5
142 226 5
142 234 5
142 295 5
143 144 5
143 145 5
143 377 5
144 145 5
144 178 5
144 234 5
144 275 5
144 308 5
145 146 5
145 148 5
145 149 5
146 147 5
146 150 5
146 151 5
147 151 5
147 237 5
147 341 5
148 251 5
148 303 5
149 150 5
149 221 5
150 155 5
150 260 5
150 280 5
150 285 5
151 155 5
151 156 5
152 156 5
152 215 5
152 242 5
152 258 5
152 267 5
153 157 5
153 197 5
154 156 5
154 158 5
154 159 5
154 168 5
155 246 5
156 160 5
156 184 5
157 159 5
157 161 5
157 335 5
157 358 5
158 159 5
158 160 5
158 162 5
158 170 5
158 192 5
158 357 5
159 160 5
159 161 5
159 162 5
159 217 5
159 317 5
160 246 5
161 200 5
161 222 5
161 244 5
162 164 5
162 262 5
163 165 5
163 166 5
164 168 5
164 221 5
164 293 5
165 167 5
165 224 5
165 286 5
165 297 5
166 222 5
166 248 5
166 259 5
167 168 5
167 170 5
167 213 5
167 276 5
167 311 5
167 366 5
168 170 5
168 373 5
169 170 5
169 171 5
169 173 5
169 289 5
170 174 5
170 193 5
171 175 5
171 176 5
171 286 5
172 174 5
172 176 5
172 246 5
172 271 5
172 312 5
173 174 5
173 175 5
173 177 5
173 224 5
173 327 5
174 176 5
174 177 5
174 222 5
175 212 5
175 250 5
175 374 5
176 178 5
176 180 5
176 333 5
176 334 5
177 182 5
178 248 5
178 257 5
178 341 5
178 359 5
179 183 5
179 352 5
180 184 5
180 396 5
181 182 5
181 184 5
181 194 5
181 364 5
182 183 5
182 186 5
182 237 5
182 246 5
183 186 5
183 187 5
183 217 5
183 297 5
184 186 5
184 214 5
184 228 5
184 253 5
184 384 5
185 186 5
185 187 5
185 188 5
185 189 5
185 204 5
185 226 5
186 189 5
186 190 5
186 325 5
187 189 5
187 191 5
187 192 5
187 199 5
187 253 5
187 260 5
187 336 5
188 190 5
188 212 5
188 337 5
189 193 5
189 223 5
189 242 5
189 244 5
189 305 5
189 316 5
189 384 5
190 193 5
190 194 5
190 264 5
191 193 5
191 313 5
191 385 5
192 193 5
192 196 5
192 197 5
192 294 5
193 196 5
193 198 5
193 240 5
193 242 5
193 267 5
194 396 5
195 199 5
195 264 5
195 380 5
196 198 5
196 222 5
196 235 5
197 294 5
198 202 5
199 239 5
199 255 5
199 266 5
199 290 5
200 201 5
200 204 5
200 205 5
201 203 5
201 206 5
201 280 5
202 206 5
202 207 5
202 221 5
202 257 5
203 205 5
203 208 5
203 292 5
204 209 5
204 215 5
204 335 5
205 208 5
205 229 5
205 366 5
206 208 5
206 210 5
206 265 5
207 208 5
207 209 5
207 210 5
207 211 5
207 263 5
207 311 5
209 212 5
209 228 5
209 259 5
210 211 5
210 212 5
210 213 5
211 215 5
211 220 5
211 233 5
211 255 5
212 215 5
212 279 5
213 217 5
213 218 5
214 218 5
214 219 5
214 302 5
215 220 5
215 238 5
215 261 5
216 219 5
216 220 5
216 260 5
216 275 5
217 219 5
218 219 5
218 222 5
219 220 5
219 221 5
219 222 5
219 236 5
219 397 5
219 399 5
220 224 5
220 278 5
220 287 5
220 298 5
221 222 5
221 223 5
221 226 5
221 242 5
222 223 5
222 226 5
222 255 5
223 224 5
223 265 5
223 328 5
223 344 5
224 228 5
224 229 5
224 241 5
224 273 5
224 284 5
224 358 5
225 226 5
225 227 5
225 229 5
225 230 5
225 379 5
225 380 5
226 228 5
226 270 5
226 276 5
226 306 5
227 231 5
227 295 5
228 230 5
228 349 5
229 230 5
230 232 5
230 233 5
230 234 5
230 297 5
231 233 5
231 235 5
231 261 5
232 233 5
232 236 5
233 234 5
233 235 5
233 237 5
233 326 5
234 235 5
234 239 5
234 395 5
236 238 5
236 239 5
237 238 5
237 240 5
237 242 5
237 330 5
238 240 5
238 243 5
239 329 5
240 242 5
240 243 5
240 244 5
240 245 5
241 244 5
241 245 5
241 281 5
242 248 5
242 323 5
242 382 5
243 244 5
243 282 5
243 380 5
245 246 5
245 249 5
245 284 5
246 247 5
246 250 5
246 283 5
247 248 5
247 252 5
248 249 5
248 250 5
249 250 5
249 251 5
249 252 5
249 253 5
250 251 5
250 307 5
250 369 5
251 254 5
252 256 5
252 257 5
253 257 5
254 255 5
254 257 5
255 259 5
255 294 5
255 297 5
255 315 5
255 372 5
256 257 5
256 258 5
256 259 5
256 260 5
256 261 5
257 261 5
257 262 5
257 381 5
257 389 5
258 261 5
258 262 5
259 279 5
260 264 5
261 263 5
261 266 5
261 272 5
261 278 5
262 263 5
262 266 5
263 265 5
263 268 5
263 353 5
263 385 5
264 266 5
265 266 5
265 267 5
266 267 5
266 270 5
266 291 5
267 348 5
268 269 5
268 272 5
269 272 5
269 311 5
269 359 5
270 271 5
270 272 5
271 273 5
272 275 5
272 276 5
273 276 5
273 277 5
273 278 5
273 299 5
273 371 5
274 319 5
274 384 5
274 398 5
274 400 5
276 280 5
277 278 5
278 279 5
278 281 5
278 283 5
279 280 5
279 282 5
279 283 5
279 284 5
280 282 5
280 283 5
280 284 5
280 303 5
280 317 5
280 395 5
281 282 5
281 283 5
281 351 5
281 371 5
282 283 5
282 286 5
282 287 5
283 284 5
283 286 5
283 287 5
284 301 5
285 286 5
285 288 5
285 289 5
285 290 5
286 289 5
286 290 5
287 289 5
288 290 5
288 292 5
289 294 5
289 315 5
289 333 5
290 292 5
290 294 5
291 292 5
291 308 5
292 294 5
292 295 5
292 296 5
293 295 5
293 296 5
293 298 5
294 296 5
294 298 5
295 296 5
295 373 5
297 298 5
297 299 5
298 302 5
298 303 5
299 300 5
299 301 5
300 301 5
300 302 5
300 303 5
300 305 5
301 303 5
301 304 5
301 305 5
301 328 5
301 355 5
302 303 5
302 304 5
302 306 5
302 347 5
304 305 5
304 307 5
304 329 5
306 307 5
306 309 5
306 310 5
306 311 5
307 309 5
307 310 5
307 311 5
307 312 5
308 309 5
308 311 5
308 313 5
309 311 5
309 312 5
309 351 5
310 311 5
310 314 5
310 315 5
311 315 5
311 325 5
312 313 5
312 314 5
312 315 5
312 316 5
312 317 5
313 314 5
313 315 5
313 316 5
313 317 5
314 316 5
314 317 5
314 318 5
316 318 5
316 337 5
317 318 5
317 321 5
318 320 5
318 321 5
318 322 5
319 321 5
319 323 5
320 321 5
320 322 5
320 323 5
320 324 5
320 374 5
321 322 5
321 323 5
322 323 5
322 324 5
322 325 5
323 325 5
323 326 5
323 327 5
324 326 5
324 327 5
324 328 5
324 329 5
325 326 5
325 327 5
325 328 5
325 329 5
325 367 5
326 327 5
326 331 5
326 336 5
327 328 5
327 329 5
327 330 5
328 331 5
329 331 5
329 332 5
329 333 5
330 331 5
330 332 5
330 334 5
331 333 5
332 333 5
332 334 5
332 335 5
332 337 5
333 335 5
334 335 5
334 337 5
335 365 5
336 338 5
336 339 5
336 390 5
337 338 5
337 339 5
337 340 5
337 360 5
337 365 5
338 340 5
338 341 5
339 340 5
339 342 5
340 341 5
340 343 5
341 344 5
342 343 5
342 344 5
342 345 5
342 346 5
342 347 5
343 344 5
343 346 5
344 345 5
344 346 5
344 348 5
345 346 5
345 347 5
345 348 5
345 349 5
345 350 5
345 394 5
346 347 5
346 348 5
346 349 5
346 351 5
347 349 5
347 350 5
348 349 5
348 362 5
349 350 5
349 351 5
349 369 5
350 351 5
350 353 5
351 352 5
351 356 5
352 353 5
352 354 5
352 355 5
353 354 5
353 355 5
353 356 5
353 357 5
354 355 5
354 356 5
354 357 5
354 358 5
354 359 5
355 357 5
355 360 5
356 357 5
356 359 5
357 358 5
357 360 5
357 362 5
358 361 5
358 362 5
358 363 5
359 361 5
359 362 5
359 364 5
360 361 5
360 362 5
360 364 5
361 362 5
361 366 5
362 363 5
362 364 5
362 366 5
363 364 5
363 365 5
363 366 5
363 367 5
364 366 5
364 367 5
364 368 5
365 366 5
365 368 5
365 369 5
366 367 5
366 368 5
366 369 5
366 370 5
366 371 5
367 368 5
367 369 5
367 372 5
368 369 5
368 370 5
368 371 5
368 372 5
369 370 5
369 371 5
369 372 5
370 373 5
370 374 5
371 372 5
371 373 5
371 375 5
372 373 5
372 375 5
372 376 5
373 375 5
373 376 5
373 377 5
374 375 5
374 376 5
375 376 5
375 377 5
375 379 5
376 377 5
376 378 5
376 379 5
376 380 5
376 381 5
377 378 5
377 380 5
377 381 5
378 379 5
378 380 5
378 381 5
378 382 5
379 380 5
379 382 5
379 383 5
379 384 5
380 381 5
380 382 5
381 382 5
381 384 5
381 385 5
382 383 5
382 384 5
382 385 5
382 386 5
383 384 5
383 385 5
383 386 5
383 387 5
384 385 5
384 387 5
385 386 5
385 387 5
385 389 5
386 387 5
386 388 5
386 389 5
386 390 5
386 391 5
387 388 5
387 389 5
387 390 5
387 391 5
387 392 5
388 389 5
388 390 5
388 391 5
388 392 5
389 391 5
389 392 5
389 393 5
390 391 5
390 392 5
390 393 5
390 395 5
391 392 5
391 394 5
391 395 5
392 393 5
392 394 5
392 395 5
392 396 5
393 394 5
393 395 5
393 397 5
394 395 5
394 396 5
394 397 5
395 397 5
395 398 5
395 399 5
396 397 5
396 399 5
396 400 5
397 400 5
397 401 5
398 399 5
398 401 5
399 401 5
400 401 5
