86 206 1
58 125 1
83 128 1
76 270 1
63 177 1
102 244 1
72 155 1
28 237 1
10 227 1
86 223 1
61 97 1
54 80 1
30 73 1
50 259 1
60 136 1
66 223 1
22 224 1
150 275 1
32 227 1
21 85 1
15 274 1
46 205 1
71 166 1
73 232 1
21 117 1
43 90 1
233 274 1
143 263 1
3 224 1
84 189 1
13 215 1
26 236 1
177 237 1
110 145 1
8 129 1
20 106 1
6 35 1
217 228 1
14 200 1
185 193 1
104 186 1
21 159 1
178 254 1
8 202 1
73 180 1
119 162 1
64 238 1
76 80 1
66 241 1
97 246 1
73 202 1
142 231 1
83 236 1
37 183 1
96 244 1
106 159 1
224 264 1
179 203 1
43 63 1
129 222 1
135 168 1
66 249 1
22 231 1
196 201 1
22 239 1
37 43 1
100 184 1
60 144 1
51 266 1
239 248 1
172 230 1
120 122 1
25 218 1
199 260 1
87 205 1
84 98 1
26 97 1
52 72 1
47 149 1
10 125 1
44 171 1
198 270 1
66 228 1
95 207 1
56 269 1
42 58 1
11 179 1
38 105 1
203 237 1
166 242 1
50 166 1
262 264 1
75 212 1
190 273 1
85 191 1
132 159 1
82 235 1
64 127 1
24 210 1
158 169 1
216 265 1
210 275 1
248 271 1
76 257 1
241 251 1
229 272 1
114 223 1
28 165 1
97 250 1
96 255 1
106 207 1
109 213 1
114 270 1
29 195 1
7 185 1
94 121 1
61 117 1
194 218 1
28 192 1
34 141 1
14 155 1
263 268 1
29 236 1
57 172 1
155 267 1
138 189 1
75 126 1
221 246 1
43 116 1
250 275 1
104 247 1
41 93 1
88 187 1
156 235 1
91 100 1
190 245 1
54 266 1
226 237 1
82 133 1
160 237 1
2 225 1
99 228 1
221 227 1
68 174 1
25 140 1
67 243 1
36 148 1
9 236 1
99 243 1
189 268 1
59 219 1
158 209 1
112 271 1
37 194 1
5 73 1
32 158 1
7 22 1
111 125 1
161 227 1
192 244 1
62 135 1
209 211 1
47 219 1
46 145 1
63 191 1
159 210 1
92 249 1
86 244 1
5 239 1
156 244 1
187 229 1
3 127 1
113 193 1
21 252 1
150 168 1
211 264 1
77 180 1
22 226 1
20 67 1
235 248 1
182 257 1
108 270 1
151 238 1
114 193 1
73 120 1
73 234 1
136 237 1
53 200 1
176 226 1
225 253 1
91 220 1
1 65 1
86 167 1
63 227 1
30 76 1
22 163 1
168 257 1
132 270 1
64 131 1
123 250 1
81 136 1
148 199 1
123 194 1
22 77 1
27 175 1
272 274 1
117 215 1
160 272 1
26 100 1
207 222 1
121 175 1
94 157 1
13 241 1
143 165 1
12 29 1
42 269 1
70 245 1
40 189 1
69 266 1
61 244 1
17 211 1
10 117 1
28 113 1
53 169 1
90 267 1
259 264 1
112 229 1
22 125 1
64 194 1
144 223 1
15 75 1
141 196 1
54 84 1
152 236 1
44 173 1
212 272 1
113 261 1
13 98 1
103 266 1
69 217 1
77 135 1
209 246 1
30 231 1
101 247 1
19 268 1
200 245 1
7 65 1
3 118 1
39 118 1
175 267 1
37 250 1
73 104 1
49 83 1
215 265 1
74 151 1
85 218 1
125 197 1
168 192 1
87 225 1
26 37 1
43 56 1
90 98 1
9 84 1
4 100 1
122 152 1
97 270 1
188 250 1
46 114 1
58 260 1
85 255 1
198 211 1
132 169 1
47 237 1
148 176 1
48 213 1
173 256 1
132 262 1
78 141 1
55 222 1
21 69 1
15 83 1
42 147 1
87 264 1
198 260 1
71 117 1
6 8 1
39 53 1
14 237 1
15 190 1
62 109 1
4 158 1
135 194 1
144 272 1
152 242 1
172 203 1
10 35 1
76 186 1
33 52 1
18 162 1
110 249 1
133 134 1
49 267 1
6 186 1
162 200 1
72 147 1
75 138 1
29 57 1
49 209 1
86 205 1
9 15 1
50 134 1
45 170 1
2 202 1
41 248 1
96 98 1
106 150 1
18 231 1
18 31 1
23 192 1
94 246 1
63 108 1
45 91 1
41 131 1
16 245 1
31 93 1
130 226 1
24 232 1
110 147 1
103 271 1
150 198 1
94 176 1
29 201 1
59 194 1
93 218 1
128 188 1
64 190 1
20 260 1
61 158 1
50 267 1
84 182 1
37 80 1
187 188 1
210 212 1
23 39 1
172 206 1
24 114 1
73 142 1
101 143 1
77 195 1
81 235 1
23 107 1
126 148 1
30 160 1
63 151 1
79 245 1
36 112 1
6 23 1
94 223 1
109 122 1
39 133 1
19 246 1
214 243 1
191 264 1
110 217 1
69 110 1
23 216 1
170 244 1
5 67 1
6 76 1
31 155 1
250 266 1
132 218 1
43 165 1
151 226 1
83 164 1
59 189 1
5 205 1
26 70 1
12 195 1
11 30 1
185 233 1
78 245 1
188 231 1
31 82 1
194 236 1
45 214 1
104 156 1
145 177 1
127 198 1
20 87 1
15 145 1
48 90 1
59 94 1
168 190 1
156 160 1
111 245 1
51 224 1
164 232 1
64 267 1
112 240 1
136 187 1
91 156 1
150 176 1
19 241 1
190 207 1
150 218 1
154 215 1
130 243 1
46 275 1
16 166 1
111 266 1
6 218 1
106 162 1
225 237 1
97 225 1
66 110 1
13 33 1
142 162 1
85 259 1
151 181 1
190 275 1
6 25 1
144 153 1
135 199 1
144 177 1
131 214 1
33 45 1
136 206 1
139 249 1
112 155 1
97 198 1
211 221 1
6 239 1
90 249 1
31 222 1
136 240 1
31 264 1
19 183 1
132 153 1
106 152 1
196 207 1
7 251 1
19 229 1
92 181 1
212 267 1
67 203 1
26 185 1
154 190 1
127 264 1
4 211 1
120 158 1
188 223 1
108 241 1
95 116 1
78 271 1
79 145 1
28 273 1
54 103 1
47 111 1
38 71 1
151 199 1
104 108 1
134 176 1
22 41 1
25 261 1
128 143 1
76 144 1
55 128 1
26 193 1
65 120 1
255 264 1
20 130 1
17 225 1
215 232 1
60 180 1
252 258 1
55 233 1
90 230 1
91 263 1
228 270 1
164 275 1
95 184 1
26 75 1
36 144 1
33 204 1
86 183 1
105 173 1
37 66 1
55 146 1
5 266 1
104 126 1
91 215 1
58 210 1
80 81 1
11 243 1
80 257 1
31 152 1
64 160 1
88 175 1
96 137 1
269 270 1
118 184 1
59 172 1
54 216 1
103 163 1
74 165 1
41 206 1
104 140 1
60 250 1
220 260 1
25 28 1
119 179 1
3 55 1
106 242 1
90 215 1
119 236 1
208 237 1
143 144 1
133 197 1
83 172 1
33 176 1
61 106 1
42 73 1
48 122 1
219 253 1
5 184 1
27 243 1
60 174 1
27 181 1
147 157 1
118 275 1
108 202 1
113 128 1
69 123 1
29 202 1
19 102 1
61 232 1
11 85 1
150 206 1
127 210 1
118 149 1
9 268 1
22 68 1
44 202 1
77 246 1
74 88 1
58 228 1
14 66 1
185 235 1
188 263 1
83 263 1
90 200 1
51 191 1
87 217 1
21 256 1
7 69 1
139 229 1
37 151 1
21 71 1
238 267 1
147 188 1
100 231 1
122 245 1
42 184 1
204 229 1
68 171 1
137 188 1
104 144 1
187 231 1
128 265 1
143 203 1
78 218 1
116 179 1
19 149 1
172 259 1
83 214 1
205 271 1
183 189 1
113 263 1
8 142 1
22 76 1
35 208 1
183 231 1
35 252 1
98 179 1
178 192 1
81 134 1
32 159 1
15 251 1
55 59 1
203 229 1
13 263 1
116 252 1
135 153 1
84 259 1
5 66 1
36 252 1
90 218 1
207 218 1
29 130 1
32 274 1
132 221 1
129 264 1
15 117 1
144 221 1
175 249 1
39 148 1
138 264 1
65 99 1
32 134 1
41 273 1
124 229 1
83 215 1
30 213 1
221 254 1
112 255 1
95 123 1
58 146 1
205 248 1
111 184 1
70 75 1
69 125 1
100 102 1
10 133 1
50 234 1
64 130 1
51 221 1
80 146 1
136 159 1
54 104 1
185 266 1
216 238 1
33 150 1
108 157 1
79 169 1
26 267 1
120 269 1
93 256 1
203 230 1
143 232 1
13 30 1
36 65 1
25 241 1
16 45 1
137 151 1
60 130 1
11 114 1
216 242 1
85 159 1
4 267 1
230 237 1
199 224 1
94 179 1
1 127 1
139 146 1
45 232 1
159 268 1
60 261 1
31 110 1
227 260 1
44 81 1
44 207 1
137 195 1
78 173 1
41 98 1
52 233 1
154 182 1
248 250 1
237 253 1
125 252 1
81 124 1
159 174 1
159 225 1
60 218 1
66 170 1
110 196 1
117 127 1
46 193 1
90 253 1
1 75 1
7 233 1
3 160 1
16 252 1
9 129 1
107 133 1
107 258 1
192 265 1
39 84 1
128 257 1
49 253 1
91 257 1
8 165 1
142 179 1
179 249 1
93 255 1
14 247 1
16 181 1
177 223 1
187 206 1
169 186 1
37 153 1
49 178 1
70 87 1
197 262 1
220 239 1
35 245 1
11 97 1
1 194 1
44 152 1
121 179 1
69 175 1
68 92 1
127 192 1
38 244 1
122 154 1
36 206 1
131 184 1
213 253 1
94 199 1
39 51 1
21 40 1
136 225 1
31 144 1
64 192 1
57 239 1
26 137 1
31 263 1
151 217 1
177 215 1
181 259 1
89 127 1
65 114 1
66 208 1
117 140 1
179 246 1
14 195 1
192 196 1
204 215 1
132 156 1
120 189 1
119 134 1
26 214 1
32 273 1
53 175 1
123 233 1
158 250 1
47 272 1
39 264 1
55 81 1
203 257 1
147 234 1
27 274 1
68 214 1
76 230 1
227 246 1
241 264 1
