2 202 2
3 55 2
3 118 2
3 127 2
3 224 2
4 158 2
4 211 2
4 267 2
5 67 2
5 184 2
5 205 2
5 266 2
6 8 2
6 23 2
6 25 2
6 76 2
6 186 2
6 218 2
6 239 2
7 22 2
7 185 2
7 233 2
7 251 2
8 142 2
8 165 2
8 202 2
9 236 2
10 117 2
10 125 2
10 227 2
11 30 2
11 85 2
11 97 2
11 179 2
11 243 2
13 98 2
13 241 2
14 195 2
14 237 2
14 247 2
15 83 2
15 117 2
15 251 2
16 45 2
16 166 2
16 181 2
16 245 2
17 211 2
18 31 2
18 231 2
19 268 2
20 106 2
20 260 2
21 40 2
21 69 2
21 71 2
21 117 2
21 159 2
21 252 2
21 256 2
22 68 2
22 76 2
22 77 2
22 163 2
22 239 2
23 107 2
23 192 2
24 114 2
24 210 2
24 232 2
25 28 2
25 241 2
26 37 2
26 100 2
26 137 2
26 185 2
26 214 2
26 267 2
27 181 2
27 243 2
28 192 2
28 237 2
29 130 2
29 195 2
29 202 2
29 236 2
30 73 2
30 76 2
30 160 2
30 213 2
30 231 2
31 93 2
31 152 2
31 263 2
31 264 2
33 204 2
35 208 2
36 148 2
36 206 2
37 43 2
37 66 2
37 183 2
38 105 2
38 244 2
39 84 2
39 264 2
40 189 2
41 93 2
41 131 2
41 248 2
42 58 2
42 73 2
42 147 2
42 184 2
42 269 2
43 56 2
43 63 2
43 116 2
43 165 2
44 171 2
44 173 2
44 202 2
44 207 2
45 91 2
45 214 2
45 232 2
46 114 2
46 193 2
46 275 2
47 149 2
47 219 2
47 237 2
47 272 2
48 90 2
48 213 2
49 83 2
49 253 2
49 267 2
50 134 2
50 234 2
50 267 2
51 221 2
51 266 2
52 72 2
53 169 2
53 200 2
54 80 2
54 84 2
54 266 2
55 59 2
55 128 2
55 146 2
55 222 2
56 269 2
57 172 2
58 146 2
58 210 2
58 228 2
59 194 2
59 219 2
60 136 2
60 174 2
60 180 2
60 261 2
61 106 2
61 117 2
61 232 2
61 244 2
62 109 2
62 135 2
63 108 2
64 160 2
64 238 2
65 114 2
65 120 2
66 110 2
66 170 2
66 223 2
66 241 2
67 203 2
67 243 2
68 92 2
68 174 2
68 214 2
69 110 2
69 125 2
69 217 2
70 87 2
70 245 2
72 147 2
72 155 2
73 104 2
73 180 2
73 232 2
74 88 2
74 151 2
75 126 2
76 80 2
76 144 2
76 186 2
77 135 2
77 246 2
78 173 2
78 245 2
79 145 2
79 169 2
79 245 2
80 146 2
80 257 2
81 136 2
82 133 2
83 128 2
83 214 2
83 215 2
84 189 2
85 218 2
85 255 2
86 167 2
87 205 2
87 264 2
88 187 2
90 215 2
90 218 2
90 230 2
90 249 2
90 253 2
90 267 2
91 156 2
91 220 2
91 257 2
91 263 2
92 249 2
94 121 2
94 157 2
94 176 2
94 179 2
94 199 2
94 223 2
95 123 2
95 207 2
96 98 2
96 255 2
97 225 2
97 250 2
97 270 2
99 228 2
99 243 2
100 184 2
100 231 2
102 244 2
103 163 2
103 271 2
104 140 2
104 186 2
105 173 2
106 159 2
106 162 2
107 133 2
108 157 2
108 241 2
108 270 2
109 213 2
110 147 2
110 217 2
110 249 2
112 155 2
112 240 2
112 255 2
112 271 2
113 128 2
113 193 2
113 261 2
113 263 2
114 270 2
117 140 2
118 149 2
118 184 2
119 134 2
120 122 2
120 158 2
120 189 2
121 179 2
122 152 2
122 154 2
123 233 2
125 197 2
125 252 2
127 192 2
127 210 2
128 143 2
128 257 2
128 265 2
130 226 2
131 184 2
131 214 2
132 153 2
132 156 2
132 159 2
132 221 2
132 270 2
133 134 2
133 197 2
135 153 2
136 159 2
136 187 2
136 206 2
136 225 2
136 237 2
137 188 2
137 195 2
138 189 2
139 229 2
142 179 2
144 177 2
147 157 2
147 188 2
150 176 2
150 198 2
150 206 2
150 218 2
151 181 2
151 199 2
151 217 2
151 238 2
152 242 2
154 182 2
154 215 2
155 267 2
156 160 2
156 235 2
158 209 2
159 225 2
160 237 2
161 227 2
164 275 2
166 242 2
169 186 2
172 203 2
172 206 2
173 256 2
175 249 2
175 267 2
177 223 2
178 254 2
179 203 2
179 246 2
182 257 2
183 231 2
187 188 2
187 206 2
187 229 2
188 223 2
188 263 2
190 207 2
190 273 2
191 264 2
192 244 2
194 236 2
196 201 2
197 262 2
198 270 2
200 245 2
203 229 2
204 215 2
204 229 2
205 248 2
205 271 2
207 218 2
207 222 2
208 237 2
209 246 2
210 212 2
211 221 2
211 264 2
213 253 2
214 243 2
215 265 2
216 238 2
216 265 2
217 228 2
219 253 2
220 260 2
221 246 2
221 254 2
225 253 2
226 237 2
227 246 2
227 260 2
228 270 2
229 272 2
233 274 2
238 267 2
241 251 2
248 250 2
248 271 2
250 266 2
250 275 2
252 258 2
259 264 2
272 274 2
57 198 2
30 38 2
147 207 2
53 189 2
82 131 2
176 248 2
64 123 2
69 253 2
151 233 2
202 300 2
169 177 2
90 129 2
60 134 2
18 126 2
212 231 2
128 268 2
124 165 2
29 295 2
8 179 2
79 136 2
22 260 2
7 19 2
143 259 2
71 88 2
105 287 2
66 272 2
153 159 2
98 291 2
115 212 2
114 121 2
42 241 2
84 163 2
76 102 2
107 191 2
254 267 2
210 242 2
249 289 2
127 228 2
11 203 2
4 197 2
262 295 2
152 275 2
70 112 2
20 140 2
184 253 2
140 223 2
190 222 2
84 289 2
272 297 2
93 247 2
32 237 2
154 221 2
79 278 2
45 177 2
88 239 2
80 180 2
152 198 2
5 231 2
66 221 2
24 100 2
17 162 2
21 204 2
79 102 2
71 190 2
71 280 2
3 15 2
7 166 2
223 283 2
243 265 2
28 157 2
32 201 2
94 105 2
34 183 2
97 99 2
99 118 2
113 196 2
214 277 2
12 53 2
13 199 2
84 124 2
136 176 2
84 183 2
5 300 2
163 238 2
15 267 2
164 265 2
46 67 2
226 255 2
49 98 2
20 195 2
165 215 2
5 139 2
17 127 2
137 190 2
9 215 2
87 218 2
142 302 2
139 267 2
2 125 2
74 268 2
34 139 2
127 182 2
80 99 2
105 194 2
124 126 2
86 288 2
34 91 2
123 158 2
10 105 2
15 295 2
16 210 2
101 157 2
65 207 2
208 294 2
63 189 2
23 172 2
97 298 2
193 202 2
4 73 2
84 197 2
125 170 2
157 182 2
2 258 2
12 58 2
2 9 2
24 72 2
171 212 2
114 179 2
170 235 2
20 120 2
189 232 2
24 140 2
40 182 2
216 255 2
41 298 2
149 164 2
26 163 2
18 118 2
27 28 2
36 173 2
29 244 2
58 238 2
110 236 2
43 49 2
66 103 2
254 297 2
54 134 2
34 267 2
73 84 2
230 260 2
120 236 2
253 255 2
235 282 2
105 277 2
3 14 2
45 71 2
154 240 2
2 289 2
104 194 2
49 50 2
2 131 2
44 182 2
75 133 2
147 216 2
102 147 2
80 141 2
93 222 2
28 152 2
3 71 2
84 255 2
3 297 2
152 243 2
148 153 2
38 227 2
254 276 2
82 84 2
127 275 2
103 264 2
106 200 2
14 42 2
154 207 2
120 124 2
147 247 2
15 274 2
147 226 2
96 150 2
218 247 2
63 88 2
12 95 2
46 98 2
182 285 2
127 256 2
4 86 2
56 201 2
70 191 2
96 243 2
60 221 2
165 217 2
188 204 2
49 177 2
109 270 2
24 196 2
214 281 2
4 85 2
180 290 2
49 272 2
59 174 2
61 223 2
259 279 2
148 261 2
44 199 2
241 262 2
155 258 2
125 158 2
39 299 2
147 204 2
97 267 2
169 176 2
73 253 2
130 228 2
29 187 2
99 250 2
56 247 2
203 224 2
201 267 2
98 139 2
51 226 2
46 291 2
27 208 2
41 109 2
5 172 2
38 203 2
178 275 2
55 290 2
32 115 2
59 281 2
75 301 2
6 243 2
128 229 2
24 144 2
191 239 2
112 162 2
149 289 2
156 195 2
175 196 2
42 301 2
198 202 2
73 79 2
64 172 2
126 204 2
102 179 2
177 260 2
174 263 2
118 302 2
187 259 2
23 75 2
183 195 2
179 184 2
29 37 2
71 201 2
70 232 2
125 243 2
17 269 2
136 196 2
17 81 2
35 259 2
118 294 2
131 291 2
248 254 2
138 288 2
7 202 2
92 210 2
92 187 2
213 271 2
39 126 2
54 111 2
49 106 2
70 178 2
66 71 2
146 206 2
87 240 2
100 202 2
179 189 2
174 176 2
13 73 2
178 222 2
62 165 2
9 133 2
135 274 2
81 169 2
188 273 2
63 129 2
40 192 2
132 243 2
35 216 2
132 179 2
106 116 2
2 60 2
233 284 2
173 296 2
3 47 2
167 214 2
106 222 2
76 299 2
52 164 2
156 239 2
134 282 2
171 300 2
127 172 2
112 204 2
40 290 2
34 153 2
91 93 2
72 152 2
21 23 2
23 66 2
67 279 2
172 188 2
182 196 2
247 248 2
43 98 2
176 182 2
78 179 2
45 247 2
1 154 2
41 146 2
141 177 2
191 231 2
41 267 2
287 302 2
61 63 2
6 127 2
37 191 2
233 298 2
70 241 2
111 176 2
36 55 2
111 284 2
53 232 2
177 199 2
15 270 2
73 159 2
38 243 2
199 243 2
20 259 2
3 23 2
40 83 2
76 213 2
270 283 2
12 143 2
48 89 2
70 197 2
124 156 2
94 209 2
54 270 2
21 105 2
175 283 2
73 212 2
161 230 2
29 162 2
109 252 2
163 199 2
166 183 2
141 194 2
4 229 2
198 239 2
93 296 2
20 87 2
71 299 2
53 99 2
31 89 2
266 273 2
181 251 2
36 110 2
57 269 2
165 171 2
49 217 2
26 53 2
29 243 2
179 279 2
226 273 2
243 269 2
57 265 2
11 107 2
61 100 2
32 137 2
63 86 2
96 210 2
15 195 2
158 159 2
25 69 2
21 284 2
44 73 2
13 34 2
11 72 2
192 295 2
158 283 2
35 234 2
119 244 2
39 276 2
99 208 2
59 115 2
195 251 2
50 127 2
107 196 2
74 125 2
147 175 2
168 208 2
157 237 2
44 216 2
194 230 2
161 200 2
16 227 2
66 100 2
137 192 2
37 98 2
96 235 2
127 212 2
35 44 2
149 175 2
228 246 2
100 273 2
90 139 2
3 245 2
73 219 2
288 300 2
110 185 2
34 156 2
198 254 2
88 97 2
88 134 2
18 185 2
92 227 2
143 268 2
15 126 2
51 114 2
83 260 2
46 148 2
151 219 2
289 290 2
67 273 2
174 287 2
138 154 2
49 206 2
89 300 2
134 174 2
16 129 2
51 192 2
32 106 2
17 229 2
44 128 2
278 301 2
123 210 2
44 124 2
29 271 2
33 111 2
95 300 2
151 207 2
108 230 2
17 197 2
29 105 2
188 232 2
42 77 2
147 282 2
106 298 2
72 149 2
47 122 2
29 148 2
167 189 2
136 151 2
216 261 2
168 213 2
51 70 2
59 280 2
175 255 2
278 294 2
180 283 2
21 207 2
186 254 2
58 167 2
180 236 2
204 301 2
47 280 2
25 145 2
175 234 2
147 278 2
131 141 2
55 181 2
113 209 2
81 159 2
65 150 2
44 56 2
27 262 2
64 279 2
144 228 2
19 34 2
162 235 2
17 139 2
39 282 2
211 281 2
212 254 2
40 55 2
93 109 2
221 301 2
75 219 2
77 281 2
133 224 2
20 249 2
83 90 2
225 233 2
7 256 2
166 251 2
