88 308 4
67 130 4
300 354 4
263 309 4
280 284 4
112 136 4
90 169 4
217 222 4
17 78 4
150 207 4
3 203 4
208 211 4
22 148 4
123 192 4
275 360 4
74 359 4
203 362 4
43 61 4
195 323 4
43 109 4
154 241 4
22 244 4
14 96 4
149 244 4
112 142 4
172 298 4
144 344 4
71 127 4
165 262 4
159 249 4
14 228 4
153 225 4
213 274 4
103 324 4
58 227 4
159 211 4
146 268 4
181 282 4
116 298 4
65 102 4
54 314 4
273 292 4
197 343 4
110 361 4
50 296 4
158 212 4
56 64 4
74 337 4
32 325 4
131 186 4
33 89 4
36 357 4
178 216 4
111 330 4
23 86 4
212 336 4
119 139 4
28 320 4
64 96 4
26 80 4
171 291 4
234 240 4
38 314 4
262 362 4
84 345 4
126 239 4
116 275 4
174 293 4
182 195 4
95 262 4
280 306 4
110 232 4
116 243 4
137 268 4
274 364 4
169 350 4
225 256 4
94 294 4
173 355 4
209 290 4
130 221 4
26 245 4
130 199 4
3 229 4
85 324 4
56 264 4
188 321 4
129 166 4
65 359 4
31 63 4
73 324 4
215 288 4
16 354 4
143 218 4
62 124 4
118 191 4
70 165 4
34 299 4
119 225 4
123 314 4
174 269 4
2 31 4
89 124 4
82 120 4
40 243 4
166 249 4
254 294 4
88 181 4
146 243 4
212 263 4
68 247 4
41 195 4
104 132 4
185 328 4
133 250 4
115 142 4
93 144 4
182 203 4
324 341 4
201 358 4
15 298 4
1 326 4
182 226 4
6 105 4
59 316 4
183 325 4
58 255 4
12 358 4
189 253 4
12 130 4
20 153 4
170 244 4
138 353 4
43 311 4
35 113 4
128 147 4
204 332 4
145 249 4
20 249 4
135 311 4
257 270 4
146 318 4
21 327 4
195 207 4
206 274 4
336 350 4
272 358 4
38 211 4
44 253 4
40 157 4
186 344 4
2 341 4
82 177 4
101 250 4
60 195 4
8 293 4
100 302 4
118 210 4
39 322 4
287 325 4
244 352 4
294 329 4
231 258 4
23 302 4
62 119 4
150 154 4
125 305 4
21 156 4
40 301 4
52 178 4
105 292 4
60 83 4
41 269 4
55 200 4
216 365 4
33 300 4
203 361 4
95 285 4
284 307 4
88 94 4
4 237 4
247 308 4
37 53 4
20 45 4
134 197 4
60 97 4
213 302 4
34 142 4
33 173 4
88 172 4
121 306 4
107 200 4
26 173 4
91 351 4
25 74 4
28 184 4
2 123 4
27 55 4
46 159 4
99 349 4
242 252 4
43 235 4
99 241 4
269 329 4
331 356 4
135 328 4
168 298 4
162 341 4
16 147 4
40 123 4
277 364 4
67 336 4
121 150 4
25 336 4
180 195 4
12 128 4
111 124 4
55 222 4
44 323 4
9 242 4
5 12 4
28 173 4
1 189 4
16 205 4
19 27 4
55 361 4
74 178 4
251 331 4
19 47 4
222 270 4
226 233 4
33 41 4
87 343 4
21 320 4
101 196 4
86 162 4
170 207 4
26 265 4
287 358 4
77 280 4
27 306 4
14 129 4
94 204 4
223 265 4
178 197 4
114 127 4
102 216 4
136 155 4
109 359 4
151 214 4
304 356 4
203 313 4
161 338 4
102 210 4
16 260 4
257 343 4
42 106 4
303 327 4
256 283 4
87 217 4
35 152 4
201 253 4
251 355 4
81 301 4
98 351 4
36 87 4
91 341 4
193 295 4
31 120 4
14 38 4
15 47 4
145 327 4
121 289 4
11 82 4
263 355 4
50 155 4
25 355 4
332 359 4
131 344 4
133 267 4
45 116 4
149 225 4
135 155 4
312 341 4
13 185 4
17 288 4
85 344 4
68 205 4
206 324 4
221 272 4
61 196 4
220 327 4
13 107 4
85 186 4
143 144 4
274 316 4
134 189 4
15 99 4
74 345 4
164 326 4
144 343 4
87 228 4
13 211 4
124 336 4
30 51 4
248 303 4
148 267 4
157 254 4
34 279 4
31 113 4
178 304 4
58 63 4
129 161 4
72 108 4
90 292 4
70 329 4
107 124 4
136 297 4
112 317 4
59 163 4
102 198 4
345 362 4
3 210 4
234 338 4
244 321 4
56 143 4
205 316 4
80 113 4
58 241 4
244 349 4
207 330 4
110 145 4
98 313 4
264 280 4
134 209 4
15 41 4
11 236 4
78 295 4
220 311 4
155 325 4
102 323 4
210 273 4
14 363 4
55 352 4
231 312 4
95 333 4
129 204 4
77 113 4
84 301 4
32 201 4
46 218 4
145 242 4
56 319 4
74 333 4
33 321 4
122 335 4
24 191 4
189 242 4
37 286 4
40 300 4
30 208 4
8 336 4
120 233 4
47 226 4
79 203 4
61 112 4
181 359 4
237 256 4
4 22 4
16 204 4
17 54 4
302 350 4
40 284 4
77 125 4
59 204 4
103 173 4
145 180 4
13 73 4
177 356 4
251 295 4
47 312 4
127 362 4
98 253 4
55 101 4
274 315 4
19 174 4
158 332 4
6 12 4
133 193 4
28 139 4
309 312 4
88 130 4
126 203 4
117 157 4
71 86 4
2 74 4
55 190 4
200 287 4
307 312 4
79 272 4
252 261 4
227 348 4
102 359 4
233 234 4
6 244 4
187 262 4
26 317 4
78 274 4
66 285 4
47 251 4
208 252 4
32 120 4
12 306 4
10 305 4
89 323 4
218 268 4
307 340 4
80 133 4
4 358 4
2 236 4
9 320 4
57 326 4
22 37 4
14 95 4
87 345 4
60 352 4
237 288 4
75 285 4
85 248 4
262 281 4
184 230 4
114 204 4
125 250 4
117 337 4
30 253 4
262 352 4
100 349 4
77 279 4
8 122 4
90 265 4
44 150 4
308 331 4
18 21 4
250 325 4
159 223 4
23 221 4
26 41 4
222 283 4
276 311 4
31 220 4
74 340 4
15 173 4
86 174 4
92 295 4
150 181 4
193 251 4
22 194 4
99 215 4
157 211 4
58 61 4
14 278 4
111 140 4
57 361 4
271 332 4
3 362 4
34 182 4
128 355 4
49 301 4
132 197 4
282 287 4
69 172 4
91 166 4
16 57 4
189 267 4
172 304 4
19 242 4
158 273 4
268 352 4
272 318 4
230 274 4
7 47 4
134 364 4
36 104 4
126 167 4
104 300 4
4 140 4
275 306 4
151 332 4
31 321 4
184 290 4
1 334 4
60 299 4
103 158 4
121 201 4
55 123 4
29 118 4
85 169 4
261 308 4
68 188 4
119 123 4
228 316 4
138 183 4
25 256 4
161 268 4
55 142 4
81 143 4
142 259 4
14 357 4
271 361 4
107 112 4
85 198 4
225 253 4
224 282 4
104 205 4
16 349 4
211 283 4
157 331 4
40 221 4
181 200 4
180 236 4
34 322 4
8 232 4
78 215 4
223 267 4
27 348 4
8 125 4
281 289 4
12 254 4
148 274 4
49 131 4
332 346 4
311 341 4
16 180 4
223 361 4
37 272 4
288 362 4
50 295 4
229 321 4
7 143 4
46 222 4
169 229 4
141 170 4
153 239 4
29 300 4
78 204 4
122 184 4
44 97 4
129 280 4
43 169 4
133 275 4
79 197 4
129 185 4
49 183 4
140 246 4
192 361 4
349 360 4
210 281 4
68 193 4
83 221 4
59 343 4
180 298 4
33 161 4
334 346 4
194 313 4
23 222 4
158 326 4
111 147 4
34 350 4
173 195 4
21 231 4
214 225 4
73 141 4
58 265 4
198 265 4
177 324 4
110 175 4
28 138 4
142 163 4
65 89 4
145 357 4
3 9 4
170 359 4
28 212 4
42 154 4
76 257 4
117 119 4
248 346 4
96 314 4
204 213 4
16 293 4
159 171 4
1 125 4
243 323 4
220 308 4
104 211 4
106 144 4
137 277 4
123 275 4
120 221 4
113 221 4
32 196 4
176 286 4
234 336 4
175 271 4
138 255 4
1 247 4
6 49 4
1 348 4
20 277 4
123 347 4
125 180 4
91 285 4
194 262 4
117 270 4
6 183 4
201 286 4
206 214 4
11 184 4
131 339 4
50 269 4
228 296 4
269 333 4
326 358 4
13 316 4
237 297 4
51 192 4
112 114 4
10 198 4
160 362 4
2 183 4
104 342 4
247 259 4
1 270 4
122 132 4
172 300 4
92 162 4
159 360 4
152 187 4
194 320 4
221 248 4
47 182 4
295 356 4
215 245 4
212 361 4
39 179 4
15 270 4
164 339 4
318 339 4
75 125 4
59 162 4
246 253 4
39 220 4
98 304 4
247 315 4
102 291 4
108 198 4
206 245 4
37 55 4
33 124 4
163 323 4
228 268 4
234 298 4
26 187 4
150 271 4
125 261 4
198 208 4
69 119 4
175 217 4
199 322 4
154 333 4
173 306 4
35 90 4
214 285 4
67 242 4
11 26 4
104 301 4
186 323 4
179 285 4
74 335 4
44 234 4
170 328 4
45 313 4
177 318 4
122 133 4
146 151 4
92 344 4
11 68 4
183 295 4
281 306 4
228 348 4
24 331 4
288 341 4
154 209 4
236 264 4
285 365 4
104 247 4
148 169 4
194 345 4
7 100 4
169 308 4
147 210 4
91 220 4
272 273 4
206 244 4
68 213 4
178 284 4
91 259 4
157 357 4
47 112 4
23 227 4
270 279 4
155 170 4
315 326 4
119 219 4
63 268 4
322 358 4
228 339 4
179 322 4
107 169 4
25 303 4
38 86 4
251 340 4
77 78 4
303 363 4
101 108 4
62 324 4
79 128 4
28 216 4
89 126 4
203 356 4
160 245 4
41 218 4
79 362 4
88 185 4
83 223 4
260 266 4
168 240 4
146 301 4
143 318 4
53 295 4
253 307 4
77 114 4
16 21 4
161 162 4
204 364 4
83 208 4
215 248 4
294 358 4
137 302 4
159 170 4
128 219 4
53 78 4
2 255 4
11 70 4
89 364 4
252 290 4
107 324 4
3 325 4
119 206 4
324 326 4
230 288 4
209 337 4
145 215 4
77 109 4
19 360 4
47 204 4
97 262 4
223 302 4
25 330 4
84 222 4
108 112 4
9 276 4
66 68 4
184 235 4
250 273 4
201 252 4
44 172 4
21 224 4
245 332 4
97 239 4
42 357 4
195 343 4
254 336 4
53 218 4
52 274 4
164 358 4
58 73 4
131 195 4
57 125 4
32 70 4
270 364 4
170 284 4
6 199 4
247 250 4
36 222 4
181 263 4
27 215 4
93 337 4
185 202 4
246 293 4
110 239 4
91 239 4
278 353 4
68 113 4
137 335 4
201 333 4
41 176 4
46 194 4
9 75 4
230 353 4
110 225 4
137 185 4
131 277 4
7 165 4
46 113 4
279 299 4
82 341 4
152 328 4
276 359 4
20 75 4
47 333 4
44 144 4
143 237 4
209 247 4
291 312 4
56 73 4
150 314 4
249 337 4
49 282 4
86 343 4
94 276 4
69 364 4
207 357 4
43 88 4
174 220 4
62 220 4
106 187 4
56 329 4
302 342 4
229 345 4
227 302 4
36 68 4
307 341 4
39 224 4
73 81 4
231 309 4
348 365 4
32 356 4
79 263 4
72 74 4
135 298 4
119 348 4
38 240 4
139 274 4
3 31 4
253 257 4
345 361 4
16 359 4
13 111 4
93 217 4
183 218 4
223 324 4
274 314 4
171 254 4
19 84 4
16 299 4
153 282 4
85 191 4
22 319 4
50 350 4
81 359 4
133 298 4
314 339 4
43 126 4
35 116 4
135 356 4
150 252 4
160 213 4
156 158 4
22 239 4
176 321 4
20 255 4
137 237 4
161 247 4
215 267 4
288 295 4
221 261 4
119 291 4
226 245 4
33 333 4
159 336 4
235 309 4
73 99 4
84 94 4
316 337 4
106 283 4
28 342 4
112 188 4
281 326 4
90 203 4
313 350 4
66 115 4
275 340 4
2 299 4
8 337 4
87 92 4
92 250 4
14 322 4
97 190 4
108 219 4
48 213 4
75 193 4
247 361 4
219 319 4
100 322 4
56 326 4
84 171 4
26 50 4
85 202 4
40 266 4
56 132 4
306 353 4
1 223 4
105 319 4
61 97 4
15 201 4
207 331 4
269 332 4
203 343 4
122 216 4
77 177 4
161 233 4
39 315 4
241 267 4
34 307 4
141 147 4
130 185 4
44 87 4
97 185 4
148 339 4
158 162 4
174 180 4
61 198 4
140 320 4
175 261 4
227 251 4
94 129 4
103 168 4
43 62 4
100 134 4
60 297 4
189 280 4
58 174 4
232 358 4
15 154 4
3 331 4
197 233 4
182 293 4
86 321 4
247 260 4
108 273 4
37 202 4
201 362 4
261 301 4
52 58 4
69 117 4
213 362 4
97 228 4
206 250 4
228 299 4
167 253 4
69 116 4
94 201 4
33 82 4
152 354 4
140 354 4
25 99 4
142 150 4
182 272 4
189 268 4
29 285 4
130 291 4
64 169 4
56 211 4
287 326 4
72 182 4
162 320 4
5 104 4
301 365 4
82 358 4
25 34 4
49 172 4
189 314 4
95 198 4
21 130 4
215 362 4
184 362 4
165 198 4
43 247 4
225 278 4
60 151 4
278 296 4
92 105 4
104 283 4
27 275 4
51 242 4
1 49 4
156 189 4
45 54 4
240 341 4
122 337 4
89 118 4
155 343 4
93 339 4
77 251 4
137 317 4
93 305 4
49 197 4
31 331 4
114 358 4
221 355 4
11 339 4
27 235 4
55 210 4
176 266 4
47 239 4
28 293 4
24 323 4
158 178 4
186 266 4
34 125 4
190 212 4
57 239 4
325 354 4
107 237 4
35 81 4
247 269 4
114 122 4
168 352 4
152 168 4
71 248 4
110 248 4
10 40 4
25 126 4
59 307 4
59 305 4
154 172 4
170 178 4
160 285 4
42 251 4
57 288 4
154 277 4
267 338 4
33 140 4
200 310 4
73 349 4
93 140 4
12 179 4
137 159 4
217 261 4
11 79 4
214 232 4
26 182 4
33 93 4
2 134 4
58 283 4
71 114 4
27 86 4
30 59 4
31 282 4
265 316 4
90 103 4
49 115 4
264 325 4
277 308 4
21 116 4
21 287 4
160 309 4
37 46 4
48 192 4
166 227 4
162 340 4
188 294 4
117 323 4
34 304 4
45 254 4
205 355 4
35 39 4
11 359 4
302 318 4
109 271 4
249 339 4
129 282 4
44 232 4
292 318 4
237 279 4
75 93 4
21 211 4
20 320 4
35 258 4
53 79 4
99 203 4
237 340 4
137 350 4
131 287 4
249 303 4
276 296 4
117 133 4
233 249 4
259 348 4
159 261 4
130 251 4
27 340 4
38 328 4
51 362 4
160 295 4
132 133 4
107 259 4
60 87 4
92 347 4
29 217 4
205 230 4
54 361 4
286 303 4
80 194 4
198 323 4
22 281 4
350 355 4
40 319 4
38 305 4
170 200 4
129 150 4
188 334 4
60 236 4
145 226 4
91 145 4
197 349 4
144 304 4
65 132 4
298 326 4
130 201 4
102 329 4
55 263 4
4 301 4
52 260 4
105 180 4
44 73 4
59 279 4
189 285 4
25 58 4
10 98 4
210 221 4
93 353 4
25 331 4
166 313 4
211 287 4
80 313 4
251 342 4
59 254 4
110 277 4
74 205 4
40 203 4
84 218 4
324 333 4
25 108 4
65 329 4
158 291 4
257 316 4
182 320 4
28 114 4
193 241 4
32 126 4
90 227 4
71 195 4
257 275 4
237 268 4
163 214 4
67 333 4
246 348 4
34 353 4
7 98 4
8 355 4
312 323 4
186 246 4
51 334 4
210 270 4
244 301 4
27 162 4
82 98 4
30 356 4
64 316 4
267 278 4
113 291 4
344 358 4
69 274 4
337 345 4
223 353 4
170 326 4
2 206 4
28 47 4
314 316 4
192 294 4
251 320 4
24 45 4
35 109 4
54 230 4
12 350 4
97 142 4
177 302 4
146 267 4
183 245 4
102 239 4
199 227 4
285 328 4
9 97 4
45 312 4
16 240 4
293 323 4
252 337 4
52 347 4
63 92 4
48 281 4
103 114 4
96 201 4
290 347 4
226 363 4
164 236 4
20 25 4
39 126 4
222 309 4
105 313 4
120 323 4
187 250 4
78 130 4
116 278 4
182 341 4
97 207 4
80 309 4
268 280 4
39 249 4
93 318 4
110 173 4
186 328 4
89 254 4
224 255 4
2 20 4
202 325 4
80 140 4
217 266 4
179 210 4
24 26 4
154 230 4
179 290 4
81 230 4
261 268 4
214 330 4
131 361 4
15 78 4
316 332 4
160 231 4
162 221 4
57 251 4
82 178 4
78 193 4
37 355 4
13 256 4
62 101 4
242 298 4
25 106 4
13 286 4
65 342 4
117 191 4
164 268 4
114 132 4
291 348 4
37 146 4
201 287 4
13 259 4
49 91 4
123 346 4
61 242 4
139 302 4
163 174 4
99 243 4
140 163 4
22 277 4
75 280 4
103 290 4
189 215 4
142 282 4
53 343 4
3 260 4
319 355 4
80 89 4
2 269 4
62 118 4
202 256 4
55 67 4
110 153 4
307 309 4
277 315 4
286 328 4
309 352 4
80 232 4
159 222 4
148 268 4
42 199 4
188 270 4
51 52 4
53 325 4
11 77 4
171 212 4
24 282 4
133 335 4
69 335 4
75 131 4
94 247 4
53 233 4
37 132 4
156 252 4
45 303 4
154 243 4
36 116 4
87 123 4
82 166 4
196 233 4
58 215 4
79 238 4
105 339 4
62 99 4
74 193 4
173 320 4
