1 43 3
1 129 3
2 26 3
2 73 3
2 84 3
2 153 3
2 164 3
2 225 3
2 268 3
3 201 3
4 14 3
4 135 3
4 251 3
5 166 3
6 24 3
7 35 3
7 167 3
7 248 3
7 272 3
7 281 3
8 146 3
9 153 3
10 45 3
10 98 3
10 103 3
10 106 3
10 265 3
11 133 3
11 166 3
12 167 3
14 69 3
14 122 3
14 265 3
15 70 3
16 45 3
16 57 3
16 58 3
16 60 3
16 63 3
16 98 3
16 167 3
16 281 3
17 64 3
17 83 3
18 77 3
19 146 3
19 182 3
19 269 3
20 79 3
20 102 3
20 165 3
20 186 3
20 224 3
20 237 3
21 139 3
21 167 3
22 84 3
22 177 3
24 204 3
24 237 3
24 269 3
25 39 3
25 116 3
26 133 3
26 154 3
26 265 3
31 177 3
31 181 3
32 70 3
32 143 3
32 186 3
33 167 3
34 39 3
34 48 3
35 47 3
35 167 3
35 173 3
35 208 3
36 173 3
36 217 3
37 49 3
37 51 3
37 89 3
37 114 3
37 186 3
37 199 3
37 227 3
37 240 3
37 281 3
38 39 3
38 83 3
39 102 3
39 112 3
39 129 3
39 135 3
39 150 3
39 155 3
39 236 3
39 269 3
40 58 3
40 102 3
41 186 3
41 237 3
42 107 3
42 169 3
43 139 3
43 254 3
44 118 3
45 167 3
46 68 3
46 252 3
48 85 3
48 87 3
48 150 3
48 164 3
49 162 3
49 167 3
49 272 3
50 54 3
50 249 3
51 172 3
52 123 3
52 186 3
53 70 3
53 120 3
53 148 3
53 208 3
54 207 3
54 225 3
54 229 3
54 295 3
55 104 3
55 137 3
55 164 3
55 186 3
55 229 3
57 84 3
57 143 3
58 97 3
58 117 3
58 188 3
58 204 3
58 209 3
59 68 3
59 120 3
59 130 3
59 167 3
59 188 3
59 202 3
61 118 3
62 75 3
62 167 3
63 122 3
63 301 3
64 89 3
64 110 3
65 77 3
65 108 3
65 217 3
66 112 3
66 154 3
67 230 3
68 69 3
68 107 3
68 155 3
68 164 3
68 184 3
68 186 3
69 85 3
69 142 3
69 186 3
70 102 3
70 162 3
70 226 3
70 235 3
70 268 3
70 269 3
70 270 3
71 165 3
72 73 3
72 176 3
72 269 3
73 122 3
73 186 3
73 209 3
73 245 3
74 142 3
75 218 3
75 300 3
76 146 3
76 236 3
77 80 3
77 110 3
77 116 3
77 158 3
79 186 3
79 213 3
80 164 3
81 122 3
81 179 3
82 263 3
83 163 3
83 167 3
83 170 3
83 229 3
84 85 3
84 107 3
84 140 3
84 158 3
84 161 3
84 164 3
84 193 3
84 203 3
84 208 3
84 218 3
84 228 3
84 246 3
85 103 3
85 152 3
85 164 3
88 142 3
89 103 3
89 112 3
89 270 3
90 236 3
91 280 3
92 275 3
93 99 3
93 140 3
93 176 3
93 186 3
93 220 3
93 269 3
94 118 3
95 186 3
96 186 3
98 158 3
98 167 3
98 186 3
98 219 3
98 266 3
99 167 3
99 186 3
99 210 3
99 272 3
100 167 3
100 186 3
102 134 3
102 166 3
102 167 3
102 169 3
102 172 3
102 200 3
102 218 3
102 220 3
102 244 3
102 284 3
103 123 3
103 167 3
103 194 3
104 142 3
105 167 3
106 111 3
106 122 3
106 125 3
106 161 3
106 167 3
106 186 3
109 175 3
109 188 3
109 296 3
110 176 3
110 186 3
110 188 3
111 167 3
111 177 3
111 188 3
112 143 3
113 146 3
114 191 3
114 263 3
116 296 3
117 122 3
117 166 3
117 237 3
118 186 3
118 237 3
118 265 3
119 134 3
119 198 3
120 164 3
120 167 3
120 199 3
121 205 3
122 126 3
122 143 3
122 151 3
122 174 3
122 207 3
125 159 3
125 186 3
125 199 3
125 220 3
126 142 3
126 162 3
126 182 3
127 159 3
127 199 3
129 137 3
129 142 3
129 144 3
129 264 3
130 135 3
130 142 3
130 213 3
131 158 3
131 169 3
132 240 3
133 261 3
133 274 3
134 167 3
134 216 3
134 285 3
134 291 3
135 157 3
135 166 3
135 167 3
135 188 3
137 181 3
138 176 3
138 213 3
138 225 3
139 154 3
139 156 3
139 225 3
139 252 3
140 167 3
141 235 3
142 157 3
142 158 3
142 229 3
142 275 3
143 186 3
143 187 3
144 179 3
144 225 3
144 237 3
146 151 3
146 166 3
146 210 3
146 228 3
146 229 3
147 188 3
147 198 3
149 167 3
149 269 3
150 167 3
150 175 3
150 255 3
151 186 3
151 229 3
152 186 3
152 260 3
153 251 3
154 181 3
154 245 3
154 255 3
155 167 3
157 186 3
157 201 3
157 216 3
158 186 3
161 162 3
163 188 3
163 265 3
164 167 3
164 178 3
164 190 3
166 277 3
167 170 3
167 172 3
167 187 3
167 190 3
167 195 3
167 199 3
167 204 3
167 206 3
167 212 3
167 227 3
167 237 3
167 240 3
167 251 3
167 258 3
167 279 3
167 291 3
167 293 3
170 255 3
173 255 3
174 176 3
175 180 3
175 186 3
175 195 3
175 237 3
175 274 3
176 220 3
178 202 3
178 217 3
179 219 3
179 272 3
180 245 3
182 245 3
184 260 3
185 218 3
186 195 3
186 203 3
186 212 3
186 222 3
186 236 3
186 247 3
186 259 3
186 273 3
186 285 3
186 289 3
186 295 3
186 299 3
188 191 3
188 258 3
188 268 3
190 297 3
192 203 3
193 198 3
194 197 3
194 203 3
203 272 3
206 238 3
215 225 3
216 237 3
216 240 3
217 254 3
217 258 3
219 237 3
220 244 3
225 232 3
225 237 3
225 266 3
225 270 3
225 297 3
227 245 3
233 251 3
236 245 3
237 262 3
239 259 3
243 263 3
245 269 3
250 269 3
250 283 3
258 259 3
258 275 3
265 282 3
268 276 3
7 253 3
113 253 3
186 306 3
85 298 3
77 306 3
63 266 3
30 186 3
54 102 3
161 229 3
84 223 3
192 269 3
197 269 3
4 162 3
186 304 3
27 181 3
58 131 3
296 308 3
12 69 3
149 225 3
186 325 3
164 297 3
186 219 3
38 85 3
93 122 3
104 157 3
167 257 3
168 269 3
68 92 3
93 94 3
16 332 3
77 136 3
30 237 3
26 242 3
175 231 3
128 218 3
2 286 3
70 152 3
245 289 3
263 269 3
105 186 3
16 42 3
134 158 3
209 317 3
100 328 3
167 315 3
164 312 3
144 265 3
62 102 3
8 140 3
93 260 3
10 46 3
18 255 3
53 117 3
39 324 3
184 269 3
260 273 3
164 263 3
37 137 3
31 167 3
16 192 3
112 186 3
200 245 3
45 233 3
23 111 3
139 258 3
134 180 3
39 184 3
52 111 3
102 274 3
32 247 3
167 189 3
77 278 3
69 256 3
59 178 3
240 245 3
33 114 3
74 164 3
71 186 3
55 182 3
102 289 3
115 186 3
68 91 3
251 327 3
17 186 3
237 256 3
37 43 3
15 182 3
170 200 3
7 190 3
158 204 3
167 290 3
252 296 3
65 135 3
122 131 3
142 145 3
140 153 3
23 220 3
63 186 3
167 191 3
37 264 3
196 227 3
251 295 3
167 201 3
127 317 3
178 330 3
112 113 3
186 215 3
49 230 3
36 166 3
176 190 3
236 282 3
208 247 3
53 309 3
39 151 3
210 222 3
23 131 3
23 264 3
26 300 3
256 271 3
186 313 3
66 138 3
128 260 3
69 262 3
124 250 3
58 301 3
167 210 3
148 188 3
154 264 3
167 267 3
153 164 3
144 186 3
178 197 3
234 255 3
143 167 3
223 240 3
8 266 3
194 281 3
102 304 3
28 289 3
7 252 3
135 169 3
186 327 3
55 107 3
210 224 3
182 297 3
134 182 3
152 259 3
102 215 3
26 202 3
60 134 3
186 328 3
93 129 3
35 276 3
30 262 3
232 270 3
237 280 3
104 173 3
16 244 3
180 258 3
244 321 3
49 197 3
45 68 3
62 309 3
123 142 3
134 170 3
80 288 3
33 255 3
117 119 3
107 142 3
13 167 3
35 48 3
77 282 3
67 102 3
80 136 3
186 301 3
34 269 3
161 225 3
151 217 3
167 179 3
122 188 3
225 302 3
77 259 3
26 186 3
134 267 3
7 68 3
201 243 3
167 272 3
143 248 3
102 303 3
123 135 3
226 251 3
135 282 3
176 276 3
127 175 3
237 319 3
1 84 3
167 235 3
84 145 3
84 282 3
75 158 3
43 76 3
176 294 3
78 229 3
58 240 3
130 223 3
179 235 3
61 75 3
162 179 3
44 98 3
63 155 3
196 292 3
244 271 3
39 300 3
53 186 3
34 288 3
186 323 3
143 230 3
43 291 3
141 182 3
31 203 3
119 186 3
130 167 3
68 320 3
88 186 3
151 254 3
68 242 3
84 91 3
141 167 3
61 267 3
7 39 3
93 298 3
150 186 3
169 210 3
203 311 3
237 324 3
254 264 3
135 161 3
200 255 3
203 270 3
44 142 3
45 49 3
84 231 3
2 105 3
208 252 3
179 195 3
164 226 3
184 186 3
6 85 3
122 245 3
8 182 3
93 134 3
154 182 3
77 117 3
137 282 3
153 289 3
51 170 3
84 116 3
59 63 3
18 139 3
141 186 3
131 223 3
218 279 3
14 277 3
17 225 3
74 156 3
192 278 3
67 291 3
80 256 3
198 202 3
132 167 3
22 27 3
112 163 3
2 28 3
111 313 3
269 312 3
102 198 3
167 270 3
200 214 3
217 286 3
46 84 3
161 227 3
209 212 3
186 290 3
88 131 3
35 218 3
10 168 3
190 262 3
188 298 3
161 276 3
240 244 3
93 283 3
1 143 3
58 330 3
37 167 3
26 201 3
52 84 3
151 289 3
70 114 3
144 254 3
16 210 3
89 234 3
77 102 3
103 134 3
48 138 3
2 100 3
52 326 3
48 322 3
2 70 3
102 301 3
88 93 3
30 172 3
95 141 3
161 223 3
7 186 3
112 242 3
215 252 3
68 173 3
40 176 3
266 267 3
175 258 3
74 193 3
237 254 3
98 208 3
106 135 3
26 43 3
235 280 3
40 167 3
176 201 3
117 326 3
20 202 3
144 202 3
37 50 3
269 318 3
23 186 3
161 167 3
77 115 3
173 178 3
139 296 3
240 315 3
4 48 3
47 280 3
4 148 3
91 167 3
110 151 3
52 266 3
44 175 3
54 257 3
180 300 3
69 273 3
28 102 3
199 263 3
70 80 3
109 302 3
108 144 3
220 269 3
114 273 3
7 230 3
116 255 3
58 129 3
190 236 3
143 156 3
103 110 3
7 285 3
297 329 3
1 237 3
11 144 3
104 139 3
84 316 3
184 237 3
186 201 3
143 234 3
220 238 3
88 269 3
260 277 3
110 204 3
70 195 3
47 223 3
94 140 3
176 238 3
5 125 3
92 186 3
97 325 3
167 224 3
258 326 3
116 143 3
28 82 3
201 251 3
103 152 3
28 93 3
61 201 3
52 65 3
151 324 3
26 220 3
143 199 3
117 167 3
187 312 3
5 70 3
189 204 3
51 146 3
41 134 3
211 290 3
164 285 3
49 163 3
10 84 3
16 292 3
77 297 3
111 322 3
228 265 3
215 291 3
70 167 3
164 294 3
167 252 3
49 275 3
149 266 3
122 325 3
181 186 3
84 219 3
167 231 3
225 306 3
94 312 3
23 171 3
7 55 3
237 251 3
121 186 3
175 295 3
28 207 3
19 199 3
82 167 3
93 261 3
97 317 3
59 290 3
42 237 3
106 273 3
145 240 3
62 220 3
108 167 3
186 265 3
126 260 3
142 181 3
66 186 3
77 191 3
57 142 3
58 219 3
65 212 3
102 264 3
180 315 3
37 56 3
220 243 3
58 164 3
167 234 3
156 275 3
142 322 3
94 147 3
38 143 3
232 265 3
225 310 3
12 156 3
7 212 3
123 280 3
134 297 3
99 122 3
144 215 3
263 319 3
57 186 3
249 252 3
264 273 3
194 235 3
81 93 3
225 242 3
142 282 3
126 210 3
265 330 3
162 220 3
46 118 3
154 160 3
76 144 3
25 125 3
137 331 3
80 318 3
47 254 3
16 279 3
98 203 3
115 134 3
147 219 3
98 195 3
77 204 3
98 144 3
28 142 3
56 95 3
106 176 3
149 164 3
170 221 3
44 251 3
37 166 3
113 175 3
67 240 3
110 261 3
29 269 3
48 261 3
157 309 3
202 203 3
95 206 3
181 237 3
83 84 3
109 308 3
151 224 3
41 178 3
39 329 3
30 152 3
107 234 3
70 279 3
151 225 3
103 139 3
10 102 3
210 265 3
140 200 3
142 326 3
54 221 3
18 61 3
189 260 3
170 268 3
56 102 3
257 258 3
39 62 3
130 264 3
21 25 3
245 320 3
5 118 3
16 186 3
17 240 3
54 237 3
163 309 3
73 131 3
184 217 3
76 86 3
36 48 3
32 225 3
81 176 3
2 185 3
167 310 3
167 300 3
47 168 3
175 263 3
45 263 3
60 255 3
37 243 3
57 251 3
167 311 3
40 174 3
4 292 3
131 186 3
58 213 3
217 223 3
167 249 3
1 269 3
167 173 3
167 202 3
78 108 3
92 254 3
174 306 3
142 313 3
173 253 3
93 293 3
93 168 3
156 167 3
50 126 3
67 70 3
3 43 3
250 309 3
77 318 3
124 186 3
36 41 3
152 173 3
137 176 3
242 266 3
221 237 3
135 142 3
258 306 3
68 75 3
41 291 3
45 269 3
141 260 3
42 48 3
203 252 3
197 273 3
20 23 3
73 250 3
16 179 3
164 240 3
32 203 3
209 245 3
177 250 3
115 167 3
120 198 3
218 269 3
82 321 3
143 276 3
216 305 3
13 237 3
111 186 3
127 186 3
113 167 3
210 247 3
65 151 3
59 236 3
46 200 3
84 99 3
83 155 3
93 263 3
220 284 3
25 93 3
55 313 3
88 188 3
47 84 3
146 269 3
84 315 3
68 298 3
11 70 3
19 82 3
149 154 3
109 203 3
39 328 3
251 290 3
46 238 3
167 176 3
149 295 3
23 288 3
84 238 3
20 211 3
98 316 3
98 307 3
63 84 3
79 182 3
84 183 3
37 135 3
172 253 3
12 102 3
28 100 3
92 296 3
175 270 3
182 227 3
17 237 3
