1 84 4
1 129 4
2 70 4
2 73 4
2 105 4
2 153 4
2 164 4
2 286 4
3 43 4
3 201 4
4 48 4
4 135 4
4 162 4
4 251 4
5 70 4
5 166 4
6 85 4
7 35 4
7 186 4
7 190 4
7 248 4
7 253 4
7 272 4
7 285 4
8 182 4
9 153 4
10 45 4
10 46 4
10 103 4
10 106 4
10 265 4
11 144 4
11 166 4
13 167 4
14 69 4
14 265 4
14 277 4
16 57 4
16 60 4
16 98 4
16 167 4
16 179 4
16 192 4
16 210 4
16 281 4
16 292 4
17 64 4
17 186 4
17 225 4
18 77 4
18 139 4
18 255 4
19 82 4
19 182 4
19 199 4
19 269 4
20 186 4
20 202 4
20 211 4
20 224 4
21 25 4
21 167 4
22 84 4
23 288 4
24 237 4
24 269 4
25 93 4
26 154 4
26 186 4
26 202 4
26 220 4
26 265 4
28 82 4
28 93 4
28 100 4
28 102 4
28 142 4
29 269 4
30 172 4
30 186 4
31 181 4
31 203 4
32 70 4
32 186 4
32 247 4
34 48 4
35 47 4
35 48 4
35 173 4
35 218 4
35 276 4
36 41 4
36 48 4
36 217 4
37 43 4
37 49 4
37 50 4
37 56 4
37 89 4
37 114 4
37 135 4
37 137 4
37 167 4
37 199 4
37 240 4
37 243 4
37 264 4
37 281 4
38 83 4
38 85 4
38 143 4
39 62 4
39 102 4
39 129 4
39 135 4
39 150 4
39 151 4
39 155 4
39 328 4
39 329 4
40 102 4
40 167 4
40 174 4
40 176 4
41 178 4
41 237 4
41 291 4
42 237 4
43 76 4
43 139 4
43 254 4
43 291 4
44 98 4
44 118 4
44 142 4
45 68 4
45 167 4
45 233 4
45 263 4
46 68 4
46 84 4
46 118 4
46 238 4
47 168 4
48 85 4
48 138 4
48 150 4
48 261 4
49 162 4
49 163 4
49 275 4
50 54 4
50 249 4
51 172 4
52 84 4
52 123 4
52 186 4
52 266 4
52 326 4
53 117 4
53 120 4
53 208 4
54 207 4
54 221 4
54 229 4
54 237 4
55 104 4
55 107 4
55 186 4
55 229 4
56 95 4
57 142 4
57 143 4
57 186 4
57 251 4
58 117 4
58 188 4
58 209 4
58 213 4
58 219 4
58 240 4
58 330 4
59 68 4
59 130 4
59 167 4
59 202 4
60 255 4
61 267 4
62 75 4
62 220 4
62 309 4
63 84 4
63 186 4
63 266 4
64 89 4
65 77 4
65 151 4
65 212 4
66 138 4
67 70 4
67 291 4
68 69 4
68 75 4
68 91 4
68 107 4
68 184 4
68 242 4
68 320 4
69 256 4
70 152 4
70 162 4
70 167 4
70 195 4
70 226 4
70 270 4
70 279 4
71 186 4
72 269 4
73 131 4
73 186 4
73 209 4
74 142 4
74 193 4
75 218 4
75 300 4
76 86 4
76 144 4
77 278 4
77 282 4
77 297 4
78 108 4
78 229 4
79 182 4
79 186 4
80 136 4
80 164 4
80 256 4
81 93 4
81 122 4
81 176 4
82 167 4
83 84 4
83 163 4
83 170 4
83 229 4
84 99 4
84 107 4
84 116 4
84 140 4
84 145 4
84 158 4
84 164 4
84 193 4
84 218 4
84 219 4
84 223 4
84 228 4
84 231 4
84 282 4
84 316 4
85 164 4
85 298 4
88 142 4
88 186 4
88 188 4
89 103 4
89 270 4
92 296 4
93 94 4
93 129 4
93 140 4
93 186 4
93 220 4
93 261 4
93 269 4
93 293 4
93 298 4
94 118 4
94 140 4
94 147 4
94 312 4
95 141 4
95 186 4
96 186 4
98 167 4
98 203 4
98 219 4
98 316 4
99 272 4
100 167 4
102 134 4
102 166 4
102 172 4
102 198 4
102 215 4
102 218 4
102 244 4
102 304 4
103 110 4
103 134 4
103 152 4
104 142 4
105 167 4
106 122 4
106 135 4
106 161 4
106 176 4
108 144 4
109 188 4
109 203 4
109 296 4
109 308 4
110 151 4
110 186 4
110 188 4
110 204 4
110 261 4
111 186 4
111 188 4
112 113 4
112 163 4
112 186 4
112 242 4
113 146 4
113 167 4
113 175 4
114 191 4
114 273 4
116 143 4
116 255 4
116 296 4
117 119 4
117 122 4
117 167 4
117 326 4
118 237 4
118 265 4
120 164 4
121 205 4
122 131 4
122 143 4
122 188 4
122 245 4
124 186 4
125 159 4
125 199 4
126 142 4
126 182 4
126 210 4
126 260 4
127 175 4
127 317 4
128 218 4
128 260 4
129 137 4
130 142 4
130 213 4
131 158 4
131 169 4
131 186 4
131 223 4
132 167 4
133 261 4
133 274 4
134 158 4
134 170 4
134 216 4
134 267 4
134 285 4
134 291 4
135 142 4
135 157 4
135 161 4
135 167 4
135 169 4
135 188 4
137 176 4
137 181 4
137 282 4
137 331 4
138 213 4
138 225 4
139 154 4
139 225 4
139 258 4
140 153 4
141 167 4
141 186 4
141 235 4
141 260 4
142 145 4
142 157 4
142 275 4
143 156 4
143 167 4
143 230 4
143 248 4
143 276 4
144 179 4
144 202 4
144 215 4
144 225 4
144 237 4
144 254 4
144 265 4
145 240 4
146 151 4
146 210 4
146 229 4
147 188 4
147 198 4
147 219 4
148 188 4
149 154 4
149 295 4
150 175 4
150 186 4
151 186 4
151 217 4
151 254 4
152 259 4
152 260 4
153 164 4
154 181 4
154 255 4
154 264 4
156 167 4
157 309 4
161 162 4
161 167 4
161 223 4
161 225 4
161 229 4
161 276 4
163 309 4
164 167 4
164 240 4
164 263 4
164 294 4
164 297 4
167 170 4
167 173 4
167 176 4
167 179 4
167 189 4
167 190 4
167 195 4
167 199 4
167 201 4
167 204 4
167 206 4
167 212 4
167 227 4
167 231 4
167 237 4
167 249 4
167 251 4
167 257 4
167 272 4
167 279 4
167 290 4
167 291 4
167 293 4
167 310 4
167 311 4
170 255 4
170 268 4
172 253 4
173 178 4
175 180 4
175 258 4
176 201 4
176 220 4
176 276 4
177 250 4
179 219 4
180 258 4
180 315 4
182 245 4
184 186 4
184 217 4
184 237 4
184 260 4
185 218 4
186 195 4
186 201 4
186 203 4
186 212 4
186 215 4
186 219 4
186 247 4
186 265 4
186 306 4
186 313 4
186 328 4
187 312 4
188 191 4
188 258 4
188 268 4
189 204 4
189 260 4
190 236 4
190 262 4
190 297 4
192 278 4
193 198 4
194 197 4
194 203 4
196 227 4
198 202 4
199 263 4
200 214 4
200 245 4
201 251 4
202 203 4
203 252 4
203 270 4
203 272 4
203 311 4
206 238 4
208 247 4
208 252 4
209 245 4
210 222 4
210 224 4
210 247 4
211 290 4
216 237 4
217 258 4
217 286 4
218 279 4
220 244 4
221 237 4
223 240 4
225 232 4
225 266 4
225 270 4
225 297 4
225 302 4
225 306 4
228 265 4
232 270 4
235 280 4
236 282 4
237 251 4
237 254 4
237 256 4
237 319 4
237 324 4
240 244 4
240 315 4
242 266 4
243 263 4
244 271 4
245 269 4
245 289 4
245 320 4
250 283 4
250 309 4
251 290 4
251 327 4
254 264 4
258 259 4
258 275 4
258 326 4
260 277 4
263 269 4
264 273 4
265 282 4
266 267 4
269 318 4
52 224 4
186 356 4
102 283 4
114 211 4
87 151 4
56 68 4
22 62 4
1 292 4
218 251 4
275 357 4
161 234 4
126 186 4
80 348 4
160 203 4
54 269 4
103 311 4
219 231 4
87 152 4
91 337 4
46 188 4
164 264 4
225 256 4
24 218 4
48 95 4
119 219 4
36 54 4
142 277 4
110 312 4
134 179 4
68 259 4
131 344 4
112 319 4
10 53 4
186 208 4
53 165 4
129 364 4
142 227 4
149 240 4
35 147 4
117 128 4
139 177 4
73 310 4
88 167 4
186 358 4
116 161 4
25 135 4
190 237 4
92 108 4
84 226 4
60 210 4
167 226 4
16 223 4
139 246 4
210 311 4
89 187 4
167 256 4
2 61 4
70 248 4
125 188 4
73 149 4
258 295 4
39 133 4
117 224 4
75 131 4
170 254 4
94 350 4
10 279 4
151 360 4
325 326 4
84 184 4
113 161 4
147 240 4
186 190 4
102 303 4
78 129 4
94 332 4
85 258 4
16 217 4
228 334 4
84 347 4
52 253 4
111 219 4
166 308 4
240 358 4
129 218 4
118 258 4
55 308 4
23 201 4
12 186 4
100 251 4
92 167 4
84 178 4
89 304 4
151 207 4
203 256 4
9 291 4
26 52 4
133 134 4
8 188 4
172 255 4
102 192 4
167 208 4
141 154 4
69 220 4
184 306 4
64 217 4
244 290 4
29 186 4
195 253 4
48 183 4
4 167 4
173 224 4
53 176 4
182 277 4
2 238 4
106 364 4
139 291 4
129 219 4
142 309 4
93 282 4
118 131 4
217 345 4
188 274 4
102 315 4
164 308 4
153 186 4
108 148 4
157 352 4
28 48 4
170 258 4
91 93 4
206 260 4
16 86 4
127 237 4
95 161 4
83 110 4
75 102 4
58 150 4
161 239 4
52 196 4
186 327 4
51 348 4
131 185 4
38 151 4
248 262 4
108 282 4
39 317 4
239 263 4
158 203 4
54 354 4
234 349 4
23 134 4
189 190 4
70 236 4
245 253 4
11 167 4
186 322 4
254 275 4
58 254 4
332 351 4
246 306 4
186 239 4
128 167 4
110 358 4
17 194 4
14 186 4
150 323 4
125 308 4
166 192 4
157 267 4
220 300 4
14 196 4
6 186 4
95 335 4
144 280 4
58 295 4
64 75 4
261 306 4
167 168 4
186 233 4
82 161 4
80 275 4
98 122 4
95 275 4
194 331 4
144 314 4
188 219 4
63 184 4
12 149 4
117 259 4
37 163 4
113 143 4
84 185 4
167 246 4
134 197 4
98 341 4
68 290 4
39 258 4
59 153 4
274 311 4
166 181 4
142 194 4
39 84 4
38 39 4
55 244 4
42 192 4
244 270 4
20 122 4
133 269 4
48 219 4
142 186 4
16 333 4
48 356 4
28 188 4
82 112 4
41 197 4
176 200 4
167 181 4
143 347 4
82 83 4
158 180 4
225 359 4
105 301 4
199 312 4
98 215 4
16 245 4
167 233 4
21 93 4
94 266 4
244 267 4
127 240 4
207 251 4
107 270 4
59 133 4
73 147 4
14 351 4
147 330 4
62 263 4
60 135 4
58 319 4
35 204 4
15 270 4
77 167 4
307 312 4
121 216 4
58 176 4
83 139 4
39 299 4
206 270 4
187 199 4
153 237 4
75 311 4
70 157 4
44 68 4
104 258 4
117 218 4
17 197 4
104 135 4
151 221 4
131 347 4
154 285 4
117 182 4
144 208 4
186 281 4
73 143 4
134 135 4
76 106 4
38 311 4
78 175 4
199 208 4
68 248 4
113 260 4
163 360 4
142 223 4
70 255 4
133 161 4
138 327 4
104 321 4
172 182 4
140 151 4
311 354 4
8 246 4
107 263 4
81 229 4
238 346 4
238 328 4
117 152 4
74 167 4
164 226 4
218 276 4
93 357 4
190 334 4
189 302 4
53 161 4
181 246 4
99 103 4
238 359 4
204 255 4
120 318 4
106 351 4
246 359 4
203 286 4
92 258 4
136 210 4
216 260 4
56 268 4
32 144 4
147 344 4
135 243 4
167 260 4
120 186 4
45 84 4
184 315 4
68 193 4
98 189 4
19 225 4
254 273 4
47 356 4
204 301 4
116 238 4
70 181 4
43 344 4
201 225 4
112 147 4
102 190 4
77 293 4
152 277 4
62 172 4
136 271 4
113 147 4
11 48 4
170 190 4
171 218 4
52 79 4
129 264 4
27 186 4
16 357 4
72 167 4
77 311 4
22 50 4
42 248 4
84 329 4
186 280 4
78 251 4
159 181 4
11 188 4
150 292 4
54 75 4
269 283 4
68 161 4
226 270 4
186 308 4
164 232 4
189 254 4
131 294 4
1 275 4
84 313 4
59 113 4
198 219 4
144 315 4
87 193 4
186 263 4
80 125 4
251 323 4
214 275 4
148 163 4
39 61 4
167 205 4
186 330 4
31 198 4
82 200 4
24 131 4
167 219 4
203 344 4
112 155 4
16 197 4
68 318 4
176 337 4
16 326 4
110 300 4
16 129 4
282 342 4
135 145 4
92 293 4
37 358 4
66 136 4
143 268 4
14 352 4
186 321 4
337 358 4
154 262 4
62 69 4
5 281 4
124 253 4
126 267 4
219 257 4
163 305 4
87 184 4
219 240 4
251 340 4
188 294 4
107 238 4
290 343 4
26 94 4
76 238 4
14 315 4
146 252 4
37 60 4
162 219 4
184 257 4
186 238 4
110 225 4
316 350 4
61 306 4
54 131 4
10 124 4
110 205 4
186 214 4
175 283 4
103 244 4
77 188 4
142 146 4
58 258 4
199 282 4
25 35 4
37 63 4
125 164 4
316 336 4
93 235 4
20 167 4
298 318 4
53 71 4
38 217 4
37 289 4
218 236 4
118 234 4
28 258 4
186 312 4
7 138 4
25 150 4
97 323 4
149 249 4
104 187 4
290 360 4
99 331 4
97 167 4
144 332 4
5 143 4
134 256 4
33 75 4
173 235 4
270 305 4
125 275 4
167 313 4
39 140 4
156 161 4
143 316 4
69 304 4
174 290 4
208 258 4
142 159 4
83 149 4
39 120 4
52 226 4
209 324 4
52 210 4
78 161 4
176 333 4
232 238 4
14 89 4
70 263 4
255 350 4
73 295 4
139 362 4
59 254 4
84 142 4
177 344 4
16 117 4
39 225 4
98 362 4
117 325 4
76 186 4
180 331 4
90 186 4
2 193 4
151 231 4
229 305 4
76 271 4
71 109 4
176 332 4
68 94 4
143 221 4
62 122 4
6 245 4
167 192 4
79 188 4
9 327 4
27 167 4
223 227 4
14 336 4
44 352 4
251 309 4
16 325 4
47 258 4
98 106 4
45 57 4
240 307 4
35 131 4
209 348 4
76 354 4
161 292 4
69 315 4
126 163 4
116 185 4
190 197 4
166 167 4
39 166 4
299 307 4
98 208 4
120 260 4
143 178 4
112 252 4
135 195 4
188 330 4
14 241 4
89 143 4
53 74 4
155 175 4
15 210 4
19 186 4
296 353 4
49 170 4
2 9 4
93 302 4
265 275 4
186 302 4
4 184 4
49 260 4
64 122 4
186 315 4
156 265 4
132 176 4
99 167 4
167 336 4
56 184 4
186 220 4
37 115 4
16 73 4
86 248 4
161 295 4
55 197 4
43 148 4
114 203 4
143 208 4
153 262 4
37 267 4
69 176 4
46 167 4
142 188 4
240 257 4
16 353 4
56 178 4
6 208 4
10 42 4
260 351 4
154 271 4
173 191 4
22 356 4
2 15 4
12 151 4
68 129 4
87 208 4
147 148 4
15 147 4
130 343 4
166 279 4
4 32 4
68 130 4
16 90 4
186 216 4
267 274 4
54 90 4
44 77 4
26 54 4
341 352 4
8 281 4
162 292 4
92 111 4
39 275 4
52 358 4
197 265 4
16 230 4
149 274 4
167 316 4
180 317 4
43 103 4
141 175 4
84 139 4
234 244 4
24 98 4
209 355 4
71 341 4
22 136 4
122 228 4
2 188 4
83 278 4
167 298 4
70 301 4
227 319 4
157 186 4
39 332 4
102 362 4
142 292 4
183 199 4
96 251 4
195 247 4
84 358 4
45 316 4
129 186 4
186 316 4
155 226 4
116 170 4
102 149 4
63 353 4
186 359 4
203 323 4
69 224 4
178 316 4
21 57 4
167 295 4
34 220 4
58 174 4
260 274 4
70 77 4
186 262 4
164 182 4
85 252 4
93 324 4
103 319 4
172 181 4
4 340 4
76 236 4
186 235 4
52 206 4
10 218 4
102 118 4
64 77 4
199 337 4
160 186 4
19 102 4
11 155 4
313 365 4
53 167 4
112 275 4
73 142 4
39 110 4
95 224 4
50 186 4
198 263 4
124 205 4
44 333 4
144 347 4
66 129 4
286 290 4
134 181 4
139 356 4
188 196 4
14 167 4
16 207 4
188 282 4
161 196 4
10 84 4
73 100 4
225 336 4
108 167 4
102 138 4
149 172 4
1 151 4
21 259 4
179 248 4
81 167 4
26 148 4
19 105 4
211 296 4
14 184 4
116 182 4
10 186 4
96 153 4
57 130 4
117 247 4
83 107 4
64 183 4
18 167 4
5 358 4
186 297 4
9 164 4
20 85 4
44 131 4
161 168 4
4 106 4
129 350 4
37 333 4
126 215 4
24 76 4
11 330 4
35 186 4
235 253 4
167 360 4
136 312 4
229 282 4
16 64 4
25 160 4
92 256 4
142 280 4
254 286 4
3 302 4
29 218 4
267 270 4
101 260 4
138 142 4
29 365 4
38 97 4
167 287 4
72 311 4
251 349 4
77 248 4
171 283 4
85 294 4
161 236 4
101 176 4
48 255 4
2 213 4
177 238 4
160 249 4
112 167 4
76 135 4
70 186 4
220 359 4
142 156 4
70 189 4
167 193 4
258 319 4
1 112 4
180 291 4
89 90 4
16 338 4
309 321 4
105 187 4
172 207 4
115 186 4
165 181 4
49 208 4
4 80 4
122 169 4
18 104 4
86 133 4
102 150 4
14 276 4
32 231 4
11 349 4
13 186 4
