1 2 3
1 3 3
1 5 3
1 57 3
1 93 3
1 141 3
1 217 3
1 218 3
1 231 3
1 274 3
1 275 3
1 299 3
1 301 3
1 332 3
2 3 3
2 4 3
2 5 3
2 64 3
2 75 3
2 93 3
2 152 3
2 154 3
2 215 3
2 275 3
2 332 3
3 33 3
3 123 3
3 128 3
3 139 3
3 152 3
3 209 3
3 275 3
3 305 3
4 6 3
4 7 3
4 8 3
4 21 3
4 93 3
4 186 3
4 208 3
4 209 3
4 302 3
5 7 3
5 9 3
5 143 3
5 282 3
6 7 3
6 8 3
6 26 3
6 63 3
7 9 3
7 308 3
8 9 3
8 10 3
8 12 3
8 283 3
8 289 3
9 10 3
9 12 3
9 13 3
9 85 3
9 95 3
9 177 3
10 11 3
10 12 3
10 70 3
10 75 3
10 178 3
10 181 3
11 12 3
11 15 3
11 22 3
11 82 3
11 86 3
11 113 3
11 178 3
12 15 3
12 91 3
12 116 3
12 157 3
12 211 3
12 233 3
12 310 3
13 14 3
13 16 3
13 125 3
13 273 3
14 23 3
14 33 3
14 82 3
14 184 3
14 289 3
15 16 3
15 17 3
15 19 3
15 27 3
15 43 3
16 19 3
16 24 3
16 117 3
16 261 3
16 266 3
16 295 3
16 311 3
17 19 3
17 175 3
18 19 3
18 20 3
18 21 3
18 200 3
18 286 3
19 23 3
19 88 3
19 240 3
19 300 3
19 303 3
20 21 3
20 195 3
20 285 3
20 328 3
21 79 3
21 286 3
21 293 3
22 23 3
22 26 3
22 145 3
22 201 3
22 204 3
22 237 3
22 253 3
23 26 3
23 27 3
23 85 3
23 127 3
23 140 3
24 27 3
24 37 3
24 60 3
24 69 3
24 79 3
25 27 3
25 29 3
25 194 3
25 220 3
26 30 3
26 42 3
26 92 3
26 144 3
26 157 3
26 168 3
27 31 3
27 232 3
28 29 3
28 32 3
28 157 3
28 177 3
28 188 3
28 225 3
29 32 3
29 49 3
29 113 3
29 120 3
29 147 3
29 306 3
30 31 3
30 56 3
30 217 3
30 237 3
31 32 3
31 33 3
31 34 3
31 86 3
32 34 3
32 60 3
32 100 3
32 128 3
33 35 3
33 243 3
34 35 3
34 36 3
34 37 3
34 105 3
35 36 3
35 37 3
35 38 3
36 38 3
36 100 3
36 131 3
37 41 3
37 95 3
37 184 3
38 39 3
38 40 3
38 42 3
38 50 3
38 273 3
39 40 3
39 42 3
39 125 3
39 201 3
39 214 3
39 323 3
40 42 3
40 43 3
40 96 3
40 114 3
40 247 3
41 42 3
41 104 3
41 130 3
41 143 3
41 289 3
42 43 3
42 238 3
43 45 3
43 47 3
43 60 3
43 68 3
43 192 3
43 204 3
44 144 3
44 146 3
44 211 3
44 222 3
44 327 3
45 46 3
45 47 3
45 48 3
45 251 3
45 298 3
46 47 3
46 48 3
46 50 3
46 204 3
47 48 3
47 50 3
47 120 3
47 146 3
47 215 3
47 273 3
48 51 3
48 52 3
48 62 3
48 64 3
48 154 3
48 194 3
49 51 3
49 160 3
49 269 3
50 72 3
50 106 3
50 160 3
50 204 3
51 52 3
51 53 3
51 56 3
52 56 3
52 63 3
52 173 3
52 182 3
52 219 3
52 242 3
53 54 3
53 62 3
53 102 3
54 57 3
54 84 3
54 123 3
54 153 3
55 56 3
55 57 3
55 59 3
55 77 3
55 106 3
55 171 3
56 58 3
56 218 3
56 295 3
57 59 3
57 60 3
57 246 3
57 310 3
57 321 3
58 61 3
58 62 3
58 223 3
58 255 3
59 63 3
59 90 3
59 109 3
59 118 3
59 317 3
60 120 3
61 62 3
61 63 3
61 64 3
61 301 3
62 64 3
62 65 3
62 157 3
62 213 3
63 64 3
63 65 3
63 66 3
63 229 3
64 66 3
64 68 3
64 122 3
64 220 3
64 236 3
64 251 3
65 68 3
65 69 3
65 70 3
65 120 3
65 241 3
65 263 3
65 285 3
66 67 3
66 68 3
67 68 3
67 70 3
67 110 3
67 187 3
67 218 3
68 69 3
68 72 3
68 242 3
69 73 3
69 115 3
69 222 3
69 250 3
70 71 3
70 72 3
70 78 3
71 74 3
71 152 3
71 250 3
71 259 3
72 73 3
72 227 3
73 74 3
73 75 3
73 76 3
73 197 3
73 280 3
73 316 3
74 75 3
74 77 3
74 78 3
74 243 3
75 76 3
75 290 3
76 77 3
76 78 3
76 80 3
76 122 3
76 311 3
77 78 3
77 92 3
77 141 3
77 238 3
78 79 3
78 80 3
78 82 3
78 197 3
78 216 3
78 287 3
78 293 3
79 80 3
79 162 3
79 182 3
79 202 3
80 81 3
80 82 3
80 83 3
80 157 3
80 164 3
81 82 3
81 83 3
81 84 3
81 121 3
81 140 3
81 302 3
82 83 3
82 84 3
82 282 3
83 84 3
83 85 3
83 87 3
83 158 3
84 85 3
84 86 3
84 151 3
85 86 3
85 88 3
85 89 3
85 239 3
86 90 3
86 311 3
87 89 3
87 213 3
88 89 3
88 92 3
88 156 3
88 220 3
88 294 3
89 90 3
89 91 3
89 93 3
90 91 3
90 92 3
90 217 3
91 93 3
91 95 3
91 116 3
91 152 3
91 185 3
92 93 3
92 95 3
92 96 3
92 103 3
92 173 3
92 217 3
92 238 3
93 164 3
94 95 3
94 97 3
94 149 3
94 326 3
95 96 3
95 97 3
95 301 3
96 97 3
96 98 3
96 100 3
96 247 3
97 99 3
97 231 3
98 100 3
98 169 3
98 213 3
98 221 3
98 247 3
99 100 3
99 102 3
99 109 3
99 230 3
100 239 3
101 102 3
101 103 3
101 105 3
101 221 3
102 104 3
102 190 3
103 105 3
103 134 3
104 105 3
104 106 3
104 107 3
104 108 3
104 236 3
105 106 3
105 107 3
105 109 3
105 171 3
105 198 3
106 107 3
106 117 3
106 167 3
106 263 3
107 108 3
107 109 3
107 110 3
108 112 3
108 117 3
108 246 3
108 280 3
109 110 3
109 124 3
109 164 3
110 111 3
110 121 3
110 250 3
111 113 3
111 114 3
111 160 3
112 113 3
112 115 3
112 226 3
113 114 3
113 115 3
113 210 3
114 116 3
114 133 3
114 247 3
115 119 3
115 224 3
115 243 3
116 118 3
116 264 3
117 121 3
117 154 3
117 173 3
117 226 3
117 241 3
117 292 3
118 119 3
118 120 3
118 121 3
118 149 3
118 209 3
119 122 3
119 123 3
119 220 3
119 260 3
120 213 3
120 304 3
121 122 3
121 124 3
121 125 3
121 180 3
121 193 3
121 197 3
122 124 3
122 175 3
122 208 3
123 124 3
123 125 3
123 126 3
123 127 3
124 137 3
124 160 3
124 263 3
125 126 3
125 127 3
125 128 3
126 127 3
126 128 3
126 129 3
126 130 3
127 129 3
127 130 3
127 131 3
127 137 3
127 255 3
128 129 3
128 131 3
128 185 3
128 211 3
128 265 3
129 131 3
129 132 3
129 133 3
129 203 3
129 280 3
129 314 3
130 131 3
130 132 3
130 133 3
130 211 3
130 243 3
130 279 3
130 286 3
131 132 3
131 135 3
131 142 3
131 185 3
132 134 3
132 251 3
133 134 3
133 135 3
133 159 3
133 205 3
133 291 3
134 135 3
134 136 3
135 136 3
135 137 3
135 177 3
135 264 3
136 137 3
136 139 3
136 239 3
137 225 3
138 139 3
138 140 3
138 142 3
138 204 3
139 141 3
139 142 3
139 213 3
139 231 3
139 266 3
140 142 3
141 142 3
141 200 3
142 162 3
142 226 3
143 144 3
143 146 3
143 147 3
143 238 3
143 307 3
143 324 3
144 145 3
144 146 3
144 147 3
144 153 3
145 147 3
145 149 3
145 260 3
146 148 3
146 149 3
146 212 3
147 149 3
147 281 3
147 288 3
148 149 3
148 150 3
148 151 3
148 156 3
148 232 3
149 150 3
149 153 3
149 231 3
149 242 3
150 152 3
150 154 3
150 218 3
150 234 3
150 262 3
150 291 3
151 152 3
151 154 3
151 202 3
152 153 3
152 154 3
152 207 3
153 189 3
153 225 3
153 328 3
154 156 3
154 297 3
154 298 3
155 156 3
155 157 3
155 158 3
155 159 3
156 158 3
156 159 3
157 216 3
157 268 3
157 317 3
158 269 3
159 160 3
159 162 3
160 211 3
160 239 3
161 162 3
161 165 3
162 163 3
162 164 3
162 210 3
162 224 3
163 164 3
163 165 3
163 180 3
163 219 3
164 165 3
164 168 3
164 180 3
165 166 3
165 167 3
165 168 3
165 169 3
165 187 3
166 167 3
166 168 3
166 170 3
166 195 3
166 300 3
167 169 3
167 170 3
167 171 3
167 216 3
167 268 3
168 193 3
168 219 3
169 171 3
169 172 3
169 228 3
169 243 3
169 322 3
170 171 3
170 172 3
170 174 3
170 216 3
171 172 3
171 173 3
171 175 3
172 173 3
172 174 3
173 175 3
173 177 3
173 189 3
174 175 3
174 176 3
174 177 3
174 178 3
174 278 3
175 176 3
175 177 3
176 177 3
176 294 3
176 318 3
177 180 3
177 269 3
178 180 3
178 181 3
178 182 3
179 180 3
179 181 3
179 182 3
179 183 3
179 313 3
180 181 3
180 183 3
180 317 3
181 182 3
181 183 3
181 207 3
181 271 3
182 184 3
182 185 3
182 237 3
183 185 3
183 186 3
183 201 3
183 234 3
184 185 3
184 186 3
184 187 3
184 188 3
185 186 3
185 187 3
185 189 3
186 187 3
186 188 3
186 332 3
187 191 3
187 302 3
188 189 3
188 190 3
189 192 3
190 191 3
190 192 3
190 194 3
191 194 3
191 195 3
191 234 3
191 268 3
191 283 3
192 193 3
192 199 3
192 219 3
192 234 3
193 195 3
194 196 3
194 198 3
195 196 3
195 198 3
196 197 3
196 199 3
196 206 3
196 223 3
196 271 3
197 230 3
197 243 3
198 199 3
198 200 3
198 201 3
198 288 3
199 200 3
199 201 3
199 203 3
199 248 3
199 270 3
200 202 3
200 204 3
200 235 3
201 204 3
201 243 3
202 204 3
202 206 3
203 204 3
203 205 3
203 206 3
203 238 3
204 205 3
204 326 3
205 207 3
205 274 3
206 302 3
207 208 3
207 211 3
208 209 3
208 210 3
208 212 3
209 210 3
209 212 3
209 213 3
210 211 3
211 215 3
211 291 3
212 213 3
212 269 3
213 214 3
213 250 3
214 215 3
214 218 3
214 295 3
215 217 3
215 262 3
216 219 3
216 220 3
217 292 3
218 220 3
219 221 3
219 223 3
220 222 3
220 223 3
221 224 3
221 225 3
221 245 3
221 261 3
222 223 3
222 224 3
222 225 3
223 224 3
223 225 3
223 227 3
224 225 3
224 226 3
224 227 3
224 253 3
225 227 3
225 228 3
225 229 3
226 227 3
226 229 3
227 229 3
227 231 3
227 275 3
227 303 3
228 230 3
228 231 3
228 232 3
229 230 3
229 231 3
229 290 3
230 231 3
231 234 3
231 325 3
232 233 3
232 234 3
232 236 3
233 234 3
233 236 3
234 236 3
234 238 3
235 236 3
235 238 3
235 239 3
236 238 3
236 240 3
237 238 3
237 239 3
238 246 3
239 240 3
239 306 3
240 241 3
240 242 3
240 303 3
241 245 3
242 244 3
243 244 3
243 302 3
244 246 3
244 293 3
244 301 3
245 246 3
245 247 3
245 257 3
246 248 3
246 327 3
247 250 3
247 251 3
248 249 3
248 250 3
248 305 3
249 250 3
249 251 3
249 260 3
250 251 3
251 326 3
251 332 3
252 253 3
252 254 3
252 255 3
252 256 3
253 255 3
253 257 3
254 255 3
254 256 3
254 258 3
255 256 3
255 331 3
256 257 3
256 258 3
257 259 3
257 260 3
257 261 3
257 283 3
258 259 3
258 283 3
258 286 3
259 261 3
259 304 3
260 261 3
260 262 3
260 263 3
260 264 3
261 264 3
262 263 3
262 264 3
262 266 3
263 266 3
263 304 3
264 267 3
264 268 3
265 267 3
265 269 3
266 267 3
266 268 3
267 268 3
267 269 3
267 270 3
267 281 3
267 318 3
268 269 3
268 271 3
268 272 3
269 270 3
269 271 3
269 272 3
270 271 3
270 274 3
271 274 3
272 273 3
272 274 3
272 275 3
273 274 3
273 275 3
273 308 3
274 277 3
274 314 3
275 278 3
275 279 3
275 296 3
276 277 3
276 278 3
276 279 3
276 280 3
277 278 3
277 279 3
277 280 3
277 281 3
278 280 3
278 281 3
278 282 3
279 280 3
279 281 3
280 281 3
280 282 3
281 282 3
281 283 3
281 285 3
282 283 3
282 284 3
282 285 3
282 286 3
283 284 3
284 286 3
284 287 3
285 287 3
285 288 3
286 290 3
287 289 3
288 291 3
289 290 3
290 292 3
291 292 3
291 293 3
291 294 3
292 293 3
292 294 3
292 295 3
293 294 3
293 295 3
294 296 3
294 297 3
294 298 3
295 297 3
296 297 3
296 298 3
296 299 3
297 298 3
297 299 3
297 300 3
297 301 3
298 300 3
298 301 3
299 300 3
299 301 3
299 302 3
300 301 3
300 302 3
300 303 3
300 304 3
301 303 3
301 304 3
302 303 3
302 305 3
303 304 3
304 306 3
304 307 3
305 306 3
305 307 3
305 308 3
306 307 3
307 308 3
307 309 3
307 310 3
308 309 3
308 310 3
308 311 3
308 312 3
309 310 3
309 311 3
309 312 3
310 311 3
310 312 3
311 312 3
311 314 3
312 313 3
312 314 3
312 315 3
312 316 3
313 314 3
313 315 3
314 317 3
315 316 3
315 317 3
315 318 3
316 318 3
316 319 3
317 320 3
318 319 3
318 320 3
318 321 3
319 320 3
319 321 3
319 322 3
320 321 3
320 322 3
320 323 3
320 324 3
321 322 3
321 323 3
321 324 3
322 323 3
322 324 3
322 325 3
323 324 3
323 325 3
323 326 3
324 326 3
324 327 3
324 328 3
325 326 3
325 327 3
326 327 3
326 330 3
327 328 3
327 329 3
328 331 3
329 330 3
329 331 3
329 332 3
330 331 3
330 332 3
