1 4 3
1 35 3
1 97 3
1 102 3
1 201 3
1 203 3
1 298 3
1 300 3
1 301 3
1 312 3
1 330 3
1 331 3
1 332 3
2 4 3
2 34 3
2 67 3
2 107 3
2 121 3
2 137 3
2 275 3
2 302 3
2 331 3
2 332 3
3 4 3
3 5 3
3 7 3
3 35 3
3 302 3
3 332 3
4 5 3
4 6 3
4 8 3
4 193 3
4 302 3
4 332 3
5 6 3
5 7 3
5 9 3
5 123 3
5 199 3
5 205 3
5 217 3
5 233 3
6 7 3
6 8 3
6 9 3
6 159 3
7 10 3
7 93 3
7 174 3
7 198 3
8 9 3
8 10 3
8 17 3
8 231 3
8 254 3
8 278 3
9 10 3
9 12 3
9 13 3
9 51 3
9 69 3
9 135 3
9 220 3
10 11 3
10 12 3
10 35 3
10 201 3
10 233 3
10 328 3
11 12 3
11 44 3
11 49 3
11 90 3
11 244 3
11 319 3
12 16 3
12 47 3
12 83 3
12 147 3
12 149 3
12 262 3
13 14 3
13 16 3
13 17 3
13 25 3
13 224 3
14 15 3
14 18 3
14 79 3
14 110 3
14 194 3
14 251 3
15 16 3
15 17 3
15 18 3
15 69 3
15 116 3
15 240 3
16 18 3
16 19 3
16 20 3
16 84 3
17 19 3
17 21 3
17 68 3
17 189 3
17 227 3
18 21 3
18 57 3
18 107 3
18 133 3
18 195 3
18 267 3
19 21 3
19 93 3
19 109 3
19 241 3
19 314 3
20 21 3
20 132 3
20 139 3
21 24 3
21 102 3
21 241 3
21 260 3
21 270 3
21 282 3
21 289 3
22 23 3
22 26 3
22 59 3
22 149 3
22 160 3
22 205 3
22 246 3
23 24 3
23 27 3
23 133 3
23 195 3
24 28 3
24 180 3
25 29 3
25 79 3
25 89 3
25 93 3
25 140 3
25 230 3
26 27 3
26 59 3
27 28 3
27 29 3
27 45 3
27 279 3
28 30 3
28 32 3
28 70 3
28 103 3
28 195 3
28 266 3
29 30 3
29 31 3
29 41 3
29 160 3
29 180 3
29 236 3
30 31 3
30 32 3
30 33 3
30 36 3
31 32 3
31 33 3
31 76 3
31 210 3
32 34 3
32 42 3
32 60 3
32 106 3
32 119 3
32 148 3
32 167 3
32 310 3
33 34 3
33 118 3
33 187 3
34 36 3
34 62 3
34 63 3
34 130 3
34 178 3
34 204 3
34 243 3
35 36 3
35 37 3
35 39 3
35 181 3
35 261 3
36 75 3
36 141 3
36 175 3
36 240 3
36 299 3
37 40 3
37 60 3
37 197 3
37 207 3
37 309 3
38 135 3
38 169 3
39 40 3
39 324 3
40 42 3
40 136 3
40 307 3
41 59 3
41 115 3
41 174 3
41 232 3
41 235 3
42 47 3
42 71 3
42 179 3
42 220 3
43 44 3
43 45 3
43 46 3
43 155 3
43 242 3
43 256 3
44 45 3
44 47 3
44 48 3
44 97 3
44 147 3
44 213 3
45 46 3
45 48 3
45 49 3
45 139 3
45 148 3
45 170 3
45 253 3
46 47 3
46 48 3
46 239 3
46 252 3
46 259 3
47 48 3
47 49 3
47 117 3
47 151 3
48 50 3
48 51 3
48 52 3
48 129 3
48 180 3
49 53 3
49 105 3
50 53 3
50 54 3
50 76 3
50 79 3
50 117 3
50 208 3
50 252 3
50 259 3
51 54 3
51 55 3
51 150 3
52 55 3
52 73 3
52 172 3
52 272 3
53 55 3
53 126 3
53 173 3
54 55 3
54 57 3
54 58 3
54 63 3
54 189 3
55 56 3
55 57 3
55 59 3
55 66 3
55 97 3
55 144 3
55 260 3
56 60 3
56 71 3
56 77 3
56 151 3
56 197 3
56 206 3
57 58 3
58 59 3
58 60 3
58 61 3
58 62 3
58 67 3
58 208 3
59 60 3
59 150 3
59 169 3
59 207 3
59 218 3
59 241 3
60 64 3
60 87 3
60 103 3
60 185 3
60 236 3
60 302 3
61 63 3
61 65 3
61 104 3
61 138 3
61 170 3
61 172 3
61 281 3
61 313 3
62 63 3
62 94 3
62 255 3
63 65 3
64 65 3
64 68 3
64 233 3
64 273 3
65 66 3
65 67 3
65 78 3
65 122 3
65 145 3
65 264 3
65 297 3
66 67 3
66 245 3
67 68 3
67 123 3
68 69 3
68 71 3
68 95 3
68 145 3
68 242 3
69 72 3
69 161 3
70 71 3
70 72 3
70 74 3
70 87 3
71 72 3
71 152 3
71 199 3
71 237 3
72 73 3
72 115 3
72 186 3
72 237 3
72 280 3
72 281 3
72 325 3
73 75 3
73 77 3
73 228 3
73 299 3
74 198 3
74 278 3
75 77 3
75 79 3
75 82 3
75 207 3
76 77 3
76 78 3
76 79 3
76 110 3
77 125 3
77 202 3
77 211 3
77 264 3
77 297 3
77 321 3
78 80 3
78 109 3
78 220 3
78 260 3
79 82 3
79 83 3
80 81 3
80 82 3
80 83 3
80 223 3
81 85 3
81 111 3
81 168 3
81 188 3
81 272 3
82 83 3
82 84 3
82 85 3
82 103 3
82 202 3
83 84 3
83 85 3
83 87 3
83 250 3
84 95 3
84 283 3
84 317 3
85 87 3
85 88 3
85 89 3
85 99 3
85 326 3
86 87 3
86 157 3
86 194 3
86 195 3
87 89 3
87 91 3
87 325 3
88 89 3
88 90 3
88 255 3
89 93 3
89 234 3
89 301 3
90 91 3
90 92 3
90 93 3
90 94 3
90 135 3
91 95 3
91 125 3
91 179 3
91 280 3
91 310 3
92 93 3
92 95 3
92 105 3
93 95 3
93 96 3
93 103 3
93 221 3
94 95 3
94 96 3
94 97 3
94 98 3
94 147 3
94 160 3
94 249 3
95 97 3
95 99 3
95 110 3
95 159 3
96 98 3
96 229 3
97 98 3
97 100 3
97 255 3
97 290 3
98 101 3
98 102 3
98 186 3
98 199 3
98 268 3
99 100 3
99 103 3
99 155 3
99 253 3
100 101 3
100 141 3
100 321 3
101 103 3
101 104 3
101 105 3
101 119 3
102 103 3
102 105 3
102 106 3
102 110 3
102 285 3
103 106 3
104 108 3
104 125 3
104 178 3
105 107 3
105 201 3
105 207 3
106 107 3
106 109 3
106 110 3
106 127 3
107 108 3
107 109 3
107 217 3
108 109 3
108 110 3
108 112 3
108 118 3
109 110 3
109 112 3
110 114 3
110 177 3
110 288 3
111 113 3
111 115 3
111 120 3
111 130 3
111 169 3
112 113 3
112 114 3
112 115 3
112 128 3
112 135 3
112 218 3
112 242 3
113 115 3
113 117 3
114 195 3
114 230 3
114 245 3
115 116 3
115 276 3
116 117 3
116 118 3
116 119 3
117 119 3
117 142 3
117 170 3
118 120 3
118 121 3
118 122 3
118 202 3
118 249 3
119 120 3
119 122 3
119 123 3
119 183 3
119 226 3
119 272 3
120 148 3
120 235 3
120 268 3
121 122 3
121 124 3
121 125 3
121 161 3
121 169 3
121 217 3
122 125 3
122 179 3
122 318 3
123 125 3
123 126 3
124 125 3
124 126 3
124 289 3
125 128 3
125 129 3
125 163 3
125 190 3
126 238 3
126 239 3
126 267 3
127 129 3
127 168 3
127 226 3
128 130 3
128 182 3
128 255 3
129 130 3
129 132 3
129 133 3
129 138 3
129 235 3
130 131 3
130 134 3
131 133 3
131 135 3
131 155 3
131 182 3
131 211 3
131 228 3
131 250 3
132 133 3
132 134 3
132 135 3
132 315 3
133 151 3
133 163 3
133 274 3
134 135 3
134 137 3
134 227 3
134 297 3
135 138 3
135 278 3
136 137 3
136 139 3
136 156 3
137 138 3
137 139 3
137 140 3
137 155 3
137 181 3
138 140 3
138 141 3
138 190 3
139 140 3
139 148 3
139 211 3
139 265 3
139 267 3
139 287 3
140 141 3
140 270 3
141 142 3
141 166 3
142 143 3
142 213 3
143 144 3
143 145 3
143 146 3
144 145 3
144 146 3
145 146 3
145 147 3
145 148 3
146 147 3
146 149 3
146 246 3
147 215 3
147 242 3
148 151 3
148 255 3
149 150 3
149 152 3
149 153 3
150 151 3
150 152 3
150 174 3
151 153 3
151 246 3
151 330 3
152 154 3
152 224 3
153 154 3
153 155 3
153 156 3
153 157 3
153 245 3
154 156 3
154 157 3
154 158 3
154 187 3
154 245 3
155 157 3
155 183 3
155 222 3
155 228 3
156 162 3
156 196 3
156 210 3
156 234 3
156 259 3
156 297 3
156 303 3
157 158 3
157 159 3
157 160 3
158 159 3
158 160 3
158 202 3
158 263 3
159 203 3
159 263 3
159 274 3
160 188 3
161 164 3
161 168 3
161 320 3
162 166 3
162 183 3
162 265 3
163 164 3
163 167 3
164 165 3
164 166 3
164 168 3
164 204 3
165 166 3
165 167 3
165 169 3
165 198 3
165 319 3
166 168 3
166 238 3
166 301 3
167 169 3
167 171 3
167 182 3
167 275 3
169 171 3
169 172 3
170 171 3
170 172 3
170 174 3
170 285 3
171 172 3
171 173 3
171 174 3
172 174 3
172 175 3
173 174 3
173 175 3
173 176 3
174 175 3
174 266 3
176 179 3
176 240 3
176 249 3
177 178 3
177 179 3
177 270 3
178 179 3
178 180 3
178 181 3
178 213 3
178 271 3
179 180 3
179 181 3
179 221 3
179 283 3
179 286 3
180 181 3
180 184 3
181 182 3
181 183 3
181 269 3
182 184 3
182 185 3
183 184 3
183 186 3
183 230 3
184 185 3
184 186 3
184 220 3
185 186 3
185 187 3
185 189 3
185 267 3
186 188 3
187 188 3
187 189 3
187 215 3
188 189 3
188 191 3
188 211 3
188 251 3
189 190 3
189 191 3
189 253 3
190 191 3
190 192 3
190 194 3
191 192 3
191 194 3
191 195 3
191 260 3
191 271 3
192 193 3
192 196 3
192 252 3
193 195 3
193 196 3
193 197 3
193 240 3
194 195 3
195 197 3
195 295 3
196 199 3
196 200 3
196 249 3
197 198 3
197 244 3
198 214 3
198 245 3
199 254 3
200 202 3
200 219 3
200 230 3
200 240 3
200 247 3
200 248 3
200 294 3
201 204 3
201 205 3
202 205 3
202 206 3
203 205 3
203 207 3
203 214 3
203 241 3
204 206 3
204 207 3
205 206 3
205 207 3
206 207 3
207 208 3
208 210 3
208 211 3
208 225 3
208 235 3
209 210 3
209 211 3
210 211 3
210 214 3
210 229 3
211 213 3
212 213 3
212 214 3
212 216 3
213 225 3
214 300 3
214 319 3
215 216 3
216 217 3
216 274 3
217 218 3
217 221 3
217 261 3
218 220 3
218 221 3
218 222 3
218 323 3
219 221 3
219 231 3
220 221 3
220 222 3
221 222 3
221 223 3
222 223 3
222 224 3
222 226 3
223 224 3
223 225 3
224 227 3
224 275 3
224 296 3
225 227 3
225 229 3
227 228 3
227 229 3
227 230 3
228 231 3
228 232 3
228 307 3
229 230 3
229 231 3
229 233 3
229 268 3
230 253 3
231 232 3
233 234 3
233 249 3
233 285 3
234 235 3
234 236 3
235 302 3
236 238 3
236 239 3
236 240 3
236 244 3
237 238 3
237 266 3
237 275 3
238 239 3
238 241 3
238 255 3
239 242 3
239 275 3
240 244 3
241 242 3
241 245 3
242 245 3
243 245 3
243 246 3
244 245 3
245 246 3
245 247 3
245 248 3
246 248 3
246 249 3
246 250 3
247 248 3
247 287 3
248 250 3
248 251 3
248 287 3
249 250 3
249 253 3
250 251 3
250 254 3
251 253 3
251 254 3
251 255 3
251 268 3
252 253 3
253 255 3
253 257 3
253 298 3
254 256 3
255 256 3
255 276 3
255 315 3
256 257 3
256 258 3
256 260 3
257 258 3
257 262 3
257 296 3
258 259 3
258 261 3
258 296 3
259 260 3
259 261 3
259 262 3
259 263 3
259 273 3
260 261 3
261 262 3
261 299 3
263 265 3
264 266 3
264 277 3
265 268 3
265 270 3
266 267 3
266 268 3
267 270 3
267 279 3
268 271 3
268 272 3
269 270 3
269 272 3
270 271 3
271 272 3
271 274 3
272 274 3
272 275 3
272 276 3
273 276 3
273 277 3
274 275 3
274 276 3
274 277 3
275 277 3
276 277 3
276 278 3
276 279 3
277 280 3
277 304 3
278 279 3
278 281 3
279 282 3
279 283 3
280 281 3
280 283 3
280 284 3
281 282 3
281 283 3
281 284 3
282 284 3
282 285 3
283 284 3
283 285 3
283 286 3
284 285 3
284 286 3
285 288 3
286 288 3
286 289 3
287 291 3
288 289 3
288 290 3
289 290 3
289 292 3
290 292 3
290 293 3
291 292 3
291 294 3
292 293 3
292 294 3
292 295 3
293 294 3
293 295 3
294 295 3
294 297 3
294 298 3
295 296 3
295 298 3
295 299 3
296 297 3
297 300 3
297 301 3
298 299 3
298 302 3
299 300 3
299 302 3
299 303 3
300 301 3
300 302 3
300 303 3
301 302 3
301 303 3
301 304 3
302 303 3
302 304 3
302 305 3
302 306 3
303 304 3
303 306 3
304 305 3
304 306 3
304 307 3
305 306 3
305 307 3
305 308 3
306 307 3
306 308 3
306 309 3
306 310 3
307 308 3
307 310 3
308 309 3
308 310 3
308 311 3
309 310 3
309 311 3
309 312 3
309 313 3
310 311 3
310 313 3
311 312 3
311 313 3
311 314 3
311 315 3
312 313 3
312 314 3
312 315 3
313 314 3
313 315 3
313 316 3
314 315 3
314 316 3
314 317 3
314 318 3
315 317 3
315 318 3
316 317 3
316 318 3
316 319 3
317 318 3
317 320 3
318 319 3
318 320 3
318 321 3
318 322 3
319 322 3
319 323 3
320 321 3
320 322 3
320 323 3
321 322 3
321 324 3
322 323 3
322 324 3
322 325 3
323 325 3
323 326 3
324 325 3
324 326 3
324 327 3
325 326 3
325 327 3
325 328 3
326 327 3
326 328 3
326 329 3
326 330 3
327 328 3
327 329 3
327 330 3
328 330 3
328 331 3
329 330 3
329 331 3
329 332 3
330 331 3
330 332 3
331 332 3
