1 2 4
1 3 4
1 5 4
1 274 4
1 275 4
1 299 4
1 300 4
1 301 4
1 302 4
1 330 4
1 331 4
1 332 4
1 362 4
1 363 4
1 364 4
1 365 4
2 3 4
2 4 4
2 6 4
2 274 4
2 275 4
2 301 4
2 302 4
2 331 4
2 332 4
2 363 4
2 364 4
2 365 4
3 4 4
3 5 4
3 6 4
3 7 4
3 275 4
3 302 4
3 332 4
3 365 4
4 5 4
4 6 4
4 8 4
4 365 4
5 6 4
5 7 4
5 9 4
6 7 4
6 8 4
6 9 4
6 10 4
7 8 4
7 9 4
7 10 4
7 11 4
8 9 4
8 10 4
8 11 4
8 12 4
9 10 4
9 11 4
9 12 4
9 13 4
10 11 4
10 12 4
10 13 4
10 14 4
11 12 4
11 13 4
11 14 4
11 15 4
12 13 4
12 14 4
12 15 4
12 16 4
13 14 4
13 15 4
13 16 4
13 17 4
14 15 4
14 16 4
14 18 4
15 16 4
15 17 4
15 19 4
16 17 4
16 18 4
16 19 4
16 20 4
17 18 4
17 19 4
17 20 4
17 21 4
18 19 4
18 20 4
18 22 4
19 20 4
19 21 4
19 22 4
19 23 4
20 21 4
20 22 4
20 23 4
21 22 4
21 23 4
21 24 4
22 23 4
22 24 4
22 26 4
23 24 4
23 25 4
23 26 4
24 25 4
24 26 4
24 27 4
24 28 4
25 26 4
25 27 4
25 28 4
25 29 4
26 27 4
26 28 4
26 29 4
27 28 4
27 29 4
27 30 4
27 31 4
28 29 4
28 30 4
28 31 4
29 30 4
29 31 4
29 33 4
30 31 4
30 32 4
30 33 4
31 32 4
31 33 4
31 34 4
31 35 4
32 33 4
32 34 4
32 35 4
32 36 4
33 34 4
33 35 4
33 36 4
33 37 4
34 35 4
34 36 4
34 37 4
34 38 4
35 36 4
35 37 4
35 39 4
36 37 4
36 38 4
36 39 4
36 40 4
37 38 4
37 39 4
37 40 4
37 41 4
38 39 4
38 40 4
38 41 4
38 42 4
39 40 4
39 41 4
39 43 4
40 41 4
40 42 4
40 43 4
40 44 4
41 42 4
41 43 4
41 44 4
41 45 4
42 43 4
42 44 4
42 45 4
42 46 4
43 44 4
43 45 4
43 46 4
43 47 4
44 45 4
44 46 4
44 47 4
44 48 4
45 46 4
45 47 4
45 49 4
46 47 4
46 48 4
46 49 4
46 50 4
47 48 4
47 49 4
47 51 4
48 49 4
48 50 4
48 51 4
48 52 4
49 50 4
49 51 4
49 52 4
49 53 4
50 51 4
50 52 4
50 54 4
51 52 4
51 53 4
51 55 4
52 53 4
52 54 4
52 55 4
52 56 4
53 54 4
53 55 4
53 56 4
54 55 4
54 56 4
54 57 4
54 58 4
55 56 4
55 57 4
55 58 4
55 59 4
56 57 4
56 58 4
56 59 4
57 58 4
57 59 4
57 60 4
57 61 4
58 59 4
58 60 4
58 61 4
58 62 4
59 60 4
59 61 4
59 62 4
59 63 4
60 61 4
60 62 4
60 63 4
60 64 4
61 62 4
61 63 4
61 64 4
62 63 4
62 64 4
62 65 4
62 66 4
63 64 4
63 65 4
63 66 4
63 67 4
64 65 4
64 66 4
64 67 4
64 68 4
65 66 4
65 67 4
65 68 4
66 67 4
66 68 4
66 69 4
66 70 4
67 68 4
67 69 4
67 70 4
67 71 4
68 69 4
68 70 4
68 72 4
69 70 4
69 71 4
69 72 4
69 73 4
70 71 4
70 72 4
70 73 4
70 74 4
71 72 4
71 73 4
71 74 4
71 75 4
72 73 4
72 74 4
72 75 4
72 76 4
73 74 4
73 75 4
73 76 4
73 77 4
74 75 4
74 76 4
74 77 4
74 78 4
75 76 4
75 77 4
75 78 4
75 79 4
76 77 4
76 78 4
76 79 4
76 80 4
77 78 4
77 79 4
77 81 4
78 79 4
78 80 4
78 81 4
79 80 4
79 81 4
79 83 4
80 81 4
80 82 4
80 83 4
80 84 4
81 82 4
81 83 4
81 85 4
82 83 4
82 84 4
82 85 4
82 86 4
83 84 4
83 85 4
83 87 4
84 85 4
84 86 4
85 86 4
85 87 4
85 88 4
85 89 4
86 87 4
86 88 4
86 90 4
87 88 4
87 89 4
88 89 4
88 90 4
88 91 4
88 92 4
89 90 4
89 91 4
89 92 4
89 93 4
90 91 4
90 92 4
90 93 4
90 94 4
91 92 4
91 93 4
91 94 4
91 95 4
92 93 4
92 94 4
92 95 4
92 96 4
93 94 4
93 95 4
93 97 4
94 95 4
94 96 4
94 97 4
94 98 4
95 96 4
95 97 4
95 98 4
95 99 4
96 97 4
96 98 4
96 99 4
96 100 4
97 98 4
97 99 4
97 101 4
98 99 4
98 100 4
98 101 4
98 102 4
99 100 4
99 101 4
99 102 4
99 103 4
100 101 4
100 102 4
100 103 4
100 104 4
101 102 4
101 103 4
101 104 4
102 103 4
102 104 4
102 105 4
103 104 4
103 105 4
104 105 4
104 106 4
104 107 4
105 106 4
105 107 4
105 108 4
105 109 4
106 107 4
106 108 4
106 110 4
107 108 4
107 109 4
107 111 4
108 109 4
108 110 4
108 111 4
108 112 4
109 110 4
109 111 4
109 113 4
110 111 4
110 112 4
110 114 4
111 112 4
111 113 4
111 114 4
112 113 4
112 114 4
112 115 4
112 116 4
113 114 4
113 115 4
113 117 4
114 115 4
114 116 4
114 118 4
115 116 4
115 117 4
115 118 4
116 117 4
116 118 4
116 119 4
116 120 4
117 118 4
117 119 4
117 120 4
117 121 4
118 119 4
118 120 4
118 121 4
118 122 4
119 120 4
119 121 4
119 122 4
119 123 4
120 121 4
120 122 4
120 123 4
120 124 4
121 122 4
121 123 4
121 124 4
121 125 4
122 123 4
122 124 4
122 125 4
122 126 4
123 124 4
123 125 4
123 126 4
123 127 4
124 125 4
124 126 4
124 127 4
125 126 4
125 127 4
125 128 4
125 129 4
126 127 4
126 128 4
126 129 4
126 130 4
127 128 4
127 129 4
127 130 4
127 131 4
128 129 4
128 130 4
128 131 4
128 132 4
129 130 4
129 131 4
129 132 4
129 133 4
130 131 4
130 132 4
130 134 4
131 132 4
131 133 4
131 134 4
131 135 4
132 133 4
132 134 4
132 135 4
132 136 4
133 134 4
133 135 4
133 137 4
134 135 4
134 136 4
134 137 4
134 138 4
135 136 4
135 137 4
136 137 4
136 138 4
136 139 4
136 140 4
137 138 4
137 139 4
137 140 4
138 139 4
138 140 4
138 141 4
138 142 4
139 140 4
139 141 4
139 143 4
140 141 4
140 142 4
140 144 4
141 142 4
141 143 4
141 144 4
141 145 4
142 143 4
142 144 4
142 145 4
143 144 4
143 145 4
143 147 4
144 145 4
144 146 4
144 147 4
144 148 4
145 146 4
145 147 4
145 148 4
145 149 4
146 147 4
146 148 4
146 149 4
146 150 4
147 148 4
147 149 4
147 150 4
147 151 4
148 149 4
148 150 4
148 151 4
148 152 4
149 150 4
149 151 4
149 153 4
150 151 4
150 152 4
150 153 4
151 152 4
151 153 4
151 154 4
151 155 4
152 153 4
152 154 4
152 155 4
152 156 4
153 154 4
153 155 4
153 157 4
154 155 4
154 156 4
154 157 4
155 156 4
155 157 4
155 158 4
155 159 4
156 157 4
156 158 4
156 159 4
156 160 4
157 158 4
157 159 4
157 160 4
157 161 4
158 159 4
158 160 4
158 161 4
159 160 4
159 161 4
159 162 4
159 163 4
160 161 4
160 162 4
160 163 4
160 164 4
161 162 4
161 163 4
161 164 4
162 163 4
162 164 4
162 166 4
163 164 4
163 165 4
163 166 4
163 167 4
164 165 4
164 166 4
165 166 4
165 167 4
165 168 4
165 169 4
166 167 4
166 168 4
166 169 4
166 170 4
167 168 4
167 169 4
167 170 4
167 171 4
168 169 4
168 170 4
168 171 4
168 172 4
169 170 4
169 171 4
169 172 4
169 173 4
170 171 4
170 172 4
170 174 4
171 172 4
171 173 4
171 174 4
171 175 4
172 173 4
172 174 4
172 175 4
173 174 4
173 175 4
173 176 4
173 177 4
174 175 4
174 176 4
174 177 4
175 176 4
175 177 4
175 178 4
175 179 4
176 177 4
176 178 4
176 179 4
177 178 4
177 179 4
177 180 4
177 181 4
178 179 4
178 180 4
178 181 4
178 182 4
179 180 4
179 181 4
179 182 4
179 183 4
180 181 4
180 182 4
180 183 4
180 184 4
181 182 4
181 183 4
181 184 4
182 183 4
182 184 4
182 185 4
182 186 4
183 184 4
183 185 4
183 186 4
183 187 4
184 185 4
184 186 4
184 187 4
185 186 4
185 187 4
185 189 4
186 187 4
186 188 4
186 189 4
186 190 4
187 188 4
187 189 4
187 190 4
188 189 4
188 190 4
188 191 4
188 192 4
189 190 4
189 191 4
189 193 4
190 191 4
190 192 4
190 194 4
191 192 4
191 193 4
191 194 4
191 195 4
192 193 4
192 194 4
193 194 4
193 195 4
193 196 4
193 197 4
194 195 4
194 196 4
194 197 4
194 198 4
195 196 4
195 197 4
195 198 4
195 199 4
196 197 4
196 198 4
196 200 4
197 198 4
197 199 4
197 200 4
197 201 4
198 199 4
198 200 4
198 201 4
198 202 4
199 200 4
199 201 4
199 202 4
199 203 4
200 201 4
200 202 4
200 203 4
201 202 4
201 203 4
201 204 4
201 205 4
202 203 4
202 204 4
202 205 4
202 206 4
203 204 4
203 205 4
203 206 4
203 207 4
204 205 4
204 206 4
204 207 4
204 208 4
205 206 4
205 207 4
205 208 4
205 209 4
206 207 4
206 208 4
206 209 4
206 210 4
207 208 4
207 209 4
207 210 4
207 211 4
208 209 4
208 210 4
208 211 4
209 210 4
209 211 4
209 212 4
209 213 4
210 211 4
210 212 4
211 212 4
211 213 4
211 214 4
211 215 4
212 213 4
212 214 4
212 215 4
212 216 4
213 214 4
213 215 4
213 216 4
213 217 4
214 215 4
214 216 4
214 217 4
214 218 4
215 216 4
215 217 4
215 218 4
215 219 4
216 217 4
216 218 4
216 220 4
217 218 4
217 219 4
217 221 4
218 219 4
218 220 4
218 222 4
219 220 4
219 221 4
219 222 4
219 223 4
220 221 4
220 222 4
220 223 4
220 224 4
221 222 4
221 223 4
221 225 4
222 223 4
222 224 4
222 225 4
222 226 4
223 224 4
223 225 4
223 227 4
224 225 4
224 226 4
224 227 4
224 228 4
225 226 4
225 227 4
225 229 4
226 227 4
226 228 4
226 230 4
227 228 4
227 229 4
227 230 4
227 231 4
228 229 4
228 230 4
228 231 4
228 232 4
229 230 4
229 231 4
229 232 4
229 233 4
230 231 4
230 232 4
230 233 4
230 234 4
231 232 4
231 233 4
231 235 4
232 233 4
232 234 4
232 235 4
233 234 4
233 235 4
233 237 4
234 235 4
234 236 4
235 236 4
235 237 4
235 238 4
235 239 4
236 237 4
236 238 4
236 239 4
237 238 4
237 239 4
237 240 4
237 241 4
238 239 4
238 240 4
238 242 4
239 240 4
239 241 4
239 242 4
240 241 4
240 242 4
240 243 4
240 244 4
241 242 4
241 243 4
241 244 4
241 245 4
242 243 4
242 244 4
242 245 4
242 246 4
243 244 4
243 245 4
243 246 4
243 247 4
244 245 4
244 246 4
244 247 4
244 248 4
245 246 4
245 247 4
245 248 4
245 249 4
246 247 4
246 248 4
246 249 4
247 248 4
247 249 4
247 251 4
248 249 4
248 250 4
248 251 4
248 252 4
249 250 4
249 251 4
249 252 4
249 253 4
250 251 4
250 252 4
250 253 4
250 254 4
251 252 4
251 253 4
251 255 4
252 253 4
252 254 4
252 255 4
253 254 4
253 255 4
253 256 4
253 257 4
254 255 4
254 256 4
254 257 4
254 258 4
255 256 4
255 257 4
255 258 4
255 259 4
256 257 4
256 258 4
256 259 4
256 260 4
257 258 4
257 259 4
257 261 4
258 259 4
258 260 4
258 262 4
259 260 4
259 261 4
259 262 4
259 263 4
260 261 4
260 262 4
260 263 4
260 264 4
261 262 4
261 263 4
261 265 4
262 263 4
262 264 4
262 265 4
262 266 4
263 264 4
263 265 4
263 266 4
263 267 4
264 265 4
264 266 4
264 267 4
264 268 4
265 266 4
265 267 4
266 267 4
266 268 4
266 269 4
266 270 4
267 268 4
267 269 4
267 270 4
267 271 4
268 269 4
268 270 4
268 271 4
268 272 4
269 270 4
269 271 4
269 273 4
270 271 4
270 272 4
271 272 4
271 273 4
271 274 4
271 275 4
272 273 4
272 274 4
272 275 4
272 276 4
273 274 4
273 275 4
273 276 4
273 277 4
274 275 4
274 276 4
274 277 4
274 278 4
275 276 4
275 277 4
275 278 4
275 279 4
276 277 4
276 278 4
276 279 4
276 280 4
277 278 4
277 279 4
277 280 4
277 281 4
278 279 4
278 280 4
278 281 4
278 282 4
279 280 4
279 281 4
279 282 4
279 283 4
280 281 4
280 282 4
280 283 4
281 282 4
281 283 4
281 284 4
282 283 4
282 284 4
282 285 4
282 286 4
283 284 4
283 285 4
283 286 4
283 287 4
284 285 4
284 286 4
284 287 4
284 288 4
285 286 4
285 287 4
285 288 4
285 289 4
286 287 4
286 288 4
286 289 4
286 290 4
287 288 4
287 289 4
287 290 4
288 289 4
288 290 4
288 291 4
288 292 4
289 290 4
289 291 4
289 292 4
290 291 4
290 292 4
290 293 4
290 294 4
291 292 4
291 293 4
291 294 4
292 293 4
292 294 4
292 295 4
292 296 4
293 294 4
293 295 4
293 296 4
293 297 4
294 295 4
294 296 4
294 297 4
294 298 4
295 296 4
295 297 4
295 298 4
295 299 4
296 297 4
296 298 4
296 299 4
296 300 4
297 298 4
297 299 4
297 300 4
297 301 4
298 299 4
298 300 4
298 301 4
299 300 4
299 301 4
299 302 4
299 303 4
300 301 4
300 302 4
300 303 4
300 304 4
301 302 4
301 303 4
301 304 4
302 303 4
302 304 4
302 305 4
302 306 4
303 304 4
303 305 4
303 306 4
303 307 4
304 305 4
304 306 4
304 307 4
304 308 4
305 306 4
305 307 4
305 308 4
306 307 4
306 308 4
306 309 4
307 308 4
307 309 4
307 310 4
308 309 4
308 310 4
308 311 4
308 312 4
309 310 4
309 311 4
309 312 4
309 313 4
310 311 4
310 312 4
310 313 4
310 314 4
311 312 4
311 313 4
311 314 4
311 315 4
312 313 4
312 314 4
312 315 4
312 316 4
313 314 4
313 315 4
313 316 4
313 317 4
314 315 4
314 316 4
314 317 4
315 316 4
315 317 4
315 318 4
315 319 4
316 317 4
316 318 4
316 319 4
317 318 4
317 319 4
317 320 4
318 319 4
318 320 4
318 321 4
318 322 4
319 320 4
319 321 4
319 322 4
319 323 4
320 321 4
320 322 4
320 323 4
320 324 4
321 322 4
321 323 4
321 324 4
321 325 4
322 323 4
322 324 4
322 325 4
322 326 4
323 324 4
323 325 4
323 326 4
324 325 4
324 326 4
324 327 4
325 326 4
325 327 4
325 328 4
325 329 4
326 327 4
326 328 4
326 329 4
326 330 4
327 328 4
327 329 4
327 330 4
327 331 4
328 329 4
328 330 4
328 331 4
328 332 4
329 330 4
329 331 4
329 332 4
330 331 4
330 332 4
330 333 4
331 332 4
331 333 4
331 334 4
331 335 4
332 333 4
332 334 4
332 335 4
332 336 4
333 334 4
333 335 4
333 336 4
333 337 4
334 335 4
334 336 4
334 337 4
335 336 4
335 337 4
335 338 4
336 337 4
336 338 4
336 339 4
336 340 4
337 338 4
337 339 4
337 340 4
337 341 4
338 339 4
338 340 4
338 341 4
339 340 4
339 341 4
339 342 4
339 343 4
340 341 4
340 342 4
340 343 4
340 344 4
341 342 4
341 343 4
341 344 4
341 345 4
342 343 4
342 344 4
342 345 4
342 346 4
343 344 4
343 345 4
343 346 4
344 345 4
344 346 4
344 347 4
345 346 4
345 347 4
345 348 4
346 347 4
346 348 4
346 349 4
347 348 4
347 349 4
347 350 4
347 351 4
348 349 4
348 350 4
348 351 4
349 350 4
349 351 4
349 352 4
349 353 4
350 351 4
350 352 4
350 353 4
350 354 4
351 352 4
351 353 4
351 354 4
352 353 4
352 354 4
352 355 4
353 354 4
353 355 4
353 356 4
353 357 4
354 355 4
354 356 4
354 357 4
354 358 4
355 356 4
355 357 4
355 358 4
356 357 4
356 358 4
356 359 4
356 360 4
357 358 4
357 359 4
357 360 4
358 359 4
358 360 4
358 361 4
358 362 4
359 360 4
359 361 4
359 362 4
360 361 4
360 362 4
360 363 4
361 362 4
361 363 4
361 364 4
361 365 4
362 363 4
362 364 4
362 365 4
363 364 4
363 365 4
364 365 4
