44 156 1
75 245 1
203 226 1
129 210 1
31 51 1
14 192 1
82 204 1
89 163 1
145 171 1
106 119 1
87 173 1
88 164 1
236 245 1
127 218 1
69 252 1
98 132 1
113 220 1
192 207 1
47 212 1
97 127 1
17 242 1
47 165 1
53 250 1
119 136 1
131 223 1
101 186 1
28 65 1
150 226 1
25 169 1
1 2 1
114 251 1
133 226 1
195 216 1
20 241 1
146 152 1
62 271 1
39 227 1
13 42 1
4 54 1
8 103 1
61 260 1
89 165 1
49 115 1
74 238 1
8 115 1
122 227 1
84 90 1
161 224 1
177 243 1
126 205 1
65 265 1
28 200 1
16 242 1
171 192 1
172 199 1
233 273 1
162 183 1
198 232 1
1 37 1
161 182 1
133 151 1
118 159 1
93 259 1
155 269 1
6 227 1
93 199 1
70 275 1
237 273 1
118 189 1
15 132 1
6 265 1
124 172 1
46 167 1
5 44 1
63 82 1
81 109 1
195 239 1
103 165 1
100 258 1
51 158 1
140 233 1
20 86 1
17 110 1
47 227 1
55 206 1
118 195 1
60 241 1
226 243 1
11 125 1
146 244 1
187 227 1
78 259 1
57 67 1
148 166 1
39 182 1
55 93 1
140 265 1
126 140 1
6 63 1
77 211 1
117 195 1
7 176 1
127 160 1
3 48 1
149 251 1
16 162 1
245 252 1
22 195 1
27 169 1
217 238 1
76 207 1
92 272 1
136 196 1
79 217 1
18 199 1
166 192 1
89 173 1
93 126 1
24 95 1
50 151 1
65 120 1
189 248 1
187 211 1
45 213 1
104 159 1
31 179 1
27 242 1
163 270 1
40 88 1
115 118 1
8 258 1
31 71 1
180 275 1
73 80 1
95 122 1
91 107 1
21 64 1
216 250 1
137 231 1
64 211 1
20 94 1
261 267 1
121 261 1
25 37 1
142 226 1
151 208 1
58 150 1
155 206 1
58 228 1
29 163 1
74 146 1
14 119 1
166 211 1
263 273 1
51 72 1
209 243 1
22 200 1
19 229 1
62 130 1
12 55 1
82 149 1
96 175 1
139 251 1
73 105 1
144 203 1
101 153 1
15 97 1
57 167 1
31 32 1
55 256 1
82 140 1
223 255 1
64 176 1
2 273 1
183 204 1
56 166 1
162 261 1
177 230 1
211 236 1
40 250 1
75 80 1
193 246 1
171 236 1
80 179 1
233 266 1
60 224 1
7 249 1
189 203 1
60 77 1
191 242 1
5 81 1
22 166 1
218 251 1
56 68 1
186 194 1
95 142 1
12 268 1
41 264 1
168 247 1
120 238 1
2 56 1
186 251 1
62 266 1
121 164 1
67 231 1
224 239 1
188 260 1
131 266 1
112 210 1
23 186 1
5 128 1
41 273 1
169 182 1
17 38 1
34 74 1
131 227 1
194 241 1
27 202 1
61 243 1
25 127 1
140 198 1
111 227 1
125 218 1
118 236 1
152 180 1
5 135 1
53 61 1
154 229 1
191 234 1
123 184 1
101 130 1
66 135 1
48 214 1
244 260 1
145 181 1
112 255 1
10 63 1
11 90 1
84 157 1
34 246 1
258 263 1
49 190 1
35 68 1
154 268 1
1 135 1
176 235 1
8 187 1
177 207 1
22 125 1
182 192 1
28 167 1
53 162 1
128 242 1
63 124 1
185 212 1
34 199 1
167 223 1
124 201 1
3 167 1
26 70 1
122 155 1
137 162 1
34 38 1
35 94 1
162 211 1
102 217 1
66 255 1
93 107 1
32 43 1
3 65 1
46 119 1
164 242 1
55 124 1
121 193 1
1 80 1
93 192 1
39 102 1
7 9 1
136 218 1
170 229 1
196 235 1
208 227 1
40 144 1
44 52 1
198 234 1
117 229 1
5 121 1
73 244 1
193 212 1
16 38 1
70 229 1
55 267 1
68 146 1
41 209 1
130 173 1
106 152 1
81 172 1
1 22 1
132 224 1
76 217 1
86 196 1
35 221 1
157 164 1
78 227 1
50 174 1
32 35 1
159 238 1
178 181 1
30 112 1
203 221 1
241 250 1
185 198 1
23 206 1
75 246 1
27 214 1
176 187 1
10 99 1
139 210 1
39 43 1
217 244 1
212 248 1
155 247 1
58 210 1
117 152 1
46 250 1
44 163 1
101 105 1
85 123 1
35 36 1
125 246 1
34 215 1
26 38 1
195 235 1
115 177 1
118 150 1
86 235 1
115 242 1
176 209 1
49 238 1
94 169 1
89 212 1
189 256 1
41 217 1
188 227 1
35 129 1
68 229 1
69 254 1
106 140 1
90 159 1
240 254 1
153 214 1
119 202 1
13 205 1
171 253 1
65 250 1
63 223 1
153 203 1
71 128 1
21 40 1
149 174 1
127 227 1
94 172 1
199 257 1
36 72 1
167 234 1
111 188 1
105 114 1
186 229 1
1 126 1
40 252 1
65 262 1
191 218 1
43 66 1
86 165 1
63 235 1
111 186 1
190 204 1
82 171 1
127 269 1
119 237 1
31 160 1
72 141 1
22 177 1
24 51 1
90 178 1
153 242 1
68 228 1
18 61 1
111 225 1
103 222 1
91 165 1
79 132 1
19 90 1
23 126 1
83 122 1
243 259 1
29 56 1
50 108 1
36 232 1
11 226 1
2 103 1
230 253 1
47 190 1
157 247 1
17 227 1
103 181 1
42 111 1
60 136 1
138 200 1
8 234 1
218 259 1
13 127 1
234 273 1
106 214 1
146 164 1
117 148 1
143 246 1
190 254 1
37 225 1
53 223 1
51 53 1
110 246 1
38 122 1
183 238 1
141 260 1
122 243 1
83 248 1
232 255 1
83 194 1
215 229 1
208 234 1
102 253 1
55 231 1
91 168 1
57 115 1
21 262 1
42 130 1
80 232 1
16 129 1
113 194 1
40 157 1
80 116 1
12 212 1
225 246 1
7 164 1
76 240 1
53 248 1
27 218 1
110 160 1
117 217 1
137 225 1
143 203 1
36 144 1
222 272 1
17 52 1
208 261 1
56 65 1
200 219 1
149 153 1
159 190 1
189 265 1
1 161 1
195 218 1
79 187 1
53 181 1
20 154 1
42 99 1
21 62 1
120 135 1
186 210 1
136 195 1
69 270 1
71 137 1
164 166 1
78 220 1
10 50 1
50 220 1
16 171 1
144 234 1
94 196 1
139 266 1
58 226 1
124 241 1
100 119 1
120 206 1
132 162 1
2 33 1
89 104 1
29 200 1
43 230 1
86 139 1
156 256 1
24 154 1
92 248 1
97 230 1
115 199 1
80 164 1
47 160 1
57 166 1
90 95 1
91 175 1
128 251 1
106 108 1
11 216 1
184 259 1
117 269 1
272 274 1
127 153 1
172 218 1
2 268 1
116 172 1
192 213 1
72 115 1
97 128 1
158 186 1
57 223 1
153 227 1
32 258 1
59 248 1
119 145 1
108 261 1
106 112 1
134 238 1
31 258 1
136 180 1
23 229 1
91 128 1
166 200 1
206 262 1
88 204 1
28 49 1
21 201 1
52 254 1
61 189 1
176 205 1
8 32 1
21 68 1
114 201 1
248 258 1
40 231 1
131 261 1
113 268 1
28 37 1
21 241 1
221 267 1
124 146 1
206 216 1
116 189 1
13 221 1
241 266 1
5 100 1
113 115 1
100 139 1
8 243 1
188 213 1
42 249 1
93 214 1
84 91 1
159 236 1
30 248 1
188 236 1
112 149 1
1 180 1
180 246 1
80 88 1
170 237 1
10 188 1
74 203 1
41 109 1
198 211 1
105 252 1
172 197 1
139 191 1
158 226 1
130 251 1
211 255 1
42 244 1
221 237 1
207 244 1
3 201 1
20 49 1
39 84 1
58 112 1
11 44 1
29 98 1
10 241 1
14 227 1
84 142 1
30 241 1
92 157 1
224 247 1
93 165 1
54 192 1
37 262 1
137 264 1
33 237 1
38 275 1
116 247 1
4 263 1
167 168 1
10 101 1
52 178 1
23 138 1
70 204 1
39 103 1
86 226 1
55 139 1
115 207 1
101 260 1
121 243 1
82 90 1
4 154 1
146 233 1
221 250 1
142 149 1
127 265 1
44 151 1
50 55 1
125 181 1
8 254 1
40 216 1
110 178 1
224 270 1
109 254 1
50 228 1
6 34 1
142 267 1
152 268 1
89 177 1
134 230 1
161 180 1
235 274 1
88 179 1
66 236 1
64 152 1
158 173 1
54 152 1
39 122 1
7 171 1
257 266 1
177 186 1
204 263 1
16 45 1
10 73 1
69 207 1
239 249 1
114 244 1
56 208 1
18 45 1
81 273 1
155 196 1
126 130 1
128 183 1
164 189 1
23 31 1
48 85 1
84 187 1
128 165 1
202 238 1
14 147 1
46 130 1
14 120 1
204 243 1
222 260 1
219 248 1
168 217 1
72 251 1
18 35 1
58 76 1
99 224 1
89 148 1
49 60 1
59 225 1
137 177 1
64 67 1
8 109 1
5 196 1
164 274 1
208 220 1
148 181 1
41 242 1
168 225 1
120 190 1
202 265 1
27 177 1
142 240 1
25 174 1
68 109 1
121 126 1
66 122 1
7 187 1
108 174 1
11 172 1
148 218 1
172 269 1
186 275 1
102 138 1
52 78 1
4 221 1
194 274 1
31 158 1
18 81 1
59 85 1
61 190 1
36 82 1
126 268 1
24 42 1
204 252 1
73 124 1
147 218 1
21 23 1
35 128 1
124 205 1
221 239 1
85 157 1
115 220 1
114 191 1
196 250 1
75 262 1
156 187 1
22 38 1
25 216 1
2 213 1
144 162 1
125 167 1
22 104 1
108 190 1
57 190 1
20 37 1
136 274 1
53 232 1
243 265 1
62 70 1
21 217 1
48 129 1
53 222 1
43 77 1
39 255 1
78 182 1
80 142 1
122 226 1
17 101 1
34 230 1
143 206 1
66 205 1
141 257 1
8 22 1
225 243 1
43 69 1
117 140 1
90 215 1
253 269 1
70 71 1
36 88 1
27 261 1
128 209 1
