1 61 5
1 195 5
2 97 5
2 107 5
2 110 5
2 113 5
2 223 5
2 253 5
2 256 5
3 111 5
3 242 5
4 254 5
4 263 5
4 312 5
5 221 5
6 34 5
6 207 5
7 176 5
7 258 5
8 16 5
8 64 5
8 77 5
8 201 5
8 204 5
8 229 5
8 354 5
9 167 5
9 177 5
9 266 5
9 365 5
10 14 5
10 140 5
10 207 5
10 241 5
11 183 5
11 289 5
11 316 5
11 318 5
12 104 5
12 201 5
13 121 5
13 127 5
13 205 5
13 229 5
13 274 5
14 21 5
14 239 5
14 241 5
14 302 5
15 186 5
15 287 5
16 66 5
16 124 5
16 228 5
17 123 5
17 289 5
18 29 5
18 81 5
18 117 5
18 130 5
18 174 5
18 252 5
18 306 5
19 229 5
19 283 5
20 23 5
20 88 5
20 283 5
21 62 5
21 181 5
21 259 5
21 302 5
22 80 5
22 176 5
22 195 5
22 241 5
24 89 5
24 205 5
24 270 5
24 326 5
25 93 5
25 124 5
25 154 5
25 216 5
26 142 5
26 177 5
26 217 5
27 42 5
27 177 5
27 225 5
27 330 5
28 33 5
28 141 5
28 179 5
28 188 5
28 230 5
29 128 5
29 223 5
29 322 5
30 134 5
30 165 5
30 332 5
31 158 5
32 54 5
33 112 5
33 213 5
33 309 5
34 184 5
34 190 5
34 253 5
35 200 5
35 213 5
35 323 5
37 51 5
37 142 5
37 238 5
37 247 5
37 265 5
37 284 5
37 307 5
38 59 5
38 103 5
39 157 5
39 170 5
39 206 5
39 319 5
40 50 5
40 222 5
40 248 5
40 315 5
40 360 5
41 110 5
41 111 5
41 190 5
41 264 5
41 364 5
42 153 5
42 233 5
42 254 5
43 75 5
43 77 5
44 89 5
44 107 5
45 60 5
45 117 5
46 198 5
46 233 5
46 238 5
46 290 5
46 326 5
46 352 5
47 207 5
47 309 5
48 51 5
48 60 5
48 157 5
48 214 5
49 183 5
50 55 5
50 87 5
50 151 5
50 210 5
51 55 5
51 158 5
51 262 5
51 321 5
52 86 5
52 95 5
52 110 5
53 118 5
53 155 5
53 250 5
53 263 5
54 90 5
54 141 5
54 216 5
54 267 5
54 287 5
55 128 5
55 189 5
55 256 5
55 268 5
55 323 5
56 94 5
56 170 5
56 199 5
56 223 5
56 257 5
57 86 5
57 244 5
57 255 5
57 332 5
58 69 5
58 120 5
58 146 5
58 158 5
58 199 5
58 209 5
58 222 5
58 242 5
58 298 5
59 60 5
59 225 5
59 295 5
60 111 5
60 162 5
61 209 5
61 218 5
61 268 5
61 271 5
61 333 5
62 149 5
62 201 5
62 254 5
62 265 5
62 279 5
63 105 5
63 116 5
63 124 5
63 154 5
63 280 5
64 72 5
64 119 5
64 176 5
64 318 5
65 120 5
65 180 5
65 304 5
66 85 5
66 107 5
66 122 5
66 252 5
67 119 5
67 204 5
67 236 5
67 257 5
68 94 5
68 109 5
68 119 5
68 180 5
68 229 5
69 89 5
69 162 5
69 272 5
69 297 5
69 323 5
69 358 5
70 111 5
70 114 5
70 128 5
70 183 5
70 260 5
70 362 5
71 323 5
72 158 5
72 310 5
73 133 5
73 254 5
73 284 5
74 91 5
74 140 5
75 102 5
75 132 5
75 289 5
76 138 5
76 189 5
76 190 5
77 252 5
78 102 5
78 158 5
78 243 5
78 274 5
79 244 5
79 254 5
80 84 5
80 97 5
80 127 5
81 96 5
81 118 5
81 172 5
81 288 5
82 149 5
82 176 5
83 138 5
83 173 5
83 194 5
83 314 5
84 205 5
84 208 5
84 220 5
85 112 5
85 173 5
85 311 5
87 311 5
87 345 5
88 112 5
88 159 5
89 253 5
89 290 5
90 119 5
90 140 5
91 173 5
91 218 5
92 104 5
92 114 5
92 144 5
92 250 5
92 304 5
93 95 5
93 214 5
93 298 5
94 189 5
94 190 5
94 222 5
94 236 5
95 129 5
95 130 5
95 148 5
95 211 5
95 236 5
95 321 5
96 222 5
96 228 5
97 128 5
98 142 5
98 158 5
98 160 5
98 242 5
98 270 5
98 346 5
99 158 5
99 199 5
102 164 5
102 180 5
102 185 5
103 113 5
103 133 5
103 174 5
103 284 5
104 115 5
104 196 5
104 328 5
105 138 5
105 188 5
105 219 5
105 239 5
105 240 5
105 332 5
106 206 5
106 256 5
106 286 5
106 289 5
107 204 5
108 183 5
108 188 5
108 228 5
108 328 5
108 329 5
110 191 5
110 201 5
110 260 5
111 188 5
112 218 5
113 144 5
113 171 5
114 120 5
114 134 5
114 147 5
114 254 5
115 124 5
115 278 5
116 252 5
116 328 5
117 221 5
117 229 5
117 269 5
118 236 5
118 241 5
118 320 5
119 212 5
119 308 5
120 203 5
120 278 5
121 267 5
122 153 5
122 173 5
122 188 5
122 242 5
122 262 5
123 158 5
123 202 5
123 233 5
124 208 5
124 212 5
125 136 5
125 349 5
126 207 5
126 221 5
126 268 5
126 288 5
127 210 5
127 314 5
128 181 5
129 293 5
129 342 5
130 254 5
130 257 5
131 191 5
131 309 5
131 323 5
131 343 5
132 154 5
132 171 5
133 335 5
134 146 5
135 257 5
136 180 5
136 214 5
136 253 5
137 204 5
137 260 5
137 346 5
138 196 5
138 214 5
138 249 5
138 334 5
139 228 5
140 212 5
140 227 5
140 235 5
141 193 5
141 220 5
141 317 5
142 273 5
143 203 5
143 205 5
144 170 5
145 192 5
145 249 5
145 314 5
146 152 5
146 270 5
146 278 5
146 314 5
146 316 5
146 328 5
147 224 5
149 170 5
149 190 5
149 238 5
150 163 5
150 177 5
150 264 5
150 270 5
150 312 5
150 343 5
151 212 5
151 343 5
152 216 5
152 272 5
152 333 5
153 233 5
153 338 5
154 198 5
154 253 5
154 276 5
154 312 5
155 294 5
156 246 5
156 305 5
157 213 5
157 247 5
157 259 5
158 173 5
158 201 5
158 312 5
159 194 5
159 211 5
160 222 5
160 267 5
160 297 5
160 329 5
161 172 5
161 180 5
161 297 5
162 318 5
164 210 5
166 179 5
166 189 5
166 240 5
166 241 5
167 192 5
167 196 5
167 236 5
167 281 5
167 310 5
167 313 5
169 178 5
169 207 5
169 249 5
170 179 5
170 233 5
170 234 5
171 179 5
171 228 5
172 283 5
172 330 5
173 245 5
173 247 5
174 268 5
175 235 5
176 260 5
177 297 5
178 348 5
179 357 5
180 223 5
180 361 5
181 327 5
181 364 5
182 261 5
182 263 5
182 320 5
183 204 5
184 335 5
184 339 5
185 226 5
185 236 5
186 251 5
187 204 5
187 207 5
188 236 5
188 314 5
189 365 5
190 260 5
191 205 5
191 218 5
191 234 5
191 244 5
191 364 5
192 225 5
192 241 5
192 303 5
193 222 5
195 241 5
196 292 5
197 281 5
197 299 5
197 341 5
198 232 5
198 263 5
198 346 5
199 266 5
200 323 5
201 218 5
201 287 5
202 250 5
202 329 5
203 221 5
205 326 5
206 262 5
207 236 5
207 309 5
208 312 5
208 319 5
209 243 5
209 293 5
210 357 5
214 231 5
215 242 5
215 247 5
216 240 5
216 250 5
217 291 5
219 252 5
220 336 5
221 234 5
222 311 5
223 319 5
224 230 5
224 267 5
226 266 5
226 329 5
227 344 5
229 254 5
229 324 5
230 237 5
230 298 5
231 275 5
231 295 5
232 255 5
232 322 5
233 265 5
234 269 5
234 361 5
237 261 5
237 276 5
237 296 5
238 248 5
238 275 5
239 259 5
240 244 5
240 265 5
240 330 5
240 339 5
240 358 5
242 339 5
243 263 5
244 250 5
244 326 5
245 363 5
246 310 5
246 323 5
247 277 5
248 282 5
249 253 5
252 337 5
253 263 5
253 298 5
256 299 5
258 262 5
258 321 5
258 324 5
259 318 5
259 343 5
259 354 5
262 317 5
264 301 5
264 353 5
265 349 5
266 343 5
267 272 5
268 337 5
268 363 5
269 330 5
270 310 5
270 324 5
271 275 5
271 327 5
271 336 5
272 347 5
273 359 5
275 321 5
277 316 5
279 318 5
280 320 5
282 291 5
285 327 5
286 299 5
286 313 5
290 313 5
293 303 5
293 322 5
293 338 5
296 300 5
298 339 5
304 331 5
304 351 5
312 337 5
313 329 5
314 319 5
315 326 5
319 359 5
327 365 5
328 345 5
328 358 5
337 360 5
342 343 5
343 350 5
344 361 5
133 374 5
60 97 5
40 356 5
327 378 5
79 199 5
86 207 5
82 283 5
24 202 5
308 317 5
123 132 5
228 348 5
136 377 5
261 325 5
154 233 5
185 219 5
264 397 5
55 317 5
28 361 5
82 286 5
5 234 5
156 163 5
112 238 5
44 313 5
23 334 5
65 228 5
146 247 5
121 365 5
361 382 5
53 207 5
265 344 5
333 391 5
207 379 5
166 387 5
5 141 5
50 82 5
278 374 5
84 317 5
32 114 5
47 396 5
55 295 5
111 200 5
147 213 5
193 393 5
44 106 5
42 71 5
60 388 5
193 375 5
32 110 5
30 187 5
152 172 5
144 269 5
28 184 5
142 300 5
216 367 5
261 343 5
43 260 5
71 141 5
189 205 5
336 367 5
5 321 5
7 380 5
137 381 5
244 246 5
85 273 5
32 256 5
23 373 5
72 124 5
228 371 5
115 265 5
9 124 5
56 268 5
166 269 5
11 26 5
72 346 5
65 392 5
23 70 5
43 159 5
123 287 5
77 207 5
108 158 5
134 254 5
152 205 5
377 379 5
248 313 5
93 256 5
108 221 5
195 273 5
89 205 5
233 371 5
223 361 5
297 318 5
12 102 5
75 224 5
224 298 5
102 127 5
3 236 5
52 154 5
27 39 5
205 359 5
11 297 5
118 213 5
80 189 5
62 277 5
31 284 5
178 182 5
63 150 5
94 165 5
161 242 5
60 130 5
64 162 5
308 397 5
107 293 5
7 96 5
17 65 5
64 350 5
208 253 5
28 269 5
201 385 5
373 382 5
34 234 5
204 328 5
271 364 5
3 241 5
166 304 5
21 164 5
42 232 5
335 401 5
10 79 5
29 147 5
93 169 5
169 376 5
269 345 5
144 316 5
252 287 5
158 198 5
394 401 5
84 336 5
35 324 5
273 338 5
173 299 5
293 341 5
3 366 5
13 347 5
116 375 5
232 284 5
139 400 5
82 331 5
246 268 5
191 299 5
168 204 5
269 348 5
103 240 5
277 347 5
98 213 5
219 397 5
183 386 5
8 60 5
147 354 5
145 336 5
377 400 5
138 218 5
221 375 5
292 314 5
138 262 5
104 341 5
28 50 5
282 340 5
153 157 5
250 286 5
41 103 5
25 318 5
285 325 5
104 158 5
302 350 5
38 349 5
328 350 5
158 397 5
48 147 5
284 309 5
11 310 5
9 297 5
61 177 5
286 349 5
5 233 5
45 134 5
7 51 5
143 291 5
300 375 5
66 397 5
103 273 5
222 344 5
100 103 5
249 290 5
197 220 5
132 201 5
27 281 5
210 341 5
230 276 5
225 353 5
140 397 5
80 138 5
109 168 5
54 122 5
137 343 5
44 348 5
236 309 5
127 366 5
96 104 5
328 384 5
195 209 5
37 219 5
93 243 5
88 249 5
382 401 5
155 299 5
393 395 5
9 132 5
78 128 5
35 125 5
89 386 5
89 235 5
161 184 5
50 71 5
66 369 5
77 191 5
283 284 5
204 319 5
371 372 5
277 341 5
74 198 5
18 192 5
139 223 5
200 266 5
324 373 5
358 374 5
85 207 5
45 268 5
39 115 5
79 318 5
136 228 5
62 218 5
11 104 5
188 287 5
43 57 5
33 133 5
171 248 5
119 355 5
108 327 5
115 153 5
199 356 5
31 400 5
69 138 5
127 186 5
38 220 5
46 307 5
173 368 5
256 263 5
70 122 5
185 215 5
179 247 5
98 317 5
89 344 5
217 269 5
3 269 5
94 296 5
124 201 5
10 294 5
151 266 5
84 137 5
115 188 5
32 203 5
81 137 5
223 288 5
101 259 5
6 109 5
19 395 5
180 206 5
94 337 5
120 277 5
96 213 5
171 369 5
9 136 5
274 379 5
187 287 5
29 73 5
231 301 5
53 178 5
40 64 5
275 298 5
237 280 5
78 328 5
273 356 5
106 282 5
49 225 5
157 217 5
110 328 5
118 258 5
62 235 5
63 348 5
91 93 5
93 393 5
270 395 5
33 44 5
5 318 5
2 241 5
79 269 5
167 213 5
33 345 5
154 166 5
241 323 5
43 350 5
249 300 5
139 383 5
133 201 5
2 225 5
167 292 5
285 289 5
35 332 5
112 317 5
318 321 5
261 352 5
68 190 5
100 145 5
206 311 5
45 327 5
232 369 5
152 395 5
205 267 5
71 206 5
5 280 5
296 368 5
45 255 5
152 252 5
240 258 5
177 263 5
229 286 5
109 296 5
147 253 5
67 352 5
162 393 5
65 397 5
32 62 5
289 298 5
94 266 5
40 270 5
6 45 5
90 237 5
160 260 5
116 241 5
176 399 5
226 365 5
60 72 5
193 280 5
260 398 5
158 230 5
225 324 5
28 296 5
256 359 5
224 398 5
21 37 5
66 165 5
1 42 5
155 375 5
67 160 5
162 231 5
126 242 5
128 375 5
270 321 5
253 266 5
81 252 5
96 247 5
379 391 5
274 336 5
245 344 5
158 339 5
323 380 5
3 93 5
157 396 5
139 227 5
223 301 5
129 137 5
25 257 5
110 294 5
249 362 5
159 172 5
90 91 5
316 364 5
26 232 5
256 379 5
169 357 5
121 244 5
260 400 5
143 295 5
159 271 5
103 256 5
199 212 5
119 221 5
51 245 5
290 358 5
377 380 5
48 364 5
14 73 5
195 392 5
35 401 5
19 250 5
212 279 5
165 350 5
70 307 5
301 316 5
17 250 5
120 155 5
48 301 5
144 239 5
98 200 5
74 174 5
221 251 5
36 337 5
303 366 5
365 400 5
10 90 5
213 361 5
50 302 5
43 309 5
28 297 5
277 344 5
170 386 5
69 359 5
217 380 5
101 388 5
251 274 5
133 174 5
109 130 5
143 181 5
167 225 5
51 270 5
170 184 5
100 164 5
128 213 5
132 228 5
76 117 5
217 397 5
74 286 5
195 247 5
118 272 5
76 193 5
30 291 5
316 399 5
130 233 5
178 399 5
47 354 5
48 136 5
221 289 5
173 373 5
20 103 5
168 400 5
68 292 5
37 385 5
251 353 5
284 296 5
148 368 5
257 371 5
250 358 5
81 328 5
87 104 5
39 78 5
199 223 5
184 248 5
91 292 5
110 356 5
27 394 5
350 358 5
94 333 5
118 394 5
256 349 5
85 222 5
127 168 5
17 151 5
77 83 5
97 169 5
175 253 5
75 281 5
45 200 5
135 331 5
90 358 5
155 317 5
265 384 5
111 149 5
177 270 5
124 266 5
22 124 5
292 345 5
94 148 5
231 308 5
3 243 5
71 95 5
23 250 5
242 367 5
171 222 5
173 384 5
88 127 5
183 211 5
25 394 5
294 331 5
169 269 5
89 293 5
105 290 5
110 256 5
235 272 5
113 340 5
82 237 5
159 207 5
47 105 5
197 399 5
290 370 5
16 54 5
56 264 5
153 271 5
200 329 5
97 118 5
140 206 5
61 102 5
311 389 5
181 211 5
130 293 5
172 303 5
79 288 5
84 291 5
150 180 5
125 203 5
180 268 5
137 138 5
5 65 5
8 122 5
148 234 5
328 367 5
249 310 5
58 354 5
89 174 5
53 279 5
253 304 5
263 297 5
4 187 5
153 346 5
69 366 5
305 355 5
91 322 5
40 399 5
47 228 5
61 119 5
118 267 5
26 114 5
26 380 5
187 244 5
194 225 5
127 240 5
119 135 5
122 390 5
6 321 5
274 358 5
148 227 5
141 334 5
373 390 5
138 289 5
92 329 5
30 349 5
46 47 5
71 144 5
59 98 5
258 322 5
169 253 5
43 48 5
109 376 5
164 369 5
36 114 5
325 334 5
331 335 5
73 396 5
283 375 5
65 283 5
211 304 5
95 329 5
311 350 5
46 71 5
41 401 5
39 293 5
159 168 5
143 335 5
170 267 5
53 110 5
106 205 5
211 386 5
35 131 5
9 278 5
85 160 5
146 295 5
62 313 5
83 295 5
295 366 5
201 336 5
239 365 5
132 300 5
234 398 5
336 347 5
75 128 5
280 388 5
45 233 5
162 341 5
39 248 5
21 332 5
239 271 5
4 299 5
151 192 5
44 86 5
193 379 5
196 278 5
192 397 5
183 342 5
200 257 5
68 186 5
208 373 5
42 303 5
149 385 5
4 153 5
22 153 5
50 316 5
25 65 5
183 314 5
142 181 5
140 232 5
6 335 5
1 181 5
35 199 5
342 398 5
81 364 5
244 255 5
125 157 5
109 285 5
36 378 5
129 185 5
99 130 5
227 251 5
163 237 5
50 147 5
55 247 5
99 153 5
55 351 5
68 133 5
19 95 5
148 274 5
338 345 5
29 221 5
52 78 5
237 329 5
57 280 5
7 129 5
243 356 5
37 363 5
86 258 5
176 181 5
140 334 5
194 274 5
5 283 5
334 375 5
109 247 5
97 348 5
148 329 5
24 330 5
56 303 5
58 136 5
13 104 5
140 378 5
307 375 5
155 226 5
37 81 5
160 354 5
41 304 5
30 236 5
87 201 5
333 389 5
157 309 5
310 352 5
304 376 5
32 311 5
350 368 5
125 167 5
216 380 5
26 265 5
121 162 5
253 274 5
11 271 5
124 328 5
81 211 5
141 200 5
108 215 5
166 297 5
89 272 5
213 399 5
161 303 5
141 365 5
16 359 5
28 295 5
114 148 5
55 366 5
20 398 5
48 318 5
243 244 5
317 323 5
116 126 5
62 341 5
30 223 5
178 311 5
301 390 5
276 381 5
88 179 5
31 116 5
72 144 5
199 263 5
181 356 5
196 301 5
110 345 5
144 261 5
31 342 5
165 376 5
270 354 5
130 194 5
166 252 5
118 231 5
12 40 5
128 173 5
190 204 5
243 335 5
19 177 5
132 200 5
204 400 5
99 148 5
108 315 5
7 211 5
256 382 5
47 208 5
240 323 5
10 173 5
78 127 5
2 117 5
138 247 5
317 401 5
122 158 5
214 334 5
7 137 5
12 210 5
183 209 5
316 357 5
35 170 5
24 199 5
88 245 5
9 304 5
157 313 5
234 254 5
112 328 5
22 322 5
174 339 5
321 368 5
168 326 5
180 247 5
62 264 5
56 270 5
46 84 5
215 257 5
119 127 5
286 372 5
200 215 5
67 271 5
54 105 5
126 395 5
240 375 5
136 368 5
279 304 5
131 292 5
25 149 5
277 394 5
111 367 5
296 361 5
78 398 5
21 380 5
64 356 5
242 265 5
207 336 5
39 382 5
47 260 5
165 233 5
300 359 5
236 272 5
236 275 5
23 366 5
31 260 5
141 331 5
138 193 5
80 286 5
35 116 5
22 52 5
349 357 5
258 329 5
116 396 5
232 375 5
4 21 5
130 292 5
77 240 5
126 277 5
58 99 5
69 307 5
47 356 5
72 220 5
151 257 5
44 177 5
198 258 5
96 206 5
133 148 5
180 214 5
234 379 5
180 183 5
94 197 5
256 396 5
26 371 5
52 349 5
79 168 5
239 395 5
323 371 5
146 389 5
246 367 5
61 344 5
50 96 5
158 255 5
316 371 5
106 366 5
203 362 5
54 72 5
66 96 5
97 117 5
44 264 5
110 268 5
174 237 5
32 162 5
382 398 5
79 397 5
128 130 5
164 360 5
54 78 5
233 330 5
115 131 5
193 332 5
202 246 5
2 340 5
171 342 5
55 57 5
107 322 5
166 280 5
157 197 5
113 211 5
191 266 5
67 279 5
42 391 5
26 117 5
192 355 5
307 349 5
140 157 5
31 237 5
311 385 5
370 398 5
97 153 5
53 332 5
17 219 5
211 247 5
87 396 5
25 129 5
6 186 5
91 175 5
47 189 5
291 312 5
215 311 5
44 290 5
49 125 5
33 74 5
107 115 5
102 332 5
211 228 5
263 301 5
45 72 5
204 219 5
19 139 5
301 324 5
24 64 5
144 171 5
133 252 5
54 66 5
43 343 5
91 109 5
139 255 5
196 318 5
41 371 5
248 252 5
109 197 5
224 241 5
114 253 5
116 392 5
16 132 5
228 387 5
79 229 5
2 371 5
96 362 5
76 140 5
110 321 5
166 321 5
34 174 5
288 310 5
3 157 5
138 199 5
33 338 5
111 263 5
146 299 5
326 350 5
311 314 5
139 219 5
139 172 5
278 314 5
84 198 5
43 88 5
117 398 5
192 330 5
139 226 5
62 162 5
172 244 5
96 389 5
20 70 5
9 55 5
3 185 5
141 192 5
2 330 5
385 388 5
206 230 5
75 82 5
