20 298 2
84 119 2
14 245 2
116 252 2
141 276 2
149 210 2
28 48 2
46 286 2
188 195 2
83 281 2
64 294 2
69 127 2
233 244 2
127 298 2
87 153 2
102 148 2
104 218 2
44 230 2
41 229 2
67 296 2
14 140 2
61 275 2
16 168 2
44 60 2
22 204 2
142 265 2
11 208 2
90 242 2
85 149 2
66 299 2
165 170 2
143 271 2
70 80 2
6 13 2
6 110 2
70 123 2
42 145 2
10 181 2
58 225 2
68 259 2
207 244 2
221 253 2
6 113 2
192 261 2
89 255 2
98 117 2
196 224 2
165 236 2
199 272 2
241 268 2
82 90 2
8 270 2
63 89 2
156 190 2
19 132 2
61 237 2
80 173 2
243 271 2
29 129 2
82 223 2
35 284 2
177 205 2
37 228 2
124 137 2
6 75 2
89 95 2
94 154 2
63 243 2
156 252 2
96 172 2
79 154 2
107 158 2
22 45 2
124 149 2
44 71 2
52 230 2
76 103 2
1 254 2
88 139 2
124 145 2
161 211 2
12 237 2
2 299 2
44 247 2
129 197 2
179 219 2
171 302 2
63 241 2
42 292 2
117 292 2
118 229 2
27 239 2
69 187 2
3 147 2
147 197 2
146 300 2
244 300 2
20 189 2
82 264 2
140 147 2
15 298 2
58 138 2
179 254 2
45 241 2
135 293 2
108 180 2
59 205 2
43 127 2
87 187 2
129 283 2
29 126 2
24 125 2
9 65 2
27 44 2
90 188 2
85 164 2
200 301 2
140 151 2
177 185 2
90 168 2
15 267 2
73 273 2
11 169 2
199 256 2
25 198 2
224 234 2
56 149 2
213 248 2
65 289 2
152 239 2
101 174 2
69 235 2
72 97 2
220 272 2
5 254 2
135 268 2
105 271 2
38 136 2
114 236 2
7 89 2
20 259 2
105 230 2
74 173 2
13 138 2
159 252 2
28 287 2
48 219 2
97 142 2
12 291 2
111 242 2
16 245 2
206 284 2
46 243 2
117 159 2
175 203 2
131 165 2
90 223 2
233 296 2
245 263 2
119 129 2
113 192 2
147 237 2
28 241 2
16 77 2
187 252 2
255 267 2
130 158 2
175 246 2
61 97 2
29 271 2
191 261 2
97 181 2
27 280 2
172 238 2
269 298 2
53 159 2
107 197 2
93 134 2
135 169 2
84 147 2
52 97 2
46 181 2
255 291 2
47 51 2
47 77 2
6 15 2
111 267 2
184 242 2
52 135 2
101 178 2
47 230 2
153 259 2
48 122 2
256 284 2
128 216 2
35 265 2
80 225 2
143 175 2
66 191 2
113 221 2
233 267 2
116 229 2
41 297 2
169 173 2
44 46 2
91 273 2
228 271 2
90 241 2
223 275 2
41 186 2
46 75 2
149 270 2
154 289 2
140 219 2
58 178 2
27 140 2
140 288 2
26 67 2
135 233 2
180 196 2
167 274 2
242 270 2
92 207 2
27 64 2
67 127 2
172 247 2
93 141 2
138 292 2
80 277 2
206 255 2
31 233 2
16 90 2
68 154 2
40 202 2
84 235 2
55 80 2
45 99 2
188 294 2
16 251 2
73 249 2
82 194 2
220 243 2
78 286 2
61 209 2
50 111 2
13 80 2
39 101 2
96 106 2
133 254 2
6 34 2
65 83 2
86 162 2
78 125 2
47 72 2
93 294 2
144 173 2
82 185 2
90 166 2
157 297 2
207 227 2
105 237 2
141 284 2
35 75 2
246 287 2
207 251 2
16 272 2
29 101 2
129 154 2
175 176 2
225 267 2
64 164 2
46 137 2
146 224 2
212 300 2
134 216 2
16 204 2
68 186 2
101 156 2
100 260 2
85 163 2
46 100 2
75 132 2
198 260 2
72 226 2
130 148 2
36 294 2
170 209 2
35 50 2
89 244 2
1 48 2
75 249 2
16 141 2
130 170 2
86 241 2
21 267 2
10 248 2
77 118 2
13 82 2
5 32 2
82 159 2
115 150 2
57 148 2
183 282 2
69 104 2
124 151 2
69 197 2
82 98 2
35 227 2
251 275 2
10 215 2
257 295 2
108 223 2
2 29 2
58 120 2
5 200 2
154 215 2
12 60 2
208 294 2
10 242 2
58 62 2
126 160 2
255 258 2
205 292 2
154 178 2
185 262 2
64 252 2
138 286 2
57 166 2
174 286 2
222 290 2
71 134 2
81 139 2
45 191 2
72 129 2
54 129 2
190 211 2
143 252 2
154 164 2
37 130 2
3 89 2
65 221 2
38 56 2
46 92 2
27 220 2
137 265 2
14 32 2
153 270 2
112 156 2
181 197 2
248 284 2
7 171 2
156 256 2
9 15 2
105 138 2
51 106 2
224 270 2
170 259 2
23 213 2
48 240 2
9 240 2
74 253 2
40 41 2
101 149 2
197 295 2
27 176 2
31 240 2
45 92 2
51 286 2
88 106 2
155 187 2
108 193 2
58 122 2
63 144 2
108 271 2
82 206 2
116 153 2
153 156 2
194 255 2
86 301 2
23 247 2
183 261 2
1 53 2
36 274 2
50 75 2
122 236 2
10 229 2
39 48 2
66 101 2
34 190 2
207 269 2
20 237 2
88 119 2
8 171 2
40 167 2
91 285 2
48 190 2
165 240 2
46 134 2
93 276 2
93 208 2
26 133 2
63 102 2
167 178 2
63 161 2
65 198 2
27 132 2
83 144 2
220 251 2
151 257 2
115 240 2
239 302 2
99 285 2
26 240 2
211 230 2
119 134 2
1 142 2
102 266 2
139 204 2
61 267 2
160 202 2
123 228 2
205 290 2
67 205 2
151 218 2
159 266 2
94 153 2
133 265 2
190 200 2
118 158 2
108 276 2
108 249 2
116 210 2
15 208 2
46 170 2
73 245 2
27 196 2
12 171 2
96 237 2
216 247 2
73 150 2
208 300 2
164 170 2
49 130 2
66 288 2
166 173 2
110 259 2
70 281 2
17 184 2
63 85 2
51 155 2
5 75 2
48 173 2
87 142 2
106 302 2
86 253 2
70 293 2
231 251 2
76 158 2
223 280 2
59 141 2
16 92 2
68 251 2
85 267 2
167 251 2
25 299 2
20 30 2
65 71 2
155 200 2
3 206 2
153 289 2
220 256 2
202 279 2
133 149 2
124 275 2
32 51 2
142 264 2
47 210 2
129 209 2
157 173 2
197 294 2
11 151 2
220 224 2
73 122 2
72 279 2
122 224 2
73 263 2
140 238 2
272 288 2
68 245 2
107 116 2
66 276 2
18 258 2
162 276 2
144 146 2
17 135 2
38 165 2
145 262 2
82 216 2
192 200 2
212 273 2
85 242 2
150 195 2
184 301 2
155 266 2
63 221 2
36 170 2
12 80 2
94 179 2
146 216 2
259 289 2
36 173 2
202 251 2
89 189 2
147 260 2
115 238 2
21 169 2
54 60 2
170 236 2
56 131 2
86 118 2
47 256 2
125 151 2
27 267 2
108 218 2
172 241 2
94 109 2
208 295 2
56 92 2
81 202 2
17 49 2
14 216 2
35 65 2
204 273 2
26 298 2
31 80 2
77 142 2
33 292 2
201 297 2
15 117 2
102 253 2
194 286 2
59 189 2
112 186 2
267 279 2
11 23 2
22 283 2
15 238 2
85 206 2
78 216 2
230 246 2
69 157 2
21 187 2
56 221 2
68 179 2
33 279 2
15 16 2
75 170 2
53 201 2
177 184 2
17 195 2
198 297 2
131 214 2
7 298 2
35 221 2
72 264 2
162 228 2
28 180 2
83 113 2
99 291 2
129 149 2
164 267 2
134 141 2
38 236 2
118 187 2
201 212 2
8 107 2
194 219 2
200 238 2
215 270 2
116 286 2
231 278 2
209 256 2
19 155 2
34 251 2
6 182 2
76 270 2
44 216 2
102 277 2
251 286 2
92 161 2
97 182 2
73 265 2
14 198 2
226 271 2
84 165 2
91 207 2
59 113 2
44 214 2
78 130 2
135 160 2
235 257 2
100 298 2
147 199 2
95 273 2
60 180 2
60 255 2
157 216 2
98 111 2
180 299 2
62 236 2
106 107 2
145 236 2
3 181 2
66 133 2
166 237 2
81 129 2
62 97 2
176 240 2
126 156 2
10 299 2
39 124 2
148 177 2
220 267 2
97 121 2
182 261 2
30 66 2
175 285 2
161 299 2
63 177 2
109 292 2
118 226 2
190 285 2
63 212 2
65 222 2
186 216 2
73 223 2
38 247 2
68 257 2
188 212 2
51 170 2
65 78 2
46 235 2
232 250 2
122 204 2
193 292 2
213 231 2
6 118 2
195 215 2
115 178 2
61 280 2
65 283 2
46 294 2
19 201 2
67 231 2
69 296 2
143 301 2
37 90 2
228 238 2
212 215 2
127 140 2
125 130 2
18 255 2
43 130 2
18 130 2
157 188 2
65 167 2
54 220 2
212 236 2
141 255 2
19 301 2
132 141 2
17 166 2
230 243 2
101 137 2
155 225 2
274 280 2
53 224 2
95 295 2
51 122 2
112 237 2
174 276 2
99 191 2
8 225 2
125 177 2
123 146 2
193 275 2
210 261 2
138 186 2
148 237 2
19 300 2
159 292 2
211 275 2
214 267 2
1 262 2
84 110 2
58 194 2
283 292 2
206 248 2
68 298 2
78 139 2
188 271 2
112 144 2
176 249 2
21 28 2
16 38 2
33 291 2
244 246 2
247 255 2
35 202 2
54 93 2
35 92 2
35 81 2
76 238 2
13 101 2
214 288 2
23 281 2
130 154 2
155 270 2
148 172 2
188 200 2
183 230 2
127 176 2
126 172 2
124 160 2
161 249 2
156 241 2
89 284 2
14 80 2
102 226 2
192 246 2
211 232 2
42 101 2
55 239 2
237 286 2
159 167 2
34 61 2
129 285 2
104 140 2
251 264 2
87 104 2
66 201 2
191 214 2
145 290 2
135 207 2
65 79 2
95 296 2
136 289 2
41 93 2
73 76 2
237 276 2
34 235 2
69 163 2
28 136 2
212 228 2
100 199 2
39 138 2
87 272 2
150 246 2
36 48 2
33 143 2
171 235 2
71 241 2
7 44 2
175 239 2
76 140 2
149 238 2
198 208 2
44 236 2
30 253 2
159 228 2
49 296 2
133 267 2
208 266 2
9 282 2
121 243 2
41 109 2
51 110 2
46 57 2
153 218 2
228 295 2
56 141 2
161 261 2
64 194 2
51 153 2
199 291 2
42 253 2
5 29 2
9 156 2
14 96 2
52 129 2
179 203 2
161 246 2
10 234 2
161 226 2
216 237 2
63 94 2
97 173 2
64 295 2
143 160 2
112 146 2
39 154 2
68 95 2
156 250 2
74 169 2
42 200 2
219 242 2
76 77 2
7 185 2
43 86 2
19 231 2
257 291 2
112 127 2
85 102 2
188 242 2
245 298 2
83 283 2
147 177 2
46 302 2
119 125 2
166 167 2
16 83 2
90 103 2
157 287 2
94 241 2
20 27 2
259 283 2
8 66 2
92 105 2
167 293 2
29 109 2
112 288 2
88 132 2
133 288 2
108 129 2
250 295 2
265 271 2
71 73 2
50 230 2
55 144 2
82 168 2
122 163 2
60 171 2
165 187 2
49 260 2
138 156 2
98 243 2
81 267 2
71 93 2
18 189 2
84 155 2
156 281 2
28 226 2
83 280 2
171 248 2
30 57 2
67 115 2
200 251 2
155 279 2
127 300 2
141 153 2
236 264 2
91 226 2
13 161 2
16 199 2
99 177 2
255 274 2
33 180 2
47 252 2
4 281 2
43 76 2
118 273 2
92 294 2
125 289 2
218 264 2
139 177 2
195 227 2
100 205 2
83 114 2
101 259 2
150 210 2
109 160 2
121 287 2
68 193 2
31 169 2
70 104 2
185 209 2
72 198 2
194 277 2
184 190 2
18 155 2
46 63 2
160 244 2
25 248 2
45 273 2
179 281 2
86 194 2
10 36 2
70 226 2
76 98 2
90 145 2
199 299 2
27 270 2
194 301 2
74 161 2
12 187 2
91 247 2
31 55 2
104 302 2
53 73 2
31 42 2
235 251 2
114 284 2
