91 115 3
7 78 3
50 211 3
201 251 3
157 264 3
77 281 3
55 175 3
39 321 3
6 50 3
178 201 3
40 132 3
174 207 3
89 264 3
104 129 3
207 263 3
45 298 3
217 295 3
51 95 3
221 264 3
196 215 3
211 297 3
139 144 3
52 265 3
178 315 3
58 275 3
183 189 3
276 314 3
64 165 3
32 112 3
189 294 3
74 238 3
122 258 3
36 229 3
137 220 3
19 37 3
2 83 3
146 230 3
82 140 3
198 317 3
64 175 3
167 179 3
31 160 3
14 110 3
62 325 3
45 181 3
275 282 3
121 254 3
209 324 3
17 48 3
16 305 3
66 98 3
215 306 3
114 244 3
29 297 3
18 280 3
197 203 3
34 153 3
144 276 3
87 188 3
125 131 3
67 288 3
1 129 3
107 244 3
6 43 3
21 291 3
16 276 3
79 202 3
22 43 3
150 292 3
20 242 3
156 276 3
19 92 3
7 178 3
131 207 3
162 229 3
117 149 3
224 291 3
60 216 3
266 270 3
156 201 3
194 213 3
190 291 3
131 315 3
132 253 3
90 163 3
71 165 3
26 163 3
32 184 3
8 58 3
82 156 3
118 219 3
177 304 3
9 283 3
60 195 3
216 220 3
101 315 3
172 329 3
59 312 3
232 303 3
31 312 3
62 102 3
7 145 3
264 328 3
38 191 3
53 119 3
267 271 3
236 238 3
36 165 3
95 109 3
279 328 3
230 261 3
16 227 3
21 327 3
126 243 3
156 226 3
207 222 3
34 257 3
108 213 3
250 281 3
1 219 3
153 288 3
111 192 3
147 310 3
86 195 3
141 241 3
59 82 3
97 322 3
262 285 3
11 78 3
172 236 3
153 313 3
78 110 3
267 322 3
185 215 3
71 239 3
114 136 3
143 247 3
121 225 3
61 87 3
206 221 3
148 207 3
57 279 3
151 224 3
234 318 3
157 228 3
138 301 3
137 247 3
46 71 3
150 157 3
63 206 3
9 141 3
97 283 3
241 255 3
71 235 3
197 327 3
62 123 3
70 323 3
118 214 3
103 220 3
173 179 3
4 236 3
7 301 3
163 226 3
99 118 3
146 178 3
27 162 3
129 201 3
70 119 3
64 103 3
146 235 3
46 226 3
83 215 3
22 107 3
142 186 3
284 309 3
232 234 3
161 187 3
81 200 3
238 323 3
56 99 3
3 126 3
51 217 3
246 286 3
170 269 3
72 270 3
82 235 3
216 217 3
317 324 3
90 157 3
53 134 3
42 207 3
148 285 3
35 73 3
228 277 3
247 310 3
1 312 3
137 292 3
205 283 3
11 120 3
141 280 3
111 142 3
182 328 3
25 86 3
182 239 3
176 211 3
217 235 3
85 187 3
32 119 3
180 259 3
64 156 3
14 316 3
56 305 3
6 40 3
50 97 3
125 158 3
155 249 3
98 299 3
70 324 3
104 228 3
93 279 3
107 327 3
111 163 3
114 181 3
28 150 3
133 213 3
183 226 3
116 238 3
155 198 3
163 215 3
125 207 3
40 41 3
6 30 3
19 59 3
162 249 3
247 261 3
108 273 3
190 255 3
24 51 3
120 223 3
104 303 3
153 252 3
249 287 3
35 311 3
30 141 3
154 249 3
16 288 3
194 297 3
213 252 3
50 315 3
1 149 3
108 310 3
89 153 3
60 217 3
108 176 3
146 179 3
19 131 3
47 218 3
116 305 3
2 81 3
249 257 3
75 192 3
204 269 3
5 156 3
58 108 3
54 109 3
207 283 3
136 215 3
21 103 3
194 198 3
48 293 3
178 263 3
149 311 3
203 224 3
225 264 3
108 125 3
141 199 3
265 299 3
42 55 3
163 189 3
20 162 3
146 191 3
112 326 3
28 135 3
142 266 3
313 332 3
102 263 3
78 332 3
222 331 3
202 262 3
114 246 3
38 174 3
113 256 3
26 167 3
214 218 3
237 249 3
27 295 3
50 327 3
273 329 3
129 206 3
128 138 3
107 159 3
184 310 3
158 308 3
73 280 3
186 238 3
193 195 3
225 280 3
38 305 3
60 255 3
107 228 3
69 79 3
128 255 3
63 195 3
111 125 3
182 320 3
94 159 3
9 136 3
86 278 3
18 112 3
33 269 3
124 146 3
51 71 3
8 38 3
17 295 3
69 183 3
245 261 3
58 87 3
40 57 3
101 281 3
151 188 3
282 309 3
210 282 3
32 227 3
63 296 3
244 248 3
35 331 3
61 301 3
19 25 3
309 320 3
35 159 3
279 308 3
33 87 3
63 285 3
153 325 3
63 83 3
9 33 3
290 291 3
162 322 3
125 184 3
15 53 3
293 303 3
50 273 3
74 272 3
168 291 3
313 326 3
246 289 3
192 252 3
145 321 3
233 315 3
65 297 3
295 305 3
17 253 3
99 262 3
33 163 3
135 143 3
48 103 3
17 105 3
44 296 3
10 254 3
51 323 3
247 296 3
27 279 3
187 216 3
118 171 3
55 88 3
102 302 3
28 39 3
143 209 3
137 305 3
242 279 3
27 209 3
51 302 3
13 225 3
15 234 3
266 317 3
101 224 3
90 281 3
84 127 3
217 277 3
121 284 3
222 271 3
218 253 3
260 315 3
15 64 3
176 207 3
233 263 3
52 232 3
276 284 3
164 218 3
17 97 3
202 241 3
70 117 3
163 330 3
73 194 3
193 299 3
145 238 3
83 318 3
10 43 3
57 300 3
95 326 3
232 256 3
283 327 3
155 278 3
146 318 3
83 163 3
2 285 3
39 71 3
68 274 3
15 201 3
168 262 3
207 326 3
209 325 3
199 219 3
12 132 3
243 293 3
55 287 3
114 129 3
153 179 3
34 235 3
9 35 3
79 107 3
49 325 3
67 114 3
63 328 3
189 281 3
193 321 3
66 220 3
147 204 3
86 158 3
255 298 3
309 321 3
22 172 3
25 324 3
58 200 3
129 147 3
12 253 3
5 207 3
273 301 3
118 283 3
188 318 3
60 177 3
125 178 3
244 316 3
69 248 3
170 322 3
230 286 3
66 125 3
90 251 3
38 117 3
67 183 3
78 166 3
103 293 3
82 324 3
153 199 3
9 194 3
104 253 3
105 201 3
88 297 3
113 132 3
22 76 3
281 301 3
251 286 3
73 89 3
43 109 3
29 126 3
212 291 3
62 107 3
92 108 3
244 305 3
166 307 3
172 330 3
7 196 3
199 303 3
203 311 3
103 198 3
323 332 3
146 170 3
219 277 3
239 258 3
303 327 3
206 268 3
182 294 3
187 193 3
69 159 3
25 295 3
196 244 3
250 293 3
159 312 3
182 221 3
57 243 3
48 308 3
113 233 3
97 145 3
70 331 3
4 246 3
40 191 3
119 142 3
152 225 3
2 220 3
51 278 3
183 214 3
63 142 3
41 132 3
221 272 3
222 277 3
102 189 3
252 254 3
302 316 3
19 220 3
53 274 3
12 133 3
132 171 3
153 203 3
75 315 3
90 285 3
20 192 3
81 167 3
218 254 3
121 142 3
157 263 3
6 178 3
119 177 3
88 99 3
117 160 3
132 228 3
28 310 3
109 144 3
119 296 3
101 311 3
290 321 3
54 310 3
100 140 3
22 58 3
25 99 3
83 101 3
9 29 3
147 278 3
44 185 3
155 265 3
50 81 3
58 64 3
127 329 3
35 87 3
11 317 3
56 300 3
29 225 3
277 325 3
168 255 3
14 192 3
16 21 3
49 292 3
24 237 3
115 129 3
189 200 3
200 313 3
158 296 3
75 258 3
91 264 3
101 109 3
164 248 3
61 68 3
112 265 3
53 279 3
187 318 3
127 138 3
1 17 3
25 95 3
173 209 3
41 73 3
53 66 3
143 240 3
16 85 3
26 217 3
16 326 3
126 184 3
77 114 3
189 244 3
46 296 3
55 152 3
193 201 3
201 278 3
40 129 3
145 302 3
168 217 3
10 153 3
169 269 3
205 296 3
180 254 3
189 230 3
93 276 3
40 170 3
57 203 3
102 278 3
86 332 3
173 286 3
38 112 3
155 241 3
299 329 3
164 210 3
104 219 3
237 292 3
200 307 3
164 228 3
47 314 3
85 140 3
44 257 3
229 313 3
174 247 3
2 252 3
173 174 3
206 285 3
211 280 3
113 127 3
166 322 3
269 290 3
128 194 3
102 229 3
312 313 3
28 250 3
2 293 3
87 217 3
235 297 3
131 197 3
76 118 3
51 168 3
176 291 3
40 89 3
43 152 3
128 215 3
61 93 3
65 188 3
213 286 3
210 267 3
127 192 3
73 214 3
48 220 3
12 289 3
74 122 3
117 143 3
113 191 3
150 284 3
208 244 3
158 170 3
41 315 3
44 297 3
53 281 3
6 231 3
28 161 3
192 273 3
154 325 3
13 201 3
132 221 3
133 253 3
195 294 3
153 289 3
241 307 3
102 222 3
47 72 3
54 271 3
7 155 3
59 97 3
104 248 3
264 317 3
96 275 3
97 124 3
9 56 3
140 217 3
17 277 3
238 313 3
211 269 3
58 105 3
97 199 3
126 168 3
64 246 3
172 222 3
219 318 3
151 242 3
135 153 3
93 96 3
150 217 3
158 192 3
272 328 3
216 298 3
13 198 3
122 143 3
99 134 3
168 231 3
293 298 3
131 318 3
207 277 3
83 222 3
40 113 3
265 324 3
84 174 3
280 324 3
59 220 3
69 160 3
55 286 3
295 319 3
4 151 3
129 285 3
23 216 3
103 240 3
8 177 3
41 290 3
179 215 3
123 247 3
34 219 3
99 312 3
47 117 3
223 257 3
105 292 3
4 79 3
218 245 3
64 65 3
114 222 3
164 268 3
38 329 3
71 173 3
28 297 3
179 213 3
206 255 3
12 13 3
32 288 3
324 325 3
78 214 3
102 249 3
172 173 3
86 181 3
57 245 3
69 198 3
4 26 3
23 29 3
99 293 3
115 257 3
46 248 3
24 252 3
36 170 3
46 183 3
174 319 3
64 290 3
56 126 3
148 166 3
266 297 3
21 153 3
178 221 3
124 219 3
224 247 3
66 104 3
180 266 3
29 311 3
15 304 3
105 150 3
1 259 3
150 246 3
27 94 3
69 309 3
62 152 3
116 217 3
289 327 3
56 93 3
178 194 3
136 321 3
29 201 3
93 294 3
41 300 3
192 315 3
12 262 3
7 270 3
76 182 3
183 275 3
80 102 3
253 264 3
141 148 3
36 56 3
11 104 3
68 201 3
203 205 3
190 233 3
71 202 3
114 290 3
225 242 3
253 272 3
154 198 3
3 110 3
273 293 3
42 198 3
100 294 3
196 249 3
75 219 3
142 260 3
52 88 3
12 197 3
2 284 3
66 317 3
212 227 3
71 209 3
31 67 3
176 269 3
209 285 3
56 150 3
15 171 3
132 198 3
61 115 3
189 301 3
148 280 3
251 287 3
182 199 3
70 71 3
56 104 3
54 315 3
182 282 3
53 268 3
212 321 3
85 111 3
87 118 3
234 288 3
100 101 3
87 135 3
80 307 3
244 279 3
122 162 3
153 240 3
11 223 3
34 309 3
198 282 3
16 67 3
69 132 3
2 263 3
33 309 3
15 94 3
119 249 3
49 139 3
56 268 3
267 274 3
185 282 3
72 214 3
14 286 3
231 276 3
97 208 3
294 310 3
77 245 3
29 208 3
233 282 3
139 210 3
153 314 3
20 223 3
272 321 3
159 176 3
100 247 3
111 196 3
204 244 3
137 187 3
86 117 3
213 332 3
213 309 3
175 289 3
123 142 3
42 165 3
72 223 3
251 306 3
142 295 3
284 325 3
1 151 3
47 167 3
77 170 3
282 293 3
57 320 3
25 97 3
97 142 3
237 274 3
325 331 3
134 230 3
41 314 3
113 176 3
94 124 3
86 87 3
155 330 3
75 290 3
4 69 3
158 241 3
81 111 3
119 320 3
167 215 3
12 228 3
169 231 3
169 224 3
167 318 3
25 128 3
120 220 3
240 263 3
134 245 3
17 288 3
162 226 3
31 230 3
191 230 3
56 230 3
174 301 3
55 217 3
149 308 3
207 282 3
38 317 3
71 98 3
42 276 3
163 198 3
25 162 3
93 295 3
30 189 3
170 271 3
120 255 3
72 168 3
143 311 3
199 301 3
106 236 3
212 254 3
123 254 3
6 158 3
23 161 3
104 148 3
266 316 3
145 186 3
198 290 3
27 67 3
117 227 3
5 70 3
92 236 3
134 141 3
110 155 3
58 253 3
174 215 3
56 189 3
114 216 3
44 133 3
136 280 3
67 120 3
91 184 3
118 131 3
77 264 3
1 247 3
1 150 3
92 142 3
204 246 3
124 171 3
224 305 3
80 217 3
28 100 3
114 160 3
64 249 3
27 50 3
240 288 3
60 302 3
7 250 3
190 326 3
24 190 3
191 326 3
5 93 3
252 296 3
90 171 3
62 87 3
223 314 3
61 261 3
174 323 3
88 306 3
11 34 3
23 298 3
244 273 3
25 190 3
134 170 3
28 103 3
77 96 3
138 170 3
57 101 3
133 271 3
66 140 3
47 252 3
282 312 3
192 307 3
154 314 3
84 165 3
15 108 3
49 208 3
19 326 3
109 317 3
47 88 3
124 136 3
183 193 3
203 293 3
13 169 3
141 234 3
60 72 3
22 200 3
94 292 3
33 213 3
298 327 3
116 261 3
73 84 3
11 56 3
41 77 3
44 119 3
48 174 3
150 167 3
47 286 3
21 122 3
59 81 3
51 275 3
61 142 3
20 324 3
155 204 3
52 149 3
87 89 3
161 330 3
53 170 3
92 247 3
93 210 3
60 290 3
44 304 3
210 257 3
90 230 3
68 299 3
241 310 3
38 118 3
29 303 3
57 125 3
28 233 3
194 241 3
114 191 3
70 284 3
81 163 3
118 256 3
290 327 3
181 315 3
26 47 3
9 324 3
114 239 3
152 232 3
202 276 3
180 253 3
247 332 3
108 200 3
234 241 3
218 230 3
48 185 3
222 310 3
187 223 3
126 216 3
36 173 3
237 313 3
219 246 3
252 304 3
72 123 3
15 323 3
171 245 3
159 187 3
90 307 3
186 330 3
71 208 3
147 312 3
118 124 3
201 261 3
4 311 3
54 266 3
176 290 3
166 314 3
57 123 3
153 194 3
144 179 3
11 129 3
234 235 3
169 323 3
22 209 3
84 321 3
12 135 3
50 63 3
179 183 3
157 310 3
31 186 3
10 281 3
175 240 3
31 262 3
3 231 3
144 329 3
146 272 3
8 47 3
96 175 3
37 51 3
38 277 3
49 55 3
117 332 3
300 327 3
153 174 3
183 277 3
22 185 3
