1 2 2
1 3 2
1 151 2
1 247 2
1 257 2
1 274 2
1 275 2
1 301 2
1 302 2
2 3 2
2 4 2
2 116 2
2 165 2
2 274 2
2 275 2
2 301 2
2 302 2
3 4 2
3 24 2
3 39 2
3 158 2
3 301 2
3 302 2
4 5 2
4 220 2
5 7 2
5 12 2
5 21 2
5 69 2
6 22 2
6 258 2
6 281 2
7 9 2
7 111 2
7 173 2
7 180 2
8 9 2
8 10 2
8 12 2
8 252 2
9 11 2
9 12 2
9 31 2
9 105 2
10 11 2
10 12 2
10 13 2
11 12 2
11 13 2
11 14 2
11 15 2
11 17 2
11 104 2
11 160 2
11 220 2
12 13 2
12 15 2
12 66 2
12 195 2
13 14 2
13 15 2
13 16 2
14 15 2
14 81 2
14 146 2
14 179 2
15 18 2
15 27 2
15 196 2
16 17 2
16 18 2
16 19 2
16 121 2
17 18 2
17 108 2
17 125 2
17 222 2
18 19 2
18 94 2
18 106 2
18 293 2
19 20 2
19 222 2
19 225 2
19 227 2
20 79 2
20 154 2
21 22 2
21 24 2
21 25 2
21 87 2
21 235 2
22 51 2
22 124 2
22 221 2
23 24 2
23 109 2
23 288 2
24 28 2
24 80 2
24 100 2
24 129 2
24 161 2
25 26 2
25 27 2
25 28 2
25 36 2
25 133 2
26 28 2
26 94 2
26 267 2
27 28 2
27 29 2
27 177 2
28 29 2
28 30 2
28 31 2
28 32 2
29 30 2
29 31 2
29 33 2
30 31 2
30 32 2
30 33 2
31 32 2
31 33 2
31 94 2
31 147 2
32 33 2
32 35 2
32 246 2
33 34 2
33 160 2
34 36 2
34 37 2
34 39 2
34 46 2
34 49 2
34 256 2
35 37 2
35 38 2
35 130 2
36 39 2
36 184 2
36 191 2
36 260 2
36 268 2
37 39 2
37 112 2
37 235 2
37 237 2
37 256 2
37 275 2
38 39 2
38 40 2
38 167 2
39 40 2
40 41 2
40 42 2
40 82 2
40 117 2
41 44 2
41 103 2
41 111 2
41 168 2
42 43 2
42 100 2
42 201 2
42 275 2
43 44 2
43 45 2
43 46 2
44 45 2
44 46 2
44 133 2
45 48 2
45 63 2
45 145 2
45 252 2
46 47 2
46 48 2
46 49 2
46 64 2
46 238 2
47 49 2
47 50 2
47 92 2
47 123 2
47 131 2
48 49 2
48 50 2
48 51 2
48 271 2
49 50 2
49 51 2
49 52 2
49 53 2
50 51 2
50 52 2
51 53 2
51 142 2
51 152 2
51 167 2
51 176 2
51 249 2
52 54 2
52 55 2
52 201 2
52 257 2
53 54 2
53 55 2
53 56 2
54 56 2
54 59 2
54 74 2
54 219 2
55 56 2
55 57 2
55 58 2
55 83 2
56 57 2
56 58 2
56 60 2
56 225 2
57 58 2
57 59 2
57 69 2
57 127 2
57 159 2
58 59 2
58 60 2
58 61 2
58 98 2
59 61 2
59 62 2
60 61 2
60 62 2
60 64 2
60 154 2
61 64 2
61 101 2
61 103 2
61 300 2
62 63 2
62 64 2
62 65 2
63 64 2
63 66 2
64 65 2
64 66 2
64 166 2
64 239 2
65 66 2
65 67 2
65 68 2
66 67 2
66 68 2
66 112 2
67 68 2
67 114 2
67 220 2
68 69 2
68 173 2
68 230 2
69 71 2
69 72 2
69 144 2
70 71 2
70 74 2
70 148 2
70 202 2
70 290 2
71 72 2
71 73 2
71 74 2
71 106 2
71 183 2
72 73 2
72 74 2
72 76 2
73 74 2
73 76 2
73 142 2
73 172 2
73 233 2
74 76 2
74 77 2
74 119 2
75 76 2
75 77 2
75 79 2
76 77 2
76 144 2
76 205 2
76 248 2
77 78 2
77 79 2
77 106 2
78 79 2
78 80 2
79 80 2
79 81 2
79 82 2
79 107 2
79 239 2
80 81 2
80 163 2
80 272 2
81 82 2
81 83 2
81 124 2
82 83 2
82 84 2
83 84 2
83 87 2
84 86 2
84 108 2
84 161 2
84 192 2
84 238 2
85 87 2
85 179 2
85 239 2
85 284 2
86 87 2
86 89 2
86 210 2
87 89 2
87 116 2
87 121 2
87 207 2
88 90 2
88 91 2
88 177 2
89 92 2
89 93 2
89 169 2
89 263 2
90 92 2
90 278 2
91 92 2
91 94 2
91 112 2
91 125 2
91 188 2
92 93 2
92 94 2
92 286 2
93 94 2
93 138 2
94 95 2
94 96 2
94 98 2
95 97 2
95 98 2
95 101 2
96 98 2
96 99 2
96 272 2
97 100 2
97 176 2
97 204 2
98 100 2
98 101 2
98 140 2
99 100 2
99 125 2
99 139 2
99 250 2
100 101 2
100 102 2
100 150 2
100 181 2
100 189 2
101 102 2
101 104 2
101 226 2
102 103 2
102 207 2
102 212 2
102 277 2
103 104 2
103 105 2
103 107 2
103 186 2
103 203 2
104 106 2
104 159 2
105 106 2
105 281 2
106 116 2
106 120 2
106 121 2
106 127 2
106 162 2
107 110 2
107 151 2
107 254 2
108 109 2
109 110 2
109 112 2
109 292 2
110 113 2
110 193 2
110 244 2
111 114 2
111 213 2
111 250 2
111 299 2
112 173 2
113 114 2
113 115 2
113 257 2
113 269 2
114 116 2
114 117 2
114 231 2
114 287 2
115 116 2
115 117 2
115 118 2
116 121 2
116 136 2
116 179 2
117 118 2
117 192 2
118 119 2
118 120 2
118 121 2
118 122 2
119 250 2
119 275 2
120 121 2
120 122 2
120 124 2
120 153 2
120 246 2
121 123 2
121 124 2
121 223 2
122 123 2
122 124 2
122 227 2
123 124 2
123 175 2
124 127 2
124 203 2
125 127 2
125 129 2
125 269 2
126 127 2
126 129 2
126 148 2
126 156 2
126 241 2
127 153 2
127 261 2
127 264 2
128 129 2
128 130 2
128 131 2
129 130 2
129 131 2
129 178 2
130 131 2
130 132 2
130 133 2
130 193 2
131 176 2
131 201 2
131 247 2
131 248 2
132 134 2
132 203 2
133 134 2
133 135 2
134 135 2
134 136 2
134 215 2
134 254 2
134 277 2
135 136 2
135 138 2
135 156 2
135 270 2
136 137 2
136 138 2
136 140 2
136 184 2
136 223 2
137 138 2
137 139 2
138 139 2
138 142 2
138 286 2
139 172 2
139 228 2
139 252 2
139 255 2
139 278 2
140 141 2
140 144 2
140 164 2
140 287 2
141 142 2
141 143 2
141 144 2
141 145 2
141 156 2
142 143 2
142 144 2
142 145 2
142 217 2
143 144 2
143 145 2
143 146 2
143 170 2
144 147 2
144 297 2
145 146 2
145 148 2
145 257 2
146 148 2
146 149 2
146 248 2
147 148 2
148 149 2
148 169 2
149 150 2
149 151 2
150 151 2
150 183 2
150 196 2
150 206 2
151 152 2
151 153 2
152 154 2
152 202 2
153 154 2
154 155 2
154 156 2
154 157 2
155 156 2
155 157 2
155 162 2
155 198 2
155 237 2
156 159 2
157 158 2
157 159 2
157 161 2
157 286 2
158 159 2
158 160 2
158 161 2
159 160 2
159 161 2
160 161 2
161 163 2
161 164 2
162 164 2
162 203 2
162 271 2
163 164 2
163 166 2
164 165 2
164 166 2
164 167 2
165 169 2
165 219 2
165 227 2
166 167 2
166 168 2
167 169 2
168 169 2
168 170 2
168 171 2
168 183 2
168 232 2
169 170 2
169 171 2
170 172 2
170 173 2
171 172 2
171 173 2
171 186 2
172 173 2
172 176 2
172 239 2
173 176 2
173 252 2
174 176 2
174 177 2
174 189 2
174 219 2
175 176 2
175 177 2
175 178 2
176 177 2
176 178 2
177 179 2
177 180 2
178 180 2
178 181 2
178 210 2
179 181 2
179 204 2
179 222 2
180 182 2
180 183 2
180 184 2
180 226 2
181 183 2
182 183 2
182 184 2
182 185 2
183 186 2
183 187 2
184 185 2
184 188 2
184 231 2
184 277 2
185 186 2
185 187 2
185 188 2
186 187 2
186 188 2
187 188 2
187 189 2
187 190 2
188 189 2
188 202 2
189 191 2
189 192 2
189 225 2
190 191 2
190 192 2
190 193 2
190 213 2
190 225 2
191 192 2
191 194 2
192 193 2
192 194 2
192 196 2
192 266 2
192 285 2
193 195 2
193 197 2
193 258 2
194 195 2
194 196 2
194 198 2
194 282 2
195 197 2
195 199 2
196 221 2
196 240 2
196 244 2
197 198 2
197 199 2
197 200 2
198 199 2
198 200 2
198 202 2
199 200 2
199 201 2
199 202 2
199 203 2
199 233 2
200 201 2
200 202 2
200 203 2
201 203 2
201 282 2
202 203 2
202 204 2
202 205 2
202 230 2
203 205 2
203 207 2
204 206 2
205 206 2
206 207 2
206 298 2
207 208 2
208 209 2
208 210 2
208 234 2
208 263 2
209 210 2
209 211 2
209 212 2
209 213 2
210 212 2
211 212 2
211 213 2
211 214 2
211 249 2
212 213 2
212 214 2
212 215 2
213 214 2
213 215 2
214 215 2
214 217 2
214 265 2
215 216 2
215 217 2
215 218 2
216 217 2
216 218 2
217 219 2
218 219 2
218 220 2
219 220 2
220 221 2
220 223 2
221 222 2
221 286 2
222 223 2
222 224 2
222 225 2
222 226 2
223 224 2
223 226 2
224 225 2
224 226 2
224 227 2
224 228 2
224 254 2
225 229 2
226 227 2
226 228 2
226 283 2
227 229 2
227 230 2
228 230 2
228 231 2
229 230 2
229 231 2
229 232 2
230 232 2
230 274 2
231 235 2
231 246 2
232 233 2
232 234 2
233 234 2
233 235 2
233 237 2
234 235 2
234 236 2
234 237 2
235 236 2
235 237 2
235 239 2
235 276 2
236 238 2
236 243 2
237 239 2
237 240 2
238 239 2
238 242 2
239 241 2
240 241 2
240 242 2
241 242 2
241 244 2
242 244 2
242 246 2
242 252 2
242 302 2
243 244 2
243 245 2
243 246 2
244 245 2
244 246 2
244 247 2
245 246 2
245 247 2
246 248 2
247 248 2
248 250 2
248 251 2
249 250 2
249 251 2
250 251 2
251 252 2
251 253 2
252 253 2
253 254 2
253 255 2
253 256 2
254 256 2
255 256 2
255 257 2
255 258 2
256 257 2
256 259 2
256 260 2
257 258 2
257 259 2
257 261 2
258 259 2
258 260 2
259 260 2
259 261 2
260 261 2
260 262 2
261 262 2
261 263 2
261 265 2
261 283 2
262 263 2
262 264 2
262 265 2
263 265 2
263 267 2
264 266 2
264 267 2
264 268 2
265 266 2
265 267 2
265 269 2
266 267 2
266 268 2
266 269 2
267 268 2
267 269 2
267 270 2
268 270 2
268 271 2
268 272 2
269 271 2
270 271 2
270 272 2
270 273 2
271 274 2
271 275 2
272 274 2
272 275 2
273 274 2
273 275 2
273 276 2
273 297 2
274 275 2
274 276 2
274 277 2
275 276 2
275 277 2
276 277 2
276 279 2
276 280 2
277 278 2
278 280 2
278 281 2
279 280 2
279 281 2
279 282 2
280 281 2
280 282 2
280 283 2
281 282 2
281 283 2
282 283 2
283 284 2
283 285 2
284 285 2
284 286 2
285 286 2
285 287 2
285 289 2
286 287 2
287 289 2
287 290 2
288 289 2
288 290 2
288 291 2
289 290 2
289 291 2
289 292 2
290 291 2
290 293 2
291 292 2
291 293 2
291 294 2
292 293 2
292 294 2
292 295 2
293 295 2
293 296 2
294 295 2
294 296 2
294 297 2
295 296 2
295 297 2
295 298 2
295 299 2
296 297 2
296 298 2
296 299 2
297 298 2
297 299 2
297 301 2
298 299 2
298 300 2
298 302 2
299 300 2
299 301 2
300 301 2
301 302 2
