1 2 3
1 3 3
1 151 3
1 247 3
1 257 3
1 274 3
1 275 3
1 301 3
1 302 3
1 329 3
1 330 3
1 331 3
1 332 3
2 4 3
2 6 3
2 63 3
2 88 3
2 165 3
2 260 3
2 301 3
2 302 3
2 308 3
2 330 3
2 331 3
2 332 3
3 7 3
3 24 3
3 39 3
3 158 3
3 270 3
3 301 3
3 302 3
3 332 3
4 5 3
4 114 3
4 125 3
4 220 3
5 7 3
5 12 3
5 21 3
5 69 3
5 318 3
6 10 3
6 22 3
6 87 3
6 106 3
6 199 3
6 258 3
7 9 3
7 55 3
7 111 3
7 180 3
7 257 3
7 328 3
8 9 3
8 10 3
8 12 3
8 26 3
8 252 3
9 11 3
9 12 3
9 31 3
9 105 3
10 11 3
10 12 3
10 13 3
11 12 3
11 13 3
11 14 3
11 15 3
11 104 3
11 186 3
11 220 3
11 310 3
11 320 3
12 13 3
12 15 3
12 16 3
12 66 3
12 195 3
13 14 3
13 15 3
13 16 3
14 15 3
14 81 3
14 146 3
14 179 3
15 18 3
15 27 3
15 115 3
15 237 3
16 19 3
16 26 3
16 64 3
16 157 3
16 185 3
17 18 3
17 120 3
17 125 3
17 222 3
17 275 3
18 19 3
18 94 3
18 106 3
18 293 3
19 20 3
19 27 3
19 222 3
19 225 3
19 227 3
20 100 3
20 154 3
20 231 3
21 22 3
21 24 3
21 25 3
21 64 3
21 220 3
21 235 3
22 51 3
22 57 3
22 221 3
23 24 3
23 40 3
23 298 3
24 28 3
24 80 3
24 100 3
24 129 3
24 161 3
25 26 3
25 27 3
25 28 3
25 29 3
25 36 3
25 102 3
25 133 3
26 28 3
26 94 3
26 267 3
27 28 3
27 29 3
28 29 3
28 30 3
28 31 3
28 32 3
29 30 3
29 31 3
29 81 3
29 182 3
30 31 3
30 32 3
30 33 3
31 32 3
31 33 3
31 65 3
31 94 3
31 147 3
32 33 3
32 35 3
32 113 3
32 218 3
33 34 3
33 111 3
33 160 3
33 247 3
34 36 3
34 37 3
34 39 3
34 46 3
34 49 3
34 256 3
35 37 3
35 38 3
35 130 3
36 99 3
36 160 3
36 164 3
36 184 3
36 260 3
36 268 3
37 39 3
37 112 3
37 208 3
37 232 3
37 235 3
37 237 3
37 239 3
37 289 3
38 39 3
38 40 3
38 82 3
38 167 3
39 40 3
40 41 3
40 42 3
40 82 3
40 117 3
40 240 3
41 44 3
41 111 3
41 168 3
41 326 3
42 43 3
42 100 3
42 201 3
42 275 3
43 46 3
43 47 3
43 84 3
43 126 3
43 161 3
43 268 3
44 45 3
44 46 3
44 133 3
44 273 3
44 309 3
45 48 3
45 63 3
45 118 3
45 145 3
45 252 3
46 47 3
46 48 3
46 49 3
46 64 3
46 238 3
47 49 3
47 50 3
47 92 3
47 127 3
47 131 3
47 293 3
48 49 3
48 50 3
48 51 3
48 52 3
48 143 3
48 213 3
48 271 3
49 52 3
49 53 3
49 186 3
49 201 3
50 52 3
50 184 3
50 330 3
51 53 3
51 55 3
51 152 3
51 167 3
51 176 3
51 188 3
51 249 3
52 55 3
52 56 3
52 201 3
52 257 3
52 278 3
53 54 3
53 55 3
53 56 3
54 56 3
54 59 3
54 204 3
54 219 3
55 56 3
55 172 3
55 279 3
56 57 3
56 58 3
56 60 3
56 278 3
57 58 3
57 59 3
57 69 3
57 127 3
57 159 3
57 169 3
57 239 3
58 59 3
58 60 3
58 61 3
58 98 3
59 61 3
59 62 3
59 63 3
59 281 3
60 61 3
60 62 3
60 64 3
60 154 3
60 226 3
60 249 3
61 64 3
61 65 3
61 101 3
61 103 3
61 152 3
61 300 3
62 64 3
62 65 3
62 66 3
62 92 3
62 289 3
63 64 3
63 66 3
64 66 3
64 68 3
64 166 3
64 218 3
64 239 3
64 298 3
64 311 3
65 66 3
65 68 3
66 67 3
66 68 3
66 213 3
66 229 3
67 68 3
67 71 3
67 197 3
67 209 3
67 220 3
68 69 3
68 173 3
68 230 3
69 72 3
69 144 3
69 153 3
69 181 3
70 71 3
70 74 3
70 148 3
70 202 3
70 290 3
71 72 3
71 73 3
71 74 3
71 75 3
71 99 3
71 106 3
71 135 3
71 183 3
72 73 3
72 74 3
72 202 3
73 76 3
73 142 3
73 172 3
73 176 3
73 233 3
74 76 3
74 77 3
74 78 3
74 119 3
75 76 3
75 216 3
75 274 3
75 295 3
76 77 3
76 144 3
76 205 3
76 248 3
77 78 3
77 79 3
77 106 3
77 168 3
77 317 3
78 79 3
78 80 3
78 82 3
79 81 3
79 82 3
79 119 3
79 239 3
79 310 3
80 84 3
80 163 3
80 249 3
80 272 3
81 82 3
81 83 3
81 124 3
81 248 3
81 317 3
82 83 3
82 84 3
82 99 3
83 84 3
83 137 3
84 86 3
84 108 3
84 192 3
84 238 3
85 179 3
85 239 3
85 284 3
85 316 3
86 87 3
86 89 3
86 90 3
86 120 3
86 210 3
87 91 3
87 116 3
87 121 3
87 207 3
87 280 3
88 90 3
88 91 3
88 121 3
88 177 3
89 93 3
89 123 3
89 143 3
89 169 3
89 263 3
90 278 3
90 324 3
91 92 3
91 94 3
91 95 3
91 112 3
91 125 3
91 180 3
91 188 3
92 93 3
92 94 3
92 286 3
93 97 3
93 138 3
93 195 3
93 278 3
94 95 3
94 96 3
94 98 3
95 97 3
95 98 3
95 99 3
95 101 3
96 98 3
96 136 3
96 272 3
97 100 3
97 112 3
97 176 3
97 204 3
98 101 3
98 102 3
98 140 3
98 285 3
99 100 3
99 276 3
100 102 3
100 130 3
100 150 3
100 219 3
100 262 3
101 102 3
101 104 3
101 226 3
102 103 3
102 106 3
102 207 3
102 277 3
103 104 3
103 105 3
103 136 3
103 186 3
103 218 3
103 299 3
104 106 3
104 159 3
105 106 3
105 281 3
106 116 3
106 120 3
106 127 3
106 162 3
106 262 3
107 110 3
107 151 3
107 254 3
108 109 3
108 260 3
109 110 3
109 112 3
109 292 3
110 113 3
110 114 3
110 193 3
110 244 3
111 115 3
111 194 3
111 272 3
111 299 3
112 173 3
113 114 3
113 115 3
113 257 3
114 117 3
114 231 3
114 287 3
115 116 3
115 117 3
115 118 3
116 136 3
116 179 3
116 310 3
117 192 3
117 234 3
117 267 3
118 120 3
118 121 3
118 122 3
119 250 3
119 275 3
119 328 3
120 121 3
120 122 3
120 130 3
120 162 3
121 123 3
121 124 3
121 223 3
122 123 3
122 124 3
122 227 3
122 319 3
123 182 3
123 203 3
123 272 3
123 319 3
124 128 3
124 167 3
124 203 3
125 289 3
125 302 3
126 129 3
126 148 3
126 156 3
126 241 3
127 153 3
127 261 3
127 264 3
128 129 3
128 130 3
128 131 3
128 132 3
129 130 3
129 131 3
129 178 3
130 133 3
130 134 3
130 137 3
130 172 3
130 193 3
131 135 3
131 176 3
131 195 3
131 201 3
131 248 3
132 203 3
132 238 3
132 277 3
133 134 3
133 135 3
134 135 3
134 136 3
134 215 3
134 254 3
134 287 3
135 136 3
135 138 3
135 156 3
136 137 3
136 140 3
136 142 3
136 184 3
136 223 3
137 138 3
137 139 3
138 139 3
138 142 3
138 286 3
139 147 3
139 172 3
139 252 3
139 255 3
139 278 3
140 141 3
140 164 3
140 241 3
140 287 3
141 142 3
141 144 3
141 145 3
141 156 3
141 330 3
142 143 3
142 144 3
142 146 3
142 217 3
143 145 3
143 146 3
143 271 3
144 147 3
144 148 3
144 284 3
144 297 3
145 146 3
145 148 3
145 149 3
145 257 3
145 316 3
146 149 3
146 227 3
146 248 3
147 148 3
148 149 3
148 152 3
148 169 3
149 150 3
149 151 3
149 153 3
150 151 3
150 183 3
150 196 3
150 206 3
150 209 3
150 244 3
151 152 3
151 153 3
152 154 3
153 154 3
154 156 3
154 157 3
154 158 3
154 282 3
155 156 3
155 157 3
155 159 3
155 162 3
155 198 3
155 237 3
156 159 3
156 326 3
157 158 3
157 161 3
157 237 3
157 271 3
157 321 3
158 159 3
158 160 3
158 161 3
159 160 3
159 161 3
159 163 3
160 161 3
160 164 3
160 285 3
161 163 3
161 269 3
162 164 3
162 203 3
162 271 3
163 164 3
163 171 3
164 165 3
164 166 3
164 167 3
165 169 3
165 219 3
165 227 3
166 167 3
166 168 3
166 170 3
167 169 3
168 169 3
168 170 3
168 171 3
168 172 3
168 232 3
169 170 3
169 171 3
169 232 3
170 172 3
170 173 3
170 299 3
171 172 3
171 173 3
171 175 3
171 186 3
172 176 3
172 239 3
172 309 3
172 319 3
173 176 3
173 177 3
173 213 3
173 242 3
173 243 3
174 176 3
174 177 3
174 185 3
174 189 3
174 219 3
175 177 3
175 178 3
175 179 3
175 208 3
176 178 3
176 180 3
176 311 3
177 213 3
177 302 3
178 180 3
178 181 3
178 210 3
178 305 3
179 181 3
179 183 3
179 204 3
179 222 3
179 301 3
180 183 3
180 184 3
180 261 3
181 186 3
182 183 3
182 254 3
183 186 3
183 187 3
184 185 3
184 231 3
184 234 3
185 186 3
185 187 3
185 197 3
186 188 3
186 190 3
186 245 3
187 188 3
187 189 3
187 190 3
188 189 3
188 192 3
188 202 3
189 191 3
189 192 3
189 225 3
190 191 3
190 192 3
190 213 3
190 225 3
190 326 3
191 192 3
191 194 3
192 193 3
192 194 3
192 196 3
192 266 3
192 285 3
193 195 3
193 197 3
193 258 3
194 195 3
194 196 3
194 290 3
194 313 3
195 197 3
196 200 3
196 221 3
196 240 3
196 244 3
197 199 3
197 200 3
198 199 3
198 200 3
198 202 3
199 200 3
199 201 3
199 202 3
199 233 3
199 274 3
200 201 3
200 202 3
200 203 3
201 203 3
201 262 3
201 282 3
202 203 3
202 204 3
202 205 3
202 230 3
203 205 3
203 207 3
204 208 3
204 320 3
205 206 3
206 207 3
206 210 3
206 298 3
207 208 3
207 211 3
207 282 3
208 209 3
208 234 3
208 263 3
209 210 3
209 211 3
210 256 3
211 212 3
211 213 3
211 214 3
211 215 3
211 249 3
212 213 3
212 214 3
212 215 3
212 300 3
212 307 3
213 214 3
214 215 3
214 217 3
214 218 3
215 216 3
215 217 3
215 218 3
215 219 3
216 217 3
216 218 3
216 220 3
217 305 3
218 220 3
218 314 3
219 220 3
220 221 3
220 223 3
221 222 3
221 286 3
222 223 3
222 224 3
222 225 3
222 226 3
222 262 3
223 224 3
223 226 3
224 225 3
224 226 3
224 228 3
224 254 3
224 287 3
225 229 3
226 227 3
226 228 3
226 257 3
227 229 3
227 230 3
228 230 3
228 231 3
229 231 3
229 232 3
229 233 3
230 274 3
230 275 3
231 235 3
231 246 3
232 282 3
233 234 3
233 235 3
233 237 3
234 235 3
234 236 3
234 237 3
235 236 3
235 237 3
235 239 3
235 276 3
236 238 3
236 243 3
238 239 3
238 242 3
239 241 3
240 241 3
241 244 3
241 294 3
242 244 3
242 246 3
242 252 3
242 302 3
243 244 3
243 245 3
243 247 3
244 245 3
244 247 3
244 248 3
245 246 3
245 247 3
245 249 3
246 248 3
248 251 3
249 250 3
249 310 3
250 251 3
251 252 3
251 253 3
251 329 3
252 253 3
253 254 3
253 255 3
253 331 3
254 256 3
255 256 3
255 257 3
255 258 3
256 257 3
256 259 3
256 307 3
257 261 3
258 259 3
258 260 3
259 260 3
259 261 3
260 262 3
261 262 3
261 263 3
261 265 3
261 283 3
262 264 3
263 267 3
263 275 3
264 266 3
264 267 3
264 268 3
265 266 3
265 267 3
265 269 3
266 267 3
266 268 3
266 269 3
267 268 3
267 269 3
268 270 3
268 271 3
268 272 3
268 302 3
269 271 3
270 271 3
270 273 3
270 298 3
271 275 3
272 274 3
272 275 3
272 276 3
273 274 3
273 275 3
273 276 3
274 275 3
274 277 3
275 276 3
276 277 3
276 279 3
276 280 3
277 278 3
278 280 3
278 281 3
279 280 3
279 281 3
279 282 3
280 281 3
280 283 3
280 318 3
281 282 3
281 285 3
282 286 3
283 284 3
283 285 3
284 286 3
285 287 3
285 289 3
286 287 3
286 288 3
287 289 3
287 290 3
287 291 3
288 290 3
288 291 3
289 290 3
289 292 3
290 291 3
290 293 3
291 292 3
291 293 3
291 294 3
291 295 3
292 293 3
292 294 3
292 295 3
293 295 3
294 295 3
294 296 3
294 297 3
295 296 3
295 297 3
295 298 3
296 297 3
296 298 3
296 299 3
297 298 3
297 299 3
297 301 3
297 311 3
298 299 3
298 302 3
299 300 3
299 303 3
300 301 3
301 302 3
301 303 3
301 313 3
302 303 3
302 304 3
302 306 3
303 304 3
303 305 3
303 306 3
303 307 3
303 320 3
304 305 3
304 306 3
304 307 3
305 306 3
305 307 3
305 309 3
306 307 3
306 308 3
306 309 3
307 308 3
307 309 3
307 311 3
308 309 3
308 310 3
308 311 3
309 311 3
309 312 3
310 311 3
310 312 3
310 313 3
310 314 3
311 314 3
312 313 3
312 314 3
312 315 3
313 315 3
313 316 3
313 317 3
314 316 3
314 317 3
314 318 3
315 316 3
315 317 3
315 318 3
316 317 3
316 318 3
316 319 3
317 318 3
317 319 3
318 320 3
318 321 3
319 322 3
320 323 3
321 322 3
321 323 3
322 323 3
322 324 3
322 325 3
323 324 3
323 325 3
323 326 3
324 325 3
324 326 3
324 327 3
325 326 3
325 327 3
325 328 3
326 327 3
326 328 3
327 328 3
327 329 3
327 330 3
327 331 3
328 330 3
328 331 3
329 330 3
329 331 3
330 331 3
330 332 3
331 332 3
