45 240 1
4 240 1
52 240 1
4 7 1
4 144 1
45 51 1
4 268 1
4 226 1
82 240 1
2 7 1
4 234 1
236 240 1
7 265 1
240 251 1
37 240 1
46 240 1
7 178 1
4 229 1
7 140 1
81 178 1
58 144 1
192 226 1
4 227 1
7 133 1
4 129 1
51 252 1
239 240 1
144 248 1
9 240 1
7 130 1
24 51 1
252 258 1
23 240 1
37 130 1
4 10 1
7 55 1
63 239 1
55 87 1
7 266 1
4 128 1
240 248 1
4 107 1
130 135 1
4 42 1
4 79 1
143 240 1
55 154 1
7 87 1
87 162 1
13 227 1
16 52 1
109 266 1
7 95 1
30 234 1
177 258 1
4 23 1
53 268 1
144 195 1
51 129 1
155 240 1
7 105 1
149 226 1
74 240 1
4 104 1
4 109 1
7 63 1
102 240 1
172 240 1
147 240 1
234 252 1
5 240 1
89 178 1
29 248 1
7 206 1
149 231 1
4 260 1
7 203 1
4 40 1
56 240 1
29 240 1
7 188 1
102 185 1
198 240 1
87 186 1
4 196 1
133 207 1
63 106 1
63 131 1
41 51 1
55 238 1
85 240 1
29 178 1
87 158 1
30 240 1
4 209 1
4 154 1
7 14 1
4 151 1
7 237 1
7 193 1
131 266 1
4 233 1
109 222 1
4 219 1
4 34 1
4 162 1
55 88 1
85 237 1
55 80 1
233 240 1
4 77 1
4 192 1
7 232 1
126 128 1
87 202 1
219 229 1
85 95 1
146 186 1
149 240 1
7 10 1
51 154 1
4 237 1
4 88 1
51 260 1
115 252 1
63 264 1
7 217 1
131 241 1
4 161 1
95 188 1
20 240 1
130 237 1
228 240 1
3 52 1
198 253 1
131 240 1
130 157 1
34 248 1
4 252 1
7 252 1
70 227 1
226 240 1
4 70 1
212 226 1
48 240 1
7 175 1
115 119 1
87 254 1
216 258 1
131 223 1
4 176 1
32 87 1
114 227 1
72 240 1
103 238 1
178 253 1
21 198 1
4 132 1
136 143 1
7 147 1
2 4 1
198 263 1
7 77 1
7 207 1
7 117 1
10 240 1
74 178 1
68 227 1
92 240 1
75 186 1
4 102 1
31 51 1
51 238 1
7 267 1
38 144 1
7 139 1
71 75 1
70 231 1
1 178 1
112 240 1
63 204 1
60 114 1
4 187 1
115 271 1
89 228 1
63 86 1
35 203 1
237 273 1
94 252 1
7 159 1
240 252 1
54 227 1
80 240 1
143 163 1
7 230 1
42 157 1
8 115 1
48 63 1
134 240 1
4 182 1
191 252 1
4 72 1
4 126 1
116 227 1
85 120 1
46 154 1
54 251 1
114 152 1
86 240 1
63 249 1
4 248 1
157 229 1
251 264 1
7 205 1
81 133 1
4 170 1
4 249 1
223 240 1
128 135 1
10 234 1
102 188 1
24 240 1
4 15 1
4 94 1
113 119 1
175 181 1
216 240 1
49 157 1
46 115 1
27 143 1
4 201 1
20 75 1
226 253 1
7 238 1
115 206 1
187 240 1
118 146 1
48 66 1
204 240 1
20 106 1
196 231 1
3 29 1
74 133 1
51 110 1
4 30 1
7 192 1
80 266 1
68 102 1
168 227 1
45 144 1
74 177 1
4 25 1
51 98 1
7 103 1
97 120 1
92 133 1
42 208 1
178 222 1
7 146 1
146 243 1
79 212 1
71 251 1
78 143 1
219 240 1
4 134 1
20 162 1
127 154 1
125 234 1
131 212 1
4 108 1
17 82 1
88 160 1
7 150 1
173 240 1
53 240 1
87 99 1
10 47 1
7 200 1
157 240 1
5 10 1
12 240 1
38 135 1
64 252 1
207 212 1
7 239 1
51 82 1
63 184 1
4 216 1
75 240 1
55 147 1
106 226 1
58 240 1
4 125 1
153 240 1
238 265 1
174 252 1
204 252 1
79 87 1
160 240 1
40 274 1
5 17 1
4 262 1
7 160 1
77 118 1
47 58 1
10 143 1
14 76 1
225 252 1
240 272 1
70 95 1
116 129 1
36 207 1
11 80 1
38 234 1
139 237 1
126 137 1
176 204 1
4 22 1
63 104 1
102 269 1
7 236 1
139 238 1
129 138 1
119 187 1
212 252 1
82 234 1
62 102 1
240 257 1
18 55 1
51 79 1
4 220 1
4 259 1
126 275 1
4 101 1
42 93 1
7 76 1
6 240 1
7 233 1
7 131 1
7 44 1
59 234 1
157 196 1
48 161 1
4 163 1
87 249 1
178 182 1
69 237 1
183 263 1
7 74 1
188 199 1
4 218 1
63 135 1
122 252 1
64 84 1
36 212 1
61 144 1
115 246 1
7 75 1
7 128 1
183 222 1
165 227 1
139 213 1
51 245 1
118 143 1
236 255 1
55 257 1
227 240 1
7 158 1
240 264 1
5 160 1
69 240 1
137 263 1
7 161 1
4 50 1
179 255 1
4 122 1
49 55 1
60 82 1
19 51 1
1 37 1
10 208 1
7 156 1
157 206 1
11 70 1
4 136 1
5 273 1
69 87 1
10 184 1
146 255 1
152 240 1
30 42 1
183 251 1
4 66 1
86 218 1
41 234 1
41 219 1
72 128 1
111 240 1
52 190 1
80 255 1
198 241 1
120 181 1
2 87 1
79 178 1
74 200 1
7 180 1
94 245 1
12 206 1
102 149 1
7 96 1
234 241 1
7 101 1
129 217 1
7 229 1
114 131 1
7 110 1
131 259 1
131 163 1
61 154 1
66 240 1
38 252 1
53 234 1
201 265 1
154 186 1
86 264 1
178 202 1
103 252 1
10 90 1
60 80 1
87 152 1
7 181 1
4 17 1
229 240 1
4 44 1
107 227 1
4 273 1
29 86 1
227 269 1
240 245 1
7 152 1
131 235 1
164 240 1
31 131 1
109 149 1
4 71 1
161 210 1
4 246 1
169 178 1
153 222 1
214 227 1
189 234 1
74 236 1
81 240 1
18 240 1
118 257 1
65 252 1
7 66 1
4 223 1
174 235 1
136 140 1
232 269 1
29 230 1
37 148 1
51 94 1
216 272 1
83 227 1
128 252 1
2 74 1
4 166 1
74 155 1
116 240 1
51 240 1
24 166 1
224 240 1
56 157 1
157 184 1
7 172 1
35 60 1
86 253 1
130 180 1
12 34 1
71 184 1
7 167 1
63 114 1
64 90 1
115 264 1
71 189 1
121 266 1
87 184 1
152 212 1
178 183 1
203 240 1
133 216 1
32 183 1
7 164 1
148 255 1
245 274 1
63 176 1
4 73 1
70 240 1
4 112 1
7 25 1
212 245 1
234 240 1
4 200 1
42 115 1
134 210 1
134 157 1
7 255 1
60 87 1
220 240 1
107 246 1
144 242 1
4 174 1
4 36 1
98 240 1
20 180 1
191 248 1
105 157 1
122 240 1
131 170 1
145 246 1
4 31 1
234 261 1
174 197 1
7 121 1
125 240 1
21 51 1
15 42 1
20 139 1
7 83 1
4 113 1
222 248 1
51 180 1
48 49 1
7 248 1
49 61 1
51 232 1
4 191 1
207 240 1
4 264 1
140 184 1
51 61 1
4 16 1
20 193 1
56 207 1
4 14 1
141 257 1
4 265 1
188 213 1
240 271 1
4 20 1
99 188 1
118 192 1
152 223 1
7 38 1
79 230 1
110 121 1
25 130 1
125 188 1
140 179 1
108 240 1
7 138 1
7 58 1
94 125 1
27 46 1
65 149 1
7 189 1
7 173 1
123 182 1
4 21 1
42 240 1
107 240 1
51 85 1
72 98 1
127 235 1
151 240 1
71 239 1
51 132 1
7 260 1
133 252 1
223 227 1
131 155 1
114 240 1
1 7 1
10 14 1
50 55 1
74 161 1
7 51 1
22 51 1
217 227 1
18 54 1
201 275 1
238 240 1
4 99 1
48 227 1
248 266 1
188 252 1
178 196 1
4 81 1
227 232 1
105 236 1
63 172 1
71 117 1
218 251 1
74 185 1
214 240 1
144 239 1
67 131 1
21 47 1
148 266 1
137 252 1
182 218 1
221 240 1
71 144 1
4 87 1
4 141 1
143 209 1
124 240 1
220 234 1
77 198 1
79 81 1
233 268 1
36 130 1
51 87 1
229 248 1
79 193 1
64 207 1
146 178 1
163 178 1
73 240 1
23 252 1
4 158 1
163 240 1
4 217 1
147 274 1
68 238 1
39 63 1
51 58 1
4 207 1
225 229 1
53 127 1
2 190 1
55 167 1
207 217 1
51 116 1
7 148 1
138 252 1
207 242 1
139 156 1
139 202 1
40 133 1
186 240 1
151 163 1
4 231 1
16 240 1
11 139 1
204 212 1
202 238 1
7 39 1
230 238 1
87 217 1
111 200 1
6 208 1
102 165 1
119 198 1
21 252 1
97 130 1
232 235 1
115 250 1
4 115 1
4 98 1
95 234 1
199 240 1
16 43 1
2 178 1
4 150 1
209 271 1
161 245 1
153 249 1
146 177 1
82 252 1
4 131 1
5 7 1
4 27 1
240 274 1
128 221 1
4 74 1
7 99 1
36 235 1
104 240 1
63 155 1
217 272 1
7 26 1
127 240 1
13 146 1
38 229 1
3 4 1
190 239 1
148 263 1
7 208 1
25 227 1
260 266 1
129 240 1
7 29 1
7 199 1
68 240 1
7 108 1
39 198 1
130 240 1
251 257 1
4 224 1
118 189 1
106 240 1
83 240 1
7 202 1
231 260 1
10 195 1
194 240 1
4 51 1
6 47 1
161 177 1
41 149 1
123 255 1
144 213 1
115 204 1
164 251 1
155 248 1
230 240 1
240 261 1
153 178 1
108 235 1
34 240 1
17 142 1
69 128 1
159 163 1
143 208 1
36 227 1
232 240 1
165 240 1
191 267 1
18 261 1
149 232 1
71 234 1
4 241 1
7 214 1
158 266 1
6 7 1
19 74 1
138 240 1
60 109 1
87 226 1
157 238 1
25 144 1
5 152 1
41 235 1
