10 280 3
225 271 3
171 280 3
10 109 3
195 225 3
10 30 3
66 225 3
217 280 3
225 328 3
128 280 3
10 86 3
6 128 3
110 225 3
7 30 3
30 44 3
86 280 3
10 81 3
30 111 3
44 128 3
128 188 3
81 189 3
111 266 3
30 145 3
10 268 3
86 258 3
100 171 3
30 137 3
89 225 3
203 225 3
128 322 3
77 225 3
10 36 3
81 89 3
10 310 3
76 189 3
30 264 3
74 86 3
72 225 3
25 86 3
7 44 3
119 225 3
81 316 3
109 303 3
10 61 3
36 81 3
225 284 3
10 113 3
171 217 3
115 188 3
128 275 3
142 217 3
12 109 3
10 94 3
30 272 3
112 225 3
10 164 3
272 302 3
165 280 3
204 217 3
30 314 3
30 93 3
86 101 3
11 280 3
7 31 3
115 289 3
160 225 3
36 225 3
128 218 3
30 55 3
109 127 3
2 225 3
77 240 3
252 280 3
79 225 3
49 218 3
119 151 3
10 126 3
133 225 3
208 225 3
32 302 3
143 289 3
44 96 3
81 228 3
60 328 3
126 227 3
10 231 3
103 328 3
128 330 3
143 298 3
74 302 3
30 326 3
156 280 3
33 302 3
163 271 3
128 268 3
5 128 3
141 225 3
156 265 3
119 309 3
19 227 3
109 325 3
5 225 3
13 231 3
55 225 3
30 307 3
77 86 3
109 185 3
30 275 3
30 328 3
10 80 3
61 117 3
29 77 3
174 225 3
104 289 3
115 328 3
10 77 3
30 255 3
89 296 3
217 226 3
245 309 3
44 46 3
119 201 3
156 209 3
142 218 3
107 189 3
64 225 3
139 225 3
36 177 3
128 277 3
81 327 3
185 280 3
217 281 3
55 277 3
26 280 3
18 163 3
30 172 3
46 255 3
110 177 3
280 283 3
61 271 3
77 222 3
113 128 3
115 307 3
145 328 3
174 242 3
47 128 3
55 266 3
83 217 3
94 203 3
9 280 3
109 252 3
181 328 3
244 272 3
92 280 3
30 310 3
101 324 3
10 125 3
120 228 3
107 177 3
56 222 3
15 326 3
36 99 3
30 225 3
192 225 3
44 178 3
131 309 3
184 240 3
118 280 3
6 30 3
55 250 3
100 217 3
9 77 3
225 308 3
55 183 3
18 24 3
115 128 3
225 273 3
33 158 3
15 89 3
14 77 3
189 323 3
302 308 3
10 205 3
86 210 3
115 231 3
33 55 3
44 94 3
30 97 3
165 225 3
36 70 3
12 77 3
164 305 3
81 274 3
158 280 3
6 224 3
143 178 3
51 103 3
70 302 3
55 124 3
55 224 3
67 81 3
49 55 3
267 328 3
49 225 3
33 173 3
53 225 3
41 76 3
16 101 3
42 55 3
77 103 3
116 305 3
225 288 3
94 180 3
56 328 3
145 225 3
30 232 3
225 278 3
156 242 3
100 288 3
177 279 3
217 276 3
156 325 3
30 295 3
128 191 3
54 203 3
75 164 3
33 281 3
44 283 3
171 267 3
55 57 3
30 174 3
158 217 3
42 225 3
19 280 3
133 218 3
115 138 3
10 222 3
44 303 3
255 280 3
210 266 3
217 259 3
146 225 3
23 240 3
22 275 3
299 307 3
103 128 3
177 268 3
94 258 3
163 225 3
197 228 3
211 280 3
67 77 3
280 300 3
207 299 3
286 328 3
25 225 3
10 267 3
30 163 3
112 217 3
30 304 3
107 218 3
126 146 3
165 254 3
88 225 3
225 310 3
38 96 3
128 308 3
302 321 3
144 225 3
128 140 3
269 326 3
189 226 3
230 280 3
42 224 3
7 97 3
225 258 3
81 130 3
14 225 3
53 224 3
55 287 3
33 60 3
19 225 3
16 177 3
128 130 3
173 225 3
208 266 3
62 225 3
9 211 3
81 264 3
72 326 3
67 171 3
163 246 3
46 265 3
178 222 3
143 268 3
77 217 3
10 27 3
54 163 3
9 238 3
99 267 3
109 269 3
77 132 3
10 34 3
38 225 3
10 223 3
88 315 3
96 109 3
177 272 3
115 145 3
57 225 3
12 146 3
67 299 3
39 61 3
30 195 3
110 141 3
95 226 3
281 289 3
115 129 3
81 292 3
212 315 3
97 161 3
77 203 3
80 84 3
245 258 3
88 90 3
101 215 3
190 269 3
27 328 3
19 73 3
46 253 3
94 209 3
128 234 3
156 180 3
71 203 3
66 94 3
42 327 3
52 328 3
218 244 3
128 325 3
51 151 3
143 327 3
48 74 3
52 225 3
213 225 3
37 225 3
83 112 3
114 133 3
215 310 3
96 225 3
55 286 3
30 301 3
29 264 3
225 226 3
253 280 3
31 148 3
30 135 3
77 115 3
119 320 3
36 178 3
229 315 3
55 306 3
10 250 3
44 127 3
55 201 3
94 311 3
107 199 3
185 241 3
64 128 3
32 164 3
225 231 3
156 241 3
16 280 3
176 267 3
9 112 3
17 165 3
208 224 3
101 122 3
127 276 3
15 242 3
49 208 3
158 278 3
4 11 3
96 318 3
1 113 3
32 49 3
82 94 3
30 313 3
111 304 3
25 154 3
69 189 3
52 77 3
280 289 3
13 328 3
14 86 3
10 122 3
55 268 3
160 171 3
189 311 3
291 325 3
66 104 3
44 166 3
109 233 3
26 244 3
272 328 3
236 268 3
147 225 3
55 141 3
142 308 3
44 196 3
10 41 3
44 243 3
30 54 3
30 99 3
94 141 3
62 128 3
183 213 3
62 167 3
19 162 3
109 210 3
104 146 3
30 327 3
169 181 3
42 47 3
232 288 3
200 246 3
55 198 3
283 310 3
111 318 3
10 225 3
180 211 3
167 328 3
177 327 3
50 225 3
30 211 3
225 305 3
44 47 3
55 244 3
57 80 3
162 267 3
128 159 3
86 96 3
128 199 3
30 42 3
287 328 3
95 325 3
112 128 3
156 174 3
92 163 3
30 226 3
58 76 3
55 210 3
88 155 3
44 217 3
128 172 3
55 104 3
61 148 3
109 238 3
10 136 3
73 286 3
225 326 3
225 257 3
86 249 3
126 289 3
30 224 3
259 326 3
126 194 3
82 189 3
233 327 3
30 61 3
155 280 3
34 237 3
120 191 3
206 327 3
6 251 3
38 62 3
44 275 3
10 275 3
101 228 3
116 225 3
130 297 3
107 287 3
86 227 3
116 126 3
300 327 3
164 181 3
103 115 3
101 255 3
250 328 3
203 227 3
140 225 3
48 325 3
74 150 3
184 302 3
30 254 3
103 225 3
284 325 3
30 250 3
2 44 3
225 248 3
111 118 3
122 225 3
189 328 3
77 140 3
97 257 3
189 209 3
30 151 3
55 118 3
181 280 3
158 277 3
48 145 3
151 221 3
26 77 3
68 77 3
120 284 3
88 163 3
114 225 3
126 245 3
33 189 3
231 294 3
5 87 3
175 328 3
139 293 3
228 299 3
115 282 3
128 143 3
196 225 3
224 225 3
310 328 3
225 247 3
30 188 3
177 328 3
78 113 3
167 287 3
138 325 3
225 292 3
10 212 3
238 280 3
225 268 3
30 293 3
29 30 3
25 214 3
55 65 3
217 285 3
29 203 3
40 327 3
44 175 3
30 52 3
25 44 3
218 225 3
183 212 3
88 269 3
84 116 3
77 282 3
7 34 3
174 249 3
201 280 3
102 328 3
181 269 3
10 292 3
81 147 3
30 40 3
55 238 3
165 282 3
224 256 3
19 137 3
10 163 3
29 55 3
52 90 3
141 263 3
77 262 3
207 328 3
188 257 3
86 314 3
77 332 3
184 189 3
189 236 3
77 97 3
70 227 3
153 225 3
83 268 3
170 225 3
203 247 3
220 299 3
30 157 3
15 225 3
33 212 3
10 69 3
23 88 3
8 30 3
30 48 3
68 103 3
141 214 3
116 167 3
70 328 3
27 99 3
280 306 3
44 161 3
32 246 3
10 315 3
56 225 3
148 181 3
177 202 3
94 274 3
214 268 3
116 191 3
257 325 3
288 302 3
156 249 3
177 255 3
101 203 3
69 114 3
194 283 3
33 165 3
232 327 3
49 302 3
280 326 3
33 224 3
318 327 3
174 187 3
193 280 3
60 218 3
30 203 3
20 163 3
217 225 3
128 148 3
215 268 3
248 302 3
18 188 3
55 231 3
68 221 3
5 280 3
109 201 3
87 328 3
106 109 3
44 203 3
85 280 3
133 154 3
195 218 3
40 76 3
10 176 3
101 139 3
130 280 3
255 302 3
175 280 3
30 191 3
99 225 3
309 323 3
15 195 3
49 207 3
141 223 3
321 328 3
36 268 3
53 54 3
176 302 3
90 176 3
30 126 3
182 269 3
6 161 3
15 149 3
77 119 3
247 280 3
299 304 3
109 203 3
28 221 3
86 278 3
74 234 3
8 328 3
203 311 3
10 171 3
99 108 3
180 225 3
33 184 3
225 246 3
115 225 3
151 326 3
30 62 3
146 193 3
77 331 3
30 331 3
43 305 3
300 328 3
154 295 3
226 248 3
189 217 3
16 55 3
220 240 3
225 297 3
86 129 3
199 328 3
33 64 3
155 225 3
110 117 3
78 280 3
94 158 3
55 311 3
40 77 3
55 296 3
217 303 3
16 289 3
213 269 3
80 149 3
206 304 3
29 128 3
81 99 3
55 223 3
217 269 3
205 296 3
60 128 3
207 308 3
234 331 3
65 225 3
115 266 3
280 329 3
23 225 3
146 253 3
180 243 3
22 67 3
152 311 3
10 155 3
143 158 3
30 332 3
109 228 3
86 182 3
103 166 3
225 242 3
10 221 3
119 163 3
30 168 3
28 225 3
70 114 3
158 163 3
146 308 3
23 115 3
165 239 3
225 236 3
255 256 3
1 224 3
275 307 3
148 193 3
115 116 3
61 225 3
97 158 3
99 262 3
225 304 3
227 313 3
111 128 3
25 55 3
229 252 3
225 314 3
239 315 3
195 328 3
55 66 3
217 279 3
30 200 3
21 151 3
46 194 3
84 283 3
61 89 3
220 225 3
100 109 3
29 119 3
10 249 3
51 69 3
106 151 3
10 60 3
132 199 3
60 316 3
218 258 3
15 37 3
227 316 3
46 120 3
128 240 3
76 80 3
155 260 3
10 28 3
113 202 3
276 278 3
108 227 3
30 34 3
173 274 3
62 75 3
138 310 3
115 180 3
23 250 3
94 146 3
16 68 3
268 328 3
13 225 3
86 267 3
37 328 3
142 315 3
94 188 3
52 67 3
189 281 3
23 275 3
126 170 3
80 90 3
36 294 3
10 188 3
210 253 3
176 283 3
241 328 3
77 274 3
159 225 3
234 332 3
9 173 3
41 127 3
280 301 3
38 81 3
55 78 3
188 306 3
115 312 3
43 126 3
99 183 3
225 266 3
33 329 3
176 328 3
13 199 3
151 168 3
2 302 3
86 140 3
51 58 3
29 263 3
80 225 3
55 156 3
209 282 3
6 312 3
82 273 3
151 202 3
138 262 3
83 225 3
128 289 3
225 298 3
81 116 3
10 261 3
213 328 3
183 225 3
35 141 3
95 327 3
35 242 3
36 258 3
128 318 3
217 311 3
55 234 3
35 143 3
153 295 3
24 214 3
10 297 3
118 128 3
89 291 3
30 230 3
145 237 3
10 159 3
135 225 3
81 103 3
174 298 3
77 210 3
174 250 3
114 177 3
94 179 3
137 225 3
77 107 3
107 192 3
97 266 3
97 329 3
209 226 3
123 128 3
56 250 3
55 85 3
10 119 3
16 225 3
55 199 3
148 154 3
22 236 3
9 271 3
90 317 3
85 327 3
122 238 3
77 156 3
106 217 3
313 314 3
126 261 3
128 332 3
111 262 3
33 96 3
44 131 3
23 280 3
217 277 3
142 227 3
85 136 3
10 19 3
110 313 3
122 211 3
53 125 3
136 244 3
10 185 3
78 306 3
187 328 3
30 286 3
95 238 3
101 145 3
95 256 3
39 239 3
260 264 3
128 178 3
119 294 3
280 286 3
228 314 3
199 283 3
66 128 3
30 140 3
177 190 3
81 254 3
34 225 3
105 280 3
86 224 3
81 214 3
30 133 3
74 279 3
274 316 3
75 281 3
72 200 3
62 271 3
70 108 3
188 268 3
64 328 3
30 100 3
309 327 3
217 328 3
30 215 3
77 305 3
127 258 3
67 232 3
86 166 3
16 86 3
10 170 3
35 171 3
184 272 3
3 79 3
179 280 3
33 313 3
33 117 3
158 171 3
10 128 3
39 86 3
29 281 3
156 284 3
50 55 3
24 184 3
51 128 3
55 172 3
77 81 3
73 207 3
48 78 3
55 263 3
10 318 3
182 221 3
30 246 3
33 109 3
225 249 3
64 186 3
228 300 3
41 115 3
77 157 3
139 282 3
130 275 3
70 89 3
146 179 3
68 251 3
138 273 3
128 210 3
50 127 3
82 280 3
48 319 3
128 298 3
58 272 3
240 308 3
86 116 3
51 325 3
161 184 3
113 225 3
130 156 3
66 280 3
77 85 3
33 191 3
225 269 3
55 289 3
199 302 3
274 328 3
56 111 3
225 274 3
114 149 3
117 305 3
30 231 3
94 128 3
203 237 3
121 331 3
212 254 3
225 295 3
128 222 3
158 254 3
77 295 3
32 141 3
47 86 3
15 30 3
128 248 3
118 225 3
104 328 3
36 84 3
142 317 3
59 329 3
111 142 3
42 300 3
8 128 3
124 332 3
2 30 3
86 253 3
89 269 3
86 95 3
64 110 3
55 170 3
225 240 3
309 328 3
134 225 3
13 274 3
172 225 3
71 137 3
77 230 3
256 331 3
126 286 3
242 322 3
74 222 3
124 138 3
135 280 3
36 203 3
94 279 3
8 280 3
48 152 3
128 137 3
217 251 3
3 73 3
30 196 3
4 46 3
36 198 3
30 117 3
204 225 3
174 231 3
18 202 3
42 145 3
128 131 3
242 295 3
94 153 3
113 281 3
104 169 3
109 315 3
104 309 3
40 174 3
44 120 3
77 260 3
221 315 3
19 173 3
139 189 3
30 323 3
6 315 3
126 209 3
81 328 3
87 225 3
101 214 3
225 303 3
87 145 3
30 316 3
225 245 3
156 184 3
123 328 3
9 305 3
162 203 3
82 276 3
138 161 3
172 174 3
30 121 3
278 281 3
117 156 3
48 298 3
10 92 3
300 323 3
30 187 3
93 231 3
130 324 3
230 245 3
206 217 3
179 217 3
277 328 3
81 165 3
71 189 3
207 225 3
86 120 3
30 150 3
30 164 3
10 23 3
225 237 3
112 126 3
143 150 3
