65 254 1
65 176 1
160 254 1
156 176 1
99 176 1
65 239 1
19 160 1
233 239 1
126 160 1
156 275 1
53 254 1
99 109 1
32 65 1
89 239 1
239 245 1
32 131 1
158 239 1
129 254 1
57 254 1
36 126 1
131 234 1
69 160 1
59 99 1
32 239 1
65 113 1
84 254 1
110 160 1
160 182 1
28 254 1
175 176 1
99 115 1
44 160 1
128 239 1
102 131 1
213 239 1
219 275 1
65 181 1
152 239 1
182 228 1
156 249 1
16 99 1
59 159 1
112 160 1
65 211 1
147 176 1
96 156 1
69 106 1
54 211 1
176 218 1
57 160 1
44 226 1
14 254 1
41 99 1
70 156 1
108 158 1
156 226 1
182 239 1
91 239 1
69 158 1
187 239 1
115 254 1
176 215 1
99 220 1
26 176 1
254 264 1
69 248 1
79 160 1
176 251 1
99 216 1
230 254 1
246 254 1
27 176 1
198 251 1
8 254 1
115 221 1
99 246 1
176 254 1
161 176 1
143 156 1
54 265 1
112 275 1
156 252 1
61 89 1
139 239 1
74 254 1
176 256 1
211 239 1
168 226 1
57 101 1
70 158 1
48 254 1
99 266 1
156 273 1
104 275 1
36 239 1
65 270 1
65 191 1
131 201 1
156 211 1
108 239 1
10 251 1
214 275 1
220 275 1
156 245 1
65 84 1
94 126 1
176 264 1
158 167 1
77 158 1
160 269 1
110 247 1
129 160 1
70 157 1
102 150 1
101 251 1
99 257 1
37 254 1
49 211 1
65 153 1
140 160 1
102 146 1
156 167 1
239 265 1
69 214 1
19 129 1
67 181 1
217 251 1
183 254 1
122 147 1
160 262 1
179 239 1
166 252 1
93 176 1
171 254 1
32 254 1
120 254 1
65 203 1
74 102 1
44 181 1
156 222 1
115 160 1
167 235 1
159 176 1
54 90 1
250 251 1
101 129 1
198 226 1
65 129 1
67 86 1
47 254 1
138 254 1
95 160 1
205 254 1
133 254 1
254 260 1
16 69 1
201 239 1
62 65 1
37 115 1
132 160 1
217 239 1
95 264 1
260 275 1
156 208 1
72 254 1
93 250 1
160 168 1
15 156 1
219 237 1
47 264 1
113 160 1
59 254 1
156 200 1
108 177 1
162 254 1
71 156 1
1 156 1
70 133 1
153 254 1
25 133 1
108 211 1
89 150 1
65 106 1
156 270 1
108 182 1
16 146 1
141 226 1
120 198 1
32 266 1
16 167 1
35 254 1
65 145 1
92 160 1
99 188 1
239 240 1
176 230 1
131 192 1
117 239 1
65 109 1
13 156 1
197 254 1
143 197 1
71 158 1
48 233 1
239 261 1
211 218 1
91 101 1
10 154 1
110 235 1
36 87 1
176 201 1
136 218 1
89 206 1
15 203 1
31 254 1
86 160 1
65 81 1
231 261 1
5 158 1
45 136 1
78 156 1
94 239 1
125 158 1
179 254 1
135 136 1
8 67 1
13 176 1
108 139 1
44 57 1
52 226 1
18 156 1
99 217 1
86 195 1
252 274 1
53 238 1
68 86 1
186 228 1
2 99 1
160 257 1
64 254 1
115 170 1
251 261 1
67 176 1
207 239 1
144 239 1
176 214 1
51 222 1
115 165 1
91 203 1
242 260 1
173 242 1
80 99 1
129 155 1
84 239 1
33 37 1
17 275 1
164 239 1
235 260 1
52 251 1
57 134 1
188 254 1
13 252 1
10 254 1
140 239 1
156 232 1
103 251 1
38 99 1
224 254 1
160 199 1
77 254 1
148 191 1
12 254 1
65 92 1
160 174 1
34 176 1
37 88 1
160 258 1
20 262 1
68 242 1
3 239 1
98 239 1
150 254 1
133 168 1
97 266 1
69 273 1
108 176 1
161 251 1
26 219 1
34 239 1
254 271 1
151 200 1
69 254 1
22 70 1
69 148 1
160 177 1
156 181 1
76 110 1
110 174 1
5 17 1
108 178 1
183 228 1
75 235 1
58 156 1
156 158 1
109 239 1
34 183 1
75 242 1
93 254 1
118 131 1
148 275 1
107 270 1
36 61 1
62 145 1
108 268 1
254 256 1
71 239 1
29 268 1
254 258 1
12 70 1
159 187 1
146 156 1
151 271 1
158 176 1
40 158 1
158 266 1
59 112 1
93 124 1
146 165 1
65 229 1
161 201 1
25 144 1
27 239 1
67 141 1
131 176 1
44 58 1
239 271 1
32 160 1
177 181 1
221 254 1
142 254 1
77 275 1
161 254 1
154 251 1
65 226 1
89 107 1
13 65 1
60 254 1
143 254 1
222 235 1
13 158 1
6 44 1
110 158 1
192 272 1
46 69 1
65 253 1
72 181 1
69 216 1
219 239 1
142 264 1
19 65 1
106 158 1
112 158 1
92 175 1
146 264 1
183 239 1
55 160 1
84 192 1
142 223 1
119 254 1
103 254 1
109 254 1
176 192 1
144 160 1
184 254 1
156 236 1
156 223 1
48 264 1
45 156 1
60 65 1
123 239 1
101 110 1
32 50 1
12 69 1
79 143 1
151 171 1
74 160 1
24 92 1
66 99 1
126 159 1
102 232 1
101 236 1
67 89 1
187 251 1
65 85 1
207 254 1
141 275 1
91 156 1
42 220 1
40 226 1
99 267 1
34 160 1
114 129 1
176 259 1
14 176 1
110 180 1
254 267 1
82 254 1
160 271 1
98 101 1
119 129 1
8 24 1
203 215 1
155 220 1
54 120 1
185 239 1
81 115 1
235 251 1
151 160 1
118 189 1
47 234 1
17 226 1
3 204 1
113 264 1
239 264 1
93 156 1
134 146 1
47 160 1
69 122 1
122 126 1
108 118 1
8 239 1
46 239 1
137 254 1
169 192 1
73 264 1
8 156 1
185 254 1
46 99 1
183 222 1
47 147 1
95 254 1
159 254 1
50 83 1
53 131 1
35 116 1
156 194 1
226 247 1
18 99 1
5 70 1
167 176 1
65 75 1
129 152 1
4 156 1
65 244 1
102 254 1
81 176 1
37 274 1
32 100 1
13 274 1
189 251 1
133 257 1
47 236 1
110 145 1
80 156 1
81 226 1
211 219 1
146 254 1
68 81 1
109 235 1
16 254 1
62 132 1
28 119 1
16 202 1
211 262 1
70 137 1
68 244 1
185 275 1
58 254 1
35 184 1
227 254 1
159 174 1
156 202 1
27 160 1
53 160 1
19 83 1
131 158 1
131 244 1
124 156 1
197 257 1
118 254 1
93 274 1
83 247 1
44 224 1
206 236 1
158 272 1
54 158 1
49 160 1
9 181 1
141 158 1
19 179 1
20 131 1
2 7 1
69 189 1
11 160 1
52 85 1
79 110 1
39 254 1
37 65 1
34 255 1
174 265 1
22 242 1
206 217 1
65 66 1
55 275 1
72 206 1
47 102 1
156 180 1
106 239 1
69 185 1
2 151 1
106 160 1
88 158 1
70 216 1
81 220 1
5 78 1
170 235 1
85 158 1
41 130 1
70 187 1
69 117 1
222 271 1
19 191 1
61 201 1
178 244 1
65 139 1
141 160 1
153 239 1
142 160 1
107 151 1
9 271 1
101 152 1
92 185 1
28 156 1
63 239 1
158 163 1
65 127 1
159 160 1
48 109 1
48 168 1
10 103 1
156 193 1
79 183 1
63 160 1
156 255 1
160 164 1
37 72 1
5 160 1
83 214 1
182 211 1
20 65 1
30 34 1
160 188 1
138 156 1
134 156 1
177 239 1
254 272 1
64 183 1
69 224 1
101 217 1
118 239 1
6 14 1
145 254 1
219 259 1
8 77 1
1 254 1
254 257 1
222 254 1
108 138 1
100 179 1
176 239 1
4 254 1
45 246 1
159 180 1
62 190 1
46 166 1
39 159 1
63 217 1
31 108 1
211 241 1
70 213 1
28 211 1
24 191 1
43 61 1
69 182 1
249 254 1
20 128 1
104 211 1
85 254 1
65 67 1
72 257 1
158 221 1
139 264 1
217 234 1
151 267 1
153 248 1
37 112 1
37 244 1
19 114 1
40 41 1
60 264 1
18 239 1
239 267 1
125 254 1
85 249 1
151 264 1
9 176 1
154 160 1
120 158 1
170 254 1
73 225 1
164 179 1
125 176 1
102 135 1
51 156 1
62 254 1
65 159 1
46 65 1
55 251 1
144 185 1
129 260 1
152 264 1
115 118 1
135 254 1
107 112 1
78 180 1
37 99 1
31 94 1
160 162 1
152 226 1
208 224 1
76 226 1
86 226 1
53 148 1
239 270 1
57 263 1
142 156 1
207 246 1
122 186 1
200 254 1
65 221 1
130 268 1
114 240 1
160 238 1
176 221 1
73 266 1
93 193 1
92 170 1
55 156 1
148 254 1
185 214 1
121 254 1
114 269 1
98 254 1
25 168 1
158 228 1
91 254 1
11 181 1
136 254 1
135 266 1
71 86 1
65 89 1
160 252 1
47 181 1
119 156 1
4 71 1
27 129 1
137 181 1
97 254 1
93 214 1
69 80 1
158 187 1
74 264 1
24 156 1
65 222 1
57 176 1
22 65 1
157 271 1
185 187 1
180 239 1
160 195 1
147 275 1
98 220 1
187 273 1
143 206 1
176 197 1
156 198 1
60 89 1
235 254 1
96 108 1
83 115 1
36 158 1
83 129 1
76 129 1
160 193 1
267 275 1
66 254 1
37 108 1
128 131 1
65 125 1
65 99 1
158 259 1
126 254 1
112 127 1
78 245 1
65 100 1
65 104 1
135 182 1
108 202 1
43 138 1
104 244 1
24 99 1
48 161 1
125 239 1
19 239 1
93 113 1
28 108 1
51 65 1
29 254 1
57 217 1
99 158 1
212 254 1
122 254 1
176 179 1
19 254 1
21 254 1
10 202 1
139 185 1
33 254 1
50 254 1
104 254 1
35 160 1
46 208 1
172 254 1
155 192 1
72 93 1
183 241 1
251 275 1
142 176 1
46 201 1
53 102 1
80 101 1
158 274 1
26 197 1
44 115 1
113 220 1
17 247 1
