1 156 5
1 259 5
2 57 5
2 99 5
2 106 5
3 158 5
3 275 5
3 276 5
4 71 5
4 99 5
4 123 5
5 137 5
5 168 5
6 41 5
6 128 5
6 158 5
6 203 5
6 275 5
6 288 5
7 217 5
7 256 5
8 10 5
8 82 5
8 126 5
8 265 5
8 284 5
8 352 5
9 22 5
9 183 5
9 221 5
10 43 5
10 56 5
10 65 5
10 71 5
10 88 5
10 118 5
10 151 5
10 154 5
10 167 5
10 178 5
10 218 5
10 254 5
10 294 5
10 302 5
10 318 5
10 344 5
11 58 5
11 102 5
11 160 5
11 216 5
12 110 5
12 254 5
13 125 5
13 184 5
13 356 5
15 155 5
15 203 5
15 269 5
16 222 5
17 67 5
17 76 5
17 172 5
18 22 5
18 65 5
18 252 5
18 254 5
18 317 5
19 90 5
19 108 5
19 139 5
19 160 5
19 200 5
19 254 5
19 301 5
19 317 5
20 128 5
20 172 5
20 223 5
20 311 5
21 46 5
21 160 5
21 173 5
22 25 5
22 112 5
22 160 5
22 198 5
22 207 5
22 318 5
23 156 5
23 196 5
23 254 5
24 301 5
25 54 5
25 187 5
25 216 5
26 61 5
26 160 5
27 201 5
27 216 5
27 279 5
28 137 5
29 170 5
29 221 5
31 254 5
33 99 5
33 211 5
33 326 5
34 58 5
34 62 5
34 69 5
34 185 5
34 201 5
34 214 5
34 254 5
34 286 5
34 330 5
35 239 5
35 276 5
35 310 5
36 274 5
36 353 5
37 91 5
37 97 5
37 173 5
37 199 5
37 254 5
37 271 5
38 49 5
38 190 5
38 193 5
39 206 5
39 213 5
39 254 5
40 87 5
40 125 5
40 269 5
40 274 5
41 99 5
41 160 5
41 254 5
41 294 5
42 135 5
44 53 5
44 64 5
44 75 5
44 92 5
44 123 5
44 200 5
44 327 5
45 78 5
45 310 5
45 338 5
46 143 5
46 201 5
46 239 5
46 241 5
46 269 5
47 147 5
47 295 5
48 51 5
48 65 5
48 151 5
48 163 5
48 168 5
48 195 5
48 209 5
48 321 5
49 205 5
49 211 5
49 275 5
50 92 5
50 118 5
50 181 5
51 61 5
51 100 5
51 222 5
52 64 5
52 220 5
52 276 5
53 99 5
53 100 5
53 130 5
53 162 5
53 183 5
53 257 5
53 258 5
53 355 5
54 129 5
55 77 5
55 96 5
55 172 5
56 183 5
56 204 5
57 81 5
57 134 5
58 140 5
58 166 5
58 176 5
58 237 5
58 241 5
58 296 5
59 105 5
59 112 5
59 155 5
59 183 5
59 278 5
60 89 5
60 321 5
61 109 5
61 156 5
61 178 5
61 223 5
61 322 5
62 223 5
62 255 5
63 101 5
63 193 5
63 239 5
64 240 5
65 66 5
65 78 5
65 121 5
65 125 5
65 127 5
65 143 5
65 159 5
65 163 5
65 177 5
65 215 5
65 251 5
65 255 5
65 338 5
65 347 5
65 355 5
66 99 5
66 165 5
67 86 5
68 86 5
69 119 5
69 230 5
69 239 5
69 261 5
70 86 5
70 213 5
70 269 5
71 102 5
71 149 5
71 181 5
72 206 5
73 175 5
73 217 5
73 223 5
73 225 5
74 118 5
75 77 5
75 126 5
75 130 5
75 158 5
75 198 5
75 235 5
75 254 5
76 239 5
76 266 5
77 112 5
77 176 5
77 187 5
78 156 5
79 218 5
79 254 5
80 99 5
80 175 5
80 180 5
80 185 5
80 211 5
80 234 5
81 115 5
81 160 5
81 185 5
81 191 5
81 354 5
82 252 5
84 86 5
84 183 5
85 156 5
86 183 5
87 326 5
89 106 5
89 181 5
89 186 5
89 203 5
89 235 5
89 254 5
89 318 5
90 99 5
91 160 5
91 226 5
91 243 5
91 275 5
92 116 5
92 240 5
92 254 5
92 356 5
93 94 5
93 95 5
93 110 5
93 250 5
93 259 5
93 317 5
94 158 5
94 208 5
94 232 5
94 254 5
94 255 5
96 160 5
96 294 5
98 220 5
98 232 5
99 107 5
99 119 5
99 129 5
99 134 5
99 138 5
99 161 5
99 179 5
99 188 5
99 207 5
99 212 5
99 215 5
99 227 5
99 234 5
99 238 5
99 244 5
99 245 5
99 253 5
99 261 5
99 284 5
99 300 5
99 324 5
99 337 5
102 232 5
103 122 5
103 156 5
103 160 5
103 209 5
103 222 5
104 196 5
104 233 5
105 128 5
105 131 5
105 195 5
105 318 5
106 177 5
106 222 5
106 235 5
106 287 5
107 176 5
107 181 5
108 156 5
108 160 5
108 173 5
108 212 5
108 281 5
108 334 5
110 122 5
110 137 5
110 140 5
110 146 5
110 240 5
110 261 5
110 288 5
110 315 5
110 357 5
112 260 5
112 288 5
113 220 5
113 226 5
113 267 5
114 144 5
115 155 5
115 251 5
116 191 5
116 195 5
116 220 5
116 260 5
117 210 5
117 263 5
118 256 5
119 183 5
120 221 5
121 128 5
121 285 5
122 274 5
122 343 5
123 168 5
123 277 5
124 177 5
128 239 5
128 276 5
128 291 5
129 181 5
129 223 5
129 254 5
130 183 5
130 239 5
131 242 5
133 156 5
133 354 5
134 254 5
134 324 5
135 254 5
137 158 5
137 160 5
137 224 5
137 254 5
137 345 5
138 254 5
139 169 5
139 199 5
140 210 5
140 211 5
141 275 5
142 176 5
143 236 5
143 264 5
143 295 5
145 187 5
145 233 5
145 254 5
148 216 5
148 220 5
149 191 5
149 226 5
150 252 5
152 254 5
154 274 5
155 156 5
155 205 5
156 176 5
156 200 5
156 202 5
156 219 5
156 232 5
156 235 5
156 236 5
156 254 5
156 270 5
156 359 5
156 360 5
157 248 5
157 264 5
157 313 5
158 213 5
158 342 5
158 364 5
159 160 5
159 230 5
159 285 5
160 176 5
160 181 5
160 185 5
160 212 5
160 214 5
160 219 5
160 230 5
160 234 5
160 240 5
160 252 5
160 257 5
160 293 5
160 295 5
160 302 5
160 312 5
160 343 5
160 354 5
161 239 5
162 169 5
162 238 5
162 338 5
163 183 5
163 204 5
164 209 5
164 239 5
165 317 5
166 284 5
167 350 5
168 342 5
169 239 5
169 249 5
169 274 5
171 235 5
171 278 5
171 290 5
173 196 5
173 286 5
175 224 5
175 233 5
175 257 5
176 197 5
176 206 5
176 214 5
176 235 5
176 238 5
176 240 5
176 244 5
176 296 5
176 305 5
176 337 5
177 197 5
177 306 5
177 356 5
177 361 5
178 181 5
178 240 5
178 338 5
179 275 5
179 286 5
181 192 5
181 258 5
181 261 5
181 268 5
181 323 5
183 207 5
183 218 5
183 228 5
184 298 5
185 200 5
186 254 5
186 319 5
189 212 5
189 274 5
189 275 5
191 201 5
191 212 5
191 217 5
191 240 5
191 280 5
191 322 5
191 323 5
192 254 5
193 254 5
193 260 5
193 311 5
195 223 5
195 228 5
195 260 5
195 272 5
195 349 5
199 226 5
200 328 5
204 271 5
206 219 5
206 254 5
206 323 5
206 356 5
208 252 5
208 254 5
210 285 5
211 257 5
211 266 5
211 304 5
213 354 5
214 216 5
214 221 5
215 219 5
216 256 5
216 295 5
216 356 5
218 254 5
218 323 5
218 324 5
219 224 5
219 252 5
220 239 5
220 265 5
222 260 5
222 286 5
222 298 5
223 228 5
223 239 5
223 312 5
224 289 5
225 295 5
226 248 5
226 250 5
226 260 5
226 320 5
227 247 5
227 282 5
229 275 5
230 254 5
230 275 5
231 254 5
231 349 5
231 352 5
232 254 5
234 354 5
235 267 5
235 313 5
236 242 5
237 285 5
239 245 5
239 248 5
239 270 5
239 275 5
239 276 5
239 320 5
239 329 5
239 332 5
240 328 5
245 254 5
247 249 5
248 271 5
249 275 5
249 282 5
250 256 5
252 274 5
254 269 5
254 270 5
254 276 5
254 283 5
254 287 5
254 297 5
254 302 5
254 319 5
254 320 5
254 328 5
254 355 5
254 357 5
254 358 5
254 360 5
255 286 5
255 295 5
256 293 5
258 363 5
259 335 5
264 285 5
265 363 5
267 295 5
268 309 5
268 319 5
268 326 5
275 278 5
276 330 5
279 344 5
283 316 5
290 292 5
293 325 5
294 354 5
299 304 5
235 386 5
104 183 5
156 335 5
354 366 5
25 339 5
108 239 5
67 156 5
76 367 5
106 377 5
203 239 5
184 243 5
128 207 5
41 389 5
68 189 5
65 175 5
24 276 5
274 286 5
139 274 5
92 195 5
82 384 5
20 70 5
156 237 5
99 292 5
135 396 5
19 140 5
40 158 5
45 179 5
254 323 5
26 52 5
200 305 5
215 342 5
99 295 5
254 289 5
22 180 5
177 312 5
160 330 5
214 313 5
144 386 5
176 269 5
212 338 5
63 198 5
41 199 5
163 343 5
160 204 5
175 254 5
99 221 5
65 277 5
41 244 5
10 320 5
9 160 5
85 206 5
233 239 5
234 388 5
158 261 5
90 393 5
33 126 5
49 362 5
256 366 5
195 232 5
18 50 5
103 242 5
61 218 5
178 301 5
197 239 5
8 141 5
166 334 5
29 177 5
349 355 5
180 290 5
200 250 5
128 257 5
194 342 5
191 308 5
103 162 5
183 301 5
160 249 5
34 223 5
101 183 5
64 254 5
13 282 5
94 176 5
41 68 5
137 275 5
99 111 5
89 396 5
128 365 5
150 206 5
78 275 5
14 133 5
191 292 5
162 369 5
212 241 5
174 178 5
235 379 5
118 171 5
352 354 5
59 156 5
83 252 5
11 119 5
136 158 5
57 65 5
112 306 5
143 160 5
99 308 5
175 208 5
32 183 5
269 304 5
77 144 5
263 319 5
157 354 5
36 354 5
184 226 5
160 253 5
35 154 5
55 374 5
81 390 5
150 156 5
10 23 5
99 307 5
256 284 5
297 343 5
53 389 5
143 366 5
158 365 5
72 318 5
176 303 5
37 341 5
22 396 5
285 393 5
94 174 5
186 212 5
292 384 5
249 364 5
286 297 5
160 248 5
2 277 5
183 385 5
4 389 5
48 189 5
63 177 5
181 255 5
44 113 5
8 268 5
10 232 5
36 248 5
270 274 5
152 162 5
24 317 5
36 338 5
108 146 5
53 254 5
34 191 5
239 361 5
213 226 5
41 310 5
63 253 5
156 303 5
279 348 5
320 365 5
69 219 5
99 312 5
15 135 5
65 395 5
56 329 5
254 353 5
225 237 5
239 265 5
165 232 5
276 377 5
16 330 5
110 297 5
89 340 5
123 181 5
128 265 5
254 330 5
112 144 5
343 349 5
114 318 5
37 183 5
239 384 5
252 304 5
263 300 5
230 252 5
150 160 5
40 71 5
43 275 5
93 200 5
213 254 5
38 238 5
156 330 5
59 77 5
19 246 5
81 270 5
10 12 5
92 218 5
122 342 5
99 153 5
20 54 5
254 267 5
178 334 5
275 286 5
66 317 5
22 106 5
151 222 5
198 240 5
64 384 5
94 335 5
132 257 5
254 268 5
74 160 5
183 297 5
85 135 5
91 101 5
62 358 5
65 67 5
191 398 5
40 225 5
40 82 5
41 386 5
281 323 5
269 337 5
81 202 5
49 266 5
251 262 5
44 110 5
271 354 5
261 376 5
36 332 5
89 180 5
44 369 5
68 213 5
217 254 5
160 194 5
107 231 5
76 324 5
91 381 5
176 387 5
53 378 5
10 61 5
363 384 5
99 198 5
156 213 5
156 161 5
140 246 5
53 225 5
192 275 5
94 101 5
142 171 5
58 104 5
260 365 5
141 183 5
69 128 5
81 136 5
128 298 5
8 311 5
124 335 5
68 98 5
92 306 5
177 272 5
207 236 5
5 254 5
200 278 5
38 88 5
239 375 5
67 220 5
67 92 5
13 266 5
6 239 5
232 367 5
115 287 5
22 215 5
55 275 5
110 307 5
183 240 5
120 156 5
50 158 5
89 129 5
236 241 5
20 397 5
19 156 5
48 94 5
41 76 5
70 252 5
54 316 5
241 294 5
255 268 5
57 250 5
40 352 5
109 203 5
91 254 5
46 332 5
181 189 5
125 372 5
61 266 5
235 255 5
30 275 5
156 390 5
254 364 5
41 156 5
10 317 5
8 65 5
269 340 5
197 275 5
10 125 5
89 304 5
277 377 5
8 274 5
176 265 5
38 333 5
156 306 5
202 311 5
99 219 5
99 192 5
152 160 5
18 262 5
44 229 5
210 331 5
14 198 5
61 354 5
166 172 5
89 251 5
206 285 5
241 361 5
99 384 5
48 272 5
89 239 5
36 98 5
183 394 5
68 241 5
58 256 5
96 254 5
68 281 5
33 315 5
117 203 5
1 99 5
209 215 5
203 312 5
77 290 5
184 205 5
31 76 5
200 364 5
183 224 5
6 208 5
36 137 5
158 313 5
110 329 5
175 375 5
66 338 5
310 341 5
7 239 5
10 59 5
232 375 5
177 195 5
183 249 5
35 210 5
183 254 5
99 287 5
65 272 5
137 361 5
124 266 5
15 261 5
204 274 5
41 323 5
86 400 5
7 181 5
108 368 5
303 350 5
159 223 5
10 142 5
45 95 5
58 103 5
223 386 5
149 233 5
200 279 5
99 321 5
85 105 5
236 260 5
19 168 5
181 207 5
254 278 5
101 274 5
4 214 5
105 364 5
239 253 5
80 254 5
220 235 5
82 149 5
253 323 5
85 177 5
160 211 5
171 266 5
20 186 5
74 338 5
28 160 5
33 247 5
53 280 5
318 341 5
183 250 5
153 242 5
140 334 5
143 356 5
37 297 5
194 304 5
58 389 5
162 387 5
37 63 5
19 378 5
60 323 5
123 364 5
8 72 5
88 251 5
251 365 5
46 91 5
212 263 5
226 238 5
108 304 5
32 190 5
241 397 5
131 156 5
65 334 5
58 329 5
250 322 5
6 401 5
63 217 5
8 114 5
52 65 5
19 178 5
214 364 5
8 20 5
98 206 5
99 338 5
92 135 5
91 183 5
162 254 5
285 353 5
113 377 5
204 253 5
167 334 5
254 306 5
160 271 5
160 191 5
226 400 5
36 48 5
110 171 5
296 305 5
25 183 5
55 317 5
89 329 5
53 202 5
37 116 5
64 350 5
92 117 5
254 350 5
160 364 5
226 268 5
8 147 5
128 130 5
167 288 5
64 343 5
29 160 5
36 299 5
54 58 5
168 254 5
261 270 5
25 262 5
6 271 5
236 334 5
240 387 5
285 351 5
85 251 5
211 323 5
140 174 5
20 176 5
35 330 5
198 388 5
155 226 5
156 255 5
2 356 5
112 231 5
218 261 5
230 302 5
234 365 5
87 140 5
254 304 5
65 210 5
40 183 5
40 347 5
57 156 5
162 240 5
15 178 5
207 397 5
65 146 5
212 387 5
13 239 5
176 275 5
112 336 5
146 160 5
160 260 5
6 52 5
187 200 5
367 390 5
156 241 5
53 348 5
295 354 5
156 169 5
18 30 5
35 270 5
57 327 5
23 207 5
156 248 5
51 226 5
268 388 5
160 375 5
81 343 5
191 228 5
254 326 5
44 131 5
184 211 5
76 332 5
24 144 5
218 385 5
165 245 5
69 82 5
64 115 5
212 303 5
241 278 5
120 233 5
89 114 5
200 206 5
226 371 5
29 211 5
36 133 5
132 238 5
144 317 5
95 389 5
254 293 5
226 255 5
275 293 5
282 326 5
64 67 5
6 27 5
276 303 5
64 242 5
130 398 5
26 37 5
115 319 5
72 106 5
338 360 5
216 398 5
74 216 5
230 239 5
175 357 5
41 279 5
183 336 5
160 222 5
85 179 5
312 315 5
65 89 5
99 258 5
6 298 5
240 331 5
54 68 5
129 385 5
167 312 5
110 147 5
183 356 5
383 384 5
12 239 5
8 356 5
18 29 5
306 397 5
114 183 5
13 397 5
261 345 5
44 241 5
6 112 5
5 223 5
31 226 5
247 274 5
65 310 5
11 241 5
54 346 5
134 318 5
98 276 5
98 176 5
176 372 5
14 338 5
119 334 5
66 156 5
147 240 5
176 210 5
48 99 5
289 329 5
77 344 5
85 99 5
122 254 5
91 297 5
238 360 5
39 215 5
89 130 5
114 220 5
98 354 5
100 261 5
135 312 5
99 341 5
88 239 5
210 398 5
31 99 5
33 158 5
127 208 5
160 261 5
145 312 5
210 339 5
61 370 5
274 300 5
56 212 5
32 37 5
46 257 5
99 143 5
118 176 5
78 297 5
20 246 5
142 252 5
84 244 5
102 254 5
295 320 5
112 176 5
177 251 5
28 334 5
33 272 5
99 206 5
170 304 5
6 276 5
40 254 5
125 160 5
95 274 5
158 245 5
156 377 5
236 376 5
216 296 5
3 176 5
99 113 5
119 126 5
147 384 5
64 215 5
130 295 5
176 371 5
99 318 5
187 291 5
44 398 5
281 308 5
56 211 5
156 310 5
48 173 5
69 99 5
42 99 5
155 160 5
173 200 5
194 364 5
23 98 5
99 397 5
62 251 5
82 220 5
190 254 5
176 385 5
91 272 5
50 252 5
122 220 5
141 238 5
10 123 5
215 398 5
223 348 5
232 354 5
256 383 5
264 325 5
65 233 5
110 111 5
219 326 5
318 367 5
96 364 5
1 116 5
226 296 5
101 254 5
172 254 5
44 160 5
13 235 5
64 341 5
55 331 5
101 338 5
160 336 5
159 204 5
323 361 5
183 243 5
116 118 5
36 377 5
182 239 5
45 296 5
282 345 5
58 183 5
173 285 5
156 221 5
165 181 5
92 326 5
91 239 5
22 99 5
106 266 5
31 239 5
103 181 5
71 99 5
61 327 5
98 238 5
25 101 5
125 211 5
116 305 5
34 135 5
150 235 5
229 236 5
183 247 5
386 398 5
63 160 5
64 200 5
37 122 5
118 181 5
25 331 5
191 253 5
320 337 5
144 297 5
1 35 5
8 60 5
168 376 5
99 135 5
160 244 5
330 343 5
164 231 5
355 393 5
281 318 5
114 236 5
66 345 5
38 275 5
183 221 5
282 318 5
143 310 5
239 359 5
96 384 5
8 19 5
53 230 5
17 256 5
280 356 5
33 305 5
32 128 5
107 160 5
98 299 5
156 182 5
317 373 5
304 387 5
75 362 5
65 84 5
254 345 5
99 356 5
73 271 5
23 44 5
10 13 5
206 216 5
1 254 5
201 265 5
39 156 5
61 331 5
69 106 5
40 358 5
64 133 5
99 286 5
18 99 5
41 86 5
46 135 5
15 150 5
43 210 5
8 63 5
147 254 5
160 251 5
183 309 5
113 166 5
51 106 5
82 138 5
343 347 5
53 277 5
10 341 5
148 296 5
177 385 5
213 326 5
18 261 5
154 323 5
115 211 5
56 328 5
44 376 5
62 77 5
152 238 5
39 275 5
128 177 5
46 176 5
20 102 5
42 214 5
158 381 5
22 347 5
218 293 5
15 72 5
59 242 5
266 393 5
44 115 5
131 357 5
67 287 5
66 366 5
53 88 5
157 206 5
155 386 5
12 395 5
61 253 5
129 140 5
65 226 5
58 160 5
25 356 5
207 254 5
321 364 5
13 38 5
82 327 5
35 161 5
64 199 5
76 292 5
130 151 5
241 270 5
63 396 5
53 233 5
41 297 5
4 177 5
5 81 5
156 214 5
185 370 5
156 292 5
108 328 5
195 277 5
251 398 5
32 216 5
94 308 5
36 367 5
78 128 5
328 370 5
55 221 5
195 393 5
17 384 5
61 100 5
13 34 5
124 318 5
61 302 5
156 328 5
167 227 5
23 65 5
175 214 5
91 180 5
121 294 5
36 350 5
44 394 5
181 317 5
218 370 5
108 321 5
137 263 5
61 83 5
88 275 5
151 252 5
99 109 5
165 239 5
151 362 5
8 196 5
69 80 5
211 264 5
160 166 5
156 205 5
69 135 5
266 315 5
64 91 5
8 137 5
11 364 5
215 395 5
216 401 5
76 395 5
99 123 5
216 280 5
38 343 5
158 231 5
178 224 5
44 301 5
20 104 5
107 212 5
111 377 5
183 401 5
209 236 5
160 309 5
259 282 5
219 346 5
40 165 5
108 143 5
190 304 5
51 146 5
19 111 5
318 376 5
107 111 5
89 270 5
176 248 5
75 398 5
239 280 5
80 236 5
249 379 5
99 144 5
317 353 5
215 221 5
160 323 5
160 372 5
40 193 5
292 388 5
78 130 5
217 325 5
268 288 5
17 33 5
339 346 5
334 384 5
80 143 5
60 221 5
37 256 5
3 22 5
177 308 5
297 309 5
63 382 5
184 254 5
99 106 5
166 196 5
268 299 5
69 382 5
8 49 5
13 278 5
12 99 5
96 323 5
275 303 5
99 368 5
98 214 5
348 349 5
171 269 5
315 360 5
172 251 5
129 305 5
153 234 5
6 379 5
158 249 5
48 302 5
40 160 5
206 363 5
110 321 5
247 293 5
168 261 5
116 156 5
46 361 5
160 273 5
