1 88 4
1 314 4
2 40 4
2 168 4
2 311 4
3 159 4
3 231 4
4 26 4
4 47 4
4 76 4
4 104 4
4 126 4
4 127 4
4 140 4
4 161 4
4 179 4
4 187 4
4 198 4
4 215 4
4 240 4
4 256 4
4 259 4
4 290 4
5 37 4
5 165 4
5 206 4
7 74 4
7 169 4
9 10 4
9 11 4
9 37 4
9 51 4
9 76 4
9 122 4
9 210 4
9 276 4
9 307 4
10 217 4
10 229 4
10 256 4
10 271 4
11 41 4
11 162 4
11 174 4
11 258 4
12 89 4
12 121 4
12 174 4
12 249 4
12 301 4
13 36 4
13 249 4
13 287 4
14 249 4
15 121 4
15 153 4
15 168 4
15 190 4
16 17 4
16 56 4
16 175 4
17 28 4
17 34 4
17 37 4
17 52 4
17 61 4
17 63 4
17 67 4
17 77 4
17 85 4
17 86 4
17 89 4
17 94 4
17 96 4
17 102 4
17 103 4
17 126 4
17 139 4
17 144 4
17 145 4
17 149 4
17 154 4
17 166 4
17 172 4
17 203 4
17 216 4
17 239 4
17 259 4
17 261 4
17 268 4
17 271 4
17 283 4
17 302 4
18 40 4
18 89 4
18 131 4
18 139 4
18 147 4
18 207 4
18 259 4
19 21 4
19 157 4
21 118 4
22 126 4
22 220 4
22 264 4
23 89 4
23 118 4
23 168 4
23 200 4
23 305 4
24 166 4
24 217 4
25 116 4
25 145 4
26 93 4
26 134 4
26 151 4
26 180 4
26 237 4
26 278 4
26 328 4
27 146 4
29 200 4
29 249 4
30 94 4
30 198 4
30 236 4
30 323 4
31 54 4
31 127 4
31 129 4
31 263 4
31 281 4
32 266 4
33 131 4
33 225 4
33 249 4
33 265 4
33 275 4
35 272 4
36 137 4
36 169 4
37 157 4
37 169 4
37 171 4
37 206 4
37 217 4
37 242 4
37 288 4
37 289 4
38 40 4
38 160 4
38 277 4
39 123 4
40 71 4
40 175 4
40 212 4
40 291 4
41 176 4
42 250 4
43 46 4
43 147 4
43 245 4
43 249 4
43 280 4
44 70 4
44 88 4
44 121 4
44 144 4
44 159 4
44 172 4
45 191 4
46 136 4
46 169 4
46 271 4
47 118 4
47 245 4
47 256 4
47 297 4
48 176 4
49 231 4
49 250 4
49 306 4
50 236 4
51 144 4
51 204 4
51 257 4
52 129 4
52 130 4
52 172 4
52 189 4
52 211 4
52 326 4
53 249 4
54 123 4
54 282 4
55 151 4
55 205 4
55 250 4
58 69 4
58 250 4
59 118 4
59 203 4
59 230 4
61 131 4
62 77 4
62 117 4
62 123 4
62 181 4
64 90 4
64 165 4
64 187 4
64 190 4
64 249 4
65 156 4
65 168 4
65 311 4
66 131 4
66 232 4
66 293 4
67 249 4
67 286 4
68 166 4
68 272 4
69 74 4
70 217 4
71 92 4
71 121 4
71 230 4
71 249 4
72 216 4
72 266 4
74 193 4
77 153 4
77 156 4
78 129 4
80 121 4
80 167 4
80 201 4
80 249 4
81 211 4
82 99 4
82 151 4
82 249 4
83 217 4
83 242 4
84 167 4
85 116 4
86 225 4
86 234 4
87 101 4
87 124 4
87 146 4
87 158 4
87 169 4
87 189 4
87 237 4
88 121 4
88 236 4
89 117 4
89 127 4
89 162 4
89 241 4
89 249 4
89 250 4
89 260 4
91 113 4
91 166 4
91 220 4
91 249 4
93 155 4
93 164 4
93 206 4
93 238 4
94 169 4
94 186 4
95 170 4
96 155 4
97 126 4
97 153 4
97 204 4
97 217 4
97 249 4
99 133 4
100 131 4
100 212 4
101 118 4
101 204 4
104 148 4
104 251 4
104 274 4
105 133 4
105 142 4
105 249 4
107 249 4
108 257 4
108 258 4
108 295 4
109 118 4
109 131 4
109 236 4
109 315 4
110 297 4
111 132 4
112 191 4
113 214 4
113 250 4
113 308 4
114 118 4
114 138 4
115 167 4
117 254 4
117 320 4
118 122 4
118 145 4
118 204 4
118 237 4
118 276 4
118 282 4
118 311 4
119 218 4
121 233 4
121 248 4
121 250 4
121 266 4
122 138 4
123 158 4
123 173 4
125 161 4
125 212 4
125 269 4
126 281 4
127 310 4
128 153 4
128 154 4
128 169 4
129 258 4
130 206 4
130 212 4
131 147 4
131 151 4
131 169 4
131 219 4
131 220 4
131 256 4
131 264 4
131 270 4
131 276 4
131 325 4
132 190 4
132 197 4
133 173 4
133 236 4
133 306 4
133 330 4
134 141 4
134 185 4
134 221 4
135 302 4
135 310 4
136 201 4
136 249 4
137 223 4
137 249 4
137 316 4
137 318 4
138 171 4
138 183 4
138 191 4
138 263 4
139 168 4
139 305 4
139 314 4
140 165 4
141 250 4
141 330 4
142 303 4
143 144 4
144 210 4
144 211 4
144 326 4
145 256 4
146 196 4
147 299 4
147 311 4
148 212 4
149 175 4
149 237 4
150 175 4
150 202 4
152 207 4
153 178 4
153 229 4
153 249 4
156 239 4
156 261 4
157 259 4
159 249 4
159 303 4
162 212 4
163 313 4
165 213 4
166 296 4
166 302 4
167 206 4
167 250 4
167 273 4
168 240 4
168 282 4
169 191 4
169 199 4
169 206 4
169 210 4
169 217 4
169 233 4
169 253 4
169 284 4
169 287 4
169 317 4
171 191 4
172 239 4
173 283 4
173 298 4
174 236 4
174 249 4
174 252 4
174 255 4
176 274 4
177 249 4
178 192 4
179 247 4
180 236 4
182 249 4
182 296 4
183 239 4
183 249 4
184 197 4
185 234 4
186 277 4
187 250 4
188 210 4
188 238 4
190 224 4
190 226 4
190 230 4
190 234 4
190 240 4
190 252 4
190 275 4
190 281 4
190 301 4
190 324 4
191 212 4
191 220 4
191 227 4
191 258 4
193 233 4
193 294 4
196 207 4
197 205 4
198 293 4
204 212 4
206 234 4
206 239 4
206 272 4
206 286 4
207 236 4
208 217 4
208 249 4
208 253 4
209 229 4
210 250 4
212 245 4
212 249 4
212 295 4
212 296 4
212 301 4
212 322 4
214 249 4
215 281 4
217 290 4
220 249 4
222 304 4
223 225 4
224 254 4
224 271 4
224 331 4
226 249 4
226 253 4
226 276 4
229 264 4
230 303 4
230 328 4
231 273 4
231 284 4
233 256 4
237 249 4
237 306 4
237 324 4
238 249 4
239 244 4
240 249 4
241 302 4
245 251 4
245 277 4
247 268 4
249 250 4
249 256 4
249 261 4
249 267 4
249 271 4
249 275 4
249 283 4
249 292 4
249 315 4
249 326 4
249 329 4
250 274 4
250 280 4
250 303 4
250 328 4
252 266 4
252 295 4
252 307 4
253 303 4
265 303 4
270 294 4
290 320 4
292 294 4
298 309 4
302 305 4
311 312 4
7 193 4
21 212 4
4 55 4
62 116 4
44 349 4
143 183 4
23 160 4
296 355 4
1 4 4
77 169 4
54 206 4
65 250 4
249 284 4
298 299 4
18 103 4
9 73 4
37 249 4
165 169 4
17 121 4
54 88 4
249 340 4
60 249 4
191 316 4
47 303 4
9 162 4
228 249 4
103 187 4
13 142 4
54 197 4
37 251 4
17 187 4
12 137 4
131 153 4
89 134 4
252 342 4
189 257 4
245 310 4
88 234 4
303 347 4
17 288 4
126 279 4
187 332 4
4 319 4
101 249 4
169 235 4
68 317 4
6 46 4
17 46 4
109 144 4
101 260 4
182 280 4
54 284 4
9 46 4
33 273 4
14 17 4
133 313 4
205 279 4
249 316 4
2 212 4
197 303 4
230 238 4
63 89 4
136 225 4
84 236 4
40 302 4
137 335 4
147 249 4
26 285 4
51 188 4
102 249 4
67 103 4
17 220 4
17 80 4
101 186 4
71 271 4
298 363 4
17 294 4
133 344 4
222 294 4
54 247 4
109 159 4
137 212 4
238 245 4
49 96 4
249 314 4
251 256 4
150 204 4
237 315 4
31 128 4
70 349 4
36 217 4
157 282 4
191 327 4
23 78 4
183 250 4
93 256 4
169 300 4
302 359 4
135 206 4
131 343 4
134 333 4
68 89 4
5 47 4
143 236 4
54 143 4
40 157 4
89 305 4
120 284 4
193 244 4
223 281 4
69 153 4
118 240 4
150 190 4
197 360 4
17 328 4
249 343 4
95 212 4
40 330 4
131 154 4
210 257 4
94 245 4
144 273 4
191 324 4
87 127 4
144 327 4
17 245 4
74 337 4
191 299 4
96 356 4
27 361 4
302 351 4
145 350 4
172 359 4
171 279 4
184 303 4
18 54 4
249 328 4
52 121 4
182 190 4
43 142 4
56 71 4
144 245 4
273 289 4
105 212 4
197 326 4
281 299 4
104 300 4
54 155 4
131 258 4
156 217 4
26 351 4
64 308 4
87 246 4
4 244 4
169 335 4
112 253 4
212 277 4
54 319 4
4 337 4
79 212 4
49 54 4
97 147 4
93 302 4
118 316 4
169 334 4
220 359 4
96 148 4
19 310 4
53 193 4
143 249 4
123 165 4
175 287 4
17 307 4
131 350 4
26 102 4
237 347 4
66 206 4
164 249 4
143 174 4
151 226 4
28 217 4
17 230 4
31 258 4
290 315 4
127 189 4
17 70 4
210 236 4
17 300 4
164 311 4
57 121 4
147 267 4
190 296 4
190 286 4
61 168 4
4 352 4
124 210 4
65 269 4
25 204 4
181 300 4
100 172 4
181 214 4
145 228 4
36 264 4
42 144 4
249 350 4
128 202 4
66 85 4
185 256 4
46 54 4
25 179 4
130 190 4
18 21 4
105 205 4
143 341 4
39 253 4
169 348 4
94 148 4
151 309 4
46 344 4
138 272 4
152 153 4
34 118 4
82 240 4
133 250 4
40 235 4
131 212 4
113 364 4
190 249 4
18 284 4
303 364 4
72 344 4
87 122 4
232 249 4
204 249 4
219 250 4
73 80 4
93 169 4
217 246 4
26 232 4
17 312 4
5 240 4
103 196 4
169 242 4
191 250 4
133 317 4
266 272 4
150 169 4
9 313 4
168 267 4
182 290 4
6 10 4
26 350 4
34 46 4
306 328 4
36 39 4
46 119 4
4 96 4
47 364 4
170 212 4
75 249 4
6 191 4
15 359 4
9 338 4
86 126 4
191 284 4
249 320 4
17 72 4
147 331 4
190 279 4
87 284 4
114 169 4
79 284 4
200 207 4
17 160 4
39 284 4
160 195 4
109 147 4
86 321 4
64 280 4
26 276 4
87 359 4
225 250 4
159 199 4
55 169 4
212 265 4
37 72 4
126 297 4
25 68 4
17 298 4
125 175 4
87 165 4
121 183 4
75 131 4
129 186 4
131 190 4
54 154 4
38 349 4
13 23 4
21 138 4
97 338 4
43 164 4
17 188 4
67 250 4
27 132 4
132 211 4
89 326 4
17 180 4
207 330 4
137 150 4
119 134 4
26 324 4
147 278 4
101 176 4
17 71 4
43 285 4
229 250 4
13 272 4
162 243 4
142 363 4
55 118 4
169 319 4
258 290 4
9 271 4
249 306 4
97 318 4
106 220 4
23 300 4
156 298 4
32 249 4
191 323 4
42 166 4
40 57 4
208 332 4
42 293 4
128 327 4
190 300 4
160 267 4
98 338 4
133 169 4
33 115 4
43 330 4
191 249 4
17 285 4
132 169 4
187 306 4
46 118 4
33 254 4
193 212 4
17 219 4
60 164 4
118 333 4
55 249 4
37 78 4
136 173 4
183 264 4
74 208 4
24 171 4
108 191 4
85 319 4
192 272 4
55 91 4
32 239 4
164 274 4
13 219 4
79 190 4
72 303 4
103 249 4
224 299 4
4 69 4
4 192 4
301 303 4
190 239 4
36 242 4
191 229 4
47 282 4
17 50 4
17 140 4
9 359 4
260 344 4
117 190 4
249 362 4
13 104 4
43 294 4
131 268 4
9 49 4
169 197 4
17 48 4
118 330 4
231 291 4
4 74 4
70 121 4
91 340 4
118 201 4
40 151 4
249 260 4
144 328 4
272 286 4
28 229 4
183 296 4
187 193 4
36 356 4
17 334 4
281 317 4
4 151 4
118 192 4
59 316 4
236 274 4
284 354 4
268 351 4
113 245 4
212 242 4
131 231 4
82 212 4
247 250 4
237 351 4
94 265 4
169 226 4
119 281 4
174 190 4
135 169 4
92 224 4
17 336 4
144 290 4
127 217 4
74 121 4
17 193 4
106 211 4
161 310 4
93 232 4
37 266 4
13 140 4
7 310 4
17 229 4
54 275 4
46 132 4
160 215 4
22 284 4
185 249 4
68 192 4
145 250 4
203 208 4
77 114 4
72 138 4
209 288 4
89 358 4
33 43 4
104 131 4
79 131 4
90 250 4
184 249 4
17 291 4
9 264 4
147 284 4
55 202 4
188 353 4
197 212 4
73 275 4
189 301 4
262 303 4
232 236 4
96 169 4
210 254 4
252 315 4
88 118 4
4 230 4
17 286 4
115 169 4
25 151 4
46 243 4
179 359 4
230 318 4
64 162 4
10 12 4
42 208 4
131 168 4
171 325 4
284 310 4
32 302 4
165 253 4
169 347 4
30 127 4
1 137 4
203 264 4
7 191 4
20 208 4
109 119 4
119 356 4
96 295 4
183 295 4
350 351 4
169 295 4
122 319 4
41 252 4
186 250 4
107 286 4
19 221 4
26 175 4
212 316 4
4 125 4
193 249 4
59 348 4
99 117 4
242 303 4
17 205 4
11 114 4
109 330 4
171 312 4
191 242 4
116 347 4
93 298 4
61 317 4
57 82 4
14 134 4
38 240 4
57 126 4
38 47 4
4 206 4
169 249 4
247 338 4
152 261 4
217 322 4
89 228 4
41 218 4
42 169 4
174 251 4
21 270 4
152 318 4
229 301 4
303 357 4
30 43 4
79 182 4
73 206 4
132 284 4
150 162 4
99 269 4
174 250 4
7 231 4
127 181 4
197 350 4
256 364 4
178 217 4
22 37 4
231 337 4
184 212 4
89 268 4
121 321 4
169 364 4
134 229 4
124 356 4
102 294 4
40 251 4
294 365 4
35 286 4
212 323 4
118 308 4
4 268 4
118 217 4
86 276 4
114 224 4
1 17 4
128 272 4
44 361 4
67 270 4
85 249 4
97 105 4
138 172 4
286 319 4
249 268 4
10 346 4
37 270 4
26 66 4
8 17 4
131 144 4
139 358 4
80 296 4
11 190 4
37 159 4
83 249 4
71 217 4
29 172 4
139 190 4
79 364 4
157 218 4
250 265 4
17 252 4
239 264 4
133 276 4
169 344 4
102 131 4
36 143 4
210 365 4
93 134 4
89 319 4
206 274 4
250 298 4
33 156 4
17 348 4
126 210 4
225 275 4
236 323 4
46 262 4
39 249 4
61 85 4
37 331 4
207 248 4
17 317 4
276 364 4
249 296 4
236 269 4
308 317 4
169 221 4
131 303 4
165 249 4
111 202 4
225 259 4
169 173 4
211 240 4
75 351 4
185 191 4
249 307 4
13 152 4
77 82 4
169 271 4
206 291 4
101 268 4
92 104 4
101 250 4
200 251 4
46 163 4
18 74 4
54 296 4
4 307 4
16 186 4
17 29 4
41 249 4
17 323 4
235 245 4
80 216 4
17 79 4
130 249 4
49 191 4
137 258 4
79 306 4
136 191 4
101 114 4
48 229 4
295 350 4
21 252 4
16 137 4
173 204 4
27 147 4
132 184 4
217 359 4
249 365 4
214 257 4
201 256 4
40 199 4
36 206 4
229 285 4
14 190 4
46 253 4
52 104 4
42 119 4
32 152 4
191 285 4
31 154 4
69 199 4
170 249 4
134 352 4
122 282 4
15 46 4
17 185 4
118 166 4
71 168 4
249 345 4
87 249 4
37 57 4
71 118 4
161 205 4
104 210 4
121 216 4
78 278 4
137 241 4
43 169 4
169 330 4
105 121 4
131 294 4
171 249 4
108 322 4
138 255 4
139 341 4
252 332 4
150 215 4
30 91 4
140 306 4
158 253 4
85 150 4
164 357 4
179 189 4
99 131 4
137 283 4
24 301 4
59 247 4
6 137 4
14 169 4
205 289 4
71 319 4
135 233 4
31 249 4
86 301 4
120 273 4
4 289 4
18 208 4
21 249 4
151 224 4
169 309 4
190 215 4
35 144 4
128 215 4
11 249 4
62 143 4
316 360 4
118 149 4
60 303 4
17 181 4
17 301 4
13 82 4
4 207 4
150 249 4
200 361 4
190 238 4
173 208 4
315 361 4
52 346 4
17 339 4
59 70 4
289 341 4
205 320 4
137 218 4
167 222 4
65 358 4
103 133 4
84 192 4
88 256 4
7 139 4
169 315 4
9 77 4
4 135 4
279 293 4
77 228 4
213 250 4
187 364 4
68 315 4
54 178 4
19 204 4
89 320 4
220 363 4
9 13 4
319 331 4
22 121 4
17 276 4
218 318 4
131 342 4
98 212 4
139 311 4
23 171 4
75 279 4
17 150 4
235 325 4
64 122 4
97 172 4
121 194 4
64 261 4
25 230 4
118 156 4
78 104 4
44 182 4
54 218 4
79 169 4
208 319 4
118 352 4
205 326 4
88 287 4
138 205 4
89 121 4
262 320 4
190 309 4
44 240 4
169 251 4
97 275 4
11 139 4
316 347 4
236 283 4
138 268 4
186 230 4
220 308 4
33 360 4
100 191 4
90 173 4
