63 105 1
53 105 1
63 135 1
63 64 1
17 64 1
63 260 1
64 265 1
105 119 1
53 64 1
64 254 1
256 260 1
64 88 1
64 163 1
64 117 1
64 230 1
53 251 1
62 64 1
44 64 1
117 221 1
64 201 1
64 184 1
260 268 1
105 185 1
119 216 1
53 255 1
105 235 1
105 264 1
222 230 1
61 64 1
39 64 1
63 228 1
57 63 1
41 216 1
63 95 1
145 251 1
105 212 1
48 62 1
55 64 1
64 255 1
216 256 1
224 235 1
104 212 1
64 259 1
14 105 1
64 77 1
66 105 1
53 166 1
11 260 1
105 202 1
103 230 1
64 190 1
172 230 1
15 64 1
64 141 1
64 65 1
64 200 1
64 95 1
5 230 1
26 64 1
45 77 1
64 107 1
64 271 1
64 70 1
64 232 1
141 232 1
202 260 1
62 68 1
230 235 1
64 261 1
64 121 1
64 228 1
179 235 1
64 143 1
2 64 1
64 86 1
64 218 1
64 161 1
64 126 1
230 263 1
64 215 1
64 139 1
91 256 1
64 233 1
63 120 1
86 245 1
64 114 1
15 36 1
105 214 1
50 265 1
53 273 1
105 216 1
64 231 1
10 260 1
57 260 1
114 121 1
69 230 1
2 230 1
64 90 1
99 230 1
46 105 1
61 146 1
84 105 1
166 260 1
120 230 1
64 168 1
35 64 1
64 83 1
190 270 1
51 63 1
88 235 1
64 160 1
55 235 1
184 269 1
212 230 1
64 189 1
64 124 1
23 216 1
64 96 1
77 230 1
63 112 1
64 183 1
8 64 1
23 105 1
64 246 1
25 268 1
53 80 1
64 267 1
105 114 1
53 124 1
64 214 1
5 226 1
85 235 1
84 230 1
64 79 1
53 152 1
185 217 1
64 80 1
64 165 1
154 232 1
61 79 1
64 182 1
72 232 1
26 105 1
29 112 1
4 105 1
21 105 1
165 217 1
105 275 1
72 105 1
3 64 1
4 146 1
31 64 1
8 105 1
64 251 1
113 260 1
64 105 1
105 269 1
95 105 1
63 84 1
110 230 1
63 263 1
87 230 1
105 262 1
64 209 1
185 231 1
60 166 1
264 274 1
203 260 1
64 210 1
55 94 1
64 67 1
105 124 1
64 101 1
64 151 1
64 94 1
117 252 1
6 235 1
97 141 1
133 231 1
63 209 1
182 242 1
61 165 1
105 253 1
64 85 1
72 174 1
260 266 1
36 260 1
64 137 1
64 240 1
180 216 1
114 262 1
7 105 1
62 260 1
220 254 1
190 230 1
64 92 1
228 275 1
64 91 1
64 173 1
64 87 1
64 81 1
16 64 1
25 53 1
10 182 1
64 135 1
64 208 1
2 95 1
150 230 1
61 230 1
61 226 1
64 188 1
64 248 1
44 141 1
30 64 1
104 113 1
61 182 1
105 168 1
68 70 1
105 224 1
21 216 1
64 250 1
105 207 1
64 132 1
64 69 1
135 192 1
45 216 1
64 256 1
114 152 1
84 204 1
64 123 1
94 117 1
64 270 1
165 256 1
106 231 1
152 268 1
58 87 1
64 258 1
230 267 1
64 131 1
64 98 1
124 267 1
64 104 1
7 64 1
141 216 1
48 272 1
64 158 1
64 191 1
21 212 1
64 149 1
64 129 1
145 255 1
48 53 1
54 85 1
56 240 1
41 64 1
64 93 1
85 117 1
61 224 1
23 83 1
63 149 1
105 136 1
64 82 1
106 205 1
5 45 1
64 253 1
64 238 1
36 250 1
105 118 1
51 53 1
7 119 1
129 163 1
40 64 1
64 192 1
72 125 1
77 189 1
54 126 1
105 226 1
63 250 1
105 165 1
64 186 1
105 248 1
3 61 1
153 226 1
43 105 1
63 251 1
64 223 1
64 130 1
87 221 1
231 256 1
64 221 1
212 269 1
64 273 1
113 185 1
64 84 1
64 71 1
59 146 1
122 230 1
54 185 1
61 164 1
61 190 1
64 72 1
64 180 1
23 198 1
63 106 1
203 216 1
82 130 1
64 245 1
4 64 1
64 241 1
64 155 1
64 133 1
75 230 1
73 105 1
104 145 1
229 230 1
82 105 1
18 64 1
63 215 1
93 202 1
64 156 1
53 254 1
26 213 1
64 172 1
95 256 1
80 185 1
42 230 1
124 186 1
124 150 1
64 195 1
80 121 1
82 252 1
61 89 1
105 135 1
101 260 1
64 154 1
62 206 1
189 245 1
235 268 1
86 124 1
64 175 1
64 252 1
78 256 1
157 256 1
72 183 1
119 260 1
1 64 1
19 120 1
141 214 1
20 235 1
186 240 1
64 125 1
64 266 1
67 230 1
211 256 1
62 200 1
85 228 1
105 243 1
64 152 1
36 141 1
231 257 1
67 133 1
26 195 1
243 255 1
124 227 1
79 105 1
51 64 1
74 216 1
105 175 1
1 63 1
35 230 1
105 143 1
63 75 1
105 249 1
105 129 1
175 256 1
64 110 1
64 226 1
37 208 1
63 134 1
235 269 1
59 64 1
168 231 1
207 231 1
129 184 1
64 111 1
3 176 1
63 198 1
40 105 1
62 218 1
101 204 1
32 235 1
89 212 1
3 191 1
168 256 1
12 105 1
200 256 1
105 191 1
235 260 1
128 260 1
8 260 1
27 155 1
29 63 1
64 177 1
129 156 1
118 124 1
39 80 1
25 105 1
63 236 1
56 61 1
80 116 1
108 113 1
129 150 1
228 256 1
236 260 1
105 196 1
33 105 1
105 238 1
64 166 1
117 164 1
6 64 1
75 148 1
53 205 1
112 115 1
37 62 1
64 264 1
221 230 1
64 113 1
40 216 1
53 161 1
83 109 1
183 230 1
137 230 1
14 230 1
53 164 1
63 234 1
64 144 1
13 82 1
200 223 1
68 165 1
53 258 1
57 105 1
136 230 1
207 271 1
85 177 1
64 234 1
26 204 1
70 165 1
63 168 1
117 213 1
86 260 1
14 152 1
8 253 1
17 223 1
61 153 1
19 172 1
254 260 1
153 154 1
5 84 1
28 36 1
128 235 1
36 90 1
7 201 1
54 105 1
46 51 1
156 186 1
83 105 1
70 90 1
37 84 1
64 148 1
114 217 1
61 122 1
14 260 1
85 245 1
64 260 1
95 234 1
101 221 1
64 181 1
7 161 1
182 270 1
185 207 1
14 120 1
40 268 1
53 206 1
178 184 1
64 74 1
173 230 1
53 184 1
64 120 1
125 211 1
64 100 1
36 139 1
187 268 1
28 105 1
18 55 1
235 264 1
11 59 1
35 141 1
105 110 1
105 227 1
30 105 1
216 231 1
64 145 1
64 66 1
149 235 1
50 114 1
8 197 1
64 185 1
108 230 1
26 218 1
27 64 1
82 160 1
11 164 1
8 273 1
72 131 1
104 243 1
2 216 1
217 230 1
24 230 1
48 146 1
8 222 1
24 64 1
15 121 1
72 154 1
64 272 1
230 234 1
73 231 1
181 201 1
107 175 1
91 155 1
97 104 1
168 180 1
37 230 1
61 168 1
64 247 1
15 175 1
230 233 1
105 113 1
150 182 1
37 64 1
10 63 1
118 230 1
72 113 1
64 274 1
134 242 1
191 235 1
119 143 1
112 261 1
61 152 1
160 214 1
64 167 1
73 145 1
63 94 1
77 108 1
118 217 1
14 44 1
11 105 1
89 200 1
68 145 1
55 61 1
58 64 1
7 261 1
47 88 1
120 235 1
249 273 1
73 224 1
180 243 1
114 163 1
72 127 1
76 105 1
15 259 1
32 64 1
118 216 1
63 235 1
26 188 1
56 105 1
43 265 1
105 230 1
105 186 1
27 180 1
72 150 1
37 242 1
8 79 1
53 200 1
113 131 1
63 93 1
93 260 1
186 230 1
223 261 1
24 152 1
230 246 1
169 253 1
231 274 1
26 223 1
2 101 1
64 118 1
144 260 1
97 119 1
64 269 1
121 258 1
105 232 1
163 260 1
2 134 1
125 230 1
64 239 1
67 141 1
64 138 1
142 230 1
104 238 1
153 216 1
136 183 1
161 193 1
115 202 1
67 105 1
142 168 1
64 204 1
78 259 1
105 176 1
64 199 1
152 206 1
59 272 1
122 141 1
258 260 1
183 239 1
8 230 1
4 13 1
64 207 1
124 158 1
62 93 1
128 264 1
63 197 1
49 64 1
194 204 1
71 188 1
212 254 1
56 251 1
51 148 1
118 236 1
1 180 1
70 231 1
38 64 1
175 235 1
250 271 1
133 153 1
28 72 1
141 273 1
63 243 1
25 51 1
152 250 1
64 262 1
104 131 1
31 189 1
21 91 1
230 261 1
169 260 1
61 205 1
41 165 1
25 64 1
43 190 1
55 265 1
105 160 1
111 134 1
220 230 1
230 238 1
105 164 1
9 64 1
4 223 1
11 230 1
98 168 1
64 106 1
79 218 1
133 138 1
26 139 1
57 154 1
34 64 1
41 209 1
82 171 1
64 150 1
134 270 1
24 273 1
246 256 1
59 270 1
8 244 1
53 260 1
30 163 1
61 106 1
53 210 1
105 155 1
113 147 1
60 105 1
62 103 1
103 105 1
4 230 1
105 158 1
82 198 1
76 101 1
230 237 1
2 106 1
105 152 1
12 146 1
64 134 1
18 35 1
101 105 1
86 249 1
27 97 1
125 135 1
212 260 1
230 247 1
64 225 1
64 103 1
105 142 1
124 269 1
16 25 1
63 129 1
95 177 1
230 265 1
223 256 1
64 89 1
30 189 1
16 114 1
101 230 1
32 67 1
46 235 1
5 134 1
150 202 1
30 230 1
64 193 1
37 153 1
56 231 1
90 265 1
85 120 1
77 81 1
59 262 1
78 254 1
159 235 1
116 260 1
82 145 1
99 155 1
151 207 1
89 93 1
35 82 1
155 232 1
29 53 1
8 212 1
69 141 1
64 122 1
44 268 1
90 167 1
118 249 1
195 205 1
18 236 1
241 262 1
64 162 1
95 168 1
162 271 1
68 153 1
17 265 1
