48 155 3
40 142 3
17 146 3
105 247 3
50 272 3
93 260 3
170 241 3
112 212 3
46 156 3
249 299 3
189 264 3
75 285 3
205 238 3
300 330 3
279 316 3
174 326 3
58 213 3
75 136 3
160 279 3
218 241 3
168 209 3
47 230 3
76 261 3
178 231 3
64 306 3
67 237 3
252 272 3
158 231 3
118 144 3
10 75 3
22 249 3
79 256 3
49 59 3
73 247 3
138 314 3
15 132 3
29 149 3
145 313 3
158 209 3
182 295 3
30 141 3
6 60 3
221 236 3
32 137 3
22 212 3
293 295 3
48 216 3
16 41 3
114 194 3
263 332 3
15 314 3
14 83 3
246 263 3
139 227 3
190 323 3
131 321 3
139 326 3
27 190 3
150 247 3
91 310 3
46 270 3
13 53 3
13 154 3
15 28 3
126 210 3
60 266 3
112 279 3
42 143 3
37 112 3
102 180 3
88 146 3
232 284 3
2 10 3
151 310 3
207 256 3
161 221 3
145 213 3
218 233 3
180 225 3
152 271 3
58 86 3
169 250 3
60 284 3
64 130 3
17 309 3
162 165 3
34 318 3
11 326 3
56 169 3
138 216 3
57 282 3
16 289 3
87 160 3
136 238 3
18 113 3
268 323 3
195 201 3
247 330 3
258 263 3
10 227 3
13 211 3
46 326 3
116 319 3
171 308 3
33 75 3
131 306 3
241 314 3
7 68 3
68 143 3
86 226 3
136 175 3
44 273 3
187 330 3
255 293 3
38 187 3
265 302 3
65 178 3
180 267 3
85 162 3
159 270 3
195 243 3
96 290 3
151 296 3
139 164 3
26 309 3
201 224 3
84 112 3
110 164 3
124 190 3
227 284 3
136 311 3
116 295 3
50 314 3
66 143 3
212 332 3
224 326 3
101 243 3
89 313 3
172 317 3
10 119 3
148 262 3
130 260 3
13 293 3
203 289 3
85 240 3
17 315 3
133 296 3
7 102 3
233 262 3
7 73 3
169 226 3
174 315 3
149 158 3
154 268 3
87 222 3
117 217 3
69 130 3
25 177 3
181 252 3
184 188 3
67 163 3
108 240 3
10 11 3
114 192 3
40 242 3
136 265 3
106 208 3
25 38 3
183 191 3
212 269 3
328 332 3
68 153 3
45 250 3
12 216 3
98 116 3
72 261 3
182 311 3
113 288 3
320 321 3
150 304 3
29 236 3
236 285 3
261 322 3
111 180 3
59 100 3
20 48 3
55 120 3
19 87 3
19 37 3
55 235 3
134 306 3
190 204 3
15 192 3
178 319 3
206 261 3
142 213 3
71 110 3
122 289 3
141 181 3
148 268 3
160 242 3
247 268 3
224 260 3
162 185 3
278 318 3
55 180 3
179 220 3
37 235 3
215 290 3
141 218 3
88 282 3
98 117 3
20 139 3
201 326 3
261 279 3
27 268 3
123 170 3
97 193 3
15 45 3
179 212 3
30 153 3
60 169 3
16 331 3
71 288 3
211 230 3
173 238 3
161 190 3
180 274 3
248 267 3
115 300 3
156 195 3
32 141 3
1 278 3
49 212 3
45 227 3
92 326 3
71 299 3
162 298 3
86 153 3
173 316 3
31 266 3
111 141 3
82 123 3
211 291 3
17 178 3
73 131 3
213 253 3
83 199 3
131 133 3
78 177 3
89 277 3
90 243 3
159 171 3
128 245 3
221 323 3
22 148 3
154 288 3
132 196 3
10 289 3
154 225 3
108 226 3
24 28 3
26 106 3
146 158 3
144 156 3
100 254 3
11 232 3
59 262 3
182 310 3
172 303 3
118 198 3
19 113 3
245 325 3
201 214 3
174 288 3
94 201 3
37 181 3
127 229 3
142 294 3
284 297 3
105 206 3
5 316 3
216 245 3
63 317 3
222 285 3
87 157 3
269 322 3
25 234 3
101 159 3
102 195 3
114 195 3
63 214 3
211 231 3
8 292 3
173 212 3
176 277 3
85 159 3
281 300 3
72 263 3
205 213 3
215 281 3
124 220 3
217 244 3
25 238 3
127 322 3
20 23 3
82 321 3
140 237 3
164 293 3
99 133 3
43 275 3
47 329 3
21 278 3
92 267 3
128 139 3
11 225 3
87 112 3
134 223 3
79 275 3
48 265 3
67 205 3
113 287 3
111 149 3
109 252 3
195 271 3
157 161 3
133 157 3
153 204 3
22 138 3
150 165 3
57 196 3
80 282 3
88 133 3
30 172 3
140 211 3
83 214 3
169 206 3
22 116 3
35 199 3
50 313 3
130 225 3
25 138 3
261 287 3
98 228 3
66 262 3
45 261 3
44 318 3
73 130 3
177 221 3
22 307 3
28 236 3
234 310 3
93 324 3
175 190 3
47 145 3
171 272 3
228 274 3
148 216 3
156 313 3
44 141 3
8 242 3
147 321 3
52 118 3
139 148 3
161 258 3
122 286 3
99 316 3
107 307 3
191 201 3
84 238 3
13 174 3
97 287 3
69 312 3
102 224 3
145 293 3
32 122 3
20 153 3
204 269 3
57 75 3
271 315 3
60 155 3
138 188 3
79 214 3
32 269 3
82 116 3
94 95 3
190 289 3
26 49 3
90 150 3
50 169 3
121 215 3
91 287 3
27 60 3
78 117 3
16 22 3
19 176 3
75 126 3
153 234 3
7 265 3
10 88 3
23 48 3
182 257 3
133 230 3
202 222 3
38 300 3
102 191 3
158 281 3
56 218 3
133 308 3
249 254 3
148 272 3
92 222 3
65 245 3
71 295 3
178 304 3
78 145 3
246 260 3
46 321 3
77 190 3
44 267 3
125 228 3
65 305 3
120 326 3
190 301 3
111 252 3
67 217 3
228 302 3
209 286 3
91 141 3
238 276 3
22 314 3
227 302 3
281 291 3
273 277 3
148 207 3
241 295 3
252 305 3
245 268 3
45 93 3
12 133 3
76 269 3
45 331 3
127 164 3
224 251 3
194 217 3
49 198 3
19 135 3
3 92 3
32 229 3
280 296 3
188 239 3
158 259 3
114 160 3
172 322 3
122 158 3
184 233 3
58 102 3
141 198 3
36 228 3
112 285 3
1 229 3
32 309 3
68 271 3
34 87 3
100 233 3
51 258 3
88 229 3
3 168 3
10 324 3
7 87 3
110 113 3
90 240 3
25 211 3
26 230 3
60 182 3
137 288 3
103 113 3
239 293 3
101 193 3
48 120 3
13 18 3
101 297 3
246 299 3
175 188 3
194 210 3
181 242 3
88 224 3
102 331 3
112 148 3
91 128 3
184 250 3
20 299 3
205 217 3
232 237 3
199 317 3
24 330 3
216 320 3
18 49 3
205 206 3
83 143 3
318 324 3
209 324 3
322 331 3
31 231 3
137 278 3
121 306 3
49 87 3
245 265 3
145 212 3
116 169 3
11 192 3
33 147 3
50 99 3
195 304 3
6 174 3
54 80 3
45 329 3
288 327 3
106 286 3
11 25 3
66 303 3
20 316 3
152 229 3
283 284 3
121 293 3
67 303 3
99 232 3
117 251 3
69 232 3
222 242 3
196 237 3
233 321 3
160 197 3
114 147 3
92 302 3
124 273 3
27 77 3
228 292 3
163 255 3
179 215 3
165 203 3
103 106 3
142 263 3
273 331 3
41 82 3
161 277 3
149 277 3
97 105 3
13 164 3
138 235 3
175 261 3
95 251 3
207 306 3
66 130 3
136 244 3
7 264 3
289 328 3
29 259 3
99 301 3
59 177 3
5 50 3
4 247 3
20 74 3
6 19 3
76 103 3
160 277 3
4 254 3
195 210 3
227 261 3
259 283 3
92 111 3
88 289 3
85 266 3
30 205 3
144 174 3
35 67 3
8 28 3
6 26 3
33 109 3
21 193 3
53 276 3
34 168 3
154 181 3
96 332 3
107 131 3
30 87 3
17 114 3
47 243 3
35 101 3
164 329 3
31 208 3
150 216 3
76 310 3
10 161 3
182 184 3
122 156 3
125 156 3
198 243 3
4 6 3
54 118 3
60 146 3
163 302 3
113 184 3
4 109 3
211 267 3
59 85 3
14 36 3
95 160 3
263 297 3
7 196 3
6 240 3
82 249 3
85 106 3
143 174 3
138 206 3
197 209 3
40 272 3
52 86 3
89 143 3
77 80 3
138 219 3
81 233 3
93 160 3
57 247 3
10 110 3
16 63 3
17 144 3
42 264 3
105 148 3
184 205 3
61 231 3
170 321 3
141 162 3
82 220 3
158 301 3
25 159 3
117 201 3
35 318 3
93 328 3
76 144 3
80 263 3
139 194 3
122 287 3
218 305 3
79 116 3
285 320 3
205 224 3
13 313 3
63 305 3
131 232 3
31 176 3
151 209 3
194 212 3
185 305 3
109 248 3
39 48 3
186 327 3
116 152 3
60 290 3
9 59 3
293 325 3
46 198 3
26 185 3
130 157 3
38 207 3
83 125 3
5 188 3
40 197 3
225 229 3
196 287 3
184 282 3
255 301 3
281 317 3
212 325 3
7 205 3
206 304 3
310 322 3
119 329 3
5 54 3
68 181 3
42 113 3
150 263 3
37 47 3
189 265 3
64 272 3
48 123 3
16 265 3
45 169 3
177 296 3
162 302 3
49 287 3
193 290 3
110 184 3
76 237 3
64 114 3
75 85 3
176 268 3
212 224 3
1 314 3
64 173 3
111 316 3
215 248 3
126 180 3
10 84 3
24 165 3
231 324 3
39 92 3
222 281 3
24 201 3
127 234 3
7 131 3
182 228 3
40 66 3
300 313 3
40 296 3
23 60 3
74 275 3
120 190 3
122 193 3
49 145 3
26 279 3
64 136 3
4 38 3
158 286 3
27 332 3
34 311 3
130 207 3
116 135 3
36 166 3
3 205 3
62 331 3
147 325 3
112 297 3
116 160 3
109 141 3
26 164 3
125 316 3
78 167 3
114 141 3
40 329 3
46 67 3
166 201 3
161 331 3
83 156 3
123 155 3
65 189 3
147 320 3
112 178 3
227 285 3
257 313 3
202 288 3
65 332 3
151 185 3
77 246 3
184 325 3
250 285 3
39 119 3
36 194 3
78 121 3
185 268 3
2 266 3
93 297 3
179 297 3
23 111 3
197 318 3
225 261 3
77 317 3
313 332 3
183 322 3
194 305 3
11 21 3
59 231 3
49 186 3
169 172 3
108 263 3
34 109 3
80 208 3
111 330 3
194 230 3
42 96 3
43 81 3
119 294 3
28 61 3
34 144 3
84 142 3
292 296 3
12 142 3
146 234 3
100 328 3
41 261 3
112 289 3
74 111 3
164 323 3
221 314 3
105 317 3
23 147 3
61 65 3
45 108 3
9 171 3
70 78 3
29 316 3
94 304 3
217 324 3
65 90 3
32 121 3
22 106 3
185 231 3
16 40 3
86 120 3
109 276 3
186 260 3
89 213 3
17 304 3
52 302 3
115 262 3
154 209 3
14 128 3
145 217 3
176 330 3
5 19 3
156 201 3
204 217 3
115 209 3
4 310 3
110 237 3
237 326 3
128 322 3
262 293 3
16 97 3
186 279 3
50 315 3
100 177 3
244 248 3
245 314 3
7 318 3
208 264 3
55 61 3
12 95 3
263 267 3
72 168 3
44 228 3
34 81 3
10 24 3
100 277 3
66 326 3
82 85 3
91 249 3
72 248 3
161 255 3
12 57 3
38 50 3
66 313 3
52 249 3
124 247 3
84 211 3
19 84 3
42 244 3
93 157 3
38 82 3
67 176 3
257 283 3
41 152 3
93 319 3
112 254 3
89 241 3
210 265 3
46 251 3
97 190 3
105 167 3
170 220 3
159 315 3
146 253 3
120 265 3
201 222 3
66 222 3
173 188 3
242 259 3
3 133 3
74 176 3
108 253 3
283 298 3
26 61 3
112 314 3
165 202 3
67 281 3
201 280 3
67 132 3
21 54 3
188 275 3
6 295 3
35 168 3
168 221 3
53 90 3
265 332 3
126 252 3
292 329 3
137 238 3
57 118 3
17 141 3
239 298 3
186 207 3
86 258 3
139 173 3
28 198 3
82 204 3
116 322 3
130 291 3
48 203 3
182 202 3
228 232 3
121 191 3
144 177 3
96 200 3
113 295 3
8 201 3
134 330 3
55 83 3
59 227 3
142 176 3
83 299 3
178 257 3
224 313 3
123 250 3
128 291 3
234 271 3
135 329 3
17 138 3
29 65 3
218 278 3
118 192 3
29 96 3
86 90 3
179 272 3
232 238 3
77 261 3
60 83 3
125 306 3
292 295 3
17 88 3
173 250 3
26 227 3
84 166 3
115 244 3
68 129 3
60 186 3
88 320 3
201 325 3
97 140 3
91 328 3
19 298 3
48 73 3
117 330 3
273 289 3
209 331 3
44 171 3
46 322 3
66 212 3
229 325 3
60 326 3
25 53 3
245 264 3
61 114 3
157 176 3
173 266 3
58 153 3
145 204 3
25 201 3
261 298 3
77 260 3
41 94 3
18 140 3
3 30 3
19 274 3
231 264 3
1 175 3
166 316 3
106 296 3
199 201 3
39 121 3
54 193 3
17 257 3
5 41 3
45 185 3
42 258 3
20 32 3
82 302 3
31 159 3
97 304 3
203 304 3
28 304 3
45 263 3
71 137 3
227 255 3
191 267 3
214 245 3
169 303 3
134 270 3
75 196 3
107 175 3
135 176 3
76 293 3
206 299 3
177 309 3
169 256 3
68 134 3
125 186 3
124 332 3
47 314 3
226 232 3
77 315 3
15 122 3
36 197 3
130 210 3
223 264 3
53 218 3
144 178 3
120 184 3
22 273 3
9 295 3
74 148 3
133 197 3
68 180 3
98 173 3
27 324 3
24 325 3
114 226 3
38 261 3
87 230 3
58 120 3
18 110 3
5 81 3
109 207 3
120 228 3
49 82 3
42 236 3
149 289 3
158 216 3
56 255 3
82 309 3
246 301 3
105 139 3
2 62 3
232 319 3
44 148 3
19 85 3
73 276 3
85 279 3
52 204 3
20 94 3
61 102 3
206 218 3
237 261 3
140 213 3
262 306 3
101 287 3
32 103 3
16 19 3
2 84 3
272 314 3
55 88 3
173 215 3
1 186 3
15 44 3
205 249 3
264 265 3
137 270 3
70 174 3
130 317 3
246 307 3
75 103 3
54 200 3
97 136 3
18 324 3
139 306 3
226 290 3
28 92 3
280 318 3
278 282 3
70 294 3
145 198 3
3 55 3
281 324 3
185 228 3
121 122 3
99 143 3
117 218 3
197 213 3
108 273 3
79 151 3
81 108 3
28 225 3
119 130 3
228 316 3
79 109 3
54 196 3
254 308 3
122 250 3
66 299 3
88 307 3
187 325 3
150 303 3
14 130 3
