2 422 1
5 2 1
3 422 1
5 3 1
5 422 1
3 2 1
2 1 1
3 1 1
1 422 1
7 6 1
5 1 1
6 1 1
9 8 1
7 2 1
6 2 1
6 3 1
6 422 1
6 5 1
19 18 1
12 11 1
18 16 1
16 10 1
14 12 1
19 11 1
14 11 1
21 20 1
17 16 1
19 10 1
16 13 1
18 15 1
19 12 1
18 10 1
19 16 1
17 11 1
15 10 1
11 10 1
17 10 1
15 12 1
18 11 1
8 5 1
8 1 1
17 12 1
8 3 1
9 1 1
20 12 1
21 15 1
21 12 1
21 13 1
21 5 1
16 15 1
22 422 1
23 6 1
20 6 1
15 11 1
24 8 1
19 17 1
19 6 1
13 11 1
15 6 1
17 6 1
19 15 1
17 13 1
15 14 1
26 20 1
26 25 1
17 14 1
30 29 1
28 27 1
27 17 1
30 28 1
13 12 1
14 13 1
30 27 1
29 28 1
29 27 1
26 18 1
31 4 1
18 4 1
19 4 1
34 33 1
36 33 1
36 35 1
35 33 1
31 24 1
36 34 1
35 34 1
40 38 1
38 37 1
40 37 1
39 35 1
39 36 1
39 33 1
39 34 1
42 41 1
29 26 1
41 38 1
41 40 1
42 38 1
33 32 1
39 26 1
39 37 1
40 26 1
44 39 1
36 26 1
43 32 1
37 26 1
47 46 1
32 31 1
47 31 1
46 32 1
47 32 1
47 43 1
46 43 1
47 37 1
35 31 1
33 31 1
46 37 1
44 33 1
41 32 1
43 41 1
38 34 1
37 34 1
48 40 1
48 37 1
48 41 1
48 34 1
50 49 1
52 51 1
44 32 1
54 53 1
55 54 1
55 53 1
56 54 1
58 57 1
45 44 1
45 31 1
57 56 1
31 29 1
60 59 1
62 52 1
59 57 1
60 56 1
62 57 1
62 58 1
58 52 1
57 52 1
64 63 1
66 64 1
66 63 1
62 56 1
65 63 1
66 65 1
65 64 1
68 67 1
66 56 1
69 67 1
69 68 1
65 56 1
64 56 1
63 58 1
65 58 1
64 58 1
66 58 1
64 57 1
70 57 1
70 58 1
68 61 1
73 58 1
73 72 1
70 67 1
71 69 1
71 68 1
73 71 1
71 70 1
71 58 1
71 57 1
63 56 1
65 61 1
76 75 1
76 74 1
75 74 1
74 72 1
73 66 1
70 69 1
67 58 1
70 64 1
70 65 1
69 65 1
70 68 1
65 57 1
69 66 1
72 70 1
72 57 1
73 70 1
73 57 1
75 56 1
78 77 1
81 80 1
80 79 1
78 61 1
83 82 1
85 84 1
85 83 1
85 82 1
77 61 1
86 82 1
85 78 1
85 61 1
88 87 1
84 78 1
93 79 1
92 91 1
92 79 1
89 78 1
94 89 1
87 79 1
87 86 1
79 78 1
91 79 1
92 86 1
95 86 1
96 79 1
94 79 1
94 93 1
96 86 1
93 88 1
98 97 1
96 95 1
100 97 1
100 99 1
94 92 1
93 92 1
93 91 1
96 91 1
100 94 1
91 86 1
95 91 1
96 92 1
97 91 1
100 98 1
100 91 1
100 96 1
98 91 1
1 422 1
8 3 1
5 3 1
9 3 1
9 4 1
9 5 1
7 3 1
8 4 1
4 2 1
8 6 1
8 2 1
8 7 1
8 5 1
9 2 1
6 5 1
7 2 1
5 4 1
5 2 1
13 10 1
9 6 1
14 10 1
14 13 1
14 11 1
14 12 1
13 12 1
12 11 1
18 10 1
18 12 1
6 3 1
18 11 1
17 15 1
18 14 1
17 10 1
15 11 1
18 15 1
9 8 1
6 2 1
16 11 1
16 15 1
18 16 1
3 2 1
17 14 1
17 11 1
18 13 1
16 12 1
11 10 1
15 10 1
17 16 1
17 12 1
16 10 1
13 11 1
15 12 1
15 14 1
16 14 1
4 3 1
6 4 1
16 8 1
16 13 1
7 4 1
7 5 1
20 19 1
9 7 1
18 17 1
19 15 1
19 12 1
20 15 1
20 12 1
17 13 1
12 9 1
21 8 1
21 15 1
21 11 1
21 12 1
21 1 1
17 422 1
21 17 1
12 422 1
12 1 1
23 22 1
42 24 1
42 25 1
42 26 1
44 27 1
28 27 1
28 25 1
44 25 1
44 28 1
34 26 1
27 26 1
33 26 1
27 24 1
34 27 1
42 27 1
31 25 1
31 28 1
44 31 1
36 24 1
34 32 1
32 30 1
36 33 1
34 31 1
33 24 1
37 33 1
30 25 1
38 28 1
42 38 1
29 25 1
36 29 1
43 29 1
40 30 1
40 24 1
41 33 1
43 35 1
43 33 1
42 34 1
44 34 1
38 32 1
43 36 1
39 36 1
28 26 1
44 24 1
40 38 1
36 35 1
44 36 1
30 26 1
43 41 1
31 24 1
28 24 1
37 27 1
39 35 1
32 31 1
34 28 1
30 28 1
44 33 1
44 43 1
38 26 1
36 12 1
32 26 1
31 26 1
41 12 1
43 24 1
39 24 1
35 24 1
35 33 1
31 27 1
43 12 1
39 33 1
38 30 1
38 31 1
42 36 1
41 25 1
42 41 1
40 39 1
40 35 1
36 25 1
26 24 1
41 24 1
34 24 1
29 24 1
34 29 1
34 33 1
43 39 1
36 26 1
37 25 1
35 30 1
37 34 1
33 25 1
36 32 1
36 27 1
37 24 1
42 39 1
43 34 1
43 30 1
38 35 1
37 36 1
32 27 1
30 27 1
33 32 1
41 30 1
44 29 1
39 29 1
42 31 1
43 38 1
40 32 1
40 37 1
29 26 1
37 32 1
41 38 1
38 33 1
38 36 1
34 25 1
39 26 1
37 30 1
31 29 1
35 32 1
25 24 1
39 28 1
27 25 1
41 40 1
44 26 1
35 26 1
35 34 1
35 31 1
32 25 1
39 25 1
42 37 1
39 32 1
39 34 1
42 28 1
40 25 1
36 34 1
41 29 1
33 29 1
36 28 1
43 28 1
43 42 1
33 31 1
43 31 1
41 36 1
42 33 1
32 29 1
41 31 1
43 17 1
42 35 1
43 11 1
43 16 1
40 36 1
41 32 1
30 24 1
33 27 1
31 30 1
46 45 1
41 27 1
44 35 1
37 35 1
48 47 1
20 2 1
39 27 1
43 23 1
38 37 1
39 30 1
40 29 1
40 31 1
44 39 1
36 30 1
36 31 1
43 25 1
38 25 1
44 40 1
42 40 1
41 35 1
51 49 1
42 29 1
40 34 1
40 33 1
33 30 1
34 30 1
40 27 1
50 44 1
38 29 1
49 46 1
50 26 1
35 27 1
50 33 1
50 41 1
50 30 1
50 35 1
38 27 1
50 38 1
50 25 1
50 32 1
47 5 1
48 5 1
19 8 1
50 39 1
50 40 1
47 36 1
48 36 1
47 34 1
48 43 1
47 26 1
47 42 1
48 42 1
46 7 1
21 20 1
35 25 1
50 37 1
50 27 1
30 29 1
41 37 1
43 37 1
43 40 1
47 21 1
50 31 1
54 38 1
54 41 1
54 24 1
52 29 1
57 53 1
43 32 1
52 34 1
54 50 1
54 42 1
52 30 1
52 36 1
54 36 1
42 30 1
52 26 1
55 30 1
52 27 1
54 25 1
55 25 1
55 42 1
55 54 1
55 36 1
55 37 1
50 34 1
52 50 1
52 31 1
55 34 1
41 34 1
55 41 1
54 37 1
55 33 1
52 46 1
55 29 1
50 24 1
54 40 1
54 27 1
54 32 1
38 24 1
54 43 1
57 46 1
52 37 1
43 27 1
52 38 1
55 43 1
54 52 1
56 34 1
38 19 1
50 29 1
46 26 1
46 34 1
46 27 1
46 31 1
37 31 1
54 33 1
41 26 1
56 46 1
54 31 1
51 33 1
49 33 1
52 42 1
60 59 1
59 58 1
60 58 1
61 32 1
62 61 1
64 63 1
72 64 1
69 32 1
69 65 1
72 65 1
72 63 1
71 65 1
67 66 1
68 66 1
68 67 1
71 69 1
71 63 1
70 32 1
73 70 1
74 32 1
74 73 1
74 70 1
75 74 1
75 70 1
78 75 1
84 70 1
84 73 1
78 74 1
84 74 1
76 75 1
75 73 1
79 78 1
86 79 1
86 76 1
71 64 1
72 71 1
65 63 1
86 75 1
71 58 1
83 80 1
81 80 1
81 70 1
80 32 1
81 32 1
83 70 1
73 32 1
79 32 1
86 83 1
75 32 1
79 74 1
86 73 1
78 73 1
84 79 1
86 78 1
78 32 1
86 70 1
80 79 1
32 23 1
80 22 1
84 78 1
76 68 1
76 70 1
83 79 1
83 32 1
84 76 1
86 84 1
76 74 1
69 58 1
86 74 1
65 62 1
65 58 1
70 64 1
86 64 1
84 64 1
74 64 1
78 70 1
76 73 1
65 59 1
83 67 1
84 75 1
65 64 1
81 79 1
62 32 1
65 32 1
83 75 1
78 76 1
83 76 1
87 86 1
71 62 1
87 74 1
84 32 1
87 84 1
72 69 1
72 59 1
87 70 1
83 81 1
87 67 1
87 61 1
84 66 1
72 70 1
81 62 1
79 61 1
83 61 1
68 62 1
87 73 1
67 62 1
80 62 1
73 66 1
70 68 1
79 76 1
84 67 1
81 76 1
79 75 1
81 75 1
86 81 1
81 78 1
87 76 1
80 74 1
81 74 1
84 81 1
80 70 1
86 66 1
76 69 1
86 68 1
77 63 1
63 61 1
83 74 1
87 68 1
87 63 1
66 62 1
77 61 1
80 78 1
85 62 1
79 67 1
67 32 1
80 75 1
66 64 1
66 63 1
68 63 1
63 62 1
83 62 1
75 61 1
71 66 1
71 68 1
76 32 1
84 83 1
85 65 1
89 85 1
89 59 1
91 90 1
92 60 1
92 85 1
98 97 1
92 89 1
100 99 1
89 65 1
92 65 1
103 101 1
102 101 1
103 102 1
99 97 1
99 98 1
99 96 1
105 104 1
106 104 1
106 103 1
109 108 1
95 94 1
110 94 1
111 107 1
107 95 1
111 109 1
112 109 1
115 114 1
114 113 1
116 114 1
116 115 1
115 113 1
116 113 1
114 112 1
113 109 1
109 105 1
114 105 1
116 104 1
118 117 1
119 117 1
119 118 1
120 111 1
122 121 1
122 120 1
120 116 1
120 115 1
116 111 1
115 109 1
120 109 1
122 113 1
124 123 1
125 124 1
123 114 1
123 113 1
123 101 1
130 129 1
128 127 1
132 131 1
135 132 1
135 131 1
132 129 1
132 130 1
131 129 1
135 129 1
134 133 1
137 136 1
138 137 1
138 136 1
139 138 1
135 130 1
134 130 1
133 130 1
131 130 1
139 137 1
139 136 1
138 134 1
136 133 1
136 131 1
136 129 1
138 132 1
136 132 1
138 133 1
139 133 1
134 132 1
133 131 1
135 133 1
140 138 1
144 143 1
142 140 1
142 132 1
140 128 1
142 138 1
142 133 1
140 133 1
140 131 1
140 130 1
142 128 1
145 141 1
140 136 1
142 136 1
136 130 1
141 133 1
136 134 1
141 134 1
148 146 1
140 137 1
137 133 1
137 127 1
137 132 1
142 137 1
133 132 1
153 152 1
153 151 1
151 150 1
154 153 1
152 151 1
151 148 1
159 155 1
156 155 1
158 155 1
160 155 1
146 125 1
160 125 1
157 155 1
154 152 1
158 157 1
162 161 1
163 161 1
163 162 1
160 145 1
159 157 1
160 141 1
140 127 1
159 158 1
161 142 1
161 140 1
164 140 1
157 151 1
162 140 1
160 144 1
157 156 1
161 137 1
159 151 1
160 127 1
144 141 1
169 166 1
162 139 1
168 167 1
161 127 1
157 153 1
155 151 1
158 151 1
154 150 1
155 150 1
157 150 1
159 150 1
158 154 1
148 147 1
166 153 1
149 133 1
169 159 1
169 157 1
166 157 1
162 127 1
166 151 1
164 162 1
162 142 1
169 151 1
161 128 1
166 147 1
157 154 1
157 147 1
154 151 1
159 147 1
155 153 1
156 153 1
155 152 1
170 149 1
170 144 1
149 130 1
169 147 1
153 150 1
156 150 1
172 171 1
156 152 1
154 148 1
158 156 1
156 146 1
175 174 1
161 136 1
162 131 1
156 151 1
156 154 1
168 140 1
142 139 1
149 134 1
173 146 1
173 148 1
143 140 1
136 127 1
162 130 1
129 128 1
163 129 1
144 140 1
162 133 1
170 140 1
170 135 1
140 129 1
160 149 1
138 127 1
139 127 1
168 127 1
167 127 1
139 128 1
144 136 1
161 133 1
160 136 1
144 127 1
161 134 1
140 139 1
163 133 1
149 142 1
177 149 1
170 165 1
178 142 1
170 160 1
176 142 1
176 149 1
178 133 1
176 133 1
162 149 1
149 127 1
176 138 1
163 127 1
161 149 1
163 149 1
178 137 1
149 128 1
177 176 1
161 145 1
155 154 1
177 133 1
171 151 1
149 141 1
178 134 1
175 145 1
176 145 1
164 127 1
144 137 1
174 145 1
164 144 1
161 144 1
163 144 1
149 143 1
162 144 1
164 161 1
171 152 1
149 144 1
143 137 1
162 128 1
143 136 1
176 141 1
138 128 1
149 138 1
163 138 1
180 179 1
159 153 1
177 145 1
149 139 1
175 162 1
175 161 1
175 163 1
136 128 1
175 128 1
145 132 1
175 149 1
176 130 1
174 136 1
175 137 1
175 136 1
149 137 1
141 130 1
157 152 1
174 138 1
149 136 1
176 160 1
179 138 1
180 138 1
180 139 1
179 139 1
137 128 1
159 154 1
161 132 1
161 135 1
143 128 1
157 133 1
144 128 1
159 133 1
150 133 1
145 133 1
159 156 1
165 161 1
179 175 1
171 145 1
175 138 1
171 154 1
170 138 1
171 165 1
136 135 1
170 136 1
145 131 1
170 143 1
170 139 1
170 137 1
143 138 1
165 132 1
143 139 1
144 139 1
160 151 1
165 160 1
160 131 1
151 145 1
160 130 1
144 138 1
157 129 1
176 170 1
171 129 1
171 135 1
170 133 1
172 133 1
179 170 1
158 150 1
168 155 1
168 159 1
168 144 1
175 133 1
167 144 1
176 143 1
178 139 1
133 128 1
167 128 1
162 141 1
165 162 1
181 144 1
151 144 1
175 139 1
181 128 1
168 139 1
165 144 1
183 182 1
158 145 1
158 141 1
177 143 1
159 141 1
159 145 1
160 159 1
177 144 1
189 184 1
186 184 1
185 184 1
189 185 1
186 185 1
189 186 1
177 175 1
183 165 1
176 175 1
189 187 1
188 187 1
187 186 1
187 185 1
188 185 1
189 188 1
188 186 1
160 158 1
177 136 1
177 138 1
170 131 1
170 132 1
178 175 1
176 161 1
176 163 1
176 162 1
187 184 1
173 127 1
178 149 1
190 189 1
190 188 1
183 132 1
190 184 1
177 162 1
190 129 1
190 182 1
190 183 1
188 184 1
190 187 1
188 183 1
189 183 1
188 182 1
181 174 1
176 128 1
188 130 1
173 163 1
181 163 1
181 161 1
181 173 1
190 149 1
190 130 1
173 161 1
189 162 1
149 131 1
143 131 1
189 163 1
149 135 1
176 131 1
188 128 1
173 162 1
175 173 1
190 173 1
181 143 1
176 173 1
138 130 1
178 132 1
178 173 1
175 132 1
188 149 1
174 132 1
161 131 1
181 176 1
174 163 1
178 162 1
164 163 1
185 138 1
188 176 1
176 139 1
188 143 1
188 139 1
177 139 1
188 144 1
181 177 1
176 144 1
188 138 1
189 143 1
190 186 1
190 138 1
189 138 1
189 139 1
190 139 1
187 139 1
178 161 1
191 189 1
183 138 1
190 162 1
178 164 1
178 163 1
191 188 1
188 175 1
191 138 1
187 182 1
193 192 1
1 422 1
3 2 1
6 5 1
8 7 1
11 10 1
14 13 1
13 12 1
14 12 1
10 9 1
16 15 1
18 17 1
19 17 1
20 17 1
19 18 1
22 21 1
20 18 1
23 22 1
20 19 1
26 25 1
29 27 1
30 27 1
30 28 1
29 28 1
28 27 1
30 29 1
33 31 1
34 32 1
34 31 1
34 33 1
32 31 1
34 28 1
33 25 1
33 20 1
29 17 1
31 25 1
34 27 1
31 27 1
31 28 1
31 26 1
33 32 1
32 25 1
32 26 1
38 37 1
40 39 1
40 36 1
39 36 1
44 35 1
45 44 1
44 39 1
46 42 1
42 41 1
48 47 1
49 43 1
50 49 1
50 43 1
47 46 1
46 43 1
47 37 1
47 38 1
51 46 1
54 52 1
53 52 1
54 53 1
60 59 1
62 61 1
61 59 1
63 59 1
66 65 1
68 65 1
68 66 1
63 61 1
63 62 1
69 63 1
74 73 1
74 71 1
73 71 1
69 59 1
67 63 1
67 59 1
75 60 1
69 67 1
67 61 1
69 68 1
72 65 1
72 66 1
77 76 1
76 66 1
76 65 1
77 66 1
76 68 1
77 68 1
75 72 1
72 60 1
75 65 1
72 68 1
65 61 1
65 63 1
63 60 1
68 63 1
78 66 1
76 63 1
78 68 1
75 69 1
75 74 1
78 65 1
74 69 1
68 67 1
69 66 1
76 69 1
69 65 1
67 66 1
71 60 1
78 69 1
78 71 1
78 63 1
67 65 1
63 58 1
75 67 1
74 60 1
68 59 1
74 63 1
78 60 1
73 66 1
75 62 1
71 63 1
74 62 1
71 66 1
80 79 1
78 74 1
65 62 1
78 62 1
76 58 1
78 59 1
71 58 1
69 62 1
60 57 1
78 73 1
78 58 1
73 63 1
82 62 1
72 71 1
68 58 1
66 58 1
82 81 1
74 72 1
61 60 1
76 67 1
65 58 1
75 58 1
79 67 1
63 57 1
84 83 1
62 57 1
79 68 1
76 62 1
76 75 1
83 69 1
79 65 1
75 63 1
75 66 1
66 63 1
75 68 1
68 61 1
68 62 1
60 58 1
66 62 1
78 61 1
86 85 1
85 69 1
86 67 1
86 69 1
85 67 1
79 58 1
88 87 1
87 86 1
66 61 1
78 75 1
84 76 1
77 69 1
75 71 1
84 69 1
85 59 1
84 78 1
85 72 1
84 59 1
83 78 1
85 71 1
85 76 1
75 61 1
90 89 1
59 58 1
71 61 1
73 58 1
74 58 1
94 92 1
69 61 1
94 91 1
92 91 1
93 91 1
93 92 1
95 91 1
96 92 1
95 93 1
88 71 1
88 68 1
88 66 1
76 61 1
89 75 1
97 91 1
62 58 1
74 66 1
76 71 1
77 71 1
76 74 1
90 71 1
91 71 1
91 58 1
95 71 1
92 71 1
91 68 1
98 88 1
95 92 1
92 67 1
91 66 1
92 74 1
93 58 1
93 71 1
59 57 1
78 70 1
92 63 1
94 63 1
97 90 1
96 93 1
91 90 1
92 68 1
92 65 1
92 66 1
98 94 1
96 95 1
99 91 1
91 63 1
99 63 1
100 99 1
99 98 1
100 78 1
99 88 1
100 98 1
98 78 1
99 78 1
98 70 1
83 67 1
84 67 1
96 83 1
100 67 1
99 84 1
100 84 1
2 1 1
4 3 1
6 5 1
20 9 1
20 11 1
12 8 1
9 7 1
12 10 1
15 10 1
15 12 1
12 9 1
17 16 1
19 17 1
20 7 1
18 13 1
16 11 1
19 11 1
14 12 1
19 16 1
20 15 1
13 9 1
20 18 1
20 17 1
20 13 1
17 9 1
19 10 1
19 8 1
8 7 1
20 16 1
19 18 1
12 7 1
20 12 1
13 8 1
16 9 1
13 7 1
18 17 1
18 10 1
20 10 1
10 9 1
18 16 1
1 422 1
17 10 1
20 19 1
15 13 1
18 7 1
16 10 1
17 13 1
17 12 1
18 12 1
18 15 1
17 7 1
17 8 1
18 9 1
11 10 1
40 21 1
19 9 1
16 15 1
19 12 1
23 22 1
28 22 1
28 23 1
40 23 1
40 24 1
24 21 1
19 7 1
10 3 1
29 22 1
34 29 1
40 29 1
24 22 1
40 22 1
28 26 1
29 21 1
34 22 1
40 34 1
29 26 1
28 21 1
31 22 1
40 31 1
29 27 1
35 33 1
40 35 1
25 23 1
32 24 1
40 26 1
23 21 1
26 23 1
30 28 1
30 24 1
32 29 1
32 31 1
31 26 1
26 22 1
38 36 1
29 23 1
35 20 1
31 21 1
13 12 1
32 28 1
34 32 1
35 32 1
26 19 1
26 21 1
37 36 1
21 19 1
34 27 1
35 24 1
26 16 1
16 13 1
19 15 1
2 422 1
16 12 1
31 15 1
27 22 1
19 14 1
31 27 1
39 38 1
40 27 1
25 22 1
25 24 1
33 25 1
34 28 1
32 22 1
32 25 1
11 9 1
15 7 1
15 14 1
39 9 1
33 24 1
40 32 1
26 8 1
39 26 1
26 17 1
26 14 1
39 11 1
9 8 1
35 22 1
33 22 1
35 31 1
31 25 1
34 31 1
13 11 1
11 7 1
12 11 1
35 25 1
35 34 1
16 7 1
23 15 1
39 23 1
16 3 1
34 24 1
32 26 1
39 18 1
32 27 1
40 25 1
28 24 1
26 24 1
31 24 1
30 23 1
35 23 1
17 15 1
24 23 1
34 21 1
40 4 1
35 21 1
39 15 1
33 23 1
18 8 1
17 11 1
35 29 1
35 4 1
16 8 1
28 25 1
15 9 1
33 27 1
39 13 1
33 26 1
13 1 1
39 1 1
8 1 1
34 23 1
41 13 1
39 8 1
41 7 1
41 19 1
17 1 1
41 18 1
38 37 1
32 23 1
31 23 1
26 25 1
39 17 1
27 24 1
39 7 1
3 2 1
34 25 1
30 22 1
7 4 1
23 10 1
41 9 1
17 4 1
25 21 1
33 21 1
39 10 1
34 26 1
35 27 1
39 19 1
28 27 1
27 25 1
33 28 1
41 12 1
41 422 1
19 422 1
41 39 1
7 1 1
7 2 1
40 33 1
41 17 1
12 2 1
35 26 1
34 33 1
27 26 1
33 31 1
32 21 1
27 21 1
18 2 1
8 2 1
29 25 1
27 23 1
9 2 1
42 17 1
10 7 1
40 30 1
31 28 1
31 29 1
42 12 1
42 13 1
19 13 1
40 28 1
42 39 1
39 12 1
42 18 1
30 29 1
42 16 1
31 30 1
42 11 1
38 2 1
38 15 1
42 15 1
36 13 1
36 7 1
41 32 1
42 32 1
35 13 1
35 7 1
42 34 1
34 7 1
34 18 1
32 17 1
40 17 1
25 17 1
32 19 1
22 7 1
42 7 1
34 19 1
41 24 1
26 15 1
22 12 1
38 5 1
22 16 1
22 8 1
28 15 1
30 26 1
15 8 1
29 24 1
10 8 1
29 28 1
42 10 1
13 10 1
43 2 1
41 10 1
40 38 1
38 31 1
41 15 1
43 9 1
41 16 1
33 32 1
42 8 1
35 28 1
36 24 1
46 44 1
22 21 1
45 1 1
17 14 1
46 45 1
40 5 1
38 23 1
38 28 1
36 32 1
32 5 1
36 34 1
42 41 1
38 6 1
36 6 1
36 31 1
14 10 1
16 14 1
42 9 1
45 44 1
39 16 1
42 19 1
41 8 1
39 14 1
42 14 1
34 5 1
27 6 1
48 47 1
12 5 1
38 34 1
48 5 1
36 28 1
38 29 1
40 36 1
34 8 1
28 7 1
34 30 1
26 12 1
48 46 1
8 5 1
27 18 1
34 12 1
28 13 1
36 33 1
45 32 1
47 26 1
47 40 1
47 34 1
48 26 1
48 34 1
48 41 1
47 41 1
41 34 1
32 16 1
33 19 1
33 16 1
49 10 1
49 36 1
49 39 1
48 24 1
48 39 1
39 24 1
24 15 1
50 49 1
14 11 1
49 17 1
52 51 1
54 44 1
45 14 1
45 17 1
57 55 1
56 55 1
55 54 1
51 49 1
56 52 1
56 51 1
54 53 1
62 61 1
62 55 1
65 64 1
63 62 1
67 66 1
64 62 1
69 67 1
69 66 1
67 62 1
66 62 1
69 62 1
69 61 1
62 60 1
67 60 1
70 60 1
76 71 1
83 75 1
83 76 1
75 73 1
76 75 1
76 74 1
73 71 1
80 71 1
80 73 1
83 73 1
80 76 1
78 72 1
83 78 1
82 79 1
83 72 1
72 71 1
79 72 1
80 77 1
77 75 1
83 77 1
83 80 1
71 64 1
117 85 1
76 73 1
88 87 1
88 84 1
90 84 1
90 88 1
117 81 1
85 81 1
92 85 1
82 77 1
92 87 1
117 86 1
79 71 1
82 71 1
77 71 1
117 84 1
92 84 1
88 86 1
90 86 1
92 89 1
90 89 1
117 87 1
71 65 1
82 64 1
77 64 1
117 92 1
87 85 1
87 86 1
86 81 1
86 85 1
89 81 1
79 65 1
79 64 1
89 87 1
88 70 1
89 86 1
94 81 1
94 93 1
79 77 1
86 72 1
99 96 1
106 96 1
77 65 1
94 91 1
97 93 1
80 75 1
88 81 1
117 91 1
100 99 1
91 84 1
95 88 1
97 94 1
92 81 1
95 91 1
99 94 1
100 93 1
100 94 1
89 88 1
91 89 1
100 97 1
98 91 1
87 70 1
98 88 1
79 60 1
117 100 1
87 60 1
94 87 1
94 89 1
97 81 1
86 64 1
107 105 1
105 103 1
105 95 1
103 95 1
107 103 1
95 81 1
75 74 1
85 79 1
107 101 1
107 95 1
89 71 1
99 71 1
89 82 1
111 110 1
94 82 1
81 64 1
110 105 1
110 109 1
111 107 1
110 107 1
94 79 1
81 71 1
96 73 1
96 80 1
89 64 1
114 112 1
99 79 1
102 97 1
108 100 1
106 76 1
110 100 1
110 94 1
102 81 1
106 80 1
109 108 1
118 115 1
103 88 1
116 112 1
124 122 1
109 100 1
113 112 1
91 88 1
106 73 1
115 114 1
109 72 1
102 99 1
102 89 1
102 64 1
76 70 1
123 121 1
123 120 1
121 120 1
115 112 1
102 71 1
108 72 1
102 79 1
89 79 1
107 71 1
119 112 1
119 116 1
115 113 1
103 101 1
88 60 1
98 73 1
98 83 1
109 107 1
118 109 1
84 70 1
110 71 1
91 76 1
99 65 1
99 89 1
114 77 1
91 83 1
95 90 1
101 90 1
107 70 1
113 79 1
113 89 1
113 94 1
102 94 1
102 82 1
103 81 1
105 81 1
111 88 1
105 104 1
111 71 1
102 72 1
100 96 1
114 102 1
99 78 1
99 82 1
112 65 1
113 82 1
120 93 1
109 88 1
111 109 1
89 78 1
114 79 1
112 64 1
91 90 1
107 88 1
108 102 1
122 97 1
120 103 1
118 114 1
114 86 1
118 86 1
109 71 1
96 94 1
96 86 1
119 113 1
112 81 1
113 106 1
123 96 1
107 81 1
120 79 1
121 77 1
121 79 1
119 94 1
114 89 1
80 74 1
74 55 1
94 86 1
110 91 1
114 99 1
110 98 1
98 95 1
121 82 1
83 55 1
90 76 1
96 79 1
111 102 1
102 84 1
111 84 1
84 81 1
86 80 1
115 94 1
116 108 1
112 108 1
115 100 1
111 81 1
106 82 1
110 95 1
123 115 1
115 99 1
93 71 1
117 71 1
85 71 1
84 77 1
115 72 1
94 84 1
100 84 1
103 89 1
124 63 1
108 74 1
86 74 1
108 103 1
103 93 1
76 72 1
80 72 1
124 75 1
113 74 1
91 74 1
97 85 1
98 80 1
103 86 1
93 85 1
113 77 1
121 75 1
112 72 1
112 110 1
112 78 1
95 89 1
117 97 1
123 83 1
120 83 1
117 93 1
121 83 1
115 87 1
118 87 1
115 74 1
113 71 1
96 91 1
124 74 1
101 94 1
109 94 1
80 79 1
82 80 1
122 114 1
79 73 1
82 73 1
110 77 1
87 74 1
114 87 1
96 88 1
86 77 1
124 119 1
97 89 1
89 77 1
114 74 1
106 88 1
124 114 1
91 75 1
106 91 1
101 77 1
124 87 1
109 87 1
114 109 1
124 115 1
94 85 1
95 86 1
107 92 1
109 92 1
96 84 1
119 74 1
82 75 1
118 107 1
117 94 1
83 82 1
124 118 1
115 107 1
115 109 1
96 70 1
97 86 1
101 86 1
79 75 1
122 112 1
117 99 1
101 95 1
99 95 1
119 118 1
113 98 1
113 91 1
106 83 1
95 94 1
100 95 1
108 107 1
122 113 1
112 82 1
86 71 1
102 74 1
119 102 1
107 102 1
98 79 1
122 74 1
103 100 1
113 73 1
113 83 1
123 122 1
122 102 1
96 83 1
114 108 1
124 108 1
121 112 1
110 86 1
121 118 1
72 55 1
109 102 1
98 86 1
124 109 1
110 99 1
121 87 1
122 92 1
82 76 1
123 74 1
123 114 1
123 71 1
124 102 1
84 74 1
86 79 1
124 92 1
88 74 1
77 70 1
79 55 1
74 71 1
124 111 1
116 94 1
122 120 1
122 107 1
118 112 1
107 75 1
121 55 1
112 99 1
83 74 1
83 71 1
96 71 1
121 72 1
123 89 1
101 73 1
121 93 1
89 72 1
93 89 1
107 74 1
94 55 1
91 77 1
87 84 1
102 70 1
108 94 1
93 86 1
122 80 1
103 80 1
122 103 1
87 77 1
124 71 1
111 73 1
93 92 1
84 73 1
119 64 1
105 73 1
94 71 1
84 71 1
124 89 1
105 84 1
92 64 1
94 73 1
87 72 1
100 87 1
105 94 1
109 73 1
121 65 1
94 77 1
118 93 1
100 72 1
121 86 1
93 80 1
118 80 1
109 103 1
109 101 1
100 78 1
118 73 1
118 75 1
107 94 1
94 83 1
121 89 1
123 86 1
121 100 1
92 72 1
109 95 1
92 86 1
103 79 1
104 99 1
109 104 1
101 81 1
109 99 1
117 105 1
105 101 1
117 101 1
124 100 1
99 86 1
109 86 1
104 95 1
116 95 1
112 95 1
116 104 1
112 104 1
100 64 1
120 64 1
124 120 1
120 114 1
114 100 1
121 114 1
126 125 1
124 121 1
124 123 1
78 55 1
72 57 1
121 70 1
128 127 1
126 120 1
124 70 1
129 127 1
129 128 1
70 55 1
124 55 1
121 57 1
70 57 1
130 57 1
117 103 1
103 92 1
94 88 1
125 78 1
118 71 1
125 72 1
105 77 1
111 105 1
104 90 1
112 90 1
129 125 1
132 131 1
134 133 1
134 131 1
134 128 1
131 128 1
139 138 1
140 138 1
142 141 1
144 143 1
145 142 1
147 146 1
148 146 1
148 147 1
145 140 1
144 138 1
143 138 1
147 143 1
148 138 1
140 139 1
150 149 1
151 150 1
159 157 1
157 156 1
158 157 1
154 153 1
158 156 1
159 156 1
157 155 1
156 155 1
158 155 1
159 158 1
159 155 1
150 147 1
161 160 1
155 147 1
162 155 1
162 159 1
163 162 1
162 146 1
166 165 1
167 165 1
167 166 1
166 162 1
169 168 1
171 170 1
173 170 1
173 171 1
174 172 1
178 176 1
177 176 1
178 177 1
179 150 1
179 149 1
181 180 1
181 178 1
177 175 1
183 182 1
178 162 1
177 162 1
175 162 1
185 182 1
185 183 1
173 162 1
184 172 1
184 174 1
178 175 1
176 175 1
188 172 1
187 186 1
187 162 1
188 184 1
186 162 1
186 175 1
186 182 1
184 179 1
188 149 1
