1 422 1
3 2 1
4 2 1
6 2 1
6 4 1
7 3 1
7 2 1
5 4 1
7 4 1
9 7 1
7 6 1
9 4 1
9 3 1
9 2 1
8 2 1
8 4 1
9 5 1
5 2 1
8 7 1
7 5 1
5 3 1
5 1 1
8 5 1
9 8 1
6 5 1
9 1 1
7 1 1
4 1 1
5 422 1
8 6 1
15 12 1
12 11 1
13 10 1
15 10 1
11 10 1
14 10 1
6 3 1
9 6 1
15 6 1
8 3 1
11 6 1
13 11 1
18 17 1
15 11 1
4 3 1
17 16 1
15 13 1
17 9 1
17 6 1
15 1 1
12 10 1
11 9 1
11 7 1
12 7 1
10 7 1
20 13 1
17 11 1
21 20 1
10 5 1
16 7 1
10 8 1
21 19 1
15 7 1
17 7 1
17 3 1
13 12 1
10 6 1
20 5 1
21 17 1
19 15 1
2 1 1
3 422 1
29 22 1
28 26 1
26 25 1
26 24 1
27 26 1
8 1 1
27 22 1
8 422 1
27 25 1
27 24 1
28 25 1
23 22 1
26 23 1
24 22 1
25 24 1
18 16 1
29 24 1
24 23 1
26 22 1
28 24 1
25 17 1
28 22 1
28 23 1
27 23 1
25 22 1
29 25 1
28 27 1
33 30 1
25 23 1
34 30 1
32 30 1
34 31 1
35 34 1
35 31 1
32 31 1
35 32 1
38 30 1
35 30 1
37 35 1
33 31 1
35 33 1
38 33 1
34 32 1
38 34 1
38 31 1
37 36 1
28 11 1
25 11 1
24 11 1
32 26 1
36 31 1
37 33 1
32 11 1
32 29 1
34 33 1
35 25 1
38 35 1
29 23 1
30 25 1
37 32 1
29 11 1
35 11 1
35 22 1
32 25 1
30 23 1
38 26 1
38 27 1
36 33 1
36 32 1
45 40 1
42 40 1
48 41 1
38 37 1
48 42 1
33 32 1
34 23 1
40 28 1
41 37 1
37 34 1
48 28 1
36 30 1
41 28 1
35 26 1
45 22 1
45 24 1
49 47 1
31 30 1
42 21 1
48 38 1
45 23 1
45 30 1
47 44 1
23 13 1
48 40 1
42 41 1
36 25 1
34 25 1
45 25 1
30 19 1
48 27 1
42 27 1
43 26 1
19 13 1
36 13 1
36 15 1
43 35 1
37 31 1
42 39 1
25 15 1
45 41 1
25 13 1
37 22 1
23 15 1
37 30 1
30 11 1
40 38 1
41 27 1
27 19 1
43 38 1
36 23 1
44 43 1
30 10 1
30 29 1
46 43 1
49 43 1
48 31 1
38 32 1
43 34 1
48 23 1
31 23 1
43 23 1
43 10 1
43 15 1
41 40 1
26 15 1
43 27 1
43 39 1
34 26 1
43 36 1
39 31 1
48 30 1
30 26 1
42 30 1
40 22 1
31 22 1
42 22 1
39 27 1
43 28 1
32 28 1
30 22 1
40 30 1
40 31 1
41 22 1
42 29 1
40 25 1
43 32 1
36 35 1
41 30 1
45 27 1
26 13 1
39 26 1
30 13 1
48 22 1
38 22 1
28 13 1
39 13 1
39 28 1
47 33 1
38 24 1
48 26 1
45 42 1
38 23 1
48 24 1
46 35 1
32 27 1
46 44 1
46 33 1
49 46 1
47 35 1
27 10 1
27 11 1
42 37 1
39 29 1
47 46 1
35 19 1
36 24 1
31 25 1
30 24 1
40 24 1
33 22 1
37 25 1
42 25 1
50 25 1
40 37 1
50 37 1
33 25 1
50 24 1
40 32 1
19 10 1
53 51 1
31 26 1
37 26 1
43 22 1
43 37 1
50 43 1
19 11 1
50 26 1
32 22 1
28 10 1
27 15 1
50 42 1
50 31 1
39 23 1
27 13 1
42 36 1
36 22 1
28 19 1
48 19 1
48 10 1
35 24 1
42 23 1
29 27 1
48 39 1
42 31 1
43 24 1
50 33 1
50 32 1
47 39 1
32 23 1
53 37 1
53 23 1
47 26 1
47 22 1
43 25 1
45 31 1
50 47 1
47 25 1
47 43 1
48 29 1
47 32 1
55 54 1
26 10 1
55 49 1
46 39 1
43 31 1
44 29 1
55 46 1
26 11 1
55 29 1
55 48 1
28 15 1
44 22 1
24 19 1
24 15 1
42 33 1
46 23 1
55 23 1
49 12 1
49 26 1
55 24 1
45 12 1
47 31 1
49 15 1
55 22 1
45 28 1
46 22 1
49 29 1
41 36 1
45 44 1
46 27 1
39 15 1
40 23 1
49 44 1
50 35 1
55 45 1
46 25 1
49 40 1
45 26 1
48 15 1
53 29 1
24 10 1
45 29 1
48 45 1
53 10 1
46 42 1
51 12 1
55 10 1
44 37 1
45 19 1
49 22 1
40 26 1
44 42 1
53 13 1
29 26 1
49 48 1
39 37 1
41 31 1
41 39 1
51 13 1
49 42 1
46 31 1
49 35 1
56 29 1
56 25 1
51 15 1
55 26 1
51 10 1
31 27 1
36 29 1
56 36 1
53 15 1
51 11 1
50 41 1
51 36 1
56 22 1
56 24 1
56 23 1
53 43 1
35 13 1
37 27 1
41 33 1
41 35 1
56 11 1
36 11 1
56 50 1
56 32 1
56 43 1
48 35 1
50 23 1
50 36 1
44 26 1
47 41 1
44 41 1
36 28 1
56 28 1
49 37 1
44 33 1
42 28 1
35 27 1
46 26 1
40 29 1
29 28 1
52 25 1
48 33 1
52 28 1
52 45 1
48 46 1
42 35 1
48 44 1
43 42 1
56 42 1
56 35 1
45 35 1
33 27 1
43 29 1
48 47 1
33 26 1
41 32 1
56 31 1
57 37 1
57 36 1
45 43 1
43 41 1
40 33 1
37 23 1
57 31 1
57 32 1
56 47 1
47 27 1
31 28 1
37 24 1
41 26 1
42 26 1
48 43 1
45 37 1
35 29 1
33 29 1
56 45 1
49 41 1
43 40 1
57 50 1
46 41 1
57 23 1
50 22 1
59 40 1
57 22 1
41 25 1
61 60 1
57 45 1
49 33 1
49 28 1
48 25 1
57 49 1
57 40 1
49 31 1
57 27 1
57 48 1
41 29 1
47 42 1
48 37 1
60 22 1
60 24 1
39 25 1
41 23 1
45 39 1
43 33 1
49 23 1
42 24 1
59 37 1
62 45 1
44 31 1
57 42 1
39 33 1
57 39 1
57 33 1
45 33 1
61 42 1
60 42 1
62 44 1
44 24 1
65 64 1
63 60 1
69 43 1
70 69 1
70 43 1
70 68 1
69 68 1
68 66 1
68 44 1
66 44 1
69 65 1
69 64 1
66 24 1
70 24 1
69 66 1
68 64 1
72 71 1
81 73 1
82 80 1
90 81 1
91 82 1
92 82 1
87 83 1
83 73 1
75 73 1
77 73 1
87 73 1
83 77 1
91 83 1
93 89 1
91 90 1
90 79 1
91 75 1
91 77 1
92 78 1
95 88 1
82 78 1
86 82 1
90 82 1
83 76 1
89 88 1
89 79 1
92 89 1
89 87 1
90 78 1
92 88 1
92 79 1
86 78 1
87 79 1
81 77 1
95 90 1
93 90 1
91 87 1
93 77 1
79 78 1
95 93 1
95 94 1
90 87 1
88 79 1
83 79 1
92 83 1
93 83 1
89 73 1
76 75 1
92 91 1
95 92 1
86 77 1
78 77 1
93 87 1
87 80 1
82 79 1
95 83 1
94 89 1
95 73 1
93 91 1
92 87 1
95 86 1
86 79 1
93 78 1
81 75 1
87 81 1
95 75 1
95 89 1
88 73 1
81 76 1
79 75 1
99 98 1
98 96 1
96 85 1
99 96 1
81 78 1
84 81 1
88 77 1
101 99 1
82 77 1
86 83 1
86 72 1
94 87 1
94 93 1
80 77 1
90 80 1
98 92 1
98 97 1
101 85 1
107 101 1
101 97 1
102 101 1
97 96 1
107 102 1
82 75 1
89 75 1
90 77 1
79 76 1
94 79 1
92 80 1
104 100 1
106 102 1
88 76 1
105 101 1
107 106 1
108 106 1
78 76 1
86 76 1
103 92 1
113 98 1
110 107 1
110 105 1
113 96 1
106 96 1
114 104 1
105 102 1
94 88 1
105 85 1
112 106 1
90 83 1
114 100 1
93 80 1
111 99 1
111 98 1
110 109 1
110 102 1
103 96 1
109 102 1
113 105 1
109 105 1
113 106 1
97 92 1
112 103 1
112 92 1
114 90 1
108 105 1
89 84 1
90 73 1
90 84 1
109 98 1
110 101 1
110 97 1
101 96 1
112 88 1
92 73 1
103 94 1
112 94 1
108 97 1
109 101 1
103 88 1
103 89 1
89 81 1
82 81 1
112 105 1
82 76 1
87 78 1
83 80 1
110 96 1
113 101 1
92 90 1
87 76 1
93 92 1
88 86 1
78 75 1
106 105 1
103 90 1
112 90 1
112 109 1
87 84 1
97 69 1
94 86 1
88 78 1
97 90 1
90 72 1
112 110 1
110 69 1
97 70 1
112 107 1
101 94 1
96 94 1
102 88 1
102 86 1
106 97 1
76 73 1
108 107 1
106 103 1
107 94 1
105 97 1
97 95 1
112 101 1
109 93 1
108 98 1
87 82 1
113 94 1
113 102 1
95 77 1
112 86 1
92 77 1
102 98 1
96 93 1
88 82 1
107 98 1
112 102 1
84 78 1
107 86 1
113 107 1
70 64 1
108 86 1
89 78 1
89 86 1
97 77 1
102 73 1
88 75 1
113 73 1
112 73 1
113 112 1
112 98 1
102 94 1
89 76 1
98 94 1
97 93 1
112 108 1
87 69 1
75 69 1
88 87 1
105 93 1
106 93 1
97 83 1
79 73 1
107 79 1
95 91 1
86 75 1
97 91 1
87 86 1
112 76 1
113 79 1
87 65 1
86 64 1
107 76 1
103 80 1
110 77 1
96 90 1
81 79 1
109 95 1
113 89 1
101 90 1
109 77 1
87 75 1
96 80 1
103 77 1
105 95 1
112 79 1
96 92 1
86 81 1
95 80 1
97 80 1
110 90 1
101 93 1
96 77 1
102 76 1
103 97 1
112 87 1
113 78 1
94 81 1
97 85 1
94 78 1
94 82 1
112 82 1
110 91 1
99 97 1
115 114 1
110 108 1
105 90 1
99 80 1
103 86 1
101 70 1
106 70 1
88 81 1
103 102 1
93 85 1
110 103 1
110 89 1
94 76 1
102 78 1
107 78 1
113 87 1
113 88 1
96 95 1
109 108 1
101 92 1
112 78 1
99 83 1
113 82 1
106 90 1
107 89 1
105 92 1
108 96 1
106 77 1
84 69 1
105 80 1
105 83 1
84 73 1
73 69 1
103 98 1
108 80 1
108 83 1
106 83 1
107 75 1
103 70 1
101 95 1
115 103 1
109 106 1
109 97 1
106 95 1
103 76 1
98 86 1
110 86 1
102 84 1
106 99 1
98 79 1
84 76 1
113 86 1
107 81 1
107 88 1
98 75 1
98 76 1
112 75 1
107 82 1
86 73 1
104 69 1
78 73 1
103 79 1
104 87 1
102 87 1
102 82 1
115 69 1
91 80 1
103 78 1
101 91 1
117 109 1
117 95 1
108 93 1
80 74 1
105 96 1
96 91 1
94 73 1
113 75 1
115 80 1
86 80 1
118 110 1
110 70 1
114 110 1
80 79 1
118 96 1
118 97 1
118 115 1
77 74 1
107 80 1
109 96 1
117 73 1
114 69 1
98 80 1
114 70 1
102 80 1
117 101 1
109 89 1
109 73 1
96 73 1
117 99 1
97 73 1
106 76 1
117 96 1
96 76 1
117 76 1
109 84 1
117 106 1
103 75 1
97 76 1
109 76 1
119 70 1
119 114 1
94 75 1
101 89 1
99 89 1
97 89 1
98 88 1
117 89 1
101 73 1
117 97 1
107 103 1
102 75 1
83 75 1
99 73 1
77 76 1
109 90 1
105 77 1
83 78 1
113 103 1
101 77 1
93 73 1
93 76 1
117 74 1
90 76 1
117 90 1
94 80 1
118 104 1
121 120 1
121 70 1
121 114 1
112 80 1
98 82 1
117 77 1
118 100 1
99 93 1
96 83 1
99 76 1
122 70 1
89 77 1
104 101 1
122 114 1
100 70 1
98 77 1
89 83 1
112 77 1
98 89 1
101 98 1
108 103 1
108 90 1
107 73 1
107 93 1
109 83 1
105 89 1
124 123 1
76 74 1
129 107 1
109 107 1
105 103 1
103 73 1
113 81 1
107 97 1
132 128 1
117 103 1
95 87 1
105 99 1
110 98 1
96 75 1
132 127 1
129 88 1
93 88 1
108 99 1
105 73 1
126 125 1
89 80 1
92 86 1
94 83 1
123 121 1
80 73 1
110 82 1
110 94 1
128 127 1
123 110 1
130 127 1
124 87 1
124 94 1
90 86 1
105 88 1
88 83 1
92 81 1
129 109 1
103 101 1
84 75 1
106 101 1
129 87 1
106 73 1
107 87 1
126 87 1
126 113 1
129 80 1
110 92 1
92 76 1
112 93 1
121 113 1
122 119 1
80 75 1
109 88 1
109 87 1
80 76 1
110 84 1
105 86 1
109 80 1
129 117 1
107 83 1
109 81 1
132 114 1
101 87 1
95 81 1
113 99 1
106 89 1
114 86 1
93 75 1
117 110 1
113 110 1
129 97 1
129 106 1
99 77 1
128 106 1
114 109 1
113 77 1
101 83 1
91 89 1
91 76 1
117 113 1
129 96 1
112 96 1
129 112 1
122 88 1
114 99 1
107 77 1
94 77 1
114 113 1
122 99 1
99 70 1
122 105 1
128 120 1
91 88 1
94 91 1
133 131 1
128 119 1
132 119 1
128 126 1
128 125 1
128 114 1
127 114 1
133 125 1
134 122 1
136 135 1
137 135 1
137 136 1
139 104 1
142 141 1
144 143 1
144 136 1
144 142 1
142 139 1
145 140 1
147 146 1
149 148 1
150 142 1
150 141 1
149 142 1
150 139 1
152 151 1
154 153 1
156 155 1
159 156 1
159 155 1
158 153 1
160 159 1
160 155 1
1 422 1
3 2 1
4 2 1
5 3 1
5 2 1
5 4 1
4 3 1
7 6 1
10 8 1
12 9 1
9 8 1
11 10 1
11 8 1
11 9 1
12 8 1
12 10 1
12 11 1
16 12 1
10 9 1
15 13 1
14 13 1
16 10 1
14 12 1
16 9 1
16 11 1
15 14 1
18 15 1
16 8 1
17 3 1
18 13 1
18 14 1
17 15 1
20 19 1
19 18 1
19 8 1
9 7 1
8 6 1
16 6 1
9 6 1
24 23 1
24 21 1
19 12 1
23 10 1
22 6 1
22 7 1
26 25 1
23 12 1
28 27 1
27 26 1
27 25 1
28 25 1
28 26 1
30 9 1
25 23 1
32 31 1
26 9 1
25 9 1
26 10 1
30 10 1
30 8 1
31 30 1
32 10 1
31 10 1
31 8 1
32 30 1
32 8 1
27 24 1
27 23 1
36 34 1
37 34 1
35 34 1
39 34 1
39 35 1
36 35 1
37 35 1
39 36 1
39 37 1
34 31 1
38 34 1
40 38 1
37 31 1
40 37 1
35 27 1
38 27 1
37 27 1
39 38 1
38 37 1
40 34 1
38 35 1
40 35 1
40 39 1
37 36 1
33 25 1
41 37 1
43 42 1
46 31 1
46 44 1
46 45 1
45 44 1
46 42 1
41 40 1
41 38 1
34 25 1
38 25 1
40 25 1
39 25 1
37 25 1
44 38 1
44 25 1
41 25 1
41 26 1
45 31 1
35 31 1
42 25 1
43 25 1
39 31 1
47 37 1
50 49 1
50 48 1
49 48 1
52 31 1
51 31 1
53 31 1
53 51 1
53 52 1
52 51 1
51 41 1
55 54 1
49 42 1
52 41 1
41 31 1
58 41 1
52 43 1
51 43 1
53 43 1
53 42 1
52 42 1
51 42 1
57 56 1
51 49 1
49 31 1
51 50 1
56 51 1
59 52 1
59 31 1
56 49 1
59 51 1
59 53 1
59 54 1
55 52 1
52 21 1
55 21 1
54 21 1
62 60 1
62 61 1
62 52 1
60 52 1
61 60 1
61 52 1
56 31 1
57 51 1
60 54 1
52 47 1
60 53 1
61 53 1
62 53 1
62 59 1
60 59 1
56 52 1
64 52 1
64 51 1
55 51 1
54 51 1
65 64 1
64 54 1
65 51 1
65 54 1
65 52 1
64 59 1
65 59 1
64 55 1
68 67 1
68 61 1
62 55 1
69 62 1
69 55 1
62 54 1
71 70 1
71 52 1
73 72 1
72 52 1
80 75 1
75 74 1
76 74 1
80 74 1
80 76 1
77 75 1
78 74 1
78 75 1
80 78 1
78 76 1
78 77 1
79 74 1
74 56 1
77 74 1
80 79 1
81 78 1
81 56 1
81 80 1
79 56 1
81 76 1
81 75 1
70 56 1
79 70 1
70 57 1
71 57 1
65 62 1
71 56 1
79 71 1
81 74 1
79 52 1
76 75 1
81 77 1
83 82 1
82 79 1
79 69 1
85 84 1
84 79 1
77 76 1
76 72 1
75 72 1
74 73 1
74 72 1
77 72 1
91 79 1
91 87 1
90 87 1
90 88 1
88 87 1
89 88 1
90 89 1
89 87 1
91 89 1
87 79 1
91 90 1
88 79 1
91 88 1
80 77 1
90 81 1
88 77 1
93 80 1
89 80 1
93 92 1
94 92 1
94 93 1
95 93 1
95 94 1
97 96 1
91 85 1
95 92 1
97 91 1
96 87 1
96 89 1
92 91 1
96 85 1
92 85 1
94 85 1
93 85 1
95 85 1
93 84 1
92 84 1
100 99 1
102 101 1
99 98 1
103 85 1
103 93 1
105 104 1
110 106 1
107 106 1
111 109 1
112 109 1
110 107 1
112 99 1
114 113 1
117 116 1
115 111 1
113 106 1
117 110 1
119 115 1
121 120 1
121 116 1
120 117 1
1 422 1
3 2 1
5 4 1
7 5 1
8 4 1
8 6 1
8 5 1
11 9 1
6 5 1
6 4 1
11 10 1
12 9 1
6 3 1
10 9 1
12 11 1
7 4 1
2 422 1
10 422 1
10 1 1
12 10 1
9 1 1
11 1 1
11 7 1
5 1 1
8 7 1
6 1 1
7 422 1
7 6 1
9 6 1
10 6 1
9 422 1
3 422 1
13 5 1
15 14 1
13 7 1
14 1 1
17 16 1
17 8 1
20 18 1
20 19 1
19 18 1
20 3 1
17 14 1
23 21 1
24 23 1
25 21 1
22 21 1
24 21 1
24 22 1
23 22 1
25 22 1
25 24 1
25 23 1
27 26 1
29 28 1
32 31 1
35 32 1
35 33 1
34 33 1
35 34 1
32 30 1
33 31 1
33 32 1
34 32 1
31 30 1
34 30 1
33 30 1
35 30 1
34 31 1
32 29 1
35 31 1
34 29 1
31 29 1
38 37 1
40 39 1
36 26 1
36 27 1
50 46 1
45 44 1
44 43 1
41 34 1
47 45 1
35 28 1
41 37 1
38 29 1
37 29 1
37 28 1
49 48 1
43 42 1
46 39 1
51 36 1
51 48 1
53 52 1
31 28 1
50 45 1
47 30 1
51 49 1
38 30 1
47 27 1
53 28 1
54 38 1
51 29 1
56 55 1
58 56 1
58 57 1
58 55 1
57 55 1
58 29 1
67 59 1
60 59 1
67 60 1
50 38 1
57 56 1
60 46 1
54 35 1
55 44 1
54 32 1
38 32 1
55 53 1
55 52 1
62 59 1
61 60 1
58 52 1
58 53 1
63 59 1
62 60 1
55 51 1
58 51 1
65 64 1
62 55 1
62 58 1
62 51 1
57 53 1
57 52 1
65 60 1
62 34 1
48 31 1
63 62 1
62 61 1
63 52 1
63 57 1
56 49 1
55 49 1
58 49 1
60 56 1
59 58 1
67 48 1
60 49 1
59 48 1
48 32 1
67 49 1
60 51 1
67 51 1
59 51 1
51 38 1
49 32 1
69 68 1
70 68 1
72 71 1
60 44 1
71 66 1
72 70 1
71 70 1
72 66 1
70 69 1
78 76 1
76 74 1
78 74 1
74 73 1
78 73 1
77 75 1
81 80 1
80 79 1
76 73 1
81 79 1
78 75 1
72 59 1
79 76 1
80 76 1
83 82 1
78 65 1
73 65 1
76 69 1
76 68 1
44 42 1
78 60 1
73 69 1
79 77 1
81 76 1
85 84 1
89 86 1
85 78 1
84 78 1
88 86 1
80 77 1
89 88 1
77 72 1
75 72 1
88 87 1
87 86 1
79 72 1
87 82 1
91 90 1
87 84 1
87 34 1
89 33 1
85 82 1
89 87 1
90 83 1
90 85 1
91 82 1
86 84 1
86 85 1
92 44 1
79 59 1
94 93 1
96 95 1
97 95 1
97 96 1
91 85 1
95 72 1
96 88 1
89 72 1
89 71 1
96 71 1
96 89 1
96 72 1
85 79 1
95 71 1
97 72 1
88 80 1
86 60 1
88 60 1
88 67 1
95 93 1
96 93 1
100 99 1
96 94 1
90 72 1
91 72 1
82 60 1
105 104 1
96 82 1
104 82 1
99 59 1
98 59 1
100 59 1
103 91 1
100 98 1
107 106 1
98 72 1
109 108 1
96 60 1
100 67 1
97 60 1
109 79 1
109 60 1
109 104 1
105 97 1
104 80 1
97 59 1
105 59 1
105 60 1
109 97 1
109 96 1
106 60 1
104 60 1
104 59 1
104 67 1
107 67 1
105 67 1
95 59 1
96 59 1
96 67 1
105 85 1
104 84 1
105 84 1
106 84 1
106 85 1
102 84 1
90 84 1
110 102 1
111 110 1
111 102 1
102 101 1
111 101 1
105 91 1
113 112 1
115 114 1
113 110 1
115 110 1
115 111 1
118 116 1
118 117 1
117 116 1
105 90 1
120 119 1
104 90 1
124 122 1
124 121 1
127 126 1
114 90 1
127 122 1
127 124 1
126 119 1
112 111 1
113 111 1
127 119 1
118 110 1
117 91 1
126 111 1
126 116 1
126 85 1
127 84 1
122 91 1
122 121 1
119 90 1
124 90 1
127 112 1
122 119 1
124 119 1
126 114 1
126 115 1
124 113 1
118 114 1
118 115 1
116 115 1
115 104 1
116 114 1
119 112 1
128 118 1
117 114 1
131 130 1
128 117 1
128 115 1
128 114 1
131 129 1
128 116 1
130 129 1
122 111 1
122 110 1
133 132 1
132 111 1
133 111 1
117 115 1
126 105 1
129 105 1
127 105 1
113 105 1
112 104 1
113 104 1
127 111 1
128 119 1
133 126 1
132 131 1
132 130 1
112 105 1
133 130 1
112 90 1
131 104 1
130 104 1
130 105 1
124 111 1
104 91 1
131 90 1
131 105 1
136 134 1
125 123 1
111 105 1
110 104 1
111 104 1
136 135 1
135 134 1
137 105 1
137 129 1
134 130 1
140 139 1
140 138 1
134 132 1
136 132 1
139 138 1
134 114 1
145 105 1
146 105 1
146 143 1
133 114 1
147 105 1
145 143 1
146 145 1
147 144 1
143 105 1
150 148 1
151 148 1
140 90 1
132 115 1
151 150 1
150 149 1
151 149 1
149 148 1
147 143 1
140 91 1
146 142 1
142 105 1
138 132 1
139 132 1
140 132 1
142 141 1
139 133 1
145 142 1
132 105 1
133 105 1
139 105 1
149 134 1
149 136 1
149 143 1
146 140 1
150 105 1
150 146 1
142 140 1
151 142 1
149 142 1
144 143 1
148 144 1
146 114 1
146 115 1
148 146 1
149 146 1
148 145 1
153 152 1
154 152 1
151 146 1
148 105 1
154 153 1
154 146 1
151 145 1
154 149 1
152 145 1
149 105 1
153 150 1
153 147 1
143 140 1
154 151 1
153 151 1
144 105 1
153 149 1
145 144 1
146 144 1
152 149 1
154 148 1
153 148 1
152 148 1
2 1 1
10 4 1
9 3 1
5 4 1
10 5 1
9 6 1
4 3 1
10 3 1
7 6 1
8 7 1
8 6 1
9 8 1
9 7 1
8 4 1
7 5 1
10 6 1
10 2 1
9 5 1
8 3 1
10 1 1
6 4 1
8 5 1
5 3 1
9 2 1
4 1 1
4 2 1
8 2 1
10 9 1
7 4 1
9 4 1
7 3 1
6 3 1
10 7 1
6 5 1
7 2 1
10 8 1
8 1 1
5 422 1
12 11 1
12 6 1
12 8 1
15 14 1
17 16 1
14 13 1
13 7 1
16 10 1
16 4 1
15 13 1
18 16 1
18 17 1
20 19 1
26 21 1
26 23 1
26 24 1
24 22 1
26 22 1
23 21 1
23 22 1
24 21 1
24 23 1
25 21 1
26 25 1
25 24 1
22 21 1
25 23 1
27 22 1
27 26 1
27 23 1
29 28 1
25 22 1
29 24 1
27 25 1
27 24 1
27 21 1
28 23 1
29 23 1
28 24 1
24 16 1
28 16 1
24 17 1
28 22 1
32 30 1
36 34 1
36 35 1
35 32 1
33 32 1
34 30 1
36 32 1
34 33 1
33 30 1
36 33 1
34 32 1
35 34 1
35 33 1
35 30 1
36 30 1
37 32 1
35 21 1
35 24 1
39 38 1
42 40 1
40 39 1
42 39 1
42 35 1
40 38 1
41 38 1
41 35 1
39 35 1
42 38 1
42 41 1
43 32 1
41 39 1
37 20 1
41 40 1
45 44 1
38 32 1
45 30 1
45 36 1
45 43 1
45 33 1
45 32 1
44 30 1
46 45 1
46 44 1
51 50 1
50 48 1
57 50 1
51 48 1
57 48 1
57 51 1
50 49 1
51 49 1
57 52 1
57 49 1
49 48 1
52 49 1
52 50 1
52 51 1
54 53 1
52 48 1
56 55 1
59 58 1
57 56 1
61 60 1
63 62 1
57 43 1
48 43 1
49 43 1
60 59 1
60 48 1
60 49 1
55 43 1
56 43 1
56 48 1
56 50 1
55 48 1
52 43 1
50 43 1
56 35 1
55 36 1
56 36 1
65 64 1
62 60 1
52 33 1
43 30 1
60 33 1
52 30 1
49 30 1
60 43 1
67 66 1
67 60 1
66 60 1
60 55 1
60 56 1
69 68 1
71 70 1
77 74 1
77 73 1
74 73 1
76 75 1
76 74 1
75 74 1
76 73 1
75 73 1
77 76 1
77 75 1
85 80 1
82 78 1
86 81 1
80 79 1
84 83 1
86 84 1
87 83 1
88 87 1
89 87 1
89 83 1
84 80 1
84 79 1
89 84 1
89 79 1
89 80 1
89 85 1
83 80 1
88 85 1
88 84 1
78 74 1
82 74 1
73 62 1
74 63 1
82 81 1
86 62 1
86 82 1
81 62 1
78 75 1
87 79 1
81 63 1
88 80 1
83 74 1
88 70 1
85 71 1
84 71 1
88 77 1
88 73 1
82 66 1
88 83 1
81 78 1
66 64 1
76 66 1
85 84 1
89 88 1
91 90 1
85 83 1
77 70 1
88 79 1
74 71 1
90 85 1
91 85 1
72 63 1
85 65 1
87 84 1
85 79 1
91 64 1
91 65 1
84 77 1
82 71 1
78 65 1
82 65 1
91 84 1
90 84 1
90 80 1
87 80 1
79 77 1
80 77 1
83 79 1
94 93 1
90 79 1
91 79 1
97 96 1
90 76 1
99 97 1
99 96 1
91 76 1
91 74 1
91 73 1
90 74 1
90 73 1
99 95 1
92 86 1
100 48 1
101 48 1
103 48 1
101 100 1
103 100 1
103 101 1
102 101 1
103 102 1
92 85 1
92 88 1
96 95 1
88 81 1
89 86 1
86 79 1
86 80 1
83 81 1
100 84 1
87 85 1
105 104 1
103 86 1
97 95 1
109 108 1
112 111 1
112 108 1
110 109 1
111 110 1
112 110 1
113 110 1
113 111 1
113 112 1
110 108 1
112 109 1
111 108 1
111 109 1
115 110 1
115 109 1
113 108 1
113 109 1
115 112 1
115 113 1
117 116 1
116 115 1
117 111 1
106 105 1
115 108 1
116 104 1
117 107 1
115 111 1
116 107 1
117 108 1
115 107 1
122 118 1
122 119 1
120 119 1
121 119 1
121 120 1
125 124 1
125 123 1
119 118 1
120 118 1
121 118 1
114 110 1
114 108 1
114 113 1
118 107 1
121 107 1
120 107 1
122 120 1
127 126 1
124 119 1
119 107 1
127 107 1
131 128 1
128 105 1
132 128 1
130 128 1
132 129 1
131 130 1
132 130 1
132 131 1
130 129 1
129 128 1
131 129 1
130 124 1
129 123 1
128 125 1
130 125 1
132 124 1
124 123 1
132 121 1
