1 422 1
6 3 1
3 2 1
4 3 1
4 2 1
6 2 1
5 4 1
6 4 1
5 2 1
9 7 1
12 7 1
8 7 1
9 8 1
12 8 1
12 9 1
5 3 1
6 5 1
12 2 1
8 2 1
11 10 1
11 9 1
12 6 1
8 5 1
8 6 1
12 5 1
11 4 1
10 9 1
7 5 1
14 13 1
8 3 1
7 6 1
12 3 1
8 4 1
7 2 1
7 4 1
3 422 1
3 1 1
12 4 1
14 3 1
13 4 1
7 3 1
16 15 1
24 18 1
18 17 1
22 18 1
24 20 1
20 17 1
21 20 1
21 19 1
21 18 1
22 17 1
24 19 1
19 18 1
21 17 1
24 17 1
22 21 1
20 19 1
24 22 1
22 19 1
19 17 1
22 20 1
20 18 1
24 21 1
29 25 1
30 26 1
17 4 1
20 8 1
2 1 1
28 27 1
21 2 1
30 28 1
14 12 1
30 27 1
27 26 1
20 3 1
20 2 1
30 15 1
26 15 1
20 14 1
27 15 1
9 5 1
9 2 1
30 16 1
21 14 1
9 4 1
28 15 1
18 14 1
10 2 1
31 30 1
11 2 1
10 5 1
33 32 1
29 13 1
32 26 1
36 34 1
37 34 1
37 36 1
37 35 1
36 35 1
35 34 1
9 422 1
39 38 1
38 34 1
41 40 1
39 37 1
19 14 1
39 34 1
23 17 1
32 27 1
40 37 1
39 36 1
40 35 1
26 6 1
27 18 1
27 24 1
32 20 1
31 20 1
31 25 1
31 17 1
26 2 1
19 6 1
41 8 1
26 17 1
40 20 1
40 30 1
22 11 1
37 21 1
18 10 1
18 11 1
24 10 1
19 10 1
19 11 1
37 26 1
31 27 1
29 26 1
24 11 1
36 3 1
20 422 1
44 43 1
42 10 1
34 17 1
34 11 1
36 28 1
34 28 1
43 3 1
17 422 1
17 11 1
44 3 1
42 28 1
35 13 1
35 14 1
46 45 1
28 2 1
27 2 1
28 4 1
28 11 1
9 1 1
45 4 1
48 47 1
47 2 1
44 422 1
44 1 1
44 27 1
44 28 1
27 3 1
28 3 1
27 5 1
45 34 1
46 36 1
44 5 1
46 25 1
46 29 1
37 3 1
42 3 1
25 21 1
25 4 1
47 25 1
29 4 1
47 29 1
48 29 1
47 4 1
39 29 1
30 14 1
48 25 1
37 29 1
34 21 1
47 21 1
34 30 1
21 6 1
47 39 1
38 25 1
38 17 1
45 10 1
42 24 1
21 10 1
49 21 1
48 17 1
24 14 1
48 4 1
44 7 1
50 48 1
49 29 1
44 9 1
50 47 1
10 7 1
52 51 1
45 31 1
25 6 1
25 3 1
38 31 1
46 31 1
45 39 1
29 27 1
29 28 1
29 3 1
52 13 1
52 46 1
56 55 1
57 56 1
57 55 1
56 53 1
55 53 1
57 53 1
56 47 1
56 38 1
57 38 1
52 47 1
54 53 1
59 58 1
55 39 1
52 14 1
62 61 1
63 61 1
61 60 1
62 60 1
63 60 1
63 62 1
62 13 1
62 14 1
63 13 1
61 13 1
56 14 1
57 14 1
60 13 1
55 14 1
63 14 1
60 14 1
62 57 1
65 64 1
67 66 1
68 63 1
68 13 1
68 62 1
68 61 1
68 64 1
70 69 1
64 61 1
64 63 1
74 72 1
73 72 1
74 73 1
66 38 1
65 56 1
73 71 1
74 71 1
61 38 1
63 38 1
66 65 1
75 53 1
75 69 1
75 70 1
68 66 1
66 13 1
66 59 1
66 64 1
64 58 1
72 14 1
74 14 1
58 13 1
74 66 1
74 58 1
77 76 1
72 71 1
74 39 1
77 53 1
65 63 1
74 63 1
73 63 1
76 60 1
74 64 1
77 60 1
72 65 1
74 13 1
72 64 1
76 63 1
74 65 1
79 78 1
81 80 1
82 80 1
82 81 1
85 83 1
73 39 1
85 84 1
84 83 1
87 86 1
84 80 1
83 82 1
88 83 1
83 80 1
86 83 1
86 84 1
88 63 1
90 89 1
83 81 1
84 82 1
87 83 1
87 82 1
87 80 1
89 60 1
93 92 1
95 94 1
96 94 1
93 91 1
89 87 1
89 83 1
94 91 1
96 91 1
96 93 1
95 93 1
94 92 1
95 92 1
66 53 1
96 92 1
96 95 1
94 93 1
95 87 1
81 66 1
82 66 1
90 85 1
82 67 1
80 66 1
80 65 1
80 64 1
80 53 1
95 88 1
83 66 1
84 66 1
88 64 1
88 65 1
89 66 1
85 81 1
98 97 1
98 93 1
98 96 1
92 91 1
98 91 1
90 83 1
98 95 1
80 79 1
102 100 1
100 95 1
103 101 1
100 94 1
102 94 1
102 91 1
102 95 1
101 100 1
95 91 1
100 98 1
84 81 1
98 94 1
93 66 1
91 66 1
101 95 1
86 85 1
103 96 1
94 86 1
95 86 1
94 85 1
93 85 1
95 85 1
95 66 1
96 86 1
93 86 1
91 86 1
94 66 1
91 87 1
93 87 1
93 83 1
94 83 1
96 87 1
105 104 1
101 97 1
100 86 1
94 84 1
96 85 1
100 81 1
82 69 1
107 106 1
108 107 1
85 53 1
108 106 1
91 83 1
105 85 1
104 101 1
104 85 1
105 101 1
101 85 1
87 85 1
90 66 1
101 98 1
104 86 1
81 69 1
98 85 1
97 85 1
100 91 1
100 93 1
102 93 1
98 84 1
96 66 1
105 94 1
106 85 1
107 85 1
111 110 1
102 92 1
69 53 1
110 106 1
105 66 1
105 67 1
104 66 1
102 87 1
103 97 1
103 98 1
110 107 1
106 98 1
108 97 1
107 98 1
108 98 1
110 98 1
102 86 1
109 96 1
101 96 1
112 59 1
109 100 1
115 112 1
109 102 1
97 96 1
111 107 1
111 98 1
101 86 1
101 87 1
114 112 1
106 79 1
106 101 1
100 92 1
98 79 1
115 114 1
92 86 1
103 93 1
106 100 1
117 94 1
101 79 1
117 91 1
100 79 1
117 92 1
117 93 1
101 92 1
102 101 1
101 93 1
107 100 1
107 103 1
108 100 1
99 90 1
108 102 1
98 78 1
107 92 1
107 91 1
102 79 1
93 79 1
107 93 1
107 94 1
102 78 1
109 79 1
117 96 1
109 98 1
106 97 1
107 97 1
102 96 1
116 97 1
117 102 1
117 100 1
103 100 1
117 101 1
117 103 1
115 86 1
103 99 1
119 118 1
103 90 1
101 99 1
112 87 1
101 90 1
100 90 1
116 93 1
100 99 1
102 99 1
111 101 1
110 101 1
94 90 1
110 103 1
111 103 1
115 87 1
112 97 1
117 86 1
97 79 1
116 82 1
116 81 1
122 120 1
120 81 1
120 82 1
110 90 1
124 121 1
123 121 1
122 82 1
124 123 1
101 81 1
116 101 1
120 102 1
112 91 1
103 102 1
124 81 1
122 101 1
124 116 1
115 93 1
94 87 1
97 94 1
117 98 1
124 102 1
86 78 1
98 87 1
96 79 1
103 92 1
90 86 1
126 125 1
126 102 1
120 103 1
120 117 1
118 103 1
119 103 1
121 120 1
124 117 1
103 94 1
118 79 1
126 118 1
127 87 1
127 93 1
123 90 1
127 92 1
98 92 1
126 78 1
126 110 1
114 113 1
118 117 1
127 117 1
121 98 1
120 96 1
118 91 1
125 122 1
122 96 1
110 70 1
122 110 1
90 70 1
120 70 1
126 108 1
128 126 1
127 124 1
128 106 1
127 94 1
128 108 1
126 92 1
130 129 1
118 106 1
117 107 1
126 70 1
128 118 1
124 107 1
98 70 1
124 108 1
127 106 1
125 108 1
119 117 1
97 70 1
128 87 1
128 70 1
133 71 1
132 71 1
131 71 1
133 131 1
132 131 1
136 131 1
133 132 1
107 70 1
108 70 1
128 107 1
136 71 1
136 132 1
124 122 1
136 133 1
126 107 1
124 120 1
134 133 1
134 132 1
134 131 1
136 134 1
130 120 1
135 131 1
135 133 1
112 70 1
106 87 1
107 87 1
136 135 1
108 87 1
135 132 1
127 97 1
126 114 1
126 75 1
127 98 1
128 112 1
135 134 1
132 121 1
112 107 1
107 75 1
129 118 1
112 69 1
130 118 1
112 98 1
127 108 1
114 98 1
133 117 1
98 69 1
128 115 1
135 117 1
132 117 1
133 92 1
131 91 1
133 112 1
129 108 1
131 106 1
135 114 1
132 128 1
138 137 1
132 112 1
130 108 1
132 119 1
135 87 1
128 127 1
140 139 1
118 112 1
127 118 1
140 137 1
113 112 1
127 119 1
114 106 1
114 107 1
115 107 1
112 106 1
115 106 1
137 127 1
138 127 1
138 119 1
138 118 1
140 135 1
139 131 1
139 135 1
140 131 1
137 135 1
138 135 1
138 133 1
137 131 1
133 127 1
137 132 1
139 136 1
131 127 1
138 132 1
140 136 1
135 127 1
137 130 1
132 127 1
141 139 1
139 127 1
142 130 1
132 87 1
139 132 1
140 127 1
139 87 1
140 87 1
136 127 1
131 87 1
136 87 1
143 136 1
143 133 1
143 134 1
143 87 1
143 131 1
143 132 1
134 127 1
143 130 1
129 127 1
129 87 1
130 127 1
143 129 1
1 422 1
2 1 1
2 422 1
4 3 1
5 4 1
5 3 1
9 6 1
8 7 1
9 7 1
10 422 1
13 11 1
13 12 1
12 11 1
6 422 1
10 5 1
12 10 1
13 10 1
9 1 1
10 7 1
10 8 1
15 14 1
9 422 1
11 422 1
16 10 1
16 422 1
17 422 1
19 18 1
20 18 1
20 19 1
17 16 1
22 21 1
24 23 1
26 25 1
24 422 1
24 18 1
28 27 1
30 29 1
23 16 1
16 15 1
25 22 1
30 27 1
29 28 1
17 7 1
20 17 1
28 23 1
28 24 1
20 422 1
28 26 1
27 26 1
18 7 1
26 18 1
26 7 1
32 31 1
34 33 1
35 33 1
35 34 1
37 36 1
29 26 1
30 7 1
21 18 1
26 8 1
26 24 1
31 21 1
16 14 1
37 35 1
28 21 1
31 28 1
31 27 1
37 31 1
39 38 1
27 21 1
42 40 1
43 41 1
42 41 1
41 40 1
43 40 1
43 42 1
35 28 1
44 16 1
38 35 1
33 18 1
34 18 1
47 45 1
27 22 1
46 45 1
47 46 1
30 28 1
42 7 1
29 7 1
40 7 1
45 41 1
49 7 1
49 48 1
39 21 1
47 28 1
52 50 1
36 21 1
48 37 1
48 36 1
54 53 1
53 37 1
53 51 1
51 36 1
54 51 1
53 36 1
52 51 1
56 55 1
54 21 1
45 35 1
58 57 1
55 53 1
51 28 1
57 28 1
55 48 1
56 48 1
57 48 1
57 55 1
56 49 1
51 34 1
51 33 1
58 48 1
57 49 1
60 59 1
57 18 1
53 18 1
59 51 1
60 34 1
60 35 1
59 55 1
60 56 1
59 56 1
50 18 1
52 18 1
61 54 1
59 57 1
57 56 1
50 35 1
52 34 1
50 34 1
44 18 1
50 16 1
50 44 1
44 19 1
52 44 1
52 16 1
57 52 1
63 62 1
63 49 1
63 16 1
58 18 1
59 52 1
60 18 1
60 57 1
66 65 1
65 64 1
66 64 1
67 65 1
67 64 1
67 66 1
69 68 1
70 68 1
63 60 1
70 69 1
62 59 1
63 59 1
62 60 1
72 71 1
71 61 1
61 59 1
71 59 1
72 61 1
69 63 1
70 62 1
69 50 1
70 63 1
69 64 1
75 73 1
77 75 1
76 74 1
77 74 1
78 74 1
76 73 1
77 76 1
77 73 1
78 73 1
78 77 1
72 69 1
70 61 1
74 73 1
75 74 1
73 68 1
78 75 1
81 80 1
82 80 1
71 62 1
82 79 1
80 79 1
84 83 1
71 18 1
84 82 1
82 81 1
81 78 1
84 78 1
83 82 1
83 78 1
84 80 1
81 79 1
79 52 1
84 77 1
84 74 1
87 85 1
86 85 1
87 86 1
85 78 1
89 88 1
72 18 1
61 18 1
91 90 1
84 81 1
92 90 1
63 18 1
92 91 1
62 18 1
78 72 1
84 61 1
78 61 1
87 78 1
89 61 1
95 75 1
95 74 1
96 93 1
91 61 1
94 93 1
80 61 1
95 86 1
95 87 1
92 86 1
86 78 1
87 74 1
95 78 1
95 77 1
77 18 1
78 18 1
91 63 1
91 62 1
98 97 1
85 77 1
103 99 1
91 78 1
103 100 1
100 99 1
101 100 1
101 99 1
103 101 1
106 104 1
105 104 1
104 102 1
85 74 1
86 77 1
98 81 1
98 80 1
105 102 1
87 63 1
91 74 1
85 63 1
101 85 1
87 62 1
86 63 1
101 62 1
101 86 1
100 62 1
100 95 1
86 62 1
100 87 1
100 66 1
100 64 1
108 107 1
101 87 1
87 66 1
85 64 1
100 67 1
101 64 1
100 85 1
85 62 1
107 94 1
92 77 1
109 107 1
107 104 1
107 86 1
107 87 1
108 86 1
94 86 1
111 110 1
101 78 1
92 81 1
101 91 1
107 64 1
104 93 1
113 112 1
114 113 1
115 113 1
114 112 1
115 112 1
104 89 1
118 117 1
116 113 1
118 59 1
116 115 1
113 92 1
121 119 1
115 114 1
122 119 1
120 119 1
107 67 1
121 120 1
122 120 1
122 121 1
113 59 1
107 102 1
115 59 1
110 82 1
111 82 1
102 64 1
116 112 1
80 66 1
107 82 1
108 66 1
118 114 1
102 81 1
102 94 1
102 80 1
107 79 1
108 79 1
114 92 1
102 79 1
93 81 1
107 59 1
94 81 1
105 80 1
107 80 1
107 81 1
116 114 1
82 66 1
118 116 1
118 110 1
109 103 1
113 94 1
113 105 1
113 102 1
105 81 1
102 82 1
116 102 1
105 79 1
81 67 1
104 97 1
111 98 1
110 98 1
116 80 1
110 97 1
109 101 1
109 99 1
81 64 1
100 98 1
107 100 1
116 81 1
116 82 1
100 88 1
105 100 1
116 110 1
110 107 1
116 107 1
98 59 1
118 64 1
97 59 1
118 66 1
108 105 1
120 100 1
113 60 1
116 60 1
120 101 1
112 110 1
64 59 1
111 107 1
67 60 1
64 60 1
67 59 1
124 123 1
115 107 1
105 103 1
119 113 1
101 98 1
114 107 1
121 113 1
105 99 1
105 101 1
113 107 1
112 107 1
121 114 1
102 101 1
121 118 1
118 102 1
113 101 1
118 105 1
117 107 1
118 107 1
119 112 1
118 98 1
119 116 1
123 104 1
117 98 1
121 116 1
126 125 1
128 125 1
128 126 1
110 102 1
120 89 1
129 126 1
129 128 1
118 103 1
129 127 1
127 125 1
127 126 1
128 127 1
129 125 1
125 107 1
128 107 1
125 108 1
128 108 1
118 97 1
122 118 1
122 98 1
120 98 1
113 110 1
122 97 1
106 105 1
131 94 1
115 94 1
131 130 1
115 96 1
98 88 1
130 108 1
131 126 1
131 129 1
123 98 1
132 108 1
131 88 1
135 134 1
122 89 1
131 119 1
117 103 1
130 121 1
131 117 1
129 122 1
136 121 1
128 122 1
122 101 1
121 100 1
126 108 1
121 103 1
122 100 1
120 99 1
122 99 1
138 137 1
128 121 1
136 108 1
121 108 1
136 117 1
121 117 1
130 117 1
131 118 1
130 128 1
129 108 1
140 139 1
136 129 1
138 135 1
136 118 1
135 118 1
131 124 1
134 124 1
130 124 1
135 128 1
135 129 1
134 129 1
134 126 1
134 128 1
134 127 1
140 130 1
136 125 1
140 136 1
135 127 1
135 126 1
140 98 1
140 97 1
125 97 1
139 126 1
140 129 1
139 138 1
126 117 1
129 117 1
129 118 1
135 123 1
134 123 1
140 123 1
139 124 1
135 124 1
143 141 1
142 141 1
143 142 1
147 144 1
146 144 1
145 144 1
146 145 1
147 145 1
147 146 1
148 147 1
148 145 1
148 144 1
148 146 1
151 149 1
150 149 1
151 150 1
149 144 1
150 144 1
149 148 1
150 146 1
151 147 1
151 145 1
150 147 1
151 141 1
149 141 1
145 136 1
148 136 1
141 136 1
151 144 1
143 136 1
151 148 1
142 136 1
150 148 1
152 150 1
155 153 1
152 148 1
154 153 1
155 154 1
149 145 1
152 146 1
155 147 1
152 147 1
144 141 1
150 142 1
155 142 1
151 146 1
154 148 1
155 144 1
144 142 1
154 146 1
146 142 1
154 142 1
154 147 1
147 142 1
152 144 1
157 156 1
150 145 1
152 149 1
152 145 1
156 149 1
152 151 1
149 146 1
157 146 1
157 149 1
157 155 1
154 144 1
153 150 1
5 1 1
6 1 1
3 1 1
3 2 1
6 422 1
6 3 1
2 1 1
6 2 1
1 422 1
3 422 1
2 422 1
5 3 1
9 8 1
15 10 1
5 422 1
5 2 1
14 12 1
10 8 1
16 3 1
5 4 1
4 422 1
4 3 1
13 12 1
12 8 1
16 2 1
13 2 1
13 6 1
11 8 1
16 8 1
15 8 1
13 8 1
18 17 1
13 11 1
18 13 1
18 10 1
18 15 1
16 13 1
16 11 1
21 20 1
23 22 1
20 11 1
22 20 1
25 11 1
24 11 1
25 24 1
21 11 1
27 26 1
31 30 1
31 28 1
31 29 1
33 32 1
29 28 1
35 34 1
35 27 1
34 27 1
34 26 1
34 28 1
37 36 1
51 39 1
51 40 1
41 40 1
51 41 1
44 42 1
41 39 1
46 43 1
40 38 1
44 41 1
46 44 1
45 38 1
43 38 1
43 42 1
44 38 1
40 39 1
44 43 1
43 41 1
42 38 1
46 42 1
39 38 1
45 43 1
51 44 1
51 43 1
46 38 1
44 40 1
46 40 1
51 38 1
49 48 1
42 40 1
42 41 1
45 44 1
49 47 1
48 47 1
51 46 1
41 38 1
46 45 1
51 42 1
48 39 1
45 41 1
42 39 1
51 47 1
50 47 1
51 49 1
50 49 1
51 45 1
50 48 1
45 39 1
45 40 1
46 41 1
53 52 1
52 51 1
53 49 1
43 40 1
47 44 1
53 38 1
53 45 1
52 41 1
53 41 1
52 38 1
48 42 1
48 41 1
44 39 1
43 39 1
45 42 1
54 50 1
47 42 1
52 45 1
52 42 1
52 47 1
53 44 1
52 44 1
52 43 1
53 43 1
52 39 1
52 40 1
54 48 1
46 39 1
57 56 1
56 55 1
39 33 1
57 55 1
51 50 1
54 51 1
49 38 1
54 47 1
48 44 1
51 48 1
53 42 1
55 49 1
57 49 1
56 49 1
61 60 1
59 58 1
58 49 1
58 54 1
59 47 1
59 49 1
53 51 1
61 42 1
53 40 1
61 44 1
61 37 1
52 48 1
61 36 1
61 58 1
61 59 1
52 46 1
53 46 1
60 59 1
58 56 1
52 49 1
58 43 1
44 37 1
58 41 1
60 51 1
47 39 1
61 51 1
53 39 1
49 39 1
63 62 1
65 64 1
62 38 1
63 38 1
63 43 1
62 51 1
58 45 1
58 51 1
48 38 1
62 40 1
63 51 1
63 55 1
67 66 1
73 66 1
73 67 1
66 56 1
73 56 1
68 51 1
70 68 1
69 68 1
69 51 1
70 69 1
70 51 1
71 68 1
68 56 1
71 69 1
64 62 1
71 70 1
71 56 1
74 72 1
74 56 1
72 56 1
76 75 1
69 65 1
67 63 1
74 70 1
76 62 1
77 62 1
75 68 1
75 71 1
75 70 1
78 75 1
78 76 1
80 79 1
74 37 1
80 74 1
80 72 1
81 75 1
84 82 1
84 83 1
83 82 1
85 75 1
77 73 1
86 83 1
86 66 1
88 87 1
87 66 1
88 66 1
87 86 1
90 89 1
91 89 1
91 90 1
88 86 1
71 66 1
70 66 1
68 66 1
85 76 1
87 75 1
91 86 1
91 83 1
77 76 1
77 75 1
93 92 1
94 93 1
95 93 1
94 92 1
95 94 1
83 77 1
95 92 1
83 62 1
93 62 1
89 75 1
90 76 1
90 75 1
91 87 1
87 83 1
90 88 1
96 87 1
93 87 1
93 91 1
98 97 1
98 92 1
92 86 1
95 84 1
100 99 1
102 101 1
101 94 1
105 104 1
105 103 1
104 103 1
104 101 1
103 101 1
104 100 1
105 100 1
103 100 1
103 98 1
104 98 1
105 98 1
105 86 1
104 86 1
103 86 1
104 83 1
110 107 1
110 108 1
109 108 1
108 107 1
110 109 1
109 107 1
114 113 1
116 115 1
119 118 1
115 86 1
116 86 1
115 83 1
116 83 1
121 120 1
123 122 1
124 122 1
123 121 1
124 123 1
128 125 1
127 126 1
125 119 1
128 118 1
128 119 1
131 130 1
132 130 1
132 131 1
132 119 1
128 127 1
135 133 1
135 134 1
134 133 1
134 127 1
135 125 1
133 125 1
133 127 1
135 131 1
135 130 1
137 136 1
131 123 1
136 126 1
137 126 1
132 123 1
132 122 1
133 124 1
142 141 1
138 119 1
132 127 1
140 119 1
138 127 1
142 140 1
140 139 1
138 129 1
142 139 1
138 125 1
132 126 1
131 127 1
131 126 1
141 139 1
131 124 1
132 124 1
140 131 1
140 132 1
140 130 1
140 137 1
136 125 1
143 123 1
141 124 1
139 124 1
141 140 1
140 133 1
141 134 1
142 134 1
137 125 1
138 136 1
140 127 1
140 138 1
146 144 1
145 144 1
146 145 1
140 125 1
138 137 1
144 137 1
148 147 1
151 148 1
151 149 1
151 147 1
151 136 1
149 147 1
151 137 1
150 147 1
150 149 1
149 148 1
153 152 1
150 148 1
155 154 1
154 152 1
151 150 1
153 148 1
127 125 1
154 150 1
144 138 1
148 138 1
145 138 1
155 150 1
155 153 1
154 153 1
145 125 1
142 127 1
157 156 1
154 149 1
153 150 1
151 142 1
147 142 1
150 140 1
149 140 1
149 142 1
147 139 1
150 139 1
159 142 1
156 153 1
156 155 1
149 139 1
158 147 1
147 140 1
156 140 1
160 154 1
150 142 1
142 126 1
149 126 1
156 149 1
159 140 1
160 155 1
159 139 1
162 161 1
163 149 1
150 143 1
163 143 1
161 151 1
162 151 1
162 148 1
165 164 1
160 152 1
149 143 1
165 151 1
160 153 1
154 143 1
162 143 1
161 143 1
161 153 1
160 146 1
155 152 1
165 146 1
165 145 1
3 2 1
2 1 1
3 1 1
5 4 1
14 6 1
7 6 1
14 7 1
11 10 1
18 10 1
18 11 1
15 10 1
23 8 1
10 8 1
14 11 1
20 11 1
23 7 1
19 7 1
9 6 1
20 14 1
16 15 1
16 6 1
19 8 1
12 11 1
8 7 1
15 13 1
19 9 1
23 19 1
12 7 1
23 10 1
13 10 1
19 17 1
9 7 1
16 13 1
19 14 1
18 15 1
19 6 1
12 10 1
18 16 1
22 21 1
23 14 1
20 8 1
20 17 1
17 8 1
12 6 1
15 12 1
20 7 1
15 7 1
23 13 1
18 14 1
20 18 1
18 12 1
17 13 1
19 15 1
17 16 1
13 8 1
15 6 1
20 15 1
12 9 1
16 8 1
16 12 1
23 18 1
15 9 1
20 12 1
23 17 1
23 16 1
18 6 1
17 15 1
17 12 1
11 8 1
17 9 1
13 6 1
8 6 1
12 8 1
20 6 1
16 14 1
17 6 1
23 6 1
16 7 1
17 7 1
15 8 1
10 6 1
23 15 1
19 11 1
18 17 1
22 12 1
32 24 1
28 24 1
28 27 1
32 27 1
31 28 1
38 30 1
32 31 1
36 32 1
31 24 1
36 24 1
30 24 1
30 27 1
21 17 1
36 35 1
40 36 1
19 13 1
23 22 1
21 8 1
35 24 1
17 10 1
26 17 1
40 34 1
26 10 1
34 28 1
17 11 1
26 11 1
41 37 1
33 27 1
36 34 1
33 32 1
11 6 1
34 30 1
30 28 1
36 30 1
40 29 1
34 31 1
33 30 1
34 27 1
35 33 1
35 34 1
40 35 1
26 25 1
38 31 1
38 34 1
40 30 1
38 24 1
26 23 1
39 32 1
31 27 1
37 27 1
40 27 1
18 13 1
37 24 1
39 37 1
36 28 1
40 39 1
33 31 1
35 31 1
40 31 1
19 12 1
41 27 1
37 31 1
26 14 1
36 31 1
39 30 1
35 27 1
26 12 1
38 35 1
37 35 1
38 37 1
26 15 1
23 12 1
41 33 1
41 30 1
41 31 1
37 30 1
38 27 1
16 11 1
41 36 1
41 32 1
41 28 1
34 29 1
37 32 1
40 32 1
37 28 1
18 8 1
35 30 1
41 34 1
34 32 1
16 10 1
19 10 1
38 33 1
41 39 1
14 422 1
23 422 1
43 41 1
31 30 1
17 14 1
14 8 1
26 8 1
15 11 1
34 24 1
20 19 1
39 34 1
41 4 1
27 5 1
34 4 1
40 38 1
26 19 1
23 11 1
40 24 1
34 33 1
37 33 1
35 28 1
43 34 1
35 32 1
26 7 1
38 32 1
22 18 1
36 27 1
38 36 1
26 13 1
32 30 1
32 28 1
39 31 1
39 38 1
41 35 1
26 16 1
26 20 1
40 28 1
14 13 1
21 15 1
43 31 1
39 35 1
13 7 1
33 24 1
14 10 1
20 10 1
41 38 1
39 27 1
39 33 1
39 24 1
39 29 1
39 28 1
19 18 1
44 37 1
40 37 1
44 40 1
48 46 1
47 25 1
50 49 1
51 49 1
51 50 1
54 53 1
56 55 1
58 57 1
61 60 1
60 59 1
61 59 1
65 62 1
63 62 1
65 63 1
64 62 1
65 64 1
64 63 1
61 58 1
66 52 1
68 66 1
67 66 1
68 67 1
67 64 1
70 67 1
70 69 1
67 59 1
69 64 1
60 52 1
69 66 1
70 66 1
69 67 1
69 68 1
70 68 1
70 62 1
69 62 1
70 64 1
70 65 1
72 71 1
74 73 1
74 72 1
73 71 1
74 71 1
73 72 1
75 52 1
70 58 1
69 58 1
77 75 1
77 76 1
74 58 1
69 56 1
69 55 1
74 66 1
76 75 1
70 63 1
78 62 1
78 64 1
78 63 1
78 65 1
67 55 1
67 56 1
81 75 1
82 69 1
82 56 1
79 66 1
79 67 1
81 80 1
76 68 1
83 67 1
83 68 1
82 68 1
83 69 1
83 82 1
76 67 1
86 85 1
85 84 1
86 84 1
85 76 1
83 66 1
86 66 1
86 69 1
85 82 1
88 87 1
87 85 1
91 87 1
91 88 1
93 92 1
94 92 1
94 93 1
92 90 1
94 90 1
97 95 1
97 94 1
101 100 1
101 90 1
100 96 1
99 98 1
104 103 1
107 105 1
107 106 1
110 108 1
109 108 1
110 109 1
111 109 1
111 110 1
111 108 1
110 107 1
114 112 1
113 112 1
114 113 1
116 115 1
119 118 1
123 122 1
122 120 1
119 114 1
119 113 1
124 120 1
121 114 1
121 113 1
124 114 1
124 112 1
126 125 1
124 121 1
129 128 1
120 119 1
120 118 1
124 119 1
124 118 1
129 127 1
128 127 1
128 125 1
124 116 1
127 117 1
129 126 1
127 125 1
129 125 1
128 122 1
