3 2 1
5 1 1
4 1 1
5 4 1
9 6 1
7 6 1
9 7 1
10 8 1
11 8 1
9 4 1
6 4 1
11 10 1
13 12 1
15 14 1
18 17 1
17 10 1
22 20 1
21 20 1
22 21 1
21 17 1
22 17 1
24 23 1
27 26 1
26 25 1
27 25 1
19 8 1
19 10 1
23 21 1
24 21 1
19 9 1
14 11 1
15 11 1
21 19 1
8 7 1
10 7 1
20 10 1
22 10 1
27 6 1
31 28 1
29 28 1
31 29 1
33 32 1
36 34 1
35 33 1
39 37 1
35 32 1
30 28 1
42 41 1
37 35 1
47 43 1
38 34 1
45 44 1
45 27 1
38 37 1
47 45 1
46 43 1
43 37 1
38 23 1
49 38 1
49 23 1
48 38 1
38 35 1
38 33 1
31 25 1
29 25 1
41 28 1
42 28 1
41 35 1
42 35 1
42 33 1
52 51 1
54 53 1
56 55 1
50 44 1
58 57 1
57 37 1
57 39 1
57 51 1
60 59 1
63 62 1
64 59 1
63 58 1
65 53 1
66 58 1
66 57 1
67 64 1
67 66 1
69 61 1
71 70 1
68 62 1
76 75 1
74 68 1
75 73 1
76 68 1
75 68 1
79 78 1
78 77 1
79 77 1
78 62 1
77 62 1
79 75 1
82 81 1
90 81 1
83 81 1
90 82 1
83 82 1
90 83 1
84 80 1
88 80 1
85 84 1
88 86 1
86 80 1
86 83 1
90 89 1
83 80 1
85 80 1
86 85 1
91 86 1
89 86 1
91 80 1
91 85 1
87 85 1
91 87 1
88 87 1
89 87 1
86 84 1
91 88 1
89 85 1
91 89 1
87 84 1
91 84 1
89 84 1
89 80 1
89 83 1
89 88 1
88 83 1
85 83 1
86 81 1
84 83 1
87 83 1
91 83 1
77 75 1
80 77 1
90 87 1
89 81 1
87 80 1
88 84 1
87 86 1
89 82 1
90 80 1
91 90 1
91 82 1
88 82 1
86 82 1
90 86 1
92 84 1
91 81 1
92 91 1
90 88 1
92 80 1
90 85 1
88 85 1
88 81 1
85 82 1
87 81 1
94 82 1
87 82 1
82 80 1
1 422 1
3 2 1
3 1 1
2 1 1
5 4 1
6 4 1
6 5 1
7 3 1
7 2 1
7 1 1
5 1 1
19 8 1
13 9 1
16 12 1
16 15 1
14 10 1
15 10 1
16 10 1
16 13 1
22 8 1
22 19 1
12 10 1
19 16 1
18 17 1
18 12 1
18 10 1
14 12 1
16 14 1
27 9 1
23 13 1
27 13 1
26 11 1
15 12 1
15 8 1
12 8 1
23 9 1
27 23 1
26 24 1
24 11 1
18 14 1
22 18 1
20 9 1
23 20 1
27 20 1
25 24 1
24 21 1
25 21 1
17 13 1
24 20 1
22 10 1
22 14 1
21 11 1
26 21 1
22 16 1
25 20 1
18 15 1
20 18 1
23 22 1
20 13 1
20 15 1
17 11 1
10 8 1
20 8 1
27 19 1
24 8 1
23 19 1
24 22 1
9 8 1
27 8 1
24 10 1
17 12 1
12 11 1
22 20 1
27 21 1
22 15 1
24 19 1
19 9 1
18 16 1
23 12 1
22 12 1
26 22 1
15 13 1
24 18 1
17 16 1
24 17 1
20 19 1
22 13 1
27 22 1
23 8 1
13 8 1
24 12 1
17 14 1
26 17 1
18 11 1
26 8 1
13 11 1
26 23 1
20 10 1
20 12 1
27 24 1
27 26 1
15 2 1
15 11 1
19 17 1
16 2 1
20 3 1
20 11 1
11 3 1
18 3 1
18 2 1
11 10 1
17 8 1
26 19 1
7 422 1
17 9 1
24 23 1
16 11 1
27 14 1
24 7 1
19 14 1
13 10 1
13 12 1
20 16 1
23 17 1
24 9 1
22 17 1
22 9 1
18 13 1
26 9 1
24 16 1
23 16 1
27 17 1
29 28 1
31 30 1
14 11 1
14 7 1
31 22 1
29 27 1
30 23 1
31 24 1
31 8 1
20 17 1
19 13 1
23 18 1
14 8 1
26 12 1
24 15 1
18 9 1
10 9 1
17 10 1
19 18 1
24 13 1
27 12 1
19 15 1
16 8 1
27 10 1
14 13 1
26 13 1
32 31 1
18 8 1
17 15 1
23 11 1
11 9 1
34 33 1
11 8 1
19 12 1
20 14 1
24 14 1
23 14 1
26 10 1
14 9 1
15 9 1
27 15 1
22 11 1
26 15 1
27 18 1
23 10 1
32 30 1
23 15 1
33 5 1
35 14 1
33 8 1
35 30 1
4 422 1
5 422 1
35 32 1
37 35 1
42 41 1
43 42 1
44 42 1
43 41 1
44 43 1
44 41 1
44 40 1
42 40 1
47 46 1
47 45 1
50 48 1
49 48 1
46 45 1
50 49 1
52 51 1
52 48 1
52 49 1
51 48 1
50 44 1
54 53 1
53 52 1
51 41 1
53 44 1
48 47 1
56 55 1
49 46 1
51 46 1
52 47 1
52 50 1
58 57 1
56 51 1
53 50 1
53 49 1
58 49 1
54 49 1
58 53 1
57 50 1
58 52 1
54 52 1
53 51 1
61 59 1
64 59 1
61 60 1
64 60 1
64 61 1
62 61 1
64 62 1
60 59 1
62 59 1
62 60 1
64 63 1
63 61 1
66 65 1
66 62 1
66 64 1
59 57 1
66 63 1
67 63 1
67 59 1
63 62 1
70 68 1
66 61 1
66 59 1
65 60 1
71 69 1
73 72 1
69 60 1
65 62 1
70 69 1
75 74 1
71 60 1
76 74 1
79 77 1
78 77 1
81 78 1
79 78 1
81 79 1
81 77 1
82 80 1
85 82 1
83 80 1
85 83 1
85 80 1
86 84 1
83 82 1
88 86 1
87 84 1
88 87 1
88 84 1
86 80 1
87 86 1
76 63 1
88 83 1
84 83 1
86 78 1
88 76 1
86 77 1
86 76 1
86 79 1
84 79 1
86 83 1
79 75 1
90 89 1
89 71 1
90 71 1
84 80 1
85 84 1
86 74 1
86 75 1
93 92 1
93 71 1
82 76 1
83 76 1
85 76 1
80 76 1
76 68 1
76 70 1
93 86 1
92 86 1
92 84 1
93 84 1
91 76 1
89 76 1
90 76 1
76 71 1
87 76 1
84 76 1
93 90 1
84 70 1
96 94 1
87 70 1
95 94 1
96 95 1
84 68 1
91 82 1
90 84 1
91 90 1
95 70 1
94 81 1
94 70 1
98 97 1
81 68 1
78 68 1
77 68 1
79 68 1
95 82 1
95 83 1
94 85 1
94 83 1
92 87 1
97 80 1
97 85 1
98 85 1
98 83 1
97 94 1
98 82 1
97 82 1
94 80 1
99 75 1
101 100 1
103 102 1
105 104 1
105 103 1
105 100 1
105 101 1
105 102 1
108 107 1
108 106 1
107 106 1
104 102 1
102 100 1
103 100 1
104 100 1
102 101 1
104 103 1
104 101 1
111 110 1
112 110 1
112 111 1
114 110 1
113 112 1
114 112 1
114 113 1
113 111 1
114 111 1
113 110 1
110 104 1
114 100 1
107 100 1
114 101 1
111 101 1
111 108 1
114 108 1
110 108 1
110 107 1
119 115 1
116 115 1
119 116 1
117 116 1
119 117 1
120 115 1
120 117 1
118 115 1
121 118 1
121 120 1
121 119 1
121 115 1
122 115 1
120 119 1
120 118 1
103 101 1
118 116 1
122 116 1
122 118 1
122 121 1
120 116 1
121 117 1
119 118 1
122 119 1
122 120 1
109 103 1
116 102 1
118 103 1
118 117 1
122 102 1
119 102 1
121 116 1
122 117 1
115 113 1
117 115 1
111 100 1
110 100 1
119 113 1
115 100 1
119 100 1
116 100 1
115 109 1
118 100 1
116 101 1
120 114 1
118 113 1
121 113 1
117 114 1
116 114 1
121 114 1
122 114 1
122 111 1
120 113 1
125 124 1
125 100 1
125 101 1
115 114 1
109 100 1
109 101 1
117 111 1
125 105 1
113 105 1
119 114 1
118 114 1
127 126 1
124 105 1
127 104 1
127 105 1
127 124 1
131 130 1
128 105 1
131 129 1
131 127 1
129 105 1
130 105 1
131 105 1
130 129 1
124 120 1
135 134 1
136 135 1
136 134 1
138 137 1
138 136 1
137 136 1
138 135 1
139 117 1
10 7 1
12 8 1
5 4 1
3 422 1
11 2 1
12 11 1
3 1 1
9 2 1
8 422 1
6 1 1
6 3 1
5 422 1
1 422 1
8 1 1
5 1 1
8 3 1
8 5 1
5 3 1
14 13 1
16 15 1
18 17 1
19 17 1
19 18 1
21 20 1
21 14 1
20 14 1
21 17 1
23 22 1
26 24 1
26 25 1
25 24 1
27 25 1
30 28 1
27 22 1
17 14 1
18 14 1
25 22 1
27 21 1
25 21 1
32 31 1
32 29 1
22 15 1
22 16 1
31 26 1
22 21 1
22 20 1
35 34 1
24 20 1
29 21 1
37 36 1
29 20 1
33 27 1
35 27 1
34 27 1
35 18 1
25 18 1
36 26 1
29 27 1
29 25 1
31 15 1
32 15 1
36 28 1
40 38 1
39 38 1
40 39 1
35 26 1
42 41 1
42 39 1
38 35 1
41 34 1
42 36 1
38 34 1
42 34 1
33 30 1
36 16 1
37 16 1
39 35 1
37 28 1
41 28 1
33 25 1
33 29 1
28 16 1
36 30 1
34 33 1
35 29 1
41 36 1
41 37 1
37 31 1
28 26 1
30 24 1
36 18 1
36 17 1
44 43 1
40 34 1
43 24 1
41 17 1
41 26 1
42 26 1
30 18 1
41 40 1
46 45 1
45 17 1
46 17 1
47 45 1
50 48 1
49 48 1
50 49 1
44 32 1
44 36 1
50 47 1
48 46 1
47 46 1
52 51 1
48 43 1
50 28 1
54 30 1
54 53 1
55 53 1
55 54 1
52 36 1
56 26 1
57 56 1
45 37 1
45 36 1
53 45 1
54 45 1
54 47 1
55 46 1
60 58 1
57 38 1
56 38 1
57 40 1
62 61 1
59 46 1
59 45 1
40 31 1
56 50 1
65 64 1
56 54 1
57 54 1
57 55 1
56 55 1
56 53 1
57 53 1
61 59 1
59 50 1
62 59 1
70 67 1
68 67 1
69 68 1
70 68 1
69 67 1
70 69 1
72 66 1
72 71 1
71 66 1
74 71 1
74 66 1
74 72 1
73 72 1
73 71 1
74 73 1
71 58 1
58 38 1
63 59 1
74 67 1
71 67 1
72 67 1
71 68 1
71 69 1
74 69 1
74 68 1
72 68 1
75 31 1
74 59 1
68 40 1
74 70 1
74 46 1
71 45 1
72 69 1
77 76 1
80 79 1
81 74 1
81 68 1
81 67 1
81 69 1
84 83 1
85 76 1
85 77 1
79 69 1
82 68 1
87 86 1
82 74 1
88 86 1
88 87 1
95 83 1
90 83 1
95 90 1
93 91 1
92 89 1
94 83 1
93 89 1
95 94 1
91 89 1
95 92 1
95 88 1
97 96 1
98 96 1
90 86 1
95 86 1
98 97 1
96 91 1
95 82 1
94 82 1
89 87 1
98 82 1
94 87 1
96 92 1
97 92 1
101 82 1
99 82 1
101 99 1
102 101 1
91 82 1
102 82 1
93 82 1
102 99 1
102 100 1
101 100 1
103 82 1
97 82 1
96 94 1
97 94 1
99 93 1
98 94 1
98 93 1
98 92 1
100 82 1
104 90 1
100 99 1
104 80 1
90 89 1
100 79 1
100 80 1
107 106 1
99 80 1
108 106 1
101 80 1
108 107 1
103 92 1
110 109 1
103 83 1
103 95 1
91 88 1
103 90 1
112 111 1
106 86 1
108 87 1
109 92 1
106 103 1
107 88 1
103 87 1
107 87 1
112 109 1
109 91 1
92 87 1
112 88 1
112 93 1
115 114 1
114 113 1
115 113 1
110 103 1
117 116 1
121 118 1
119 118 1
121 119 1
116 109 1
107 93 1
120 116 1
120 107 1
121 103 1
116 103 1
117 103 1
119 117 1
118 117 1
115 103 1
1 422 1
3 2 1
5 4 1
7 6 1
3 422 1
3 1 1
7 3 1
6 422 1
6 3 1
9 8 1
4 1 1
4 422 1
5 422 1
11 10 1
17 12 1
16 14 1
14 13 1
17 14 1
13 12 1
17 13 1
19 18 1
19 15 1
18 15 1
17 16 1
18 13 1
15 13 1
16 12 1
18 16 1
19 12 1
15 12 1
19 13 1
19 14 1
18 12 1
16 15 1
15 14 1
18 14 1
16 13 1
14 12 1
21 20 1
14 4 1
23 22 1
21 15 1
21 18 1
18 422 1
18 1 1
15 1 1
21 422 1
19 1 1
25 24 1
27 26 1
30 28 1
19 422 1
21 12 1
33 31 1
31 11 1
30 21 1
28 21 1
34 28 1
23 13 1
31 12 1
34 27 1
32 13 1
33 12 1
33 13 1
31 27 1
32 12 1
33 32 1
33 30 1
34 31 1
38 37 1
41 37 1
41 38 1
34 23 1
36 28 1
28 24 1
30 24 1
36 25 1
36 24 1
36 31 1
43 40 1
36 33 1
42 28 1
42 23 1
39 25 1
42 22 1
45 44 1
47 44 1
47 45 1
39 31 1
47 46 1
31 24 1
44 41 1
46 41 1
43 37 1
40 37 1
41 40 1
42 30 1
40 31 1
32 31 1
43 24 1
43 36 1
32 24 1
40 36 1
41 24 1
47 36 1
45 36 1
44 36 1
38 34 1
44 42 1
47 42 1
50 49 1
37 30 1
41 36 1
37 36 1
49 46 1
42 38 1
42 41 1
42 37 1
41 39 1
44 40 1
47 40 1
53 51 1
52 51 1
44 37 1
45 38 1
38 35 1
44 38 1
47 38 1
47 37 1
37 9 1
55 54 1
44 32 1
47 32 1
42 36 1
42 39 1
57 56 1
55 53 1
54 53 1
57 48 1
41 34 1
57 32 1
57 38 1
57 37 1
37 32 1
57 54 1
56 54 1
49 44 1
56 9 1
49 43 1
59 58 1
62 60 1
63 60 1
63 62 1
63 61 1
62 61 1
61 60 1
61 59 1
51 47 1
51 44 1
51 45 1
52 44 1
65 64 1
53 49 1
51 49 1
53 52 1
67 66 1
64 53 1
70 68 1
65 51 1
71 70 1
69 68 1
71 68 1
65 53 1
70 53 1
70 69 1
70 51 1
73 72 1
71 69 1
75 51 1
75 73 1
75 72 1
77 76 1
72 70 1
75 70 1
72 68 1
75 68 1
73 69 1
75 74 1
78 75 1
76 72 1
79 64 1
82 79 1
80 79 1
81 79 1
81 80 1
72 60 1
82 80 1
81 76 1
85 83 1
80 78 1
83 64 1
84 65 1
86 84 1
84 83 1
86 85 1
79 67 1
82 81 1
89 65 1
89 88 1
84 68 1
86 68 1
84 71 1
86 71 1
86 70 1
84 69 1
84 70 1
89 83 1
91 64 1
91 90 1
91 65 1
83 82 1
87 67 1
79 75 1
91 87 1
91 79 1
91 80 1
92 90 1
90 65 1
93 92 1
94 90 1
86 78 1
86 80 1
94 64 1
94 65 1
89 79 1
86 67 1
70 67 1
89 70 1
88 70 1
96 94 1
90 70 1
97 96 1
91 82 1
95 90 1
79 69 1
79 70 1
68 67 1
96 68 1
96 71 1
96 70 1
69 67 1
84 79 1
89 69 1
89 85 1
83 69 1
83 68 1
96 78 1
100 98 1
101 98 1
83 70 1
100 99 1
101 100 1
93 70 1
97 78 1
101 99 1
99 98 1
101 88 1
98 88 1
83 78 1
102 99 1
104 103 1
104 89 1
99 93 1
103 98 1
100 81 1
101 78 1
100 78 1
101 96 1
99 80 1
104 101 1
103 101 1
98 75 1
101 84 1
101 86 1
103 96 1
103 93 1
104 93 1
107 106 1
98 74 1
104 91 1
103 91 1
100 93 1
100 92 1
93 78 1
101 83 1
96 91 1
112 108 1
117 91 1
111 109 1
110 109 1
117 109 1
111 110 1
117 110 1
117 111 1
119 109 1
119 110 1
106 105 1
119 111 1
122 115 1
116 115 1
122 116 1
116 114 1
119 117 1
122 118 1
117 113 1
122 114 1
113 110 1
113 109 1
118 115 1
122 120 1
120 114 1
106 102 1
107 102 1
123 120 1
120 116 1
123 121 1
121 120 1
123 116 1
121 116 1
122 107 1
98 83 1
98 85 1
107 101 1
107 98 1
124 116 1
98 78 1
125 124 1
106 98 1
125 116 1
127 126 1
126 116 1
128 126 1
109 78 1
128 127 1
128 116 1
122 85 1
127 116 1
122 98 1
102 67 1
129 128 1
107 83 1
111 106 1
130 129 1
130 128 1
109 83 1
106 83 1
106 85 1
116 109 1
116 107 1
126 125 1
126 78 1
109 106 1
117 106 1
131 129 1
131 130 1
131 128 1
130 67 1
123 109 1
117 98 1
120 109 1
116 83 1
102 101 1
132 128 1
130 116 1
116 108 1
102 100 1
124 83 1
134 133 1
133 121 1
133 123 1
134 78 1
125 121 1
102 98 1
129 123 1
133 129 1
124 78 1
124 121 1
126 123 1
125 110 1
125 111 1
136 135 1
137 135 1
138 135 1
138 136 1
130 108 1
125 108 1
133 117 1
124 111 1
138 137 1
124 119 1
124 109 1
109 100 1
137 136 1
129 125 1
130 125 1
133 124 1
124 102 1
125 102 1
125 101 1
137 134 1
138 134 1
134 108 1
138 108 1
137 108 1
134 112 1
135 134 1
116 99 1
135 101 1
138 126 1
124 98 1
125 98 1
124 99 1
125 99 1
138 99 1
134 102 1
126 98 1
134 98 1
133 98 1
126 99 1
127 99 1
138 101 1
126 101 1
116 101 1
