1 422 1
4 3 1
2 1 1
5 4 1
5 3 1
5 1 1
4 1 1
4 2 1
7 6 1
9 6 1
8 6 1
3 1 1
9 7 1
9 1 1
8 7 1
9 8 1
6 5 1
7 5 1
9 5 1
9 4 1
7 4 1
6 4 1
6 1 1
9 3 1
7 3 1
12 11 1
12 1 1
11 1 1
12 10 1
2 422 1
12 7 1
12 9 1
14 13 1
15 11 1
15 12 1
17 16 1
18 16 1
18 17 1
19 17 1
17 13 1
15 14 1
18 13 1
16 13 1
19 15 1
22 21 1
23 21 1
21 10 1
23 22 1
28 25 1
29 26 1
29 27 1
26 25 1
27 25 1
30 25 1
30 27 1
30 26 1
30 29 1
28 26 1
29 28 1
28 27 1
32 31 1
32 24 1
29 25 1
28 22 1
25 22 1
26 23 1
26 21 1
28 23 1
30 28 1
27 26 1
34 33 1
32 25 1
35 34 1
35 33 1
27 13 1
31 23 1
25 13 1
32 21 1
32 30 1
32 27 1
32 29 1
31 29 1
31 27 1
37 36 1
36 25 1
37 25 1
34 25 1
34 26 1
35 25 1
33 25 1
35 28 1
34 22 1
35 21 1
34 23 1
34 21 1
35 22 1
33 23 1
35 23 1
33 21 1
36 35 1
33 30 1
34 27 1
36 23 1
22 13 1
29 13 1
35 30 1
30 13 1
35 27 1
23 13 1
30 23 1
27 23 1
27 21 1
34 30 1
32 23 1
36 32 1
23 20 1
34 32 1
33 32 1
31 21 1
34 31 1
32 22 1
40 39 1
41 20 1
42 41 1
43 42 1
43 41 1
38 34 1
41 39 1
39 38 1
43 39 1
45 44 1
43 34 1
43 19 1
43 16 1
46 29 1
49 46 1
47 46 1
49 47 1
45 42 1
45 43 1
49 48 1
48 47 1
48 46 1
47 19 1
48 19 1
39 34 1
40 34 1
51 50 1
39 16 1
42 40 1
46 16 1
49 16 1
43 40 1
53 52 1
54 52 1
55 52 1
58 53 1
55 53 1
55 54 1
58 52 1
56 54 1
40 16 1
56 53 1
56 55 1
57 55 1
56 52 1
57 56 1
57 54 1
48 39 1
49 39 1
47 40 1
57 52 1
57 53 1
54 53 1
48 40 1
48 43 1
51 43 1
49 43 1
58 54 1
57 39 1
52 40 1
54 43 1
55 43 1
57 40 1
47 16 1
44 39 1
58 56 1
42 16 1
56 42 1
52 43 1
54 16 1
54 51 1
58 55 1
59 51 1
62 60 1
61 60 1
65 61 1
62 61 1
65 60 1
65 62 1
63 60 1
63 61 1
63 62 1
65 63 1
61 16 1
52 38 1
53 42 1
59 38 1
42 38 1
67 66 1
61 43 1
64 61 1
43 38 1
67 65 1
61 58 1
62 58 1
69 68 1
63 52 1
70 69 1
62 56 1
65 57 1
72 71 1
65 43 1
61 56 1
66 57 1
67 56 1
59 42 1
58 57 1
72 47 1
62 43 1
76 55 1
76 74 1
48 42 1
76 75 1
75 74 1
72 59 1
64 48 1
72 68 1
71 68 1
69 43 1
69 42 1
76 73 1
77 66 1
78 77 1
81 80 1
84 80 1
80 79 1
82 80 1
81 79 1
84 79 1
82 79 1
81 59 1
82 81 1
84 81 1
83 82 1
82 71 1
83 79 1
83 80 1
83 81 1
84 83 1
82 63 1
84 82 1
73 68 1
85 46 1
85 62 1
85 47 1
85 49 1
80 73 1
79 43 1
79 74 1
84 43 1
83 42 1
83 76 1
83 43 1
79 68 1
75 38 1
76 43 1
75 42 1
79 69 1
75 62 1
74 62 1
85 74 1
85 75 1
85 76 1
75 68 1
82 75 1
82 74 1
82 69 1
82 68 1
68 62 1
82 62 1
80 68 1
80 62 1
85 80 1
81 74 1
88 87 1
77 76 1
78 74 1
92 90 1
91 90 1
92 91 1
92 89 1
93 90 1
90 89 1
93 91 1
93 89 1
93 92 1
83 73 1
77 75 1
95 94 1
95 90 1
95 93 1
88 83 1
91 89 1
94 74 1
94 75 1
99 98 1
98 92 1
98 91 1
99 93 1
99 90 1
95 92 1
94 93 1
94 90 1
94 91 1
94 89 1
95 91 1
95 77 1
94 77 1
99 97 1
98 97 1
99 96 1
99 89 1
99 92 1
97 92 1
93 83 1
90 88 1
100 98 1
99 91 1
100 99 1
103 101 1
103 102 1
102 101 1
102 99 1
103 99 1
90 83 1
101 99 1
101 97 1
103 97 1
103 100 1
100 97 1
101 88 1
102 88 1
103 88 1
101 83 1
103 83 1
102 83 1
90 84 1
106 104 1
106 105 1
105 104 1
106 92 1
106 90 1
104 92 1
104 89 1
104 90 1
109 92 1
109 90 1
109 104 1
109 83 1
104 83 1
106 83 1
111 83 1
108 107 1
114 113 1
118 116 1
117 116 1
120 118 1
120 117 1
121 119 1
120 116 1
115 111 1
118 117 1
123 122 1
122 120 1
122 116 1
124 118 1
124 117 1
124 120 1
123 111 1
122 111 1
123 121 1
121 111 1
123 119 1
122 119 1
119 111 1
123 113 1
123 114 1
122 113 1
122 114 1
3 1 1
3 2 1
3 422 1
2 1 1
1 422 1
2 422 1
6 5 1
7 5 1
7 4 1
7 6 1
6 4 1
5 4 1
10 8 1
12 10 1
10 9 1
9 8 1
13 10 1
14 12 1
13 9 1
13 8 1
11 8 1
14 13 1
11 10 1
14 10 1
14 7 1
12 9 1
10 5 1
17 15 1
16 15 1
15 9 1
15 7 1
17 6 1
14 11 1
14 6 1
17 7 1
19 18 1
17 13 1
12 11 1
14 9 1
11 9 1
17 14 1
10 7 1
10 4 1
9 5 1
9 6 1
9 4 1
9 7 1
14 2 1
19 17 1
15 14 1
21 10 1
24 22 1
24 23 1
23 22 1
17 5 1
25 8 1
18 10 1
25 10 1
18 9 1
25 12 1
21 12 1
25 9 1
20 10 1
22 10 1
22 8 1
22 9 1
22 12 1
24 9 1
27 26 1
20 12 1
15 4 1
26 7 1
12 8 1
26 15 1
25 21 1
21 9 1
15 8 1
15 5 1
31 30 1
33 32 1
35 34 1
36 34 1
36 35 1
38 37 1
41 40 1
42 40 1
48 40 1
36 30 1
42 41 1
48 41 1
48 42 1
48 44 1
38 36 1
38 34 1
45 39 1
52 41 1
43 39 1
36 33 1
53 49 1
56 54 1
58 54 1
60 54 1
55 44 1
55 46 1
45 40 1
49 40 1
50 43 1
50 41 1
45 41 1
45 42 1
42 39 1
55 50 1
66 61 1
61 53 1
61 49 1
36 32 1
46 44 1
52 42 1
61 51 1
66 54 1
47 46 1
51 48 1
58 56 1
65 63 1
43 42 1
66 58 1
61 58 1
66 53 1
55 53 1
48 46 1
56 43 1
59 56 1
59 51 1
52 50 1
53 46 1
56 45 1
45 43 1
41 39 1
59 41 1
60 59 1
59 49 1
52 39 1
61 44 1
61 55 1
61 46 1
57 40 1
60 49 1
64 60 1
60 57 1
57 45 1
32 30 1
49 41 1
50 45 1
66 55 1
53 42 1
53 52 1
53 51 1
60 40 1
58 55 1
60 45 1
55 48 1
52 46 1
60 56 1
52 48 1
61 42 1
43 41 1
65 62 1
56 47 1
49 43 1
60 43 1
59 45 1
49 45 1
50 49 1
61 52 1
53 48 1
53 39 1
46 39 1
56 40 1
66 42 1
51 42 1
54 44 1
58 44 1
52 44 1
50 40 1
59 40 1
58 42 1
44 39 1
66 48 1
55 39 1
54 42 1
57 56 1
56 49 1
56 50 1
59 43 1
61 39 1
66 44 1
51 39 1
52 51 1
58 39 1
50 47 1
43 40 1
56 41 1
66 52 1
58 46 1
64 43 1
64 50 1
61 54 1
59 50 1
61 48 1
54 48 1
66 39 1
44 42 1
66 37 1
58 51 1
55 52 1
54 52 1
40 36 1
50 35 1
45 35 1
54 51 1
41 31 1
46 42 1
41 30 1
55 42 1
45 36 1
60 36 1
51 44 1
69 68 1
70 69 1
71 69 1
70 68 1
71 68 1
54 39 1
53 45 1
46 40 1
47 45 1
58 52 1
54 53 1
51 46 1
59 47 1
58 53 1
40 31 1
55 54 1
71 70 1
48 39 1
68 62 1
66 51 1
71 65 1
71 31 1
60 50 1
53 44 1
66 46 1
58 48 1
50 32 1
60 41 1
54 46 1
55 33 1
71 38 1
44 37 1
54 37 1
61 38 1
72 71 1
65 40 1
42 31 1
46 31 1
65 41 1
65 45 1
52 31 1
53 31 1
58 31 1
74 73 1
57 50 1
51 41 1
60 42 1
54 41 1
60 48 1
58 41 1
75 63 1
66 31 1
74 46 1
71 46 1
61 50 1
76 75 1
77 75 1
77 76 1
50 42 1
66 50 1
74 52 1
53 40 1
55 40 1
61 40 1
61 59 1
59 54 1
59 42 1
66 59 1
66 43 1
66 40 1
59 48 1
66 41 1
55 45 1
50 46 1
58 43 1
59 52 1
50 39 1
51 43 1
61 41 1
58 40 1
40 39 1
52 49 1
61 43 1
54 50 1
66 57 1
59 39 1
49 31 1
50 48 1
49 44 1
60 39 1
54 43 1
44 40 1
59 44 1
51 50 1
44 41 1
52 43 1
52 45 1
71 50 1
59 53 1
60 58 1
55 49 1
44 43 1
47 43 1
59 55 1
60 55 1
66 45 1
58 50 1
49 39 1
61 45 1
58 49 1
53 41 1
80 79 1
59 58 1
51 49 1
46 45 1
79 67 1
58 45 1
66 49 1
79 78 1
55 41 1
49 42 1
49 46 1
83 81 1
82 81 1
83 47 1
85 84 1
83 82 1
86 84 1
92 84 1
86 85 1
92 85 1
45 44 1
57 46 1
52 40 1
92 86 1
83 43 1
96 87 1
88 87 1
98 87 1
98 88 1
83 48 1
92 89 1
83 66 1
98 80 1
88 80 1
92 88 1
97 90 1
101 93 1
89 88 1
88 84 1
83 46 1
79 58 1
101 100 1
102 101 1
95 29 1
88 29 1
101 95 1
83 54 1
89 84 1
60 53 1
93 87 1
103 90 1
97 88 1
96 94 1
89 86 1
96 84 1
98 29 1
94 86 1
103 100 1
83 61 1
100 96 1
95 90 1
104 103 1
93 88 1
83 39 1
97 89 1
89 46 1
98 90 1
92 46 1
83 41 1
86 29 1
105 97 1
97 29 1
93 84 1
93 89 1
105 93 1
105 84 1
103 101 1
92 29 1
104 94 1
104 90 1
100 93 1
93 86 1
99 88 1
57 53 1
57 48 1
48 45 1
101 90 1
101 98 1
104 98 1
98 94 1
94 90 1
93 85 1
93 90 1
105 90 1
99 81 1
100 85 1
62 52 1
83 42 1
87 81 1
96 29 1
99 96 1
105 85 1
81 55 1
82 55 1
100 97 1
105 100 1
71 39 1
90 85 1
87 29 1
87 84 1
83 58 1
83 52 1
82 48 1
102 98 1
100 29 1
109 107 1
107 106 1
102 99 1
82 53 1
103 95 1
91 87 1
108 107 1
87 61 1
71 47 1
71 41 1
100 39 1
99 29 1
107 51 1
107 49 1
109 83 1
109 106 1
87 41 1
91 66 1
104 101 1
98 92 1
109 108 1
104 85 1
87 86 1
108 106 1
102 88 1
98 84 1
99 86 1
88 86 1
102 86 1
103 86 1
94 89 1
90 84 1
102 85 1
85 29 1
107 92 1
100 86 1
90 88 1
104 84 1
105 104 1
89 85 1
89 29 1
102 89 1
103 92 1
108 101 1
101 86 1
102 29 1
100 95 1
97 87 1
104 100 1
94 93 1
95 93 1
96 86 1
108 30 1
101 94 1
101 88 1
95 89 1
98 89 1
100 84 1
101 99 1
99 94 1
101 29 1
71 62 1
71 30 1
94 88 1
101 87 1
109 31 1
100 90 1
97 92 1
91 85 1
99 93 1
98 95 1
101 97 1
104 97 1
98 93 1
104 89 1
91 84 1
105 99 1
104 92 1
105 88 1
82 52 1
82 66 1
101 92 1
82 51 1
77 62 1
102 100 1
77 71 1
104 99 1
90 29 1
97 85 1
104 93 1
104 102 1
102 84 1
87 85 1
112 110 1
100 94 1
94 85 1
100 99 1
114 52 1
98 85 1
114 113 1
112 88 1
88 62 1
83 49 1
81 41 1
81 42 1
81 49 1
112 29 1
112 111 1
104 87 1
88 85 1
85 62 1
105 77 1
102 96 1
113 66 1
77 29 1
98 96 1
102 65 1
104 88 1
103 84 1
99 85 1
114 71 1
100 89 1
95 85 1
102 92 1
105 89 1
92 73 1
105 73 1
105 101 1
95 84 1
84 29 1
102 90 1
114 66 1
88 78 1
90 78 1
101 89 1
103 89 1
94 92 1
92 90 1
105 103 1
99 87 1
113 52 1
103 98 1
101 85 1
102 87 1
105 79 1
94 84 1
108 31 1
101 79 1
105 86 1
97 84 1
103 97 1
101 80 1
99 92 1
93 79 1
85 80 1
107 77 1
77 73 1
89 80 1
89 79 1
107 73 1
100 79 1
94 79 1
99 89 1
99 95 1
114 107 1
108 73 1
100 98 1
98 79 1
91 90 1
104 95 1
99 79 1
105 92 1
105 102 1
92 91 1
105 87 1
105 29 1
104 86 1
93 80 1
86 79 1
98 86 1
95 92 1
112 66 1
100 92 1
93 29 1
95 87 1
90 87 1
109 52 1
90 77 1
103 77 1
90 86 1
97 86 1
92 87 1
114 106 1
104 91 1
101 91 1
114 112 1
95 86 1
97 95 1
96 93 1
101 84 1
100 78 1
95 80 1
79 29 1
95 79 1
103 85 1
104 79 1
89 87 1
99 84 1
103 29 1
93 92 1
85 79 1
106 77 1
102 95 1
103 91 1
104 29 1
112 84 1
120 116 1
120 115 1
116 115 1
88 79 1
120 118 1
117 116 1
104 80 1
103 79 1
103 80 1
105 98 1
103 88 1
118 115 1
105 78 1
113 79 1
114 80 1
115 114 1
79 66 1
98 78 1
120 117 1
113 80 1
80 66 1
114 79 1
93 78 1
121 119 1
104 78 1
85 78 1
118 116 1
96 92 1
79 52 1
97 93 1
89 78 1
78 29 1
92 78 1
125 123 1
125 122 1
131 122 1
123 122 1
117 85 1
116 85 1
120 85 1
103 102 1
100 87 1
118 97 1
131 126 1
117 92 1
91 86 1
116 78 1
96 95 1
116 80 1
80 78 1
118 117 1
94 29 1
117 115 1
87 66 1
101 52 1
52 29 1
66 29 1
113 112 1
95 91 1
96 88 1
103 93 1
121 92 1
119 113 1
105 94 1
128 127 1
125 79 1
129 127 1
129 128 1
130 127 1
124 123 1
130 129 1
130 128 1
84 66 1
127 79 1
127 123 1
121 78 1
119 78 1
110 85 1
130 78 1
127 125 1
127 122 1
128 78 1
129 78 1
122 78 1
112 85 1
124 122 1
93 91 1
127 105 1
133 97 1
133 132 1
127 78 1
132 105 1
133 105 1
132 29 1
133 29 1
96 89 1
95 88 1
123 92 1
123 93 1
126 85 1
125 124 1
102 94 1
134 128 1
134 127 1
134 130 1
134 129 1
126 103 1
130 126 1
130 94 1
137 136 1
139 137 1
136 135 1
140 138 1
142 138 1
139 138 1
141 138 1
137 135 1
142 139 1
133 112 1
141 139 1
130 66 1
142 141 1
140 139 1
133 92 1
138 136 1
145 143 1
146 145 1
146 143 1
144 143 1
146 144 1
133 87 1
132 90 1
143 141 1
141 140 1
139 127 1
138 129 1
139 129 1
138 128 1
137 134 1
141 134 1
143 138 1
143 129 1
136 130 1
143 139 1
139 87 1
144 87 1
138 92 1
144 92 1
134 92 1
142 136 1
145 112 1
139 136 1
148 147 1
142 137 1
142 140 1
138 137 1
147 142 1
128 123 1
128 122 1
130 123 1
130 122 1
146 134 1
134 122 1
129 125 1
130 125 1
144 84 1
143 134 1
147 123 1
147 127 1
125 90 1
147 130 1
136 102 1
141 123 1
142 125 1
139 125 1
140 123 1
138 123 1
142 123 1
139 123 1
142 127 1
145 127 1
148 139 1
147 143 1
148 143 1
147 146 1
146 137 1
149 92 1
143 125 1
147 125 1
149 147 1
143 123 1
149 102 1
149 123 1
143 102 1
146 102 1
147 139 1
143 94 1
143 122 1
143 92 1
146 92 1
148 125 1
148 123 1
148 122 1
148 124 1
139 102 1
149 139 1
149 86 1
141 94 1
140 137 1
143 140 1
149 84 1
139 134 1
127 84 1
151 150 1
130 102 1
134 102 1
128 102 1
158 153 1
152 150 1
150 149 1
150 140 1
149 91 1
151 86 1
141 86 1
159 154 1
155 154 1
159 155 1
156 154 1
159 156 1
157 156 1
157 154 1
157 155 1
159 157 1
152 142 1
156 155 1
158 138 1
154 152 1
155 152 1
158 152 1
153 152 1
156 152 1
157 153 1
161 160 1
161 158 1
160 154 1
160 156 1
161 154 1
160 157 1
161 157 1
163 162 1
164 162 1
164 163 1
162 157 1
163 157 1
163 154 1
163 156 1
164 156 1
166 165 1
163 159 1
164 154 1
162 154 1
165 154 1
165 161 1
169 168 1
172 170 1
171 170 1
165 155 1
174 173 1
173 167 1
174 167 1
172 171 1
176 175 1
177 176 1
177 175 1
175 171 1
179 178 1
180 178 1
180 179 1
183 180 1
183 181 1
181 179 1
182 179 1
182 178 1
183 182 1
182 180 1
182 181 1
183 179 1
183 178 1
184 171 1
184 177 1
184 175 1
185 155 1
188 187 1
188 186 1
189 188 1
187 186 1
189 187 1
181 180 1
189 186 1
181 178 1
188 181 1
188 183 1
188 180 1
188 179 1
181 164 1
184 162 1
184 172 1
192 190 1
191 190 1
192 191 1
168 155 1
193 191 1
193 190 1
193 192 1
195 194 1
182 162 1
197 196 1
197 195 1
189 182 1
189 183 1
196 183 1
187 183 1
196 187 1
186 182 1
188 182 1
187 180 1
200 199 1
181 176 1
193 183 1
191 181 1
193 181 1
195 179 1
199 176 1
200 180 1
190 188 1
199 180 1
192 188 1
200 181 1
200 179 1
191 186 1
199 162 1
195 162 1
201 162 1
199 195 1
200 171 1
193 171 1
191 171 1
201 171 1
201 195 1
2 1 1
3 2 1
3 1 1
6 5 1
6 4 1
5 4 1
7 5 1
7 6 1
1 422 1
12 11 1
7 4 1
15 13 1
14 13 1
16 13 1
15 14 1
16 14 1
16 15 1
9 8 1
17 2 1
14 2 1
21 20 1
23 21 1
22 21 1
22 20 1
19 18 1
23 20 1
25 24 1
25 18 1
18 422 1
26 23 1
24 18 1
23 18 1
25 23 1
19 2 1
32 27 1
30 28 1
30 29 1
29 27 1
30 27 1
32 30 1
32 29 1
35 33 1
33 31 1
35 31 1
35 34 1
34 33 1
23 22 1
13 5 1
14 6 1
24 13 1
34 31 1
32 28 1
33 32 1
20 12 1
34 32 1
35 32 1
20 2 1
33 2 1
33 20 1
20 17 1
23 2 1
22 2 1
28 27 1
33 17 1
35 26 1
33 26 1
35 17 1
34 26 1
35 6 1
29 28 1
24 21 1
37 36 1
33 16 1
33 13 1
40 39 1
19 8 1
42 39 1
44 39 1
41 39 1
42 41 1
41 40 1
44 41 1
42 40 1
44 40 1
44 42 1
39 19 1
43 39 1
43 41 1
43 40 1
27 26 1
29 21 1
43 37 1
29 13 1
46 45 1
23 16 1
27 13 1
27 16 1
21 16 1
43 42 1
30 16 1
38 36 1
48 47 1
46 44 1
44 43 1
38 37 1
44 30 1
43 30 1
41 30 1
40 32 1
44 32 1
40 30 1
35 18 1
31 18 1
46 36 1
31 17 1
34 2 1
46 37 1
41 35 1
34 17 1
50 49 1
45 37 1
46 38 1
52 51 1
54 36 1
40 36 1
56 55 1
58 57 1
54 2 1
58 56 1
54 49 1
58 46 1
67 61 1
63 61 1
67 62 1
67 63 1
62 61 1
70 64 1
63 62 1
68 65 1
70 62 1
67 64 1
64 62 1
54 46 1
65 62 1
69 66 1
72 66 1
68 62 1
74 71 1
64 49 1
72 69 1
75 73 1
71 67 1
74 61 1
74 67 1
74 63 1
77 76 1
65 61 1
65 63 1
67 65 1
77 62 1
65 64 1
76 62 1
77 64 1
76 67 1
55 46 1
68 61 1
80 71 1
75 63 1
73 61 1
83 82 1
85 84 1
88 84 1
86 84 1
86 85 1
88 85 1
83 63 1
91 86 1
89 87 1
91 84 1
88 86 1
91 88 1
90 87 1
90 89 1
91 85 1
64 63 1
89 85 1
94 92 1
93 92 1
94 93 1
96 95 1
95 50 1
96 50 1
99 97 1
95 93 1
96 46 1
98 46 1
96 86 1
63 37 1
75 62 1
79 78 1
80 68 1
80 65 1
100 79 1
64 61 1
87 86 1
90 86 1
100 87 1
77 75 1
87 79 1
99 92 1
92 85 1
94 86 1
100 90 1
92 84 1
92 86 1
99 87 1
76 50 1
100 61 1
101 77 1
101 76 1
101 37 1
97 90 1
102 37 1
97 86 1
67 58 1
67 57 1
89 81 1
100 86 1
86 65 1
88 65 1
86 68 1
84 80 1
90 80 1
77 37 1
102 77 1
79 62 1
91 89 1
104 103 1
77 65 1
98 96 1
98 95 1
100 67 1
102 101 1
100 88 1
100 84 1
92 89 1
84 79 1
100 85 1
94 77 1
86 79 1
101 68 1
104 101 1
104 65 1
103 65 1
103 68 1
100 63 1
100 62 1
98 50 1
74 55 1
65 50 1
92 54 1
103 98 1
98 51 1
98 68 1
106 105 1
99 84 1
86 63 1
98 65 1
108 100 1
108 79 1
108 107 1
106 80 1
105 80 1
98 74 1
107 80 1
61 54 1
104 51 1
83 51 1
103 51 1
84 62 1
92 55 1
109 59 1
98 86 1
99 86 1
100 52 1
70 55 1
61 36 1
63 36 1
101 86 1
100 74 1
72 71 1
72 51 1
101 91 1
93 86 1
66 51 1
71 52 1
92 37 1
110 59 1
92 77 1
101 92 1
114 110 1
113 110 1
101 93 1
100 71 1
107 100 1
107 74 1
107 71 1
114 80 1
63 54 1
62 54 1
80 72 1
114 113 1
72 59 1
114 59 1
109 72 1
114 72 1
95 61 1
114 109 1
95 62 1
98 92 1
95 63 1
97 84 1
98 84 1
109 69 1
81 55 1
91 77 1
92 36 1
80 55 1
105 71 1
114 69 1
90 77 1
107 79 1
92 67 1
81 64 1
67 54 1
110 109 1
99 51 1
94 65 1
97 93 1
101 50 1
110 66 1
110 72 1
80 36 1
97 67 1
104 93 1
104 92 1
87 84 1
67 36 1
62 36 1
93 63 1
104 36 1
101 62 1
104 54 1
104 62 1
95 70 1
94 54 1
98 93 1
93 54 1
74 62 1
99 65 1
109 66 1
77 54 1
97 68 1
98 77 1
93 77 1
100 66 1
100 72 1
66 59 1
93 37 1
109 63 1
109 62 1
87 65 1
93 80 1
111 94 1
92 61 1
92 62 1
90 74 1
100 92 1
99 80 1
96 84 1
105 84 1
105 65 1
97 65 1
110 107 1
95 84 1
116 77 1
115 97 1
115 99 1
120 92 1
120 36 1
111 100 1
111 79 1
119 118 1
64 36 1
119 103 1
92 79 1
92 64 1
120 97 1
92 68 1
80 74 1
120 68 1
110 97 1
77 74 1
123 122 1
122 121 1
123 121 1
124 121 1
80 77 1
124 122 1
124 123 1
123 64 1
112 111 1
122 99 1
124 99 1
104 98 1
107 95 1
100 95 1
121 118 1
121 119 1
114 66 1
108 96 1
108 50 1
125 77 1
108 86 1
118 110 1
114 104 1
124 118 1
124 98 1
118 109 1
109 104 1
127 88 1
109 88 1
88 50 1
114 77 1
129 128 1
129 84 1
77 71 1
98 72 1
127 118 1
108 98 1
129 127 1
129 119 1
128 119 1
129 118 1
127 119 1
124 110 1
128 118 1
129 110 1
129 114 1
130 114 1
107 105 1
130 110 1
87 72 1
125 37 1
104 72 1
90 72 1
109 90 1
109 98 1
96 80 1
96 89 1
98 59 1
109 74 1
121 105 1
104 69 1
104 66 1
110 71 1
71 66 1
106 104 1
74 59 1
104 71 1
105 104 1
74 72 1
118 71 1
127 104 1
127 105 1
92 66 1
66 36 1
120 72 1
120 66 1
92 72 1
72 36 1
131 112 1
131 74 1
112 74 1
132 131 1
130 111 1
128 111 1
127 110 1
127 98 1
129 111 1
118 106 1
118 105 1
127 109 1
105 92 1
110 79 1
110 108 1
135 133 1
134 133 1
135 134 1
136 134 1
110 100 1
136 133 1
136 135 1
132 118 1
131 118 1
128 107 1
129 107 1
129 112 1
120 107 1
132 112 1
132 129 1
132 128 1
131 129 1
139 138 1
138 137 1
139 137 1
131 128 1
138 135 1
139 107 1
138 133 1
138 136 1
137 136 1
128 100 1
130 100 1
131 100 1
129 79 1
138 134 1
132 100 1
132 110 1
132 107 1
118 72 1
132 101 1
118 66 1
125 101 1
106 86 1
139 135 1
135 132 1
130 101 1
108 101 1
135 100 1
129 101 1
130 129 1
130 119 1
129 59 1
132 108 1
109 101 1
138 59 1
138 109 1
109 107 1
131 81 1
135 66 1
135 91 1
132 119 1
132 104 1
135 88 1
138 88 1
138 86 1
88 66 1
138 91 1
138 104 1
138 98 1
139 86 1
98 66 1
138 66 1
133 118 1
133 132 1
136 118 1
135 118 1
138 118 1
110 88 1
138 131 1
130 118 1
133 131 1
133 110 1
131 110 1
127 126 1
130 127 1
133 127 1
136 131 1
136 132 1
137 130 1
141 140 1
139 130 1
132 88 1
110 105 1
122 117 1
123 117 1
121 117 1
124 117 1
133 125 1
136 125 1
134 125 1
135 125 1
139 132 1
129 88 1
141 88 1
140 132 1
142 140 1
144 143 1
148 145 1
147 146 1
149 146 1
149 147 1
137 101 1
138 129 1
141 138 1
139 101 1
150 136 1
152 150 1
152 151 1
151 150 1
154 153 1
155 154 1
150 143 1
155 145 1
152 144 1
155 153 1
151 140 1
150 141 1
150 140 1
152 141 1
153 140 1
155 141 1
152 129 1
150 129 1
153 129 1
143 129 1
153 151 1
153 150 1
155 152 1
154 129 1
154 152 1
159 156 1
156 129 1
158 157 1
159 158 1
153 139 1
158 156 1
160 156 1
160 158 1
160 157 1
131 127 1
161 129 1
162 161 1
162 129 1
159 157 1
162 82 1
157 156 1
155 138 1
150 138 1
161 127 1
151 138 1
144 139 1
160 159 1
163 158 1
143 139 1
144 138 1
154 146 1
154 147 1
153 145 1
155 148 1
161 138 1
153 148 1
162 153 1
162 158 1
158 155 1
159 153 1
162 156 1
161 160 1
160 153 1
160 154 1
157 153 1
161 154 1
162 132 1
166 164 1
165 164 1
145 132 1
160 145 1
156 148 1
168 167 1
158 153 1
166 165 1
167 145 1
168 145 1
167 148 1
161 143 1
161 144 1
167 164 1
160 155 1
168 156 1
167 154 1
167 156 1
161 150 1
161 151 1
168 160 1
167 66 1
147 66 1
168 149 1
169 151 1
169 150 1
169 143 1
169 156 1
158 150 1
149 66 1
165 66 1
164 158 1
156 144 1
160 144 1
165 156 1
164 156 1
164 157 1
164 161 1
164 162 1
161 158 1
162 160 1
161 156 1
161 148 1
3 422 1
2 422 1
4 2 1
4 422 1
4 3 1
3 2 1
2 1 1
1 422 1
4 1 1
6 5 1
12 7 1
12 9 1
11 9 1
10 9 1
11 7 1
8 7 1
12 10 1
11 10 1
12 11 1
15 13 1
14 13 1
15 14 1
9 7 1
14 7 1
9 2 1
9 1 1
17 16 1
11 2 1
18 17 1
14 2 1
14 1 1
18 16 1
15 7 1
21 20 1
23 22 1
17 9 1
16 10 1
20 7 1
20 14 1
28 27 1
7 422 1
28 26 1
17 422 1
29 28 1
27 17 1
27 4 1
28 4 1
29 27 1
16 13 1
31 30 1
32 31 1
32 30 1
31 26 1
35 34 1
37 36 1
37 13 1
30 28 1
30 27 1
39 38 1
39 32 1
41 40 1
40 13 1
42 13 1
26 3 1
46 45 1
47 45 1
47 46 1
44 36 1
42 40 1
38 3 1
53 48 1
53 47 1
51 50 1
52 51 1
51 47 1
50 47 1
53 40 1
63 54 1
56 54 1
43 39 1
48 13 1
58 56 1
57 55 1
59 57 1
59 55 1
63 60 1
62 60 1
63 62 1
65 64 1
61 60 1
61 55 1
55 54 1
59 56 1
60 58 1
65 45 1
60 54 1
52 50 1
67 66 1
61 58 1
60 47 1
60 51 1
63 50 1
60 45 1
60 46 1
63 46 1
61 46 1
63 61 1
63 45 1
55 51 1
57 51 1
60 53 1
62 53 1
57 50 1
69 68 1
61 53 1
55 50 1
54 51 1
62 61 1
60 13 1
57 47 1
60 42 1
63 42 1
64 50 1
60 55 1
57 45 1
55 47 1
57 56 1
62 45 1
59 45 1
65 51 1
59 47 1
60 48 1
63 53 1
63 48 1
48 47 1
38 13 1
51 48 1
42 38 1
66 58 1
58 41 1
45 33 1
39 13 1
58 51 1
63 51 1
58 48 1
63 58 1
59 54 1
61 51 1
46 40 1
60 50 1
47 35 1
54 47 1
62 51 1
48 40 1
66 50 1
61 45 1
61 47 1
57 35 1
51 40 1
62 48 1
66 51 1
66 40 1
69 40 1
57 54 1
63 55 1
40 35 1
67 51 1
69 51 1
57 36 1
60 59 1
50 40 1
58 47 1
58 37 1
55 36 1
55 37 1
59 37 1
53 42 1
53 13 1
69 50 1
26 13 1
58 54 1
71 70 1
53 44 1
44 39 1
69 64 1
53 39 1
48 39 1
71 26 1
47 13 1
45 42 1
45 13 1
63 13 1
58 13 1
63 44 1
55 43 1
43 37 1
52 47 1
54 43 1
63 47 1
55 48 1
59 48 1
54 48 1
51 42 1
45 44 1
61 50 1
60 44 1
55 39 1
69 47 1
68 45 1
69 45 1
69 63 1
69 58 1
47 43 1
56 55 1
69 13 1
75 73 1
74 73 1
76 73 1
73 72 1
74 72 1
75 74 1
76 74 1
75 72 1
76 72 1
73 70 1
53 41 1
76 75 1
66 60 1
73 71 1
71 60 1
73 13 1
55 13 1
69 41 1
74 60 1
66 46 1
78 77 1
54 13 1
60 38 1
69 60 1
69 61 1
39 34 1
59 34 1
62 58 1
72 69 1
74 47 1
75 47 1
47 41 1
71 62 1
67 50 1
73 60 1
78 61 1
72 47 1
80 79 1
76 47 1
82 81 1
76 45 1
76 46 1
81 79 1
81 80 1
82 80 1
72 40 1
74 48 1
82 79 1
84 56 1
87 84 1
85 84 1
87 85 1
87 56 1
87 86 1
81 40 1
81 51 1
81 50 1
82 40 1
89 88 1
89 55 1
90 88 1
78 50 1
89 87 1
88 87 1
81 48 1
83 50 1
78 71 1
78 73 1
90 84 1
90 89 1
86 81 1
71 50 1
81 78 1
91 88 1
88 66 1
88 50 1
93 92 1
66 52 1
67 52 1
89 84 1
80 48 1
91 87 1
94 58 1
92 91 1
79 48 1
80 53 1
91 83 1
91 81 1
83 74 1
92 81 1
93 81 1
92 78 1
97 96 1
96 95 1
97 95 1
93 78 1
103 97 1
91 72 1
88 80 1
90 80 1
88 79 1
92 90 1
81 72 1
84 58 1
97 93 1
78 72 1
98 92 1
96 92 1
79 72 1
53 49 1
78 75 1
98 97 1
99 98 1
101 100 1
103 96 1
94 88 1
103 95 1
103 100 1
103 101 1
78 76 1
80 78 1
91 78 1
102 90 1
80 72 1
80 71 1
79 71 1
88 84 1
105 104 1
79 73 1
75 70 1
100 98 1
84 81 1
98 82 1
97 81 1
104 81 1
104 82 1
105 82 1
102 76 1
91 76 1
104 71 1
104 74 1
95 74 1
105 94 1
102 79 1
95 72 1
95 73 1
91 89 1
104 79 1
103 72 1
109 107 1
97 74 1
91 90 1
103 76 1
103 74 1
97 72 1
113 112 1
85 80 1
79 58 1
96 76 1
96 72 1
111 72 1
108 107 1
100 71 1
107 106 1
75 71 1
102 71 1
102 74 1
102 75 1
102 72 1
111 73 1
112 106 1
106 71 1
106 73 1
112 71 1
112 73 1
103 98 1
86 85 1
108 106 1
111 48 1
111 53 1
113 106 1
112 70 1
104 87 1
111 110 1
112 104 1
112 101 1
83 48 1
112 105 1
113 104 1
101 98 1
83 53 1
113 105 1
115 114 1
113 84 1
113 87 1
100 84 1
101 53 1
101 95 1
87 48 1
94 53 1
87 53 1
114 70 1
117 116 1
84 53 1
101 97 1
94 48 1
118 117 1
116 104 1
116 72 1
94 87 1
87 83 1
87 58 1
107 84 1
107 87 1
116 98 1
115 98 1
116 114 1
104 70 1
101 87 1
105 73 1
104 73 1
106 83 1
118 116 1
112 87 1
106 58 1
107 58 1
122 120 1
121 120 1
126 125 1
125 123 1
122 121 1
126 123 1
105 98 1
119 98 1
106 53 1
100 73 1
106 103 1
94 73 1
131 129 1
129 127 1
120 116 1
130 127 1
130 129 1
131 128 1
130 128 1
131 130 1
131 127 1
120 118 1
119 70 1
120 102 1
128 120 1
129 128 1
125 124 1
124 123 1
128 127 1
123 72 1
119 104 1
132 79 1
132 80 1
104 94 1
123 94 1
107 104 1
107 72 1
115 105 1
72 53 1
118 106 1
124 104 1
123 73 1
105 70 1
110 72 1
123 107 1
117 105 1
123 53 1
124 72 1
102 84 1
107 94 1
123 104 1
121 53 1
127 121 1
115 111 1
114 107 1
105 72 1
105 102 1
132 73 1
114 104 1
117 104 1
136 135 1
128 73 1
107 83 1
127 53 1
115 104 1
127 83 1
117 87 1
123 87 1
111 58 1
49 48 1
133 131 1
139 138 1
117 113 1
118 113 1
123 110 1
124 117 1
117 84 1
125 84 1
141 140 1
142 140 1
129 110 1
135 87 1
142 141 1
138 131 1
144 118 1
138 129 1
119 109 1
144 122 1
124 106 1
127 106 1
125 105 1
144 121 1
131 123 1
148 146 1
147 146 1
138 135 1
146 104 1
147 104 1
137 117 1
116 73 1
137 58 1
142 134 1
145 79 1
128 123 1
118 105 1
128 125 1
125 79 1
116 105 1
137 116 1
145 124 1
107 80 1
141 107 1
144 80 1
132 129 1
147 79 1
145 140 1
145 123 1
131 84 1
141 123 1
151 150 1
84 79 1
140 84 1
133 130 1
152 150 1
145 80 1
147 140 1
106 80 1
148 147 1
154 153 1
147 127 1
140 106 1
141 106 1
145 141 1
155 105 1
150 110 1
146 113 1
139 129 1
155 123 1
123 105 1
146 105 1
150 112 1
154 127 1
135 84 1
136 84 1
155 150 1
105 84 1
153 129 1
145 138 1
134 131 1
154 150 1
150 145 1
151 145 1
129 79 1
129 80 1
153 132 1
154 132 1
155 135 1
139 130 1
139 128 1
139 127 1
152 151 1
145 84 1
150 79 1
145 143 1
159 117 1
159 158 1
87 79 1
150 141 1
151 79 1
151 132 1
140 80 1
142 80 1
141 79 1
150 132 1
151 140 1
151 141 1
151 142 1
159 80 1
150 142 1
159 132 1
150 140 1
161 160 1
132 110 1
157 156 1
