44 146 4
44 357 4
176 294 4
73 85 4
73 317 4
176 250 4
178 225 4
112 250 4
85 190 4
85 291 4
220 364 4
39 85 4
85 329 4
38 73 4
2 220 4
73 334 4
42 44 4
73 309 4
39 133 4
36 39 4
283 294 4
70 85 4
68 112 4
73 138 4
2 77 4
73 360 4
44 128 4
77 119 4
73 201 4
293 294 4
280 291 4
47 77 4
225 360 4
44 219 4
133 248 4
321 335 4
44 131 4
85 315 4
112 140 4
44 77 4
44 238 4
195 315 4
178 195 4
50 178 4
41 73 4
219 226 4
60 219 4
15 73 4
2 141 4
73 160 4
151 195 4
138 272 4
44 208 4
3 85 4
87 133 4
2 341 4
39 48 4
208 281 4
281 324 4
133 224 4
195 233 4
10 133 4
57 73 4
73 231 4
73 232 4
55 238 4
198 329 4
188 281 4
39 329 4
321 330 4
44 324 4
44 97 4
44 65 4
103 178 4
107 195 4
44 142 4
160 300 4
85 229 4
126 294 4
85 121 4
73 153 4
73 180 4
50 238 4
69 73 4
73 93 4
85 292 4
44 167 4
73 279 4
44 343 4
44 87 4
67 73 4
14 178 4
298 321 4
65 147 4
52 309 4
73 149 4
229 290 4
220 265 4
10 208 4
73 90 4
202 293 4
2 162 4
128 219 4
307 321 4
36 314 4
47 240 4
39 130 4
104 341 4
252 309 4
128 351 4
178 272 4
73 164 4
36 267 4
69 245 4
45 138 4
189 281 4
73 215 4
153 205 4
3 248 4
57 317 4
55 226 4
85 209 4
85 207 4
169 225 4
123 153 4
85 261 4
2 255 4
90 347 4
170 315 4
85 322 4
73 96 4
178 192 4
44 299 4
34 73 4
9 85 4
267 321 4
85 189 4
131 135 4
17 42 4
180 317 4
94 335 4
73 302 4
113 133 4
335 351 4
126 128 4
17 73 4
73 243 4
176 212 4
44 157 4
25 208 4
73 320 4
44 98 4
85 317 4
216 267 4
44 340 4
85 252 4
178 226 4
2 311 4
44 354 4
215 286 4
180 272 4
4 294 4
98 128 4
163 220 4
44 130 4
73 247 4
178 338 4
148 299 4
7 315 4
44 276 4
127 335 4
73 219 4
151 178 4
262 290 4
97 318 4
2 46 4
150 267 4
85 109 4
27 135 4
73 214 4
28 281 4
153 274 4
73 248 4
73 224 4
73 200 4
85 187 4
46 85 4
38 195 4
85 112 4
39 46 4
107 281 4
73 130 4
236 324 4
85 221 4
14 133 4
4 207 4
195 234 4
44 285 4
19 39 4
37 85 4
26 294 4
30 126 4
77 100 4
85 148 4
44 181 4
87 97 4
44 182 4
11 85 4
23 133 4
178 364 4
103 248 4
22 201 4
83 87 4
89 291 4
87 241 4
85 264 4
44 109 4
44 172 4
317 332 4
80 286 4
117 294 4
44 309 4
2 121 4
44 55 4
109 219 4
31 44 4
73 128 4
130 247 4
44 189 4
103 294 4
44 280 4
59 85 4
158 267 4
44 74 4
195 363 4
44 266 4
293 359 4
280 355 4
104 195 4
291 335 4
3 361 4
316 355 4
2 155 4
85 150 4
67 281 4
64 335 4
63 73 4
36 174 4
2 7 4
65 335 4
73 220 4
46 82 4
20 214 4
115 252 4
85 138 4
133 256 4
39 165 4
47 112 4
9 73 4
84 267 4
50 187 4
128 317 4
271 329 4
75 133 4
172 335 4
43 341 4
289 329 4
156 351 4
73 330 4
19 324 4
85 332 4
44 73 4
201 330 4
2 322 4
73 95 4
84 354 4
35 195 4
207 247 4
85 180 4
5 281 4
147 312 4
73 230 4
130 195 4
73 333 4
57 78 4
195 348 4
180 273 4
39 201 4
77 324 4
8 128 4
73 365 4
44 169 4
34 195 4
115 210 4
38 178 4
85 157 4
73 187 4
113 294 4
287 294 4
202 209 4
107 321 4
293 330 4
66 276 4
51 73 4
73 188 4
73 347 4
44 298 4
73 181 4
195 242 4
46 73 4
85 235 4
67 294 4
160 237 4
322 323 4
7 33 4
128 231 4
186 187 4
300 321 4
44 125 4
144 178 4
47 178 4
85 304 4
43 315 4
84 85 4
33 73 4
44 207 4
117 133 4
44 112 4
79 178 4
110 133 4
104 174 4
37 107 4
294 338 4
73 299 4
180 354 4
170 208 4
73 105 4
44 364 4
127 208 4
137 317 4
172 195 4
67 216 4
76 195 4
73 308 4
60 85 4
262 330 4
44 228 4
73 361 4
73 165 4
246 256 4
294 309 4
2 225 4
45 84 4
329 333 4
83 170 4
97 311 4
44 132 4
29 126 4
88 195 4
44 102 4
48 347 4
44 90 4
2 193 4
85 269 4
256 351 4
73 82 4
73 277 4
243 252 4
18 39 4
124 178 4
31 73 4
65 81 4
85 351 4
294 318 4
246 314 4
2 318 4
32 44 4
73 310 4
44 61 4
163 265 4
3 73 4
85 173 4
50 172 4
73 307 4
126 177 4
44 248 4
39 173 4
73 152 4
46 232 4
109 128 4
178 276 4
66 280 4
130 346 4
46 255 4
84 317 4
77 290 4
85 318 4
191 299 4
254 315 4
62 201 4
162 294 4
98 121 4
85 135 4
38 107 4
7 265 4
118 241 4
126 156 4
85 217 4
180 269 4
137 341 4
85 136 4
73 314 4
138 243 4
73 192 4
240 255 4
102 335 4
146 324 4
219 220 4
156 168 4
73 110 4
118 204 4
73 358 4
73 185 4
197 335 4
44 289 4
165 352 4
74 306 4
294 346 4
44 56 4
42 73 4
109 250 4
258 315 4
71 73 4
62 85 4
267 282 4
31 339 4
226 286 4
85 101 4
151 315 4
44 293 4
44 214 4
154 280 4
81 333 4
47 230 4
78 178 4
136 347 4
110 195 4
335 336 4
186 324 4
73 78 4
44 135 4
73 266 4
44 339 4
39 344 4
100 250 4
87 220 4
133 184 4
73 177 4
313 351 4
73 206 4
44 115 4
50 322 4
50 124 4
187 265 4
138 195 4
170 209 4
73 150 4
133 211 4
73 229 4
158 345 4
118 124 4
139 208 4
15 363 4
38 44 4
252 365 4
335 338 4
134 250 4
40 324 4
64 264 4
73 140 4
44 89 4
44 286 4
14 44 4
73 245 4
195 224 4
85 255 4
73 169 4
50 85 4
234 294 4
73 99 4
56 73 4
46 192 4
100 104 4
330 335 4
206 248 4
248 270 4
44 270 4
85 344 4
232 294 4
210 219 4
85 195 4
85 241 4
73 297 4
128 192 4
126 335 4
38 255 4
70 267 4
194 322 4
216 309 4
132 298 4
38 249 4
4 261 4
104 178 4
62 329 4
73 332 4
47 248 4
72 231 4
47 343 4
164 250 4
219 276 4
284 335 4
44 64 4
88 255 4
7 325 4
132 199 4
200 219 4
281 352 4
140 197 4
44 180 4
100 107 4
248 310 4
161 354 4
136 189 4
93 107 4
35 187 4
44 313 4
198 281 4
85 118 4
192 293 4
299 314 4
130 303 4
61 214 4
130 156 4
219 278 4
77 81 4
48 57 4
39 151 4
73 175 4
225 237 4
323 350 4
85 166 4
1 241 4
230 260 4
171 281 4
73 261 4
44 341 4
50 167 4
290 299 4
73 289 4
7 143 4
73 122 4
73 86 4
151 200 4
87 95 4
201 237 4
36 85 4
85 203 4
84 184 4
5 73 4
38 268 4
23 248 4
115 178 4
44 58 4
57 260 4
279 283 4
205 335 4
1 73 4
291 324 4
8 178 4
315 353 4
73 323 4
29 304 4
4 130 4
10 343 4
8 180 4
44 269 4
255 364 4
85 260 4
44 273 4
2 108 4
262 335 4
44 295 4
12 281 4
73 111 4
47 335 4
44 85 4
28 151 4
2 336 4
58 83 4
7 85 4
190 355 4
116 117 4
231 299 4
73 262 4
44 60 4
2 270 4
79 355 4
44 345 4
265 363 4
66 73 4
43 44 4
281 305 4
18 112 4
24 25 4
149 255 4
73 235 4
172 334 4
73 91 4
207 260 4
44 103 4
7 353 4
13 73 4
44 301 4
106 112 4
44 84 4
73 260 4
44 116 4
30 224 4
73 81 4
89 115 4
19 360 4
302 335 4
44 76 4
44 67 4
48 119 4
44 136 4
73 339 4
44 54 4
39 199 4
178 224 4
227 252 4
73 190 4
201 289 4
128 255 4
84 168 4
5 51 4
203 344 4
54 335 4
44 72 4
294 329 4
85 175 4
2 304 4
251 255 4
11 127 4
77 350 4
73 234 4
38 289 4
17 180 4
171 298 4
281 308 4
195 345 4
157 364 4
85 290 4
2 55 4
232 365 4
32 323 4
73 88 4
53 294 4
117 207 4
44 326 4
44 337 4
98 133 4
37 291 4
16 172 4
73 194 4
10 73 4
73 300 4
139 229 4
269 333 4
322 360 4
175 201 4
268 321 4
77 88 4
8 185 4
73 273 4
44 63 4
4 73 4
104 210 4
177 360 4
90 281 4
77 188 4
2 43 4
151 363 4
50 96 4
85 200 4
189 252 4
178 264 4
195 208 4
281 310 4
44 259 4
67 301 4
2 226 4
299 337 4
50 73 4
61 84 4
55 315 4
73 74 4
3 220 4
80 243 4
112 234 4
272 350 4
3 165 4
2 167 4
112 315 4
29 156 4
105 178 4
85 185 4
73 258 4
44 283 4
73 212 4
2 334 4
44 250 4
250 337 4
7 105 4
221 281 4
104 260 4
38 146 4
109 265 4
9 331 4
226 350 4
73 238 4
18 104 4
185 291 4
73 349 4
359 365 4
112 344 4
85 186 4
44 100 4
85 110 4
112 291 4
178 280 4
140 320 4
135 209 4
86 294 4
73 316 4
192 338 4
198 276 4
44 118 4
4 14 4
8 38 4
108 155 4
261 314 4
73 145 4
195 331 4
44 80 4
44 254 4
73 121 4
167 291 4
79 135 4
7 57 4
214 299 4
79 317 4
44 69 4
85 172 4
73 233 4
87 196 4
120 339 4
212 334 4
2 63 4
133 333 4
78 250 4
148 315 4
280 362 4
109 248 4
245 335 4
133 230 4
88 348 4
294 319 4
30 146 4
73 335 4
112 186 4
44 310 4
47 130 4
190 304 4
73 106 4
43 67 4
44 147 4
154 178 4
133 340 4
70 317 4
25 61 4
52 121 4
31 104 4
44 120 4
135 328 4
88 128 4
67 250 4
29 309 4
3 53 4
32 195 4
57 294 4
217 248 4
69 222 4
77 274 4
191 314 4
9 294 4
73 159 4
85 212 4
76 239 4
49 151 4
27 248 4
81 158 4
73 325 4
90 197 4
3 267 4
44 194 4
222 299 4
128 198 4
248 363 4
5 294 4
85 92 4
60 77 4
280 346 4
8 89 4
67 308 4
73 196 4
73 315 4
85 308 4
16 157 4
3 30 4
48 195 4
133 322 4
192 308 4
98 162 4
44 356 4
89 126 4
318 351 4
265 300 4
2 67 4
155 273 4
7 134 4
213 261 4
107 335 4
85 160 4
22 55 4
178 281 4
162 343 4
191 197 4
267 287 4
36 73 4
39 216 4
73 251 4
137 344 4
86 172 4
144 281 4
53 346 4
112 159 4
317 353 4
38 138 4
24 85 4
40 140 4
128 337 4
258 343 4
277 294 4
73 139 4
75 250 4
23 321 4
36 126 4
81 284 4
2 79 4
27 28 4
82 114 4
106 294 4
29 34 4
27 225 4
73 167 4
73 267 4
235 276 4
22 247 4
117 282 4
44 294 4
35 360 4
84 190 4
1 282 4
154 230 4
55 223 4
73 322 4
183 248 4
23 123 4
73 92 4
89 135 4
77 167 4
90 305 4
43 117 4
281 347 4
36 141 4
44 256 4
44 303 4
61 233 4
58 61 4
92 101 4
150 195 4
46 49 4
346 347 4
4 50 4
279 339 4
259 322 4
133 321 4
178 348 4
180 249 4
199 212 4
73 179 4
16 291 4
107 208 4
73 83 4
226 333 4
157 297 4
80 294 4
194 257 4
245 255 4
44 365 4
7 92 4
73 283 4
4 329 4
61 129 4
53 84 4
24 174 4
204 220 4
110 250 4
44 179 4
2 44 4
23 340 4
47 71 4
16 252 4
170 236 4
99 165 4
50 300 4
55 325 4
158 243 4
216 298 4
44 83 4
126 325 4
45 111 4
8 123 4
215 333 4
44 96 4
44 287 4
78 230 4
210 335 4
73 94 4
107 218 4
37 38 4
180 295 4
178 325 4
2 85 4
99 350 4
146 250 4
225 302 4
36 58 4
290 339 4
294 305 4
44 203 4
133 138 4
53 241 4
111 178 4
39 191 4
165 253 4
137 174 4
253 298 4
268 344 4
15 101 4
294 315 4
73 118 4
332 335 4
48 179 4
120 201 4
176 301 4
123 228 4
26 302 4
155 168 4
117 166 4
107 325 4
95 212 4
165 335 4
98 265 4
38 100 4
15 44 4
183 343 4
257 287 4
77 235 4
79 281 4
18 150 4
3 239 4
41 260 4
265 276 4
148 174 4
28 101 4
119 321 4
45 112 4
73 108 4
250 275 4
19 97 4
1 143 4
44 258 4
73 355 4
335 365 4
7 300 4
19 73 4
23 163 4
44 137 4
153 314 4
188 341 4
186 281 4
73 97 4
44 291 4
73 131 4
67 238 4
270 280 4
232 334 4
151 274 4
44 311 4
195 282 4
144 225 4
54 286 4
80 267 4
6 44 4
128 358 4
49 80 4
123 291 4
66 281 4
73 166 4
89 116 4
300 324 4
100 200 4
73 254 4
78 135 4
146 184 4
4 158 4
73 292 4
227 336 4
3 353 4
153 291 4
210 214 4
61 310 4
104 327 4
17 44 4
114 255 4
245 293 4
83 310 4
139 266 4
157 310 4
9 19 4
73 255 4
29 85 4
67 162 4
128 357 4
2 64 4
135 335 4
46 144 4
142 315 4
60 286 4
85 295 4
85 95 4
44 91 4
91 137 4
245 311 4
124 156 4
305 308 4
85 117 4
262 345 4
106 306 4
170 320 4
126 154 4
155 254 4
211 315 4
35 73 4
55 117 4
215 298 4
67 185 4
48 178 4
39 288 4
36 180 4
43 167 4
136 310 4
69 70 4
32 73 4
250 256 4
261 294 4
70 178 4
146 275 4
58 73 4
24 287 4
54 73 4
73 125 4
16 124 4
166 332 4
309 346 4
44 218 4
199 223 4
212 248 4
315 360 4
85 100 4
87 178 4
85 193 4
39 102 4
195 225 4
77 284 4
75 77 4
281 317 4
127 322 4
44 117 4
26 64 4
174 358 4
26 150 4
60 129 4
163 180 4
65 220 4
39 276 4
84 359 4
294 330 4
52 156 4
2 305 4
97 109 4
216 260 4
115 193 4
148 322 4
30 119 4
85 216 4
61 109 4
130 311 4
151 303 4
199 286 4
193 334 4
195 197 4
112 241 4
122 253 4
40 43 4
2 362 4
146 300 4
75 189 4
116 260 4
149 267 4
56 133 4
222 364 4
44 190 4
4 71 4
178 262 4
73 223 4
73 76 4
73 109 4
161 318 4
50 189 4
127 327 4
73 287 4
9 44 4
315 362 4
77 331 4
206 220 4
151 347 4
45 130 4
84 95 4
47 352 4
165 246 4
2 130 4
89 317 4
235 309 4
50 256 4
182 250 4
2 300 4
205 272 4
317 339 4
145 257 4
24 191 4
189 202 4
105 195 4
18 273 4
73 264 4
85 206 4
47 355 4
105 331 4
13 60 4
109 256 4
262 320 4
85 337 4
122 336 4
12 109 4
53 83 4
49 321 4
158 179 4
73 226 4
27 133 4
277 334 4
67 310 4
85 227 4
333 337 4
197 357 4
70 73 4
65 234 4
92 278 4
47 73 4
49 121 4
229 294 4
155 300 4
74 298 4
169 187 4
124 272 4
81 99 4
44 257 4
218 332 4
248 313 4
44 305 4
128 241 4
73 98 4
46 120 4
122 323 4
73 353 4
70 82 4
14 39 4
2 158 4
44 267 4
180 223 4
92 197 4
73 241 4
73 276 4
11 141 4
250 327 4
89 357 4
4 228 4
30 73 4
124 246 4
55 133 4
95 281 4
178 248 4
135 306 4
139 321 4
180 307 4
115 258 4
65 294 4
123 223 4
253 357 4
185 192 4
184 226 4
26 85 4
8 287 4
125 193 4
258 321 4
44 211 4
73 336 4
277 344 4
80 276 4
73 182 4
112 346 4
125 222 4
246 310 4
154 324 4
8 202 4
137 216 4
73 154 4
2 127 4
90 291 4
55 291 4
15 108 4
44 46 4
46 118 4
127 281 4
28 97 4
5 131 4
73 263 4
190 344 4
96 315 4
234 317 4
24 343 4
204 214 4
85 331 4
81 192 4
75 111 4
1 363 4
21 85 4
76 343 4
159 185 4
85 170 4
153 217 4
138 328 4
27 211 4
167 182 4
18 231 4
44 350 4
178 295 4
121 335 4
85 352 4
259 282 4
158 334 4
4 237 4
44 140 4
42 277 4
151 244 4
169 273 4
61 69 4
44 275 4
39 47 4
88 233 4
61 136 4
44 225 4
301 317 4
44 319 4
88 200 4
39 60 4
85 358 4
59 335 4
246 294 4
5 332 4
98 105 4
39 327 4
8 192 4
88 362 4
84 283 4
47 350 4
85 198 4
72 107 4
72 133 4
82 216 4
11 65 4
108 206 4
73 301 4
82 133 4
148 300 4
44 363 4
188 343 4
107 247 4
276 301 4
248 322 4
73 363 4
