44 46 1
141 211 1
241 246 1
26 44 1
111 264 1
58 247 1
200 203 1
173 210 1
38 188 1
48 220 1
161 262 1
190 246 1
55 159 1
129 194 1
202 272 1
40 53 1
124 193 1
128 247 1
35 171 1
23 272 1
37 243 1
116 232 1
44 129 1
50 232 1
43 249 1
53 204 1
23 236 1
118 271 1
188 229 1
102 124 1
53 266 1
18 114 1
22 246 1
85 157 1
70 233 1
179 258 1
13 78 1
98 121 1
25 141 1
77 184 1
129 273 1
110 264 1
28 258 1
106 133 1
47 106 1
37 234 1
129 159 1
6 27 1
150 264 1
162 219 1
218 221 1
78 175 1
176 230 1
21 247 1
77 249 1
32 226 1
20 103 1
7 61 1
2 166 1
48 140 1
250 271 1
31 236 1
103 140 1
36 253 1
75 128 1
73 225 1
151 169 1
125 275 1
145 203 1
4 246 1
3 118 1
97 229 1
14 174 1
53 104 1
56 120 1
204 252 1
94 213 1
197 234 1
77 270 1
81 174 1
123 221 1
30 114 1
154 273 1
113 200 1
175 235 1
18 80 1
34 114 1
13 266 1
94 199 1
132 217 1
193 213 1
32 60 1
7 18 1
105 235 1
155 164 1
40 261 1
2 222 1
99 275 1
88 100 1
76 152 1
48 156 1
38 169 1
36 66 1
50 264 1
130 266 1
219 272 1
56 61 1
67 127 1
226 231 1
114 179 1
110 218 1
252 264 1
41 75 1
18 140 1
40 215 1
169 239 1
62 247 1
1 37 1
51 249 1
178 255 1
174 193 1
130 199 1
107 202 1
57 197 1
35 252 1
21 47 1
23 71 1
9 112 1
148 250 1
14 129 1
22 88 1
211 252 1
235 252 1
208 248 1
27 179 1
97 188 1
77 263 1
183 226 1
24 189 1
223 239 1
11 275 1
71 244 1
33 129 1
59 159 1
2 187 1
172 241 1
148 208 1
44 176 1
2 25 1
180 251 1
51 163 1
5 153 1
27 256 1
187 216 1
151 156 1
33 40 1
38 160 1
222 255 1
14 38 1
15 106 1
2 224 1
33 255 1
27 155 1
76 180 1
57 203 1
84 107 1
114 243 1
263 269 1
175 246 1
86 126 1
126 202 1
158 239 1
10 14 1
23 62 1
51 167 1
151 189 1
46 168 1
60 224 1
135 200 1
128 256 1
88 215 1
182 239 1
78 227 1
48 52 1
3 138 1
174 204 1
208 263 1
44 149 1
105 222 1
149 172 1
85 149 1
25 71 1
84 130 1
19 54 1
23 96 1
35 186 1
26 262 1
65 93 1
144 252 1
112 254 1
158 162 1
59 145 1
102 247 1
19 70 1
67 84 1
218 232 1
28 119 1
27 157 1
197 203 1
87 175 1
96 149 1
82 86 1
55 175 1
23 28 1
135 198 1
7 81 1
173 217 1
21 102 1
44 272 1
90 127 1
33 63 1
235 243 1
28 261 1
124 230 1
59 88 1
6 154 1
91 236 1
12 112 1
135 145 1
40 220 1
198 269 1
43 177 1
3 139 1
64 182 1
152 153 1
185 214 1
62 144 1
90 181 1
6 182 1
64 196 1
146 202 1
217 258 1
169 206 1
39 270 1
65 186 1
135 210 1
36 108 1
246 252 1
190 192 1
30 66 1
214 222 1
8 157 1
214 235 1
240 249 1
47 272 1
29 142 1
122 248 1
2 18 1
52 148 1
208 268 1
58 67 1
42 202 1
102 179 1
164 169 1
70 95 1
41 234 1
9 267 1
120 201 1
51 206 1
84 202 1
97 264 1
99 263 1
191 239 1
171 246 1
180 184 1
110 115 1
93 98 1
165 261 1
260 261 1
56 97 1
177 216 1
88 254 1
60 170 1
20 182 1
3 97 1
161 194 1
101 148 1
17 64 1
63 139 1
111 246 1
195 225 1
17 81 1
43 245 1
2 180 1
106 209 1
1 160 1
149 241 1
15 85 1
135 196 1
108 257 1
76 142 1
26 176 1
14 194 1
76 116 1
57 226 1
199 251 1
53 156 1
144 247 1
2 146 1
151 260 1
152 231 1
21 105 1
35 117 1
66 128 1
47 108 1
183 236 1
138 188 1
201 235 1
57 75 1
154 265 1
25 77 1
229 241 1
110 200 1
76 131 1
87 94 1
104 114 1
68 97 1
26 133 1
133 224 1
61 180 1
192 244 1
151 199 1
170 255 1
200 225 1
126 244 1
86 153 1
232 261 1
72 156 1
95 202 1
66 108 1
165 211 1
56 109 1
184 233 1
10 242 1
23 90 1
70 158 1
266 268 1
37 185 1
134 247 1
93 113 1
137 265 1
93 178 1
249 250 1
125 222 1
53 110 1
94 164 1
197 219 1
106 203 1
46 54 1
20 115 1
68 184 1
178 210 1
87 177 1
25 124 1
98 236 1
111 117 1
172 226 1
77 80 1
145 204 1
74 175 1
38 63 1
168 235 1
159 247 1
212 217 1
17 56 1
231 236 1
10 116 1
169 170 1
170 249 1
71 194 1
8 187 1
58 110 1
83 137 1
105 186 1
217 238 1
55 132 1
177 222 1
212 243 1
70 184 1
25 86 1
116 133 1
46 231 1
93 142 1
2 115 1
72 262 1
62 269 1
119 258 1
103 218 1
166 255 1
197 199 1
5 253 1
181 205 1
77 172 1
118 146 1
80 142 1
72 109 1
154 274 1
18 27 1
123 180 1
9 110 1
71 251 1
111 255 1
189 235 1
46 205 1
2 128 1
6 119 1
48 257 1
58 63 1
96 180 1
81 175 1
189 199 1
74 123 1
26 219 1
67 91 1
100 206 1
53 181 1
47 184 1
16 112 1
20 220 1
21 157 1
152 224 1
178 206 1
76 241 1
140 171 1
97 145 1
220 222 1
69 162 1
19 106 1
95 261 1
25 49 1
85 101 1
82 131 1
98 161 1
181 243 1
1 194 1
78 143 1
153 256 1
105 225 1
89 221 1
1 242 1
63 222 1
187 224 1
82 168 1
206 262 1
67 254 1
152 163 1
231 244 1
117 159 1
3 66 1
137 174 1
156 251 1
156 185 1
105 231 1
14 53 1
14 70 1
20 132 1
83 113 1
5 233 1
163 164 1
143 230 1
19 30 1
249 258 1
142 273 1
216 242 1
21 140 1
176 229 1
109 268 1
85 223 1
90 99 1
153 159 1
172 264 1
168 253 1
2 254 1
134 142 1
1 164 1
182 248 1
182 231 1
33 57 1
249 274 1
149 269 1
16 102 1
8 47 1
131 210 1
107 176 1
106 259 1
59 247 1
32 103 1
10 224 1
104 235 1
28 145 1
1 112 1
19 203 1
231 235 1
81 227 1
100 111 1
74 126 1
201 272 1
10 12 1
5 116 1
110 187 1
122 252 1
8 233 1
59 225 1
18 205 1
18 197 1
74 129 1
154 197 1
24 29 1
113 250 1
109 223 1
60 74 1
73 151 1
208 234 1
162 212 1
73 75 1
51 199 1
58 173 1
91 227 1
102 108 1
26 53 1
99 114 1
137 206 1
128 195 1
112 113 1
62 143 1
49 92 1
213 257 1
51 99 1
2 193 1
49 268 1
204 272 1
138 149 1
116 169 1
90 270 1
224 267 1
62 199 1
6 90 1
75 217 1
186 201 1
68 207 1
125 132 1
36 62 1
86 113 1
37 183 1
237 239 1
167 175 1
200 233 1
30 126 1
41 271 1
141 273 1
196 262 1
76 79 1
153 202 1
127 170 1
216 253 1
65 71 1
106 109 1
99 126 1
39 69 1
6 32 1
1 57 1
76 233 1
105 134 1
51 84 1
81 100 1
191 238 1
146 153 1
38 79 1
23 84 1
82 238 1
29 61 1
170 179 1
135 181 1
80 268 1
150 220 1
220 263 1
63 83 1
54 216 1
44 137 1
20 266 1
58 94 1
247 257 1
172 203 1
202 226 1
161 255 1
65 193 1
121 189 1
200 239 1
26 108 1
4 245 1
144 257 1
64 66 1
83 120 1
5 127 1
133 147 1
104 146 1
5 205 1
9 227 1
153 176 1
32 234 1
176 190 1
104 224 1
21 187 1
28 46 1
19 184 1
152 168 1
52 110 1
11 93 1
106 249 1
14 116 1
120 160 1
201 219 1
41 47 1
210 216 1
45 199 1
124 266 1
73 97 1
94 117 1
121 136 1
32 40 1
84 181 1
60 109 1
70 152 1
120 176 1
125 133 1
16 122 1
111 169 1
199 209 1
133 157 1
26 232 1
55 150 1
28 222 1
99 192 1
111 145 1
61 190 1
95 142 1
21 79 1
90 204 1
200 230 1
142 232 1
34 209 1
78 103 1
144 153 1
177 188 1
91 163 1
11 217 1
117 232 1
92 244 1
26 265 1
202 215 1
202 221 1
34 222 1
24 114 1
130 189 1
55 190 1
86 124 1
40 89 1
103 109 1
167 193 1
11 80 1
21 257 1
173 250 1
18 129 1
66 154 1
8 268 1
86 245 1
90 156 1
113 185 1
98 146 1
61 242 1
29 205 1
61 269 1
163 244 1
38 103 1
206 265 1
117 188 1
162 166 1
39 167 1
105 184 1
191 198 1
97 167 1
153 186 1
47 62 1
175 193 1
18 36 1
65 130 1
190 222 1
68 210 1
37 229 1
105 159 1
99 178 1
216 223 1
262 264 1
108 172 1
30 91 1
64 239 1
73 117 1
126 272 1
55 177 1
91 189 1
194 195 1
32 141 1
109 241 1
62 85 1
66 155 1
57 97 1
164 197 1
30 150 1
183 257 1
78 150 1
42 163 1
90 112 1
35 215 1
108 241 1
116 173 1
56 186 1
92 239 1
12 205 1
138 236 1
78 112 1
118 169 1
33 43 1
147 215 1
24 225 1
63 241 1
55 143 1
175 177 1
7 146 1
142 261 1
75 180 1
48 271 1
38 251 1
73 119 1
210 262 1
79 216 1
46 248 1
59 78 1
15 205 1
169 191 1
134 154 1
21 253 1
29 65 1
74 210 1
36 93 1
72 92 1
44 120 1
