173 272 2
25 292 2
121 188 2
11 122 2
58 283 2
69 155 2
84 108 2
81 286 2
50 162 2
18 264 2
66 157 2
56 280 2
35 160 2
90 204 2
17 151 2
4 188 2
120 293 2
3 210 2
29 112 2
13 90 2
79 84 2
167 244 2
22 186 2
46 148 2
72 109 2
61 228 2
116 175 2
205 207 2
107 273 2
288 296 2
257 300 2
72 173 2
80 288 2
72 97 2
82 106 2
186 189 2
126 161 2
42 51 2
147 198 2
87 216 2
2 145 2
140 174 2
40 258 2
78 229 2
72 144 2
96 212 2
67 82 2
52 165 2
159 236 2
147 262 2
14 28 2
146 174 2
153 194 2
215 298 2
89 300 2
88 209 2
46 140 2
96 262 2
37 86 2
20 227 2
106 231 2
21 170 2
8 185 2
164 220 2
62 117 2
123 130 2
89 266 2
1 240 2
157 213 2
233 243 2
139 208 2
28 46 2
185 287 2
141 268 2
22 160 2
125 192 2
86 210 2
93 293 2
93 210 2
209 256 2
74 271 2
36 55 2
34 35 2
191 294 2
224 244 2
129 150 2
59 156 2
195 243 2
31 141 2
160 206 2
93 190 2
275 282 2
1 272 2
63 91 2
16 179 2
145 297 2
28 87 2
121 200 2
61 189 2
7 302 2
109 135 2
149 167 2
39 288 2
105 124 2
6 69 2
256 283 2
98 263 2
96 226 2
230 288 2
107 186 2
180 301 2
85 249 2
146 207 2
203 265 2
31 209 2
139 265 2
41 109 2
1 25 2
105 148 2
148 214 2
110 129 2
168 205 2
87 91 2
12 301 2
75 184 2
73 116 2
60 63 2
156 264 2
56 206 2
227 236 2
187 263 2
70 301 2
70 295 2
23 140 2
171 172 2
50 279 2
217 297 2
79 182 2
3 178 2
77 90 2
57 206 2
116 148 2
268 301 2
78 169 2
52 302 2
12 103 2
170 186 2
9 178 2
31 238 2
14 107 2
63 199 2
82 191 2
261 277 2
269 279 2
55 136 2
52 192 2
197 260 2
4 223 2
79 193 2
89 244 2
78 189 2
254 261 2
55 262 2
134 292 2
145 290 2
94 187 2
175 205 2
75 179 2
40 131 2
154 266 2
94 203 2
51 154 2
95 157 2
271 287 2
55 235 2
8 228 2
179 242 2
266 296 2
97 136 2
124 283 2
74 242 2
6 144 2
80 247 2
19 75 2
119 170 2
37 210 2
70 190 2
162 260 2
44 226 2
146 276 2
69 281 2
220 281 2
244 248 2
79 211 2
38 191 2
202 277 2
207 262 2
117 206 2
135 285 2
99 279 2
13 302 2
7 67 2
200 264 2
228 243 2
71 188 2
164 214 2
139 190 2
79 82 2
131 289 2
161 166 2
58 177 2
136 141 2
255 263 2
38 243 2
14 87 2
39 84 2
24 43 2
150 223 2
5 75 2
161 190 2
70 145 2
49 281 2
127 259 2
61 87 2
113 219 2
252 287 2
88 274 2
118 232 2
40 153 2
124 172 2
164 209 2
187 207 2
54 251 2
105 253 2
126 265 2
138 268 2
32 186 2
247 288 2
3 10 2
72 120 2
20 221 2
102 190 2
105 220 2
120 143 2
68 291 2
232 266 2
169 195 2
116 144 2
220 221 2
44 92 2
181 228 2
9 211 2
111 253 2
119 196 2
255 266 2
171 236 2
36 283 2
59 83 2
176 253 2
18 225 2
164 189 2
57 249 2
53 61 2
198 272 2
281 287 2
11 157 2
18 212 2
19 65 2
259 270 2
135 221 2
68 220 2
89 200 2
103 145 2
53 282 2
18 205 2
69 180 2
15 89 2
139 234 2
75 127 2
51 106 2
109 117 2
17 208 2
132 270 2
35 97 2
169 224 2
15 141 2
102 234 2
35 38 2
16 246 2
85 262 2
153 218 2
2 137 2
68 166 2
140 240 2
192 245 2
291 300 2
57 194 2
14 188 2
46 159 2
81 285 2
212 299 2
144 219 2
96 257 2
40 176 2
260 270 2
183 299 2
109 133 2
184 274 2
21 198 2
87 211 2
197 265 2
18 84 2
86 96 2
205 245 2
141 187 2
21 49 2
182 239 2
192 277 2
65 191 2
12 156 2
6 20 2
36 128 2
138 219 2
33 99 2
6 239 2
117 200 2
199 200 2
215 286 2
117 294 2
130 226 2
244 302 2
178 179 2
65 180 2
67 153 2
127 163 2
147 222 2
168 258 2
2 272 2
69 174 2
32 109 2
72 149 2
4 271 2
45 218 2
34 252 2
30 173 2
29 161 2
37 114 2
207 294 2
56 99 2
56 226 2
216 277 2
70 81 2
39 232 2
82 102 2
105 114 2
174 208 2
209 260 2
141 302 2
90 122 2
33 151 2
193 263 2
74 178 2
80 227 2
24 63 2
118 135 2
48 249 2
14 91 2
18 127 2
52 206 2
117 155 2
15 22 2
24 274 2
164 228 2
47 271 2
1 254 2
196 212 2
69 192 2
114 283 2
42 148 2
137 281 2
81 157 2
24 247 2
94 148 2
144 265 2
52 79 2
64 296 2
17 99 2
22 36 2
2 181 2
67 130 2
1 260 2
39 192 2
17 26 2
3 171 2
58 138 2
149 215 2
171 218 2
10 157 2
16 119 2
67 151 2
144 196 2
131 292 2
160 164 2
11 38 2
75 163 2
163 167 2
32 203 2
52 55 2
53 218 2
226 275 2
72 190 2
105 185 2
40 242 2
112 256 2
156 262 2
18 49 2
103 148 2
36 261 2
7 45 2
170 298 2
119 161 2
28 149 2
59 80 2
203 276 2
126 130 2
15 249 2
129 196 2
119 133 2
168 229 2
22 86 2
104 186 2
68 289 2
104 249 2
247 254 2
146 240 2
119 262 2
96 146 2
108 155 2
9 223 2
50 128 2
72 132 2
25 64 2
181 199 2
64 158 2
105 243 2
83 290 2
42 151 2
274 291 2
216 252 2
93 240 2
56 154 2
52 247 2
160 201 2
99 122 2
166 225 2
169 297 2
233 294 2
20 190 2
109 175 2
213 252 2
30 113 2
155 200 2
172 178 2
127 141 2
78 83 2
217 236 2
133 269 2
29 179 2
126 277 2
148 289 2
15 197 2
187 283 2
245 300 2
51 72 2
19 170 2
263 283 2
49 158 2
133 226 2
25 273 2
49 108 2
46 265 2
39 176 2
217 231 2
52 204 2
48 190 2
36 84 2
15 62 2
2 268 2
12 38 2
52 182 2
10 56 2
102 160 2
165 292 2
26 190 2
72 262 2
3 297 2
33 34 2
178 263 2
77 250 2
10 135 2
46 124 2
183 216 2
58 182 2
69 184 2
217 233 2
248 270 2
105 242 2
70 103 2
93 94 2
51 292 2
164 286 2
51 195 2
14 228 2
153 261 2
3 163 2
93 126 2
7 206 2
5 261 2
186 188 2
27 100 2
119 273 2
56 67 2
73 136 2
158 167 2
145 226 2
87 215 2
126 266 2
140 280 2
130 189 2
96 191 2
187 290 2
13 191 2
17 191 2
74 149 2
174 202 2
16 173 2
144 237 2
72 216 2
69 227 2
78 294 2
70 291 2
77 195 2
54 252 2
30 138 2
124 183 2
25 171 2
8 37 2
57 198 2
51 206 2
252 269 2
77 137 2
218 268 2
35 71 2
131 139 2
209 259 2
26 129 2
195 205 2
246 258 2
138 281 2
3 67 2
4 72 2
37 61 2
87 267 2
233 264 2
67 302 2
138 255 2
32 81 2
274 290 2
100 287 2
12 179 2
2 228 2
20 259 2
169 299 2
93 236 2
94 301 2
3 36 2
152 270 2
113 120 2
154 200 2
148 265 2
98 151 2
100 180 2
69 179 2
161 168 2
169 177 2
38 168 2
55 102 2
123 270 2
51 213 2
50 201 2
4 204 2
83 156 2
169 200 2
64 266 2
52 112 2
26 200 2
123 209 2
192 243 2
56 244 2
117 279 2
216 221 2
31 41 2
82 183 2
80 251 2
129 255 2
209 281 2
106 147 2
69 106 2
155 208 2
178 234 2
51 83 2
54 128 2
163 243 2
66 104 2
182 296 2
78 215 2
95 109 2
253 275 2
188 202 2
12 50 2
28 152 2
220 257 2
21 172 2
21 78 2
174 197 2
7 224 2
60 279 2
47 139 2
112 301 2
241 294 2
16 293 2
83 204 2
124 155 2
7 53 2
52 103 2
18 203 2
128 235 2
155 298 2
173 256 2
73 127 2
67 79 2
41 48 2
92 136 2
134 180 2
116 203 2
124 191 2
25 131 2
253 273 2
21 179 2
228 259 2
121 277 2
128 249 2
209 280 2
160 242 2
12 151 2
215 284 2
27 88 2
223 256 2
118 133 2
18 53 2
176 248 2
74 208 2
176 198 2
24 73 2
197 283 2
13 300 2
126 255 2
159 259 2
103 198 2
15 251 2
207 298 2
164 294 2
23 117 2
140 213 2
247 263 2
158 190 2
63 136 2
31 263 2
237 287 2
103 131 2
99 265 2
141 215 2
98 224 2
22 69 2
83 295 2
200 271 2
79 132 2
101 189 2
99 246 2
190 240 2
59 95 2
77 192 2
37 156 2
90 221 2
218 281 2
54 117 2
36 193 2
151 262 2
56 142 2
24 42 2
37 120 2
153 225 2
96 220 2
20 156 2
78 283 2
55 248 2
99 268 2
89 186 2
108 186 2
99 202 2
15 86 2
153 277 2
1 50 2
105 236 2
140 275 2
126 176 2
93 278 2
8 99 2
69 116 2
47 161 2
107 193 2
101 156 2
190 205 2
37 87 2
239 295 2
78 185 2
35 251 2
52 300 2
34 285 2
101 173 2
226 258 2
47 48 2
143 200 2
53 266 2
214 258 2
11 146 2
16 109 2
218 302 2
34 296 2
2 288 2
187 270 2
64 218 2
113 221 2
216 254 2
12 96 2
51 125 2
169 235 2
96 130 2
9 146 2
94 266 2
70 107 2
106 208 2
202 286 2
140 287 2
107 187 2
169 248 2
21 88 2
59 236 2
37 152 2
159 245 2
177 200 2
23 293 2
5 31 2
96 136 2
99 195 2
100 258 2
202 241 2
37 299 2
184 224 2
90 144 2
129 162 2
175 185 2
32 35 2
66 231 2
89 211 2
213 221 2
53 117 2
4 109 2
198 241 2
196 205 2
104 296 2
133 292 2
54 141 2
171 282 2
141 298 2
14 141 2
180 233 2
212 223 2
265 286 2
140 173 2
57 72 2
82 187 2
85 109 2
47 293 2
195 281 2
240 274 2
70 296 2
134 261 2
121 130 2
111 262 2
125 249 2
275 302 2
177 195 2
139 209 2
45 178 2
8 248 2
89 101 2
130 207 2
120 171 2
149 253 2
10 188 2
3 118 2
75 258 2
74 135 2
202 245 2
22 33 2
5 192 2
21 66 2
197 228 2
71 205 2
212 272 2
14 68 2
143 298 2
166 274 2
222 260 2
11 269 2
107 126 2
60 271 2
97 134 2
44 166 2
118 235 2
137 169 2
61 298 2
60 198 2
29 129 2
105 140 2
94 98 2
65 280 2
237 262 2
272 284 2
86 201 2
93 170 2
146 291 2
270 277 2
11 83 2
140 199 2
4 243 2
31 237 2
63 90 2
132 189 2
116 235 2
27 209 2
4 30 2
271 291 2
239 250 2
137 258 2
33 47 2
2 178 2
33 272 2
113 152 2
280 290 2
9 219 2
37 291 2
51 153 2
124 282 2
239 240 2
214 264 2
143 242 2
109 265 2
201 228 2
56 184 2
34 89 2
33 228 2
260 264 2
112 302 2
68 280 2
77 97 2
85 196 2
44 111 2
134 235 2
23 69 2
169 237 2
10 28 2
174 292 2
99 118 2
172 189 2
220 280 2
205 260 2
219 252 2
160 252 2
28 228 2
122 227 2
118 302 2
108 205 2
36 161 2
40 183 2
102 209 2
115 129 2
216 286 2
29 118 2
4 83 2
60 200 2
155 221 2
171 263 2
70 118 2
95 118 2
41 42 2
38 217 2
119 159 2
15 146 2
152 185 2
195 253 2
