1 16 4
1 84 4
1 123 4
1 206 4
1 321 4
2 69 4
2 77 4
2 107 4
2 184 4
2 235 4
3 294 4
3 303 4
4 44 4
4 125 4
4 173 4
4 189 4
5 111 4
5 233 4
6 68 4
6 77 4
6 116 4
6 142 4
6 170 4
6 204 4
7 24 4
8 122 4
8 146 4
8 158 4
8 169 4
8 261 4
8 280 4
9 137 4
9 172 4
9 181 4
9 207 4
9 261 4
10 15 4
10 48 4
10 99 4
10 219 4
10 277 4
11 91 4
12 27 4
12 40 4
12 62 4
12 172 4
12 173 4
12 216 4
12 277 4
13 42 4
13 196 4
13 283 4
13 285 4
13 297 4
13 325 4
14 137 4
14 196 4
15 16 4
15 96 4
15 279 4
16 76 4
16 100 4
16 119 4
16 189 4
16 192 4
16 302 4
17 24 4
17 94 4
18 100 4
18 147 4
18 183 4
18 209 4
18 247 4
19 24 4
19 103 4
19 225 4
19 325 4
20 219 4
20 323 4
21 63 4
21 202 4
21 326 4
22 110 4
23 63 4
23 136 4
23 164 4
23 214 4
24 25 4
24 56 4
24 80 4
24 170 4
25 27 4
25 132 4
25 256 4
27 49 4
27 95 4
27 215 4
27 247 4
28 77 4
28 115 4
28 246 4
29 52 4
29 116 4
30 151 4
30 232 4
30 276 4
31 83 4
31 143 4
31 234 4
31 286 4
32 92 4
32 114 4
32 177 4
32 254 4
32 272 4
33 82 4
33 132 4
33 201 4
33 212 4
34 71 4
34 81 4
35 129 4
35 214 4
35 217 4
35 300 4
35 305 4
36 98 4
36 155 4
36 193 4
36 214 4
36 257 4
37 76 4
37 110 4
37 125 4
37 179 4
37 230 4
37 330 4
42 108 4
42 299 4
43 271 4
43 279 4
44 75 4
44 147 4
45 84 4
45 115 4
45 229 4
46 140 4
46 207 4
47 179 4
47 266 4
48 54 4
48 159 4
48 187 4
49 50 4
49 78 4
49 113 4
49 146 4
50 264 4
50 301 4
51 149 4
51 229 4
51 258 4
52 185 4
52 191 4
52 194 4
53 73 4
53 155 4
53 187 4
53 201 4
53 275 4
54 184 4
54 195 4
54 203 4
55 146 4
55 165 4
56 91 4
56 137 4
56 211 4
57 103 4
57 182 4
57 222 4
58 80 4
58 191 4
58 209 4
59 242 4
59 273 4
60 90 4
60 132 4
60 173 4
60 235 4
60 245 4
60 286 4
61 154 4
61 202 4
61 212 4
61 252 4
61 294 4
62 107 4
62 140 4
63 322 4
64 152 4
64 302 4
65 122 4
65 188 4
65 238 4
66 100 4
66 138 4
67 90 4
67 183 4
67 194 4
68 122 4
68 251 4
68 264 4
69 102 4
69 133 4
69 151 4
69 190 4
70 249 4
71 164 4
71 228 4
71 268 4
72 156 4
72 173 4
73 80 4
73 265 4
74 234 4
74 259 4
76 88 4
76 246 4
76 299 4
76 309 4
77 114 4
77 206 4
77 208 4
77 218 4
78 96 4
78 114 4
78 182 4
78 211 4
78 223 4
78 237 4
78 272 4
79 110 4
79 272 4
79 320 4
80 197 4
80 252 4
81 212 4
81 214 4
81 319 4
82 104 4
82 124 4
82 189 4
82 286 4
83 106 4
83 108 4
83 131 4
84 100 4
84 109 4
84 147 4
84 227 4
85 99 4
85 267 4
86 174 4
86 288 4
87 187 4
87 278 4
88 141 4
88 240 4
89 112 4
89 140 4
89 142 4
89 216 4
89 257 4
90 115 4
90 164 4
90 180 4
90 286 4
91 109 4
91 121 4
91 159 4
92 102 4
92 239 4
92 268 4
93 119 4
93 290 4
94 131 4
94 134 4
94 230 4
95 196 4
95 251 4
96 102 4
96 332 4
97 215 4
97 241 4
98 115 4
98 146 4
99 161 4
100 178 4
101 140 4
101 177 4
102 209 4
102 229 4
103 200 4
103 250 4
104 152 4
104 183 4
104 191 4
105 152 4
105 168 4
105 188 4
106 157 4
106 297 4
107 299 4
108 229 4
108 234 4
108 324 4
109 125 4
109 182 4
109 216 4
109 256 4
109 285 4
110 178 4
110 185 4
110 204 4
110 275 4
111 118 4
111 167 4
111 230 4
113 208 4
113 261 4
114 130 4
114 157 4
114 169 4
114 189 4
114 206 4
114 329 4
115 224 4
116 219 4
116 252 4
116 287 4
116 330 4
117 139 4
117 193 4
117 214 4
117 251 4
119 201 4
119 266 4
119 274 4
120 139 4
120 296 4
122 280 4
123 149 4
123 276 4
124 125 4
124 203 4
124 287 4
126 212 4
126 269 4
126 273 4
127 187 4
127 202 4
127 255 4
127 284 4
128 134 4
129 200 4
129 221 4
129 223 4
129 243 4
130 162 4
130 206 4
130 260 4
131 142 4
131 185 4
131 265 4
131 330 4
132 271 4
133 323 4
134 142 4
135 257 4
136 213 4
136 284 4
137 157 4
137 266 4
138 201 4
138 208 4
138 251 4
138 263 4
138 268 4
139 180 4
139 187 4
139 236 4
139 271 4
140 220 4
140 234 4
141 185 4
142 197 4
142 300 4
143 196 4
143 216 4
143 243 4
144 243 4
145 188 4
145 228 4
146 267 4
147 283 4
148 278 4
149 217 4
150 257 4
151 208 4
152 237 4
152 293 4
152 317 4
154 176 4
154 197 4
154 251 4
155 193 4
156 304 4
157 215 4
157 231 4
157 259 4
157 268 4
158 183 4
158 187 4
158 211 4
158 218 4
159 193 4
160 169 4
161 186 4
161 238 4
161 294 4
161 318 4
162 165 4
162 175 4
162 256 4
162 325 4
163 165 4
163 200 4
163 255 4
163 272 4
163 289 4
165 248 4
165 307 4
166 216 4
166 241 4
166 279 4
166 299 4
167 191 4
168 196 4
168 216 4
169 170 4
169 247 4
169 248 4
172 208 4
172 241 4
173 204 4
174 190 4
175 188 4
175 192 4
176 288 4
176 307 4
177 191 4
177 198 4
177 246 4
177 290 4
177 322 4
178 240 4
179 245 4
180 191 4
181 200 4
182 197 4
182 291 4
183 234 4
183 245 4
184 237 4
184 253 4
184 274 4
186 242 4
186 244 4
186 247 4
186 287 4
187 191 4
187 221 4
191 240 4
191 314 4
192 205 4
192 234 4
192 315 4
193 206 4
193 211 4
194 222 4
196 238 4
196 307 4
196 319 4
196 329 4
197 205 4
197 228 4
199 280 4
201 227 4
201 246 4
201 250 4
201 260 4
202 205 4
206 225 4
206 231 4
206 328 4
208 287 4
208 303 4
208 308 4
209 260 4
210 292 4
213 287 4
214 257 4
217 231 4
217 276 4
217 286 4
217 308 4
217 309 4
218 242 4
220 260 4
220 271 4
221 240 4
226 302 4
229 255 4
241 303 4
242 321 4
243 278 4
245 283 4
245 295 4
245 299 4
246 259 4
248 291 4
249 296 4
249 297 4
249 304 4
249 319 4
249 321 4
251 258 4
254 288 4
256 288 4
256 289 4
256 296 4
259 281 4
260 288 4
262 271 4
263 264 4
264 272 4
265 323 4
266 298 4
268 287 4
269 300 4
272 292 4
281 310 4
286 296 4
294 302 4
306 327 4
313 320 4
314 332 4
324 329 4
211 215 4
8 257 4
75 362 4
39 241 4
167 173 4
172 174 4
12 97 4
43 219 4
9 335 4
7 211 4
5 182 4
42 128 4
121 226 4
254 275 4
147 241 4
53 248 4
143 255 4
1 196 4
97 329 4
128 193 4
263 301 4
360 365 4
4 99 4
70 270 4
115 126 4
76 130 4
260 296 4
121 174 4
17 324 4
106 321 4
68 306 4
126 210 4
136 230 4
222 264 4
57 119 4
113 256 4
170 260 4
74 269 4
29 329 4
96 188 4
118 215 4
78 355 4
110 225 4
252 298 4
49 125 4
193 253 4
97 354 4
125 318 4
18 174 4
80 132 4
27 349 4
154 244 4
147 343 4
227 363 4
107 232 4
82 93 4
83 281 4
141 159 4
102 249 4
9 130 4
18 151 4
196 201 4
171 210 4
189 320 4
75 91 4
12 58 4
175 255 4
152 268 4
94 187 4
150 325 4
242 293 4
98 208 4
16 314 4
40 265 4
50 170 4
257 273 4
165 244 4
88 106 4
9 99 4
140 351 4
247 362 4
56 254 4
157 252 4
37 207 4
343 356 4
53 327 4
151 290 4
226 305 4
99 323 4
204 205 4
168 184 4
62 97 4
241 332 4
32 167 4
153 339 4
171 220 4
60 206 4
92 332 4
174 273 4
185 307 4
221 238 4
145 268 4
23 185 4
142 178 4
37 142 4
17 325 4
170 205 4
78 171 4
45 302 4
76 260 4
122 146 4
351 352 4
238 319 4
135 145 4
127 319 4
39 86 4
191 353 4
241 270 4
17 173 4
6 82 4
53 156 4
314 331 4
43 325 4
62 177 4
71 344 4
124 137 4
180 192 4
65 110 4
133 244 4
266 316 4
254 352 4
80 355 4
31 230 4
41 260 4
180 303 4
288 335 4
351 361 4
22 172 4
47 58 4
240 299 4
125 181 4
55 347 4
187 246 4
204 282 4
171 195 4
184 190 4
277 307 4
39 105 4
99 229 4
186 218 4
145 244 4
108 197 4
129 230 4
3 333 4
243 358 4
59 265 4
118 319 4
55 97 4
71 197 4
83 258 4
139 298 4
296 323 4
62 108 4
334 336 4
217 244 4
156 362 4
122 320 4
43 193 4
140 253 4
18 68 4
245 332 4
54 133 4
286 342 4
166 230 4
115 356 4
313 345 4
270 311 4
24 301 4
80 240 4
179 292 4
236 300 4
121 303 4
35 134 4
65 102 4
1 151 4
68 340 4
101 112 4
318 334 4
330 365 4
83 277 4
85 345 4
182 311 4
194 205 4
246 330 4
59 79 4
7 256 4
51 250 4
85 184 4
19 305 4
186 226 4
305 310 4
108 201 4
45 153 4
66 76 4
152 216 4
188 343 4
216 300 4
134 186 4
14 112 4
150 190 4
41 130 4
180 253 4
71 347 4
321 365 4
67 141 4
7 226 4
118 142 4
171 243 4
247 327 4
170 308 4
154 342 4
88 358 4
126 192 4
273 303 4
58 196 4
185 325 4
72 155 4
193 196 4
151 200 4
193 266 4
110 348 4
181 329 4
135 227 4
58 245 4
1 73 4
49 226 4
34 41 4
5 226 4
223 335 4
111 220 4
39 84 4
127 295 4
15 168 4
59 122 4
165 314 4
16 205 4
58 345 4
20 341 4
220 300 4
135 269 4
160 168 4
1 164 4
85 281 4
190 305 4
83 273 4
35 209 4
223 324 4
80 260 4
272 276 4
22 284 4
303 312 4
54 117 4
72 274 4
51 263 4
234 267 4
66 291 4
122 207 4
206 312 4
146 345 4
181 219 4
56 189 4
74 103 4
71 334 4
34 239 4
157 301 4
55 247 4
109 152 4
55 280 4
74 162 4
178 307 4
63 300 4
241 289 4
130 141 4
187 344 4
98 166 4
159 354 4
210 232 4
149 280 4
22 257 4
192 313 4
60 236 4
73 79 4
127 168 4
50 298 4
227 345 4
42 296 4
161 219 4
283 359 4
40 161 4
206 337 4
187 315 4
159 251 4
34 110 4
2 130 4
78 113 4
40 193 4
194 323 4
175 361 4
141 224 4
121 350 4
143 280 4
219 303 4
133 193 4
173 353 4
324 354 4
13 360 4
145 263 4
154 255 4
283 354 4
158 313 4
52 140 4
197 245 4
63 154 4
297 352 4
281 343 4
107 120 4
252 325 4
20 115 4
102 210 4
192 198 4
61 261 4
192 262 4
37 158 4
203 208 4
12 155 4
120 360 4
248 352 4
140 365 4
310 353 4
126 288 4
289 326 4
42 212 4
156 306 4
150 231 4
114 315 4
10 39 4
9 287 4
224 328 4
171 324 4
27 61 4
56 325 4
146 311 4
202 303 4
143 248 4
247 325 4
227 264 4
306 325 4
110 246 4
33 116 4
30 65 4
125 203 4
131 212 4
46 150 4
61 70 4
187 320 4
87 337 4
242 290 4
237 339 4
173 183 4
64 176 4
37 133 4
130 327 4
129 361 4
10 168 4
96 218 4
55 289 4
322 323 4
27 261 4
18 272 4
161 271 4
147 243 4
142 274 4
75 325 4
81 250 4
80 270 4
99 286 4
34 339 4
100 227 4
136 141 4
122 195 4
106 190 4
148 232 4
63 184 4
137 231 4
91 136 4
25 297 4
131 340 4
49 298 4
14 90 4
226 299 4
276 283 4
9 324 4
242 306 4
108 139 4
12 360 4
202 260 4
157 183 4
41 276 4
2 271 4
47 92 4
36 99 4
73 116 4
49 166 4
178 312 4
119 168 4
93 172 4
79 188 4
19 101 4
64 266 4
76 157 4
108 317 4
108 334 4
9 291 4
19 292 4
122 336 4
69 75 4
190 214 4
71 198 4
68 295 4
17 48 4
235 246 4
5 141 4
68 298 4
24 131 4
198 237 4
149 263 4
37 288 4
314 327 4
332 353 4
310 324 4
19 145 4
84 359 4
265 339 4
121 195 4
41 195 4
275 299 4
75 131 4
64 360 4
21 318 4
284 288 4
159 324 4
107 263 4
251 342 4
130 286 4
266 274 4
41 361 4
261 324 4
14 80 4
90 111 4
80 331 4
40 78 4
49 211 4
238 331 4
43 258 4
22 283 4
76 233 4
38 131 4
14 239 4
3 73 4
338 357 4
334 352 4
13 349 4
84 247 4
28 120 4
85 194 4
165 271 4
10 124 4
53 319 4
32 53 4
3 314 4
132 292 4
82 169 4
12 114 4
186 239 4
15 287 4
40 158 4
228 274 4
23 212 4
143 311 4
196 297 4
96 227 4
43 159 4
112 162 4
152 193 4
211 222 4
45 198 4
138 279 4
213 308 4
143 291 4
129 362 4
65 343 4
30 36 4
115 205 4
207 298 4
229 257 4
38 176 4
16 196 4
177 275 4
118 364 4
61 277 4
259 329 4
158 321 4
225 229 4
100 211 4
60 228 4
124 207 4
263 299 4
49 142 4
1 362 4
63 95 4
78 229 4
138 347 4
37 312 4
276 314 4
322 326 4
125 186 4
186 281 4
31 245 4
201 295 4
60 98 4
228 326 4
256 333 4
102 256 4
221 330 4
193 350 4
23 356 4
23 359 4
60 335 4
57 65 4
14 302 4
25 61 4
199 210 4
286 341 4
146 176 4
215 262 4
78 273 4
164 222 4
16 45 4
66 111 4
153 236 4
283 316 4
175 338 4
234 276 4
333 364 4
298 300 4
323 346 4
236 360 4
224 335 4
62 156 4
6 203 4
110 323 4
140 180 4
241 330 4
76 195 4
122 364 4
228 314 4
40 94 4
7 343 4
328 341 4
317 339 4
11 275 4
269 331 4
246 247 4
37 295 4
132 308 4
99 322 4
238 299 4
136 263 4
22 170 4
30 168 4
201 314 4
116 240 4
43 93 4
62 246 4
125 277 4
34 70 4
36 287 4
168 302 4
282 289 4
261 281 4
51 55 4
45 237 4
65 345 4
149 365 4
9 343 4
35 181 4
134 217 4
155 331 4
90 252 4
123 321 4
44 124 4
48 117 4
21 268 4
40 163 4
152 301 4
173 270 4
196 249 4
195 294 4
71 90 4
98 281 4
7 49 4
278 322 4
197 243 4
83 168 4
290 333 4
91 95 4
143 334 4
264 293 4
163 304 4
148 156 4
52 90 4
20 285 4
301 313 4
25 172 4
18 87 4
66 122 4
91 150 4
80 346 4
247 334 4
63 301 4
172 214 4
83 197 4
346 356 4
124 211 4
271 341 4
1 65 4
42 315 4
213 332 4
41 339 4
152 356 4
107 197 4
242 243 4
177 267 4
124 296 4
259 352 4
33 144 4
135 183 4
14 307 4
37 46 4
37 269 4
111 226 4
56 209 4
22 232 4
113 262 4
103 119 4
48 225 4
299 347 4
159 167 4
283 305 4
97 199 4
269 297 4
144 231 4
66 301 4
85 159 4
45 347 4
149 195 4
250 328 4
194 357 4
104 328 4
82 91 4
195 263 4
253 363 4
157 233 4
54 173 4
131 207 4
6 34 4
138 293 4
177 261 4
229 318 4
54 267 4
55 249 4
17 50 4
98 190 4
201 300 4
98 348 4
187 345 4
42 54 4
95 193 4
15 226 4
288 301 4
49 130 4
216 282 4
25 136 4
79 292 4
37 346 4
19 143 4
265 362 4
240 263 4
109 132 4
91 255 4
76 229 4
128 270 4
12 129 4
47 56 4
27 48 4
132 334 4
177 241 4
105 202 4
31 68 4
161 337 4
47 68 4
234 311 4
55 76 4
202 285 4
189 225 4
33 301 4
59 328 4
348 354 4
160 190 4
229 294 4
53 354 4
17 81 4
141 149 4
87 127 4
72 262 4
320 337 4
12 126 4
20 358 4
89 296 4
120 348 4
5 15 4
25 112 4
95 130 4
11 13 4
298 311 4
55 305 4
13 286 4
70 135 4
153 318 4
106 213 4
24 167 4
134 207 4
183 235 4
166 226 4
265 271 4
285 333 4
88 337 4
101 357 4
4 182 4
169 184 4
165 358 4
238 279 4
64 177 4
21 348 4
73 195 4
97 184 4
9 53 4
288 360 4
192 277 4
145 154 4
64 233 4
121 204 4
169 208 4
25 362 4
165 229 4
222 265 4
195 329 4
135 197 4
174 315 4
23 217 4
60 92 4
169 176 4
101 170 4
