1 16 5
1 65 5
1 73 5
1 84 5
1 151 5
1 164 5
1 196 5
1 321 5
2 69 5
2 77 5
2 107 5
2 235 5
2 271 5
3 73 5
3 294 5
4 44 5
4 182 5
4 189 5
5 15 5
5 141 5
5 182 5
5 226 5
5 233 5
6 68 5
6 82 5
6 116 5
6 170 5
6 203 5
6 204 5
7 24 5
7 49 5
7 256 5
7 343 5
8 257 5
8 261 5
9 53 5
9 99 5
9 137 5
9 172 5
9 181 5
9 261 5
9 287 5
9 291 5
9 324 5
10 15 5
10 168 5
11 91 5
12 40 5
12 58 5
12 62 5
12 114 5
12 216 5
12 360 5
13 42 5
13 196 5
13 286 5
13 325 5
13 360 5
14 112 5
14 196 5
14 239 5
15 16 5
15 96 5
15 168 5
15 226 5
16 45 5
16 76 5
16 100 5
16 119 5
16 189 5
16 314 5
17 24 5
17 50 5
17 173 5
17 324 5
18 68 5
18 100 5
18 151 5
18 174 5
18 209 5
19 101 5
19 103 5
19 143 5
19 145 5
19 292 5
19 305 5
19 325 5
20 115 5
20 285 5
20 341 5
21 63 5
21 202 5
21 268 5
21 318 5
22 172 5
22 232 5
23 63 5
23 136 5
23 185 5
23 212 5
23 217 5
23 359 5
24 56 5
24 131 5
24 167 5
25 27 5
25 61 5
25 172 5
27 48 5
27 61 5
27 95 5
27 247 5
27 261 5
28 115 5
28 120 5
30 36 5
30 65 5
30 168 5
30 232 5
30 276 5
31 234 5
31 245 5
32 92 5
32 167 5
32 254 5
32 272 5
33 116 5
33 132 5
33 144 5
34 41 5
34 70 5
34 71 5
34 81 5
34 110 5
34 239 5
34 339 5
35 214 5
35 217 5
35 300 5
35 305 5
36 99 5
36 155 5
36 257 5
37 110 5
37 125 5
37 133 5
37 158 5
37 207 5
37 312 5
37 330 5
37 346 5
38 131 5
40 94 5
41 130 5
41 195 5
41 339 5
42 108 5
42 296 5
42 299 5
43 159 5
43 219 5
43 258 5
43 271 5
43 325 5
44 147 5
45 198 5
45 237 5
45 302 5
46 140 5
47 68 5
47 92 5
47 266 5
48 54 5
48 117 5
48 187 5
48 225 5
49 78 5
49 146 5
49 166 5
49 298 5
50 264 5
51 229 5
51 250 5
51 258 5
51 263 5
52 90 5
52 140 5
52 185 5
52 194 5
53 156 5
53 187 5
53 201 5
53 275 5
53 354 5
54 203 5
54 267 5
55 76 5
55 146 5
55 247 5
55 280 5
55 289 5
55 347 5
56 137 5
56 189 5
56 209 5
56 211 5
57 65 5
57 103 5
57 119 5
57 182 5
57 222 5
58 245 5
59 122 5
59 273 5
59 328 5
60 173 5
60 206 5
60 228 5
60 286 5
61 70 5
61 252 5
61 261 5
61 294 5
62 97 5
62 107 5
62 140 5
63 154 5
63 184 5
63 301 5
64 152 5
64 176 5
64 177 5
65 102 5
65 110 5
65 122 5
65 238 5
65 343 5
65 345 5
66 76 5
66 122 5
66 291 5
66 301 5
67 90 5
67 141 5
68 251 5
68 264 5
68 298 5
68 306 5
68 340 5
69 75 5
69 102 5
69 190 5
70 135 5
70 249 5
71 228 5
72 155 5
72 156 5
72 262 5
72 274 5
73 79 5
73 80 5
73 116 5
73 195 5
73 265 5
74 269 5
75 325 5
75 362 5
76 88 5
76 130 5
76 229 5
76 233 5
76 260 5
76 309 5
77 208 5
78 114 5
78 171 5
78 211 5
78 229 5
78 237 5
78 272 5
78 355 5
79 110 5
79 292 5
81 250 5
81 319 5
82 91 5
82 93 5
82 169 5
83 131 5
83 168 5
83 258 5
83 273 5
84 227 5
84 247 5
85 184 5
85 267 5
85 345 5
86 288 5
87 278 5
87 337 5
88 106 5
88 240 5
89 112 5
89 140 5
89 216 5
89 257 5
89 296 5
90 111 5
90 115 5
90 164 5
90 286 5
91 109 5
91 150 5
91 159 5
92 102 5
92 239 5
93 119 5
93 172 5
94 131 5
94 134 5
94 230 5
95 130 5
95 193 5
95 196 5
96 102 5
96 188 5
96 218 5
96 227 5
97 184 5
97 199 5
97 215 5
97 241 5
98 115 5
98 208 5
99 161 5
99 322 5
99 323 5
100 227 5
101 170 5
101 177 5
102 256 5
103 119 5
103 200 5
103 250 5
104 183 5
104 191 5
104 328 5
106 213 5
106 297 5
106 321 5
107 232 5
107 263 5
107 299 5
108 139 5
108 201 5
108 229 5
108 234 5
108 317 5
108 334 5
109 125 5
109 132 5
109 182 5
109 256 5
109 285 5
110 225 5
110 246 5
111 118 5
111 167 5
111 220 5
112 162 5
114 130 5
114 157 5
114 169 5
115 126 5
115 205 5
116 240 5
116 252 5
116 287 5
116 330 5
117 251 5
118 142 5
119 266 5
120 348 5
120 360 5
121 303 5
121 350 5
122 280 5
122 320 5
122 336 5
122 364 5
123 276 5
124 125 5
124 203 5
124 287 5
124 296 5
125 203 5
125 277 5
125 318 5
126 192 5
126 212 5
127 168 5
127 202 5
127 255 5
127 284 5
127 319 5
128 193 5
129 200 5
129 221 5
129 230 5
129 243 5
129 361 5
129 362 5
130 141 5
130 162 5
130 206 5
130 286 5
130 327 5
131 142 5
131 185 5
131 330 5
131 340 5
132 308 5
134 142 5
134 186 5
134 217 5
135 197 5
135 227 5
136 141 5
136 230 5
136 263 5
137 157 5
138 208 5
138 263 5
138 279 5
139 180 5
139 187 5
139 236 5
139 271 5
140 253 5
140 351 5
140 365 5
141 149 5
141 185 5
141 224 5
142 197 5
142 274 5
142 300 5
143 216 5
143 243 5
143 248 5
143 255 5
143 291 5
143 311 5
143 334 5
144 231 5
144 243 5
145 244 5
145 268 5
146 176 5
146 267 5
146 311 5
146 345 5
147 243 5
147 343 5
149 217 5
149 280 5
150 190 5
152 216 5
152 301 5
152 317 5
152 356 5
153 236 5
153 339 5
154 197 5
154 244 5
154 251 5
154 255 5
155 193 5
155 331 5
156 304 5
157 215 5
157 231 5
157 233 5
158 313 5
158 321 5
159 251 5
159 354 5
160 168 5
160 169 5
160 190 5
161 294 5
161 337 5
163 200 5
163 255 5
163 272 5
163 289 5
163 304 5
164 222 5
165 271 5
165 314 5
165 358 5
166 216 5
166 230 5
166 241 5
166 279 5
168 184 5
168 216 5
169 184 5
169 248 5
170 308 5
171 210 5
172 174 5
172 208 5
172 241 5
173 183 5
173 270 5
173 353 5
174 315 5
175 255 5
175 338 5
176 288 5
176 307 5
177 191 5
177 198 5
177 241 5
177 261 5
178 307 5
178 312 5
179 292 5
180 192 5
181 219 5
181 329 5
182 311 5
183 234 5
183 235 5
184 274 5
185 307 5
185 325 5
186 218 5
186 226 5
186 242 5
186 247 5
187 221 5
187 315 5
187 345 5
189 320 5
190 305 5
191 314 5
192 234 5
193 253 5
193 266 5
195 263 5
195 294 5
195 329 5
196 201 5
196 249 5
196 307 5
196 319 5
197 228 5
197 245 5
201 246 5
201 250 5
201 260 5
201 300 5
201 314 5
202 205 5
202 260 5
202 285 5
202 303 5
203 208 5
206 225 5
206 231 5
206 328 5
206 337 5
208 287 5
208 308 5
210 232 5
210 292 5
211 215 5
211 222 5
213 287 5
215 262 5
216 282 5
216 300 5
217 231 5
217 244 5
217 286 5
217 309 5
218 242 5
220 260 5
220 271 5
221 238 5
221 240 5
221 330 5
222 265 5
223 324 5
223 335 5
224 328 5
224 335 5
225 229 5
226 302 5
227 264 5
227 345 5
228 274 5
229 294 5
229 318 5
235 246 5
236 300 5
237 339 5
238 279 5
238 299 5
241 270 5
241 303 5
241 330 5
241 332 5
242 293 5
245 299 5
245 332 5
247 327 5
247 334 5
247 362 5
248 291 5
249 297 5
249 304 5
249 319 5
249 321 5
251 342 5
253 363 5
254 288 5
256 288 5
256 289 5
256 296 5
256 333 5
259 329 5
260 296 5
261 324 5
264 272 5
264 293 5
265 271 5
265 323 5
265 362 5
266 274 5
266 298 5
268 287 5
269 300 5
272 292 5
275 299 5
282 289 5
283 305 5
283 316 5
283 354 5
284 288 5
285 333 5
286 296 5
288 335 5
288 360 5
294 302 5
298 311 5
310 324 5
310 353 5
313 320 5
313 345 5
314 327 5
314 331 5
314 332 5
318 334 5
320 337 5
322 326 5
323 346 5
333 364 5
334 352 5
338 357 5
351 352 5
351 361 5
360 365 5
46 91 5
105 171 5
121 192 5
141 217 5
160 332 5
337 360 5
92 308 5
19 175 5
257 332 5
138 235 5
10 241 5
33 193 5
4 273 5
138 161 5
111 290 5
128 335 5
275 372 5
67 111 5
162 328 5
92 207 5
86 215 5
123 250 5
195 297 5
50 268 5
77 227 5
309 357 5
148 391 5
14 394 5
92 224 5
153 382 5
334 354 5
280 388 5
98 324 5
157 346 5
97 224 5
255 321 5
42 111 5
103 305 5
10 42 5
236 354 5
191 382 5
180 216 5
128 302 5
246 292 5
124 398 5
130 345 5
22 332 5
8 345 5
26 101 5
100 270 5
19 322 5
31 123 5
60 298 5
69 335 5
11 360 5
201 377 5
265 340 5
53 139 5
165 298 5
30 362 5
367 374 5
90 389 5
170 377 5
4 149 5
104 195 5
17 189 5
195 212 5
219 328 5
108 226 5
68 191 5
44 257 5
64 269 5
116 381 5
79 217 5
85 181 5
123 177 5
227 339 5
183 202 5
108 187 5
23 375 5
39 290 5
156 162 5
53 251 5
30 82 5
150 278 5
206 221 5
266 284 5
73 245 5
71 225 5
133 155 5
4 310 5
230 277 5
132 247 5
26 104 5
126 318 5
279 401 5
164 234 5
33 86 5
188 286 5
189 235 5
8 337 5
40 201 5
185 364 5
33 117 5
8 249 5
85 187 5
135 230 5
76 314 5
89 266 5
101 255 5
173 214 5
50 132 5
6 238 5
208 291 5
24 396 5
198 360 5
2 310 5
232 365 5
20 93 5
174 397 5
255 268 5
170 258 5
62 243 5
245 327 5
17 332 5
217 254 5
190 385 5
266 268 5
73 221 5
157 244 5
26 67 5
142 275 5
178 335 5
27 178 5
174 197 5
137 273 5
100 202 5
161 306 5
116 222 5
46 160 5
12 238 5
99 263 5
68 200 5
38 362 5
268 272 5
11 277 5
151 293 5
152 227 5
329 401 5
197 326 5
274 333 5
70 310 5
106 185 5
130 338 5
39 304 5
21 238 5
89 211 5
36 248 5
122 308 5
114 398 5
6 391 5
141 220 5
220 305 5
68 229 5
15 315 5
19 97 5
166 260 5
37 401 5
22 129 5
325 375 5
67 240 5
122 234 5
228 270 5
349 370 5
155 249 5
238 346 5
164 233 5
50 136 5
55 190 5
36 69 5
103 132 5
160 362 5
159 370 5
64 71 5
44 360 5
272 388 5
183 294 5
10 393 5
33 162 5
9 358 5
261 302 5
92 319 5
138 368 5
192 301 5
156 336 5
259 334 5
140 165 5
108 292 5
324 362 5
171 355 5
77 231 5
225 260 5
123 290 5
342 357 5
298 322 5
37 181 5
272 355 5
8 346 5
245 394 5
148 272 5
204 252 5
78 391 5
42 369 5
171 364 5
13 75 5
225 390 5
287 316 5
110 156 5
96 175 5
65 168 5
65 101 5
21 336 5
127 366 5
15 192 5
282 287 5
132 340 5
89 162 5
195 202 5
37 203 5
237 278 5
49 226 5
174 365 5
111 329 5
146 285 5
96 211 5
124 160 5
144 384 5
95 183 5
109 181 5
134 374 5
67 385 5
302 339 5
73 132 5
102 348 5
168 339 5
224 289 5
69 236 5
325 346 5
70 397 5
164 302 5
24 353 5
324 335 5
90 241 5
20 189 5
162 198 5
154 338 5
91 218 5
238 363 5
295 339 5
134 310 5
205 349 5
21 183 5
274 346 5
200 342 5
14 100 5
38 105 5
100 197 5
36 372 5
189 233 5
128 386 5
66 354 5
283 395 5
43 231 5
9 245 5
153 242 5
142 262 5
29 163 5
44 302 5
180 316 5
266 316 5
15 19 5
211 303 5
118 346 5
306 319 5
45 177 5
242 363 5
29 399 5
113 124 5
40 259 5
122 172 5
265 336 5
33 293 5
97 149 5
194 349 5
63 108 5
77 213 5
114 199 5
360 389 5
59 277 5
308 366 5
327 395 5
149 392 5
27 345 5
103 286 5
56 297 5
129 320 5
161 232 5
211 401 5
76 382 5
44 349 5
233 256 5
53 193 5
19 225 5
40 77 5
4 100 5
56 93 5
3 277 5
102 156 5
220 259 5
59 348 5
188 227 5
57 266 5
20 76 5
1 130 5
77 224 5
44 79 5
309 382 5
131 400 5
132 244 5
148 305 5
204 320 5
395 397 5
79 225 5
96 372 5
82 154 5
318 381 5
256 341 5
37 361 5
166 331 5
33 226 5
149 315 5
295 304 5
56 107 5
188 294 5
22 113 5
91 341 5
159 316 5
7 67 5
102 383 5
37 136 5
26 328 5
116 341 5
225 281 5
283 373 5
4 62 5
108 376 5
10 152 5
207 342 5
189 307 5
66 210 5
19 229 5
6 150 5
60 229 5
41 72 5
108 330 5
250 329 5
86 268 5
239 261 5
41 322 5
148 242 5
65 369 5
230 382 5
18 345 5
9 288 5
227 379 5
48 311 5
370 384 5
55 349 5
82 277 5
3 235 5
40 278 5
39 144 5
199 372 5
239 383 5
296 365 5
58 332 5
287 361 5
304 386 5
345 377 5
276 385 5
294 322 5
323 377 5
271 335 5
16 103 5
219 338 5
91 95 5
49 130 5
312 320 5
100 293 5
64 230 5
187 287 5
67 219 5
124 246 5
121 221 5
67 105 5
60 95 5
70 90 5
4 109 5
32 211 5
92 323 5
182 220 5
17 342 5
384 401 5
156 333 5
162 292 5
150 292 5
120 358 5
37 369 5
154 161 5
220 258 5
24 338 5
7 353 5
60 186 5
83 217 5
247 270 5
139 162 5
100 228 5
33 227 5
190 311 5
201 267 5
339 387 5
230 379 5
22 383 5
139 352 5
75 275 5
48 226 5
154 233 5
285 309 5
227 260 5
327 387 5
159 160 5
57 81 5
63 266 5
131 246 5
256 263 5
91 189 5
284 307 5
44 73 5
234 347 5
191 281 5
17 244 5
113 127 5
234 325 5
24 224 5
83 165 5
149 396 5
302 315 5
51 179 5
364 369 5
298 310 5
170 296 5
201 388 5
52 132 5
286 317 5
150 180 5
238 393 5
22 196 5
191 192 5
288 328 5
14 164 5
235 370 5
158 356 5
134 243 5
115 248 5
139 216 5
199 284 5
8 88 5
2 4 5
152 366 5
202 256 5
50 216 5
79 297 5
223 314 5
366 401 5
6 387 5
143 307 5
114 361 5
23 166 5
28 343 5
240 280 5
157 236 5
110 318 5
111 243 5
207 321 5
248 335 5
80 150 5
370 376 5
282 301 5
329 354 5
260 343 5
143 375 5
45 238 5
145 213 5
91 180 5
8 384 5
92 399 5
313 325 5
203 317 5
191 209 5
163 344 5
30 131 5
330 391 5
85 260 5
110 266 5
187 207 5
330 369 5
85 254 5
65 166 5
17 230 5
228 285 5
25 299 5
21 377 5
210 251 5
10 73 5
58 172 5
15 88 5
4 376 5
89 132 5
337 355 5
122 241 5
233 282 5
85 123 5
362 366 5
222 267 5
49 378 5
74 151 5
199 347 5
168 228 5
121 177 5
251 300 5
20 387 5
10 395 5
63 99 5
198 399 5
38 52 5
119 284 5
315 392 5
28 41 5
262 348 5
295 324 5
117 310 5
70 328 5
237 315 5
107 228 5
85 199 5
104 357 5
185 367 5
171 247 5
64 368 5
188 244 5
34 77 5
67 143 5
20 183 5
95 367 5
61 117 5
98 363 5
104 177 5
25 163 5
12 252 5
96 269 5
122 297 5
272 306 5
41 262 5
224 398 5
81 139 5
230 257 5
246 400 5
265 370 5
136 254 5
304 370 5
196 265 5
44 67 5
164 368 5
279 379 5
87 146 5
146 208 5
16 41 5
113 376 5
8 57 5
44 210 5
147 301 5
38 64 5
79 372 5
224 401 5
214 303 5
81 193 5
239 259 5
124 278 5
1 21 5
107 255 5
72 219 5
314 333 5
88 98 5
217 380 5
22 179 5
25 398 5
135 395 5
60 365 5
59 214 5
99 188 5
34 380 5
180 272 5
303 310 5
2 149 5
75 377 5
108 194 5
93 147 5
125 307 5
176 264 5
114 122 5
198 219 5
110 191 5
25 242 5
155 311 5
300 342 5
5 9 5
188 393 5
277 301 5
97 162 5
137 375 5
81 244 5
3 62 5
200 246 5
181 368 5
88 376 5
172 294 5
75 379 5
34 76 5
188 316 5
288 386 5
66 201 5
265 292 5
240 253 5
87 237 5
8 210 5
223 252 5
225 363 5
281 313 5
24 280 5
60 71 5
26 39 5
90 242 5
173 275 5
88 165 5
135 222 5
7 47 5
10 288 5
212 272 5
107 250 5
298 330 5
193 390 5
180 351 5
16 165 5
112 230 5
116 363 5
182 227 5
232 316 5
42 152 5
176 392 5
37 374 5
255 260 5
47 125 5
143 369 5
40 305 5
366 370 5
222 232 5
315 320 5
217 386 5
100 104 5
251 358 5
310 326 5
52 314 5
166 213 5
64 204 5
13 109 5
267 313 5
31 40 5
64 183 5
40 71 5
40 222 5
4 52 5
261 391 5
43 318 5
146 206 5
16 128 5
13 103 5
109 227 5
322 399 5
62 392 5
3 197 5
181 243 5
269 283 5
4 285 5
64 355 5
43 358 5
46 66 5
81 399 5
36 123 5
314 315 5
2 342 5
41 43 5
88 222 5
85 342 5
142 332 5
10 219 5
6 61 5
191 347 5
15 74 5
151 351 5
65 100 5
107 166 5
111 260 5
219 236 5
223 382 5
204 395 5
224 317 5
36 384 5
49 138 5
68 352 5
359 380 5
57 362 5
3 105 5
25 297 5
255 396 5
89 361 5
233 272 5
141 219 5
162 273 5
38 363 5
258 266 5
26 375 5
163 241 5
22 381 5
74 187 5
147 338 5
28 203 5
205 370 5
132 338 5
302 387 5
4 391 5
18 237 5
310 334 5
49 168 5
10 254 5
191 205 5
230 267 5
179 237 5
65 332 5
158 251 5
77 168 5
69 279 5
110 195 5
156 399 5
46 56 5
49 56 5
118 147 5
51 358 5
5 128 5
291 381 5
87 94 5
26 243 5
79 323 5
59 204 5
9 34 5
85 309 5
49 201 5
67 363 5
117 158 5
64 276 5
193 246 5
325 363 5
339 354 5
65 85 5
31 375 5
44 190 5
140 359 5
62 215 5
18 36 5
44 193 5
51 174 5
128 324 5
163 222 5
380 390 5
125 352 5
196 327 5
317 323 5
231 254 5
276 388 5
318 379 5
33 362 5
167 173 5
382 392 5
99 307 5
71 99 5
143 194 5
272 343 5
92 116 5
128 143 5
69 301 5
217 323 5
225 391 5
69 338 5
59 212 5
245 388 5
154 164 5
16 227 5
207 323 5
350 399 5
20 140 5
215 364 5
154 330 5
54 331 5
178 270 5
57 77 5
10 51 5
72 293 5
34 349 5
9 159 5
68 165 5
75 401 5
90 294 5
99 300 5
84 297 5
120 176 5
35 334 5
138 261 5
265 335 5
111 190 5
206 319 5
188 215 5
286 390 5
21 220 5
34 294 5
21 400 5
55 320 5
171 212 5
215 290 5
322 387 5
197 296 5
229 254 5
43 60 5
338 340 5
33 199 5
108 350 5
135 207 5
26 74 5
180 227 5
320 392 5
46 251 5
20 238 5
124 257 5
310 315 5
117 204 5
110 371 5
104 242 5
85 115 5
117 178 5
313 328 5
262 264 5
70 108 5
140 254 5
96 366 5
86 105 5
285 355 5
194 204 5
132 375 5
356 391 5
46 106 5
155 231 5
148 334 5
69 232 5
48 246 5
21 32 5
246 357 5
353 366 5
25 104 5
193 205 5
142 309 5
25 352 5
154 335 5
291 308 5
280 286 5
3 262 5
58 164 5
205 230 5
97 298 5
36 217 5
129 143 5
60 248 5
84 213 5
11 108 5
288 389 5
129 374 5
268 324 5
201 226 5
76 116 5
33 181 5
67 114 5
35 124 5
265 278 5
46 329 5
36 161 5
262 376 5
164 181 5
34 247 5
65 117 5
26 53 5
76 399 5
254 343 5
79 321 5
69 216 5
68 267 5
101 333 5
181 209 5
56 57 5
72 384 5
102 305 5
35 91 5
254 353 5
58 216 5
99 353 5
175 197 5
77 250 5
