127 216 1
127 269 1
120 269 1
220 269 1
4 127 1
99 216 1
42 216 1
199 220 1
85 220 1
159 269 1
55 183 1
80 220 1
121 269 1
43 183 1
4 202 1
40 120 1
8 53 1
97 127 1
71 121 1
43 99 1
127 135 1
82 220 1
207 220 1
160 207 1
17 121 1
42 254 1
216 253 1
57 80 1
42 140 1
127 132 1
135 155 1
183 233 1
11 120 1
132 184 1
127 245 1
50 120 1
182 216 1
127 217 1
126 132 1
132 264 1
218 220 1
57 152 1
31 216 1
53 184 1
32 121 1
216 237 1
196 237 1
153 220 1
3 155 1
82 163 1
135 143 1
33 53 1
81 120 1
5 57 1
43 119 1
17 236 1
3 227 1
183 211 1
204 227 1
50 238 1
207 226 1
23 127 1
53 182 1
4 165 1
168 269 1
59 220 1
216 255 1
48 121 1
10 81 1
179 182 1
53 66 1
85 189 1
82 173 1
105 184 1
43 200 1
76 153 1
67 220 1
202 203 1
182 185 1
23 82 1
101 220 1
55 106 1
52 182 1
20 216 1
227 230 1
220 238 1
7 216 1
182 215 1
82 225 1
80 265 1
1 216 1
120 122 1
38 126 1
109 121 1
82 254 1
35 127 1
216 222 1
42 165 1
26 140 1
21 233 1
33 220 1
68 182 1
199 269 1
138 265 1
126 182 1
50 195 1
11 186 1
171 269 1
184 188 1
116 265 1
204 244 1
194 216 1
100 220 1
119 216 1
104 220 1
11 66 1
31 111 1
117 220 1
160 184 1
106 202 1
98 220 1
3 104 1
207 213 1
171 207 1
11 182 1
182 239 1
132 260 1
11 217 1
53 220 1
197 255 1
132 243 1
111 265 1
53 69 1
41 99 1
127 149 1
38 177 1
106 132 1
109 182 1
127 204 1
82 185 1
33 130 1
46 227 1
148 220 1
91 239 1
55 262 1
164 216 1
104 240 1
99 269 1
23 112 1
21 207 1
220 221 1
43 48 1
65 220 1
66 123 1
68 120 1
31 76 1
162 227 1
19 220 1
3 190 1
92 217 1
38 99 1
127 228 1
26 207 1
82 271 1
83 220 1
3 112 1
19 227 1
3 139 1
19 237 1
127 152 1
137 220 1
182 246 1
127 203 1
182 266 1
220 233 1
36 182 1
80 81 1
178 217 1
227 267 1
13 127 1
109 221 1
56 220 1
46 220 1
169 207 1
13 42 1
109 137 1
204 270 1
122 182 1
38 227 1
82 137 1
42 261 1
33 258 1
127 140 1
41 207 1
18 41 1
17 265 1
99 158 1
3 117 1
235 237 1
183 252 1
105 217 1
3 173 1
19 57 1
220 258 1
193 220 1
220 256 1
19 192 1
57 170 1
184 214 1
182 187 1
216 223 1
95 207 1
93 220 1
112 249 1
102 182 1
48 127 1
22 121 1
84 216 1
127 268 1
88 220 1
160 182 1
143 250 1
186 220 1
202 220 1
220 246 1
28 207 1
154 216 1
7 41 1
127 205 1
11 192 1
58 258 1
24 269 1
171 258 1
53 179 1
127 153 1
109 177 1
81 168 1
103 182 1
127 213 1
106 253 1
99 242 1
127 180 1
82 158 1
58 207 1
80 272 1
53 142 1
123 220 1
123 127 1
164 220 1
59 191 1
182 186 1
210 220 1
26 174 1
43 54 1
107 194 1
38 105 1
126 166 1
116 182 1
11 159 1
57 272 1
41 105 1
172 220 1
183 240 1
25 220 1
126 241 1
26 46 1
220 237 1
189 258 1
202 208 1
23 182 1
20 121 1
66 132 1
99 183 1
55 205 1
91 183 1
81 248 1
32 220 1
3 261 1
130 261 1
148 158 1
82 237 1
3 113 1
88 182 1
66 222 1
3 237 1
183 250 1
16 205 1
204 220 1
57 185 1
38 155 1
115 237 1
7 11 1
40 41 1
42 269 1
150 216 1
99 213 1
84 127 1
37 57 1
43 242 1
34 41 1
9 207 1
50 140 1
84 256 1
220 254 1
182 256 1
2 132 1
192 226 1
31 274 1
63 127 1
169 239 1
3 88 1
159 204 1
127 160 1
101 109 1
182 218 1
80 158 1
85 198 1
26 114 1
13 57 1
205 220 1
48 143 1
29 42 1
66 182 1
220 243 1
53 185 1
11 98 1
83 132 1
96 262 1
15 184 1
143 208 1
157 182 1
224 274 1
15 127 1
23 53 1
137 182 1
114 227 1
204 264 1
95 216 1
56 132 1
83 182 1
106 127 1
132 195 1
3 21 1
49 203 1
37 101 1
55 211 1
184 220 1
176 191 1
38 74 1
146 182 1
38 103 1
121 203 1
187 258 1
20 261 1
184 221 1
183 204 1
7 195 1
90 183 1
7 127 1
88 221 1
168 184 1
47 220 1
168 257 1
127 246 1
129 269 1
45 47 1
173 220 1
53 70 1
142 209 1
99 202 1
42 47 1
127 275 1
199 266 1
5 220 1
26 76 1
42 260 1
51 121 1
140 220 1
82 226 1
23 207 1
126 127 1
207 265 1
181 220 1
7 38 1
37 143 1
203 244 1
99 268 1
57 178 1
261 269 1
30 47 1
182 183 1
183 230 1
221 242 1
86 269 1
20 182 1
91 146 1
42 62 1
18 83 1
80 187 1
128 182 1
193 207 1
50 227 1
83 165 1
217 220 1
179 254 1
134 207 1
54 273 1
11 127 1
138 182 1
116 175 1
88 183 1
49 204 1
48 187 1
82 266 1
147 220 1
60 258 1
216 267 1
42 101 1
89 132 1
163 213 1
80 165 1
2 185 1
41 159 1
58 108 1
5 41 1
38 114 1
23 184 1
182 243 1
48 191 1
117 133 1
38 264 1
20 189 1
45 168 1
54 190 1
8 195 1
111 207 1
220 245 1
68 253 1
95 211 1
43 72 1
66 152 1
81 183 1
86 132 1
107 189 1
7 59 1
81 148 1
13 34 1
17 258 1
220 275 1
200 257 1
17 221 1
3 74 1
38 170 1
53 266 1
118 221 1
182 203 1
183 220 1
41 195 1
23 257 1
33 177 1
250 266 1
216 272 1
57 199 1
249 268 1
220 247 1
38 199 1
43 220 1
62 152 1
168 255 1
100 183 1
127 171 1
9 264 1
182 230 1
3 106 1
126 137 1
98 184 1
5 218 1
81 180 1
136 186 1
123 199 1
53 237 1
176 237 1
80 253 1
47 182 1
51 120 1
220 229 1
8 109 1
145 178 1
231 269 1
66 96 1
14 104 1
220 225 1
9 40 1
88 269 1
109 220 1
74 171 1
179 222 1
183 193 1
10 216 1
61 171 1
14 122 1
80 193 1
114 192 1
127 161 1
132 216 1
176 216 1
82 260 1
38 220 1
182 199 1
207 271 1
41 47 1
39 220 1
127 270 1
26 132 1
98 183 1
107 220 1
159 189 1
76 242 1
65 182 1
85 179 1
88 127 1
204 223 1
158 269 1
117 138 1
38 218 1
182 253 1
89 127 1
151 157 1
193 205 1
151 220 1
168 182 1
17 47 1
54 207 1
41 69 1
31 33 1
82 89 1
27 269 1
179 215 1
169 183 1
4 207 1
33 172 1
208 220 1
111 204 1
59 154 1
3 170 1
125 220 1
17 220 1
41 79 1
220 266 1
182 225 1
75 88 1
82 113 1
140 201 1
193 270 1
82 100 1
197 220 1
50 125 1
165 207 1
39 127 1
16 36 1
47 132 1
82 90 1
39 216 1
26 251 1
55 115 1
75 269 1
44 249 1
86 270 1
41 186 1
158 205 1
68 136 1
195 196 1
26 152 1
30 186 1
129 179 1
33 138 1
26 223 1
183 246 1
51 106 1
23 248 1
23 180 1
72 127 1
127 223 1
41 216 1
185 220 1
129 205 1
170 226 1
85 193 1
155 180 1
62 204 1
55 143 1
220 257 1
106 155 1
26 210 1
26 199 1
124 184 1
89 183 1
220 227 1
31 241 1
84 239 1
24 220 1
25 38 1
140 207 1
180 182 1
39 180 1
253 263 1
17 222 1
269 275 1
85 91 1
26 91 1
92 268 1
182 259 1
153 158 1
12 220 1
44 127 1
169 220 1
112 204 1
6 143 1
72 253 1
144 230 1
14 186 1
152 220 1
106 191 1
28 152 1
178 273 1
135 201 1
82 108 1
10 195 1
258 263 1
113 136 1
47 120 1
164 237 1
42 262 1
26 171 1
98 158 1
89 120 1
20 42 1
11 175 1
29 53 1
54 104 1
123 216 1
85 99 1
58 152 1
3 97 1
201 207 1
11 22 1
85 87 1
127 242 1
68 262 1
80 127 1
154 262 1
203 220 1
131 172 1
149 238 1
99 129 1
122 132 1
104 182 1
74 114 1
128 220 1
63 220 1
53 191 1
110 216 1
221 260 1
99 235 1
121 220 1
42 92 1
89 152 1
83 127 1
91 165 1
183 216 1
11 220 1
85 182 1
60 239 1
99 223 1
121 235 1
124 255 1
127 155 1
71 227 1
20 120 1
220 273 1
127 220 1
183 198 1
109 133 1
178 182 1
81 220 1
77 95 1
131 182 1
35 53 1
132 192 1
5 140 1
38 270 1
105 127 1
19 136 1
99 150 1
39 88 1
54 245 1
68 179 1
174 226 1
168 233 1
68 127 1
11 114 1
7 112 1
138 202 1
120 226 1
27 220 1
216 252 1
106 120 1
196 260 1
220 249 1
67 213 1
156 220 1
60 233 1
132 185 1
11 222 1
3 180 1
196 227 1
80 174 1
183 223 1
182 219 1
197 254 1
81 156 1
109 232 1
202 248 1
123 169 1
150 197 1
72 147 1
40 220 1
45 127 1
2 227 1
42 184 1
109 235 1
84 226 1
40 98 1
49 127 1
167 195 1
50 220 1
220 232 1
38 58 1
3 160 1
127 163 1
72 183 1
9 82 1
26 127 1
45 151 1
92 99 1
12 182 1
130 238 1
116 168 1
49 84 1
57 216 1
81 206 1
35 216 1
31 245 1
68 170 1
199 243 1
23 229 1
