1 125 3
1 216 3
2 151 3
3 97 3
3 104 3
3 106 3
3 117 3
3 127 3
3 160 3
3 188 3
3 190 3
3 227 3
3 238 3
4 182 3
5 182 3
6 266 3
7 41 3
7 195 3
7 264 3
7 275 3
8 195 3
9 159 3
9 264 3
10 158 3
11 57 3
11 65 3
11 72 3
11 73 3
11 91 3
11 98 3
11 159 3
11 163 3
11 186 3
11 283 3
12 87 3
12 220 3
13 34 3
13 42 3
13 67 3
13 87 3
13 127 3
13 233 3
13 278 3
14 37 3
14 104 3
14 127 3
15 23 3
15 117 3
16 85 3
17 222 3
17 236 3
18 127 3
18 180 3
20 159 3
20 189 3
20 239 3
20 261 3
21 220 3
22 220 3
23 39 3
23 82 3
23 153 3
23 180 3
23 184 3
24 128 3
25 172 3
25 186 3
26 46 3
26 91 3
26 132 3
26 140 3
26 170 3
26 171 3
26 207 3
26 271 3
27 220 3
28 152 3
30 220 3
31 33 3
31 216 3
31 241 3
32 132 3
32 220 3
32 269 3
33 122 3
33 130 3
33 266 3
34 127 3
35 38 3
35 53 3
35 216 3
35 220 3
36 182 3
36 254 3
37 42 3
37 109 3
37 143 3
37 228 3
38 64 3
38 99 3
38 141 3
38 162 3
38 170 3
38 177 3
39 88 3
39 217 3
40 41 3
40 213 3
41 49 3
41 160 3
41 207 3
41 226 3
42 62 3
42 140 3
42 174 3
42 184 3
42 248 3
42 260 3
43 200 3
44 113 3
44 127 3
44 249 3
45 47 3
45 84 3
45 112 3
45 127 3
45 151 3
45 168 3
45 215 3
47 120 3
47 132 3
47 182 3
47 185 3
47 218 3
47 220 3
48 121 3
48 127 3
48 225 3
48 250 3
49 82 3
49 155 3
50 127 3
50 129 3
50 140 3
51 120 3
51 261 3
53 69 3
53 182 3
53 220 3
54 91 3
54 182 3
55 132 3
55 143 3
55 205 3
55 276 3
56 111 3
57 178 3
58 220 3
59 103 3
59 220 3
60 81 3
60 182 3
62 182 3
63 127 3
63 144 3
63 220 3
63 237 3
65 160 3
67 207 3
68 120 3
68 127 3
68 141 3
68 184 3
68 190 3
68 220 3
70 229 3
72 147 3
72 220 3
72 253 3
73 120 3
73 180 3
73 203 3
73 233 3
73 253 3
74 182 3
74 220 3
75 88 3
75 183 3
75 269 3
78 260 3
79 224 3
79 269 3
80 193 3
80 272 3
81 180 3
81 220 3
82 89 3
82 93 3
82 106 3
82 162 3
82 185 3
82 226 3
82 254 3
83 132 3
83 182 3
84 127 3
84 220 3
84 226 3
85 99 3
85 275 3
87 89 3
87 179 3
88 113 3
88 183 3
88 221 3
88 269 3
89 127 3
89 220 3
90 109 3
90 204 3
90 298 3
91 120 3
91 165 3
91 183 3
91 259 3
92 127 3
95 182 3
95 192 3
96 262 3
96 269 3
97 217 3
98 220 3
99 106 3
99 150 3
99 220 3
100 183 3
100 233 3
103 118 3
103 198 3
103 296 3
104 182 3
104 213 3
105 184 3
106 127 3
106 175 3
106 191 3
106 221 3
106 253 3
106 265 3
106 279 3
107 220 3
109 177 3
109 221 3
109 232 3
110 118 3
111 204 3
112 183 3
113 202 3
114 173 3
114 183 3
114 227 3
115 273 3
117 127 3
117 138 3
117 140 3
117 182 3
117 189 3
117 248 3
120 131 3
120 136 3
120 269 3
120 272 3
121 184 3
122 200 3
123 169 3
123 184 3
123 216 3
124 127 3
124 177 3
124 255 3
125 180 3
126 132 3
126 183 3
126 188 3
127 132 3
127 153 3
127 161 3
127 192 3
127 198 3
127 206 3
127 217 3
127 224 3
127 250 3
127 254 3
127 264 3
127 275 3
127 280 3
127 283 3
128 182 3
128 220 3
129 179 3
130 261 3
131 142 3
131 169 3
131 180 3
132 180 3
132 184 3
132 201 3
132 260 3
132 279 3
133 184 3
133 216 3
135 143 3
137 182 3
137 216 3
137 238 3
138 197 3
139 177 3
139 184 3
140 265 3
141 172 3
142 233 3
145 178 3
147 244 3
149 203 3
152 188 3
152 220 3
153 233 3
156 184 3
157 220 3
157 227 3
159 183 3
159 210 3
159 220 3
159 275 3
160 207 3
160 225 3
160 286 3
161 174 3
164 237 3
165 173 3
165 207 3
165 269 3
166 204 3
166 220 3
167 180 3
168 182 3
168 184 3
168 204 3
168 233 3
168 255 3
170 226 3
171 269 3
172 177 3
172 220 3
172 284 3
174 220 3
174 226 3
175 199 3
176 216 3
178 211 3
178 217 3
178 230 3
178 273 3
179 182 3
179 215 3
179 222 3
179 254 3
180 216 3
180 282 3
181 220 3
182 200 3
182 202 3
182 215 3
182 237 3
182 253 3
182 260 3
182 263 3
182 266 3
182 267 3
182 297 3
183 219 3
183 223 3
183 234 3
183 252 3
183 277 3
184 207 3
184 214 3
184 224 3
184 253 3
184 279 3
186 248 3
186 261 3
187 258 3
193 205 3
193 220 3
196 230 3
196 260 3
197 207 3
199 202 3
204 216 3
204 227 3
204 281 3
204 287 3
206 216 3
207 289 3
213 216 3
213 248 3
213 277 3
215 237 3
216 243 3
216 245 3
216 252 3
216 267 3
217 238 3
219 227 3
220 221 3
220 229 3
220 246 3
220 253 3
220 271 3
220 273 3
220 276 3
220 286 3
220 295 3
224 248 3
224 270 3
225 258 3
225 284 3
226 230 3
226 236 3
227 281 3
231 236 3
234 285 3
249 256 3
249 268 3
250 266 3
252 271 3
253 263 3
254 300 3
258 268 3
260 273 3
262 289 3
269 273 3
269 275 3
233 264 3
88 99 3
7 158 3
29 250 3
154 181 3
91 160 3
216 220 3
115 312 3
152 261 3
160 252 3
183 303 3
220 307 3
127 234 3
132 238 3
129 163 3
27 249 3
144 180 3
150 184 3
153 248 3
175 216 3
159 181 3
208 253 3
146 173 3
161 226 3
104 216 3
192 244 3
227 324 3
227 287 3
143 193 3
42 319 3
116 182 3
14 88 3
146 252 3
13 37 3
192 249 3
24 184 3
111 310 3
180 264 3
75 106 3
102 220 3
127 322 3
114 132 3
222 294 3
87 198 3
42 307 3
6 184 3
233 295 3
248 321 3
114 322 3
56 273 3
174 209 3
30 266 3
55 147 3
252 258 3
95 117 3
16 283 3
7 272 3
20 220 3
227 268 3
199 236 3
209 248 3
57 330 3
206 295 3
182 316 3
33 99 3
210 220 3
3 78 3
182 214 3
93 238 3
45 300 3
40 252 3
49 220 3
45 250 3
227 264 3
91 243 3
182 296 3
184 201 3
106 300 3
153 246 3
88 250 3
70 227 3
35 236 3
8 127 3
118 226 3
167 275 3
42 103 3
83 133 3
35 199 3
191 215 3
77 78 3
183 191 3
189 220 3
11 216 3
36 88 3
159 289 3
183 245 3
172 282 3
84 88 3
91 112 3
61 180 3
124 184 3
201 258 3
177 316 3
208 272 3
17 217 3
140 198 3
160 241 3
7 331 3
68 211 3
114 182 3
101 132 3
182 234 3
12 233 3
38 41 3
92 182 3
16 90 3
63 256 3
240 252 3
105 109 3
41 52 3
256 300 3
246 292 3
114 250 3
47 254 3
160 171 3
87 226 3
216 272 3
127 163 3
3 11 3
97 220 3
182 302 3
50 180 3
127 238 3
220 222 3
55 233 3
95 105 3
132 145 3
41 155 3
13 230 3
220 306 3
3 164 3
126 204 3
159 211 3
5 67 3
120 155 3
23 182 3
174 252 3
220 227 3
101 220 3
3 196 3
109 198 3
36 92 3
230 290 3
203 324 3
197 222 3
3 259 3
88 275 3
35 120 3
48 246 3
51 117 3
85 211 3
102 233 3
127 236 3
74 127 3
161 220 3
156 178 3
35 185 3
53 234 3
24 199 3
38 306 3
132 182 3
35 270 3
64 220 3
146 220 3
139 216 3
22 37 3
111 282 3
135 275 3
114 313 3
73 172 3
220 226 3
220 304 3
3 101 3
150 261 3
154 226 3
180 273 3
11 302 3
177 279 3
190 217 3
100 111 3
82 270 3
82 179 3
51 130 3
35 274 3
184 240 3
11 242 3
75 91 3
112 182 3
5 230 3
147 170 3
75 157 3
199 258 3
252 292 3
180 270 3
21 183 3
188 225 3
127 193 3
35 228 3
19 118 3
106 217 3
132 210 3
167 322 3
120 127 3
44 212 3
22 193 3
3 39 3
203 217 3
127 146 3
7 308 3
2 80 3
18 216 3
47 320 3
24 106 3
7 16 3
146 207 3
43 92 3
127 174 3
24 216 3
41 173 3
99 116 3
152 252 3
233 237 3
160 221 3
115 220 3
96 233 3
117 301 3
48 62 3
193 250 3
170 266 3
88 131 3
149 207 3
207 312 3
182 187 3
127 150 3
43 75 3
238 292 3
68 203 3
145 147 3
46 159 3
145 204 3
132 186 3
36 269 3
13 178 3
182 306 3
45 216 3
124 260 3
82 291 3
102 182 3
184 323 3
6 190 3
82 197 3
33 220 3
207 247 3
226 289 3
117 290 3
111 322 3
71 302 3
114 253 3
174 180 3
180 197 3
46 84 3
216 318 3
64 84 3
183 322 3
68 137 3
141 233 3
6 32 3
157 300 3
15 206 3
132 195 3
95 284 3
127 296 3
117 305 3
167 233 3
160 232 3
233 254 3
180 329 3
233 331 3
100 127 3
219 269 3
159 226 3
137 187 3
114 220 3
12 300 3
180 223 3
206 226 3
27 131 3
93 156 3
121 127 3
43 191 3
179 226 3
183 258 3
145 182 3
30 129 3
91 170 3
66 91 3
252 268 3
215 293 3
264 279 3
127 131 3
6 304 3
45 257 3
122 127 3
108 183 3
58 183 3
96 220 3
34 42 3
28 279 3
266 299 3
188 208 3
170 325 3
70 109 3
76 127 3
172 304 3
94 129 3
33 145 3
100 220 3
107 205 3
84 233 3
250 296 3
243 266 3
88 238 3
296 307 3
84 99 3
41 42 3
23 299 3
49 174 3
52 131 3
129 134 3
127 304 3
290 297 3
55 159 3
137 184 3
152 180 3
148 216 3
144 253 3
252 256 3
16 180 3
12 91 3
30 127 3
40 201 3
47 99 3
59 266 3
39 299 3
183 270 3
32 318 3
17 270 3
183 203 3
87 93 3
84 242 3
253 297 3
204 315 3
127 272 3
48 255 3
54 183 3
184 293 3
105 199 3
219 258 3
30 325 3
178 179 3
164 266 3
157 307 3
164 253 3
111 157 3
57 269 3
55 131 3
43 252 3
13 247 3
40 132 3
132 308 3
203 220 3
196 250 3
163 241 3
40 52 3
98 193 3
144 226 3
76 92 3
53 156 3
93 252 3
216 287 3
5 82 3
17 77 3
184 301 3
60 91 3
105 220 3
43 56 3
77 238 3
55 185 3
180 330 3
149 234 3
42 191 3
174 312 3
10 40 3
44 66 3
71 127 3
11 136 3
53 250 3
48 182 3
182 282 3
67 82 3
6 176 3
196 315 3
48 232 3
123 171 3
126 127 3
50 128 3
182 309 3
48 52 3
182 191 3
38 73 3
29 232 3
99 132 3
51 82 3
90 182 3
171 182 3
33 213 3
127 265 3
127 145 3
76 305 3
117 145 3
84 129 3
253 269 3
46 177 3
152 331 3
105 169 3
127 157 3
105 186 3
123 256 3
36 109 3
220 223 3
225 257 3
36 180 3
12 126 3
259 261 3
47 190 3
16 214 3
4 48 3
185 258 3
199 279 3
3 147 3
157 159 3
144 244 3
72 259 3
91 140 3
33 214 3
260 269 3
11 137 3
183 308 3
130 248 3
220 331 3
138 182 3
122 183 3
159 180 3
82 220 3
36 125 3
172 233 3
96 109 3
29 233 3
17 137 3
147 155 3
133 196 3
17 161 3
97 159 3
174 191 3
272 322 3
37 230 3
153 199 3
89 191 3
217 285 3
220 313 3
202 278 3
90 303 3
150 252 3
183 276 3
76 191 3
144 168 3
141 184 3
47 97 3
3 295 3
225 250 3
243 259 3
3 183 3
80 127 3
158 226 3
181 210 3
101 153 3
18 96 3
17 48 3
249 250 3
129 221 3
69 182 3
220 300 3
51 322 3
29 265 3
210 227 3
16 256 3
127 218 3
202 299 3
24 91 3
77 242 3
136 227 3
150 164 3
151 235 3
52 216 3
30 216 3
42 290 3
33 241 3
100 197 3
101 226 3
183 332 3
180 231 3
23 49 3
218 270 3
77 207 3
191 315 3
88 101 3
127 267 3
76 132 3
192 269 3
104 106 3
226 326 3
144 157 3
141 281 3
142 215 3
83 127 3
232 272 3
127 207 3
5 71 3
151 216 3
129 224 3
225 227 3
127 226 3
38 121 3
23 157 3
182 315 3
212 317 3
229 233 3
18 191 3
116 204 3
31 61 3
84 276 3
176 264 3
37 252 3
164 223 3
182 317 3
8 131 3
207 291 3
158 268 3
26 215 3
29 47 3
122 165 3
49 319 3
99 231 3
110 275 3
42 321 3
175 178 3
127 284 3
32 38 3
65 176 3
29 226 3
165 182 3
215 300 3
183 220 3
146 272 3
125 204 3
146 294 3
3 305 3
45 156 3
92 107 3
53 133 3
9 127 3
127 317 3
38 164 3
88 280 3
132 285 3
68 126 3
2 250 3
3 36 3
179 285 3
233 325 3
177 220 3
82 314 3
38 229 3
204 259 3
93 114 3
91 118 3
154 184 3
59 233 3
21 47 3
92 262 3
134 207 3
94 105 3
253 279 3
183 227 3
272 283 3
7 132 3
13 285 3
51 323 3
184 266 3
178 183 3
26 226 3
12 180 3
244 266 3
68 185 3
75 240 3
158 164 3
91 190 3
37 164 3
20 179 3
20 253 3
39 140 3
210 239 3
111 185 3
1 270 3
36 159 3
18 226 3
31 157 3
117 308 3
90 319 3
118 216 3
152 277 3
165 166 3
252 273 3
246 274 3
106 234 3
223 226 3
48 291 3
127 262 3
57 216 3
12 248 3
147 328 3
25 227 3
99 219 3
127 320 3
188 216 3
182 195 3
91 156 3
217 323 3
44 185 3
184 290 3
61 227 3
79 226 3
220 312 3
144 191 3
127 305 3
79 180 3
111 331 3
