1 125 5
2 151 5
3 104 5
3 136 5
3 160 5
3 204 5
3 214 5
3 302 5
5 182 5
6 38 5
6 183 5
7 16 5
7 48 5
7 132 5
7 275 5
7 308 5
7 326 5
7 331 5
8 127 5
8 139 5
8 195 5
8 206 5
9 127 5
10 302 5
11 83 5
11 91 5
11 159 5
12 87 5
12 127 5
12 189 5
12 220 5
13 34 5
13 87 5
13 113 5
13 127 5
13 131 5
13 178 5
13 182 5
13 216 5
13 254 5
13 278 5
13 355 5
13 362 5
14 85 5
15 159 5
16 77 5
16 90 5
16 127 5
16 180 5
16 289 5
17 48 5
17 170 5
17 217 5
17 222 5
17 236 5
18 69 5
18 99 5
18 180 5
18 300 5
20 98 5
20 105 5
20 179 5
20 258 5
20 261 5
21 206 5
21 216 5
21 301 5
22 26 5
22 180 5
23 52 5
23 93 5
23 180 5
23 299 5
24 184 5
25 183 5
26 46 5
26 66 5
26 77 5
26 82 5
26 91 5
26 167 5
26 258 5
26 259 5
26 265 5
26 301 5
26 334 5
27 114 5
28 98 5
28 365 5
29 159 5
30 42 5
30 127 5
30 220 5
30 325 5
31 74 5
31 105 5
31 157 5
31 216 5
31 299 5
32 183 5
33 220 5
34 233 5
35 88 5
35 228 5
35 236 5
35 274 5
35 359 5
36 88 5
36 125 5
36 180 5
36 195 5
36 220 5
36 231 5
36 269 5
37 109 5
38 41 5
38 64 5
38 141 5
38 177 5
38 229 5
38 235 5
38 249 5
38 318 5
39 55 5
39 199 5
40 41 5
40 52 5
40 155 5
40 233 5
40 348 5
41 52 5
41 155 5
41 180 5
41 241 5
42 103 5
42 140 5
42 191 5
42 197 5
42 256 5
42 303 5
43 56 5
43 75 5
43 157 5
43 259 5
44 113 5
44 127 5
45 77 5
45 174 5
45 215 5
45 300 5
46 177 5
46 216 5
46 278 5
46 314 5
47 116 5
47 254 5
47 330 5
48 123 5
48 127 5
48 147 5
48 182 5
48 206 5
48 232 5
48 327 5
48 338 5
49 82 5
49 174 5
49 194 5
50 216 5
50 227 5
51 82 5
51 120 5
51 323 5
52 322 5
52 324 5
53 156 5
53 234 5
53 250 5
54 75 5
54 109 5
54 182 5
54 183 5
55 62 5
55 127 5
55 143 5
55 159 5
55 221 5
55 253 5
55 276 5
55 320 5
55 337 5
56 79 5
56 111 5
56 206 5
56 242 5
56 270 5
56 345 5
57 159 5
57 269 5
59 92 5
59 103 5
59 185 5
59 211 5
60 91 5
60 253 5
61 180 5
61 183 5
61 227 5
62 178 5
63 153 5
63 210 5
63 220 5
64 127 5
64 180 5
64 183 5
65 176 5
66 100 5
67 82 5
68 91 5
68 127 5
68 137 5
68 184 5
68 220 5
68 232 5
69 101 5
70 229 5
71 168 5
71 312 5
72 253 5
73 75 5
73 127 5
73 153 5
73 203 5
74 127 5
75 88 5
75 157 5
75 246 5
75 269 5
75 279 5
75 293 5
76 127 5
76 305 5
77 78 5
77 249 5
78 253 5
79 180 5
79 224 5
79 296 5
80 91 5
80 127 5
80 183 5
80 309 5
81 180 5
81 220 5
82 89 5
82 162 5
82 179 5
82 220 5
82 226 5
83 127 5
84 88 5
84 99 5
84 129 5
84 216 5
84 285 5
86 279 5
86 296 5
87 93 5
87 349 5
88 99 5
88 131 5
88 221 5
88 228 5
88 314 5
89 121 5
89 127 5
89 185 5
89 191 5
89 258 5
90 161 5
91 103 5
91 120 5
91 140 5
91 271 5
91 291 5
92 107 5
92 233 5
92 331 5
93 180 5
93 193 5
93 210 5
93 252 5
94 159 5
94 290 5
95 105 5
96 109 5
96 127 5
96 182 5
96 220 5
96 241 5
96 305 5
97 205 5
98 178 5
98 223 5
98 245 5
99 150 5
99 226 5
100 182 5
100 187 5
100 233 5
101 127 5
101 361 5
101 365 5
102 182 5
102 344 5
103 335 5
105 109 5
106 191 5
106 234 5
106 279 5
106 281 5
107 220 5
108 199 5
108 250 5
109 162 5
109 171 5
109 221 5
109 335 5
110 225 5
110 253 5
111 157 5
112 220 5
112 259 5
113 182 5
113 285 5
114 132 5
114 322 5
115 220 5
117 182 5
118 216 5
119 233 5
120 136 5
120 320 5
120 333 5
121 127 5
121 131 5
121 184 5
122 183 5
123 227 5
124 260 5
125 289 5
126 188 5
127 134 5
127 148 5
127 150 5
127 151 5
127 153 5
127 159 5
127 160 5
127 175 5
127 176 5
127 188 5
127 190 5
127 192 5
127 203 5
127 206 5
127 210 5
127 222 5
127 224 5
127 226 5
127 234 5
127 238 5
127 243 5
127 246 5
127 254 5
127 257 5
127 262 5
127 266 5
127 267 5
127 268 5
127 271 5
127 275 5
127 284 5
127 288 5
127 293 5
127 307 5
127 315 5
127 320 5
127 346 5
127 350 5
127 363 5
128 226 5
129 163 5
129 224 5
130 179 5
131 137 5
131 142 5
132 182 5
132 184 5
132 186 5
132 201 5
132 210 5
132 301 5
132 324 5
132 333 5
133 147 5
133 184 5
133 220 5
133 335 5
136 139 5
136 249 5
137 216 5
138 197 5
139 177 5
139 184 5
139 209 5
139 216 5
140 265 5
141 152 5
141 230 5
142 180 5
142 215 5
142 216 5
142 233 5
143 241 5
144 157 5
144 191 5
144 244 5
144 327 5
144 362 5
146 173 5
146 220 5
146 294 5
147 256 5
147 277 5
147 328 5
148 183 5
151 156 5
151 228 5
152 188 5
152 252 5
152 278 5
152 331 5
153 216 5
153 246 5
153 287 5
153 317 5
154 190 5
154 192 5
155 161 5
155 269 5
155 273 5
155 301 5
156 183 5
156 184 5
156 249 5
157 159 5
157 268 5
157 307 5
158 204 5
158 268 5
158 269 5
159 211 5
159 306 5
160 165 5
161 226 5
161 281 5
163 241 5
163 274 5
165 182 5
166 204 5
166 220 5
167 180 5
167 233 5
168 234 5
168 255 5
169 308 5
170 266 5
171 284 5
171 287 5
171 340 5
172 178 5
172 220 5
172 233 5
172 304 5
174 226 5
174 279 5
175 178 5
175 199 5
175 288 5
177 181 5
177 182 5
178 218 5
178 256 5
178 304 5
178 312 5
179 182 5
179 215 5
179 332 5
180 197 5
180 211 5
181 220 5
181 227 5
182 188 5
182 197 5
182 200 5
182 202 5
182 274 5
182 289 5
182 300 5
182 302 5
182 315 5
182 316 5
182 319 5
182 335 5
182 352 5
183 186 5
183 191 5
183 223 5
183 227 5
183 236 5
183 245 5
183 277 5
183 290 5
183 303 5
183 332 5
183 362 5
183 363 5
184 225 5
184 252 5
184 301 5
184 347 5
184 355 5
185 196 5
185 253 5
185 331 5
186 206 5
187 238 5
187 250 5
188 233 5
188 305 5
192 244 5
192 249 5
192 259 5
194 220 5
194 253 5
195 216 5
196 250 5
196 353 5
197 207 5
199 236 5
199 279 5
203 217 5
204 218 5
204 227 5
204 259 5
204 281 5
204 303 5
206 343 5
207 247 5
207 254 5
207 277 5
207 291 5
208 287 5
209 248 5
210 220 5
210 233 5
210 293 5
210 356 5
212 283 5
213 248 5
215 350 5
216 217 5
216 220 5
216 245 5
216 255 5
216 267 5
216 277 5
216 318 5
216 328 5
217 238 5
217 275 5
217 323 5
218 270 5
219 269 5
220 221 5
220 236 5
220 274 5
220 284 5
220 285 5
220 286 5
220 297 5
220 323 5
220 331 5
220 352 5
220 364 5
225 257 5
225 343 5
226 236 5
227 292 5
227 324 5
233 264 5
233 292 5
233 295 5
233 304 5
233 316 5
233 331 5
234 327 5
234 349 5
236 256 5
236 290 5
236 305 5
237 279 5
245 284 5
246 292 5
249 253 5
249 256 5
250 266 5
250 278 5
250 296 5
250 338 5
252 258 5
252 268 5
252 303 5
253 263 5
253 297 5
253 309 5
259 261 5
264 274 5
267 346 5
272 283 5
276 332 5
277 287 5
278 334 5
290 324 5
297 363 5
302 310 5
305 326 5
315 338 5
319 323 5
342 353 5
342 356 5
180 355 5
6 324 5
29 184 5
109 179 5
110 395 5
214 382 5
26 94 5
143 170 5
324 391 5
66 192 5
76 197 5
297 384 5
40 341 5
196 197 5
184 350 5
203 356 5
18 332 5
210 271 5
127 161 5
277 309 5
110 387 5
8 319 5
19 82 5
135 269 5
7 96 5
13 220 5
94 104 5
113 220 5
44 231 5
52 190 5
89 319 5
46 153 5
160 263 5
52 62 5
142 294 5
225 362 5
30 249 5
216 235 5
278 282 5
144 159 5
220 279 5
277 313 5
43 118 5
180 209 5
147 395 5
202 266 5
227 335 5
182 324 5
45 164 5
123 233 5
109 214 5
223 224 5
72 153 5
11 180 5
32 53 5
183 312 5
126 220 5
30 37 5
183 370 5
66 88 5
182 356 5
130 142 5
300 368 5
13 360 5
93 97 5
131 269 5
127 335 5
5 183 5
35 158 5
215 227 5
14 180 5
210 295 5
5 393 5
16 333 5
109 305 5
58 64 5
252 376 5
58 185 5
94 333 5
107 182 5
101 308 5
228 353 5
220 224 5
9 79 5
313 353 5
31 188 5
8 65 5
65 253 5
103 259 5
227 303 5
7 174 5
113 226 5
4 115 5
31 127 5
129 267 5
41 220 5
68 327 5
34 236 5
132 154 5
42 227 5
127 305 5
19 305 5
71 167 5
104 244 5
82 326 5
182 201 5
155 201 5
102 123 5
180 247 5
82 247 5
37 216 5
206 347 5
200 210 5
49 109 5
182 276 5
13 368 5
185 187 5
216 263 5
100 127 5
295 331 5
192 204 5
29 297 5
87 157 5
345 362 5
187 396 5
111 197 5
12 223 5
204 381 5
22 159 5
38 157 5
267 311 5
53 144 5
139 290 5
52 209 5
83 220 5
128 238 5
67 256 5
92 345 5
121 286 5
98 359 5
133 305 5
72 109 5
270 324 5
151 209 5
16 348 5
183 348 5
226 265 5
23 127 5
6 210 5
182 249 5
91 216 5
51 277 5
7 76 5
84 277 5
127 165 5
301 334 5
177 253 5
233 329 5
170 334 5
313 400 5
127 147 5
45 212 5
3 298 5
187 282 5
33 267 5
125 251 5
16 298 5
82 287 5
180 248 5
40 246 5
319 353 5
108 183 5
72 180 5
55 57 5
82 384 5
251 263 5
170 294 5
120 173 5
199 220 5
216 304 5
72 216 5
96 264 5
103 236 5
87 260 5
159 394 5
21 184 5
127 182 5
51 297 5
37 335 5
111 233 5
64 220 5
127 162 5
348 389 5
151 196 5
61 393 5
188 220 5
183 343 5
193 297 5
88 171 5
329 333 5
121 400 5
129 208 5
58 323 5
5 250 5
220 387 5
55 116 5
87 179 5
14 178 5
121 135 5
293 356 5
298 322 5
244 250 5
115 360 5
125 401 5
7 220 5
75 302 5
250 389 5
269 281 5
48 165 5
45 82 5
233 282 5
275 291 5
281 324 5
95 220 5
56 159 5
18 60 5
84 258 5
196 216 5
55 361 5
4 277 5
32 391 5
127 394 5
40 241 5
157 212 5
360 394 5
18 31 5
127 142 5
13 56 5
12 179 5
160 349 5
60 182 5
132 197 5
182 246 5
7 126 5
87 182 5
360 370 5
202 350 5
219 394 5
45 322 5
41 158 5
14 171 5
127 298 5
180 362 5
197 220 5
127 369 5
129 187 5
26 39 5
143 234 5
59 384 5
125 352 5
101 303 5
91 355 5
109 161 5
132 317 5
227 395 5
179 210 5
211 266 5
7 354 5
224 353 5
142 295 5
46 220 5
98 216 5
110 177 5
34 296 5
220 277 5
71 101 5
46 137 5
183 333 5
104 357 5
80 259 5
144 183 5
127 377 5
216 316 5
178 355 5
127 384 5
15 127 5
81 292 5
220 248 5
183 255 5
220 278 5
46 346 5
105 233 5
62 283 5
109 164 5
9 212 5
30 142 5
219 348 5
227 233 5
220 240 5
8 321 5
13 386 5
46 276 5
54 56 5
34 278 5
249 354 5
16 80 5
182 285 5
220 234 5
44 142 5
51 184 5
155 247 5
108 389 5
117 284 5
254 305 5
132 242 5
12 356 5
257 355 5
157 299 5
18 314 5
107 233 5
76 178 5
125 127 5
48 168 5
166 221 5
38 379 5
81 335 5
55 180 5
16 17 5
92 220 5
131 204 5
200 382 5
132 279 5
101 148 5
57 220 5
18 220 5
47 182 5
13 49 5
204 349 5
126 164 5
7 316 5
25 290 5
25 259 5
121 232 5
173 182 5
104 323 5
128 261 5
298 307 5
75 255 5
37 154 5
108 296 5
172 253 5
187 247 5
41 354 5
53 231 5
67 142 5
73 341 5
56 220 5
7 400 5
56 323 5
125 167 5
180 331 5
127 273 5
141 182 5
127 172 5
55 109 5
6 220 5
182 307 5
321 333 5
56 308 5
75 142 5
47 253 5
7 383 5
233 388 5
105 172 5
220 268 5
16 145 5
9 169 5
15 295 5
98 212 5
36 324 5
1 52 5
36 226 5
91 172 5
55 226 5
16 390 5
182 279 5
139 375 5
220 334 5
210 336 5
123 127 5
253 378 5
173 224 5
162 178 5
183 340 5
160 298 5
127 368 5
43 277 5
58 388 5
14 43 5
55 257 5
160 218 5
129 137 5
211 233 5
54 128 5
299 311 5
128 303 5
201 220 5
129 279 5
138 188 5
217 400 5
59 182 5
209 220 5
48 216 5
66 96 5
186 210 5
43 184 5
180 313 5
183 262 5
23 41 5
187 305 5
176 182 5
127 370 5
301 369 5
291 371 5
147 216 5
220 283 5
58 205 5
22 301 5
55 327 5
239 249 5
35 216 5
16 59 5
27 127 5
7 351 5
55 76 5
172 329 5
98 111 5
152 199 5
122 206 5
55 88 5
103 184 5
7 277 5
127 364 5
41 166 5
10 127 5
3 121 5
110 182 5
123 132 5
127 139 5
241 246 5
159 243 5
125 202 5
63 216 5
75 97 5
266 276 5
3 127 5
59 270 5
182 287 5
162 291 5
182 225 5
72 183 5
132 374 5
35 76 5
285 363 5
210 228 5
192 289 5
54 216 5
188 309 5
188 291 5
4 127 5
225 320 5
142 182 5
157 343 5
97 269 5
201 372 5
84 310 5
20 217 5
248 316 5
63 298 5
247 312 5
95 323 5
96 105 5
62 323 5
39 183 5
200 216 5
26 130 5
188 377 5
185 312 5
55 220 5
97 302 5
22 36 5
213 331 5
39 234 5
216 258 5
139 297 5
88 148 5
148 199 5
180 263 5
180 348 5
154 331 5
335 350 5
256 274 5
156 390 5
127 220 5
185 376 5
98 183 5
195 220 5
147 160 5
49 226 5
253 319 5
5 26 5
22 121 5
120 336 5
82 282 5
51 198 5
76 182 5
27 182 5
50 127 5
93 208 5
79 388 5
205 220 5
127 291 5
233 260 5
183 194 5
132 139 5
239 324 5
155 371 5
93 127 5
85 132 5
41 172 5
139 363 5
109 111 5
180 340 5
127 376 5
180 232 5
22 127 5
82 87 5
233 298 5
104 182 5
127 385 5
319 381 5
13 55 5
217 282 5
80 142 5
94 180 5
62 306 5
174 216 5
125 278 5
70 183 5
81 227 5
249 391 5
8 315 5
51 180 5
220 342 5
40 247 5
67 226 5
184 399 5
48 333 5
85 174 5
104 137 5
125 398 5
173 233 5
68 297 5
13 357 5
169 378 5
109 348 5
203 247 5
216 369 5
184 311 5
263 303 5
26 114 5
92 182 5
114 220 5
118 290 5
205 286 5
169 183 5
56 140 5
148 153 5
48 100 5
59 301 5
37 102 5
101 300 5
127 135 5
159 217 5
52 139 5
80 325 5
110 354 5
121 252 5
87 392 5
18 152 5
262 276 5
52 220 5
30 358 5
164 180 5
205 339 5
127 137 5
127 255 5
277 325 5
11 220 5
178 339 5
56 233 5
57 127 5
46 376 5
127 374 5
35 242 5
234 291 5
41 170 5
65 132 5
127 283 5
56 315 5
18 388 5
35 244 5
220 333 5
66 86 5
67 196 5
144 198 5
182 329 5
127 318 5
70 220 5
40 314 5
48 188 5
45 95 5
196 288 5
127 250 5
69 255 5
82 190 5
14 38 5
333 343 5
152 158 5
18 312 5
18 182 5
7 141 5
81 183 5
142 199 5
165 220 5
87 378 5
120 366 5
7 368 5
12 336 5
75 99 5
145 182 5
188 401 5
32 121 5
62 397 5
5 23 5
7 164 5
119 127 5
92 183 5
101 130 5
333 342 5
281 335 5
60 127 5
23 35 5
120 221 5
47 200 5
76 198 5
180 260 5
123 177 5
152 339 5
256 368 5
144 180 5
160 350 5
109 309 5
169 301 5
182 347 5
182 393 5
180 398 5
97 182 5
87 351 5
12 124 5
189 200 5
18 175 5
340 391 5
153 249 5
91 220 5
145 155 5
53 210 5
64 223 5
228 336 5
127 247 5
291 385 5
174 303 5
278 292 5
220 241 5
37 127 5
5 386 5
12 321 5
102 252 5
18 316 5
182 242 5
191 217 5
174 184 5
197 335 5
181 199 5
48 105 5
87 202 5
48 331 5
17 203 5
25 227 5
157 220 5
167 220 5
225 347 5
107 216 5
111 383 5
116 241 5
63 180 5
156 378 5
190 208 5
130 196 5
53 364 5
82 119 5
162 226 5
31 77 5
182 229 5
41 182 5
16 48 5
123 215 5
180 213 5
256 363 5
182 286 5
262 340 5
159 369 5
12 145 5
187 314 5
96 355 5
182 275 5
69 250 5
77 330 5
127 163 5
226 308 5
127 232 5
98 134 5
137 339 5
132 220 5
72 127 5
143 252 5
76 394 5
7 162 5
102 285 5
63 123 5
182 325 5
105 367 5
121 190 5
91 242 5
303 360 5
184 374 5
233 263 5
88 159 5
12 40 5
13 397 5
138 185 5
177 195 5
201 233 5
184 320 5
164 182 5
49 63 5
226 358 5
71 127 5
22 87 5
97 275 5
183 228 5
143 199 5
270 314 5
222 362 5
92 295 5
253 257 5
52 182 5
78 371 5
7 178 5
199 385 5
220 294 5
127 341 5
110 205 5
152 233 5
250 345 5
39 92 5
220 226 5
245 269 5
103 368 5
220 353 5
99 262 5
194 289 5
259 349 5
54 59 5
183 242 5
152 230 5
216 310 5
30 250 5
226 377 5
356 381 5
197 272 5
119 253 5
132 370 5
127 282 5
79 301 5
327 392 5
59 72 5
221 342 5
49 127 5
340 370 5
17 61 5
152 280 5
202 220 5
24 142 5
81 235 5
278 316 5
127 156 5
25 36 5
127 393 5
25 114 5
101 266 5
120 137 5
125 241 5
127 183 5
104 118 5
120 399 5
58 127 5
17 228 5
31 387 5
52 344 5
13 296 5
275 319 5
220 321 5
127 202 5
127 372 5
171 209 5
12 236 5
127 217 5
2 298 5
9 368 5
127 211 5
39 179 5
127 277 5
4 342 5
146 216 5
7 118 5
137 196 5
38 95 5
262 345 5
63 265 5
55 162 5
216 340 5
83 216 5
41 337 5
108 229 5
310 374 5
38 293 5
210 322 5
250 318 5
52 253 5
230 233 5
69 167 5
86 216 5
108 184 5
38 394 5
64 142 5
114 356 5
266 382 5
119 188 5
206 244 5
148 389 5
64 192 5
58 181 5
13 171 5
151 184 5
162 330 5
41 211 5
250 257 5
115 234 5
173 178 5
196 360 5
152 259 5
56 149 5
184 194 5
353 365 5
109 131 5
233 381 5
220 379 5
17 216 5
30 135 5
65 178 5
131 341 5
8 293 5
26 399 5
127 287 5
220 275 5
2 262 5
125 281 5
207 249 5
2 115 5
178 216 5
285 384 5
75 347 5
87 127 5
39 367 5
13 390 5
120 213 5
227 306 5
97 262 5
6 138 5
21 266 5
71 337 5
120 147 5
17 146 5
220 267 5
55 148 5
84 381 5
184 383 5
136 266 5
197 302 5
180 324 5
302 361 5
127 365 5
80 220 5
38 127 5
258 287 5
136 200 5
55 212 5
216 378 5
153 394 5
224 394 5
113 352 5
183 336 5
125 236 5
65 111 5
19 290 5
187 360 5
46 395 5
262 347 5
199 261 5
212 270 5
91 129 5
16 158 5
38 42 5
51 206 5
174 394 5
21 185 5
184 323 5
363 367 5
127 285 5
10 111 5
65 392 5
183 334 5
177 199 5
48 275 5
42 97 5
232 297 5
220 269 5
184 348 5
246 400 5
38 183 5
47 270 5
187 259 5
193 277 5
284 321 5
277 401 5
100 270 5
180 315 5
220 376 5
145 233 5
227 374 5
106 220 5
147 204 5
68 101 5
252 305 5
83 283 5
