62 105 2
60 122 2
143 171 2
221 247 2
106 255 2
131 255 2
138 210 2
133 161 2
113 221 2
83 227 2
32 231 2
107 146 2
43 66 2
68 69 2
31 73 2
135 141 2
134 199 2
254 277 2
67 196 2
17 193 2
21 299 2
206 269 2
125 159 2
35 75 2
237 259 2
157 266 2
187 300 2
70 252 2
41 139 2
15 69 2
154 209 2
41 201 2
48 153 2
13 112 2
44 203 2
41 128 2
94 223 2
77 244 2
218 276 2
150 151 2
4 231 2
113 115 2
1 181 2
39 63 2
17 75 2
107 223 2
4 228 2
263 273 2
156 273 2
82 197 2
173 209 2
94 235 2
177 300 2
168 215 2
17 148 2
60 76 2
20 173 2
18 189 2
49 249 2
57 63 2
21 161 2
247 285 2
164 246 2
15 217 2
214 299 2
85 212 2
144 203 2
176 201 2
16 39 2
111 164 2
55 171 2
72 239 2
39 125 2
87 90 2
71 146 2
90 149 2
4 131 2
34 168 2
72 248 2
182 284 2
89 242 2
64 141 2
233 237 2
39 248 2
149 275 2
28 107 2
15 44 2
53 97 2
166 186 2
139 237 2
27 285 2
24 31 2
55 112 2
181 196 2
73 300 2
162 238 2
162 225 2
76 90 2
112 159 2
33 132 2
140 260 2
157 275 2
181 253 2
23 44 2
135 160 2
161 280 2
140 301 2
189 251 2
51 82 2
47 130 2
155 291 2
12 284 2
55 212 2
66 101 2
131 166 2
121 195 2
49 270 2
91 146 2
114 300 2
130 190 2
165 271 2
108 290 2
162 175 2
57 212 2
186 256 2
106 256 2
172 235 2
79 117 2
215 289 2
145 152 2
37 44 2
9 273 2
61 84 2
79 155 2
40 172 2
140 208 2
193 204 2
63 248 2
2 65 2
19 273 2
185 226 2
52 122 2
157 237 2
131 143 2
190 295 2
7 263 2
90 197 2
19 49 2
168 191 2
73 86 2
26 289 2
264 273 2
26 48 2
18 272 2
42 152 2
162 241 2
95 204 2
30 96 2
236 244 2
226 302 2
6 130 2
24 186 2
96 202 2
70 263 2
88 155 2
32 114 2
139 293 2
82 186 2
16 52 2
56 201 2
138 201 2
100 217 2
10 232 2
129 163 2
128 251 2
76 86 2
134 269 2
99 229 2
166 169 2
187 256 2
16 216 2
65 155 2
147 206 2
36 220 2
196 237 2
94 275 2
72 189 2
194 301 2
20 196 2
144 162 2
146 247 2
218 279 2
14 214 2
78 203 2
85 178 2
31 193 2
94 301 2
43 202 2
79 240 2
119 131 2
13 91 2
82 224 2
113 277 2
80 170 2
131 239 2
10 276 2
182 227 2
91 250 2
148 238 2
111 168 2
196 232 2
2 228 2
44 289 2
128 224 2
120 246 2
52 132 2
33 274 2
7 211 2
82 289 2
175 212 2
182 225 2
102 183 2
104 128 2
39 192 2
57 275 2
150 203 2
149 251 2
128 237 2
190 255 2
8 157 2
197 206 2
137 229 2
46 177 2
233 257 2
32 103 2
164 254 2
43 284 2
54 85 2
170 245 2
122 141 2
269 300 2
113 166 2
180 302 2
34 117 2
7 11 2
142 238 2
112 237 2
165 187 2
64 216 2
228 268 2
167 249 2
220 270 2
30 135 2
149 161 2
158 275 2
9 115 2
103 227 2
175 280 2
224 289 2
10 229 2
247 297 2
68 231 2
54 252 2
93 118 2
58 165 2
29 43 2
3 8 2
30 247 2
105 142 2
113 178 2
260 290 2
58 121 2
212 293 2
35 133 2
44 279 2
59 273 2
124 288 2
40 201 2
73 292 2
45 197 2
45 264 2
204 206 2
41 74 2
8 251 2
153 265 2
236 274 2
20 145 2
52 262 2
239 276 2
32 94 2
79 209 2
106 156 2
118 226 2
95 272 2
137 161 2
120 164 2
65 182 2
23 255 2
30 106 2
202 256 2
133 292 2
7 225 2
185 278 2
58 251 2
121 151 2
25 280 2
131 228 2
41 130 2
55 222 2
9 213 2
55 172 2
30 236 2
52 235 2
36 186 2
79 83 2
68 291 2
212 216 2
74 191 2
94 129 2
137 212 2
112 280 2
203 236 2
62 243 2
243 295 2
251 281 2
33 205 2
121 234 2
51 266 2
150 283 2
59 86 2
74 232 2
124 143 2
197 283 2
29 74 2
21 165 2
285 300 2
217 275 2
198 215 2
139 276 2
205 254 2
85 107 2
203 285 2
36 248 2
16 253 2
36 93 2
23 72 2
108 195 2
88 163 2
87 192 2
107 160 2
54 140 2
26 103 2
52 300 2
25 238 2
134 140 2
219 277 2
244 259 2
117 277 2
68 204 2
290 297 2
59 101 2
15 206 2
177 251 2
33 292 2
66 149 2
118 140 2
240 286 2
36 141 2
75 235 2
60 67 2
34 212 2
154 283 2
95 290 2
126 190 2
114 160 2
184 261 2
172 196 2
119 162 2
68 151 2
132 151 2
288 297 2
247 281 2
83 225 2
14 158 2
73 157 2
65 222 2
105 200 2
92 216 2
39 294 2
152 281 2
152 160 2
20 108 2
51 269 2
119 138 2
116 286 2
110 248 2
192 272 2
88 194 2
101 274 2
47 127 2
172 266 2
191 276 2
104 161 2
63 153 2
40 140 2
292 302 2
105 199 2
7 248 2
71 142 2
62 184 2
7 125 2
94 294 2
79 196 2
165 286 2
28 180 2
47 289 2
177 294 2
20 152 2
80 278 2
116 302 2
119 299 2
14 103 2
101 107 2
170 261 2
20 248 2
51 70 2
24 40 2
162 219 2
119 143 2
79 296 2
66 170 2
40 159 2
57 240 2
7 216 2
4 136 2
27 253 2
1 127 2
99 266 2
224 233 2
176 266 2
13 241 2
243 262 2
52 102 2
170 176 2
242 254 2
108 161 2
17 200 2
255 264 2
254 270 2
88 168 2
38 270 2
14 301 2
66 244 2
28 222 2
117 158 2
40 57 2
89 117 2
157 292 2
96 259 2
115 241 2
201 256 2
11 163 2
208 264 2
71 128 2
49 97 2
84 262 2
64 273 2
82 128 2
214 301 2
28 155 2
154 192 2
84 268 2
238 280 2
234 257 2
30 194 2
47 230 2
57 147 2
52 88 2
18 216 2
65 120 2
8 79 2
70 146 2
47 226 2
197 260 2
47 222 2
74 287 2
66 238 2
39 213 2
294 302 2
29 145 2
185 189 2
27 256 2
42 245 2
76 260 2
195 255 2
22 262 2
166 271 2
15 27 2
89 223 2
8 274 2
256 267 2
81 200 2
17 118 2
16 111 2
109 255 2
42 291 2
141 298 2
15 81 2
37 88 2
38 289 2
58 282 2
248 250 2
223 275 2
7 264 2
193 233 2
14 156 2
93 184 2
53 200 2
163 210 2
113 255 2
251 302 2
14 248 2
27 282 2
65 99 2
78 268 2
120 212 2
23 38 2
182 286 2
44 72 2
57 214 2
95 225 2
147 278 2
52 292 2
136 203 2
63 247 2
62 154 2
99 193 2
73 220 2
79 171 2
42 282 2
99 248 2
253 270 2
132 136 2
179 251 2
160 202 2
124 233 2
76 254 2
97 242 2
127 233 2
140 188 2
175 293 2
65 249 2
20 88 2
164 284 2
190 261 2
134 205 2
57 154 2
101 190 2
48 285 2
64 184 2
207 295 2
4 157 2
68 100 2
96 192 2
28 235 2
77 202 2
24 224 2
7 265 2
41 244 2
168 230 2
68 203 2
61 257 2
160 221 2
145 202 2
207 208 2
81 111 2
84 200 2
58 184 2
155 209 2
229 291 2
107 210 2
69 250 2
214 290 2
10 77 2
210 218 2
144 276 2
61 165 2
7 133 2
35 262 2
40 212 2
108 144 2
106 122 2
1 70 2
162 222 2
148 209 2
13 149 2
55 96 2
79 266 2
82 87 2
40 297 2
181 296 2
158 270 2
99 241 2
162 198 2
72 133 2
236 276 2
55 179 2
80 246 2
55 241 2
166 261 2
10 86 2
138 272 2
48 103 2
99 184 2
134 138 2
126 178 2
16 144 2
255 283 2
143 242 2
72 150 2
83 212 2
46 86 2
123 135 2
29 187 2
61 194 2
144 146 2
113 203 2
2 279 2
75 160 2
185 292 2
59 210 2
113 223 2
93 202 2
141 175 2
21 233 2
140 210 2
101 253 2
225 236 2
73 254 2
120 131 2
143 263 2
42 272 2
73 248 2
43 231 2
18 225 2
220 225 2
28 283 2
146 180 2
18 120 2
16 49 2
36 226 2
137 188 2
109 176 2
70 247 2
58 187 2
75 200 2
45 148 2
220 239 2
281 290 2
4 146 2
61 202 2
182 228 2
71 88 2
58 206 2
73 87 2
120 254 2
137 296 2
170 256 2
21 243 2
112 300 2
186 208 2
51 198 2
134 228 2
214 268 2
111 112 2
10 217 2
140 172 2
189 260 2
209 246 2
163 293 2
15 112 2
8 110 2
64 246 2
175 187 2
82 286 2
184 289 2
77 168 2
35 93 2
1 209 2
2 17 2
112 216 2
24 283 2
54 210 2
238 262 2
98 152 2
166 250 2
57 209 2
151 171 2
44 118 2
35 200 2
25 218 2
184 192 2
219 295 2
201 283 2
219 284 2
26 215 2
198 236 2
4 249 2
141 242 2
206 292 2
35 153 2
153 242 2
20 207 2
21 90 2
63 124 2
85 220 2
37 99 2
29 277 2
13 255 2
227 229 2
137 234 2
127 254 2
68 256 2
73 209 2
195 276 2
196 227 2
47 124 2
29 166 2
66 255 2
47 126 2
74 266 2
111 208 2
60 182 2
73 137 2
60 132 2
64 301 2
196 251 2
188 264 2
204 261 2
94 168 2
61 232 2
18 54 2
107 182 2
126 132 2
206 293 2
87 199 2
12 146 2
76 148 2
208 216 2
207 213 2
99 269 2
154 159 2
58 60 2
110 225 2
40 151 2
166 285 2
88 91 2
45 168 2
177 255 2
246 293 2
75 78 2
89 142 2
215 218 2
132 236 2
118 139 2
40 84 2
198 237 2
236 294 2
43 257 2
103 216 2
80 196 2
168 268 2
11 283 2
33 236 2
21 185 2
177 262 2
14 95 2
11 48 2
228 281 2
44 142 2
117 181 2
49 125 2
56 74 2
28 38 2
97 251 2
128 174 2
93 145 2
40 123 2
70 101 2
54 285 2
91 230 2
185 242 2
241 287 2
165 195 2
32 266 2
78 208 2
28 210 2
125 283 2
84 162 2
6 178 2
109 133 2
49 253 2
88 224 2
22 71 2
125 158 2
3 246 2
50 244 2
128 289 2
19 229 2
151 190 2
50 54 2
260 265 2
81 87 2
244 247 2
37 53 2
72 86 2
1 295 2
71 171 2
15 24 2
241 269 2
93 258 2
75 111 2
69 160 2
30 128 2
115 206 2
51 116 2
58 64 2
98 292 2
61 110 2
108 181 2
66 177 2
67 71 2
38 80 2
3 33 2
128 229 2
215 238 2
283 301 2
93 124 2
10 208 2
26 124 2
87 256 2
179 243 2
184 287 2
1 63 2
52 92 2
110 268 2
115 178 2
31 192 2
33 213 2
38 225 2
137 260 2
258 275 2
66 115 2
78 125 2
101 271 2
224 246 2
122 187 2
68 164 2
106 162 2
128 196 2
212 235 2
24 161 2
111 191 2
21 216 2
138 222 2
59 179 2
29 272 2
84 132 2
94 209 2
62 206 2
5 149 2
191 283 2
142 269 2
70 257 2
82 302 2
211 265 2
15 124 2
123 232 2
10 143 2
143 231 2
199 280 2
105 247 2
228 237 2
19 29 2
141 234 2
79 146 2
57 79 2
34 45 2
197 290 2
112 196 2
68 75 2
80 102 2
31 196 2
202 203 2
40 174 2
130 149 2
234 239 2
94 162 2
120 168 2
7 178 2
51 256 2
127 150 2
9 183 2
169 205 2
169 281 2
96 234 2
51 197 2
11 246 2
210 225 2
94 146 2
247 275 2
181 241 2
