91 115 1
91 178 1
36 115 1
115 165 1
46 115 1
115 201 1
39 115 1
39 231 1
91 184 1
39 267 1
65 115 1
39 268 1
36 269 1
50 115 1
91 272 1
35 36 1
169 184 1
5 268 1
46 88 1
39 135 1
45 135 1
43 269 1
89 231 1
115 233 1
82 233 1
28 65 1
68 135 1
57 91 1
36 91 1
233 257 1
65 149 1
38 88 1
39 206 1
39 212 1
39 262 1
135 140 1
200 233 1
115 208 1
57 198 1
157 269 1
9 39 1
195 231 1
141 149 1
65 252 1
39 152 1
30 141 1
219 257 1
91 196 1
26 149 1
39 71 1
17 50 1
115 247 1
36 142 1
9 236 1
14 36 1
39 81 1
77 115 1
10 35 1
185 231 1
157 219 1
200 229 1
39 108 1
183 269 1
26 91 1
53 219 1
29 135 1
156 267 1
115 258 1
16 115 1
39 250 1
29 35 1
167 269 1
36 49 1
146 269 1
115 207 1
115 251 1
31 149 1
6 115 1
259 268 1
30 65 1
3 91 1
1 157 1
9 242 1
10 113 1
249 269 1
39 111 1
51 269 1
68 156 1
39 254 1
20 184 1
115 151 1
184 226 1
39 57 1
4 39 1
20 39 1
65 155 1
219 247 1
167 254 1
68 136 1
14 91 1
10 117 1
23 39 1
115 132 1
12 115 1
115 214 1
108 137 1
201 267 1
201 216 1
57 174 1
115 269 1
117 118 1
122 269 1
32 136 1
39 125 1
19 23 1
91 121 1
157 180 1
107 132 1
68 85 1
115 156 1
29 34 1
157 184 1
115 137 1
68 171 1
115 139 1
68 196 1
39 185 1
36 251 1
41 115 1
115 133 1
23 192 1
36 47 1
191 233 1
115 144 1
108 115 1
139 230 1
22 39 1
115 126 1
257 269 1
11 23 1
29 250 1
50 269 1
87 259 1
167 225 1
29 245 1
112 115 1
157 210 1
56 117 1
64 242 1
139 247 1
21 247 1
28 143 1
200 269 1
184 221 1
82 115 1
20 188 1
250 271 1
149 245 1
142 245 1
169 269 1
54 115 1
34 65 1
65 71 1
7 201 1
39 110 1
209 269 1
18 38 1
91 150 1
20 46 1
115 204 1
57 177 1
115 147 1
64 184 1
57 71 1
39 203 1
35 270 1
65 156 1
184 197 1
205 269 1
7 9 1
143 219 1
115 190 1
38 115 1
117 238 1
3 149 1
40 262 1
80 149 1
149 243 1
115 246 1
27 251 1
115 209 1
60 115 1
50 147 1
28 139 1
39 170 1
7 167 1
115 169 1
33 36 1
39 272 1
38 135 1
30 251 1
48 156 1
15 88 1
57 181 1
262 267 1
192 272 1
23 33 1
21 132 1
42 267 1
115 125 1
56 240 1
24 184 1
152 155 1
29 51 1
149 209 1
36 192 1
167 208 1
91 261 1
115 227 1
36 261 1
56 184 1
24 39 1
227 269 1
156 164 1
158 184 1
126 246 1
139 246 1
32 66 1
233 242 1
62 268 1
63 204 1
28 193 1
116 216 1
231 244 1
65 86 1
7 139 1
135 180 1
131 209 1
7 156 1
135 267 1
23 63 1
135 216 1
197 245 1
156 200 1
91 128 1
115 200 1
74 136 1
156 187 1
12 39 1
85 123 1
92 269 1
88 253 1
35 268 1
189 231 1
30 113 1
96 184 1
101 250 1
135 163 1
65 121 1
32 268 1
5 242 1
156 192 1
56 153 1
9 269 1
82 129 1
90 254 1
191 203 1
112 118 1
65 110 1
115 120 1
179 231 1
36 108 1
146 231 1
29 115 1
9 216 1
246 269 1
230 233 1
10 18 1
102 156 1
31 274 1
115 189 1
57 151 1
65 167 1
209 270 1
35 56 1
12 269 1
23 100 1
81 182 1
201 207 1
156 207 1
115 260 1
48 135 1
149 167 1
25 110 1
104 204 1
25 114 1
34 231 1
9 91 1
110 115 1
29 118 1
80 257 1
171 236 1
115 238 1
91 256 1
66 135 1
98 268 1
6 227 1
115 235 1
57 261 1
47 185 1
63 269 1
39 187 1
115 198 1
22 84 1
180 270 1
209 237 1
1 115 1
68 115 1
68 86 1
181 191 1
68 253 1
115 124 1
36 179 1
115 257 1
164 267 1
191 268 1
4 30 1
9 260 1
134 269 1
159 165 1
34 176 1
65 216 1
99 102 1
115 239 1
14 96 1
30 210 1
45 64 1
149 264 1
115 242 1
35 121 1
57 58 1
198 247 1
97 219 1
75 91 1
190 242 1
143 231 1
24 57 1
44 253 1
4 91 1
39 129 1
115 234 1
29 197 1
65 243 1
35 274 1
39 136 1
39 249 1
16 71 1
12 145 1
115 205 1
23 32 1
97 115 1
57 195 1
91 138 1
30 78 1
149 250 1
156 157 1
102 190 1
9 219 1
60 68 1
53 197 1
15 30 1
139 167 1
17 66 1
135 192 1
30 99 1
39 120 1
168 268 1
31 243 1
192 205 1
41 224 1
65 228 1
67 91 1
7 231 1
42 156 1
110 233 1
34 160 1
115 264 1
115 136 1
39 51 1
53 146 1
139 266 1
7 97 1
106 115 1
270 273 1
62 115 1
157 218 1
23 57 1
53 215 1
63 115 1
65 198 1
17 272 1
38 247 1
156 269 1
143 262 1
137 156 1
68 165 1
12 150 1
41 141 1
36 194 1
31 80 1
75 253 1
16 29 1
57 72 1
30 138 1
211 269 1
84 200 1
198 269 1
66 242 1
107 115 1
140 167 1
86 250 1
42 171 1
104 115 1
237 262 1
141 240 1
193 200 1
204 233 1
22 269 1
71 91 1
29 241 1
109 115 1
64 115 1
115 178 1
156 231 1
29 52 1
90 156 1
101 136 1
65 269 1
197 275 1
111 265 1
102 264 1
38 188 1
115 183 1
29 254 1
139 251 1
17 115 1
24 157 1
10 65 1
13 35 1
133 262 1
39 253 1
25 161 1
7 39 1
48 208 1
170 192 1
113 252 1
13 231 1
173 267 1
39 205 1
149 161 1
8 147 1
115 244 1
30 256 1
45 192 1
190 192 1
115 131 1
10 83 1
180 192 1
87 191 1
91 104 1
7 58 1
87 165 1
31 269 1
46 230 1
115 274 1
53 124 1
219 275 1
55 126 1
115 221 1
21 232 1
115 145 1
241 263 1
65 137 1
7 258 1
30 86 1
132 217 1
192 233 1
115 182 1
65 90 1
181 195 1
72 184 1
91 268 1
71 182 1
85 202 1
126 143 1
132 260 1
39 146 1
7 136 1
140 250 1
138 139 1
115 176 1
30 121 1
91 149 1
30 219 1
81 106 1
230 255 1
39 68 1
115 259 1
36 241 1
108 142 1
106 165 1
157 233 1
11 231 1
65 244 1
91 240 1
10 275 1
82 167 1
44 108 1
50 137 1
234 262 1
246 267 1
12 136 1
121 264 1
54 197 1
68 269 1
8 149 1
73 167 1
25 97 1
243 269 1
60 242 1
115 116 1
91 246 1
126 258 1
115 216 1
115 230 1
115 123 1
39 218 1
161 201 1
181 227 1
119 156 1
135 263 1
18 28 1
216 262 1
91 274 1
96 149 1
115 181 1
39 94 1
29 206 1
117 269 1
184 231 1
104 196 1
42 55 1
108 201 1
185 250 1
29 132 1
39 67 1
44 64 1
140 219 1
183 231 1
26 136 1
171 178 1
80 261 1
149 162 1
246 268 1
135 153 1
46 265 1
157 158 1
68 242 1
77 142 1
116 137 1
30 137 1
192 231 1
64 149 1
173 201 1
88 206 1
39 261 1
126 219 1
65 95 1
50 110 1
103 247 1
15 64 1
39 208 1
247 272 1
46 98 1
115 184 1
17 65 1
15 115 1
123 251 1
70 253 1
207 239 1
132 275 1
181 202 1
149 171 1
169 209 1
71 81 1
29 36 1
115 261 1
179 239 1
39 186 1
99 269 1
115 237 1
64 158 1
39 228 1
64 199 1
135 195 1
57 150 1
59 246 1
18 250 1
149 267 1
13 242 1
57 115 1
91 130 1
23 252 1
249 250 1
117 139 1
65 242 1
75 152 1
90 136 1
163 250 1
108 174 1
126 153 1
108 146 1
4 126 1
106 203 1
39 106 1
39 200 1
48 161 1
82 231 1
64 263 1
18 176 1
91 230 1
115 263 1
115 135 1
30 91 1
45 84 1
115 256 1
72 250 1
23 91 1
29 100 1
136 242 1
253 268 1
115 129 1
101 246 1
8 269 1
37 39 1
116 156 1
113 170 1
81 149 1
233 239 1
101 115 1
231 272 1
98 132 1
107 167 1
242 257 1
132 143 1
152 262 1
91 110 1
110 257 1
25 29 1
39 74 1
25 266 1
64 191 1
23 139 1
156 181 1
94 135 1
57 183 1
114 139 1
11 165 1
91 122 1
110 270 1
36 45 1
149 270 1
92 201 1
5 65 1
231 261 1
8 231 1
54 246 1
8 65 1
191 200 1
27 102 1
207 242 1
195 257 1
52 249 1
101 269 1
65 176 1
31 97 1
43 161 1
35 188 1
60 110 1
88 91 1
139 232 1
39 84 1
42 242 1
35 177 1
85 231 1
60 269 1
91 207 1
36 254 1
4 215 1
35 232 1
250 253 1
42 65 1
102 211 1
20 96 1
91 231 1
70 140 1
108 199 1
65 70 1
7 101 1
3 169 1
216 235 1
4 233 1
146 238 1
24 235 1
34 199 1
79 149 1
62 231 1
16 135 1
39 258 1
39 142 1
156 195 1
156 162 1
117 267 1
184 214 1
57 171 1
67 140 1
105 250 1
117 220 1
68 148 1
27 53 1
21 121 1
15 46 1
39 112 1
141 267 1
52 246 1
68 204 1
103 219 1
17 25 1
115 192 1
132 250 1
57 123 1
140 247 1
79 152 1
78 149 1
115 117 1
83 146 1
142 242 1
64 209 1
107 225 1
14 167 1
163 253 1
103 146 1
27 115 1
29 114 1
45 91 1
3 219 1
