195 355 4
35 355 4
40 73 4
40 314 4
109 355 4
35 233 4
40 68 4
40 227 4
40 197 4
40 115 4
35 261 4
109 151 4
40 313 4
37 115 4
35 71 4
35 265 4
40 339 4
57 115 4
35 337 4
40 44 4
35 312 4
35 44 4
113 151 4
40 261 4
18 68 4
34 233 4
40 286 4
73 180 4
40 343 4
334 339 4
34 68 4
71 136 4
52 115 4
312 356 4
115 303 4
115 297 4
35 169 4
35 205 4
40 246 4
355 356 4
168 180 4
109 161 4
265 297 4
72 312 4
305 339 4
63 297 4
15 115 4
35 102 4
37 332 4
263 305 4
73 322 4
35 216 4
115 307 4
12 35 4
73 164 4
72 178 4
44 271 4
35 70 4
35 150 4
11 40 4
35 359 4
74 169 4
276 355 4
109 332 4
113 126 4
101 102 4
40 355 4
7 276 4
134 339 4
59 233 4
10 115 4
3 297 4
27 40 4
126 253 4
240 297 4
3 57 4
35 257 4
155 355 4
95 115 4
247 257 4
195 231 4
168 217 4
88 240 4
311 355 4
35 41 4
40 117 4
44 308 4
113 185 4
113 320 4
21 73 4
40 361 4
40 241 4
114 297 4
75 88 4
310 355 4
217 290 4
40 319 4
88 356 4
116 356 4
43 312 4
40 93 4
31 74 4
17 115 4
180 277 4
148 356 4
134 189 4
312 358 4
91 115 4
166 355 4
3 237 4
3 153 4
58 73 4
40 138 4
44 288 4
55 91 4
40 278 4
81 233 4
40 333 4
10 73 4
287 356 4
122 355 4
34 239 4
151 199 4
43 207 4
61 312 4
35 85 4
3 36 4
233 245 4
35 330 4
99 355 4
279 312 4
34 46 4
40 45 4
142 205 4
115 211 4
115 364 4
58 239 4
35 76 4
77 168 4
87 247 4
35 318 4
40 133 4
79 339 4
27 170 4
230 297 4
109 157 4
70 348 4
26 239 4
27 35 4
40 167 4
109 254 4
279 349 4
88 282 4
297 329 4
118 355 4
70 137 4
21 116 4
39 355 4
72 363 4
34 122 4
43 322 4
26 40 4
184 276 4
5 355 4
73 99 4
21 234 4
35 145 4
187 312 4
126 337 4
241 344 4
227 317 4
128 247 4
35 165 4
114 355 4
16 361 4
35 161 4
40 245 4
241 276 4
188 355 4
126 244 4
40 284 4
29 355 4
139 244 4
41 197 4
35 179 4
18 297 4
35 92 4
261 365 4
35 278 4
225 355 4
110 297 4
122 176 4
302 332 4
40 92 4
212 239 4
26 140 4
168 218 4
285 297 4
281 318 4
284 339 4
18 355 4
166 337 4
96 179 4
25 355 4
75 305 4
19 355 4
235 356 4
115 327 4
113 356 4
239 263 4
3 320 4
221 277 4
35 168 4
104 241 4
265 269 4
151 338 4
229 239 4
267 355 4
240 251 4
278 355 4
134 355 4
91 231 4
109 167 4
243 319 4
29 229 4
170 233 4
192 231 4
189 322 4
185 265 4
22 116 4
15 237 4
94 180 4
164 355 4
151 180 4
109 172 4
355 357 4
235 331 4
58 234 4
235 258 4
88 256 4
40 254 4
36 44 4
188 265 4
113 128 4
40 103 4
12 175 4
178 298 4
234 278 4
114 197 4
141 339 4
170 355 4
174 282 4
3 35 4
35 356 4
168 232 4
202 327 4
91 318 4
41 219 4
35 77 4
64 265 4
170 186 4
97 356 4
4 279 4
35 341 4
35 74 4
35 304 4
278 342 4
233 296 4
197 211 4
148 235 4
2 70 4
110 128 4
312 335 4
122 155 4
111 319 4
87 168 4
35 133 4
170 283 4
198 327 4
15 37 4
272 327 4
121 332 4
21 169 4
161 339 4
35 308 4
40 334 4
262 333 4
3 129 4
182 297 4
170 271 4
37 129 4
88 339 4
58 259 4
97 155 4
6 259 4
129 312 4
40 207 4
82 94 4
42 168 4
40 249 4
124 233 4
327 355 4
40 182 4
115 189 4
40 256 4
61 355 4
35 249 4
4 68 4
167 318 4
132 168 4
306 339 4
134 195 4
186 239 4
167 199 4
37 40 4
85 226 4
121 134 4
174 257 4
35 203 4
54 121 4
99 110 4
158 355 4
134 152 4
13 34 4
35 88 4
101 355 4
177 356 4
122 188 4
33 187 4
286 355 4
108 276 4
44 84 4
73 178 4
146 245 4
33 339 4
285 330 4
129 238 4
77 221 4
77 355 4
35 97 4
35 307 4
151 170 4
142 247 4
229 355 4
115 207 4
36 233 4
295 332 4
35 327 4
3 353 4
159 233 4
35 309 4
35 167 4
21 119 4
86 239 4
73 344 4
224 339 4
286 340 4
96 233 4
34 355 4
86 233 4
40 335 4
343 355 4
239 339 4
152 226 4
35 57 4
104 116 4
129 279 4
35 191 4
35 104 4
27 37 4
265 312 4
35 222 4
172 233 4
41 88 4
299 355 4
226 297 4
66 265 4
312 336 4
37 161 4
115 289 4
330 355 4
122 365 4
38 168 4
113 275 4
3 96 4
35 253 4
44 67 4
52 322 4
167 273 4
36 180 4
254 356 4
36 112 4
239 346 4
96 312 4
100 239 4
40 265 4
120 276 4
35 103 4
88 153 4
170 363 4
96 216 4
79 186 4
15 355 4
94 355 4
233 304 4
17 252 4
242 276 4
122 165 4
255 355 4
90 151 4
35 163 4
147 180 4
38 126 4
109 115 4
76 168 4
115 322 4
131 170 4
312 325 4
98 151 4
248 341 4
201 312 4
189 276 4
103 197 4
70 273 4
35 244 4
25 317 4
35 173 4
86 176 4
110 314 4
29 35 4
35 185 4
84 216 4
155 169 4
76 347 4
45 168 4
12 355 4
3 171 4
259 292 4
137 355 4
35 122 4
204 346 4
36 214 4
44 342 4
265 298 4
36 40 4
24 239 4
194 237 4
74 338 4
326 355 4
279 295 4
263 350 4
45 164 4
12 332 4
238 243 4
109 234 4
239 333 4
115 182 4
344 356 4
102 114 4
66 233 4
35 279 4
73 334 4
113 147 4
3 125 4
55 324 4
15 35 4
109 242 4
261 275 4
217 360 4
108 292 4
40 238 4
100 161 4
16 238 4
58 126 4
54 145 4
47 237 4
297 301 4
29 356 4
265 300 4
181 308 4
157 265 4
109 247 4
210 285 4
52 338 4
36 153 4
105 279 4
231 312 4
155 283 4
32 310 4
40 187 4
62 355 4
119 216 4
151 351 4
44 297 4
35 80 4
39 134 4
5 32 4
68 126 4
126 293 4
188 271 4
14 100 4
247 331 4
35 159 4
78 340 4
251 322 4
88 255 4
102 248 4
88 297 4
126 273 4
6 356 4
47 291 4
3 155 4
50 185 4
146 276 4
35 352 4
17 35 4
117 233 4
134 191 4
276 365 4
40 162 4
115 172 4
18 59 4
170 252 4
220 239 4
125 297 4
45 90 4
35 280 4
11 35 4
76 243 4
37 88 4
22 265 4
217 356 4
168 266 4
312 342 4
88 165 4
10 226 4
155 196 4
73 244 4
141 361 4
73 315 4
26 233 4
40 53 4
129 339 4
219 322 4
73 254 4
126 318 4
35 134 4
35 238 4
62 184 4
99 140 4
91 225 4
170 292 4
101 146 4
138 355 4
63 228 4
200 226 4
85 190 4
237 253 4
35 40 4
351 355 4
3 119 4
35 250 4
122 291 4
226 248 4
139 317 4
124 180 4
29 232 4
54 122 4
182 355 4
35 101 4
179 355 4
3 115 4
3 33 4
35 241 4
73 233 4
216 319 4
100 158 4
40 311 4
10 335 4
71 290 4
66 143 4
259 327 4
79 115 4
106 115 4
62 333 4
35 288 4
109 315 4
259 361 4
143 265 4
177 238 4
196 356 4
80 151 4
207 317 4
96 265 4
241 359 4
35 63 4
37 232 4
115 239 4
145 241 4
129 356 4
244 355 4
60 113 4
35 258 4
115 331 4
198 244 4
169 323 4
44 113 4
221 339 4
276 336 4
209 297 4
44 71 4
76 109 4
180 205 4
109 319 4
45 305 4
35 62 4
129 355 4
88 200 4
35 154 4
15 25 4
233 238 4
121 123 4
245 310 4
26 301 4
101 244 4
44 107 4
72 118 4
35 227 4
35 240 4
129 210 4
35 324 4
88 156 4
44 328 4
123 195 4
113 355 4
88 278 4
40 228 4
35 164 4
209 221 4
160 355 4
40 231 4
195 261 4
34 317 4
122 254 4
72 189 4
77 351 4
161 181 4
103 355 4
60 355 4
203 332 4
9 232 4
113 156 4
6 40 4
329 355 4
91 113 4
73 327 4
40 248 4
53 73 4
319 365 4
238 355 4
141 278 4
88 293 4
115 132 4
195 297 4
115 355 4
41 151 4
155 209 4
161 211 4
26 310 4
106 129 4
35 152 4
69 113 4
128 180 4
128 356 4
130 355 4
21 97 4
42 113 4
43 279 4
109 238 4
35 204 4
129 286 4
3 355 4
97 223 4
107 259 4
40 104 4
79 265 4
35 228 4
19 272 4
278 281 4
26 348 4
35 331 4
237 306 4
40 42 4
180 226 4
88 292 4
188 282 4
19 170 4
35 146 4
237 247 4
11 141 4
58 355 4
13 45 4
113 340 4
232 355 4
145 251 4
147 356 4
35 236 4
115 230 4
40 213 4
3 101 4
77 321 4
10 35 4
160 224 4
73 235 4
129 200 4
174 209 4
9 40 4
68 201 4
265 341 4
40 356 4
129 138 4
27 112 4
178 355 4
160 164 4
54 138 4
136 297 4
109 278 4
21 126 4
35 306 4
102 153 4
154 264 4
65 88 4
22 29 4
186 297 4
37 173 4
73 299 4
75 296 4
208 355 4
114 356 4
155 358 4
40 170 4
293 356 4
53 259 4
349 355 4
84 355 4
35 271 4
47 297 4
136 355 4
36 50 4
280 339 4
17 88 4
58 342 4
19 119 4
5 40 4
239 286 4
33 97 4
262 275 4
40 275 4
52 339 4
44 332 4
56 113 4
61 240 4
246 324 4
40 140 4
78 297 4
102 246 4
225 339 4
40 337 4
29 110 4
35 335 4
35 275 4
74 210 4
233 326 4
160 265 4
40 277 4
163 297 4
134 251 4
170 325 4
35 260 4
3 177 4
51 170 4
211 241 4
191 341 4
2 265 4
239 324 4
125 355 4
9 21 4
3 231 4
232 356 4
282 315 4
168 305 4
223 247 4
149 312 4
44 289 4
124 275 4
8 238 4
121 312 4
72 239 4
8 35 4
68 238 4
278 335 4
55 170 4
257 328 4
245 342 4
35 332 4
32 113 4
233 271 4
231 331 4
97 338 4
85 170 4
9 314 4
25 40 4
239 298 4
185 355 4
180 270 4
91 242 4
193 238 4
327 338 4
48 355 4
22 129 4
36 235 4
110 249 4
284 338 4
35 291 4
127 239 4
60 170 4
355 364 4
157 355 4
90 101 4
134 245 4
103 147 4
134 168 4
103 303 4
35 243 4
11 115 4
40 78 4
128 284 4
113 120 4
35 129 4
216 355 4
19 356 4
42 338 4
184 355 4
119 297 4
279 356 4
113 202 4
261 297 4
8 188 4
108 126 4
66 238 4
161 235 4
21 355 4
21 319 4
18 109 4
170 251 4
88 353 4
86 318 4
62 203 4
71 115 4
354 355 4
102 137 4
177 297 4
35 56 4
187 326 4
136 289 4
36 324 4
122 170 4
247 356 4
35 310 4
149 233 4
197 234 4
115 159 4
129 352 4
226 300 4
88 195 4
35 109 4
127 211 4
120 297 4
14 247 4
143 188 4
180 297 4
13 35 4
39 322 4
20 146 4
38 242 4
40 237 4
52 124 4
95 265 4
35 65 4
154 168 4
158 356 4
113 194 4
144 297 4
2 356 4
156 310 4
230 275 4
35 281 4
9 78 4
182 352 4
35 139 4
35 47 4
64 332 4
72 116 4
34 135 4
168 328 4
153 332 4
115 162 4
35 225 4
26 113 4
145 355 4
178 248 4
61 113 4
8 88 4
168 190 4
82 310 4
5 35 4
35 248 4
98 332 4
168 298 4
147 328 4
20 40 4
40 105 4
233 302 4
300 355 4
38 359 4
40 174 4
113 299 4
181 192 4
17 339 4
35 259 4
247 254 4
20 172 4
35 42 4
40 123 4
10 98 4
353 355 4
55 293 4
346 355 4
112 193 4
113 310 4
35 206 4
123 355 4
226 270 4
217 342 4
113 293 4
45 320 4
146 239 4
35 364 4
35 98 4
143 237 4
44 183 4
221 228 4
47 355 4
47 168 4
28 355 4
141 332 4
233 348 4
101 142 4
326 365 4
261 338 4
109 187 4
116 265 4
113 251 4
148 355 4
80 361 4
129 311 4
67 209 4
102 233 4
167 336 4
9 355 4
106 126 4
12 297 4
38 339 4
194 239 4
222 226 4
40 279 4
35 118 4
199 356 4
108 155 4
226 264 4
239 355 4
34 35 4
31 36 4
40 345 4
66 111 4
214 307 4
35 232 4
14 339 4
115 158 4
55 312 4
226 247 4
40 58 4
79 129 4
15 266 4
72 226 4
5 344 4
129 190 4
21 115 4
42 161 4
233 276 4
123 130 4
241 287 4
109 148 4
197 297 4
58 223 4
322 355 4
59 162 4
40 347 4
55 333 4
89 358 4
70 113 4
45 136 4
139 197 4
45 115 4
221 327 4
73 87 4
134 250 4
39 105 4
114 237 4
185 247 4
40 364 4
10 249 4
184 339 4
44 163 4
318 355 4
73 226 4
252 256 4
341 355 4
10 124 4
287 358 4
34 180 4
102 113 4
157 339 4
3 232 4
19 35 4
40 320 4
16 332 4
152 239 4
40 300 4
73 283 4
72 298 4
19 46 4
40 250 4
115 120 4
79 355 4
261 362 4
168 173 4
35 91 4
173 355 4
168 263 4
59 356 4
96 297 4
35 158 4
3 98 4
7 278 4
129 214 4
37 211 4
178 332 4
95 151 4
96 287 4
36 79 4
138 253 4
168 286 4
24 182 4
58 121 4
104 235 4
226 365 4
134 344 4
88 327 4
32 40 4
177 220 4
45 282 4
12 88 4
50 355 4
195 217 4
44 280 4
82 258 4
35 46 4
2 319 4
35 83 4
101 195 4
82 265 4
123 159 4
142 186 4
40 126 4
18 356 4
277 297 4
40 124 4
42 99 4
158 328 4
15 100 4
14 161 4
113 181 4
2 195 4
231 319 4
352 355 4
37 77 4
66 339 4
19 52 4
35 292 4
158 339 4
114 201 4
1 45 4
235 319 4
73 146 4
111 205 4
16 135 4
74 125 4
35 166 4
76 355 4
290 297 4
140 355 4
24 35 4
11 75 4
40 220 4
35 90 4
152 355 4
227 276 4
102 156 4
8 247 4
110 344 4
170 346 4
9 145 4
181 355 4
210 221 4
35 89 4
312 326 4
239 343 4
113 254 4
280 299 4
220 355 4
35 190 4
35 277 4
247 351 4
124 271 4
35 357 4
134 218 4
35 197 4
186 356 4
74 191 4
264 271 4
168 171 4
269 285 4
170 284 4
83 332 4
278 356 4
243 355 4
3 61 4
145 265 4
221 256 4
109 168 4
99 121 4
44 194 4
140 172 4
72 353 4
289 338 4
62 85 4
84 279 4
50 358 4
297 361 4
35 299 4
45 92 4
35 116 4
227 339 4
45 202 4
72 88 4
256 355 4
298 333 4
320 355 4
86 339 4
124 143 4
40 211 4
70 257 4
115 299 4
180 230 4
151 236 4
138 365 4
226 292 4
36 297 4
115 315 4
43 213 4
8 207 4
76 133 4
65 355 4
143 341 4
34 153 4
129 313 4
115 130 4
109 308 4
58 221 4
56 239 4
35 317 4
100 228 4
40 346 4
122 193 4
203 355 4
32 70 4
71 170 4
21 262 4
113 214 4
116 217 4
121 210 4
316 355 4
30 154 4
170 171 4
296 355 4
35 344 4
149 239 4
37 273 4
160 231 4
285 356 4
164 299 4
35 177 4
35 96 4
3 283 4
226 353 4
163 235 4
57 270 4
41 355 4
122 168 4
78 239 4
30 297 4
72 127 4
21 32 4
103 182 4
295 328 4
294 342 4
51 292 4
117 168 4
47 142 4
193 353 4
26 243 4
158 337 4
42 355 4
142 355 4
28 155 4
103 170 4
55 162 4
35 123 4
58 339 4
5 59 4
59 339 4
216 286 4
122 337 4
140 162 4
109 276 4
40 327 4
47 241 4
239 318 4
33 276 4
150 289 4
40 164 4
248 267 4
89 181 4
151 328 4
44 206 4
197 359 4
40 190 4
36 285 4
40 169 4
47 266 4
276 358 4
56 161 4
58 182 4
139 355 4
100 226 4
35 115 4
161 248 4
317 339 4
122 240 4
168 280 4
5 109 4
99 205 4
15 97 4
135 217 4
144 310 4
96 101 4
134 202 4
145 146 4
207 316 4
17 151 4
73 151 4
160 312 4
290 317 4
253 314 4
153 314 4
40 348 4
12 195 4
147 355 4
146 191 4
21 337 4
4 233 4
3 292 4
62 79 4
209 355 4
312 355 4
246 331 4
176 230 4
37 261 4
43 202 4
35 110 4
209 296 4
54 235 4
44 257 4
157 351 4
58 338 4
73 273 4
78 79 4
35 211 4
88 166 4
68 144 4
35 300 4
98 113 4
35 340 4
106 147 4
221 244 4
3 49 4
5 73 4
217 232 4
17 168 4
112 207 4
170 308 4
22 209 4
322 361 4
35 276 4
21 72 4
109 181 4
173 212 4
46 47 4
21 211 4
35 106 4
350 356 4
