87 237 1
237 245 1
59 245 1
12 237 1
245 250 1
209 250 1
159 250 1
87 189 1
214 245 1
77 233 1
191 250 1
92 216 1
191 246 1
107 237 1
250 259 1
42 237 1
45 189 1
93 246 1
59 274 1
32 237 1
91 237 1
85 87 1
91 266 1
139 237 1
147 237 1
59 203 1
158 245 1
237 271 1
67 189 1
87 95 1
87 162 1
57 237 1
237 239 1
90 107 1
218 250 1
237 264 1
232 250 1
245 259 1
23 237 1
210 245 1
32 275 1
16 158 1
92 180 1
237 242 1
198 245 1
245 256 1
46 259 1
225 268 1
87 159 1
194 239 1
36 245 1
133 189 1
89 245 1
85 126 1
46 245 1
11 245 1
142 245 1
107 118 1
237 267 1
201 250 1
11 246 1
59 254 1
233 245 1
174 203 1
7 245 1
17 189 1
76 91 1
17 263 1
59 227 1
45 229 1
107 168 1
79 87 1
158 185 1
78 246 1
75 87 1
196 237 1
7 272 1
42 51 1
11 78 1
189 233 1
59 111 1
84 218 1
146 259 1
81 246 1
158 268 1
87 234 1
241 245 1
26 46 1
59 176 1
245 261 1
245 254 1
133 203 1
250 273 1
133 211 1
87 134 1
138 168 1
147 158 1
100 245 1
87 192 1
107 217 1
80 87 1
113 250 1
24 59 1
134 252 1
18 250 1
87 146 1
85 189 1
2 259 1
106 245 1
12 222 1
72 168 1
157 158 1
87 247 1
247 250 1
133 144 1
8 246 1
201 245 1
42 104 1
207 245 1
45 165 1
59 265 1
158 237 1
11 38 1
109 246 1
87 248 1
79 250 1
125 246 1
190 237 1
9 107 1
217 264 1
7 217 1
211 257 1
45 241 1
38 250 1
46 64 1
8 45 1
85 124 1
186 259 1
131 250 1
85 247 1
127 259 1
205 237 1
79 214 1
57 131 1
239 252 1
230 246 1
233 272 1
147 245 1
80 245 1
56 100 1
175 246 1
56 106 1
107 209 1
89 250 1
29 237 1
38 120 1
91 125 1
87 104 1
40 207 1
12 158 1
159 237 1
11 123 1
237 273 1
87 139 1
84 237 1
233 247 1
239 250 1
79 219 1
168 251 1
221 245 1
203 251 1
42 183 1
87 202 1
7 58 1
87 157 1
2 244 1
2 107 1
127 133 1
109 232 1
68 80 1
249 261 1
93 264 1
245 246 1
16 208 1
87 101 1
147 207 1
191 237 1
184 237 1
237 244 1
85 190 1
4 68 1
22 275 1
191 245 1
17 109 1
29 158 1
158 190 1
46 140 1
189 214 1
20 250 1
6 237 1
158 180 1
77 250 1
2 245 1
190 198 1
237 255 1
71 180 1
45 105 1
27 87 1
45 200 1
246 273 1
110 259 1
146 250 1
35 250 1
87 253 1
42 81 1
15 245 1
59 101 1
14 45 1
202 245 1
21 247 1
147 231 1
158 170 1
207 258 1
87 133 1
98 254 1
87 145 1
87 194 1
107 124 1
146 234 1
107 263 1
164 252 1
59 119 1
193 246 1
153 252 1
76 245 1
159 267 1
122 246 1
133 183 1
158 264 1
45 84 1
237 243 1
70 237 1
2 56 1
149 246 1
111 245 1
78 168 1
7 27 1
52 180 1
85 145 1
86 162 1
56 265 1
106 178 1
237 274 1
171 261 1
8 266 1
78 128 1
132 245 1
173 237 1
51 254 1
35 273 1
43 87 1
187 261 1
118 180 1
138 237 1
125 250 1
75 192 1
226 246 1
113 237 1
52 190 1
124 237 1
194 261 1
36 163 1
42 133 1
11 234 1
51 87 1
62 237 1
221 237 1
178 191 1
11 107 1
117 194 1
219 250 1
125 152 1
9 245 1
87 177 1
24 153 1
12 87 1
11 150 1
220 237 1
119 133 1
179 237 1
109 138 1
214 234 1
246 256 1
131 274 1
64 79 1
4 246 1
12 107 1
25 237 1
52 91 1
175 275 1
107 269 1
23 164 1
45 76 1
245 255 1
24 203 1
41 245 1
160 250 1
8 233 1
175 209 1
101 237 1
128 246 1
63 250 1
54 87 1
158 211 1
42 245 1
11 117 1
196 250 1
10 87 1
64 87 1
64 158 1
147 255 1
115 252 1
61 87 1
39 145 1
92 237 1
205 245 1
59 237 1
184 209 1
170 250 1
25 87 1
4 94 1
168 237 1
189 220 1
109 233 1
119 130 1
35 42 1
223 246 1
125 273 1
8 42 1
135 237 1
158 165 1
78 113 1
164 237 1
8 237 1
52 145 1
171 237 1
70 250 1
26 107 1
172 250 1
90 217 1
107 264 1
42 46 1
55 232 1
77 199 1
59 145 1
136 250 1
54 237 1
11 173 1
166 189 1
197 245 1
16 237 1
99 250 1
200 245 1
135 264 1
72 245 1
188 231 1
109 210 1
118 173 1
25 163 1
148 245 1
125 158 1
14 245 1
95 261 1
189 270 1
107 173 1
82 237 1
38 191 1
16 164 1
87 214 1
8 229 1
189 258 1
71 119 1
87 232 1
24 87 1
112 245 1
87 131 1
20 174 1
25 151 1
9 77 1
70 235 1
77 247 1
191 263 1
60 264 1
51 189 1
164 199 1
223 256 1
241 250 1
66 245 1
223 245 1
37 209 1
59 244 1
232 240 1
188 245 1
176 253 1
136 237 1
87 121 1
58 119 1
63 77 1
45 177 1
204 214 1
167 237 1
87 216 1
121 246 1
238 245 1
37 245 1
54 164 1
209 237 1
237 258 1
70 233 1
6 164 1
56 77 1
237 248 1
166 245 1
27 79 1
87 185 1
87 132 1
15 162 1
168 245 1
80 237 1
48 89 1
91 158 1
225 265 1
122 211 1
166 234 1
71 250 1
162 196 1
163 233 1
41 237 1
133 139 1
86 255 1
103 247 1
87 158 1
87 88 1
105 256 1
22 46 1
103 189 1
170 245 1
46 250 1
163 237 1
198 237 1
159 245 1
136 165 1
87 265 1
87 138 1
245 272 1
5 107 1
57 73 1
159 224 1
46 269 1
59 150 1
120 199 1
89 239 1
46 123 1
107 140 1
124 241 1
222 237 1
122 189 1
96 254 1
245 251 1
105 254 1
28 171 1
182 184 1
161 200 1
135 251 1
211 262 1
117 250 1
95 267 1
157 193 1
194 245 1
41 113 1
209 229 1
42 64 1
15 87 1
158 187 1
244 250 1
6 203 1
97 250 1
211 221 1
98 241 1
210 270 1
149 232 1
15 90 1
54 150 1
120 225 1
64 245 1
145 237 1
73 237 1
32 245 1
127 246 1
79 245 1
164 231 1
10 245 1
87 119 1
163 245 1
1 77 1
108 192 1
48 264 1
143 247 1
74 217 1
91 245 1
131 268 1
92 245 1
158 242 1
109 127 1
246 253 1
7 34 1
11 96 1
17 28 1
91 124 1
62 207 1
44 45 1
31 189 1
87 183 1
164 238 1
207 275 1
156 259 1
45 237 1
101 133 1
59 241 1
5 214 1
73 145 1
118 163 1
52 182 1
148 238 1
38 144 1
58 158 1
88 250 1
86 245 1
41 46 1
33 246 1
98 246 1
80 275 1
169 237 1
152 159 1
87 91 1
15 237 1
198 221 1
144 237 1
17 74 1
42 129 1
105 155 1
245 265 1
134 197 1
162 163 1
207 244 1
84 85 1
143 237 1
87 164 1
189 237 1
134 189 1
46 206 1
150 171 1
2 261 1
108 163 1
127 255 1
183 237 1
155 237 1
48 245 1
31 246 1
9 60 1
22 250 1
104 252 1
133 241 1
61 216 1
164 268 1
82 189 1
203 211 1
33 237 1
70 72 1
29 250 1
12 201 1
107 136 1
221 261 1
1 171 1
87 200 1
17 24 1
87 191 1
140 237 1
104 245 1
85 111 1
164 248 1
131 224 1
50 158 1
67 249 1
156 245 1
91 126 1
13 164 1
8 14 1
73 94 1
8 189 1
176 237 1
168 229 1
87 212 1
69 189 1
150 255 1
121 149 1
66 119 1
34 221 1
84 241 1
215 245 1
5 245 1
107 165 1
218 237 1
119 135 1
237 261 1
38 110 1
100 213 1
90 164 1
75 126 1
138 250 1
136 260 1
19 194 1
7 189 1
25 71 1
158 163 1
84 245 1
205 262 1
104 266 1
16 189 1
91 160 1
50 245 1
218 255 1
119 123 1
124 158 1
42 209 1
104 253 1
196 273 1
146 201 1
90 237 1
234 245 1
157 233 1
163 186 1
96 218 1
197 223 1
107 227 1
45 47 1
98 250 1
91 209 1
187 237 1
212 267 1
200 237 1
81 258 1
43 94 1
158 263 1
78 210 1
6 250 1
36 77 1
82 130 1
129 162 1
1 87 1
168 205 1
80 189 1
160 237 1
116 261 1
209 253 1
75 261 1
10 237 1
189 243 1
134 264 1
245 271 1
166 237 1
2 216 1
17 246 1
103 133 1
46 263 1
16 217 1
122 267 1
133 177 1
250 257 1
141 237 1
95 158 1
119 202 1
24 79 1
32 193 1
16 87 1
83 237 1
6 273 1
207 250 1
86 124 1
42 95 1
196 267 1
34 211 1
109 267 1
56 163 1
101 158 1
24 189 1
150 254 1
117 202 1
26 113 1
65 107 1
237 259 1
32 107 1
58 188 1
80 130 1
133 163 1
12 61 1
39 87 1
170 183 1
245 275 1
7 123 1
98 258 1
69 264 1
87 97 1
204 250 1
203 250 1
246 252 1
77 245 1
19 79 1
61 107 1
204 239 1
40 250 1
65 87 1
50 123 1
127 199 1
107 157 1
89 107 1
35 237 1
93 237 1
20 237 1
180 237 1
103 273 1
29 268 1
87 190 1
163 170 1
45 60 1
200 250 1
182 207 1
24 237 1
87 188 1
186 237 1
13 59 1
84 151 1
70 254 1
199 204 1
129 249 1
158 250 1
250 275 1
60 215 1
38 118 1
57 87 1
87 178 1
68 154 1
114 255 1
203 233 1
151 237 1
92 164 1
