1 245 3
2 18 3
2 259 3
3 130 3
4 94 3
4 246 3
5 94 3
5 245 3
6 121 3
6 164 3
6 237 3
6 276 3
7 189 3
8 42 3
10 170 3
10 254 3
11 38 3
11 117 3
11 123 3
11 245 3
12 61 3
12 201 3
12 237 3
13 59 3
13 165 3
14 203 3
15 87 3
15 267 3
16 208 3
16 217 3
16 252 3
17 18 3
17 64 3
17 70 3
17 73 3
17 101 3
17 125 3
17 189 3
17 219 3
19 250 3
19 255 3
20 233 3
21 215 3
22 46 3
22 102 3
22 245 3
22 254 3
23 164 3
24 59 3
25 179 3
26 193 3
26 203 3
27 180 3
29 300 3
31 78 3
31 171 3
31 207 3
32 46 3
32 239 3
32 275 3
32 292 3
33 246 3
34 221 3
35 42 3
36 64 3
36 163 3
36 218 3
36 245 3
37 119 3
37 245 3
37 250 3
38 118 3
38 120 3
38 237 3
39 87 3
39 145 3
40 237 3
40 250 3
41 46 3
41 176 3
41 292 3
42 81 3
42 85 3
42 104 3
42 183 3
42 237 3
43 46 3
43 94 3
44 45 3
45 48 3
45 59 3
45 60 3
45 76 3
45 130 3
45 139 3
45 163 3
45 165 3
45 189 3
45 200 3
45 237 3
45 241 3
45 269 3
46 250 3
47 84 3
47 133 3
47 156 3
49 144 3
50 150 3
51 140 3
51 157 3
51 189 3
51 254 3
54 164 3
54 247 3
54 271 3
55 138 3
56 120 3
56 265 3
57 60 3
58 158 3
58 188 3
58 257 3
59 91 3
59 111 3
59 143 3
59 150 3
59 203 3
59 244 3
59 246 3
60 215 3
60 245 3
61 237 3
61 274 3
63 77 3
63 145 3
64 79 3
64 158 3
67 80 3
67 133 3
67 238 3
68 244 3
69 87 3
70 87 3
70 233 3
70 237 3
71 205 3
71 250 3
72 109 3
73 145 3
73 221 3
74 129 3
74 217 3
74 255 3
75 113 3
75 133 3
75 145 3
75 246 3
76 87 3
76 245 3
78 107 3
78 113 3
78 256 3
79 272 3
80 90 3
80 189 3
81 104 3
81 225 3
81 236 3
81 245 3
82 130 3
82 186 3
82 255 3
83 237 3
84 124 3
84 208 3
84 218 3
85 99 3
85 124 3
85 189 3
85 237 3
85 288 3
86 89 3
86 237 3
87 91 3
87 93 3
87 104 3
87 119 3
87 133 3
87 142 3
87 146 3
87 159 3
87 163 3
87 164 3
87 167 3
87 178 3
87 183 3
87 185 3
87 190 3
87 194 3
87 197 3
87 224 3
87 234 3
87 248 3
87 252 3
87 259 3
87 261 3
87 275 3
87 282 3
87 283 3
88 246 3
88 247 3
88 255 3
89 245 3
90 107 3
90 164 3
90 237 3
91 179 3
91 209 3
91 237 3
91 256 3
91 263 3
92 164 3
92 180 3
92 237 3
94 237 3
95 131 3
97 237 3
97 250 3
98 165 3
98 247 3
98 250 3
98 258 3
100 207 3
100 237 3
101 133 3
101 146 3
102 265 3
103 247 3
104 116 3
104 252 3
104 253 3
104 291 3
104 300 3
105 191 3
106 210 3
107 118 3
107 136 3
107 210 3
107 217 3
107 263 3
107 266 3
107 291 3
108 133 3
108 192 3
108 245 3
108 261 3
109 111 3
109 138 3
109 195 3
109 219 3
109 232 3
109 246 3
110 259 3
113 193 3
113 237 3
113 241 3
114 134 3
114 237 3
116 261 3
116 275 3
117 250 3
118 173 3
119 302 3
120 158 3
120 245 3
121 246 3
125 246 3
127 150 3
127 250 3
128 191 3
128 230 3
128 236 3
128 246 3
130 174 3
130 216 3
131 158 3
131 268 3
131 274 3
132 245 3
133 144 3
133 163 3
133 177 3
133 183 3
133 203 3
134 197 3
134 264 3
135 163 3
135 251 3
135 264 3
136 237 3
136 260 3
137 237 3
138 250 3
139 237 3
140 168 3
141 218 3
141 237 3
142 245 3
142 258 3
143 247 3
145 261 3
146 185 3
146 201 3
146 237 3
146 250 3
147 255 3
148 245 3
150 171 3
150 192 3
150 254 3
150 271 3
151 197 3
152 159 3
152 164 3
154 163 3
155 232 3
156 245 3
156 249 3
156 254 3
157 171 3
157 193 3
158 187 3
158 190 3
158 198 3
158 208 3
158 211 3
158 219 3
158 249 3
158 263 3
158 264 3
158 280 3
159 237 3
159 270 3
159 291 3
163 170 3
163 237 3
163 251 3
164 245 3
166 189 3
166 237 3
166 245 3
168 229 3
168 245 3
168 294 3
170 245 3
170 292 3
171 236 3
171 237 3
171 263 3
171 280 3
172 250 3
175 221 3
177 180 3
179 237 3
179 258 3
180 245 3
181 189 3
182 199 3
182 232 3
182 291 3
183 246 3
184 209 3
184 237 3
186 237 3
186 259 3
186 292 3
187 245 3
187 261 3
189 193 3
189 201 3
189 207 3
189 231 3
189 233 3
189 243 3
190 245 3
190 246 3
191 263 3
192 220 3
193 206 3
193 237 3
193 246 3
193 276 3
194 237 3
195 245 3
196 225 3
196 245 3
196 273 3
197 207 3
198 237 3
199 283 3
202 238 3
203 211 3
204 237 3
204 250 3
204 269 3
205 237 3
205 262 3
206 219 3
207 250 3
209 245 3
209 253 3
210 270 3
211 221 3
211 233 3
216 245 3
222 237 3
223 245 3
223 246 3
224 265 3
225 245 3
226 232 3
226 246 3
228 237 3
228 245 3
232 247 3
233 245 3
233 258 3
233 279 3
234 238 3
236 237 3
237 242 3
237 248 3
237 255 3
237 264 3
237 267 3
237 270 3
237 274 3
237 276 3
237 281 3
237 284 3
237 285 3
237 288 3
237 295 3
239 250 3
239 259 3
240 245 3
241 245 3
241 290 3
242 245 3
243 252 3
243 264 3
245 248 3
245 275 3
246 273 3
246 298 3
248 254 3
249 261 3
250 259 3
250 269 3
250 275 3
250 281 3
258 287 3
261 300 3
264 267 3
266 292 3
87 151 3
114 163 3
192 261 3
151 237 3
173 208 3
174 197 3
75 233 3
118 293 3
143 237 3
232 330 3
83 299 3
237 323 3
120 204 3
106 211 3
88 179 3
18 158 3
59 90 3
2 275 3
104 237 3
35 246 3
206 331 3
51 227 3
69 120 3
42 73 3
229 237 3
84 292 3
88 146 3
87 301 3
71 320 3
217 245 3
245 312 3
59 300 3
3 201 3
6 25 3
172 237 3
198 312 3
38 301 3
220 237 3
89 233 3
114 147 3
218 255 3
19 292 3
207 249 3
164 224 3
20 263 3
56 245 3
120 324 3
22 131 3
57 193 3
88 237 3
17 134 3
4 80 3
174 233 3
107 226 3
57 264 3
15 118 3
9 237 3
93 250 3
208 282 3
71 167 3
15 301 3
252 314 3
113 250 3
133 195 3
172 179 3
124 203 3
207 224 3
120 152 3
4 289 3
59 171 3
171 276 3
53 104 3
17 103 3
158 262 3
161 245 3
135 244 3
107 270 3
106 278 3
36 246 3
145 321 3
95 189 3
245 253 3
40 167 3
45 121 3
64 173 3
80 208 3
212 233 3
51 237 3
75 154 3
109 180 3
249 284 3
64 87 3
255 299 3
113 221 3
141 279 3
87 231 3
24 276 3
116 246 3
112 264 3
44 158 3
6 71 3
6 278 3
163 296 3
219 300 3
86 125 3
170 208 3
87 195 3
250 283 3
17 307 3
53 249 3
211 237 3
87 179 3
194 245 3
243 270 3
27 171 3
44 243 3
131 332 3
220 250 3
234 250 3
210 281 3
41 158 3
7 262 3
237 298 3
107 227 3
109 172 3
71 206 3
8 193 3
122 245 3
140 167 3
72 237 3
233 277 3
211 246 3
245 283 3
28 237 3
206 237 3
151 326 3
138 301 3
237 269 3
103 304 3
206 328 3
145 283 3
193 259 3
183 245 3
58 237 3
166 199 3
87 211 3
38 204 3
22 150 3
44 278 3
40 327 3
22 323 3
49 237 3
231 291 3
87 235 3
41 217 3
114 124 3
10 245 3
59 77 3
230 241 3
171 176 3
121 136 3
21 189 3
49 258 3
67 191 3
87 286 3
64 266 3
6 311 3
87 277 3
149 237 3
13 64 3
245 329 3
40 158 3
73 229 3
110 203 3
124 133 3
245 322 3
175 207 3
237 300 3
87 328 3
17 140 3
4 245 3
169 237 3
97 164 3
76 195 3
17 151 3
38 257 3
136 306 3
10 237 3
29 237 3
189 323 3
75 178 3
12 220 3
28 59 3
272 292 3
3 250 3
245 318 3
34 53 3
127 158 3
236 287 3
62 81 3
250 323 3
77 237 3
71 233 3
164 205 3
245 310 3
17 31 3
189 332 3
211 321 3
81 205 3
98 264 3
30 45 3
210 301 3
3 124 3
12 74 3
131 134 3
91 259 3
193 298 3
113 307 3
105 207 3
237 293 3
158 189 3
59 66 3
61 142 3
224 250 3
231 245 3
121 202 3
45 129 3
52 163 3
15 273 3
64 321 3
132 252 3
9 245 3
39 313 3
24 107 3
38 245 3
107 262 3
292 309 3
244 301 3
107 322 3
2 170 3
170 306 3
6 217 3
136 285 3
245 246 3
8 87 3
181 245 3
12 173 3
163 272 3
258 302 3
103 203 3
46 207 3
246 312 3
89 90 3
73 181 3
228 258 3
73 245 3
98 323 3
95 237 3
155 241 3
74 133 3
120 314 3
80 178 3
157 250 3
112 196 3
124 245 3
11 190 3
89 267 3
81 237 3
189 220 3
89 164 3
237 328 3
82 169 3
11 189 3
21 158 3
75 318 3
87 176 3
16 237 3
56 109 3
171 211 3
164 227 3
245 291 3
163 259 3
231 320 3
87 156 3
87 274 3
195 215 3
95 291 3
15 85 3
74 331 3
76 220 3
34 42 3
175 246 3
54 66 3
81 158 3
134 237 3
250 318 3
185 246 3
233 237 3
233 316 3
78 245 3
89 283 3
46 108 3
82 237 3
102 249 3
224 307 3
106 189 3
120 330 3
257 302 3
133 284 3
75 280 3
140 252 3
84 237 3
80 245 3
23 302 3
17 243 3
69 295 3
136 167 3
148 158 3
237 296 3
41 59 3
116 133 3
158 282 3
246 272 3
221 237 3
59 73 3
144 246 3
70 161 3
8 207 3
245 281 3
216 237 3
30 67 3
17 129 3
31 237 3
107 240 3
92 210 3
158 273 3
33 237 3
244 332 3
177 245 3
37 297 3
136 234 3
61 301 3
45 227 3
61 71 3
187 291 3
152 237 3
17 51 3
211 296 3
49 74 3
22 163 3
87 207 3
45 146 3
159 243 3
109 298 3
274 281 3
17 188 3
237 249 3
9 252 3
66 113 3
6 112 3
89 147 3
24 74 3
17 106 3
77 219 3
11 257 3
58 274 3
183 228 3
201 219 3
237 302 3
44 237 3
176 250 3
98 200 3
245 295 3
219 224 3
57 245 3
212 256 3
133 237 3
85 174 3
195 247 3
87 325 3
116 193 3
259 303 3
140 245 3
65 74 3
9 207 3
246 277 3
237 280 3
59 123 3
87 139 3
142 158 3
130 224 3
245 316 3
48 95 3
101 245 3
238 311 3
175 250 3
183 249 3
247 293 3
194 250 3
26 250 3
152 303 3
10 183 3
87 285 3
106 314 3
38 102 3
237 314 3
233 317 3
237 268 3
173 210 3
95 163 3
105 138 3
147 182 3
46 251 3
69 107 3
245 311 3
219 245 3
45 50 3
197 278 3
11 105 3
150 207 3
233 275 3
19 237 3
39 237 3
6 294 3
148 237 3
148 250 3
21 75 3
160 245 3
47 186 3
54 158 3
71 208 3
158 292 3
172 246 3
45 266 3
237 262 3
69 250 3
136 264 3
133 175 3
6 301 3
4 237 3
131 190 3
89 247 3
30 243 3
301 325 3
32 38 3
5 189 3
45 192 3
59 102 3
41 250 3
67 237 3
35 243 3
22 208 3
30 146 3
193 294 3
219 225 3
5 241 3
82 269 3
107 123 3
54 111 3
16 163 3
16 207 3
109 148 3
119 245 3
59 129 3
163 242 3
112 257 3
36 197 3
22 273 3
129 163 3
25 264 3
8 221 3
39 122 3
59 61 3
50 250 3
17 132 3
59 185 3
78 225 3
120 242 3
51 109 3
207 315 3
228 244 3
237 332 3
237 286 3
273 278 3
1 237 3
158 161 3
6 321 3
140 237 3
250 329 3
29 245 3
22 91 3
189 223 3
165 323 3
129 219 3
50 82 3
175 255 3
151 268 3
8 237 3
91 301 3
154 170 3
78 203 3
79 237 3
14 38 3
41 237 3
89 110 3
27 323 3
109 250 3
31 249 3
217 237 3
215 326 3
245 305 3
19 25 3
137 158 3
64 181 3
119 191 3
81 298 3
86 133 3
214 237 3
198 284 3
59 262 3
47 237 3
53 103 3
18 71 3
122 323 3
87 302 3
134 272 3
22 135 3
38 250 3
207 277 3
237 291 3
186 250 3
41 273 3
189 299 3
122 237 3
77 245 3
14 109 3
210 297 3
156 189 3
29 291 3
270 311 3
127 288 3
189 198 3
245 255 3
42 251 3
28 118 3
169 250 3
257 313 3
131 165 3
7 67 3
17 183 3
57 84 3
93 233 3
45 301 3
125 233 3
156 237 3
186 194 3
178 292 3
245 309 3
154 200 3
131 283 3
21 131 3
245 260 3
139 236 3
67 75 3
197 245 3
185 245 3
20 73 3
39 243 3
237 311 3
168 283 3
215 237 3
47 197 3
59 197 3
164 271 3
236 271 3
121 165 3
147 245 3
116 294 3
78 230 3
41 119 3
189 284 3
158 195 3
177 242 3
106 133 3
107 246 3
87 186 3
39 280 3
157 196 3
102 197 3
192 237 3
87 218 3
70 75 3
201 242 3
237 265 3
124 229 3
208 272 3
233 265 3
246 314 3
17 266 3
59 217 3
17 118 3
31 245 3
195 310 3
127 245 3
128 208 3
148 228 3
107 304 3
119 133 3
174 307 3
158 237 3
250 316 3
157 189 3
160 197 3
183 254 3
133 211 3
273 326 3
112 150 3
16 66 3
171 184 3
64 245 3
39 81 3
58 227 3
40 232 3
46 120 3
84 324 3
147 246 3
189 320 3
39 189 3
134 297 3
80 323 3
87 200 3
44 104 3
17 87 3
234 254 3
64 182 3
158 167 3
189 252 3
